-2.92 0.484739
-2.91416 0.484739
-2.90832 0.484739
-2.90248 0.484739
-2.89664 0.484739
-2.8908 0.484739
-2.88496 0.484739
-2.87912 0.484739
-2.87328 0.484739
-2.86744 0.484739
-2.8616 0.484739
-2.85576 0.484739
-2.84992 0.484739
-2.84408 0.484739
-2.83824 0.484739
-2.8324 0.484739
-2.82656 0.484739
-2.82072 0.484739
-2.81488 0.484739
-2.80904 0.484739
-2.8032 0.484739
-2.79736 0.484739
-2.79152 0.484739
-2.78568 0.484739
-2.77984 0.484739
-2.774 0.484739
-2.76816 0.484739
-2.76232 0.484739
-2.75648 0.484739
-2.75064 0.484739
-2.7448 0.484739
-2.73896 0.484739
-2.73312 0.484739
-2.72728 0.484739
-2.72144 0.484739
-2.7156 0.484739
-2.70976 0.484739
-2.70392 0.484739
-2.69808 0.484739
-2.69224 0.484739
-2.6864 0.484739
-2.68056 0.484739
-2.67472 0.484739
-2.66888 0.484739
-2.66304 0.484739
-2.6572 0.484739
-2.65136 0.484739
-2.64552 0.484739
-2.63968 0.484739
-2.63384 0.484739
-2.628 0.484739
-2.62216 0.484739
-2.61632 0.484739
-2.61048 0.484739
-2.60464 0.484739
-2.5988 0.484739
-2.59296 0.48412
-2.58712 0.483364
-2.58128 0.48252
-2.57544 0.481542
-2.5696 0.48043
-2.56376 0.479272
-2.55792 0.477937
-2.55208 0.47656
-2.54624 0.475138
-2.5404 0.473493
-2.53456 0.471849
-2.52872 0.470161
-2.52288 0.46852
-2.51704 0.466661
-2.5112 0.464759
-2.50536 0.462729
-2.49952 0.461151
-2.49368 0.460316
-2.48784 0.458855
-2.482 0.45761
-2.47616 0.45734
-2.47032 0.455455
-2.46448 0.454684
-2.45864 0.453337
-2.4528 0.451778
-2.44696 0.450596
-2.44112 0.449661
-2.43528 0.449174
-2.42944 0.447532
-2.4236 0.447498
-2.41776 0.446434
-2.41192 0.445362
-2.40608 0.444127
-2.40024 0.442723
-2.3944 0.443126
-2.38856 0.442433
-2.38272 0.439991
-2.37688 0.439582
-2.37104 0.435981
-2.3652 0.436967
-2.35936 0.43724
-2.35352 0.435408
-2.34768 0.435038
-2.34184 0.432753
-2.336 0.433782
-2.33016 0.434714
-2.32432 0.429832
-2.31848 0.429006
-2.31264 0.429865
-2.3068 0.426606
-2.30096 0.427386
-2.29512 0.426758
-2.28928 0.424181
-2.28344 0.424992
-2.2776 0.421168
-2.27176 0.41975
-2.26592 0.421604
-2.26008 0.418235
-2.25424 0.415192
-2.2484 0.418447
-2.24256 0.415225
-2.23672 0.413228
-2.23088 0.411506
-2.22504 0.411428
-2.2192 0.406467
-2.21336 0.403172
-2.20752 0.405625
-2.20168 0.401172
-2.19584 0.398155
-2.19 0.397871
-2.18416 0.396303
-2.17832 0.395017
-2.17248 0.39192
-2.16664 0.389725
-2.1608 0.386296
-2.15496 0.38877
-2.14912 0.386672
-2.14328 0.380794
-2.13744 0.37951
-2.1316 0.377374
-2.12576 0.373896
-2.11992 0.373073
-2.11408 0.371104
-2.10824 0.367505
-2.1024 0.365278
-2.09656 0.362407
-2.09072 0.356076
-2.08488 0.355606
-2.07904 0.34825
-2.0732 0.347658
-2.06736 0.340861
-2.06152 0.337866
-2.05568 0.335899
-2.04984 0.328288
-2.044 0.324707
-2.03816 0.320198
-2.03232 0.317076
-2.02648 0.311076
-2.02064 0.305745
-2.0148 0.304058
-2.00896 0.298382
-2.00312 0.296698
-1.99728 0.294533
-1.99144 0.291759
-1.9856 0.287597
-1.97976 0.28734
-1.97392 0.284719
-1.96808 0.284118
-1.96224 0.280194
-1.9564 0.273877
-1.95056 0.276228
-1.94472 0.270742
-1.93888 0.273952
-1.93304 0.272698
-1.9272 0.267487
-1.92136 0.265232
-1.91552 0.261904
-1.90968 0.261141
-1.90384 0.259484
-1.898 0.259983
-1.89216 0.261467
-1.88632 0.259079
-1.88048 0.25558
-1.87464 0.257325
-1.8688 0.253067
-1.86296 0.254459
-1.85712 0.254847
-1.85128 0.250483
-1.84544 0.248276
-1.8396 0.248456
-1.83376 0.246407
-1.82792 0.246118
-1.82208 0.246624
-1.81624 0.24116
-1.8104 0.246227
-1.80456 0.242122
-1.79872 0.241492
-1.79288 0.242959
-1.78704 0.241074
-1.7812 0.237614
-1.77536 0.240059
-1.76952 0.243971
-1.76368 0.240961
-1.75784 0.237078
-1.752 0.237114
-1.74616 0.237034
-1.74032 0.234457
-1.73448 0.234456
-1.72864 0.236158
-1.7228 0.236637
-1.71696 0.233922
-1.71112 0.234706
-1.70528 0.236667
-1.69944 0.236847
-1.6936 0.234051
-1.68776 0.23528
-1.68192 0.236186
-1.67608 0.232614
-1.67024 0.23466
-1.6644 0.232606
-1.65856 0.233302
-1.65272 0.234827
-1.64688 0.231956
-1.64104 0.230544
-1.6352 0.23268
-1.62936 0.23133
-1.62352 0.231626
-1.61768 0.230305
-1.61184 0.231633
-1.606 0.237938
-1.60016 0.235701
-1.59432 0.238464
-1.58848 0.244116
-1.58264 0.243275
-1.5768 0.243791
-1.57096 0.243321
-1.56512 0.249899
-1.55928 0.249647
-1.55344 0.254592
-1.5476 0.257372
-1.54176 0.263921
-1.53592 0.262626
-1.53008 0.262086
-1.52424 0.265446
-1.5184 0.268323
-1.51256 0.276649
-1.50672 0.273246
-1.50088 0.277061
-1.49504 0.280953
-1.4892 0.2828
-1.48336 0.283759
-1.47752 0.283452
-1.47168 0.288341
-1.46584 0.289186
-1.46 0.290504
-1.45416 0.298316
-1.44832 0.300105
-1.44248 0.304549
-1.43664 0.306278
-1.4308 0.308682
-1.42496 0.308503
-1.41912 0.309917
-1.41328 0.316501
-1.40744 0.316137
-1.4016 0.323655
-1.39576 0.323109
-1.38992 0.326134
-1.38408 0.33639
-1.37824 0.330663
-1.3724 0.336457
-1.36656 0.332417
-1.36072 0.333238
-1.35488 0.338704
-1.34904 0.340338
-1.3432 0.340033
-1.33736 0.348249
-1.33152 0.356135
-1.32568 0.357175
-1.31984 0.355352
-1.314 0.361473
-1.30816 0.3602
-1.30232 0.364909
-1.29648 0.36651
-1.29064 0.37074
-1.2848 0.37435
-1.27896 0.375196
-1.27312 0.373591
-1.26728 0.38156
-1.26144 0.383088
-1.2556 0.381753
-1.24976 0.384518
-1.24392 0.386972
-1.23808 0.387463
-1.23224 0.392854
-1.2264 0.394168
-1.22056 0.397335
-1.21472 0.401462
-1.20888 0.400596
-1.20304 0.405093
-1.1972 0.407769
-1.19136 0.407593
-1.18552 0.407452
-1.17968 0.411378
-1.17384 0.412912
-1.168 0.421978
-1.16216 0.42075
-1.15632 0.421844
-1.15048 0.42601
-1.14464 0.424715
-1.1388 0.425545
-1.13296 0.425437
-1.12712 0.430391
-1.12128 0.430792
-1.11544 0.432944
-1.1096 0.437524
-1.10376 0.439442
-1.09792 0.439771
-1.09208 0.438475
-1.08624 0.439799
-1.0804 0.44371
-1.07456 0.447587
-1.06872 0.445046
-1.06288 0.445086
-1.05704 0.450354
-1.0512 0.449595
-1.04536 0.44583
-1.03952 0.445174
-1.03368 0.445098
-1.02784 0.444686
-1.022 0.44149
-1.01616 0.445591
-1.01032 0.444622
-1.00448 0.444874
-0.99864 0.441227
-0.9928 0.442046
-0.98696 0.436378
-0.98112 0.436038
-0.97528 0.440287
-0.96944 0.437694
-0.9636 0.437055
-0.95776 0.435222
-0.95192 0.437247
-0.94608 0.439377
-0.94024 0.432452
-0.9344 0.434954
-0.92856 0.430954
-0.92272 0.429536
-0.91688 0.428869
-0.91104 0.427999
-0.9052 0.425777
-0.89936 0.429738
-0.89352 0.430898
-0.88768 0.427741
-0.88184 0.428567
-0.876 0.430088
-0.87016 0.426048
-0.86432 0.429084
-0.85848 0.42745
-0.85264 0.426852
-0.8468 0.426435
-0.84096 0.425647
-0.83512 0.425039
-0.82928 0.423219
-0.82344 0.422117
-0.8176 0.420609
-0.81176 0.422073
-0.80592 0.420304
-0.80008 0.42015
-0.79424 0.419934
-0.7884 0.419101
-0.78256 0.421188
-0.77672 0.420826
-0.77088 0.420682
-0.76504 0.420955
-0.7592 0.421515
-0.75336 0.420557
-0.74752 0.420297
-0.74168 0.420305
-0.73584 0.421633
-0.73 0.421964
-0.72416 0.424333
-0.71832 0.423682
-0.71248 0.424875
-0.70664 0.425354
-0.7008 0.425362
-0.69496 0.426369
-0.68912 0.427534
-0.68328 0.428674
-0.67744 0.432943
-0.6716 0.434451
-0.66576 0.435372
-0.65992 0.436919
-0.65408 0.436458
-0.64824 0.438198
-0.6424 0.441063
-0.63656 0.44184
-0.63072 0.44202
-0.62488 0.442229
-0.61904 0.442887
-0.6132 0.441659
-0.60736 0.440889
-0.60152 0.441414
-0.59568 0.441414
-0.58984 0.441414
-0.584 0.441414
-0.57816 0.441414
-0.57232 0.441414
-0.56648 0.441414
-0.56064 0.441414
-0.5548 0.441414
-0.54896 0.441414
-0.54312 0.441414
-0.53728 0.441414
-0.53144 0.441414
-0.5256 0.441414
-0.51976 0.441414
-0.51392 0.441414
-0.50808 0.441414
-0.50224 0.441414
-0.4964 0.441414
-0.49056 0.441414
-0.48472 0.441414
-0.47888 0.441414
-0.47304 0.441414
-0.4672 0.441414
-0.46136 0.441414
-0.45552 0.441414
-0.44968 0.441414
-0.44384 0.441414
-0.438 0.441414
-0.43216 0.441414
-0.42632 0.441414
-0.42048 0.441414
-0.41464 0.441414
-0.4088 0.441414
-0.40296 0.441414
-0.39712 0.441414
-0.39128 0.441414
-0.38544 0.441414
-0.3796 0.441414
-0.37376 0.441414
-0.36792 0.441414
-0.36208 0.441414
-0.35624 0.441414
-0.3504 0.441414
-0.34456 0.441414
-0.33872 0.441414
-0.33288 0.441414
-0.32704 0.441414
-0.3212 0.441414
-0.31536 0.441414
-0.30952 0.441414
-0.30368 0.441414
-0.29784 0.441414
-0.292 0.441414
-0.28616 0.441414
-0.28032 0.441414
-0.27448 0.441414
-0.26864 0.441414
-0.2628 0.441414
-0.25696 0.441414
-0.25112 0.441414
-0.24528 0.441414
-0.23944 0.441414
-0.2336 0.441414
-0.22776 0.441414
-0.22192 0.441414
-0.21608 0.441414
-0.21024 0.441414
-0.2044 0.441414
-0.19856 0.441414
-0.19272 0.441414
-0.18688 0.441414
-0.18104 0.441414
-0.1752 0.441414
-0.16936 0.441414
-0.16352 0.441414
-0.15768 0.441414
-0.15184 0.441414
-0.146 0.441414
-0.14016 0.441414
-0.13432 0.441414
-0.12848 0.441414
-0.12264 0.441414
-0.1168 0.441414
-0.11096 0.441414
-0.10512 0.441414
-0.09928 0.441414
-0.09344 0.441414
-0.0876 0.441414
-0.08176 0.441414
-0.07592 0.441414
-0.07008 0.441414
-0.06424 0.441414
-0.0584 0.441414
-0.05256 0.441414
-0.04672 0.441414
-0.04088 0.441414
-0.03504 0.441414
-0.0292 0.441414
-0.02336 0.441414
-0.01752 0.441414
-0.01168 0.441414
-0.00584 0.441414
