-2.92 0.430455
-2.91416 0.430455
-2.90832 0.430455
-2.90248 0.430455
-2.89664 0.430455
-2.8908 0.430455
-2.88496 0.430455
-2.87912 0.430455
-2.87328 0.430455
-2.86744 0.430455
-2.8616 0.430455
-2.85576 0.430455
-2.84992 0.430455
-2.84408 0.430455
-2.83824 0.430455
-2.8324 0.430455
-2.82656 0.430455
-2.82072 0.430455
-2.81488 0.430455
-2.80904 0.430455
-2.8032 0.430455
-2.79736 0.430455
-2.79152 0.430455
-2.78568 0.430455
-2.77984 0.430455
-2.774 0.430455
-2.76816 0.430455
-2.76232 0.430455
-2.75648 0.430455
-2.75064 0.430455
-2.7448 0.430455
-2.73896 0.430455
-2.73312 0.430455
-2.72728 0.430455
-2.72144 0.430455
-2.7156 0.430455
-2.70976 0.430455
-2.70392 0.430455
-2.69808 0.430455
-2.69224 0.430455
-2.6864 0.430455
-2.68056 0.430455
-2.67472 0.430455
-2.66888 0.430455
-2.66304 0.430455
-2.6572 0.430455
-2.65136 0.430455
-2.64552 0.430455
-2.63968 0.430455
-2.63384 0.430455
-2.628 0.430455
-2.62216 0.430455
-2.61632 0.430455
-2.61048 0.430455
-2.60464 0.430455
-2.5988 0.430455
-2.59296 0.430058
-2.58712 0.429398
-2.58128 0.42865
-2.57544 0.427812
-2.5696 0.42684
-2.56376 0.425779
-2.55792 0.424631
-2.55208 0.423393
-2.54624 0.422154
-2.5404 0.420829
-2.53456 0.419372
-2.52872 0.417824
-2.52288 0.416233
-2.51704 0.414555
-2.5112 0.412746
-2.50536 0.41098
-2.49952 0.409539
-2.49368 0.407845
-2.48784 0.406851
-2.482 0.405942
-2.47616 0.403909
-2.47032 0.403729
-2.46448 0.402028
-2.45864 0.401311
-2.4528 0.398939
-2.44696 0.399044
-2.44112 0.398362
-2.43528 0.396808
-2.42944 0.395465
-2.4236 0.394864
-2.41776 0.394257
-2.41192 0.392374
-2.40608 0.392849
-2.40024 0.391426
-2.3944 0.390371
-2.38856 0.391018
-2.38272 0.388047
-2.37688 0.387529
-2.37104 0.387701
-2.3652 0.387348
-2.35936 0.385743
-2.35352 0.385721
-2.34768 0.385029
-2.34184 0.384599
-2.336 0.381953
-2.33016 0.382149
-2.32432 0.381527
-2.31848 0.378506
-2.31264 0.37748
-2.3068 0.375747
-2.30096 0.375161
-2.29512 0.374015
-2.28928 0.371564
-2.28344 0.368878
-2.2776 0.368479
-2.27176 0.366295
-2.26592 0.365748
-2.26008 0.362971
-2.25424 0.361043
-2.2484 0.35867
-2.24256 0.35751
-2.23672 0.354219
-2.23088 0.356258
-2.22504 0.349263
-2.2192 0.351025
-2.21336 0.347933
-2.20752 0.345715
-2.20168 0.344438
-2.19584 0.34139
-2.19 0.340688
-2.18416 0.338978
-2.17832 0.335681
-2.17248 0.333707
-2.16664 0.332136
-2.1608 0.329883
-2.15496 0.328434
-2.14912 0.326604
-2.14328 0.3246
-2.13744 0.322483
-2.1316 0.318747
-2.12576 0.316872
-2.11992 0.314628
-2.11408 0.310397
-2.10824 0.309453
-2.1024 0.305169
-2.09656 0.305152
-2.09072 0.298049
-2.08488 0.297634
-2.07904 0.293598
-2.0732 0.289953
-2.06736 0.287099
-2.06152 0.283371
-2.05568 0.277974
-2.04984 0.274836
-2.044 0.269057
-2.03816 0.267027
-2.03232 0.262339
-2.02648 0.25735
-2.02064 0.253814
-2.0148 0.250098
-2.00896 0.247272
-2.00312 0.247404
-1.99728 0.243549
-1.99144 0.238716
-1.9856 0.238341
-1.97976 0.237369
-1.97392 0.233338
-1.96808 0.230929
-1.96224 0.229798
-1.9564 0.228834
-1.95056 0.226248
-1.94472 0.225839
-1.93888 0.224753
-1.93304 0.223223
-1.9272 0.21995
-1.92136 0.21832
-1.91552 0.215845
-1.90968 0.213426
-1.90384 0.215041
-1.898 0.216685
-1.89216 0.214674
-1.88632 0.209737
-1.88048 0.210829
-1.87464 0.208842
-1.8688 0.206755
-1.86296 0.209048
-1.85712 0.206373
-1.85128 0.202462
-1.84544 0.206114
-1.8396 0.207135
-1.83376 0.204428
-1.82792 0.202844
-1.82208 0.204309
-1.81624 0.202728
-1.8104 0.204082
-1.80456 0.203335
-1.79872 0.205988
-1.79288 0.203096
-1.78704 0.205579
-1.7812 0.203688
-1.77536 0.205518
-1.76952 0.207129
-1.76368 0.208152
-1.75784 0.207479
-1.752 0.210217
-1.74616 0.208566
-1.74032 0.208853
-1.73448 0.209135
-1.72864 0.211712
-1.7228 0.212774
-1.71696 0.216118
-1.71112 0.21802
-1.70528 0.217597
-1.69944 0.217939
-1.6936 0.219002
-1.68776 0.220717
-1.68192 0.220442
-1.67608 0.220931
-1.67024 0.219019
-1.6644 0.218066
-1.65856 0.21845
-1.65272 0.221302
-1.64688 0.21929
-1.64104 0.223068
-1.6352 0.221017
-1.62936 0.222908
-1.62352 0.224746
-1.61768 0.224288
-1.61184 0.223798
-1.606 0.228264
-1.60016 0.231166
-1.59432 0.232046
-1.58848 0.236171
-1.58264 0.235461
-1.5768 0.235221
-1.57096 0.237621
-1.56512 0.242951
-1.55928 0.241375
-1.55344 0.244413
-1.5476 0.249278
-1.54176 0.252894
-1.53592 0.254011
-1.53008 0.255756
-1.52424 0.258232
-1.5184 0.261669
-1.51256 0.262015
-1.50672 0.267789
-1.50088 0.274776
-1.49504 0.269558
-1.4892 0.275536
-1.48336 0.276947
-1.47752 0.275748
-1.47168 0.283511
-1.46584 0.280072
-1.46 0.286354
-1.45416 0.284517
-1.44832 0.289614
-1.44248 0.290426
-1.43664 0.293143
-1.4308 0.294189
-1.42496 0.303221
-1.41912 0.301092
-1.41328 0.297339
-1.40744 0.3066
-1.4016 0.312255
-1.39576 0.311149
-1.38992 0.316442
-1.38408 0.316292
-1.37824 0.321182
-1.3724 0.321106
-1.36656 0.322642
-1.36072 0.32662
-1.35488 0.323874
-1.34904 0.325131
-1.3432 0.332648
-1.33736 0.336797
-1.33152 0.340162
-1.32568 0.341293
-1.31984 0.344887
-1.314 0.349467
-1.30816 0.344569
-1.30232 0.354959
-1.29648 0.353665
-1.29064 0.359411
-1.2848 0.358086
-1.27896 0.364863
-1.27312 0.366568
-1.26728 0.365024
-1.26144 0.36626
-1.2556 0.372426
-1.24976 0.370573
-1.24392 0.374053
-1.23808 0.378051
-1.23224 0.380618
-1.2264 0.38046
-1.22056 0.380773
-1.21472 0.3844
-1.20888 0.38472
-1.20304 0.389066
-1.1972 0.394077
-1.19136 0.392061
-1.18552 0.3994
-1.17968 0.399943
-1.17384 0.399211
-1.168 0.406101
-1.16216 0.408156
-1.15632 0.407548
-1.15048 0.409332
-1.14464 0.409527
-1.1388 0.409064
-1.13296 0.410778
-1.12712 0.414975
-1.12128 0.413499
-1.11544 0.417053
-1.1096 0.422892
-1.10376 0.424304
-1.09792 0.424256
-1.09208 0.421745
-1.08624 0.424213
-1.0804 0.428328
-1.07456 0.425957
-1.06872 0.429577
-1.06288 0.437285
-1.05704 0.43085
-1.0512 0.433164
-1.04536 0.431734
-1.03952 0.428146
-1.03368 0.432602
-1.02784 0.427944
-1.022 0.427553
-1.01616 0.427188
-1.01032 0.42834
-1.00448 0.425751
-0.99864 0.424695
-0.9928 0.423598
-0.98696 0.425427
-0.98112 0.422286
-0.97528 0.417314
-0.96944 0.421414
-0.9636 0.423156
-0.95776 0.421225
-0.95192 0.422268
-0.94608 0.419769
-0.94024 0.421232
-0.9344 0.416786
-0.92856 0.416188
-0.92272 0.414419
-0.91688 0.410776
-0.91104 0.410032
-0.9052 0.410391
-0.89936 0.412855
-0.89352 0.413086
-0.88768 0.410827
-0.88184 0.413024
-0.876 0.411093
-0.87016 0.407216
-0.86432 0.410098
-0.85848 0.409247
-0.85264 0.410767
-0.8468 0.406298
-0.84096 0.408697
-0.83512 0.408632
-0.82928 0.403886
-0.82344 0.402955
-0.8176 0.403697
-0.81176 0.400784
-0.80592 0.402596
-0.80008 0.39957
-0.79424 0.400677
-0.7884 0.399742
-0.78256 0.400413
-0.77672 0.399757
-0.77088 0.398951
-0.76504 0.399901
-0.7592 0.399574
-0.75336 0.397966
-0.74752 0.398996
-0.74168 0.398253
-0.73584 0.399113
-0.73 0.400445
-0.72416 0.400228
-0.71832 0.400451
-0.71248 0.400151
-0.70664 0.400714
-0.7008 0.401264
-0.69496 0.40177
-0.68912 0.401937
-0.68328 0.403385
-0.67744 0.40685
-0.6716 0.408243
-0.66576 0.409346
-0.65992 0.409795
-0.65408 0.410254
-0.64824 0.410762
-0.6424 0.412982
-0.63656 0.413525
-0.63072 0.413721
-0.62488 0.413961
-0.61904 0.413472
-0.6132 0.41274
-0.60736 0.411874
-0.60152 0.412139
-0.59568 0.412139
-0.58984 0.412139
-0.584 0.412139
-0.57816 0.412139
-0.57232 0.412139
-0.56648 0.412139
-0.56064 0.412139
-0.5548 0.412139
-0.54896 0.412139
-0.54312 0.412139
-0.53728 0.412139
-0.53144 0.412139
-0.5256 0.412139
-0.51976 0.412139
-0.51392 0.412139
-0.50808 0.412139
-0.50224 0.412139
-0.4964 0.412139
-0.49056 0.412139
-0.48472 0.412139
-0.47888 0.412139
-0.47304 0.412139
-0.4672 0.412139
-0.46136 0.412139
-0.45552 0.412139
-0.44968 0.412139
-0.44384 0.412139
-0.438 0.412139
-0.43216 0.412139
-0.42632 0.412139
-0.42048 0.412139
-0.41464 0.412139
-0.4088 0.412139
-0.40296 0.412139
-0.39712 0.412139
-0.39128 0.412139
-0.38544 0.412139
-0.3796 0.412139
-0.37376 0.412139
-0.36792 0.412139
-0.36208 0.412139
-0.35624 0.412139
-0.3504 0.412139
-0.34456 0.412139
-0.33872 0.412139
-0.33288 0.412139
-0.32704 0.412139
-0.3212 0.412139
-0.31536 0.412139
-0.30952 0.412139
-0.30368 0.412139
-0.29784 0.412139
-0.292 0.412139
-0.28616 0.412139
-0.28032 0.412139
-0.27448 0.412139
-0.26864 0.412139
-0.2628 0.412139
-0.25696 0.412139
-0.25112 0.412139
-0.24528 0.412139
-0.23944 0.412139
-0.2336 0.412139
-0.22776 0.412139
-0.22192 0.412139
-0.21608 0.412139
-0.21024 0.412139
-0.2044 0.412139
-0.19856 0.412139
-0.19272 0.412139
-0.18688 0.412139
-0.18104 0.412139
-0.1752 0.412139
-0.16936 0.412139
-0.16352 0.412139
-0.15768 0.412139
-0.15184 0.412139
-0.146 0.412139
-0.14016 0.412139
-0.13432 0.412139
-0.12848 0.412139
-0.12264 0.412139
-0.1168 0.412139
-0.11096 0.412139
-0.10512 0.412139
-0.09928 0.412139
-0.09344 0.412139
-0.0876 0.412139
-0.08176 0.412139
-0.07592 0.412139
-0.07008 0.412139
-0.06424 0.412139
-0.0584 0.412139
-0.05256 0.412139
-0.04672 0.412139
-0.04088 0.412139
-0.03504 0.412139
-0.0292 0.412139
-0.02336 0.412139
-0.01752 0.412139
-0.01168 0.412139
-0.00584 0.412139
