-2.92 0.469242
-2.91416 0.469242
-2.90832 0.469242
-2.90248 0.469242
-2.89664 0.469242
-2.8908 0.469242
-2.88496 0.469242
-2.87912 0.469242
-2.87328 0.469242
-2.86744 0.469242
-2.8616 0.469242
-2.85576 0.469242
-2.84992 0.469242
-2.84408 0.469242
-2.83824 0.469242
-2.8324 0.469242
-2.82656 0.469242
-2.82072 0.469242
-2.81488 0.469242
-2.80904 0.469242
-2.8032 0.469242
-2.79736 0.469242
-2.79152 0.469242
-2.78568 0.469242
-2.77984 0.469242
-2.774 0.469242
-2.76816 0.469242
-2.76232 0.469242
-2.75648 0.469242
-2.75064 0.469242
-2.7448 0.469242
-2.73896 0.469242
-2.73312 0.469242
-2.72728 0.469242
-2.72144 0.469242
-2.7156 0.469242
-2.70976 0.469242
-2.70392 0.469242
-2.69808 0.469242
-2.69224 0.469242
-2.6864 0.469242
-2.68056 0.469242
-2.67472 0.469242
-2.66888 0.469242
-2.66304 0.469242
-2.6572 0.469242
-2.65136 0.469242
-2.64552 0.469242
-2.63968 0.469242
-2.63384 0.469242
-2.628 0.469242
-2.62216 0.469242
-2.61632 0.469242
-2.61048 0.469242
-2.60464 0.469242
-2.5988 0.469242
-2.59296 0.468754
-2.58712 0.468004
-2.58128 0.467211
-2.57544 0.46633
-2.5696 0.46523
-2.56376 0.463955
-2.55792 0.462636
-2.55208 0.461316
-2.54624 0.459909
-2.5404 0.45837
-2.53456 0.456744
-2.52872 0.455074
-2.52288 0.453448
-2.51704 0.451777
-2.5112 0.450107
-2.50536 0.448306
-2.49952 0.44655
-2.49368 0.444791
-2.48784 0.442946
-2.482 0.441147
-2.47616 0.439082
-2.47032 0.437015
-2.46448 0.434859
-2.45864 0.432744
-2.4528 0.430375
-2.44696 0.428253
-2.44112 0.425921
-2.43528 0.423417
-2.42944 0.42104
-2.4236 0.418532
-2.41776 0.416278
-2.41192 0.41402
-2.40608 0.411217
-2.40024 0.408742
-2.3944 0.406014
-2.38856 0.403615
-2.38272 0.401392
-2.37688 0.3985
-2.37104 0.396437
-2.3652 0.393757
-2.35936 0.391441
-2.35352 0.389873
-2.34768 0.387107
-2.34184 0.385046
-2.336 0.382602
-2.33016 0.380747
-2.32432 0.37763
-2.31848 0.376266
-2.31264 0.372989
-2.3068 0.372299
-2.30096 0.369098
-2.29512 0.366655
-2.28928 0.364128
-2.28344 0.361418
-2.2776 0.358797
-2.27176 0.356351
-2.26592 0.353818
-2.26008 0.351706
-2.25424 0.349244
-2.2484 0.344848
-2.24256 0.343824
-2.23672 0.340178
-2.23088 0.339361
-2.22504 0.33611
-2.2192 0.33453
-2.21336 0.330051
-2.20752 0.328335
-2.20168 0.32653
-2.19584 0.322898
-2.19 0.322399
-2.18416 0.319904
-2.17832 0.316672
-2.17248 0.311717
-2.16664 0.308658
-2.1608 0.306028
-2.15496 0.304513
-2.14912 0.299565
-2.14328 0.298419
-2.13744 0.295718
-2.1316 0.293421
-2.12576 0.290147
-2.11992 0.287532
-2.11408 0.287446
-2.10824 0.281592
-2.1024 0.278651
-2.09656 0.27606
-2.09072 0.274772
-2.08488 0.270986
-2.07904 0.2687
-2.0732 0.266679
-2.06736 0.265466
-2.06152 0.260634
-2.05568 0.257997
-2.04984 0.255187
-2.044 0.251383
-2.03816 0.250219
-2.03232 0.246429
-2.02648 0.247058
-2.02064 0.239507
-2.0148 0.237892
-2.00896 0.235929
-2.00312 0.23427
-1.99728 0.235236
-1.99144 0.233869
-1.9856 0.230854
-1.97976 0.231709
-1.97392 0.232048
-1.96808 0.232075
-1.96224 0.226474
-1.9564 0.22774
-1.95056 0.228162
-1.94472 0.22332
-1.93888 0.22398
-1.93304 0.2278
-1.9272 0.222175
-1.92136 0.223031
-1.91552 0.221369
-1.90968 0.224849
-1.90384 0.223195
-1.898 0.222987
-1.89216 0.2198
-1.88632 0.221058
-1.88048 0.223476
-1.87464 0.222883
-1.8688 0.222692
-1.86296 0.222316
-1.85712 0.221418
-1.85128 0.223099
-1.84544 0.224725
-1.8396 0.222082
-1.83376 0.222344
-1.82792 0.224574
-1.82208 0.221548
-1.81624 0.224275
-1.8104 0.222946
-1.80456 0.223265
-1.79872 0.222247
-1.79288 0.224775
-1.78704 0.222802
-1.7812 0.223938
-1.77536 0.222004
-1.76952 0.221542
-1.76368 0.221872
-1.75784 0.224177
-1.752 0.228707
-1.74616 0.225385
-1.74032 0.224936
-1.73448 0.227438
-1.72864 0.224629
-1.7228 0.228425
-1.71696 0.224459
-1.71112 0.226865
-1.70528 0.23039
-1.69944 0.229412
-1.6936 0.230943
-1.68776 0.233908
-1.68192 0.228667
-1.67608 0.230062
-1.67024 0.229431
-1.6644 0.229745
-1.65856 0.227483
-1.65272 0.227409
-1.64688 0.230625
-1.64104 0.231715
-1.6352 0.230697
-1.62936 0.22885
-1.62352 0.22844
-1.61768 0.226634
-1.61184 0.23395
-1.606 0.233353
-1.60016 0.235261
-1.59432 0.234004
-1.58848 0.243134
-1.58264 0.238438
-1.5768 0.238425
-1.57096 0.246389
-1.56512 0.245894
-1.55928 0.24728
-1.55344 0.251921
-1.5476 0.253608
-1.54176 0.253326
-1.53592 0.256446
-1.53008 0.255787
-1.52424 0.260484
-1.5184 0.265011
-1.51256 0.263827
-1.50672 0.265176
-1.50088 0.268241
-1.49504 0.274561
-1.4892 0.273373
-1.48336 0.267496
-1.47752 0.275826
-1.47168 0.279481
-1.46584 0.27662
-1.46 0.282808
-1.45416 0.282077
-1.44832 0.289075
-1.44248 0.288087
-1.43664 0.286575
-1.4308 0.293278
-1.42496 0.292741
-1.41912 0.294918
-1.41328 0.297428
-1.40744 0.304596
-1.4016 0.304817
-1.39576 0.306262
-1.38992 0.306839
-1.38408 0.311289
-1.37824 0.314169
-1.3724 0.31379
-1.36656 0.313847
-1.36072 0.316649
-1.35488 0.32024
-1.34904 0.314762
-1.3432 0.325605
-1.33736 0.322659
-1.33152 0.329223
-1.32568 0.330439
-1.31984 0.329689
-1.314 0.335837
-1.30816 0.333617
-1.30232 0.339055
-1.29648 0.340621
-1.29064 0.341345
-1.2848 0.346429
-1.27896 0.343662
-1.27312 0.349511
-1.26728 0.350719
-1.26144 0.351478
-1.2556 0.351657
-1.24976 0.356826
-1.24392 0.354878
-1.23808 0.358309
-1.23224 0.35683
-1.2264 0.362254
-1.22056 0.359216
-1.21472 0.361646
-1.20888 0.367878
-1.20304 0.36941
-1.1972 0.371277
-1.19136 0.371067
-1.18552 0.373996
-1.17968 0.375045
-1.17384 0.380676
-1.168 0.377535
-1.16216 0.382743
-1.15632 0.38129
-1.15048 0.386795
-1.14464 0.386217
-1.1388 0.387732
-1.13296 0.390816
-1.12712 0.391052
-1.12128 0.393982
-1.11544 0.398449
-1.1096 0.399211
-1.10376 0.398773
-1.09792 0.405635
-1.09208 0.400602
-1.08624 0.402716
-1.0804 0.410134
-1.07456 0.409314
-1.06872 0.409189
-1.06288 0.407666
-1.05704 0.413192
-1.0512 0.41202
-1.04536 0.40561
-1.03952 0.409785
-1.03368 0.411443
-1.02784 0.406432
-1.022 0.407064
-1.01616 0.405943
-1.01032 0.40699
-1.00448 0.40493
-0.99864 0.401091
-0.9928 0.402583
-0.98696 0.401783
-0.98112 0.402735
-0.97528 0.399849
-0.96944 0.401223
-0.9636 0.40313
-0.95776 0.399473
-0.95192 0.395624
-0.94608 0.39805
-0.94024 0.397084
-0.9344 0.395665
-0.92856 0.393387
-0.92272 0.393808
-0.91688 0.395288
-0.91104 0.387775
-0.9052 0.393517
-0.89936 0.38957
-0.89352 0.391502
-0.88768 0.390385
-0.88184 0.390471
-0.876 0.39052
-0.87016 0.386923
-0.86432 0.388081
-0.85848 0.388862
-0.85264 0.388317
-0.8468 0.386526
-0.84096 0.387324
-0.83512 0.387508
-0.82928 0.385131
-0.82344 0.382266
-0.8176 0.381337
-0.81176 0.381837
-0.80592 0.380332
-0.80008 0.381726
-0.79424 0.381172
-0.7884 0.382127
-0.78256 0.381111
-0.77672 0.38189
-0.77088 0.381299
-0.76504 0.380312
-0.7592 0.381745
-0.75336 0.382263
-0.74752 0.382994
-0.74168 0.382442
-0.73584 0.383962
-0.73 0.383743
-0.72416 0.384186
-0.71832 0.385561
-0.71248 0.385922
-0.70664 0.386839
-0.7008 0.386486
-0.69496 0.386914
-0.68912 0.388089
-0.68328 0.389483
-0.67744 0.392641
-0.6716 0.394978
-0.66576 0.395347
-0.65992 0.396921
-0.65408 0.396675
-0.64824 0.397159
-0.6424 0.399285
-0.63656 0.400134
-0.63072 0.400194
-0.62488 0.400754
-0.61904 0.401421
-0.6132 0.401306
-0.60736 0.400284
-0.60152 0.400855
-0.59568 0.400855
-0.58984 0.400855
-0.584 0.400855
-0.57816 0.400855
-0.57232 0.400855
-0.56648 0.400855
-0.56064 0.400855
-0.5548 0.400855
-0.54896 0.400855
-0.54312 0.400855
-0.53728 0.400855
-0.53144 0.400855
-0.5256 0.400855
-0.51976 0.400855
-0.51392 0.400855
-0.50808 0.400855
-0.50224 0.400855
-0.4964 0.400855
-0.49056 0.400855
-0.48472 0.400855
-0.47888 0.400855
-0.47304 0.400855
-0.4672 0.400855
-0.46136 0.400855
-0.45552 0.400855
-0.44968 0.400855
-0.44384 0.400855
-0.438 0.400855
-0.43216 0.400855
-0.42632 0.400855
-0.42048 0.400855
-0.41464 0.400855
-0.4088 0.400855
-0.40296 0.400855
-0.39712 0.400855
-0.39128 0.400855
-0.38544 0.400855
-0.3796 0.400855
-0.37376 0.400855
-0.36792 0.400855
-0.36208 0.400855
-0.35624 0.400855
-0.3504 0.400855
-0.34456 0.400855
-0.33872 0.400855
-0.33288 0.400855
-0.32704 0.400855
-0.3212 0.400855
-0.31536 0.400855
-0.30952 0.400855
-0.30368 0.400855
-0.29784 0.400855
-0.292 0.400855
-0.28616 0.400855
-0.28032 0.400855
-0.27448 0.400855
-0.26864 0.400855
-0.2628 0.400855
-0.25696 0.400855
-0.25112 0.400855
-0.24528 0.400855
-0.23944 0.400855
-0.2336 0.400855
-0.22776 0.400855
-0.22192 0.400855
-0.21608 0.400855
-0.21024 0.400855
-0.2044 0.400855
-0.19856 0.400855
-0.19272 0.400855
-0.18688 0.400855
-0.18104 0.400855
-0.1752 0.400855
-0.16936 0.400855
-0.16352 0.400855
-0.15768 0.400855
-0.15184 0.400855
-0.146 0.400855
-0.14016 0.400855
-0.13432 0.400855
-0.12848 0.400855
-0.12264 0.400855
-0.1168 0.400855
-0.11096 0.400855
-0.10512 0.400855
-0.09928 0.400855
-0.09344 0.400855
-0.0876 0.400855
-0.08176 0.400855
-0.07592 0.400855
-0.07008 0.400855
-0.06424 0.400855
-0.0584 0.400855
-0.05256 0.400855
-0.04672 0.400855
-0.04088 0.400855
-0.03504 0.400855
-0.0292 0.400855
-0.02336 0.400855
-0.01752 0.400855
-0.01168 0.400855
-0.00584 0.400855
