-2.92 0.424342
-2.91416 0.424342
-2.90832 0.424342
-2.90248 0.424342
-2.89664 0.424342
-2.8908 0.424342
-2.88496 0.424342
-2.87912 0.424342
-2.87328 0.424342
-2.86744 0.424342
-2.8616 0.424342
-2.85576 0.424342
-2.84992 0.424342
-2.84408 0.424342
-2.83824 0.424342
-2.8324 0.424342
-2.82656 0.424342
-2.82072 0.424342
-2.81488 0.424342
-2.80904 0.424342
-2.8032 0.424342
-2.79736 0.424342
-2.79152 0.424342
-2.78568 0.424342
-2.77984 0.424342
-2.774 0.424342
-2.76816 0.424342
-2.76232 0.424342
-2.75648 0.424342
-2.75064 0.424342
-2.7448 0.424342
-2.73896 0.424342
-2.73312 0.424342
-2.72728 0.424342
-2.72144 0.424342
-2.7156 0.424342
-2.70976 0.424342
-2.70392 0.424342
-2.69808 0.424342
-2.69224 0.424342
-2.6864 0.424342
-2.68056 0.424342
-2.67472 0.424342
-2.66888 0.424342
-2.66304 0.424342
-2.6572 0.424342
-2.65136 0.424342
-2.64552 0.424342
-2.63968 0.424342
-2.63384 0.424342
-2.628 0.424342
-2.62216 0.424342
-2.61632 0.424342
-2.61048 0.424342
-2.60464 0.424342
-2.5988 0.424342
-2.59296 0.423857
-2.58712 0.423239
-2.58128 0.422621
-2.57544 0.421871
-2.5696 0.420989
-2.56376 0.419929
-2.55792 0.418737
-2.55208 0.417589
-2.54624 0.416309
-2.5404 0.414939
-2.53456 0.413484
-2.52872 0.412028
-2.52288 0.410439
-2.51704 0.40885
-2.5112 0.407217
-2.50536 0.405583
-2.49952 0.404524
-2.49368 0.403428
-2.48784 0.402998
-2.482 0.403029
-2.47616 0.402006
-2.47032 0.401481
-2.46448 0.400867
-2.45864 0.400877
-2.4528 0.401216
-2.44696 0.399888
-2.44112 0.399892
-2.43528 0.399223
-2.42944 0.400227
-2.4236 0.399145
-2.41776 0.39931
-2.41192 0.399691
-2.40608 0.39869
-2.40024 0.39885
-2.3944 0.399393
-2.38856 0.397937
-2.38272 0.40036
-2.37688 0.401273
-2.37104 0.399525
-2.3652 0.401489
-2.35936 0.401001
-2.35352 0.399742
-2.34768 0.401368
-2.34184 0.401822
-2.336 0.401453
-2.33016 0.401527
-2.32432 0.401726
-2.31848 0.401423
-2.31264 0.402424
-2.3068 0.400709
-2.30096 0.40358
-2.29512 0.40266
-2.28928 0.405961
-2.28344 0.404059
-2.2776 0.407487
-2.27176 0.403273
-2.26592 0.403368
-2.26008 0.406061
-2.25424 0.409914
-2.2484 0.406009
-2.24256 0.407359
-2.23672 0.408169
-2.23088 0.407537
-2.22504 0.404949
-2.2192 0.406215
-2.21336 0.408824
-2.20752 0.409727
-2.20168 0.406148
-2.19584 0.408569
-2.19 0.407615
-2.18416 0.40902
-2.17832 0.41068
-2.17248 0.409941
-2.16664 0.411897
-2.1608 0.409049
-2.15496 0.409676
-2.14912 0.409336
-2.14328 0.412307
-2.13744 0.413194
-2.1316 0.414058
-2.12576 0.413908
-2.11992 0.415242
-2.11408 0.414152
-2.10824 0.413166
-2.1024 0.414089
-2.09656 0.411236
-2.09072 0.414358
-2.08488 0.408989
-2.07904 0.41472
-2.0732 0.409974
-2.06736 0.407537
-2.06152 0.402785
-2.05568 0.40469
-2.04984 0.403406
-2.044 0.399952
-2.03816 0.393853
-2.03232 0.398687
-2.02648 0.395545
-2.02064 0.396635
-2.0148 0.391772
-2.00896 0.391124
-2.00312 0.389111
-1.99728 0.388249
-1.99144 0.386343
-1.9856 0.383153
-1.97976 0.381739
-1.97392 0.380243
-1.96808 0.374524
-1.96224 0.379703
-1.9564 0.377818
-1.95056 0.373681
-1.94472 0.372672
-1.93888 0.369004
-1.93304 0.362085
-1.9272 0.364625
-1.92136 0.360837
-1.91552 0.357493
-1.90968 0.35435
-1.90384 0.352135
-1.898 0.350651
-1.89216 0.344706
-1.88632 0.34311
-1.88048 0.340894
-1.87464 0.337452
-1.8688 0.334491
-1.86296 0.329082
-1.85712 0.323467
-1.85128 0.321271
-1.84544 0.320419
-1.8396 0.314237
-1.83376 0.31454
-1.82792 0.310384
-1.82208 0.304498
-1.81624 0.304917
-1.8104 0.297718
-1.80456 0.292057
-1.79872 0.29525
-1.79288 0.288274
-1.78704 0.283294
-1.7812 0.284892
-1.77536 0.278784
-1.76952 0.276645
-1.76368 0.273267
-1.75784 0.267955
-1.752 0.266467
-1.74616 0.26153
-1.74032 0.259067
-1.73448 0.254632
-1.72864 0.249511
-1.7228 0.248397
-1.71696 0.244856
-1.71112 0.242439
-1.70528 0.237725
-1.69944 0.237015
-1.6936 0.23276
-1.68776 0.225416
-1.68192 0.226125
-1.67608 0.220641
-1.67024 0.217535
-1.6644 0.215313
-1.65856 0.21992
-1.65272 0.210477
-1.64688 0.212864
-1.64104 0.21289
-1.6352 0.212712
-1.62936 0.209312
-1.62352 0.20987
-1.61768 0.206764
-1.61184 0.209386
-1.606 0.210925
-1.60016 0.204681
-1.59432 0.209072
-1.58848 0.214938
-1.58264 0.209434
-1.5768 0.209594
-1.57096 0.210673
-1.56512 0.210914
-1.55928 0.210191
-1.55344 0.211146
-1.5476 0.210653
-1.54176 0.217472
-1.53592 0.216359
-1.53008 0.212925
-1.52424 0.213954
-1.5184 0.212428
-1.51256 0.215174
-1.50672 0.215597
-1.50088 0.211693
-1.49504 0.216766
-1.4892 0.219842
-1.48336 0.218675
-1.47752 0.224966
-1.47168 0.220116
-1.46584 0.22402
-1.46 0.223254
-1.45416 0.22054
-1.44832 0.221424
-1.44248 0.226072
-1.43664 0.224244
-1.4308 0.224954
-1.42496 0.226056
-1.41912 0.228544
-1.41328 0.225065
-1.40744 0.226917
-1.4016 0.23298
-1.39576 0.228334
-1.38992 0.229101
-1.38408 0.232107
-1.37824 0.231147
-1.3724 0.228271
-1.36656 0.232034
-1.36072 0.230301
-1.35488 0.233833
-1.34904 0.233686
-1.3432 0.236293
-1.33736 0.236225
-1.33152 0.240913
-1.32568 0.240928
-1.31984 0.241031
-1.314 0.23904
-1.30816 0.239337
-1.30232 0.240341
-1.29648 0.244286
-1.29064 0.239369
-1.2848 0.242822
-1.27896 0.245059
-1.27312 0.245332
-1.26728 0.248571
-1.26144 0.247648
-1.2556 0.249999
-1.24976 0.25003
-1.24392 0.247243
-1.23808 0.252784
-1.23224 0.251474
-1.2264 0.250372
-1.22056 0.25233
-1.21472 0.25055
-1.20888 0.255045
-1.20304 0.251905
-1.1972 0.254935
-1.19136 0.25638
-1.18552 0.256796
-1.17968 0.257227
-1.17384 0.257173
-1.168 0.26054
-1.16216 0.259989
-1.15632 0.26184
-1.15048 0.268178
-1.14464 0.269501
-1.1388 0.271925
-1.13296 0.275883
-1.12712 0.278351
-1.12128 0.279708
-1.11544 0.284512
-1.1096 0.28717
-1.10376 0.290069
-1.09792 0.295008
-1.09208 0.294113
-1.08624 0.293868
-1.0804 0.294559
-1.07456 0.299618
-1.06872 0.301088
-1.06288 0.302168
-1.05704 0.308308
-1.0512 0.309417
-1.04536 0.311779
-1.03952 0.317104
-1.03368 0.317745
-1.02784 0.318798
-1.022 0.320433
-1.01616 0.321298
-1.01032 0.322898
-1.00448 0.327554
-0.99864 0.32921
-0.9928 0.33011
-0.98696 0.334489
-0.98112 0.335167
-0.97528 0.335476
-0.96944 0.340012
-0.9636 0.341257
-0.95776 0.342247
-0.95192 0.344187
-0.94608 0.344988
-0.94024 0.347254
-0.9344 0.34878
-0.92856 0.351157
-0.92272 0.350829
-0.91688 0.355384
-0.91104 0.357209
-0.9052 0.359796
-0.89936 0.363408
-0.89352 0.365
-0.88768 0.368936
-0.88184 0.371186
-0.876 0.370408
-0.87016 0.372794
-0.86432 0.372369
-0.85848 0.375417
-0.85264 0.377669
-0.8468 0.379666
-0.84096 0.383003
-0.83512 0.386098
-0.82928 0.387532
-0.82344 0.388858
-0.8176 0.391515
-0.81176 0.392541
-0.80592 0.394314
-0.80008 0.39631
-0.79424 0.397749
-0.7884 0.398526
-0.78256 0.400551
-0.77672 0.403597
-0.77088 0.405996
-0.76504 0.406004
-0.7592 0.408823
-0.75336 0.41131
-0.74752 0.410547
-0.74168 0.412816
-0.73584 0.414242
-0.73 0.416093
-0.72416 0.412921
-0.71832 0.415907
-0.71248 0.413403
-0.70664 0.413604
-0.7008 0.414551
-0.69496 0.413511
-0.68912 0.415773
-0.68328 0.414566
-0.67744 0.414791
-0.6716 0.417083
-0.66576 0.41708
-0.65992 0.41839
-0.65408 0.417533
-0.64824 0.415972
-0.6424 0.417238
-0.63656 0.416891
-0.63072 0.416799
-0.62488 0.417975
-0.61904 0.420362
-0.6132 0.420936
-0.60736 0.421251
-0.60152 0.421058
-0.59568 0.421058
-0.58984 0.421058
-0.584 0.421058
-0.57816 0.421058
-0.57232 0.421058
-0.56648 0.421058
-0.56064 0.421058
-0.5548 0.421058
-0.54896 0.421058
-0.54312 0.421058
-0.53728 0.421058
-0.53144 0.421058
-0.5256 0.421058
-0.51976 0.421058
-0.51392 0.421058
-0.50808 0.421058
-0.50224 0.421058
-0.4964 0.421058
-0.49056 0.421058
-0.48472 0.421058
-0.47888 0.421058
-0.47304 0.421058
-0.4672 0.421058
-0.46136 0.421058
-0.45552 0.421058
-0.44968 0.421058
-0.44384 0.421058
-0.438 0.421058
-0.43216 0.421058
-0.42632 0.421058
-0.42048 0.421058
-0.41464 0.421058
-0.4088 0.421058
-0.40296 0.421058
-0.39712 0.421058
-0.39128 0.421058
-0.38544 0.421058
-0.3796 0.421058
-0.37376 0.421058
-0.36792 0.421058
-0.36208 0.421058
-0.35624 0.421058
-0.3504 0.421058
-0.34456 0.421058
-0.33872 0.421058
-0.33288 0.421058
-0.32704 0.421058
-0.3212 0.421058
-0.31536 0.421058
-0.30952 0.421058
-0.30368 0.421058
-0.29784 0.421058
-0.292 0.421058
-0.28616 0.421058
-0.28032 0.421058
-0.27448 0.421058
-0.26864 0.421058
-0.2628 0.421058
-0.25696 0.421058
-0.25112 0.421058
-0.24528 0.421058
-0.23944 0.421058
-0.2336 0.421058
-0.22776 0.421058
-0.22192 0.421058
-0.21608 0.421058
-0.21024 0.421058
-0.2044 0.421058
-0.19856 0.421058
-0.19272 0.421058
-0.18688 0.421058
-0.18104 0.421058
-0.1752 0.421058
-0.16936 0.421058
-0.16352 0.421058
-0.15768 0.421058
-0.15184 0.421058
-0.146 0.421058
-0.14016 0.421058
-0.13432 0.421058
-0.12848 0.421058
-0.12264 0.421058
-0.1168 0.421058
-0.11096 0.421058
-0.10512 0.421058
-0.09928 0.421058
-0.09344 0.421058
-0.0876 0.421058
-0.08176 0.421058
-0.07592 0.421058
-0.07008 0.421058
-0.06424 0.421058
-0.0584 0.421058
-0.05256 0.421058
-0.04672 0.421058
-0.04088 0.421058
-0.03504 0.421058
-0.0292 0.421058
-0.02336 0.421058
-0.01752 0.421058
-0.01168 0.421058
-0.00584 0.421058
