-2.92 0.414749
-2.91416 0.414749
-2.90832 0.414749
-2.90248 0.414749
-2.89664 0.414749
-2.8908 0.414749
-2.88496 0.414749
-2.87912 0.414749
-2.87328 0.414749
-2.86744 0.414749
-2.8616 0.414749
-2.85576 0.414749
-2.84992 0.414749
-2.84408 0.414749
-2.83824 0.414749
-2.8324 0.414749
-2.82656 0.414749
-2.82072 0.414749
-2.81488 0.414749
-2.80904 0.414749
-2.8032 0.414749
-2.79736 0.414749
-2.79152 0.414749
-2.78568 0.414749
-2.77984 0.414749
-2.774 0.414749
-2.76816 0.414749
-2.76232 0.414749
-2.75648 0.414749
-2.75064 0.414749
-2.7448 0.414749
-2.73896 0.414749
-2.73312 0.414749
-2.72728 0.414749
-2.72144 0.414749
-2.7156 0.414749
-2.70976 0.414749
-2.70392 0.414749
-2.69808 0.414749
-2.69224 0.414749
-2.6864 0.414749
-2.68056 0.414749
-2.67472 0.414749
-2.66888 0.414749
-2.66304 0.414749
-2.6572 0.414749
-2.65136 0.414749
-2.64552 0.414749
-2.63968 0.414749
-2.63384 0.414749
-2.628 0.414749
-2.62216 0.414749
-2.61632 0.414749
-2.61048 0.414749
-2.60464 0.414749
-2.5988 0.414749
-2.59296 0.414351
-2.58712 0.413776
-2.58128 0.413112
-2.57544 0.412449
-2.5696 0.41161
-2.56376 0.410681
-2.55792 0.409621
-2.55208 0.408559
-2.54624 0.407365
-2.5404 0.406126
-2.53456 0.404842
-2.52872 0.403515
-2.52288 0.402188
-2.51704 0.400729
-2.5112 0.399181
-2.50536 0.397588
-2.49952 0.396489
-2.49368 0.395682
-2.48784 0.395419
-2.482 0.394612
-2.47616 0.394001
-2.47032 0.393389
-2.46448 0.393022
-2.45864 0.39224
-2.4528 0.392585
-2.44696 0.391846
-2.44112 0.392425
-2.43528 0.391967
-2.42944 0.391098
-2.4236 0.39142
-2.41776 0.393296
-2.41192 0.391594
-2.40608 0.392752
-2.40024 0.391963
-2.3944 0.393169
-2.38856 0.393052
-2.38272 0.392971
-2.37688 0.392594
-2.37104 0.392428
-2.3652 0.393104
-2.35936 0.393469
-2.35352 0.395303
-2.34768 0.396215
-2.34184 0.395001
-2.336 0.395082
-2.33016 0.396959
-2.32432 0.396244
-2.31848 0.393547
-2.31264 0.39756
-2.3068 0.397164
-2.30096 0.399012
-2.29512 0.39785
-2.28928 0.397506
-2.28344 0.400599
-2.2776 0.398976
-2.27176 0.399808
-2.26592 0.401479
-2.26008 0.404012
-2.25424 0.401865
-2.2484 0.402136
-2.24256 0.40506
-2.23672 0.404709
-2.23088 0.403583
-2.22504 0.406868
-2.2192 0.40369
-2.21336 0.404337
-2.20752 0.406866
-2.20168 0.406107
-2.19584 0.408124
-2.19 0.407573
-2.18416 0.409184
-2.17832 0.413017
-2.17248 0.415369
-2.16664 0.412602
-2.1608 0.413546
-2.15496 0.413549
-2.14912 0.414713
-2.14328 0.418141
-2.13744 0.417414
-2.1316 0.416846
-2.12576 0.417379
-2.11992 0.41869
-2.11408 0.418344
-2.10824 0.423339
-2.1024 0.421842
-2.09656 0.42151
-2.09072 0.421
-2.08488 0.421394
-2.07904 0.422497
-2.0732 0.419645
-2.06736 0.413543
-2.06152 0.418723
-2.05568 0.41415
-2.04984 0.416663
-2.044 0.417619
-2.03816 0.413512
-2.03232 0.409991
-2.02648 0.412162
-2.02064 0.4086
-2.0148 0.407583
-2.00896 0.407431
-2.00312 0.405595
-1.99728 0.403354
-1.99144 0.403637
-1.9856 0.400231
-1.97976 0.398689
-1.97392 0.394719
-1.96808 0.395866
-1.96224 0.398556
-1.9564 0.394598
-1.95056 0.394078
-1.94472 0.389742
-1.93888 0.389075
-1.93304 0.386717
-1.9272 0.383591
-1.92136 0.381605
-1.91552 0.377441
-1.90968 0.379495
-1.90384 0.37249
-1.898 0.3686
-1.89216 0.365251
-1.88632 0.363197
-1.88048 0.3642
-1.87464 0.361669
-1.8688 0.359374
-1.86296 0.356462
-1.85712 0.351583
-1.85128 0.345741
-1.84544 0.342082
-1.8396 0.341492
-1.83376 0.338002
-1.82792 0.33778
-1.82208 0.331643
-1.81624 0.324516
-1.8104 0.322759
-1.80456 0.3231
-1.79872 0.316357
-1.79288 0.315269
-1.78704 0.306793
-1.7812 0.304638
-1.77536 0.303705
-1.76952 0.299156
-1.76368 0.298735
-1.75784 0.292647
-1.752 0.290239
-1.74616 0.286762
-1.74032 0.281938
-1.73448 0.281495
-1.72864 0.275989
-1.7228 0.274524
-1.71696 0.267617
-1.71112 0.264413
-1.70528 0.263327
-1.69944 0.257561
-1.6936 0.25657
-1.68776 0.253805
-1.68192 0.252451
-1.67608 0.24548
-1.67024 0.242111
-1.6644 0.240047
-1.65856 0.23928
-1.65272 0.233767
-1.64688 0.233315
-1.64104 0.231343
-1.6352 0.232091
-1.62936 0.230837
-1.62352 0.231129
-1.61768 0.232497
-1.61184 0.230722
-1.606 0.226405
-1.60016 0.229831
-1.59432 0.228037
-1.58848 0.224035
-1.58264 0.228304
-1.5768 0.226499
-1.57096 0.221255
-1.56512 0.224053
-1.55928 0.223599
-1.55344 0.225841
-1.5476 0.220874
-1.54176 0.225453
-1.53592 0.22453
-1.53008 0.225747
-1.52424 0.222657
-1.5184 0.222676
-1.51256 0.226036
-1.50672 0.222077
-1.50088 0.221925
-1.49504 0.226788
-1.4892 0.223821
-1.48336 0.228866
-1.47752 0.224675
-1.47168 0.227293
-1.46584 0.225939
-1.46 0.224528
-1.45416 0.229376
-1.44832 0.227243
-1.44248 0.226266
-1.43664 0.22813
-1.4308 0.22382
-1.42496 0.22488
-1.41912 0.227508
-1.41328 0.228043
-1.40744 0.227324
-1.4016 0.230842
-1.39576 0.229962
-1.38992 0.226723
-1.38408 0.224833
-1.37824 0.226839
-1.3724 0.227495
-1.36656 0.227185
-1.36072 0.229429
-1.35488 0.22813
-1.34904 0.226628
-1.3432 0.232957
-1.33736 0.233085
-1.33152 0.231196
-1.32568 0.238053
-1.31984 0.232295
-1.314 0.230916
-1.30816 0.238196
-1.30232 0.235939
-1.29648 0.233368
-1.29064 0.236337
-1.2848 0.238107
-1.27896 0.240892
-1.27312 0.23707
-1.26728 0.245862
-1.26144 0.240196
-1.2556 0.241367
-1.24976 0.24391
-1.24392 0.246074
-1.23808 0.248049
-1.23224 0.246318
-1.2264 0.245852
-1.22056 0.249051
-1.21472 0.248986
-1.20888 0.250368
-1.20304 0.249752
-1.1972 0.252135
-1.19136 0.251461
-1.18552 0.254612
-1.17968 0.256158
-1.17384 0.261034
-1.168 0.257959
-1.16216 0.259857
-1.15632 0.263095
-1.15048 0.262719
-1.14464 0.272308
-1.1388 0.269385
-1.13296 0.275006
-1.12712 0.28127
-1.12128 0.283045
-1.11544 0.287644
-1.1096 0.290306
-1.10376 0.296487
-1.09792 0.296992
-1.09208 0.301181
-1.08624 0.298424
-1.0804 0.302228
-1.07456 0.303467
-1.06872 0.307029
-1.06288 0.308747
-1.05704 0.314396
-1.0512 0.319071
-1.04536 0.321735
-1.03952 0.321367
-1.03368 0.327291
-1.02784 0.327071
-1.022 0.329346
-1.01616 0.332089
-1.01032 0.334046
-1.00448 0.338012
-0.99864 0.338642
-0.9928 0.339102
-0.98696 0.341511
-0.98112 0.345427
-0.97528 0.349022
-0.96944 0.34765
-0.9636 0.352246
-0.95776 0.356105
-0.95192 0.353418
-0.94608 0.352579
-0.94024 0.356471
-0.9344 0.357076
-0.92856 0.357918
-0.92272 0.361328
-0.91688 0.36395
-0.91104 0.366089
-0.9052 0.369797
-0.89936 0.370241
-0.89352 0.373087
-0.88768 0.376911
-0.88184 0.377538
-0.876 0.376559
-0.87016 0.383042
-0.86432 0.383256
-0.85848 0.384318
-0.85264 0.385694
-0.8468 0.388203
-0.84096 0.392133
-0.83512 0.393593
-0.82928 0.39649
-0.82344 0.396705
-0.8176 0.397178
-0.81176 0.401091
-0.80592 0.401901
-0.80008 0.404612
-0.79424 0.405178
-0.7884 0.406833
-0.78256 0.409791
-0.77672 0.409377
-0.77088 0.411577
-0.76504 0.413947
-0.7592 0.415399
-0.75336 0.414673
-0.74752 0.417962
-0.74168 0.420104
-0.73584 0.421545
-0.73 0.422257
-0.72416 0.419464
-0.71832 0.420552
-0.71248 0.419896
-0.70664 0.420605
-0.7008 0.420507
-0.69496 0.4201
-0.68912 0.421305
-0.68328 0.4217
-0.67744 0.420781
-0.6716 0.423414
-0.66576 0.422782
-0.65992 0.423836
-0.65408 0.424627
-0.64824 0.421887
-0.6424 0.423064
-0.63656 0.422725
-0.63072 0.422499
-0.62488 0.42333
-0.61904 0.425628
-0.6132 0.425864
-0.60736 0.42609
-0.60152 0.42573
-0.59568 0.42573
-0.58984 0.42573
-0.584 0.42573
-0.57816 0.42573
-0.57232 0.42573
-0.56648 0.42573
-0.56064 0.42573
-0.5548 0.42573
-0.54896 0.42573
-0.54312 0.42573
-0.53728 0.42573
-0.53144 0.42573
-0.5256 0.42573
-0.51976 0.42573
-0.51392 0.42573
-0.50808 0.42573
-0.50224 0.42573
-0.4964 0.42573
-0.49056 0.42573
-0.48472 0.42573
-0.47888 0.42573
-0.47304 0.42573
-0.4672 0.42573
-0.46136 0.42573
-0.45552 0.42573
-0.44968 0.42573
-0.44384 0.42573
-0.438 0.42573
-0.43216 0.42573
-0.42632 0.42573
-0.42048 0.42573
-0.41464 0.42573
-0.4088 0.42573
-0.40296 0.42573
-0.39712 0.42573
-0.39128 0.42573
-0.38544 0.42573
-0.3796 0.42573
-0.37376 0.42573
-0.36792 0.42573
-0.36208 0.42573
-0.35624 0.42573
-0.3504 0.42573
-0.34456 0.42573
-0.33872 0.42573
-0.33288 0.42573
-0.32704 0.42573
-0.3212 0.42573
-0.31536 0.42573
-0.30952 0.42573
-0.30368 0.42573
-0.29784 0.42573
-0.292 0.42573
-0.28616 0.42573
-0.28032 0.42573
-0.27448 0.42573
-0.26864 0.42573
-0.2628 0.42573
-0.25696 0.42573
-0.25112 0.42573
-0.24528 0.42573
-0.23944 0.42573
-0.2336 0.42573
-0.22776 0.42573
-0.22192 0.42573
-0.21608 0.42573
-0.21024 0.42573
-0.2044 0.42573
-0.19856 0.42573
-0.19272 0.42573
-0.18688 0.42573
-0.18104 0.42573
-0.1752 0.42573
-0.16936 0.42573
-0.16352 0.42573
-0.15768 0.42573
-0.15184 0.42573
-0.146 0.42573
-0.14016 0.42573
-0.13432 0.42573
-0.12848 0.42573
-0.12264 0.42573
-0.1168 0.42573
-0.11096 0.42573
-0.10512 0.42573
-0.09928 0.42573
-0.09344 0.42573
-0.0876 0.42573
-0.08176 0.42573
-0.07592 0.42573
-0.07008 0.42573
-0.06424 0.42573
-0.0584 0.42573
-0.05256 0.42573
-0.04672 0.42573
-0.04088 0.42573
-0.03504 0.42573
-0.0292 0.42573
-0.02336 0.42573
-0.01752 0.42573
-0.01168 0.42573
-0.00584 0.42573
