-2.92 0.463126
-2.91416 0.463126
-2.90832 0.463126
-2.90248 0.463126
-2.89664 0.463126
-2.8908 0.463126
-2.88496 0.463126
-2.87912 0.463126
-2.87328 0.463126
-2.86744 0.463126
-2.8616 0.463126
-2.85576 0.463126
-2.84992 0.463126
-2.84408 0.463126
-2.83824 0.463126
-2.8324 0.463126
-2.82656 0.463126
-2.82072 0.463126
-2.81488 0.463126
-2.80904 0.463126
-2.8032 0.463126
-2.79736 0.463126
-2.79152 0.463126
-2.78568 0.463126
-2.77984 0.463126
-2.774 0.463126
-2.76816 0.463126
-2.76232 0.463126
-2.75648 0.463126
-2.75064 0.463126
-2.7448 0.463126
-2.73896 0.463126
-2.73312 0.463126
-2.72728 0.463126
-2.72144 0.463126
-2.7156 0.463126
-2.70976 0.463126
-2.70392 0.463126
-2.69808 0.463126
-2.69224 0.463126
-2.6864 0.463126
-2.68056 0.463126
-2.67472 0.463126
-2.66888 0.463126
-2.66304 0.463126
-2.6572 0.463126
-2.65136 0.463126
-2.64552 0.463126
-2.63968 0.463126
-2.63384 0.463126
-2.628 0.463126
-2.62216 0.463126
-2.61632 0.463126
-2.61048 0.463126
-2.60464 0.463126
-2.5988 0.463126
-2.59296 0.462596
-2.58712 0.461756
-2.58128 0.460827
-2.57544 0.459857
-2.5696 0.458709
-2.56376 0.457561
-2.55792 0.456281
-2.55208 0.455002
-2.54624 0.453766
-2.5404 0.452311
-2.53456 0.450724
-2.52872 0.449093
-2.52288 0.447463
-2.51704 0.445744
-2.5112 0.443935
-2.50536 0.442084
-2.49952 0.440276
-2.49368 0.438424
-2.48784 0.436526
-2.482 0.434716
-2.47616 0.432638
-2.47032 0.430562
-2.46448 0.428227
-2.45864 0.426098
-2.4528 0.423722
-2.44696 0.421589
-2.44112 0.419251
-2.43528 0.416739
-2.42944 0.41482
-2.4236 0.412731
-2.41776 0.410633
-2.41192 0.408456
-2.40608 0.406273
-2.40024 0.404215
-2.3944 0.401984
-2.38856 0.399717
-2.38272 0.397732
-2.37688 0.395751
-2.37104 0.393433
-2.3652 0.391113
-2.35936 0.388793
-2.35352 0.386007
-2.34768 0.384481
-2.34184 0.381825
-2.336 0.380133
-2.33016 0.377434
-2.32432 0.37528
-2.31848 0.374673
-2.31264 0.371053
-2.3068 0.368343
-2.30096 0.366154
-2.29512 0.363375
-2.28928 0.361337
-2.28344 0.36157
-2.2776 0.358495
-2.27176 0.356671
-2.26592 0.353551
-2.26008 0.350801
-2.25424 0.349531
-2.2484 0.346733
-2.24256 0.344271
-2.23672 0.341523
-2.23088 0.34037
-2.22504 0.337236
-2.2192 0.336374
-2.21336 0.332979
-2.20752 0.3294
-2.20168 0.328821
-2.19584 0.324591
-2.19 0.32221
-2.18416 0.318572
-2.17832 0.317782
-2.17248 0.315154
-2.16664 0.31309
-2.1608 0.309073
-2.15496 0.307298
-2.14912 0.304716
-2.14328 0.303297
-2.13744 0.299974
-2.1316 0.298213
-2.12576 0.295329
-2.11992 0.294268
-2.11408 0.293277
-2.10824 0.289756
-2.1024 0.291329
-2.09656 0.289275
-2.09072 0.287347
-2.08488 0.286656
-2.07904 0.280655
-2.0732 0.281685
-2.06736 0.280502
-2.06152 0.27536
-2.05568 0.278029
-2.04984 0.277087
-2.044 0.276407
-2.03816 0.271678
-2.03232 0.272097
-2.02648 0.271026
-2.02064 0.268899
-2.0148 0.267694
-2.00896 0.267974
-2.00312 0.265309
-1.99728 0.266464
-1.99144 0.261557
-1.9856 0.263851
-1.97976 0.265282
-1.97392 0.264069
-1.96808 0.261059
-1.96224 0.259802
-1.9564 0.258115
-1.95056 0.255115
-1.94472 0.257286
-1.93888 0.256738
-1.93304 0.251816
-1.9272 0.250757
-1.92136 0.250806
-1.91552 0.250089
-1.90968 0.247303
-1.90384 0.245065
-1.898 0.243035
-1.89216 0.243641
-1.88632 0.240911
-1.88048 0.234618
-1.87464 0.233182
-1.8688 0.231241
-1.86296 0.2277
-1.85712 0.226541
-1.85128 0.225647
-1.84544 0.224252
-1.8396 0.217597
-1.83376 0.217002
-1.82792 0.216052
-1.82208 0.217766
-1.81624 0.211315
-1.8104 0.210603
-1.80456 0.208269
-1.79872 0.201978
-1.79288 0.2048
-1.78704 0.200109
-1.7812 0.195177
-1.77536 0.196335
-1.76952 0.192358
-1.76368 0.190231
-1.75784 0.191561
-1.752 0.190527
-1.74616 0.188698
-1.74032 0.183224
-1.73448 0.18399
-1.72864 0.179355
-1.7228 0.17803
-1.71696 0.176642
-1.71112 0.173613
-1.70528 0.168656
-1.69944 0.167441
-1.6936 0.170057
-1.68776 0.162298
-1.68192 0.164958
-1.67608 0.16413
-1.67024 0.162825
-1.6644 0.161344
-1.65856 0.159568
-1.65272 0.161802
-1.64688 0.162887
-1.64104 0.160385
-1.6352 0.160801
-1.62936 0.164131
-1.62352 0.165648
-1.61768 0.166113
-1.61184 0.167428
-1.606 0.164616
-1.60016 0.170155
-1.59432 0.171652
-1.58848 0.170641
-1.58264 0.172182
-1.5768 0.17389
-1.57096 0.177789
-1.56512 0.175682
-1.55928 0.177856
-1.55344 0.177549
-1.5476 0.185594
-1.54176 0.190103
-1.53592 0.189861
-1.53008 0.193464
-1.52424 0.187467
-1.5184 0.193412
-1.51256 0.197407
-1.50672 0.199033
-1.50088 0.20089
-1.49504 0.200449
-1.4892 0.207823
-1.48336 0.213085
-1.47752 0.212556
-1.47168 0.215214
-1.46584 0.21647
-1.46 0.220586
-1.45416 0.221073
-1.44832 0.221644
-1.44248 0.227656
-1.43664 0.227797
-1.4308 0.229591
-1.42496 0.230306
-1.41912 0.233783
-1.41328 0.234964
-1.40744 0.238002
-1.4016 0.23652
-1.39576 0.236843
-1.38992 0.239861
-1.38408 0.240217
-1.37824 0.2415
-1.3724 0.243472
-1.36656 0.24531
-1.36072 0.241925
-1.35488 0.247799
-1.34904 0.248848
-1.3432 0.248519
-1.33736 0.252869
-1.33152 0.256593
-1.32568 0.256315
-1.31984 0.260636
-1.314 0.258524
-1.30816 0.261851
-1.30232 0.259536
-1.29648 0.262246
-1.29064 0.262574
-1.2848 0.263597
-1.27896 0.267149
-1.27312 0.268882
-1.26728 0.26933
-1.26144 0.2689
-1.2556 0.273294
-1.24976 0.273733
-1.24392 0.278143
-1.23808 0.276326
-1.23224 0.276809
-1.2264 0.27858
-1.22056 0.278624
-1.21472 0.280955
-1.20888 0.280457
-1.20304 0.284305
-1.1972 0.284502
-1.19136 0.285638
-1.18552 0.288067
-1.17968 0.287142
-1.17384 0.288195
-1.168 0.289304
-1.16216 0.292138
-1.15632 0.292757
-1.15048 0.295435
-1.14464 0.295901
-1.1388 0.301556
-1.13296 0.302282
-1.12712 0.305727
-1.12128 0.306064
-1.11544 0.311281
-1.1096 0.315982
-1.10376 0.315862
-1.09792 0.319091
-1.09208 0.322761
-1.08624 0.320895
-1.0804 0.325376
-1.07456 0.327474
-1.06872 0.329876
-1.06288 0.333262
-1.05704 0.339245
-1.0512 0.340541
-1.04536 0.34472
-1.03952 0.344027
-1.03368 0.348987
-1.02784 0.350174
-1.022 0.352185
-1.01616 0.354938
-1.01032 0.357093
-1.00448 0.360015
-0.99864 0.363342
-0.9928 0.365291
-0.98696 0.36514
-0.98112 0.36981
-0.97528 0.372081
-0.96944 0.374352
-0.9636 0.375886
-0.95776 0.378481
-0.95192 0.380904
-0.94608 0.380208
-0.94024 0.382378
-0.9344 0.385093
-0.92856 0.389487
-0.92272 0.388117
-0.91688 0.392547
-0.91104 0.395607
-0.9052 0.399296
-0.89936 0.402538
-0.89352 0.405978
-0.88768 0.408082
-0.88184 0.411168
-0.876 0.411799
-0.87016 0.415788
-0.86432 0.414274
-0.85848 0.416962
-0.85264 0.418951
-0.8468 0.422475
-0.84096 0.42753
-0.83512 0.430967
-0.82928 0.433051
-0.82344 0.434406
-0.8176 0.436888
-0.81176 0.439117
-0.80592 0.44147
-0.80008 0.442375
-0.79424 0.44589
-0.7884 0.447214
-0.78256 0.449301
-0.77672 0.451842
-0.77088 0.453355
-0.76504 0.456206
-0.7592 0.457581
-0.75336 0.459787
-0.74752 0.462985
-0.74168 0.463795
-0.73584 0.46482
-0.73 0.467209
-0.72416 0.464097
-0.71832 0.46431
-0.71248 0.465422
-0.70664 0.466049
-0.7008 0.467327
-0.69496 0.465987
-0.68912 0.467284
-0.68328 0.467599
-0.67744 0.467508
-0.6716 0.470738
-0.66576 0.470424
-0.65992 0.471928
-0.65408 0.471525
-0.64824 0.469696
-0.6424 0.470845
-0.63656 0.471114
-0.63072 0.471118
-0.62488 0.472426
-0.61904 0.474902
-0.6132 0.475448
-0.60736 0.475851
-0.60152 0.475578
-0.59568 0.475578
-0.58984 0.475578
-0.584 0.475578
-0.57816 0.475578
-0.57232 0.475578
-0.56648 0.475578
-0.56064 0.475578
-0.5548 0.475578
-0.54896 0.475578
-0.54312 0.475578
-0.53728 0.475578
-0.53144 0.475578
-0.5256 0.475578
-0.51976 0.475578
-0.51392 0.475578
-0.50808 0.475578
-0.50224 0.475578
-0.4964 0.475578
-0.49056 0.475578
-0.48472 0.475578
-0.47888 0.475578
-0.47304 0.475578
-0.4672 0.475578
-0.46136 0.475578
-0.45552 0.475578
-0.44968 0.475578
-0.44384 0.475578
-0.438 0.475578
-0.43216 0.475578
-0.42632 0.475578
-0.42048 0.475578
-0.41464 0.475578
-0.4088 0.475578
-0.40296 0.475578
-0.39712 0.475578
-0.39128 0.475578
-0.38544 0.475578
-0.3796 0.475578
-0.37376 0.475578
-0.36792 0.475578
-0.36208 0.475578
-0.35624 0.475578
-0.3504 0.475578
-0.34456 0.475578
-0.33872 0.475578
-0.33288 0.475578
-0.32704 0.475578
-0.3212 0.475578
-0.31536 0.475578
-0.30952 0.475578
-0.30368 0.475578
-0.29784 0.475578
-0.292 0.475578
-0.28616 0.475578
-0.28032 0.475578
-0.27448 0.475578
-0.26864 0.475578
-0.2628 0.475578
-0.25696 0.475578
-0.25112 0.475578
-0.24528 0.475578
-0.23944 0.475578
-0.2336 0.475578
-0.22776 0.475578
-0.22192 0.475578
-0.21608 0.475578
-0.21024 0.475578
-0.2044 0.475578
-0.19856 0.475578
-0.19272 0.475578
-0.18688 0.475578
-0.18104 0.475578
-0.1752 0.475578
-0.16936 0.475578
-0.16352 0.475578
-0.15768 0.475578
-0.15184 0.475578
-0.146 0.475578
-0.14016 0.475578
-0.13432 0.475578
-0.12848 0.475578
-0.12264 0.475578
-0.1168 0.475578
-0.11096 0.475578
-0.10512 0.475578
-0.09928 0.475578
-0.09344 0.475578
-0.0876 0.475578
-0.08176 0.475578
-0.07592 0.475578
-0.07008 0.475578
-0.06424 0.475578
-0.0584 0.475578
-0.05256 0.475578
-0.04672 0.475578
-0.04088 0.475578
-0.03504 0.475578
-0.0292 0.475578
-0.02336 0.475578
-0.01752 0.475578
-0.01168 0.475578
-0.00584 0.475578
