-2.92 0.490636
-2.91416 0.490636
-2.90832 0.490636
-2.90248 0.490636
-2.89664 0.490636
-2.8908 0.490636
-2.88496 0.490636
-2.87912 0.490636
-2.87328 0.490636
-2.86744 0.490636
-2.8616 0.490636
-2.85576 0.490636
-2.84992 0.490636
-2.84408 0.490636
-2.83824 0.490636
-2.8324 0.490636
-2.82656 0.490636
-2.82072 0.490636
-2.81488 0.490636
-2.80904 0.490636
-2.8032 0.490636
-2.79736 0.490636
-2.79152 0.490636
-2.78568 0.490636
-2.77984 0.490636
-2.774 0.490636
-2.76816 0.490636
-2.76232 0.490636
-2.75648 0.490636
-2.75064 0.490636
-2.7448 0.490636
-2.73896 0.490636
-2.73312 0.490636
-2.72728 0.490636
-2.72144 0.490636
-2.7156 0.490636
-2.70976 0.490636
-2.70392 0.490636
-2.69808 0.490636
-2.69224 0.490636
-2.6864 0.490636
-2.68056 0.490636
-2.67472 0.490636
-2.66888 0.490636
-2.66304 0.490636
-2.6572 0.490636
-2.65136 0.490636
-2.64552 0.490636
-2.63968 0.490636
-2.63384 0.490636
-2.628 0.490636
-2.62216 0.490636
-2.61632 0.490636
-2.61048 0.490636
-2.60464 0.490636
-2.5988 0.490636
-2.59296 0.490107
-2.58712 0.489356
-2.58128 0.488561
-2.57544 0.487721
-2.5696 0.486795
-2.56376 0.48569
-2.55792 0.484585
-2.55208 0.483391
-2.54624 0.482198
-2.5404 0.480828
-2.53456 0.479326
-2.52872 0.47778
-2.52288 0.476235
-2.51704 0.474643
-2.5112 0.472961
-2.50536 0.471191
-2.49952 0.469738
-2.49368 0.468496
-2.48784 0.467174
-2.482 0.467356
-2.47616 0.466278
-2.47032 0.465609
-2.46448 0.464274
-2.45864 0.464431
-2.4528 0.463626
-2.44696 0.461895
-2.44112 0.461456
-2.43528 0.461554
-2.42944 0.460615
-2.4236 0.460255
-2.41776 0.460689
-2.41192 0.459743
-2.40608 0.45955
-2.40024 0.45839
-2.3944 0.457645
-2.38856 0.458028
-2.38272 0.458753
-2.37688 0.457129
-2.37104 0.456887
-2.3652 0.455149
-2.35936 0.455863
-2.35352 0.456798
-2.34768 0.455467
-2.34184 0.45555
-2.336 0.456188
-2.33016 0.455435
-2.32432 0.453524
-2.31848 0.456456
-2.31264 0.455838
-2.3068 0.454922
-2.30096 0.454203
-2.29512 0.455091
-2.28928 0.455812
-2.28344 0.452526
-2.2776 0.452189
-2.27176 0.455969
-2.26592 0.454602
-2.26008 0.455033
-2.25424 0.454312
-2.2484 0.454546
-2.24256 0.454083
-2.23672 0.456605
-2.23088 0.454686
-2.22504 0.454344
-2.2192 0.457318
-2.21336 0.456126
-2.20752 0.455889
-2.20168 0.454833
-2.19584 0.454514
-2.19 0.455238
-2.18416 0.455133
-2.17832 0.45492
-2.17248 0.458317
-2.16664 0.462891
-2.1608 0.456483
-2.15496 0.458318
-2.14912 0.459487
-2.14328 0.45689
-2.13744 0.459156
-2.1316 0.459697
-2.12576 0.459261
-2.11992 0.463118
-2.11408 0.463927
-2.10824 0.463128
-2.1024 0.460638
-2.09656 0.462299
-2.09072 0.459818
-2.08488 0.459855
-2.07904 0.456686
-2.0732 0.457011
-2.06736 0.455746
-2.06152 0.456035
-2.05568 0.458394
-2.04984 0.455453
-2.044 0.452362
-2.03816 0.447414
-2.03232 0.446702
-2.02648 0.447335
-2.02064 0.447022
-2.0148 0.445141
-2.00896 0.442399
-2.00312 0.441118
-1.99728 0.43929
-1.99144 0.433746
-1.9856 0.435579
-1.97976 0.433291
-1.97392 0.433182
-1.96808 0.430074
-1.96224 0.428014
-1.9564 0.42865
-1.95056 0.422314
-1.94472 0.420265
-1.93888 0.422706
-1.93304 0.41787
-1.9272 0.417648
-1.92136 0.415966
-1.91552 0.408985
-1.90968 0.408708
-1.90384 0.40274
-1.898 0.397543
-1.89216 0.392169
-1.88632 0.389893
-1.88048 0.388262
-1.87464 0.3834
-1.8688 0.383862
-1.86296 0.377506
-1.85712 0.376432
-1.85128 0.367872
-1.84544 0.366758
-1.8396 0.361993
-1.83376 0.358915
-1.82792 0.351984
-1.82208 0.349165
-1.81624 0.345427
-1.8104 0.342112
-1.80456 0.337751
-1.79872 0.331668
-1.79288 0.327539
-1.78704 0.322545
-1.7812 0.32112
-1.77536 0.316517
-1.76952 0.314334
-1.76368 0.306948
-1.75784 0.302069
-1.752 0.298581
-1.74616 0.294449
-1.74032 0.289473
-1.73448 0.28332
-1.72864 0.279904
-1.7228 0.277276
-1.71696 0.269543
-1.71112 0.269958
-1.70528 0.261505
-1.69944 0.257813
-1.6936 0.250993
-1.68776 0.248116
-1.68192 0.244194
-1.67608 0.242015
-1.67024 0.237957
-1.6644 0.23263
-1.65856 0.235646
-1.65272 0.22824
-1.64688 0.226671
-1.64104 0.226768
-1.6352 0.223397
-1.62936 0.224806
-1.62352 0.22155
-1.61768 0.221894
-1.61184 0.221242
-1.606 0.219337
-1.60016 0.216134
-1.59432 0.215174
-1.58848 0.217095
-1.58264 0.211949
-1.5768 0.212637
-1.57096 0.217066
-1.56512 0.211787
-1.55928 0.214913
-1.55344 0.212569
-1.5476 0.21251
-1.54176 0.211928
-1.53592 0.212802
-1.53008 0.210356
-1.52424 0.206881
-1.5184 0.207428
-1.51256 0.208741
-1.50672 0.205889
-1.50088 0.20403
-1.49504 0.20745
-1.4892 0.208401
-1.48336 0.207521
-1.47752 0.207098
-1.47168 0.20589
-1.46584 0.20472
-1.46 0.207689
-1.45416 0.203914
-1.44832 0.204626
-1.44248 0.206215
-1.43664 0.206599
-1.4308 0.205503
-1.42496 0.209876
-1.41912 0.206473
-1.41328 0.202537
-1.40744 0.20201
-1.4016 0.202473
-1.39576 0.199087
-1.38992 0.201333
-1.38408 0.194728
-1.37824 0.195909
-1.3724 0.1966
-1.36656 0.195174
-1.36072 0.193766
-1.35488 0.191394
-1.34904 0.193165
-1.3432 0.194674
-1.33736 0.193782
-1.33152 0.195483
-1.32568 0.196054
-1.31984 0.195907
-1.314 0.195866
-1.30816 0.1948
-1.30232 0.191615
-1.29648 0.192708
-1.29064 0.191666
-1.2848 0.190542
-1.27896 0.195877
-1.27312 0.196678
-1.26728 0.19481
-1.26144 0.197073
-1.2556 0.195233
-1.24976 0.197004
-1.24392 0.195832
-1.23808 0.196595
-1.23224 0.196584
-1.2264 0.196338
-1.22056 0.19782
-1.21472 0.19553
-1.20888 0.197109
-1.20304 0.197295
-1.1972 0.19653
-1.19136 0.197633
-1.18552 0.196432
-1.17968 0.197875
-1.17384 0.20024
-1.168 0.200287
-1.16216 0.20083
-1.15632 0.202812
-1.15048 0.205623
-1.14464 0.207149
-1.1388 0.208695
-1.13296 0.214505
-1.12712 0.216775
-1.12128 0.219834
-1.11544 0.222995
-1.1096 0.227658
-1.10376 0.229755
-1.09792 0.232128
-1.09208 0.234186
-1.08624 0.232978
-1.0804 0.235673
-1.07456 0.239015
-1.06872 0.240224
-1.06288 0.242532
-1.05704 0.24812
-1.0512 0.252782
-1.04536 0.254191
-1.03952 0.256235
-1.03368 0.258849
-1.02784 0.259843
-1.022 0.261172
-1.01616 0.265422
-1.01032 0.268029
-1.00448 0.27213
-0.99864 0.273885
-0.9928 0.274925
-0.98696 0.280915
-0.98112 0.279331
-0.97528 0.28176
-0.96944 0.284235
-0.9636 0.287333
-0.95776 0.287604
-0.95192 0.290628
-0.94608 0.288294
-0.94024 0.291571
-0.9344 0.292855
-0.92856 0.294828
-0.92272 0.296237
-0.91688 0.298109
-0.91104 0.300754
-0.9052 0.304229
-0.89936 0.307579
-0.89352 0.30813
-0.88768 0.311922
-0.88184 0.314806
-0.876 0.31471
-0.87016 0.317463
-0.86432 0.316233
-0.85848 0.31898
-0.85264 0.320376
-0.8468 0.321051
-0.84096 0.327923
-0.83512 0.32835
-0.82928 0.329949
-0.82344 0.332609
-0.8176 0.332905
-0.81176 0.334677
-0.80592 0.336325
-0.80008 0.336726
-0.79424 0.338042
-0.7884 0.340349
-0.78256 0.339958
-0.77672 0.34114
-0.77088 0.344042
-0.76504 0.344025
-0.7592 0.345417
-0.75336 0.345283
-0.74752 0.346492
-0.74168 0.348086
-0.73584 0.349085
-0.73 0.349446
-0.72416 0.345538
-0.71832 0.346493
-0.71248 0.345164
-0.70664 0.344639
-0.7008 0.344529
-0.69496 0.343608
-0.68912 0.34391
-0.68328 0.343398
-0.67744 0.342143
-0.6716 0.345262
-0.66576 0.344365
-0.65992 0.345078
-0.65408 0.344932
-0.64824 0.342236
-0.6424 0.342941
-0.63656 0.342253
-0.63072 0.341729
-0.62488 0.342559
-0.61904 0.343974
-0.6132 0.344543
-0.60736 0.344938
-0.60152 0.344447
-0.59568 0.344447
-0.58984 0.344447
-0.584 0.344447
-0.57816 0.344447
-0.57232 0.344447
-0.56648 0.344447
-0.56064 0.344447
-0.5548 0.344447
-0.54896 0.344447
-0.54312 0.344447
-0.53728 0.344447
-0.53144 0.344447
-0.5256 0.344447
-0.51976 0.344447
-0.51392 0.344447
-0.50808 0.344447
-0.50224 0.344447
-0.4964 0.344447
-0.49056 0.344447
-0.48472 0.344447
-0.47888 0.344447
-0.47304 0.344447
-0.4672 0.344447
-0.46136 0.344447
-0.45552 0.344447
-0.44968 0.344447
-0.44384 0.344447
-0.438 0.344447
-0.43216 0.344447
-0.42632 0.344447
-0.42048 0.344447
-0.41464 0.344447
-0.4088 0.344447
-0.40296 0.344447
-0.39712 0.344447
-0.39128 0.344447
-0.38544 0.344447
-0.3796 0.344447
-0.37376 0.344447
-0.36792 0.344447
-0.36208 0.344447
-0.35624 0.344447
-0.3504 0.344447
-0.34456 0.344447
-0.33872 0.344447
-0.33288 0.344447
-0.32704 0.344447
-0.3212 0.344447
-0.31536 0.344447
-0.30952 0.344447
-0.30368 0.344447
-0.29784 0.344447
-0.292 0.344447
-0.28616 0.344447
-0.28032 0.344447
-0.27448 0.344447
-0.26864 0.344447
-0.2628 0.344447
-0.25696 0.344447
-0.25112 0.344447
-0.24528 0.344447
-0.23944 0.344447
-0.2336 0.344447
-0.22776 0.344447
-0.22192 0.344447
-0.21608 0.344447
-0.21024 0.344447
-0.2044 0.344447
-0.19856 0.344447
-0.19272 0.344447
-0.18688 0.344447
-0.18104 0.344447
-0.1752 0.344447
-0.16936 0.344447
-0.16352 0.344447
-0.15768 0.344447
-0.15184 0.344447
-0.146 0.344447
-0.14016 0.344447
-0.13432 0.344447
-0.12848 0.344447
-0.12264 0.344447
-0.1168 0.344447
-0.11096 0.344447
-0.10512 0.344447
-0.09928 0.344447
-0.09344 0.344447
-0.0876 0.344447
-0.08176 0.344447
-0.07592 0.344447
-0.07008 0.344447
-0.06424 0.344447
-0.0584 0.344447
-0.05256 0.344447
-0.04672 0.344447
-0.04088 0.344447
-0.03504 0.344447
-0.0292 0.344447
-0.02336 0.344447
-0.01752 0.344447
-0.01168 0.344447
-0.00584 0.344447
