-2.92 0.458515
-2.91416 0.458515
-2.90832 0.458515
-2.90248 0.458515
-2.89664 0.458515
-2.8908 0.458515
-2.88496 0.458515
-2.87912 0.458515
-2.87328 0.458515
-2.86744 0.458515
-2.8616 0.458515
-2.85576 0.458515
-2.84992 0.458515
-2.84408 0.458515
-2.83824 0.458515
-2.8324 0.458515
-2.82656 0.458515
-2.82072 0.458515
-2.81488 0.458515
-2.80904 0.458515
-2.8032 0.458515
-2.79736 0.458515
-2.79152 0.458515
-2.78568 0.458515
-2.77984 0.458515
-2.774 0.458515
-2.76816 0.458515
-2.76232 0.458515
-2.75648 0.458515
-2.75064 0.458515
-2.7448 0.458515
-2.73896 0.458515
-2.73312 0.458515
-2.72728 0.458515
-2.72144 0.458515
-2.7156 0.458515
-2.70976 0.458515
-2.70392 0.458515
-2.69808 0.458515
-2.69224 0.458515
-2.6864 0.458515
-2.68056 0.458515
-2.67472 0.458515
-2.66888 0.458515
-2.66304 0.458515
-2.6572 0.458515
-2.65136 0.458515
-2.64552 0.458515
-2.63968 0.458515
-2.63384 0.458515
-2.628 0.458515
-2.62216 0.458515
-2.61632 0.458515
-2.61048 0.458515
-2.60464 0.458515
-2.5988 0.458515
-2.59296 0.458207
-2.58712 0.457677
-2.58128 0.457103
-2.57544 0.456395
-2.5696 0.455513
-2.56376 0.454631
-2.55792 0.45366
-2.55208 0.452557
-2.54624 0.451499
-2.5404 0.45022
-2.53456 0.448942
-2.52872 0.4474
-2.52288 0.445903
-2.51704 0.444273
-2.5112 0.442598
-2.50536 0.440878
-2.49952 0.439569
-2.49368 0.438094
-2.48784 0.437365
-2.482 0.436307
-2.47616 0.435027
-2.47032 0.434207
-2.46448 0.433044
-2.45864 0.432258
-2.4528 0.431467
-2.44696 0.429759
-2.44112 0.429298
-2.43528 0.427791
-2.42944 0.427712
-2.4236 0.426586
-2.41776 0.425659
-2.41192 0.426326
-2.40608 0.423902
-2.40024 0.422734
-2.3944 0.422797
-2.38856 0.422924
-2.38272 0.42155
-2.37688 0.419442
-2.37104 0.419521
-2.3652 0.417499
-2.35936 0.418446
-2.35352 0.41739
-2.34768 0.41562
-2.34184 0.4152
-2.336 0.414727
-2.33016 0.41436
-2.32432 0.412651
-2.31848 0.412332
-2.31264 0.409948
-2.3068 0.410251
-2.30096 0.408216
-2.29512 0.408688
-2.28928 0.405805
-2.28344 0.405584
-2.2776 0.404336
-2.27176 0.403057
-2.26592 0.399365
-2.26008 0.398299
-2.25424 0.396845
-2.2484 0.394307
-2.24256 0.393763
-2.23672 0.391172
-2.23088 0.389963
-2.22504 0.386276
-2.2192 0.38513
-2.21336 0.383155
-2.20752 0.383303
-2.20168 0.38202
-2.19584 0.379921
-2.19 0.377996
-2.18416 0.373683
-2.17832 0.371866
-2.17248 0.367779
-2.16664 0.367266
-2.1608 0.365867
-2.15496 0.359863
-2.14912 0.362082
-2.14328 0.357614
-2.13744 0.357386
-2.1316 0.354828
-2.12576 0.349575
-2.11992 0.350343
-2.11408 0.34562
-2.10824 0.345216
-2.1024 0.343138
-2.09656 0.337793
-2.09072 0.336712
-2.08488 0.33487
-2.07904 0.326639
-2.0732 0.323317
-2.06736 0.319809
-2.06152 0.321252
-2.05568 0.312933
-2.04984 0.310654
-2.044 0.307469
-2.03816 0.300584
-2.03232 0.299041
-2.02648 0.29169
-2.02064 0.290661
-2.0148 0.28731
-2.00896 0.280968
-2.00312 0.27597
-1.99728 0.273449
-1.99144 0.27272
-1.9856 0.267372
-1.97976 0.266118
-1.97392 0.263339
-1.96808 0.25724
-1.96224 0.258159
-1.9564 0.257017
-1.95056 0.250978
-1.94472 0.251241
-1.93888 0.249312
-1.93304 0.250162
-1.9272 0.24948
-1.92136 0.242702
-1.91552 0.245378
-1.90968 0.240744
-1.90384 0.242865
-1.898 0.238609
-1.89216 0.234711
-1.88632 0.235162
-1.88048 0.239007
-1.87464 0.234255
-1.8688 0.231495
-1.86296 0.232201
-1.85712 0.231409
-1.85128 0.228536
-1.84544 0.222377
-1.8396 0.230628
-1.83376 0.225646
-1.82792 0.222383
-1.82208 0.222131
-1.81624 0.22334
-1.8104 0.222794
-1.80456 0.220815
-1.79872 0.216901
-1.79288 0.215485
-1.78704 0.216591
-1.7812 0.216336
-1.77536 0.215192
-1.76952 0.212681
-1.76368 0.21636
-1.75784 0.216605
-1.752 0.216597
-1.74616 0.21595
-1.74032 0.213191
-1.73448 0.217894
-1.72864 0.21625
-1.7228 0.219705
-1.71696 0.219671
-1.71112 0.218812
-1.70528 0.222462
-1.69944 0.220501
-1.6936 0.222192
-1.68776 0.220506
-1.68192 0.224972
-1.67608 0.220874
-1.67024 0.224146
-1.6644 0.223067
-1.65856 0.218427
-1.65272 0.222866
-1.64688 0.21961
-1.64104 0.220929
-1.6352 0.219422
-1.62936 0.219771
-1.62352 0.221888
-1.61768 0.224246
-1.61184 0.221074
-1.606 0.225594
-1.60016 0.224826
-1.59432 0.227139
-1.58848 0.228348
-1.58264 0.233503
-1.5768 0.236725
-1.57096 0.234259
-1.56512 0.241187
-1.55928 0.241664
-1.55344 0.242492
-1.5476 0.24155
-1.54176 0.246693
-1.53592 0.251055
-1.53008 0.250204
-1.52424 0.255153
-1.5184 0.261554
-1.51256 0.261267
-1.50672 0.261742
-1.50088 0.267598
-1.49504 0.269911
-1.4892 0.272473
-1.48336 0.276995
-1.47752 0.279381
-1.47168 0.282502
-1.46584 0.28166
-1.46 0.284271
-1.45416 0.284102
-1.44832 0.286817
-1.44248 0.294871
-1.43664 0.294771
-1.4308 0.297815
-1.42496 0.301393
-1.41912 0.300641
-1.41328 0.309271
-1.40744 0.309046
-1.4016 0.311406
-1.39576 0.312131
-1.38992 0.316683
-1.38408 0.320345
-1.37824 0.319314
-1.3724 0.322751
-1.36656 0.332274
-1.36072 0.336354
-1.35488 0.334361
-1.34904 0.339646
-1.3432 0.3403
-1.33736 0.343996
-1.33152 0.345256
-1.32568 0.350871
-1.31984 0.355885
-1.314 0.35527
-1.30816 0.357493
-1.30232 0.361347
-1.29648 0.365965
-1.29064 0.368759
-1.2848 0.371033
-1.27896 0.370104
-1.27312 0.372841
-1.26728 0.375788
-1.26144 0.377159
-1.2556 0.378133
-1.24976 0.382729
-1.24392 0.383618
-1.23808 0.38382
-1.23224 0.384591
-1.2264 0.389736
-1.22056 0.38566
-1.21472 0.392947
-1.20888 0.391467
-1.20304 0.391009
-1.1972 0.392498
-1.19136 0.39971
-1.18552 0.399981
-1.17968 0.401993
-1.17384 0.403371
-1.168 0.408251
-1.16216 0.408689
-1.15632 0.411458
-1.15048 0.417046
-1.14464 0.420366
-1.1388 0.423817
-1.13296 0.420488
-1.12712 0.427341
-1.12128 0.430952
-1.11544 0.429413
-1.1096 0.429489
-1.10376 0.431367
-1.09792 0.434337
-1.09208 0.434572
-1.08624 0.439493
-1.0804 0.444187
-1.07456 0.442395
-1.06872 0.44207
-1.06288 0.444641
-1.05704 0.446068
-1.0512 0.446082
-1.04536 0.44781
-1.03952 0.447529
-1.03368 0.447464
-1.02784 0.446877
-1.022 0.447247
-1.01616 0.443535
-1.01032 0.441577
-1.00448 0.444175
-0.99864 0.441999
-0.9928 0.443018
-0.98696 0.443376
-0.98112 0.44001
-0.97528 0.444166
-0.96944 0.44032
-0.9636 0.43919
-0.95776 0.436577
-0.95192 0.436192
-0.94608 0.437958
-0.94024 0.433247
-0.9344 0.435585
-0.92856 0.440808
-0.92272 0.439585
-0.91688 0.436163
-0.91104 0.436363
-0.9052 0.436589
-0.89936 0.437193
-0.89352 0.436491
-0.88768 0.436651
-0.88184 0.436745
-0.876 0.434654
-0.87016 0.433569
-0.86432 0.435971
-0.85848 0.435158
-0.85264 0.43582
-0.8468 0.435919
-0.84096 0.432997
-0.83512 0.430686
-0.82928 0.430933
-0.82344 0.432055
-0.8176 0.431052
-0.81176 0.429835
-0.80592 0.429559
-0.80008 0.428833
-0.79424 0.427608
-0.7884 0.42786
-0.78256 0.427637
-0.77672 0.426801
-0.77088 0.427634
-0.76504 0.426825
-0.7592 0.42674
-0.75336 0.426991
-0.74752 0.426986
-0.74168 0.427905
-0.73584 0.428102
-0.73 0.428747
-0.72416 0.429563
-0.71832 0.429219
-0.71248 0.430345
-0.70664 0.432787
-0.7008 0.433409
-0.69496 0.434564
-0.68912 0.436625
-0.68328 0.43804
-0.67744 0.438897
-0.6716 0.440851
-0.66576 0.44196
-0.65992 0.443657
-0.65408 0.442941
-0.64824 0.444379
-0.6424 0.447287
-0.63656 0.447964
-0.63072 0.44817
-0.62488 0.448619
-0.61904 0.447334
-0.6132 0.447144
-0.60736 0.447029
-0.60152 0.447461
-0.59568 0.447461
-0.58984 0.447461
-0.584 0.447461
-0.57816 0.447461
-0.57232 0.447461
-0.56648 0.447461
-0.56064 0.447461
-0.5548 0.447461
-0.54896 0.447461
-0.54312 0.447461
-0.53728 0.447461
-0.53144 0.447461
-0.5256 0.447461
-0.51976 0.447461
-0.51392 0.447461
-0.50808 0.447461
-0.50224 0.447461
-0.4964 0.447461
-0.49056 0.447461
-0.48472 0.447461
-0.47888 0.447461
-0.47304 0.447461
-0.4672 0.447461
-0.46136 0.447461
-0.45552 0.447461
-0.44968 0.447461
-0.44384 0.447461
-0.438 0.447461
-0.43216 0.447461
-0.42632 0.447461
-0.42048 0.447461
-0.41464 0.447461
-0.4088 0.447461
-0.40296 0.447461
-0.39712 0.447461
-0.39128 0.447461
-0.38544 0.447461
-0.3796 0.447461
-0.37376 0.447461
-0.36792 0.447461
-0.36208 0.447461
-0.35624 0.447461
-0.3504 0.447461
-0.34456 0.447461
-0.33872 0.447461
-0.33288 0.447461
-0.32704 0.447461
-0.3212 0.447461
-0.31536 0.447461
-0.30952 0.447461
-0.30368 0.447461
-0.29784 0.447461
-0.292 0.447461
-0.28616 0.447461
-0.28032 0.447461
-0.27448 0.447461
-0.26864 0.447461
-0.2628 0.447461
-0.25696 0.447461
-0.25112 0.447461
-0.24528 0.447461
-0.23944 0.447461
-0.2336 0.447461
-0.22776 0.447461
-0.22192 0.447461
-0.21608 0.447461
-0.21024 0.447461
-0.2044 0.447461
-0.19856 0.447461
-0.19272 0.447461
-0.18688 0.447461
-0.18104 0.447461
-0.1752 0.447461
-0.16936 0.447461
-0.16352 0.447461
-0.15768 0.447461
-0.15184 0.447461
-0.146 0.447461
-0.14016 0.447461
-0.13432 0.447461
-0.12848 0.447461
-0.12264 0.447461
-0.1168 0.447461
-0.11096 0.447461
-0.10512 0.447461
-0.09928 0.447461
-0.09344 0.447461
-0.0876 0.447461
-0.08176 0.447461
-0.07592 0.447461
-0.07008 0.447461
-0.06424 0.447461
-0.0584 0.447461
-0.05256 0.447461
-0.04672 0.447461
-0.04088 0.447461
-0.03504 0.447461
-0.0292 0.447461
-0.02336 0.447461
-0.01752 0.447461
-0.01168 0.447461
-0.00584 0.447461
