-2.92 0.420107
-2.91416 0.420107
-2.90832 0.420107
-2.90248 0.420107
-2.89664 0.420107
-2.8908 0.420107
-2.88496 0.420107
-2.87912 0.420107
-2.87328 0.420107
-2.86744 0.420107
-2.8616 0.420107
-2.85576 0.420107
-2.84992 0.420107
-2.84408 0.420107
-2.83824 0.420107
-2.8324 0.420107
-2.82656 0.420107
-2.82072 0.420107
-2.81488 0.420107
-2.80904 0.420107
-2.8032 0.420107
-2.79736 0.420107
-2.79152 0.420107
-2.78568 0.420107
-2.77984 0.420107
-2.774 0.420107
-2.76816 0.420107
-2.76232 0.420107
-2.75648 0.420107
-2.75064 0.420107
-2.7448 0.420107
-2.73896 0.420107
-2.73312 0.420107
-2.72728 0.420107
-2.72144 0.420107
-2.7156 0.420107
-2.70976 0.420107
-2.70392 0.420107
-2.69808 0.420107
-2.69224 0.420107
-2.6864 0.420107
-2.68056 0.420107
-2.67472 0.420107
-2.66888 0.420107
-2.66304 0.420107
-2.6572 0.420107
-2.65136 0.420107
-2.64552 0.420107
-2.63968 0.420107
-2.63384 0.420107
-2.628 0.420107
-2.62216 0.420107
-2.61632 0.420107
-2.61048 0.420107
-2.60464 0.420107
-2.5988 0.420107
-2.59296 0.419662
-2.58712 0.419041
-2.58128 0.418332
-2.57544 0.417492
-2.5696 0.416561
-2.56376 0.415543
-2.55792 0.414477
-2.55208 0.413325
-2.54624 0.41217
-2.5404 0.410924
-2.53456 0.409589
-2.52872 0.408256
-2.52288 0.406965
-2.51704 0.405631
-2.5112 0.404166
-2.50536 0.402613
-2.49952 0.401059
-2.49368 0.399505
-2.48784 0.398165
-2.482 0.396693
-2.47616 0.395166
-2.47032 0.393592
-2.46448 0.392511
-2.45864 0.390053
-2.4528 0.38918
-2.44696 0.386848
-2.44112 0.385219
-2.43528 0.383214
-2.42944 0.382343
-2.4236 0.37996
-2.41776 0.38
-2.41192 0.377496
-2.40608 0.375401
-2.40024 0.374686
-2.3944 0.371549
-2.38856 0.371249
-2.38272 0.369108
-2.37688 0.366509
-2.37104 0.365076
-2.3652 0.363647
-2.35936 0.362008
-2.35352 0.360411
-2.34768 0.357887
-2.34184 0.356319
-2.336 0.354591
-2.33016 0.352321
-2.32432 0.351336
-2.31848 0.349356
-2.31264 0.348464
-2.3068 0.346229
-2.30096 0.343119
-2.29512 0.342053
-2.28928 0.340705
-2.28344 0.339887
-2.2776 0.338733
-2.27176 0.33629
-2.26592 0.336192
-2.26008 0.333792
-2.25424 0.332302
-2.2484 0.334296
-2.24256 0.33151
-2.23672 0.330911
-2.23088 0.331436
-2.22504 0.331844
-2.2192 0.328808
-2.21336 0.330088
-2.20752 0.329198
-2.20168 0.328464
-2.19584 0.326488
-2.19 0.326147
-2.18416 0.327226
-2.17832 0.32648
-2.17248 0.32698
-2.16664 0.323469
-2.1608 0.325202
-2.15496 0.323606
-2.14912 0.323092
-2.14328 0.322903
-2.13744 0.322451
-2.1316 0.321538
-2.12576 0.321362
-2.11992 0.321934
-2.11408 0.322887
-2.10824 0.322133
-2.1024 0.320559
-2.09656 0.321549
-2.09072 0.320718
-2.08488 0.32289
-2.07904 0.322032
-2.0732 0.320853
-2.06736 0.317331
-2.06152 0.320279
-2.05568 0.318258
-2.04984 0.321172
-2.044 0.322735
-2.03816 0.318582
-2.03232 0.317514
-2.02648 0.31884
-2.02064 0.318528
-2.0148 0.316116
-2.00896 0.316568
-2.00312 0.321536
-1.99728 0.316196
-1.99144 0.317199
-1.9856 0.319414
-1.97976 0.319219
-1.97392 0.317737
-1.96808 0.317728
-1.96224 0.31754
-1.9564 0.316784
-1.95056 0.317626
-1.94472 0.315365
-1.93888 0.315012
-1.93304 0.313059
-1.9272 0.311621
-1.92136 0.310525
-1.91552 0.308953
-1.90968 0.309043
-1.90384 0.30829
-1.898 0.303684
-1.89216 0.30428
-1.88632 0.304862
-1.88048 0.300376
-1.87464 0.29747
-1.8688 0.297786
-1.86296 0.29124
-1.85712 0.293615
-1.85128 0.294583
-1.84544 0.287059
-1.8396 0.288088
-1.83376 0.284592
-1.82792 0.283579
-1.82208 0.279274
-1.81624 0.276848
-1.8104 0.277769
-1.80456 0.273794
-1.79872 0.272928
-1.79288 0.272543
-1.78704 0.267791
-1.7812 0.264008
-1.77536 0.263413
-1.76952 0.262968
-1.76368 0.260251
-1.75784 0.259557
-1.752 0.258952
-1.74616 0.252885
-1.74032 0.250103
-1.73448 0.247541
-1.72864 0.247178
-1.7228 0.242782
-1.71696 0.242851
-1.71112 0.237642
-1.70528 0.235437
-1.69944 0.231911
-1.6936 0.231881
-1.68776 0.231545
-1.68192 0.226829
-1.67608 0.222384
-1.67024 0.222834
-1.6644 0.219729
-1.65856 0.215017
-1.65272 0.215386
-1.64688 0.216736
-1.64104 0.212626
-1.6352 0.215903
-1.62936 0.215767
-1.62352 0.215177
-1.61768 0.211762
-1.61184 0.218025
-1.606 0.216577
-1.60016 0.21107
-1.59432 0.212666
-1.58848 0.210852
-1.58264 0.212315
-1.5768 0.212655
-1.57096 0.209445
-1.56512 0.212666
-1.55928 0.214032
-1.55344 0.215277
-1.5476 0.215721
-1.54176 0.215935
-1.53592 0.21396
-1.53008 0.215751
-1.52424 0.215
-1.5184 0.21342
-1.51256 0.213954
-1.50672 0.215675
-1.50088 0.214255
-1.49504 0.220642
-1.4892 0.218771
-1.48336 0.21975
-1.47752 0.219223
-1.47168 0.221824
-1.46584 0.219049
-1.46 0.221305
-1.45416 0.221569
-1.44832 0.220741
-1.44248 0.225017
-1.43664 0.222993
-1.4308 0.224844
-1.42496 0.220883
-1.41912 0.223193
-1.41328 0.22657
-1.40744 0.223908
-1.4016 0.222384
-1.39576 0.224616
-1.38992 0.227575
-1.38408 0.217301
-1.37824 0.224475
-1.3724 0.222462
-1.36656 0.224972
-1.36072 0.221628
-1.35488 0.221039
-1.34904 0.219996
-1.3432 0.223884
-1.33736 0.224199
-1.33152 0.226551
-1.32568 0.229349
-1.31984 0.227559
-1.314 0.227377
-1.30816 0.225536
-1.30232 0.226228
-1.29648 0.227799
-1.29064 0.227669
-1.2848 0.229331
-1.27896 0.232083
-1.27312 0.229511
-1.26728 0.233327
-1.26144 0.231263
-1.2556 0.232459
-1.24976 0.234517
-1.24392 0.236778
-1.23808 0.234004
-1.23224 0.235669
-1.2264 0.235321
-1.22056 0.239233
-1.21472 0.23429
-1.20888 0.239425
-1.20304 0.237501
-1.1972 0.239683
-1.19136 0.244951
-1.18552 0.240762
-1.17968 0.242935
-1.17384 0.245471
-1.168 0.246388
-1.16216 0.247162
-1.15632 0.249077
-1.15048 0.251888
-1.14464 0.252343
-1.1388 0.255229
-1.13296 0.25961
-1.12712 0.264032
-1.12128 0.265488
-1.11544 0.269097
-1.1096 0.274304
-1.10376 0.278333
-1.09792 0.281241
-1.09208 0.282752
-1.08624 0.282381
-1.0804 0.283327
-1.07456 0.288331
-1.06872 0.288603
-1.06288 0.292807
-1.05704 0.30123
-1.0512 0.301948
-1.04536 0.304097
-1.03952 0.306808
-1.03368 0.308797
-1.02784 0.310753
-1.022 0.314637
-1.01616 0.316341
-1.01032 0.318036
-1.00448 0.324128
-0.99864 0.325156
-0.9928 0.328195
-0.98696 0.328122
-0.98112 0.332672
-0.97528 0.335739
-0.96944 0.337294
-0.9636 0.338945
-0.95776 0.342221
-0.95192 0.345688
-0.94608 0.34029
-0.94024 0.345094
-0.9344 0.347527
-0.92856 0.349481
-0.92272 0.351709
-0.91688 0.353475
-0.91104 0.354895
-0.9052 0.359502
-0.89936 0.363062
-0.89352 0.366033
-0.88768 0.370412
-0.88184 0.370192
-0.876 0.371113
-0.87016 0.371682
-0.86432 0.372693
-0.85848 0.376143
-0.85264 0.378286
-0.8468 0.380972
-0.84096 0.384513
-0.83512 0.387241
-0.82928 0.388828
-0.82344 0.390109
-0.8176 0.392225
-0.81176 0.394379
-0.80592 0.39748
-0.80008 0.39704
-0.79424 0.399122
-0.7884 0.400956
-0.78256 0.403622
-0.77672 0.403805
-0.77088 0.406264
-0.76504 0.407113
-0.7592 0.409663
-0.75336 0.41185
-0.74752 0.411945
-0.74168 0.413473
-0.73584 0.415327
-0.73 0.41483
-0.72416 0.412252
-0.71832 0.413303
-0.71248 0.41267
-0.70664 0.41161
-0.7008 0.413983
-0.69496 0.4131
-0.68912 0.414502
-0.68328 0.413259
-0.67744 0.413744
-0.6716 0.416683
-0.66576 0.415981
-0.65992 0.417006
-0.65408 0.417661
-0.64824 0.415701
-0.6424 0.416003
-0.63656 0.416211
-0.63072 0.416046
-0.62488 0.41709
-0.61904 0.41915
-0.6132 0.419553
-0.60736 0.419783
-0.60152 0.41946
-0.59568 0.41946
-0.58984 0.41946
-0.584 0.41946
-0.57816 0.41946
-0.57232 0.41946
-0.56648 0.41946
-0.56064 0.41946
-0.5548 0.41946
-0.54896 0.41946
-0.54312 0.41946
-0.53728 0.41946
-0.53144 0.41946
-0.5256 0.41946
-0.51976 0.41946
-0.51392 0.41946
-0.50808 0.41946
-0.50224 0.41946
-0.4964 0.41946
-0.49056 0.41946
-0.48472 0.41946
-0.47888 0.41946
-0.47304 0.41946
-0.4672 0.41946
-0.46136 0.41946
-0.45552 0.41946
-0.44968 0.41946
-0.44384 0.41946
-0.438 0.41946
-0.43216 0.41946
-0.42632 0.41946
-0.42048 0.41946
-0.41464 0.41946
-0.4088 0.41946
-0.40296 0.41946
-0.39712 0.41946
-0.39128 0.41946
-0.38544 0.41946
-0.3796 0.41946
-0.37376 0.41946
-0.36792 0.41946
-0.36208 0.41946
-0.35624 0.41946
-0.3504 0.41946
-0.34456 0.41946
-0.33872 0.41946
-0.33288 0.41946
-0.32704 0.41946
-0.3212 0.41946
-0.31536 0.41946
-0.30952 0.41946
-0.30368 0.41946
-0.29784 0.41946
-0.292 0.41946
-0.28616 0.41946
-0.28032 0.41946
-0.27448 0.41946
-0.26864 0.41946
-0.2628 0.41946
-0.25696 0.41946
-0.25112 0.41946
-0.24528 0.41946
-0.23944 0.41946
-0.2336 0.41946
-0.22776 0.41946
-0.22192 0.41946
-0.21608 0.41946
-0.21024 0.41946
-0.2044 0.41946
-0.19856 0.41946
-0.19272 0.41946
-0.18688 0.41946
-0.18104 0.41946
-0.1752 0.41946
-0.16936 0.41946
-0.16352 0.41946
-0.15768 0.41946
-0.15184 0.41946
-0.146 0.41946
-0.14016 0.41946
-0.13432 0.41946
-0.12848 0.41946
-0.12264 0.41946
-0.1168 0.41946
-0.11096 0.41946
-0.10512 0.41946
-0.09928 0.41946
-0.09344 0.41946
-0.0876 0.41946
-0.08176 0.41946
-0.07592 0.41946
-0.07008 0.41946
-0.06424 0.41946
-0.0584 0.41946
-0.05256 0.41946
-0.04672 0.41946
-0.04088 0.41946
-0.03504 0.41946
-0.0292 0.41946
-0.02336 0.41946
-0.01752 0.41946
-0.01168 0.41946
-0.00584 0.41946
