-2.92 0.4971
-2.91416 0.4971
-2.90832 0.4971
-2.90248 0.4971
-2.89664 0.4971
-2.8908 0.4971
-2.88496 0.4971
-2.87912 0.4971
-2.87328 0.4971
-2.86744 0.4971
-2.8616 0.4971
-2.85576 0.4971
-2.84992 0.4971
-2.84408 0.4971
-2.83824 0.4971
-2.8324 0.4971
-2.82656 0.4971
-2.82072 0.4971
-2.81488 0.4971
-2.80904 0.4971
-2.8032 0.4971
-2.79736 0.4971
-2.79152 0.4971
-2.78568 0.4971
-2.77984 0.4971
-2.774 0.4971
-2.76816 0.4971
-2.76232 0.4971
-2.75648 0.4971
-2.75064 0.4971
-2.7448 0.4971
-2.73896 0.4971
-2.73312 0.4971
-2.72728 0.4971
-2.72144 0.4971
-2.7156 0.4971
-2.70976 0.4971
-2.70392 0.4971
-2.69808 0.4971
-2.69224 0.4971
-2.6864 0.4971
-2.68056 0.4971
-2.67472 0.4971
-2.66888 0.4971
-2.66304 0.4971
-2.6572 0.4971
-2.65136 0.4971
-2.64552 0.4971
-2.63968 0.4971
-2.63384 0.4971
-2.628 0.4971
-2.62216 0.4971
-2.61632 0.4971
-2.61048 0.4971
-2.60464 0.4971
-2.5988 0.4971
-2.59296 0.496789
-2.58712 0.496169
-2.58128 0.495462
-2.57544 0.494681
-2.5696 0.493688
-2.56376 0.492562
-2.55792 0.491304
-2.55208 0.490001
-2.54624 0.488696
-2.5404 0.48726
-2.53456 0.485778
-2.52872 0.484162
-2.52288 0.482547
-2.51704 0.480843
-2.5112 0.479052
-2.50536 0.477219
-2.49952 0.475386
-2.49368 0.473504
-2.48784 0.471663
-2.482 0.469785
-2.47616 0.467897
-2.47032 0.465841
-2.46448 0.46374
-2.45864 0.461679
-2.4528 0.459773
-2.44696 0.457415
-2.44112 0.454929
-2.43528 0.452809
-2.42944 0.450768
-2.4236 0.44807
-2.41776 0.445949
-2.41192 0.443581
-2.40608 0.441286
-2.40024 0.43907
-2.3944 0.436314
-2.38856 0.433665
-2.38272 0.431529
-2.37688 0.428605
-2.37104 0.425922
-2.3652 0.423608
-2.35936 0.421449
-2.35352 0.418601
-2.34768 0.41559
-2.34184 0.412572
-2.336 0.409588
-2.33016 0.407185
-2.32432 0.404532
-2.31848 0.401377
-2.31264 0.399167
-2.3068 0.396098
-2.30096 0.392441
-2.29512 0.390023
-2.28928 0.387741
-2.28344 0.383836
-2.2776 0.381038
-2.27176 0.378665
-2.26592 0.374845
-2.26008 0.373584
-2.25424 0.370413
-2.2484 0.365921
-2.24256 0.362915
-2.23672 0.360515
-2.23088 0.357017
-2.22504 0.353268
-2.2192 0.3505
-2.21336 0.347565
-2.20752 0.345955
-2.20168 0.341532
-2.19584 0.338681
-2.19 0.334798
-2.18416 0.331204
-2.17832 0.327652
-2.17248 0.32324
-2.16664 0.320994
-2.1608 0.319288
-2.15496 0.314482
-2.14912 0.312314
-2.14328 0.307762
-2.13744 0.304155
-2.1316 0.300579
-2.12576 0.29771
-2.11992 0.295323
-2.11408 0.292891
-2.10824 0.287219
-2.1024 0.28478
-2.09656 0.281353
-2.09072 0.277674
-2.08488 0.27262
-2.07904 0.269419
-2.0732 0.263022
-2.06736 0.26209
-2.06152 0.256045
-2.05568 0.252695
-2.04984 0.248512
-2.044 0.243991
-2.03816 0.241669
-2.03232 0.235739
-2.02648 0.234043
-2.02064 0.228832
-2.0148 0.225491
-2.00896 0.225798
-2.00312 0.219848
-1.99728 0.218463
-1.99144 0.215668
-1.9856 0.213403
-1.97976 0.212977
-1.97392 0.212357
-1.96808 0.208926
-1.96224 0.207611
-1.9564 0.207788
-1.95056 0.204289
-1.94472 0.203157
-1.93888 0.202266
-1.93304 0.20091
-1.9272 0.198064
-1.92136 0.199603
-1.91552 0.196813
-1.90968 0.196376
-1.90384 0.193634
-1.898 0.194247
-1.89216 0.193049
-1.88632 0.194127
-1.88048 0.192959
-1.87464 0.190137
-1.8688 0.192963
-1.86296 0.190343
-1.85712 0.189447
-1.85128 0.193192
-1.84544 0.192226
-1.8396 0.191702
-1.83376 0.191827
-1.82792 0.190112
-1.82208 0.194969
-1.81624 0.196237
-1.8104 0.193073
-1.80456 0.191721
-1.79872 0.193828
-1.79288 0.195496
-1.78704 0.194868
-1.7812 0.194049
-1.77536 0.195554
-1.76952 0.196906
-1.76368 0.195073
-1.75784 0.198646
-1.752 0.198618
-1.74616 0.197885
-1.74032 0.202031
-1.73448 0.200305
-1.72864 0.201104
-1.7228 0.203256
-1.71696 0.208397
-1.71112 0.206736
-1.70528 0.207197
-1.69944 0.211048
-1.6936 0.211053
-1.68776 0.210148
-1.68192 0.212719
-1.67608 0.210337
-1.67024 0.212658
-1.6644 0.211907
-1.65856 0.213117
-1.65272 0.21622
-1.64688 0.211967
-1.64104 0.215654
-1.6352 0.218837
-1.62936 0.215585
-1.62352 0.216566
-1.61768 0.218564
-1.61184 0.220379
-1.606 0.22163
-1.60016 0.228565
-1.59432 0.224719
-1.58848 0.230011
-1.58264 0.237038
-1.5768 0.232326
-1.57096 0.236096
-1.56512 0.236604
-1.55928 0.241199
-1.55344 0.241748
-1.5476 0.253725
-1.54176 0.255906
-1.53592 0.25713
-1.53008 0.258575
-1.52424 0.256966
-1.5184 0.265219
-1.51256 0.266553
-1.50672 0.269994
-1.50088 0.273054
-1.49504 0.278474
-1.4892 0.276783
-1.48336 0.283463
-1.47752 0.283013
-1.47168 0.283588
-1.46584 0.287734
-1.46 0.292847
-1.45416 0.293677
-1.44832 0.296915
-1.44248 0.300782
-1.43664 0.30222
-1.4308 0.305933
-1.42496 0.309932
-1.41912 0.312751
-1.41328 0.312788
-1.40744 0.314723
-1.4016 0.31892
-1.39576 0.323037
-1.38992 0.327626
-1.38408 0.334399
-1.37824 0.334387
-1.3724 0.334175
-1.36656 0.336487
-1.36072 0.33894
-1.35488 0.343589
-1.34904 0.341189
-1.3432 0.344397
-1.33736 0.346455
-1.33152 0.35513
-1.32568 0.355541
-1.31984 0.357655
-1.314 0.363829
-1.30816 0.361422
-1.30232 0.368794
-1.29648 0.371842
-1.29064 0.374764
-1.2848 0.376646
-1.27896 0.379791
-1.27312 0.381258
-1.26728 0.378567
-1.26144 0.383215
-1.2556 0.386871
-1.24976 0.387411
-1.24392 0.393426
-1.23808 0.392757
-1.23224 0.394236
-1.2264 0.397386
-1.22056 0.39923
-1.21472 0.404184
-1.20888 0.401932
-1.20304 0.409665
-1.1972 0.409563
-1.19136 0.410978
-1.18552 0.413527
-1.17968 0.417989
-1.17384 0.418112
-1.168 0.421769
-1.16216 0.426695
-1.15632 0.421396
-1.15048 0.423497
-1.14464 0.428862
-1.1388 0.425253
-1.13296 0.427327
-1.12712 0.427926
-1.12128 0.432701
-1.11544 0.433681
-1.1096 0.440547
-1.10376 0.440705
-1.09792 0.441298
-1.09208 0.440326
-1.08624 0.437682
-1.0804 0.445262
-1.07456 0.444404
-1.06872 0.44782
-1.06288 0.446368
-1.05704 0.451226
-1.0512 0.446127
-1.04536 0.448644
-1.03952 0.446363
-1.03368 0.443382
-1.02784 0.444912
-1.022 0.444754
-1.01616 0.442716
-1.01032 0.44009
-1.00448 0.438895
-0.99864 0.43902
-0.9928 0.439222
-0.98696 0.442167
-0.98112 0.439707
-0.97528 0.436485
-0.96944 0.436412
-0.9636 0.436212
-0.95776 0.436354
-0.95192 0.437726
-0.94608 0.438844
-0.94024 0.435066
-0.9344 0.434367
-0.92856 0.433118
-0.92272 0.431403
-0.91688 0.429493
-0.91104 0.426473
-0.9052 0.426046
-0.89936 0.429271
-0.89352 0.430834
-0.88768 0.427784
-0.88184 0.4291
-0.876 0.429872
-0.87016 0.425683
-0.86432 0.428656
-0.85848 0.428657
-0.85264 0.430244
-0.8468 0.427633
-0.84096 0.42923
-0.83512 0.427977
-0.82928 0.423699
-0.82344 0.423844
-0.8176 0.422043
-0.81176 0.422589
-0.80592 0.423863
-0.80008 0.421547
-0.79424 0.4228
-0.7884 0.422087
-0.78256 0.422397
-0.77672 0.422837
-0.77088 0.422644
-0.76504 0.423836
-0.7592 0.42262
-0.75336 0.423232
-0.74752 0.422956
-0.74168 0.424819
-0.73584 0.425479
-0.73 0.426494
-0.72416 0.426434
-0.71832 0.426413
-0.71248 0.427055
-0.70664 0.428309
-0.7008 0.429072
-0.69496 0.429044
-0.68912 0.430105
-0.68328 0.431988
-0.67744 0.436306
-0.6716 0.436979
-0.66576 0.438782
-0.65992 0.439734
-0.65408 0.440507
-0.64824 0.440793
-0.6424 0.443853
-0.63656 0.444588
-0.63072 0.444972
-0.62488 0.444939
-0.61904 0.445149
-0.6132 0.444393
-0.60736 0.44328
-0.60152 0.44385
-0.59568 0.44385
-0.58984 0.44385
-0.584 0.44385
-0.57816 0.44385
-0.57232 0.44385
-0.56648 0.44385
-0.56064 0.44385
-0.5548 0.44385
-0.54896 0.44385
-0.54312 0.44385
-0.53728 0.44385
-0.53144 0.44385
-0.5256 0.44385
-0.51976 0.44385
-0.51392 0.44385
-0.50808 0.44385
-0.50224 0.44385
-0.4964 0.44385
-0.49056 0.44385
-0.48472 0.44385
-0.47888 0.44385
-0.47304 0.44385
-0.4672 0.44385
-0.46136 0.44385
-0.45552 0.44385
-0.44968 0.44385
-0.44384 0.44385
-0.438 0.44385
-0.43216 0.44385
-0.42632 0.44385
-0.42048 0.44385
-0.41464 0.44385
-0.4088 0.44385
-0.40296 0.44385
-0.39712 0.44385
-0.39128 0.44385
-0.38544 0.44385
-0.3796 0.44385
-0.37376 0.44385
-0.36792 0.44385
-0.36208 0.44385
-0.35624 0.44385
-0.3504 0.44385
-0.34456 0.44385
-0.33872 0.44385
-0.33288 0.44385
-0.32704 0.44385
-0.3212 0.44385
-0.31536 0.44385
-0.30952 0.44385
-0.30368 0.44385
-0.29784 0.44385
-0.292 0.44385
-0.28616 0.44385
-0.28032 0.44385
-0.27448 0.44385
-0.26864 0.44385
-0.2628 0.44385
-0.25696 0.44385
-0.25112 0.44385
-0.24528 0.44385
-0.23944 0.44385
-0.2336 0.44385
-0.22776 0.44385
-0.22192 0.44385
-0.21608 0.44385
-0.21024 0.44385
-0.2044 0.44385
-0.19856 0.44385
-0.19272 0.44385
-0.18688 0.44385
-0.18104 0.44385
-0.1752 0.44385
-0.16936 0.44385
-0.16352 0.44385
-0.15768 0.44385
-0.15184 0.44385
-0.146 0.44385
-0.14016 0.44385
-0.13432 0.44385
-0.12848 0.44385
-0.12264 0.44385
-0.1168 0.44385
-0.11096 0.44385
-0.10512 0.44385
-0.09928 0.44385
-0.09344 0.44385
-0.0876 0.44385
-0.08176 0.44385
-0.07592 0.44385
-0.07008 0.44385
-0.06424 0.44385
-0.0584 0.44385
-0.05256 0.44385
-0.04672 0.44385
-0.04088 0.44385
-0.03504 0.44385
-0.0292 0.44385
-0.02336 0.44385
-0.01752 0.44385
-0.01168 0.44385
-0.00584 0.44385
