-2.92 0.509894
-2.91416 0.509894
-2.90832 0.509894
-2.90248 0.509894
-2.89664 0.509894
-2.8908 0.509894
-2.88496 0.509894
-2.87912 0.509894
-2.87328 0.509894
-2.86744 0.509894
-2.8616 0.509894
-2.85576 0.509894
-2.84992 0.509894
-2.84408 0.509894
-2.83824 0.509894
-2.8324 0.509894
-2.82656 0.509894
-2.82072 0.509894
-2.81488 0.509894
-2.80904 0.509894
-2.8032 0.509894
-2.79736 0.509894
-2.79152 0.509894
-2.78568 0.509894
-2.77984 0.509894
-2.774 0.509894
-2.76816 0.509894
-2.76232 0.509894
-2.75648 0.509894
-2.75064 0.509894
-2.7448 0.509894
-2.73896 0.509894
-2.73312 0.509894
-2.72728 0.509894
-2.72144 0.509894
-2.7156 0.509894
-2.70976 0.509894
-2.70392 0.509894
-2.69808 0.509894
-2.69224 0.509894
-2.6864 0.509894
-2.68056 0.509894
-2.67472 0.509894
-2.66888 0.509894
-2.66304 0.509894
-2.6572 0.509894
-2.65136 0.509894
-2.64552 0.509894
-2.63968 0.509894
-2.63384 0.509894
-2.628 0.509894
-2.62216 0.509894
-2.61632 0.509894
-2.61048 0.509894
-2.60464 0.509894
-2.5988 0.509894
-2.59296 0.509406
-2.58712 0.508521
-2.58128 0.507547
-2.57544 0.506485
-2.5696 0.505246
-2.56376 0.503738
-2.55792 0.502141
-2.55208 0.5005
-2.54624 0.498726
-2.5404 0.496865
-2.53456 0.494829
-2.52872 0.492704
-2.52288 0.490623
-2.51704 0.488498
-2.5112 0.486419
-2.50536 0.484249
-2.49952 0.482491
-2.49368 0.480902
-2.48784 0.479677
-2.482 0.478132
-2.47616 0.475827
-2.47032 0.47496
-2.46448 0.473431
-2.45864 0.472644
-2.4528 0.471394
-2.44696 0.469525
-2.44112 0.467605
-2.43528 0.465277
-2.42944 0.464733
-2.4236 0.463024
-2.41776 0.46132
-2.41192 0.459524
-2.40608 0.458759
-2.40024 0.455012
-2.3944 0.454821
-2.38856 0.451527
-2.38272 0.449808
-2.37688 0.448694
-2.37104 0.444876
-2.3652 0.444467
-2.35936 0.441209
-2.35352 0.439025
-2.34768 0.436915
-2.34184 0.433746
-2.336 0.430943
-2.33016 0.429617
-2.32432 0.424414
-2.31848 0.425033
-2.31264 0.422758
-2.3068 0.418796
-2.30096 0.417261
-2.29512 0.412851
-2.28928 0.411556
-2.28344 0.407834
-2.2776 0.406458
-2.27176 0.403019
-2.26592 0.401289
-2.26008 0.399845
-2.25424 0.394828
-2.2484 0.393997
-2.24256 0.390347
-2.23672 0.386785
-2.23088 0.386511
-2.22504 0.381753
-2.2192 0.378518
-2.21336 0.375729
-2.20752 0.374859
-2.20168 0.369149
-2.19584 0.369499
-2.19 0.365737
-2.18416 0.361107
-2.17832 0.359639
-2.17248 0.35514
-2.16664 0.353218
-2.1608 0.3498
-2.15496 0.345967
-2.14912 0.344153
-2.14328 0.33992
-2.13744 0.338453
-2.1316 0.334433
-2.12576 0.332036
-2.11992 0.332072
-2.11408 0.325393
-2.10824 0.323183
-2.1024 0.318325
-2.09656 0.317491
-2.09072 0.31406
-2.08488 0.308357
-2.07904 0.306085
-2.0732 0.30068
-2.06736 0.296661
-2.06152 0.291068
-2.05568 0.288879
-2.04984 0.282195
-2.044 0.276858
-2.03816 0.273659
-2.03232 0.268181
-2.02648 0.26416
-2.02064 0.259286
-2.0148 0.257325
-2.00896 0.252566
-2.00312 0.249716
-1.99728 0.246106
-1.99144 0.24607
-1.9856 0.241439
-1.97976 0.238897
-1.97392 0.234536
-1.96808 0.230638
-1.96224 0.227865
-1.9564 0.22617
-1.95056 0.226183
-1.94472 0.224344
-1.93888 0.219926
-1.93304 0.220198
-1.9272 0.218893
-1.92136 0.217635
-1.91552 0.215571
-1.90968 0.215205
-1.90384 0.214044
-1.898 0.215234
-1.89216 0.211749
-1.88632 0.212176
-1.88048 0.21101
-1.87464 0.209454
-1.8688 0.208298
-1.86296 0.210154
-1.85712 0.208715
-1.85128 0.209171
-1.84544 0.208124
-1.8396 0.209068
-1.83376 0.208524
-1.82792 0.208434
-1.82208 0.207132
-1.81624 0.20791
-1.8104 0.208963
-1.80456 0.206246
-1.79872 0.209509
-1.79288 0.209302
-1.78704 0.210093
-1.7812 0.209251
-1.77536 0.208506
-1.76952 0.207051
-1.76368 0.208286
-1.75784 0.211418
-1.752 0.211325
-1.74616 0.212508
-1.74032 0.210491
-1.73448 0.213308
-1.72864 0.214741
-1.7228 0.216205
-1.71696 0.2159
-1.71112 0.214718
-1.70528 0.216066
-1.69944 0.220689
-1.6936 0.217964
-1.68776 0.218547
-1.68192 0.220002
-1.67608 0.219828
-1.67024 0.220582
-1.6644 0.216509
-1.65856 0.220093
-1.65272 0.220928
-1.64688 0.222327
-1.64104 0.220116
-1.6352 0.219711
-1.62936 0.21884
-1.62352 0.217801
-1.61768 0.219697
-1.61184 0.223733
-1.606 0.225813
-1.60016 0.230412
-1.59432 0.229485
-1.58848 0.230194
-1.58264 0.234984
-1.5768 0.237835
-1.57096 0.231587
-1.56512 0.242036
-1.55928 0.241338
-1.55344 0.24882
-1.5476 0.247363
-1.54176 0.255299
-1.53592 0.253336
-1.53008 0.257929
-1.52424 0.256716
-1.5184 0.259674
-1.51256 0.26881
-1.50672 0.271214
-1.50088 0.272744
-1.49504 0.276689
-1.4892 0.279613
-1.48336 0.28063
-1.47752 0.277145
-1.47168 0.285279
-1.46584 0.287121
-1.46 0.287564
-1.45416 0.290855
-1.44832 0.2959
-1.44248 0.297205
-1.43664 0.300305
-1.4308 0.302083
-1.42496 0.309112
-1.41912 0.306822
-1.41328 0.313311
-1.40744 0.316903
-1.4016 0.319288
-1.39576 0.322967
-1.38992 0.326476
-1.38408 0.327541
-1.37824 0.332827
-1.3724 0.33261
-1.36656 0.334405
-1.36072 0.336199
-1.35488 0.338861
-1.34904 0.341637
-1.3432 0.342205
-1.33736 0.349169
-1.33152 0.350466
-1.32568 0.354069
-1.31984 0.358504
-1.314 0.361038
-1.30816 0.363836
-1.30232 0.363518
-1.29648 0.37175
-1.29064 0.370045
-1.2848 0.375304
-1.27896 0.376779
-1.27312 0.377186
-1.26728 0.378245
-1.26144 0.38194
-1.2556 0.379739
-1.24976 0.384859
-1.24392 0.387268
-1.23808 0.389849
-1.23224 0.392928
-1.2264 0.395063
-1.22056 0.396866
-1.21472 0.400421
-1.20888 0.405266
-1.20304 0.404519
-1.1972 0.410528
-1.19136 0.407675
-1.18552 0.412147
-1.17968 0.411513
-1.17384 0.417579
-1.168 0.41824
-1.16216 0.423303
-1.15632 0.42182
-1.15048 0.42318
-1.14464 0.427658
-1.1388 0.426151
-1.13296 0.41904
-1.12712 0.426228
-1.12128 0.428797
-1.11544 0.436534
-1.1096 0.432408
-1.10376 0.438211
-1.09792 0.439951
-1.09208 0.439475
-1.08624 0.43597
-1.0804 0.441162
-1.07456 0.44774
-1.06872 0.44393
-1.06288 0.445833
-1.05704 0.447923
-1.0512 0.45018
-1.04536 0.44642
-1.03952 0.441
-1.03368 0.445355
-1.02784 0.444953
-1.022 0.439781
-1.01616 0.440376
-1.01032 0.441511
-1.00448 0.438918
-0.99864 0.436587
-0.9928 0.437368
-0.98696 0.439838
-0.98112 0.433356
-0.97528 0.436563
-0.96944 0.435139
-0.9636 0.434282
-0.95776 0.43527
-0.95192 0.434666
-0.94608 0.433778
-0.94024 0.432749
-0.9344 0.43215
-0.92856 0.431456
-0.92272 0.425621
-0.91688 0.427822
-0.91104 0.42731
-0.9052 0.4262
-0.89936 0.426953
-0.89352 0.426853
-0.88768 0.426795
-0.88184 0.426825
-0.876 0.425321
-0.87016 0.424484
-0.86432 0.425805
-0.85848 0.427166
-0.85264 0.426357
-0.8468 0.422423
-0.84096 0.42438
-0.83512 0.42338
-0.82928 0.421845
-0.82344 0.420271
-0.8176 0.419274
-0.81176 0.419826
-0.80592 0.421078
-0.80008 0.418107
-0.79424 0.418423
-0.7884 0.419537
-0.78256 0.418233
-0.77672 0.418311
-0.77088 0.4191
-0.76504 0.418752
-0.7592 0.420297
-0.75336 0.418867
-0.74752 0.420069
-0.74168 0.41914
-0.73584 0.421337
-0.73 0.421252
-0.72416 0.423231
-0.71832 0.422608
-0.71248 0.423727
-0.70664 0.42468
-0.7008 0.424394
-0.69496 0.425026
-0.68912 0.426028
-0.68328 0.427415
-0.67744 0.431434
-0.6716 0.432978
-0.66576 0.434249
-0.65992 0.435801
-0.65408 0.435456
-0.64824 0.436364
-0.6424 0.43911
-0.63656 0.440283
-0.63072 0.440171
-0.62488 0.440315
-0.61904 0.440259
-0.6132 0.440121
-0.60736 0.439096
-0.60152 0.439665
-0.59568 0.439665
-0.58984 0.439665
-0.584 0.439665
-0.57816 0.439665
-0.57232 0.439665
-0.56648 0.439665
-0.56064 0.439665
-0.5548 0.439665
-0.54896 0.439665
-0.54312 0.439665
-0.53728 0.439665
-0.53144 0.439665
-0.5256 0.439665
-0.51976 0.439665
-0.51392 0.439665
-0.50808 0.439665
-0.50224 0.439665
-0.4964 0.439665
-0.49056 0.439665
-0.48472 0.439665
-0.47888 0.439665
-0.47304 0.439665
-0.4672 0.439665
-0.46136 0.439665
-0.45552 0.439665
-0.44968 0.439665
-0.44384 0.439665
-0.438 0.439665
-0.43216 0.439665
-0.42632 0.439665
-0.42048 0.439665
-0.41464 0.439665
-0.4088 0.439665
-0.40296 0.439665
-0.39712 0.439665
-0.39128 0.439665
-0.38544 0.439665
-0.3796 0.439665
-0.37376 0.439665
-0.36792 0.439665
-0.36208 0.439665
-0.35624 0.439665
-0.3504 0.439665
-0.34456 0.439665
-0.33872 0.439665
-0.33288 0.439665
-0.32704 0.439665
-0.3212 0.439665
-0.31536 0.439665
-0.30952 0.439665
-0.30368 0.439665
-0.29784 0.439665
-0.292 0.439665
-0.28616 0.439665
-0.28032 0.439665
-0.27448 0.439665
-0.26864 0.439665
-0.2628 0.439665
-0.25696 0.439665
-0.25112 0.439665
-0.24528 0.439665
-0.23944 0.439665
-0.2336 0.439665
-0.22776 0.439665
-0.22192 0.439665
-0.21608 0.439665
-0.21024 0.439665
-0.2044 0.439665
-0.19856 0.439665
-0.19272 0.439665
-0.18688 0.439665
-0.18104 0.439665
-0.1752 0.439665
-0.16936 0.439665
-0.16352 0.439665
-0.15768 0.439665
-0.15184 0.439665
-0.146 0.439665
-0.14016 0.439665
-0.13432 0.439665
-0.12848 0.439665
-0.12264 0.439665
-0.1168 0.439665
-0.11096 0.439665
-0.10512 0.439665
-0.09928 0.439665
-0.09344 0.439665
-0.0876 0.439665
-0.08176 0.439665
-0.07592 0.439665
-0.07008 0.439665
-0.06424 0.439665
-0.0584 0.439665
-0.05256 0.439665
-0.04672 0.439665
-0.04088 0.439665
-0.03504 0.439665
-0.0292 0.439665
-0.02336 0.439665
-0.01752 0.439665
-0.01168 0.439665
-0.00584 0.439665
