-2.92 0.437648
-2.91416 0.437648
-2.90832 0.437648
-2.90248 0.437648
-2.89664 0.437648
-2.8908 0.437648
-2.88496 0.437648
-2.87912 0.437648
-2.87328 0.437648
-2.86744 0.437648
-2.8616 0.437648
-2.85576 0.437648
-2.84992 0.437648
-2.84408 0.437648
-2.83824 0.437648
-2.8324 0.437648
-2.82656 0.437648
-2.82072 0.437648
-2.81488 0.437648
-2.80904 0.437648
-2.8032 0.437648
-2.79736 0.437648
-2.79152 0.437648
-2.78568 0.437648
-2.77984 0.437648
-2.774 0.437648
-2.76816 0.437648
-2.76232 0.437648
-2.75648 0.437648
-2.75064 0.437648
-2.7448 0.437648
-2.73896 0.437648
-2.73312 0.437648
-2.72728 0.437648
-2.72144 0.437648
-2.7156 0.437648
-2.70976 0.437648
-2.70392 0.437648
-2.69808 0.437648
-2.69224 0.437648
-2.6864 0.437648
-2.68056 0.437648
-2.67472 0.437648
-2.66888 0.437648
-2.66304 0.437648
-2.6572 0.437648
-2.65136 0.437648
-2.64552 0.437648
-2.63968 0.437648
-2.63384 0.437648
-2.628 0.437648
-2.62216 0.437648
-2.61632 0.437648
-2.61048 0.437648
-2.60464 0.437648
-2.5988 0.437648
-2.59296 0.437251
-2.58712 0.43659
-2.58128 0.435841
-2.57544 0.435002
-2.5696 0.434074
-2.56376 0.433147
-2.55792 0.432131
-2.55208 0.431071
-2.54624 0.429922
-2.5404 0.428642
-2.53456 0.427274
-2.52872 0.425906
-2.52288 0.42445
-2.51704 0.422949
-2.5112 0.421404
-2.50536 0.41977
-2.49952 0.418503
-2.49368 0.417694
-2.48784 0.416797
-2.482 0.415872
-2.47616 0.414512
-2.47032 0.41386
-2.46448 0.41329
-2.45864 0.411932
-2.4528 0.410445
-2.44696 0.409624
-2.44112 0.408134
-2.43528 0.407262
-2.42944 0.40602
-2.4236 0.403693
-2.41776 0.402147
-2.41192 0.401017
-2.40608 0.399591
-2.40024 0.397663
-2.3944 0.395611
-2.38856 0.393766
-2.38272 0.392
-2.37688 0.390318
-2.37104 0.38859
-2.3652 0.385197
-2.35936 0.384329
-2.35352 0.382004
-2.34768 0.380775
-2.34184 0.377991
-2.336 0.375048
-2.33016 0.373269
-2.32432 0.370862
-2.31848 0.369108
-2.31264 0.366657
-2.3068 0.36454
-2.30096 0.361625
-2.29512 0.358639
-2.28928 0.358558
-2.28344 0.355558
-2.2776 0.35134
-2.27176 0.35063
-2.26592 0.349923
-2.26008 0.346884
-2.25424 0.343663
-2.2484 0.340209
-2.24256 0.338648
-2.23672 0.336469
-2.23088 0.33284
-2.22504 0.33109
-2.2192 0.327033
-2.21336 0.326819
-2.20752 0.322185
-2.20168 0.321559
-2.19584 0.31866
-2.19 0.315422
-2.18416 0.313275
-2.17832 0.310806
-2.17248 0.307347
-2.16664 0.306386
-2.1608 0.301199
-2.15496 0.29912
-2.14912 0.297677
-2.14328 0.293918
-2.13744 0.291207
-2.1316 0.288509
-2.12576 0.286371
-2.11992 0.281944
-2.11408 0.279266
-2.10824 0.278028
-2.1024 0.273436
-2.09656 0.271081
-2.09072 0.265644
-2.08488 0.263294
-2.07904 0.257652
-2.0732 0.253431
-2.06736 0.249655
-2.06152 0.246247
-2.05568 0.242548
-2.04984 0.238398
-2.044 0.233664
-2.03816 0.227726
-2.03232 0.223691
-2.02648 0.219707
-2.02064 0.215181
-2.0148 0.2102
-2.00896 0.208123
-2.00312 0.203483
-1.99728 0.199817
-1.99144 0.19864
-1.9856 0.197565
-1.97976 0.19261
-1.97392 0.190262
-1.96808 0.18993
-1.96224 0.188827
-1.9564 0.186068
-1.95056 0.18352
-1.94472 0.184581
-1.93888 0.184432
-1.93304 0.182023
-1.9272 0.181582
-1.92136 0.180377
-1.91552 0.178937
-1.90968 0.181003
-1.90384 0.178518
-1.898 0.177224
-1.89216 0.180744
-1.88632 0.177137
-1.88048 0.177504
-1.87464 0.177056
-1.8688 0.179377
-1.86296 0.178681
-1.85712 0.176605
-1.85128 0.179048
-1.84544 0.178944
-1.8396 0.179676
-1.83376 0.177803
-1.82792 0.18256
-1.82208 0.181627
-1.81624 0.182495
-1.8104 0.181397
-1.80456 0.182208
-1.79872 0.181117
-1.79288 0.184562
-1.78704 0.180585
-1.7812 0.184962
-1.77536 0.185136
-1.76952 0.183729
-1.76368 0.189535
-1.75784 0.188688
-1.752 0.189171
-1.74616 0.191455
-1.74032 0.191224
-1.73448 0.194842
-1.72864 0.196157
-1.7228 0.194471
-1.71696 0.202165
-1.71112 0.20139
-1.70528 0.203579
-1.69944 0.20628
-1.6936 0.206851
-1.68776 0.208108
-1.68192 0.208834
-1.67608 0.2114
-1.67024 0.212951
-1.6644 0.211552
-1.65856 0.212552
-1.65272 0.213224
-1.64688 0.213202
-1.64104 0.212962
-1.6352 0.217365
-1.62936 0.218242
-1.62352 0.217825
-1.61768 0.218237
-1.61184 0.216514
-1.606 0.22154
-1.60016 0.222224
-1.59432 0.222394
-1.58848 0.227024
-1.58264 0.230662
-1.5768 0.233501
-1.57096 0.234508
-1.56512 0.238315
-1.55928 0.239164
-1.55344 0.239856
-1.5476 0.241454
-1.54176 0.244499
-1.53592 0.248699
-1.53008 0.25177
-1.52424 0.251202
-1.5184 0.257816
-1.51256 0.257043
-1.50672 0.261892
-1.50088 0.264758
-1.49504 0.261046
-1.4892 0.269628
-1.48336 0.274648
-1.47752 0.273981
-1.47168 0.275131
-1.46584 0.275279
-1.46 0.275399
-1.45416 0.278093
-1.44832 0.276951
-1.44248 0.280372
-1.43664 0.278638
-1.4308 0.288556
-1.42496 0.286906
-1.41912 0.290076
-1.41328 0.291811
-1.40744 0.295655
-1.4016 0.297579
-1.39576 0.296046
-1.38992 0.297535
-1.38408 0.303087
-1.37824 0.303751
-1.3724 0.306325
-1.36656 0.311964
-1.36072 0.311945
-1.35488 0.317332
-1.34904 0.316548
-1.3432 0.319339
-1.33736 0.320207
-1.33152 0.320311
-1.32568 0.326913
-1.31984 0.326031
-1.314 0.329024
-1.30816 0.328732
-1.30232 0.333121
-1.29648 0.336715
-1.29064 0.339079
-1.2848 0.338003
-1.27896 0.345428
-1.27312 0.33997
-1.26728 0.341924
-1.26144 0.345244
-1.2556 0.343474
-1.24976 0.343471
-1.24392 0.345944
-1.23808 0.347803
-1.23224 0.350156
-1.2264 0.35035
-1.22056 0.350327
-1.21472 0.351493
-1.20888 0.351653
-1.20304 0.349983
-1.1972 0.356836
-1.19136 0.358081
-1.18552 0.359518
-1.17968 0.360841
-1.17384 0.356091
-1.168 0.360575
-1.16216 0.365017
-1.15632 0.362109
-1.15048 0.367133
-1.14464 0.3693
-1.1388 0.371836
-1.13296 0.371365
-1.12712 0.372819
-1.12128 0.372682
-1.11544 0.372366
-1.1096 0.37097
-1.10376 0.374563
-1.09792 0.376125
-1.09208 0.376106
-1.08624 0.37546
-1.0804 0.381685
-1.07456 0.37749
-1.06872 0.382089
-1.06288 0.383659
-1.05704 0.374994
-1.0512 0.379088
-1.04536 0.379195
-1.03952 0.378792
-1.03368 0.376353
-1.02784 0.373577
-1.022 0.371416
-1.01616 0.370474
-1.01032 0.365678
-1.00448 0.362843
-0.99864 0.362396
-0.9928 0.365121
-0.98696 0.359915
-0.98112 0.358127
-0.97528 0.354781
-0.96944 0.355201
-0.9636 0.355574
-0.95776 0.349733
-0.95192 0.347415
-0.94608 0.350334
-0.94024 0.346358
-0.9344 0.347638
-0.92856 0.346056
-0.92272 0.344562
-0.91688 0.346471
-0.91104 0.340957
-0.9052 0.340242
-0.89936 0.337355
-0.89352 0.338215
-0.88768 0.336434
-0.88184 0.336343
-0.876 0.333
-0.87016 0.332418
-0.86432 0.332075
-0.85848 0.330842
-0.85264 0.330307
-0.8468 0.329575
-0.84096 0.328809
-0.83512 0.323963
-0.82928 0.322082
-0.82344 0.321943
-0.8176 0.320453
-0.81176 0.317594
-0.80592 0.316297
-0.80008 0.313458
-0.79424 0.311181
-0.7884 0.311419
-0.78256 0.309848
-0.77672 0.309396
-0.77088 0.307104
-0.76504 0.306566
-0.7592 0.305942
-0.75336 0.305574
-0.74752 0.303819
-0.74168 0.303922
-0.73584 0.303172
-0.73 0.302311
-0.72416 0.302587
-0.71832 0.302297
-0.71248 0.302988
-0.70664 0.30445
-0.7008 0.304762
-0.69496 0.305921
-0.68912 0.306438
-0.68328 0.307469
-0.67744 0.308656
-0.6716 0.309808
-0.66576 0.310606
-0.65992 0.31124
-0.65408 0.310609
-0.64824 0.311701
-0.6424 0.313037
-0.63656 0.314166
-0.63072 0.313984
-0.62488 0.314685
-0.61904 0.312174
-0.6132 0.311943
-0.60736 0.311663
-0.60152 0.311974
-0.59568 0.311974
-0.58984 0.311974
-0.584 0.311974
-0.57816 0.311974
-0.57232 0.311974
-0.56648 0.311974
-0.56064 0.311974
-0.5548 0.311974
-0.54896 0.311974
-0.54312 0.311974
-0.53728 0.311974
-0.53144 0.311974
-0.5256 0.311974
-0.51976 0.311974
-0.51392 0.311974
-0.50808 0.311974
-0.50224 0.311974
-0.4964 0.311974
-0.49056 0.311974
-0.48472 0.311974
-0.47888 0.311974
-0.47304 0.311974
-0.4672 0.311974
-0.46136 0.311974
-0.45552 0.311974
-0.44968 0.311974
-0.44384 0.311974
-0.438 0.311974
-0.43216 0.311974
-0.42632 0.311974
-0.42048 0.311974
-0.41464 0.311974
-0.4088 0.311974
-0.40296 0.311974
-0.39712 0.311974
-0.39128 0.311974
-0.38544 0.311974
-0.3796 0.311974
-0.37376 0.311974
-0.36792 0.311974
-0.36208 0.311974
-0.35624 0.311974
-0.3504 0.311974
-0.34456 0.311974
-0.33872 0.311974
-0.33288 0.311974
-0.32704 0.311974
-0.3212 0.311974
-0.31536 0.311974
-0.30952 0.311974
-0.30368 0.311974
-0.29784 0.311974
-0.292 0.311974
-0.28616 0.311974
-0.28032 0.311974
-0.27448 0.311974
-0.26864 0.311974
-0.2628 0.311974
-0.25696 0.311974
-0.25112 0.311974
-0.24528 0.311974
-0.23944 0.311974
-0.2336 0.311974
-0.22776 0.311974
-0.22192 0.311974
-0.21608 0.311974
-0.21024 0.311974
-0.2044 0.311974
-0.19856 0.311974
-0.19272 0.311974
-0.18688 0.311974
-0.18104 0.311974
-0.1752 0.311974
-0.16936 0.311974
-0.16352 0.311974
-0.15768 0.311974
-0.15184 0.311974
-0.146 0.311974
-0.14016 0.311974
-0.13432 0.311974
-0.12848 0.311974
-0.12264 0.311974
-0.1168 0.311974
-0.11096 0.311974
-0.10512 0.311974
-0.09928 0.311974
-0.09344 0.311974
-0.0876 0.311974
-0.08176 0.311974
-0.07592 0.311974
-0.07008 0.311974
-0.06424 0.311974
-0.0584 0.311974
-0.05256 0.311974
-0.04672 0.311974
-0.04088 0.311974
-0.03504 0.311974
-0.0292 0.311974
-0.02336 0.311974
-0.01752 0.311974
-0.01168 0.311974
-0.00584 0.311974
