-2.92 0.491881
-2.91416 0.491881
-2.90832 0.491881
-2.90248 0.491881
-2.89664 0.491881
-2.8908 0.491881
-2.88496 0.491881
-2.87912 0.491881
-2.87328 0.491881
-2.86744 0.491881
-2.8616 0.491881
-2.85576 0.491881
-2.84992 0.491881
-2.84408 0.491881
-2.83824 0.491881
-2.8324 0.491881
-2.82656 0.491881
-2.82072 0.491881
-2.81488 0.491881
-2.80904 0.491881
-2.8032 0.491881
-2.79736 0.491881
-2.79152 0.491881
-2.78568 0.491881
-2.77984 0.491881
-2.774 0.491881
-2.76816 0.491881
-2.76232 0.491881
-2.75648 0.491881
-2.75064 0.491881
-2.7448 0.491881
-2.73896 0.491881
-2.73312 0.491881
-2.72728 0.491881
-2.72144 0.491881
-2.7156 0.491881
-2.70976 0.491881
-2.70392 0.491881
-2.69808 0.491881
-2.69224 0.491881
-2.6864 0.491881
-2.68056 0.491881
-2.67472 0.491881
-2.66888 0.491881
-2.66304 0.491881
-2.6572 0.491881
-2.65136 0.491881
-2.64552 0.491881
-2.63968 0.491881
-2.63384 0.491881
-2.628 0.491881
-2.62216 0.491881
-2.61632 0.491881
-2.61048 0.491881
-2.60464 0.491881
-2.5988 0.491881
-2.59296 0.491439
-2.58712 0.490821
-2.58128 0.490115
-2.57544 0.489231
-2.5696 0.488303
-2.56376 0.487328
-2.55792 0.486266
-2.55208 0.485157
-2.54624 0.483961
-2.5404 0.482715
-2.53456 0.481379
-2.52872 0.479999
-2.52288 0.478619
-2.51704 0.477064
-2.5112 0.475376
-2.50536 0.473688
-2.49952 0.472538
-2.49368 0.471764
-2.48784 0.470658
-2.482 0.470629
-2.47616 0.469549
-2.47032 0.469209
-2.46448 0.468702
-2.45864 0.468025
-2.4528 0.466845
-2.44696 0.466964
-2.44112 0.466483
-2.43528 0.465376
-2.42944 0.46493
-2.4236 0.464569
-2.41776 0.463624
-2.41192 0.463765
-2.40608 0.46298
-2.40024 0.462711
-2.3944 0.460714
-2.38856 0.460984
-2.38272 0.459987
-2.37688 0.457198
-2.37104 0.459461
-2.3652 0.457725
-2.35936 0.457167
-2.35352 0.456344
-2.34768 0.456812
-2.34184 0.45599
-2.336 0.454432
-2.33016 0.452893
-2.32432 0.453427
-2.31848 0.452058
-2.31264 0.449263
-2.3068 0.448091
-2.30096 0.447961
-2.29512 0.448456
-2.28928 0.447612
-2.28344 0.448042
-2.2776 0.445813
-2.27176 0.445236
-2.26592 0.445197
-2.26008 0.44527
-2.25424 0.444815
-2.2484 0.444264
-2.24256 0.442903
-2.23672 0.440894
-2.23088 0.441291
-2.22504 0.443082
-2.2192 0.439686
-2.21336 0.438938
-2.20752 0.441325
-2.20168 0.440929
-2.19584 0.436215
-2.19 0.438518
-2.18416 0.436904
-2.17832 0.436764
-2.17248 0.436631
-2.16664 0.436051
-2.1608 0.43388
-2.15496 0.43242
-2.14912 0.435083
-2.14328 0.435085
-2.13744 0.431447
-2.1316 0.433738
-2.12576 0.432879
-2.11992 0.430485
-2.11408 0.435148
-2.10824 0.434235
-2.1024 0.429834
-2.09656 0.429832
-2.09072 0.429858
-2.08488 0.427577
-2.07904 0.425511
-2.0732 0.423963
-2.06736 0.420905
-2.06152 0.420461
-2.05568 0.418101
-2.04984 0.415453
-2.044 0.41509
-2.03816 0.411885
-2.03232 0.409017
-2.02648 0.409922
-2.02064 0.404061
-2.0148 0.403525
-2.00896 0.399357
-2.00312 0.39723
-1.99728 0.39615
-1.99144 0.394307
-1.9856 0.391485
-1.97976 0.387142
-1.97392 0.384705
-1.96808 0.379299
-1.96224 0.382747
-1.9564 0.383365
-1.95056 0.378474
-1.94472 0.374908
-1.93888 0.370019
-1.93304 0.367732
-1.9272 0.361386
-1.92136 0.357013
-1.91552 0.359801
-1.90968 0.354435
-1.90384 0.355198
-1.898 0.348213
-1.89216 0.345572
-1.88632 0.340036
-1.88048 0.340855
-1.87464 0.336258
-1.8688 0.334661
-1.86296 0.328924
-1.85712 0.32407
-1.85128 0.321653
-1.84544 0.317382
-1.8396 0.316519
-1.83376 0.311307
-1.82792 0.303562
-1.82208 0.304543
-1.81624 0.3001
-1.8104 0.295598
-1.80456 0.291739
-1.79872 0.288546
-1.79288 0.288313
-1.78704 0.276892
-1.7812 0.27802
-1.77536 0.276685
-1.76952 0.270036
-1.76368 0.270349
-1.75784 0.263454
-1.752 0.263594
-1.74616 0.258054
-1.74032 0.250418
-1.73448 0.250216
-1.72864 0.247546
-1.7228 0.242187
-1.71696 0.236979
-1.71112 0.23848
-1.70528 0.231657
-1.69944 0.228181
-1.6936 0.228692
-1.68776 0.22568
-1.68192 0.221284
-1.67608 0.222355
-1.67024 0.21608
-1.6644 0.215105
-1.65856 0.211987
-1.65272 0.212361
-1.64688 0.209151
-1.64104 0.208964
-1.6352 0.211278
-1.62936 0.211688
-1.62352 0.209781
-1.61768 0.207185
-1.61184 0.208334
-1.606 0.208125
-1.60016 0.207474
-1.59432 0.207366
-1.58848 0.205681
-1.58264 0.203752
-1.5768 0.206133
-1.57096 0.211398
-1.56512 0.207133
-1.55928 0.210902
-1.55344 0.213301
-1.5476 0.216383
-1.54176 0.213559
-1.53592 0.219364
-1.53008 0.21781
-1.52424 0.212758
-1.5184 0.209154
-1.51256 0.216898
-1.50672 0.212133
-1.50088 0.212443
-1.49504 0.221162
-1.4892 0.217633
-1.48336 0.217163
-1.47752 0.218314
-1.47168 0.218969
-1.46584 0.221465
-1.46 0.220299
-1.45416 0.218038
-1.44832 0.219013
-1.44248 0.221579
-1.43664 0.222886
-1.4308 0.220444
-1.42496 0.220903
-1.41912 0.220598
-1.41328 0.222518
-1.40744 0.219123
-1.4016 0.221881
-1.39576 0.222214
-1.38992 0.220833
-1.38408 0.217383
-1.37824 0.215242
-1.3724 0.221418
-1.36656 0.219133
-1.36072 0.219487
-1.35488 0.221143
-1.34904 0.218795
-1.3432 0.223154
-1.33736 0.21825
-1.33152 0.224154
-1.32568 0.226793
-1.31984 0.222261
-1.314 0.227134
-1.30816 0.229231
-1.30232 0.222319
-1.29648 0.223953
-1.29064 0.224326
-1.2848 0.225777
-1.27896 0.22997
-1.27312 0.227635
-1.26728 0.229156
-1.26144 0.230816
-1.2556 0.230042
-1.24976 0.23466
-1.24392 0.232838
-1.23808 0.234047
-1.23224 0.234495
-1.2264 0.233768
-1.22056 0.233865
-1.21472 0.233317
-1.20888 0.233482
-1.20304 0.235199
-1.1972 0.235555
-1.19136 0.238197
-1.18552 0.237493
-1.17968 0.237626
-1.17384 0.239776
-1.168 0.239959
-1.16216 0.244429
-1.15632 0.244538
-1.15048 0.246211
-1.14464 0.247815
-1.1388 0.24905
-1.13296 0.255344
-1.12712 0.255315
-1.12128 0.260304
-1.11544 0.263283
-1.1096 0.266607
-1.10376 0.267024
-1.09792 0.270754
-1.09208 0.272933
-1.08624 0.272102
-1.0804 0.272104
-1.07456 0.276894
-1.06872 0.278773
-1.06288 0.27788
-1.05704 0.287728
-1.0512 0.288811
-1.04536 0.290023
-1.03952 0.291907
-1.03368 0.296415
-1.02784 0.296674
-1.022 0.297789
-1.01616 0.298505
-1.01032 0.300427
-1.00448 0.303573
-0.99864 0.306054
-0.9928 0.306603
-0.98696 0.308472
-0.98112 0.309602
-0.97528 0.313427
-0.96944 0.312757
-0.9636 0.315951
-0.95776 0.316482
-0.95192 0.317352
-0.94608 0.317068
-0.94024 0.317947
-0.9344 0.32114
-0.92856 0.323917
-0.92272 0.324522
-0.91688 0.327168
-0.91104 0.329534
-0.9052 0.33214
-0.89936 0.334695
-0.89352 0.33623
-0.88768 0.33916
-0.88184 0.340582
-0.876 0.342368
-0.87016 0.34464
-0.86432 0.343563
-0.85848 0.346164
-0.85264 0.347253
-0.8468 0.349298
-0.84096 0.355198
-0.83512 0.354364
-0.82928 0.356268
-0.82344 0.358086
-0.8176 0.35935
-0.81176 0.361509
-0.80592 0.362872
-0.80008 0.363795
-0.79424 0.365614
-0.7884 0.367768
-0.78256 0.368945
-0.77672 0.369281
-0.77088 0.371009
-0.76504 0.372901
-0.7592 0.373276
-0.75336 0.376485
-0.74752 0.375849
-0.74168 0.378826
-0.73584 0.378221
-0.73 0.378006
-0.72416 0.376756
-0.71832 0.377208
-0.71248 0.376051
-0.70664 0.375611
-0.7008 0.376823
-0.69496 0.375618
-0.68912 0.376432
-0.68328 0.376443
-0.67744 0.375569
-0.6716 0.378495
-0.66576 0.377816
-0.65992 0.379009
-0.65408 0.379247
-0.64824 0.376893
-0.6424 0.377818
-0.63656 0.378241
-0.63072 0.377635
-0.62488 0.378554
-0.61904 0.380854
-0.6132 0.381041
-0.60736 0.38148
-0.60152 0.381242
-0.59568 0.381242
-0.58984 0.381242
-0.584 0.381242
-0.57816 0.381242
-0.57232 0.381242
-0.56648 0.381242
-0.56064 0.381242
-0.5548 0.381242
-0.54896 0.381242
-0.54312 0.381242
-0.53728 0.381242
-0.53144 0.381242
-0.5256 0.381242
-0.51976 0.381242
-0.51392 0.381242
-0.50808 0.381242
-0.50224 0.381242
-0.4964 0.381242
-0.49056 0.381242
-0.48472 0.381242
-0.47888 0.381242
-0.47304 0.381242
-0.4672 0.381242
-0.46136 0.381242
-0.45552 0.381242
-0.44968 0.381242
-0.44384 0.381242
-0.438 0.381242
-0.43216 0.381242
-0.42632 0.381242
-0.42048 0.381242
-0.41464 0.381242
-0.4088 0.381242
-0.40296 0.381242
-0.39712 0.381242
-0.39128 0.381242
-0.38544 0.381242
-0.3796 0.381242
-0.37376 0.381242
-0.36792 0.381242
-0.36208 0.381242
-0.35624 0.381242
-0.3504 0.381242
-0.34456 0.381242
-0.33872 0.381242
-0.33288 0.381242
-0.32704 0.381242
-0.3212 0.381242
-0.31536 0.381242
-0.30952 0.381242
-0.30368 0.381242
-0.29784 0.381242
-0.292 0.381242
-0.28616 0.381242
-0.28032 0.381242
-0.27448 0.381242
-0.26864 0.381242
-0.2628 0.381242
-0.25696 0.381242
-0.25112 0.381242
-0.24528 0.381242
-0.23944 0.381242
-0.2336 0.381242
-0.22776 0.381242
-0.22192 0.381242
-0.21608 0.381242
-0.21024 0.381242
-0.2044 0.381242
-0.19856 0.381242
-0.19272 0.381242
-0.18688 0.381242
-0.18104 0.381242
-0.1752 0.381242
-0.16936 0.381242
-0.16352 0.381242
-0.15768 0.381242
-0.15184 0.381242
-0.146 0.381242
-0.14016 0.381242
-0.13432 0.381242
-0.12848 0.381242
-0.12264 0.381242
-0.1168 0.381242
-0.11096 0.381242
-0.10512 0.381242
-0.09928 0.381242
-0.09344 0.381242
-0.0876 0.381242
-0.08176 0.381242
-0.07592 0.381242
-0.07008 0.381242
-0.06424 0.381242
-0.0584 0.381242
-0.05256 0.381242
-0.04672 0.381242
-0.04088 0.381242
-0.03504 0.381242
-0.0292 0.381242
-0.02336 0.381242
-0.01752 0.381242
-0.01168 0.381242
-0.00584 0.381242
