-2.92 0.423291
-2.91416 0.423291
-2.90832 0.423291
-2.90248 0.423291
-2.89664 0.423291
-2.8908 0.423291
-2.88496 0.423291
-2.87912 0.423291
-2.87328 0.423291
-2.86744 0.423291
-2.8616 0.423291
-2.85576 0.423291
-2.84992 0.423291
-2.84408 0.423291
-2.83824 0.423291
-2.8324 0.423291
-2.82656 0.423291
-2.82072 0.423291
-2.81488 0.423291
-2.80904 0.423291
-2.8032 0.423291
-2.79736 0.423291
-2.79152 0.423291
-2.78568 0.423291
-2.77984 0.423291
-2.774 0.423291
-2.76816 0.423291
-2.76232 0.423291
-2.75648 0.423291
-2.75064 0.423291
-2.7448 0.423291
-2.73896 0.423291
-2.73312 0.423291
-2.72728 0.423291
-2.72144 0.423291
-2.7156 0.423291
-2.70976 0.423291
-2.70392 0.423291
-2.69808 0.423291
-2.69224 0.423291
-2.6864 0.423291
-2.68056 0.423291
-2.67472 0.423291
-2.66888 0.423291
-2.66304 0.423291
-2.6572 0.423291
-2.65136 0.423291
-2.64552 0.423291
-2.63968 0.423291
-2.63384 0.423291
-2.628 0.423291
-2.62216 0.423291
-2.61632 0.423291
-2.61048 0.423291
-2.60464 0.423291
-2.5988 0.423291
-2.59296 0.423024
-2.58712 0.42254
-2.58128 0.421965
-2.57544 0.421258
-2.5696 0.42042
-2.56376 0.419363
-2.55792 0.418217
-2.55208 0.41707
-2.54624 0.415836
-2.5404 0.414425
-2.53456 0.412972
-2.52872 0.411474
-2.52288 0.409933
-2.51704 0.408392
-2.5112 0.406806
-2.50536 0.405175
-2.49952 0.403535
-2.49368 0.401936
-2.48784 0.400376
-2.482 0.398743
-2.47616 0.397388
-2.47032 0.395489
-2.46448 0.394211
-2.45864 0.392223
-2.4528 0.391064
-2.44696 0.388991
-2.44112 0.387701
-2.43528 0.386498
-2.42944 0.385549
-2.4236 0.383261
-2.41776 0.38298
-2.41192 0.381523
-2.40608 0.380651
-2.40024 0.380648
-2.3944 0.378149
-2.38856 0.37827
-2.38272 0.379022
-2.37688 0.376723
-2.37104 0.37656
-2.3652 0.377187
-2.35936 0.375413
-2.35352 0.375634
-2.34768 0.377344
-2.34184 0.375761
-2.336 0.377101
-2.33016 0.37581
-2.32432 0.374795
-2.31848 0.37429
-2.31264 0.373958
-2.3068 0.373619
-2.30096 0.373957
-2.29512 0.374242
-2.28928 0.374445
-2.28344 0.375611
-2.2776 0.374976
-2.27176 0.374758
-2.26592 0.372764
-2.26008 0.373595
-2.25424 0.37398
-2.2484 0.374474
-2.24256 0.375692
-2.23672 0.375062
-2.23088 0.374324
-2.22504 0.376589
-2.2192 0.376055
-2.21336 0.375163
-2.20752 0.377484
-2.20168 0.376707
-2.19584 0.379069
-2.19 0.377185
-2.18416 0.375967
-2.17832 0.380806
-2.17248 0.37884
-2.16664 0.379139
-2.1608 0.38255
-2.15496 0.381618
-2.14912 0.38314
-2.14328 0.380388
-2.13744 0.384188
-2.1316 0.385665
-2.12576 0.383436
-2.11992 0.384302
-2.11408 0.387409
-2.10824 0.385361
-2.1024 0.387936
-2.09656 0.386087
-2.09072 0.38811
-2.08488 0.38914
-2.07904 0.389383
-2.0732 0.388857
-2.06736 0.392841
-2.06152 0.39058
-2.05568 0.39248
-2.04984 0.390465
-2.044 0.392794
-2.03816 0.394787
-2.03232 0.394144
-2.02648 0.393046
-2.02064 0.389936
-2.0148 0.390531
-2.00896 0.393407
-2.00312 0.392448
-1.99728 0.390021
-1.99144 0.391453
-1.9856 0.393397
-1.97976 0.39316
-1.97392 0.391397
-1.96808 0.389898
-1.96224 0.390399
-1.9564 0.392298
-1.95056 0.38904
-1.94472 0.389419
-1.93888 0.38754
-1.93304 0.385967
-1.9272 0.38545
-1.92136 0.381107
-1.91552 0.379223
-1.90968 0.377295
-1.90384 0.373992
-1.898 0.370347
-1.89216 0.3692
-1.88632 0.369619
-1.88048 0.36047
-1.87464 0.358943
-1.8688 0.360013
-1.86296 0.358093
-1.85712 0.354067
-1.85128 0.349988
-1.84544 0.345159
-1.8396 0.344034
-1.83376 0.337583
-1.82792 0.335802
-1.82208 0.329147
-1.81624 0.327116
-1.8104 0.322674
-1.80456 0.318882
-1.79872 0.314933
-1.79288 0.314268
-1.78704 0.309372
-1.7812 0.306034
-1.77536 0.303039
-1.76952 0.298625
-1.76368 0.292033
-1.75784 0.292422
-1.752 0.289592
-1.74616 0.284813
-1.74032 0.281875
-1.73448 0.28032
-1.72864 0.273324
-1.7228 0.272904
-1.71696 0.265447
-1.71112 0.261132
-1.70528 0.259571
-1.69944 0.252886
-1.6936 0.252918
-1.68776 0.24515
-1.68192 0.242941
-1.67608 0.239469
-1.67024 0.237308
-1.6644 0.231294
-1.65856 0.229972
-1.65272 0.230747
-1.64688 0.225759
-1.64104 0.222663
-1.6352 0.222239
-1.62936 0.223369
-1.62352 0.222783
-1.61768 0.223521
-1.61184 0.220524
-1.606 0.215274
-1.60016 0.216888
-1.59432 0.216888
-1.58848 0.217709
-1.58264 0.21296
-1.5768 0.215163
-1.57096 0.218097
-1.56512 0.212076
-1.55928 0.209466
-1.55344 0.209465
-1.5476 0.217507
-1.54176 0.213311
-1.53592 0.21425
-1.53008 0.21386
-1.52424 0.210256
-1.5184 0.21225
-1.51256 0.210777
-1.50672 0.211039
-1.50088 0.211962
-1.49504 0.212794
-1.4892 0.211939
-1.48336 0.212688
-1.47752 0.213412
-1.47168 0.213485
-1.46584 0.210209
-1.46 0.213093
-1.45416 0.213406
-1.44832 0.215258
-1.44248 0.211535
-1.43664 0.211026
-1.4308 0.212577
-1.42496 0.215677
-1.41912 0.214114
-1.41328 0.214059
-1.40744 0.214856
-1.4016 0.211366
-1.39576 0.211553
-1.38992 0.211403
-1.38408 0.208636
-1.37824 0.20652
-1.3724 0.20966
-1.36656 0.207943
-1.36072 0.207122
-1.35488 0.210597
-1.34904 0.207414
-1.3432 0.211183
-1.33736 0.209875
-1.33152 0.209587
-1.32568 0.214247
-1.31984 0.213151
-1.314 0.209986
-1.30816 0.214942
-1.30232 0.21185
-1.29648 0.209452
-1.29064 0.210697
-1.2848 0.211455
-1.27896 0.214919
-1.27312 0.214198
-1.26728 0.215644
-1.26144 0.214575
-1.2556 0.215393
-1.24976 0.216388
-1.24392 0.214613
-1.23808 0.217083
-1.23224 0.214769
-1.2264 0.214402
-1.22056 0.214656
-1.21472 0.215825
-1.20888 0.21623
-1.20304 0.217616
-1.1972 0.213929
-1.19136 0.216511
-1.18552 0.220117
-1.17968 0.218594
-1.17384 0.220404
-1.168 0.219659
-1.16216 0.221725
-1.15632 0.223303
-1.15048 0.226411
-1.14464 0.225962
-1.1388 0.232836
-1.13296 0.234363
-1.12712 0.238032
-1.12128 0.23903
-1.11544 0.242013
-1.1096 0.246883
-1.10376 0.248976
-1.09792 0.253115
-1.09208 0.256789
-1.08624 0.253208
-1.0804 0.256792
-1.07456 0.25889
-1.06872 0.262681
-1.06288 0.263962
-1.05704 0.271321
-1.0512 0.272707
-1.04536 0.276241
-1.03952 0.280125
-1.03368 0.282095
-1.02784 0.282335
-1.022 0.286127
-1.01616 0.288368
-1.01032 0.29098
-1.00448 0.292404
-0.99864 0.294074
-0.9928 0.29753
-0.98696 0.301159
-0.98112 0.3025
-0.97528 0.305103
-0.96944 0.309361
-0.9636 0.309093
-0.95776 0.310444
-0.95192 0.31222
-0.94608 0.311621
-0.94024 0.313381
-0.9344 0.315385
-0.92856 0.316918
-0.92272 0.319051
-0.91688 0.322929
-0.91104 0.325115
-0.9052 0.327261
-0.89936 0.330334
-0.89352 0.332132
-0.88768 0.337288
-0.88184 0.338331
-0.876 0.337349
-0.87016 0.343617
-0.86432 0.342287
-0.85848 0.343116
-0.85264 0.345989
-0.8468 0.347357
-0.84096 0.353745
-0.83512 0.354698
-0.82928 0.355994
-0.82344 0.359733
-0.8176 0.361022
-0.81176 0.362314
-0.80592 0.364344
-0.80008 0.365855
-0.79424 0.366156
-0.7884 0.368288
-0.78256 0.370614
-0.77672 0.371889
-0.77088 0.373121
-0.76504 0.375882
-0.7592 0.375676
-0.75336 0.378457
-0.74752 0.380745
-0.74168 0.381626
-0.73584 0.380913
-0.73 0.382256
-0.72416 0.379299
-0.71832 0.379764
-0.71248 0.379172
-0.70664 0.377975
-0.7008 0.378901
-0.69496 0.378636
-0.68912 0.380266
-0.68328 0.37856
-0.67744 0.378741
-0.6716 0.381928
-0.66576 0.380836
-0.65992 0.382363
-0.65408 0.382385
-0.64824 0.379996
-0.6424 0.380633
-0.63656 0.380674
-0.63072 0.380625
-0.62488 0.381585
-0.61904 0.383636
-0.6132 0.384209
-0.60736 0.384481
-0.60152 0.384247
-0.59568 0.384247
-0.58984 0.384247
-0.584 0.384247
-0.57816 0.384247
-0.57232 0.384247
-0.56648 0.384247
-0.56064 0.384247
-0.5548 0.384247
-0.54896 0.384247
-0.54312 0.384247
-0.53728 0.384247
-0.53144 0.384247
-0.5256 0.384247
-0.51976 0.384247
-0.51392 0.384247
-0.50808 0.384247
-0.50224 0.384247
-0.4964 0.384247
-0.49056 0.384247
-0.48472 0.384247
-0.47888 0.384247
-0.47304 0.384247
-0.4672 0.384247
-0.46136 0.384247
-0.45552 0.384247
-0.44968 0.384247
-0.44384 0.384247
-0.438 0.384247
-0.43216 0.384247
-0.42632 0.384247
-0.42048 0.384247
-0.41464 0.384247
-0.4088 0.384247
-0.40296 0.384247
-0.39712 0.384247
-0.39128 0.384247
-0.38544 0.384247
-0.3796 0.384247
-0.37376 0.384247
-0.36792 0.384247
-0.36208 0.384247
-0.35624 0.384247
-0.3504 0.384247
-0.34456 0.384247
-0.33872 0.384247
-0.33288 0.384247
-0.32704 0.384247
-0.3212 0.384247
-0.31536 0.384247
-0.30952 0.384247
-0.30368 0.384247
-0.29784 0.384247
-0.292 0.384247
-0.28616 0.384247
-0.28032 0.384247
-0.27448 0.384247
-0.26864 0.384247
-0.2628 0.384247
-0.25696 0.384247
-0.25112 0.384247
-0.24528 0.384247
-0.23944 0.384247
-0.2336 0.384247
-0.22776 0.384247
-0.22192 0.384247
-0.21608 0.384247
-0.21024 0.384247
-0.2044 0.384247
-0.19856 0.384247
-0.19272 0.384247
-0.18688 0.384247
-0.18104 0.384247
-0.1752 0.384247
-0.16936 0.384247
-0.16352 0.384247
-0.15768 0.384247
-0.15184 0.384247
-0.146 0.384247
-0.14016 0.384247
-0.13432 0.384247
-0.12848 0.384247
-0.12264 0.384247
-0.1168 0.384247
-0.11096 0.384247
-0.10512 0.384247
-0.09928 0.384247
-0.09344 0.384247
-0.0876 0.384247
-0.08176 0.384247
-0.07592 0.384247
-0.07008 0.384247
-0.06424 0.384247
-0.0584 0.384247
-0.05256 0.384247
-0.04672 0.384247
-0.04088 0.384247
-0.03504 0.384247
-0.0292 0.384247
-0.02336 0.384247
-0.01752 0.384247
-0.01168 0.384247
-0.00584 0.384247
