-2.92 0.438769
-2.91416 0.438769
-2.90832 0.438769
-2.90248 0.438769
-2.89664 0.438769
-2.8908 0.438769
-2.88496 0.438769
-2.87912 0.438769
-2.87328 0.438769
-2.86744 0.438769
-2.8616 0.438769
-2.85576 0.438769
-2.84992 0.438769
-2.84408 0.438769
-2.83824 0.438769
-2.8324 0.438769
-2.82656 0.438769
-2.82072 0.438769
-2.81488 0.438769
-2.80904 0.438769
-2.8032 0.438769
-2.79736 0.438769
-2.79152 0.438769
-2.78568 0.438769
-2.77984 0.438769
-2.774 0.438769
-2.76816 0.438769
-2.76232 0.438769
-2.75648 0.438769
-2.75064 0.438769
-2.7448 0.438769
-2.73896 0.438769
-2.73312 0.438769
-2.72728 0.438769
-2.72144 0.438769
-2.7156 0.438769
-2.70976 0.438769
-2.70392 0.438769
-2.69808 0.438769
-2.69224 0.438769
-2.6864 0.438769
-2.68056 0.438769
-2.67472 0.438769
-2.66888 0.438769
-2.66304 0.438769
-2.6572 0.438769
-2.65136 0.438769
-2.64552 0.438769
-2.63968 0.438769
-2.63384 0.438769
-2.628 0.438769
-2.62216 0.438769
-2.61632 0.438769
-2.61048 0.438769
-2.60464 0.438769
-2.5988 0.438769
-2.59296 0.438281
-2.58712 0.437572
-2.58128 0.436774
-2.57544 0.435846
-2.5696 0.434872
-2.56376 0.433767
-2.55792 0.432528
-2.55208 0.431289
-2.54624 0.430051
-2.5404 0.428766
-2.53456 0.427395
-2.52872 0.425893
-2.52288 0.424348
-2.51704 0.422757
-2.5112 0.421078
-2.50536 0.419401
-2.49952 0.417768
-2.49368 0.416088
-2.48784 0.414276
-2.482 0.412681
-2.47616 0.410609
-2.47032 0.4087
-2.46448 0.406542
-2.45864 0.404426
-2.4528 0.402303
-2.44696 0.400182
-2.44112 0.398097
-2.43528 0.395678
-2.42944 0.393589
-2.4236 0.391371
-2.41776 0.389276
-2.41192 0.386975
-2.40608 0.3845
-2.40024 0.382191
-2.3944 0.379752
-2.38856 0.377565
-2.38272 0.375172
-2.37688 0.372486
-2.37104 0.370253
-2.3652 0.368144
-2.35936 0.36524
-2.35352 0.363004
-2.34768 0.360395
-2.34184 0.358118
-2.336 0.355258
-2.33016 0.353263
-2.32432 0.351105
-2.31848 0.348945
-2.31264 0.346083
-2.3068 0.34317
-2.30096 0.341174
-2.29512 0.338636
-2.28928 0.336686
-2.28344 0.334395
-2.2776 0.331297
-2.27176 0.32793
-2.26592 0.326097
-2.26008 0.322269
-2.25424 0.321436
-2.2484 0.317967
-2.24256 0.314343
-2.23672 0.312962
-2.23088 0.311245
-2.22504 0.308395
-2.2192 0.305724
-2.21336 0.303117
-2.20752 0.300094
-2.20168 0.298549
-2.19584 0.295369
-2.19 0.293366
-2.18416 0.289104
-2.17832 0.286835
-2.17248 0.285492
-2.16664 0.283663
-2.1608 0.279215
-2.15496 0.277921
-2.14912 0.275924
-2.14328 0.271744
-2.13744 0.26969
-2.1316 0.268231
-2.12576 0.265364
-2.11992 0.263098
-2.11408 0.25895
-2.10824 0.258353
-2.1024 0.255918
-2.09656 0.252534
-2.09072 0.249308
-2.08488 0.247701
-2.07904 0.244753
-2.0732 0.243783
-2.06736 0.240209
-2.06152 0.236291
-2.05568 0.235165
-2.04984 0.233222
-2.044 0.23051
-2.03816 0.228693
-2.03232 0.224202
-2.02648 0.223047
-2.02064 0.219745
-2.0148 0.219517
-2.00896 0.217113
-2.00312 0.216586
-1.99728 0.215451
-1.99144 0.214289
-1.9856 0.213528
-1.97976 0.21246
-1.97392 0.210906
-1.96808 0.213647
-1.96224 0.211727
-1.9564 0.208608
-1.95056 0.209097
-1.94472 0.20826
-1.93888 0.210219
-1.93304 0.208964
-1.9272 0.209358
-1.92136 0.209137
-1.91552 0.20593
-1.90968 0.209031
-1.90384 0.205717
-1.898 0.208297
-1.89216 0.205297
-1.88632 0.209165
-1.88048 0.208092
-1.87464 0.208944
-1.8688 0.209562
-1.86296 0.209325
-1.85712 0.209265
-1.85128 0.209874
-1.84544 0.213466
-1.8396 0.209941
-1.83376 0.211998
-1.82792 0.212651
-1.82208 0.213899
-1.81624 0.214648
-1.8104 0.215309
-1.80456 0.214111
-1.79872 0.217207
-1.79288 0.214159
-1.78704 0.214608
-1.7812 0.213362
-1.77536 0.214442
-1.76952 0.217317
-1.76368 0.218241
-1.75784 0.218476
-1.752 0.219888
-1.74616 0.220645
-1.74032 0.225468
-1.73448 0.224455
-1.72864 0.224074
-1.7228 0.22596
-1.71696 0.227216
-1.71112 0.231561
-1.70528 0.228317
-1.69944 0.225255
-1.6936 0.227223
-1.68776 0.229749
-1.68192 0.227133
-1.67608 0.227942
-1.67024 0.230863
-1.6644 0.232187
-1.65856 0.232421
-1.65272 0.234329
-1.64688 0.231686
-1.64104 0.232226
-1.6352 0.230651
-1.62936 0.232244
-1.62352 0.231061
-1.61768 0.23229
-1.61184 0.226692
-1.606 0.232883
-1.60016 0.23866
-1.59432 0.235073
-1.58848 0.240258
-1.58264 0.242498
-1.5768 0.242484
-1.57096 0.244196
-1.56512 0.243113
-1.55928 0.24659
-1.55344 0.253566
-1.5476 0.249635
-1.54176 0.255102
-1.53592 0.26096
-1.53008 0.256668
-1.52424 0.262616
-1.5184 0.262355
-1.51256 0.265024
-1.50672 0.265546
-1.50088 0.271731
-1.49504 0.274817
-1.4892 0.274973
-1.48336 0.272567
-1.47752 0.274418
-1.47168 0.278438
-1.46584 0.282264
-1.46 0.280563
-1.45416 0.283276
-1.44832 0.287278
-1.44248 0.292045
-1.43664 0.29706
-1.4308 0.294581
-1.42496 0.298481
-1.41912 0.298045
-1.41328 0.302607
-1.40744 0.307169
-1.4016 0.306512
-1.39576 0.309499
-1.38992 0.312012
-1.38408 0.3127
-1.37824 0.315889
-1.3724 0.321345
-1.36656 0.316112
-1.36072 0.327154
-1.35488 0.321113
-1.34904 0.324938
-1.3432 0.327133
-1.33736 0.335013
-1.33152 0.34081
-1.32568 0.339765
-1.31984 0.340009
-1.314 0.344536
-1.30816 0.344429
-1.30232 0.351831
-1.29648 0.348506
-1.29064 0.35691
-1.2848 0.360542
-1.27896 0.361307
-1.27312 0.363591
-1.26728 0.36314
-1.26144 0.360641
-1.2556 0.364751
-1.24976 0.364097
-1.24392 0.369358
-1.23808 0.370557
-1.23224 0.374501
-1.2264 0.376956
-1.22056 0.37828
-1.21472 0.384804
-1.20888 0.381294
-1.20304 0.385272
-1.1972 0.388484
-1.19136 0.391058
-1.18552 0.392806
-1.17968 0.391233
-1.17384 0.393267
-1.168 0.400773
-1.16216 0.404719
-1.15632 0.404484
-1.15048 0.405032
-1.14464 0.411385
-1.1388 0.407709
-1.13296 0.405822
-1.12712 0.405629
-1.12128 0.4121
-1.11544 0.421141
-1.1096 0.414499
-1.10376 0.422757
-1.09792 0.425395
-1.09208 0.422183
-1.08624 0.426042
-1.0804 0.42578
-1.07456 0.428265
-1.06872 0.429672
-1.06288 0.431677
-1.05704 0.438093
-1.0512 0.436023
-1.04536 0.428686
-1.03952 0.431784
-1.03368 0.430183
-1.02784 0.432369
-1.022 0.430498
-1.01616 0.428808
-1.01032 0.429704
-1.00448 0.432935
-0.99864 0.431879
-0.9928 0.429183
-0.98696 0.431913
-0.98112 0.426774
-0.97528 0.428871
-0.96944 0.430123
-0.9636 0.429894
-0.95776 0.429389
-0.95192 0.429382
-0.94608 0.427375
-0.94024 0.428178
-0.9344 0.427551
-0.92856 0.423099
-0.92272 0.427042
-0.91688 0.423654
-0.91104 0.421871
-0.9052 0.424874
-0.89936 0.426052
-0.89352 0.426299
-0.88768 0.426226
-0.88184 0.424655
-0.876 0.426893
-0.87016 0.422681
-0.86432 0.426464
-0.85848 0.424913
-0.85264 0.426161
-0.8468 0.424157
-0.84096 0.424396
-0.83512 0.425694
-0.82928 0.423116
-0.82344 0.421229
-0.8176 0.421844
-0.81176 0.419531
-0.80592 0.419169
-0.80008 0.419157
-0.79424 0.419013
-0.7884 0.419269
-0.78256 0.418506
-0.77672 0.419069
-0.77088 0.419224
-0.76504 0.418697
-0.7592 0.418996
-0.75336 0.418229
-0.74752 0.419038
-0.74168 0.419271
-0.73584 0.419927
-0.73 0.421742
-0.72416 0.421867
-0.71832 0.421781
-0.71248 0.421997
-0.70664 0.423271
-0.7008 0.423377
-0.69496 0.423825
-0.68912 0.425372
-0.68328 0.42628
-0.67744 0.430324
-0.6716 0.432221
-0.66576 0.433133
-0.65992 0.434745
-0.65408 0.434362
-0.64824 0.435189
-0.6424 0.437666
-0.63656 0.439374
-0.63072 0.439435
-0.62488 0.440422
-0.61904 0.440553
-0.6132 0.439784
-0.60736 0.439182
-0.60152 0.439792
-0.59568 0.439792
-0.58984 0.439792
-0.584 0.439792
-0.57816 0.439792
-0.57232 0.439792
-0.56648 0.439792
-0.56064 0.439792
-0.5548 0.439792
-0.54896 0.439792
-0.54312 0.439792
-0.53728 0.439792
-0.53144 0.439792
-0.5256 0.439792
-0.51976 0.439792
-0.51392 0.439792
-0.50808 0.439792
-0.50224 0.439792
-0.4964 0.439792
-0.49056 0.439792
-0.48472 0.439792
-0.47888 0.439792
-0.47304 0.439792
-0.4672 0.439792
-0.46136 0.439792
-0.45552 0.439792
-0.44968 0.439792
-0.44384 0.439792
-0.438 0.439792
-0.43216 0.439792
-0.42632 0.439792
-0.42048 0.439792
-0.41464 0.439792
-0.4088 0.439792
-0.40296 0.439792
-0.39712 0.439792
-0.39128 0.439792
-0.38544 0.439792
-0.3796 0.439792
-0.37376 0.439792
-0.36792 0.439792
-0.36208 0.439792
-0.35624 0.439792
-0.3504 0.439792
-0.34456 0.439792
-0.33872 0.439792
-0.33288 0.439792
-0.32704 0.439792
-0.3212 0.439792
-0.31536 0.439792
-0.30952 0.439792
-0.30368 0.439792
-0.29784 0.439792
-0.292 0.439792
-0.28616 0.439792
-0.28032 0.439792
-0.27448 0.439792
-0.26864 0.439792
-0.2628 0.439792
-0.25696 0.439792
-0.25112 0.439792
-0.24528 0.439792
-0.23944 0.439792
-0.2336 0.439792
-0.22776 0.439792
-0.22192 0.439792
-0.21608 0.439792
-0.21024 0.439792
-0.2044 0.439792
-0.19856 0.439792
-0.19272 0.439792
-0.18688 0.439792
-0.18104 0.439792
-0.1752 0.439792
-0.16936 0.439792
-0.16352 0.439792
-0.15768 0.439792
-0.15184 0.439792
-0.146 0.439792
-0.14016 0.439792
-0.13432 0.439792
-0.12848 0.439792
-0.12264 0.439792
-0.1168 0.439792
-0.11096 0.439792
-0.10512 0.439792
-0.09928 0.439792
-0.09344 0.439792
-0.0876 0.439792
-0.08176 0.439792
-0.07592 0.439792
-0.07008 0.439792
-0.06424 0.439792
-0.0584 0.439792
-0.05256 0.439792
-0.04672 0.439792
-0.04088 0.439792
-0.03504 0.439792
-0.0292 0.439792
-0.02336 0.439792
-0.01752 0.439792
-0.01168 0.439792
-0.00584 0.439792
