-2.92 0.49561
-2.91416 0.49561
-2.90832 0.49561
-2.90248 0.49561
-2.89664 0.49561
-2.8908 0.49561
-2.88496 0.49561
-2.87912 0.49561
-2.87328 0.49561
-2.86744 0.49561
-2.8616 0.49561
-2.85576 0.49561
-2.84992 0.49561
-2.84408 0.49561
-2.83824 0.49561
-2.8324 0.49561
-2.82656 0.49561
-2.82072 0.49561
-2.81488 0.49561
-2.80904 0.49561
-2.8032 0.49561
-2.79736 0.49561
-2.79152 0.49561
-2.78568 0.49561
-2.77984 0.49561
-2.774 0.49561
-2.76816 0.49561
-2.76232 0.49561
-2.75648 0.49561
-2.75064 0.49561
-2.7448 0.49561
-2.73896 0.49561
-2.73312 0.49561
-2.72728 0.49561
-2.72144 0.49561
-2.7156 0.49561
-2.70976 0.49561
-2.70392 0.49561
-2.69808 0.49561
-2.69224 0.49561
-2.6864 0.49561
-2.68056 0.49561
-2.67472 0.49561
-2.66888 0.49561
-2.66304 0.49561
-2.6572 0.49561
-2.65136 0.49561
-2.64552 0.49561
-2.63968 0.49561
-2.63384 0.49561
-2.628 0.49561
-2.62216 0.49561
-2.61632 0.49561
-2.61048 0.49561
-2.60464 0.49561
-2.5988 0.49561
-2.59296 0.495127
-2.58712 0.49451
-2.58128 0.493851
-2.57544 0.493012
-2.5696 0.492039
-2.56376 0.490892
-2.55792 0.489657
-2.55208 0.488376
-2.54624 0.487007
-2.5404 0.485462
-2.53456 0.483869
-2.52872 0.482151
-2.52288 0.480432
-2.51704 0.478629
-2.5112 0.47665
-2.50536 0.474715
-2.49952 0.473062
-2.49368 0.471945
-2.48784 0.470492
-2.482 0.469993
-2.47616 0.468243
-2.47032 0.467683
-2.46448 0.4663
-2.45864 0.465614
-2.4528 0.465222
-2.44696 0.465077
-2.44112 0.462492
-2.43528 0.461883
-2.42944 0.460784
-2.4236 0.459229
-2.41776 0.459482
-2.41192 0.459404
-2.40608 0.456228
-2.40024 0.455812
-2.3944 0.455972
-2.38856 0.454577
-2.38272 0.452144
-2.37688 0.452022
-2.37104 0.450572
-2.3652 0.451167
-2.35936 0.448053
-2.35352 0.448347
-2.34768 0.446243
-2.34184 0.444251
-2.336 0.44388
-2.33016 0.443739
-2.32432 0.442765
-2.31848 0.442014
-2.31264 0.439685
-2.3068 0.44061
-2.30096 0.437058
-2.29512 0.437276
-2.28928 0.437439
-2.28344 0.437161
-2.2776 0.435626
-2.27176 0.435252
-2.26592 0.433377
-2.26008 0.432129
-2.25424 0.433471
-2.2484 0.430895
-2.24256 0.429792
-2.23672 0.431238
-2.23088 0.430471
-2.22504 0.428011
-2.2192 0.42491
-2.21336 0.4252
-2.20752 0.42234
-2.20168 0.422409
-2.19584 0.42145
-2.19 0.414638
-2.18416 0.415717
-2.17832 0.413368
-2.17248 0.41291
-2.16664 0.412638
-2.1608 0.409972
-2.15496 0.406995
-2.14912 0.407005
-2.14328 0.40116
-2.13744 0.396343
-2.1316 0.397583
-2.12576 0.397757
-2.11992 0.395456
-2.11408 0.393467
-2.10824 0.388024
-2.1024 0.384966
-2.09656 0.382512
-2.09072 0.37679
-2.08488 0.378187
-2.07904 0.375493
-2.0732 0.370457
-2.06736 0.36545
-2.06152 0.357408
-2.05568 0.353858
-2.04984 0.350835
-2.044 0.348686
-2.03816 0.34208
-2.03232 0.337528
-2.02648 0.337492
-2.02064 0.328215
-2.0148 0.326014
-2.00896 0.319145
-2.00312 0.317526
-1.99728 0.314854
-1.99144 0.312883
-1.9856 0.308029
-1.97976 0.308141
-1.97392 0.303789
-1.96808 0.299513
-1.96224 0.303033
-1.9564 0.298902
-1.95056 0.296331
-1.94472 0.294561
-1.93888 0.291059
-1.93304 0.290841
-1.9272 0.288396
-1.92136 0.288956
-1.91552 0.285712
-1.90968 0.283468
-1.90384 0.277737
-1.898 0.282614
-1.89216 0.28102
-1.88632 0.2796
-1.88048 0.276631
-1.87464 0.274375
-1.8688 0.273324
-1.86296 0.273796
-1.85712 0.269222
-1.85128 0.270272
-1.84544 0.271914
-1.8396 0.266919
-1.83376 0.266948
-1.82792 0.268858
-1.82208 0.267275
-1.81624 0.267359
-1.8104 0.267109
-1.80456 0.262154
-1.79872 0.261793
-1.79288 0.266029
-1.78704 0.263419
-1.7812 0.26127
-1.77536 0.26128
-1.76952 0.261573
-1.76368 0.257686
-1.75784 0.258812
-1.752 0.255331
-1.74616 0.255326
-1.74032 0.255966
-1.73448 0.257917
-1.72864 0.25784
-1.7228 0.252178
-1.71696 0.255087
-1.71112 0.257216
-1.70528 0.254767
-1.69944 0.25265
-1.6936 0.24927
-1.68776 0.254066
-1.68192 0.250938
-1.67608 0.24908
-1.67024 0.24453
-1.6644 0.244952
-1.65856 0.243222
-1.65272 0.241704
-1.64688 0.243184
-1.64104 0.241887
-1.6352 0.24
-1.62936 0.239203
-1.62352 0.237034
-1.61768 0.238972
-1.61184 0.238763
-1.606 0.243246
-1.60016 0.241517
-1.59432 0.245516
-1.58848 0.243218
-1.58264 0.246862
-1.5768 0.249387
-1.57096 0.25088
-1.56512 0.252032
-1.55928 0.25296
-1.55344 0.259871
-1.5476 0.261716
-1.54176 0.260988
-1.53592 0.263183
-1.53008 0.264293
-1.52424 0.264764
-1.5184 0.267338
-1.51256 0.269589
-1.50672 0.272287
-1.50088 0.27515
-1.49504 0.275105
-1.4892 0.281588
-1.48336 0.281516
-1.47752 0.282167
-1.47168 0.288336
-1.46584 0.281789
-1.46 0.288689
-1.45416 0.290341
-1.44832 0.298819
-1.44248 0.298258
-1.43664 0.298175
-1.4308 0.302022
-1.42496 0.306728
-1.41912 0.302734
-1.41328 0.308803
-1.40744 0.308928
-1.4016 0.309893
-1.39576 0.315338
-1.38992 0.317267
-1.38408 0.32331
-1.37824 0.322669
-1.3724 0.323491
-1.36656 0.327226
-1.36072 0.326847
-1.35488 0.327539
-1.34904 0.328038
-1.3432 0.330185
-1.33736 0.334571
-1.33152 0.338365
-1.32568 0.341995
-1.31984 0.343294
-1.314 0.347856
-1.30816 0.344846
-1.30232 0.352387
-1.29648 0.354729
-1.29064 0.353181
-1.2848 0.356963
-1.27896 0.359532
-1.27312 0.361527
-1.26728 0.363481
-1.26144 0.363478
-1.2556 0.363308
-1.24976 0.368771
-1.24392 0.368623
-1.23808 0.369558
-1.23224 0.373052
-1.2264 0.378422
-1.22056 0.378643
-1.21472 0.377626
-1.20888 0.382471
-1.20304 0.38587
-1.1972 0.38509
-1.19136 0.387774
-1.18552 0.386782
-1.17968 0.39123
-1.17384 0.394796
-1.168 0.399363
-1.16216 0.396705
-1.15632 0.400487
-1.15048 0.399345
-1.14464 0.399117
-1.1388 0.402747
-1.13296 0.403935
-1.12712 0.401928
-1.12128 0.407785
-1.11544 0.414035
-1.1096 0.416637
-1.10376 0.41326
-1.09792 0.413055
-1.09208 0.413569
-1.08624 0.414864
-1.0804 0.417704
-1.07456 0.418699
-1.06872 0.420563
-1.06288 0.420073
-1.05704 0.41927
-1.0512 0.421818
-1.04536 0.420644
-1.03952 0.418748
-1.03368 0.424043
-1.02784 0.41421
-1.022 0.419754
-1.01616 0.416049
-1.01032 0.419037
-1.00448 0.41674
-0.99864 0.415451
-0.9928 0.41366
-0.98696 0.415469
-0.98112 0.409542
-0.97528 0.413262
-0.96944 0.408871
-0.9636 0.409056
-0.95776 0.411327
-0.95192 0.407427
-0.94608 0.410647
-0.94024 0.407532
-0.9344 0.406998
-0.92856 0.407084
-0.92272 0.4026
-0.91688 0.402091
-0.91104 0.398015
-0.9052 0.398191
-0.89936 0.400746
-0.89352 0.402182
-0.88768 0.402371
-0.88184 0.400302
-0.876 0.401168
-0.87016 0.396457
-0.86432 0.399576
-0.85848 0.398766
-0.85264 0.397576
-0.8468 0.397243
-0.84096 0.396626
-0.83512 0.395889
-0.82928 0.395312
-0.82344 0.389935
-0.8176 0.39248
-0.81176 0.390507
-0.80592 0.390852
-0.80008 0.389916
-0.79424 0.388294
-0.7884 0.389283
-0.78256 0.388323
-0.77672 0.387998
-0.77088 0.386105
-0.76504 0.388149
-0.7592 0.387525
-0.75336 0.387584
-0.74752 0.387338
-0.74168 0.387501
-0.73584 0.388003
-0.73 0.38848
-0.72416 0.388723
-0.71832 0.389318
-0.71248 0.389327
-0.70664 0.389686
-0.7008 0.390573
-0.69496 0.391204
-0.68912 0.391951
-0.68328 0.393025
-0.67744 0.397542
-0.6716 0.398862
-0.66576 0.399685
-0.65992 0.400127
-0.65408 0.400047
-0.64824 0.40123
-0.6424 0.403628
-0.63656 0.404636
-0.63072 0.405765
-0.62488 0.405382
-0.61904 0.404864
-0.6132 0.404519
-0.60736 0.403578
-0.60152 0.404102
-0.59568 0.404102
-0.58984 0.404102
-0.584 0.404102
-0.57816 0.404102
-0.57232 0.404102
-0.56648 0.404102
-0.56064 0.404102
-0.5548 0.404102
-0.54896 0.404102
-0.54312 0.404102
-0.53728 0.404102
-0.53144 0.404102
-0.5256 0.404102
-0.51976 0.404102
-0.51392 0.404102
-0.50808 0.404102
-0.50224 0.404102
-0.4964 0.404102
-0.49056 0.404102
-0.48472 0.404102
-0.47888 0.404102
-0.47304 0.404102
-0.4672 0.404102
-0.46136 0.404102
-0.45552 0.404102
-0.44968 0.404102
-0.44384 0.404102
-0.438 0.404102
-0.43216 0.404102
-0.42632 0.404102
-0.42048 0.404102
-0.41464 0.404102
-0.4088 0.404102
-0.40296 0.404102
-0.39712 0.404102
-0.39128 0.404102
-0.38544 0.404102
-0.3796 0.404102
-0.37376 0.404102
-0.36792 0.404102
-0.36208 0.404102
-0.35624 0.404102
-0.3504 0.404102
-0.34456 0.404102
-0.33872 0.404102
-0.33288 0.404102
-0.32704 0.404102
-0.3212 0.404102
-0.31536 0.404102
-0.30952 0.404102
-0.30368 0.404102
-0.29784 0.404102
-0.292 0.404102
-0.28616 0.404102
-0.28032 0.404102
-0.27448 0.404102
-0.26864 0.404102
-0.2628 0.404102
-0.25696 0.404102
-0.25112 0.404102
-0.24528 0.404102
-0.23944 0.404102
-0.2336 0.404102
-0.22776 0.404102
-0.22192 0.404102
-0.21608 0.404102
-0.21024 0.404102
-0.2044 0.404102
-0.19856 0.404102
-0.19272 0.404102
-0.18688 0.404102
-0.18104 0.404102
-0.1752 0.404102
-0.16936 0.404102
-0.16352 0.404102
-0.15768 0.404102
-0.15184 0.404102
-0.146 0.404102
-0.14016 0.404102
-0.13432 0.404102
-0.12848 0.404102
-0.12264 0.404102
-0.1168 0.404102
-0.11096 0.404102
-0.10512 0.404102
-0.09928 0.404102
-0.09344 0.404102
-0.0876 0.404102
-0.08176 0.404102
-0.07592 0.404102
-0.07008 0.404102
-0.06424 0.404102
-0.0584 0.404102
-0.05256 0.404102
-0.04672 0.404102
-0.04088 0.404102
-0.03504 0.404102
-0.0292 0.404102
-0.02336 0.404102
-0.01752 0.404102
-0.01168 0.404102
-0.00584 0.404102
