-2.92 0.525264
-2.91416 0.525264
-2.90832 0.525264
-2.90248 0.525264
-2.89664 0.525264
-2.8908 0.525264
-2.88496 0.525264
-2.87912 0.525264
-2.87328 0.525264
-2.86744 0.525264
-2.8616 0.525264
-2.85576 0.525264
-2.84992 0.525264
-2.84408 0.525264
-2.83824 0.525264
-2.8324 0.525264
-2.82656 0.525264
-2.82072 0.525264
-2.81488 0.525264
-2.80904 0.525264
-2.8032 0.525264
-2.79736 0.525264
-2.79152 0.525264
-2.78568 0.525264
-2.77984 0.525264
-2.774 0.525264
-2.76816 0.525264
-2.76232 0.525264
-2.75648 0.525264
-2.75064 0.525264
-2.7448 0.525264
-2.73896 0.525264
-2.73312 0.525264
-2.72728 0.525264
-2.72144 0.525264
-2.7156 0.525264
-2.70976 0.525264
-2.70392 0.525264
-2.69808 0.525264
-2.69224 0.525264
-2.6864 0.525264
-2.68056 0.525264
-2.67472 0.525264
-2.66888 0.525264
-2.66304 0.525264
-2.6572 0.525264
-2.65136 0.525264
-2.64552 0.525264
-2.63968 0.525264
-2.63384 0.525264
-2.628 0.525264
-2.62216 0.525264
-2.61632 0.525264
-2.61048 0.525264
-2.60464 0.525264
-2.5988 0.525264
-2.59296 0.524467
-2.58712 0.523448
-2.58128 0.522384
-2.57544 0.521185
-2.5696 0.519899
-2.56376 0.518436
-2.55792 0.516882
-2.55208 0.515371
-2.54624 0.513771
-2.5404 0.51217
-2.53456 0.510524
-2.52872 0.508833
-2.52288 0.507057
-2.51704 0.505146
-2.5112 0.503192
-2.50536 0.501149
-2.49952 0.49956
-2.49368 0.498424
-2.48784 0.497247
-2.482 0.496079
-2.47616 0.495254
-2.47032 0.494756
-2.46448 0.49277
-2.45864 0.492269
-2.4528 0.491023
-2.44696 0.490643
-2.44112 0.489303
-2.43528 0.489491
-2.42944 0.48856
-2.4236 0.486676
-2.41776 0.487522
-2.41192 0.486171
-2.40608 0.48484
-2.40024 0.485051
-2.3944 0.483906
-2.38856 0.482797
-2.38272 0.483225
-2.37688 0.482041
-2.37104 0.479763
-2.3652 0.481529
-2.35936 0.480415
-2.35352 0.480257
-2.34768 0.478487
-2.34184 0.47708
-2.336 0.477062
-2.33016 0.478271
-2.32432 0.475784
-2.31848 0.474537
-2.31264 0.474999
-2.3068 0.474347
-2.30096 0.474516
-2.29512 0.471747
-2.28928 0.469485
-2.28344 0.472132
-2.2776 0.470568
-2.27176 0.47073
-2.26592 0.468261
-2.26008 0.46939
-2.25424 0.467605
-2.2484 0.471407
-2.24256 0.466148
-2.23672 0.468021
-2.23088 0.466287
-2.22504 0.464754
-2.2192 0.463916
-2.21336 0.462818
-2.20752 0.464897
-2.20168 0.462656
-2.19584 0.462011
-2.19 0.458536
-2.18416 0.460799
-2.17832 0.456895
-2.17248 0.457725
-2.16664 0.456352
-2.1608 0.456572
-2.15496 0.45619
-2.14912 0.455116
-2.14328 0.456792
-2.13744 0.452793
-2.1316 0.455172
-2.12576 0.453668
-2.11992 0.450349
-2.11408 0.452061
-2.10824 0.45212
-2.1024 0.453202
-2.09656 0.449389
-2.09072 0.445136
-2.08488 0.447084
-2.07904 0.442636
-2.0732 0.44406
-2.06736 0.439335
-2.06152 0.438259
-2.05568 0.439242
-2.04984 0.433834
-2.044 0.430884
-2.03816 0.428715
-2.03232 0.426852
-2.02648 0.429044
-2.02064 0.423809
-2.0148 0.423319
-2.00896 0.415923
-2.00312 0.41644
-1.99728 0.414913
-1.99144 0.411385
-1.9856 0.412447
-1.97976 0.408075
-1.97392 0.406073
-1.96808 0.400965
-1.96224 0.3986
-1.9564 0.398373
-1.95056 0.394243
-1.94472 0.390406
-1.93888 0.382492
-1.93304 0.38226
-1.9272 0.379507
-1.92136 0.376039
-1.91552 0.373807
-1.90968 0.367668
-1.90384 0.363107
-1.898 0.356392
-1.89216 0.358115
-1.88632 0.349488
-1.88048 0.347545
-1.87464 0.344864
-1.8688 0.340684
-1.86296 0.332947
-1.85712 0.332562
-1.85128 0.327975
-1.84544 0.318921
-1.8396 0.319144
-1.83376 0.315336
-1.82792 0.3123
-1.82208 0.311473
-1.81624 0.301527
-1.8104 0.297985
-1.80456 0.294672
-1.79872 0.289352
-1.79288 0.283656
-1.78704 0.282087
-1.7812 0.278046
-1.77536 0.272734
-1.76952 0.272111
-1.76368 0.268221
-1.75784 0.263875
-1.752 0.261106
-1.74616 0.252737
-1.74032 0.252802
-1.73448 0.245592
-1.72864 0.242367
-1.7228 0.23869
-1.71696 0.235837
-1.71112 0.228187
-1.70528 0.227252
-1.69944 0.226143
-1.6936 0.222624
-1.68776 0.218344
-1.68192 0.213201
-1.67608 0.212877
-1.67024 0.208489
-1.6644 0.209655
-1.65856 0.205327
-1.65272 0.204042
-1.64688 0.205896
-1.64104 0.202532
-1.6352 0.200097
-1.62936 0.195858
-1.62352 0.194744
-1.61768 0.199297
-1.61184 0.194362
-1.606 0.198041
-1.60016 0.19922
-1.59432 0.199616
-1.58848 0.19988
-1.58264 0.200036
-1.5768 0.194649
-1.57096 0.19798
-1.56512 0.201728
-1.55928 0.200808
-1.55344 0.197942
-1.5476 0.20573
-1.54176 0.200889
-1.53592 0.204804
-1.53008 0.200088
-1.52424 0.20366
-1.5184 0.200803
-1.51256 0.204125
-1.50672 0.20107
-1.50088 0.204577
-1.49504 0.201311
-1.4892 0.206873
-1.48336 0.20282
-1.47752 0.208372
-1.47168 0.20549
-1.46584 0.209294
-1.46 0.209402
-1.45416 0.2114
-1.44832 0.214514
-1.44248 0.212014
-1.43664 0.21142
-1.4308 0.21193
-1.42496 0.211541
-1.41912 0.215489
-1.41328 0.215684
-1.40744 0.214261
-1.4016 0.21696
-1.39576 0.217628
-1.38992 0.217959
-1.38408 0.222163
-1.37824 0.2172
-1.3724 0.2172
-1.36656 0.221017
-1.36072 0.22271
-1.35488 0.217956
-1.34904 0.219232
-1.3432 0.219589
-1.33736 0.21798
-1.33152 0.218659
-1.32568 0.223536
-1.31984 0.224697
-1.314 0.224429
-1.30816 0.22364
-1.30232 0.223942
-1.29648 0.221656
-1.29064 0.224224
-1.2848 0.224991
-1.27896 0.226541
-1.27312 0.227931
-1.26728 0.230568
-1.26144 0.232013
-1.2556 0.231238
-1.24976 0.234151
-1.24392 0.23588
-1.23808 0.240907
-1.23224 0.238473
-1.2264 0.240545
-1.22056 0.243666
-1.21472 0.244936
-1.20888 0.245636
-1.20304 0.245309
-1.1972 0.24765
-1.19136 0.251314
-1.18552 0.253531
-1.17968 0.25641
-1.17384 0.259369
-1.168 0.264122
-1.16216 0.265822
-1.15632 0.268414
-1.15048 0.267979
-1.14464 0.27295
-1.1388 0.270673
-1.13296 0.275912
-1.12712 0.274397
-1.12128 0.28069
-1.11544 0.282372
-1.1096 0.286018
-1.10376 0.287834
-1.09792 0.292041
-1.09208 0.288863
-1.08624 0.293489
-1.0804 0.292789
-1.07456 0.298392
-1.06872 0.298955
-1.06288 0.303691
-1.05704 0.302734
-1.0512 0.31139
-1.04536 0.311059
-1.03952 0.314403
-1.03368 0.317403
-1.02784 0.322134
-1.022 0.324206
-1.01616 0.327189
-1.01032 0.330501
-1.00448 0.331964
-0.99864 0.333725
-0.9928 0.334001
-0.98696 0.336873
-0.98112 0.340691
-0.97528 0.342693
-0.96944 0.344434
-0.9636 0.346961
-0.95776 0.348976
-0.95192 0.35212
-0.94608 0.354261
-0.94024 0.354136
-0.9344 0.356961
-0.92856 0.360032
-0.92272 0.3643
-0.91688 0.362158
-0.91104 0.363276
-0.9052 0.36493
-0.89936 0.366156
-0.89352 0.369234
-0.88768 0.372948
-0.88184 0.374122
-0.876 0.373934
-0.87016 0.379912
-0.86432 0.379934
-0.85848 0.379552
-0.85264 0.381989
-0.8468 0.383867
-0.84096 0.387027
-0.83512 0.388647
-0.82928 0.392965
-0.82344 0.393495
-0.8176 0.396647
-0.81176 0.40025
-0.80592 0.402647
-0.80008 0.40518
-0.79424 0.406743
-0.7884 0.409742
-0.78256 0.411312
-0.77672 0.412806
-0.77088 0.415109
-0.76504 0.41575
-0.7592 0.417701
-0.75336 0.418922
-0.74752 0.420527
-0.74168 0.421643
-0.73584 0.42341
-0.73 0.422149
-0.72416 0.420598
-0.71832 0.422065
-0.71248 0.420975
-0.70664 0.420923
-0.7008 0.418479
-0.69496 0.418221
-0.68912 0.41913
-0.68328 0.418417
-0.67744 0.418433
-0.6716 0.418878
-0.66576 0.419093
-0.65992 0.42016
-0.65408 0.419802
-0.64824 0.419763
-0.6424 0.419195
-0.63656 0.419279
-0.63072 0.420542
-0.62488 0.421503
-0.61904 0.42246
-0.6132 0.424335
-0.60736 0.424484
-0.60152 0.42442
-0.59568 0.42442
-0.58984 0.42442
-0.584 0.42442
-0.57816 0.42442
-0.57232 0.42442
-0.56648 0.42442
-0.56064 0.42442
-0.5548 0.42442
-0.54896 0.42442
-0.54312 0.42442
-0.53728 0.42442
-0.53144 0.42442
-0.5256 0.42442
-0.51976 0.42442
-0.51392 0.42442
-0.50808 0.42442
-0.50224 0.42442
-0.4964 0.42442
-0.49056 0.42442
-0.48472 0.42442
-0.47888 0.42442
-0.47304 0.42442
-0.4672 0.42442
-0.46136 0.42442
-0.45552 0.42442
-0.44968 0.42442
-0.44384 0.42442
-0.438 0.42442
-0.43216 0.42442
-0.42632 0.42442
-0.42048 0.42442
-0.41464 0.42442
-0.4088 0.42442
-0.40296 0.42442
-0.39712 0.42442
-0.39128 0.42442
-0.38544 0.42442
-0.3796 0.42442
-0.37376 0.42442
-0.36792 0.42442
-0.36208 0.42442
-0.35624 0.42442
-0.3504 0.42442
-0.34456 0.42442
-0.33872 0.42442
-0.33288 0.42442
-0.32704 0.42442
-0.3212 0.42442
-0.31536 0.42442
-0.30952 0.42442
-0.30368 0.42442
-0.29784 0.42442
-0.292 0.42442
-0.28616 0.42442
-0.28032 0.42442
-0.27448 0.42442
-0.26864 0.42442
-0.2628 0.42442
-0.25696 0.42442
-0.25112 0.42442
-0.24528 0.42442
-0.23944 0.42442
-0.2336 0.42442
-0.22776 0.42442
-0.22192 0.42442
-0.21608 0.42442
-0.21024 0.42442
-0.2044 0.42442
-0.19856 0.42442
-0.19272 0.42442
-0.18688 0.42442
-0.18104 0.42442
-0.1752 0.42442
-0.16936 0.42442
-0.16352 0.42442
-0.15768 0.42442
-0.15184 0.42442
-0.146 0.42442
-0.14016 0.42442
-0.13432 0.42442
-0.12848 0.42442
-0.12264 0.42442
-0.1168 0.42442
-0.11096 0.42442
-0.10512 0.42442
-0.09928 0.42442
-0.09344 0.42442
-0.0876 0.42442
-0.08176 0.42442
-0.07592 0.42442
-0.07008 0.42442
-0.06424 0.42442
-0.0584 0.42442
-0.05256 0.42442
-0.04672 0.42442
-0.04088 0.42442
-0.03504 0.42442
-0.0292 0.42442
-0.02336 0.42442
-0.01752 0.42442
-0.01168 0.42442
-0.00584 0.42442
