-2.92 0.453052
-2.91416 0.453052
-2.90832 0.453052
-2.90248 0.453052
-2.89664 0.453052
-2.8908 0.453052
-2.88496 0.453052
-2.87912 0.453052
-2.87328 0.453052
-2.86744 0.453052
-2.8616 0.453052
-2.85576 0.453052
-2.84992 0.453052
-2.84408 0.453052
-2.83824 0.453052
-2.8324 0.453052
-2.82656 0.453052
-2.82072 0.453052
-2.81488 0.453052
-2.80904 0.453052
-2.8032 0.453052
-2.79736 0.453052
-2.79152 0.453052
-2.78568 0.453052
-2.77984 0.453052
-2.774 0.453052
-2.76816 0.453052
-2.76232 0.453052
-2.75648 0.453052
-2.75064 0.453052
-2.7448 0.453052
-2.73896 0.453052
-2.73312 0.453052
-2.72728 0.453052
-2.72144 0.453052
-2.7156 0.453052
-2.70976 0.453052
-2.70392 0.453052
-2.69808 0.453052
-2.69224 0.453052
-2.6864 0.453052
-2.68056 0.453052
-2.67472 0.453052
-2.66888 0.453052
-2.66304 0.453052
-2.6572 0.453052
-2.65136 0.453052
-2.64552 0.453052
-2.63968 0.453052
-2.63384 0.453052
-2.628 0.453052
-2.62216 0.453052
-2.61632 0.453052
-2.61048 0.453052
-2.60464 0.453052
-2.5988 0.453052
-2.59296 0.452698
-2.58712 0.452077
-2.58128 0.451368
-2.57544 0.450613
-2.5696 0.449724
-2.56376 0.448703
-2.55792 0.447547
-2.55208 0.446435
-2.54624 0.445276
-2.5404 0.443939
-2.53456 0.442646
-2.52872 0.441264
-2.52288 0.439926
-2.51704 0.438412
-2.5112 0.436807
-2.50536 0.435117
-2.49952 0.433546
-2.49368 0.432143
-2.48784 0.430694
-2.482 0.429167
-2.47616 0.427792
-2.47032 0.426493
-2.46448 0.425065
-2.45864 0.423763
-2.4528 0.422697
-2.44696 0.422624
-2.44112 0.420985
-2.43528 0.41984
-2.42944 0.419845
-2.4236 0.418902
-2.41776 0.41775
-2.41192 0.417558
-2.40608 0.417605
-2.40024 0.417284
-2.3944 0.416692
-2.38856 0.41612
-2.38272 0.415334
-2.37688 0.415156
-2.37104 0.413531
-2.3652 0.41518
-2.35936 0.413442
-2.35352 0.412343
-2.34768 0.41101
-2.34184 0.413024
-2.336 0.41304
-2.33016 0.412298
-2.32432 0.411516
-2.31848 0.410977
-2.31264 0.410918
-2.3068 0.412743
-2.30096 0.411971
-2.29512 0.412056
-2.28928 0.40938
-2.28344 0.411764
-2.2776 0.412139
-2.27176 0.411637
-2.26592 0.411532
-2.26008 0.410882
-2.25424 0.409235
-2.2484 0.411293
-2.24256 0.409425
-2.23672 0.410208
-2.23088 0.409914
-2.22504 0.409079
-2.2192 0.412714
-2.21336 0.409398
-2.20752 0.409512
-2.20168 0.40977
-2.19584 0.411263
-2.19 0.4104
-2.18416 0.41173
-2.17832 0.409284
-2.17248 0.410566
-2.16664 0.407902
-2.1608 0.411922
-2.15496 0.408891
-2.14912 0.412956
-2.14328 0.41082
-2.13744 0.409352
-2.1316 0.414339
-2.12576 0.409955
-2.11992 0.415218
-2.11408 0.414391
-2.10824 0.410794
-2.1024 0.411824
-2.09656 0.414021
-2.09072 0.413493
-2.08488 0.416827
-2.07904 0.412092
-2.0732 0.413286
-2.06736 0.416752
-2.06152 0.413184
-2.05568 0.412366
-2.04984 0.410941
-2.044 0.412387
-2.03816 0.413594
-2.03232 0.412176
-2.02648 0.410634
-2.02064 0.405985
-2.0148 0.406276
-2.00896 0.409925
-2.00312 0.409283
-1.99728 0.403299
-1.99144 0.408009
-1.9856 0.401985
-1.97976 0.401363
-1.97392 0.402116
-1.96808 0.401294
-1.96224 0.400964
-1.9564 0.398242
-1.95056 0.396124
-1.94472 0.39397
-1.93888 0.387662
-1.93304 0.388445
-1.9272 0.382802
-1.92136 0.380879
-1.91552 0.37911
-1.90968 0.375592
-1.90384 0.375465
-1.898 0.369849
-1.89216 0.361847
-1.88632 0.363871
-1.88048 0.358023
-1.87464 0.357591
-1.8688 0.351406
-1.86296 0.350467
-1.85712 0.346585
-1.85128 0.336713
-1.84544 0.336721
-1.8396 0.33859
-1.83376 0.331652
-1.82792 0.331967
-1.82208 0.323152
-1.81624 0.320279
-1.8104 0.32207
-1.80456 0.31378
-1.79872 0.310232
-1.79288 0.305223
-1.78704 0.297509
-1.7812 0.297744
-1.77536 0.294855
-1.76952 0.292073
-1.76368 0.284894
-1.75784 0.281925
-1.752 0.278879
-1.74616 0.274412
-1.74032 0.269221
-1.73448 0.268759
-1.72864 0.264064
-1.7228 0.257264
-1.71696 0.256464
-1.71112 0.255249
-1.70528 0.253571
-1.69944 0.242148
-1.6936 0.245658
-1.68776 0.23867
-1.68192 0.235878
-1.67608 0.233629
-1.67024 0.227353
-1.6644 0.229851
-1.65856 0.223094
-1.65272 0.226046
-1.64688 0.221776
-1.64104 0.219997
-1.6352 0.22199
-1.62936 0.220876
-1.62352 0.220513
-1.61768 0.222314
-1.61184 0.215876
-1.606 0.217412
-1.60016 0.218277
-1.59432 0.218056
-1.58848 0.215318
-1.58264 0.216045
-1.5768 0.209921
-1.57096 0.213706
-1.56512 0.212028
-1.55928 0.21042
-1.55344 0.212788
-1.5476 0.213986
-1.54176 0.211186
-1.53592 0.210292
-1.53008 0.209257
-1.52424 0.211929
-1.5184 0.208754
-1.51256 0.206201
-1.50672 0.210027
-1.50088 0.204725
-1.49504 0.203329
-1.4892 0.209235
-1.48336 0.205058
-1.47752 0.207843
-1.47168 0.208268
-1.46584 0.207706
-1.46 0.206099
-1.45416 0.208403
-1.44832 0.211467
-1.44248 0.210934
-1.43664 0.209048
-1.4308 0.210096
-1.42496 0.211178
-1.41912 0.213164
-1.41328 0.208742
-1.40744 0.209822
-1.4016 0.21124
-1.39576 0.210701
-1.38992 0.210432
-1.38408 0.211532
-1.37824 0.211922
-1.3724 0.212488
-1.36656 0.20876
-1.36072 0.210496
-1.35488 0.205722
-1.34904 0.205584
-1.3432 0.20662
-1.33736 0.208938
-1.33152 0.208919
-1.32568 0.207374
-1.31984 0.21117
-1.314 0.205883
-1.30816 0.210613
-1.30232 0.208112
-1.29648 0.208868
-1.29064 0.209691
-1.2848 0.207849
-1.27896 0.208962
-1.27312 0.211175
-1.26728 0.21277
-1.26144 0.211245
-1.2556 0.213222
-1.24976 0.214987
-1.24392 0.21914
-1.23808 0.219239
-1.23224 0.221393
-1.2264 0.222019
-1.22056 0.220963
-1.21472 0.223472
-1.20888 0.224121
-1.20304 0.223715
-1.1972 0.225807
-1.19136 0.229245
-1.18552 0.232651
-1.17968 0.237267
-1.17384 0.236734
-1.168 0.240033
-1.16216 0.242826
-1.15632 0.249894
-1.15048 0.24782
-1.14464 0.249187
-1.1388 0.24884
-1.13296 0.253084
-1.12712 0.254344
-1.12128 0.257575
-1.11544 0.259604
-1.1096 0.266009
-1.10376 0.264992
-1.09792 0.266431
-1.09208 0.272362
-1.08624 0.276628
-1.0804 0.273832
-1.07456 0.274415
-1.06872 0.280674
-1.06288 0.280202
-1.05704 0.279891
-1.0512 0.287899
-1.04536 0.290143
-1.03952 0.292633
-1.03368 0.296282
-1.02784 0.297398
-1.022 0.300504
-1.01616 0.305617
-1.01032 0.307468
-1.00448 0.308317
-0.99864 0.310247
-0.9928 0.312487
-0.98696 0.313285
-0.98112 0.318554
-0.97528 0.318755
-0.96944 0.321219
-0.9636 0.321451
-0.95776 0.324088
-0.95192 0.325538
-0.94608 0.327463
-0.94024 0.329673
-0.9344 0.331103
-0.92856 0.330617
-0.92272 0.334007
-0.91688 0.33229
-0.91104 0.33344
-0.9052 0.337043
-0.89936 0.337772
-0.89352 0.340846
-0.88768 0.342107
-0.88184 0.344879
-0.876 0.344387
-0.87016 0.348755
-0.86432 0.346344
-0.85848 0.348331
-0.85264 0.350114
-0.8468 0.35134
-0.84096 0.352729
-0.83512 0.354896
-0.82928 0.356265
-0.82344 0.35968
-0.8176 0.360618
-0.81176 0.362297
-0.80592 0.365894
-0.80008 0.367237
-0.79424 0.369516
-0.7884 0.37041
-0.78256 0.373089
-0.77672 0.373005
-0.77088 0.374862
-0.76504 0.375826
-0.7592 0.376616
-0.75336 0.378663
-0.74752 0.379546
-0.74168 0.382231
-0.73584 0.381035
-0.73 0.380526
-0.72416 0.379537
-0.71832 0.380655
-0.71248 0.380379
-0.70664 0.379984
-0.7008 0.377348
-0.69496 0.376474
-0.68912 0.377248
-0.68328 0.376669
-0.67744 0.376756
-0.6716 0.377177
-0.66576 0.376207
-0.65992 0.377505
-0.65408 0.377696
-0.64824 0.377392
-0.6424 0.376428
-0.63656 0.376286
-0.63072 0.377198
-0.62488 0.378192
-0.61904 0.379141
-0.6132 0.38084
-0.60736 0.381193
-0.60152 0.380959
-0.59568 0.380959
-0.58984 0.380959
-0.584 0.380959
-0.57816 0.380959
-0.57232 0.380959
-0.56648 0.380959
-0.56064 0.380959
-0.5548 0.380959
-0.54896 0.380959
-0.54312 0.380959
-0.53728 0.380959
-0.53144 0.380959
-0.5256 0.380959
-0.51976 0.380959
-0.51392 0.380959
-0.50808 0.380959
-0.50224 0.380959
-0.4964 0.380959
-0.49056 0.380959
-0.48472 0.380959
-0.47888 0.380959
-0.47304 0.380959
-0.4672 0.380959
-0.46136 0.380959
-0.45552 0.380959
-0.44968 0.380959
-0.44384 0.380959
-0.438 0.380959
-0.43216 0.380959
-0.42632 0.380959
-0.42048 0.380959
-0.41464 0.380959
-0.4088 0.380959
-0.40296 0.380959
-0.39712 0.380959
-0.39128 0.380959
-0.38544 0.380959
-0.3796 0.380959
-0.37376 0.380959
-0.36792 0.380959
-0.36208 0.380959
-0.35624 0.380959
-0.3504 0.380959
-0.34456 0.380959
-0.33872 0.380959
-0.33288 0.380959
-0.32704 0.380959
-0.3212 0.380959
-0.31536 0.380959
-0.30952 0.380959
-0.30368 0.380959
-0.29784 0.380959
-0.292 0.380959
-0.28616 0.380959
-0.28032 0.380959
-0.27448 0.380959
-0.26864 0.380959
-0.2628 0.380959
-0.25696 0.380959
-0.25112 0.380959
-0.24528 0.380959
-0.23944 0.380959
-0.2336 0.380959
-0.22776 0.380959
-0.22192 0.380959
-0.21608 0.380959
-0.21024 0.380959
-0.2044 0.380959
-0.19856 0.380959
-0.19272 0.380959
-0.18688 0.380959
-0.18104 0.380959
-0.1752 0.380959
-0.16936 0.380959
-0.16352 0.380959
-0.15768 0.380959
-0.15184 0.380959
-0.146 0.380959
-0.14016 0.380959
-0.13432 0.380959
-0.12848 0.380959
-0.12264 0.380959
-0.1168 0.380959
-0.11096 0.380959
-0.10512 0.380959
-0.09928 0.380959
-0.09344 0.380959
-0.0876 0.380959
-0.08176 0.380959
-0.07592 0.380959
-0.07008 0.380959
-0.06424 0.380959
-0.0584 0.380959
-0.05256 0.380959
-0.04672 0.380959
-0.04088 0.380959
-0.03504 0.380959
-0.0292 0.380959
-0.02336 0.380959
-0.01752 0.380959
-0.01168 0.380959
-0.00584 0.380959
