-2.92 0.510513
-2.91416 0.510513
-2.90832 0.510513
-2.90248 0.510513
-2.89664 0.510513
-2.8908 0.510513
-2.88496 0.510513
-2.87912 0.510513
-2.87328 0.510513
-2.86744 0.510513
-2.8616 0.510513
-2.85576 0.510513
-2.84992 0.510513
-2.84408 0.510513
-2.83824 0.510513
-2.8324 0.510513
-2.82656 0.510513
-2.82072 0.510513
-2.81488 0.510513
-2.80904 0.510513
-2.8032 0.510513
-2.79736 0.510513
-2.79152 0.510513
-2.78568 0.510513
-2.77984 0.510513
-2.774 0.510513
-2.76816 0.510513
-2.76232 0.510513
-2.75648 0.510513
-2.75064 0.510513
-2.7448 0.510513
-2.73896 0.510513
-2.73312 0.510513
-2.72728 0.510513
-2.72144 0.510513
-2.7156 0.510513
-2.70976 0.510513
-2.70392 0.510513
-2.69808 0.510513
-2.69224 0.510513
-2.6864 0.510513
-2.68056 0.510513
-2.67472 0.510513
-2.66888 0.510513
-2.66304 0.510513
-2.6572 0.510513
-2.65136 0.510513
-2.64552 0.510513
-2.63968 0.510513
-2.63384 0.510513
-2.628 0.510513
-2.62216 0.510513
-2.61632 0.510513
-2.61048 0.510513
-2.60464 0.510513
-2.5988 0.510513
-2.59296 0.509939
-2.58712 0.509011
-2.58128 0.507996
-2.57544 0.506892
-2.5696 0.505521
-2.56376 0.504061
-2.55792 0.502425
-2.55208 0.500746
-2.54624 0.499025
-2.5404 0.497212
-2.53456 0.49527
-2.52872 0.493239
-2.52288 0.491165
-2.51704 0.489046
-2.5112 0.486922
-2.50536 0.484713
-2.49952 0.482409
-2.49368 0.480444
-2.48784 0.47814
-2.482 0.476255
-2.47616 0.474063
-2.47032 0.471502
-2.46448 0.469257
-2.45864 0.467757
-2.4528 0.465063
-2.44696 0.462697
-2.44112 0.460286
-2.43528 0.457992
-2.42944 0.45513
-2.4236 0.453248
-2.41776 0.450512
-2.41192 0.44946
-2.40608 0.447989
-2.40024 0.445988
-2.3944 0.443737
-2.38856 0.442598
-2.38272 0.441246
-2.37688 0.439875
-2.37104 0.437823
-2.3652 0.4369
-2.35936 0.435173
-2.35352 0.434168
-2.34768 0.431462
-2.34184 0.431898
-2.336 0.431497
-2.33016 0.430407
-2.32432 0.427792
-2.31848 0.428484
-2.31264 0.424967
-2.3068 0.425854
-2.30096 0.424515
-2.29512 0.42562
-2.28928 0.422335
-2.28344 0.421733
-2.2776 0.420242
-2.27176 0.420637
-2.26592 0.419812
-2.26008 0.42165
-2.25424 0.419943
-2.2484 0.418025
-2.24256 0.418156
-2.23672 0.417706
-2.23088 0.416173
-2.22504 0.416039
-2.2192 0.41508
-2.21336 0.415062
-2.20752 0.413785
-2.20168 0.416601
-2.19584 0.41608
-2.19 0.412202
-2.18416 0.414758
-2.17832 0.414087
-2.17248 0.414602
-2.16664 0.411786
-2.1608 0.412444
-2.15496 0.414098
-2.14912 0.410825
-2.14328 0.412452
-2.13744 0.412975
-2.1316 0.414711
-2.12576 0.410167
-2.11992 0.410933
-2.11408 0.407605
-2.10824 0.408487
-2.1024 0.409271
-2.09656 0.410647
-2.09072 0.409425
-2.08488 0.410252
-2.07904 0.407329
-2.0732 0.404108
-2.06736 0.407038
-2.06152 0.404571
-2.05568 0.407322
-2.04984 0.405877
-2.044 0.408797
-2.03816 0.406603
-2.03232 0.401328
-2.02648 0.401941
-2.02064 0.405295
-2.0148 0.402122
-2.00896 0.399404
-2.00312 0.402049
-1.99728 0.400267
-1.99144 0.401532
-1.9856 0.400347
-1.97976 0.39992
-1.97392 0.398172
-1.96808 0.399584
-1.96224 0.39661
-1.9564 0.397334
-1.95056 0.39483
-1.94472 0.390131
-1.93888 0.391734
-1.93304 0.384887
-1.9272 0.388361
-1.92136 0.381102
-1.91552 0.376964
-1.90968 0.375152
-1.90384 0.376881
-1.898 0.368716
-1.89216 0.365027
-1.88632 0.363959
-1.88048 0.361494
-1.87464 0.356781
-1.8688 0.354638
-1.86296 0.349609
-1.85712 0.345169
-1.85128 0.344732
-1.84544 0.338836
-1.8396 0.334855
-1.83376 0.331626
-1.82792 0.327168
-1.82208 0.324001
-1.81624 0.321097
-1.8104 0.320649
-1.80456 0.315848
-1.79872 0.307804
-1.79288 0.306148
-1.78704 0.29889
-1.7812 0.29501
-1.77536 0.289785
-1.76952 0.284241
-1.76368 0.280878
-1.75784 0.27618
-1.752 0.271576
-1.74616 0.26929
-1.74032 0.265121
-1.73448 0.257968
-1.72864 0.259495
-1.7228 0.249131
-1.71696 0.247904
-1.71112 0.238315
-1.70528 0.239229
-1.69944 0.233482
-1.6936 0.232719
-1.68776 0.227109
-1.68192 0.221866
-1.67608 0.213581
-1.67024 0.211156
-1.6644 0.211277
-1.65856 0.209651
-1.65272 0.20954
-1.64688 0.203685
-1.64104 0.204137
-1.6352 0.199827
-1.62936 0.19892
-1.62352 0.197517
-1.61768 0.196459
-1.61184 0.193999
-1.606 0.197085
-1.60016 0.191347
-1.59432 0.195079
-1.58848 0.19108
-1.58264 0.193171
-1.5768 0.188605
-1.57096 0.189388
-1.56512 0.190373
-1.55928 0.189284
-1.55344 0.189071
-1.5476 0.189535
-1.54176 0.190442
-1.53592 0.185899
-1.53008 0.188624
-1.52424 0.187122
-1.5184 0.188198
-1.51256 0.184937
-1.50672 0.185417
-1.50088 0.182594
-1.49504 0.18412
-1.4892 0.191898
-1.48336 0.18563
-1.47752 0.188572
-1.47168 0.185175
-1.46584 0.190579
-1.46 0.192334
-1.45416 0.196083
-1.44832 0.193427
-1.44248 0.193007
-1.43664 0.192991
-1.4308 0.19085
-1.42496 0.195558
-1.41912 0.19238
-1.41328 0.193862
-1.40744 0.197341
-1.4016 0.197965
-1.39576 0.194246
-1.38992 0.195768
-1.38408 0.195337
-1.37824 0.199567
-1.3724 0.195799
-1.36656 0.196856
-1.36072 0.195571
-1.35488 0.1944
-1.34904 0.195133
-1.3432 0.191796
-1.33736 0.194871
-1.33152 0.193408
-1.32568 0.196396
-1.31984 0.194611
-1.314 0.19308
-1.30816 0.1958
-1.30232 0.195044
-1.29648 0.196767
-1.29064 0.195702
-1.2848 0.196583
-1.27896 0.194885
-1.27312 0.19699
-1.26728 0.202491
-1.26144 0.20246
-1.2556 0.201878
-1.24976 0.202289
-1.24392 0.203999
-1.23808 0.207494
-1.23224 0.206133
-1.2264 0.207683
-1.22056 0.207561
-1.21472 0.207989
-1.20888 0.209868
-1.20304 0.212427
-1.1972 0.21315
-1.19136 0.215894
-1.18552 0.219059
-1.17968 0.220793
-1.17384 0.223745
-1.168 0.227359
-1.16216 0.229498
-1.15632 0.234593
-1.15048 0.237487
-1.14464 0.237241
-1.1388 0.237395
-1.13296 0.238751
-1.12712 0.241986
-1.12128 0.243597
-1.11544 0.247524
-1.1096 0.250376
-1.10376 0.252812
-1.09792 0.25474
-1.09208 0.258201
-1.08624 0.260664
-1.0804 0.260804
-1.07456 0.260316
-1.06872 0.263665
-1.06288 0.266228
-1.05704 0.270522
-1.0512 0.274825
-1.04536 0.278238
-1.03952 0.284364
-1.03368 0.282324
-1.02784 0.287992
-1.022 0.291274
-1.01616 0.296902
-1.01032 0.299061
-1.00448 0.301106
-0.99864 0.302265
-0.9928 0.303044
-0.98696 0.308211
-0.98112 0.309781
-0.97528 0.313166
-0.96944 0.316923
-0.9636 0.318396
-0.95776 0.319063
-0.95192 0.323103
-0.94608 0.324492
-0.94024 0.328854
-0.9344 0.328646
-0.92856 0.330913
-0.92272 0.33234
-0.91688 0.334406
-0.91104 0.336156
-0.9052 0.335655
-0.89936 0.340468
-0.89352 0.340716
-0.88768 0.345515
-0.88184 0.345634
-0.876 0.346803
-0.87016 0.352291
-0.86432 0.35104
-0.85848 0.354168
-0.85264 0.355263
-0.8468 0.357221
-0.84096 0.359361
-0.83512 0.360347
-0.82928 0.366512
-0.82344 0.36993
-0.8176 0.370253
-0.81176 0.373008
-0.80592 0.376064
-0.80008 0.378821
-0.79424 0.380821
-0.7884 0.383019
-0.78256 0.383551
-0.77672 0.385158
-0.77088 0.387525
-0.76504 0.388137
-0.7592 0.389375
-0.75336 0.391686
-0.74752 0.392576
-0.74168 0.393809
-0.73584 0.394108
-0.73 0.394395
-0.72416 0.393803
-0.71832 0.395198
-0.71248 0.395103
-0.70664 0.394843
-0.7008 0.39195
-0.69496 0.391979
-0.68912 0.392853
-0.68328 0.391525
-0.67744 0.392042
-0.6716 0.393329
-0.66576 0.392503
-0.65992 0.393487
-0.65408 0.394008
-0.64824 0.393851
-0.6424 0.392904
-0.63656 0.393288
-0.63072 0.394426
-0.62488 0.395556
-0.61904 0.396514
-0.6132 0.39805
-0.60736 0.398489
-0.60152 0.398299
-0.59568 0.398299
-0.58984 0.398299
-0.584 0.398299
-0.57816 0.398299
-0.57232 0.398299
-0.56648 0.398299
-0.56064 0.398299
-0.5548 0.398299
-0.54896 0.398299
-0.54312 0.398299
-0.53728 0.398299
-0.53144 0.398299
-0.5256 0.398299
-0.51976 0.398299
-0.51392 0.398299
-0.50808 0.398299
-0.50224 0.398299
-0.4964 0.398299
-0.49056 0.398299
-0.48472 0.398299
-0.47888 0.398299
-0.47304 0.398299
-0.4672 0.398299
-0.46136 0.398299
-0.45552 0.398299
-0.44968 0.398299
-0.44384 0.398299
-0.438 0.398299
-0.43216 0.398299
-0.42632 0.398299
-0.42048 0.398299
-0.41464 0.398299
-0.4088 0.398299
-0.40296 0.398299
-0.39712 0.398299
-0.39128 0.398299
-0.38544 0.398299
-0.3796 0.398299
-0.37376 0.398299
-0.36792 0.398299
-0.36208 0.398299
-0.35624 0.398299
-0.3504 0.398299
-0.34456 0.398299
-0.33872 0.398299
-0.33288 0.398299
-0.32704 0.398299
-0.3212 0.398299
-0.31536 0.398299
-0.30952 0.398299
-0.30368 0.398299
-0.29784 0.398299
-0.292 0.398299
-0.28616 0.398299
-0.28032 0.398299
-0.27448 0.398299
-0.26864 0.398299
-0.2628 0.398299
-0.25696 0.398299
-0.25112 0.398299
-0.24528 0.398299
-0.23944 0.398299
-0.2336 0.398299
-0.22776 0.398299
-0.22192 0.398299
-0.21608 0.398299
-0.21024 0.398299
-0.2044 0.398299
-0.19856 0.398299
-0.19272 0.398299
-0.18688 0.398299
-0.18104 0.398299
-0.1752 0.398299
-0.16936 0.398299
-0.16352 0.398299
-0.15768 0.398299
-0.15184 0.398299
-0.146 0.398299
-0.14016 0.398299
-0.13432 0.398299
-0.12848 0.398299
-0.12264 0.398299
-0.1168 0.398299
-0.11096 0.398299
-0.10512 0.398299
-0.09928 0.398299
-0.09344 0.398299
-0.0876 0.398299
-0.08176 0.398299
-0.07592 0.398299
-0.07008 0.398299
-0.06424 0.398299
-0.0584 0.398299
-0.05256 0.398299
-0.04672 0.398299
-0.04088 0.398299
-0.03504 0.398299
-0.0292 0.398299
-0.02336 0.398299
-0.01752 0.398299
-0.01168 0.398299
-0.00584 0.398299
