-2.92 0.426353
-2.91416 0.426353
-2.90832 0.426353
-2.90248 0.426353
-2.89664 0.426353
-2.8908 0.426353
-2.88496 0.426353
-2.87912 0.426353
-2.87328 0.426353
-2.86744 0.426353
-2.8616 0.426353
-2.85576 0.426353
-2.84992 0.426353
-2.84408 0.426353
-2.83824 0.426353
-2.8324 0.426353
-2.82656 0.426353
-2.82072 0.426353
-2.81488 0.426353
-2.80904 0.426353
-2.8032 0.426353
-2.79736 0.426353
-2.79152 0.426353
-2.78568 0.426353
-2.77984 0.426353
-2.774 0.426353
-2.76816 0.426353
-2.76232 0.426353
-2.75648 0.426353
-2.75064 0.426353
-2.7448 0.426353
-2.73896 0.426353
-2.73312 0.426353
-2.72728 0.426353
-2.72144 0.426353
-2.7156 0.426353
-2.70976 0.426353
-2.70392 0.426353
-2.69808 0.426353
-2.69224 0.426353
-2.6864 0.426353
-2.68056 0.426353
-2.67472 0.426353
-2.66888 0.426353
-2.66304 0.426353
-2.6572 0.426353
-2.65136 0.426353
-2.64552 0.426353
-2.63968 0.426353
-2.63384 0.426353
-2.628 0.426353
-2.62216 0.426353
-2.61632 0.426353
-2.61048 0.426353
-2.60464 0.426353
-2.5988 0.426353
-2.59296 0.425782
-2.58712 0.425075
-2.58128 0.424281
-2.57544 0.423355
-2.5696 0.422384
-2.56376 0.421278
-2.55792 0.419998
-2.55208 0.418763
-2.54624 0.417439
-2.5404 0.415938
-2.53456 0.414304
-2.52872 0.412626
-2.52288 0.410993
-2.51704 0.409269
-2.5112 0.407501
-2.50536 0.405776
-2.49952 0.403916
-2.49368 0.402349
-2.48784 0.400951
-2.482 0.399435
-2.47616 0.397781
-2.47032 0.395742
-2.46448 0.393951
-2.45864 0.392653
-2.4528 0.390029
-2.44696 0.38815
-2.44112 0.387459
-2.43528 0.385536
-2.42944 0.383532
-2.4236 0.38107
-2.41776 0.379802
-2.41192 0.378631
-2.40608 0.376203
-2.40024 0.374399
-2.3944 0.373166
-2.38856 0.372641
-2.38272 0.370222
-2.37688 0.370271
-2.37104 0.368136
-2.3652 0.365575
-2.35936 0.36485
-2.35352 0.364686
-2.34768 0.363514
-2.34184 0.362655
-2.336 0.362518
-2.33016 0.361095
-2.32432 0.36082
-2.31848 0.360419
-2.31264 0.359646
-2.3068 0.360133
-2.30096 0.358206
-2.29512 0.357686
-2.28928 0.358601
-2.28344 0.357826
-2.2776 0.356843
-2.27176 0.356494
-2.26592 0.356872
-2.26008 0.356457
-2.25424 0.356771
-2.2484 0.356072
-2.24256 0.357199
-2.23672 0.357981
-2.23088 0.354562
-2.22504 0.356637
-2.2192 0.355
-2.21336 0.357863
-2.20752 0.355842
-2.20168 0.354678
-2.19584 0.354809
-2.19 0.354075
-2.18416 0.354808
-2.17832 0.355482
-2.17248 0.358204
-2.16664 0.355361
-2.1608 0.357495
-2.15496 0.357788
-2.14912 0.357824
-2.14328 0.357052
-2.13744 0.35575
-2.1316 0.356638
-2.12576 0.359436
-2.11992 0.357641
-2.11408 0.355812
-2.10824 0.357349
-2.1024 0.35512
-2.09656 0.358873
-2.09072 0.358007
-2.08488 0.359772
-2.07904 0.357305
-2.0732 0.357138
-2.06736 0.360849
-2.06152 0.356385
-2.05568 0.360937
-2.04984 0.358866
-2.044 0.359266
-2.03816 0.362224
-2.03232 0.361053
-2.02648 0.358836
-2.02064 0.361162
-2.0148 0.360245
-2.00896 0.358033
-2.00312 0.360034
-1.99728 0.360419
-1.99144 0.359396
-1.9856 0.361515
-1.97976 0.358446
-1.97392 0.35836
-1.96808 0.364471
-1.96224 0.357574
-1.9564 0.360845
-1.95056 0.356186
-1.94472 0.359216
-1.93888 0.353844
-1.93304 0.353582
-1.9272 0.350335
-1.92136 0.352511
-1.91552 0.346731
-1.90968 0.344243
-1.90384 0.343123
-1.898 0.342846
-1.89216 0.339824
-1.88632 0.338278
-1.88048 0.334887
-1.87464 0.331987
-1.8688 0.32988
-1.86296 0.330935
-1.85712 0.32698
-1.85128 0.322516
-1.84544 0.317449
-1.8396 0.317945
-1.83376 0.314244
-1.82792 0.309291
-1.82208 0.304694
-1.81624 0.302825
-1.8104 0.300985
-1.80456 0.297073
-1.79872 0.296352
-1.79288 0.294208
-1.78704 0.284941
-1.7812 0.284483
-1.77536 0.280637
-1.76952 0.279137
-1.76368 0.272404
-1.75784 0.269059
-1.752 0.263169
-1.74616 0.257578
-1.74032 0.256409
-1.73448 0.254024
-1.72864 0.249831
-1.7228 0.250241
-1.71696 0.244776
-1.71112 0.242895
-1.70528 0.236436
-1.69944 0.232496
-1.6936 0.230303
-1.68776 0.225853
-1.68192 0.222084
-1.67608 0.218026
-1.67024 0.216501
-1.6644 0.212135
-1.65856 0.211137
-1.65272 0.210903
-1.64688 0.210074
-1.64104 0.205719
-1.6352 0.202874
-1.62936 0.202891
-1.62352 0.204349
-1.61768 0.202221
-1.61184 0.201116
-1.606 0.200926
-1.60016 0.199606
-1.59432 0.197432
-1.58848 0.198795
-1.58264 0.198554
-1.5768 0.199085
-1.57096 0.200748
-1.56512 0.19598
-1.55928 0.196626
-1.55344 0.195662
-1.5476 0.193115
-1.54176 0.1918
-1.53592 0.191984
-1.53008 0.196115
-1.52424 0.193745
-1.5184 0.189489
-1.51256 0.191762
-1.50672 0.189857
-1.50088 0.192368
-1.49504 0.188192
-1.4892 0.18782
-1.48336 0.191323
-1.47752 0.190225
-1.47168 0.187485
-1.46584 0.193142
-1.46 0.194541
-1.45416 0.193111
-1.44832 0.19314
-1.44248 0.192705
-1.43664 0.194568
-1.4308 0.190782
-1.42496 0.191615
-1.41912 0.189828
-1.41328 0.190166
-1.40744 0.188454
-1.4016 0.193273
-1.39576 0.191068
-1.38992 0.190245
-1.38408 0.189848
-1.37824 0.190014
-1.3724 0.186686
-1.36656 0.188059
-1.36072 0.188794
-1.35488 0.183959
-1.34904 0.181967
-1.3432 0.187637
-1.33736 0.185574
-1.33152 0.184525
-1.32568 0.183312
-1.31984 0.183569
-1.314 0.180987
-1.30816 0.184231
-1.30232 0.181044
-1.29648 0.180687
-1.29064 0.179154
-1.2848 0.180459
-1.27896 0.179434
-1.27312 0.18201
-1.26728 0.182473
-1.26144 0.186009
-1.2556 0.183979
-1.24976 0.184306
-1.24392 0.189524
-1.23808 0.188985
-1.23224 0.190312
-1.2264 0.19007
-1.22056 0.187558
-1.21472 0.189637
-1.20888 0.191612
-1.20304 0.190473
-1.1972 0.19172
-1.19136 0.194454
-1.18552 0.197207
-1.17968 0.200192
-1.17384 0.205269
-1.168 0.205637
-1.16216 0.20739
-1.15632 0.208526
-1.15048 0.211804
-1.14464 0.21223
-1.1388 0.214568
-1.13296 0.216794
-1.12712 0.218337
-1.12128 0.221365
-1.11544 0.223838
-1.1096 0.223958
-1.10376 0.227555
-1.09792 0.229189
-1.09208 0.233757
-1.08624 0.236278
-1.0804 0.233361
-1.07456 0.236129
-1.06872 0.238375
-1.06288 0.243792
-1.05704 0.242329
-1.0512 0.249034
-1.04536 0.250952
-1.03952 0.255201
-1.03368 0.25595
-1.02784 0.259919
-1.022 0.264097
-1.01616 0.266815
-1.01032 0.267105
-1.00448 0.271768
-0.99864 0.272841
-0.9928 0.276079
-0.98696 0.278257
-0.98112 0.279888
-0.97528 0.280665
-0.96944 0.282089
-0.9636 0.285673
-0.95776 0.289094
-0.95192 0.289508
-0.94608 0.292515
-0.94024 0.294261
-0.9344 0.294943
-0.92856 0.298457
-0.92272 0.298274
-0.91688 0.297466
-0.91104 0.298896
-0.9052 0.302438
-0.89936 0.303435
-0.89352 0.305317
-0.88768 0.306632
-0.88184 0.309184
-0.876 0.308377
-0.87016 0.312336
-0.86432 0.312384
-0.85848 0.313341
-0.85264 0.315123
-0.8468 0.316681
-0.84096 0.317876
-0.83512 0.320067
-0.82928 0.324087
-0.82344 0.325654
-0.8176 0.327224
-0.81176 0.328366
-0.80592 0.332128
-0.80008 0.334067
-0.79424 0.335865
-0.7884 0.337359
-0.78256 0.336683
-0.77672 0.340089
-0.77088 0.340801
-0.76504 0.341988
-0.7592 0.341678
-0.75336 0.34286
-0.74752 0.343691
-0.74168 0.345824
-0.73584 0.346027
-0.73 0.345179
-0.72416 0.344241
-0.71832 0.343219
-0.71248 0.343539
-0.70664 0.343786
-0.7008 0.341703
-0.69496 0.340642
-0.68912 0.339944
-0.68328 0.340337
-0.67744 0.338781
-0.6716 0.339546
-0.66576 0.339253
-0.65992 0.340516
-0.65408 0.340879
-0.64824 0.340323
-0.6424 0.339077
-0.63656 0.339326
-0.63072 0.340284
-0.62488 0.341154
-0.61904 0.341983
-0.6132 0.343769
-0.60736 0.344125
-0.60152 0.343681
-0.59568 0.343681
-0.58984 0.343681
-0.584 0.343681
-0.57816 0.343681
-0.57232 0.343681
-0.56648 0.343681
-0.56064 0.343681
-0.5548 0.343681
-0.54896 0.343681
-0.54312 0.343681
-0.53728 0.343681
-0.53144 0.343681
-0.5256 0.343681
-0.51976 0.343681
-0.51392 0.343681
-0.50808 0.343681
-0.50224 0.343681
-0.4964 0.343681
-0.49056 0.343681
-0.48472 0.343681
-0.47888 0.343681
-0.47304 0.343681
-0.4672 0.343681
-0.46136 0.343681
-0.45552 0.343681
-0.44968 0.343681
-0.44384 0.343681
-0.438 0.343681
-0.43216 0.343681
-0.42632 0.343681
-0.42048 0.343681
-0.41464 0.343681
-0.4088 0.343681
-0.40296 0.343681
-0.39712 0.343681
-0.39128 0.343681
-0.38544 0.343681
-0.3796 0.343681
-0.37376 0.343681
-0.36792 0.343681
-0.36208 0.343681
-0.35624 0.343681
-0.3504 0.343681
-0.34456 0.343681
-0.33872 0.343681
-0.33288 0.343681
-0.32704 0.343681
-0.3212 0.343681
-0.31536 0.343681
-0.30952 0.343681
-0.30368 0.343681
-0.29784 0.343681
-0.292 0.343681
-0.28616 0.343681
-0.28032 0.343681
-0.27448 0.343681
-0.26864 0.343681
-0.2628 0.343681
-0.25696 0.343681
-0.25112 0.343681
-0.24528 0.343681
-0.23944 0.343681
-0.2336 0.343681
-0.22776 0.343681
-0.22192 0.343681
-0.21608 0.343681
-0.21024 0.343681
-0.2044 0.343681
-0.19856 0.343681
-0.19272 0.343681
-0.18688 0.343681
-0.18104 0.343681
-0.1752 0.343681
-0.16936 0.343681
-0.16352 0.343681
-0.15768 0.343681
-0.15184 0.343681
-0.146 0.343681
-0.14016 0.343681
-0.13432 0.343681
-0.12848 0.343681
-0.12264 0.343681
-0.1168 0.343681
-0.11096 0.343681
-0.10512 0.343681
-0.09928 0.343681
-0.09344 0.343681
-0.0876 0.343681
-0.08176 0.343681
-0.07592 0.343681
-0.07008 0.343681
-0.06424 0.343681
-0.0584 0.343681
-0.05256 0.343681
-0.04672 0.343681
-0.04088 0.343681
-0.03504 0.343681
-0.0292 0.343681
-0.02336 0.343681
-0.01752 0.343681
-0.01168 0.343681
-0.00584 0.343681
