-2.92 0.426925
-2.91416 0.426925
-2.90832 0.426925
-2.90248 0.426925
-2.89664 0.426925
-2.8908 0.426925
-2.88496 0.426925
-2.87912 0.426925
-2.87328 0.426925
-2.86744 0.426925
-2.8616 0.426925
-2.85576 0.426925
-2.84992 0.426925
-2.84408 0.426925
-2.83824 0.426925
-2.8324 0.426925
-2.82656 0.426925
-2.82072 0.426925
-2.81488 0.426925
-2.80904 0.426925
-2.8032 0.426925
-2.79736 0.426925
-2.79152 0.426925
-2.78568 0.426925
-2.77984 0.426925
-2.774 0.426925
-2.76816 0.426925
-2.76232 0.426925
-2.75648 0.426925
-2.75064 0.426925
-2.7448 0.426925
-2.73896 0.426925
-2.73312 0.426925
-2.72728 0.426925
-2.72144 0.426925
-2.7156 0.426925
-2.70976 0.426925
-2.70392 0.426925
-2.69808 0.426925
-2.69224 0.426925
-2.6864 0.426925
-2.68056 0.426925
-2.67472 0.426925
-2.66888 0.426925
-2.66304 0.426925
-2.6572 0.426925
-2.65136 0.426925
-2.64552 0.426925
-2.63968 0.426925
-2.63384 0.426925
-2.628 0.426925
-2.62216 0.426925
-2.61632 0.426925
-2.61048 0.426925
-2.60464 0.426925
-2.5988 0.426925
-2.59296 0.426306
-2.58712 0.425555
-2.58128 0.424716
-2.57544 0.423788
-2.5696 0.422859
-2.56376 0.421799
-2.55792 0.420608
-2.55208 0.419372
-2.54624 0.418137
-2.5404 0.416769
-2.53456 0.415357
-2.52872 0.413898
-2.52288 0.412394
-2.51704 0.410891
-2.5112 0.409299
-2.50536 0.407706
-2.49952 0.40594
-2.49368 0.404216
-2.48784 0.402404
-2.482 0.400933
-2.47616 0.399107
-2.47032 0.397281
-2.46448 0.395203
-2.45864 0.393699
-2.4528 0.391953
-2.44696 0.389825
-2.44112 0.387989
-2.43528 0.38644
-2.42944 0.383863
-2.4236 0.3831
-2.41776 0.381465
-2.41192 0.379672
-2.40608 0.377087
-2.40024 0.376551
-2.3944 0.374293
-2.38856 0.37235
-2.38272 0.370375
-2.37688 0.368734
-2.37104 0.365919
-2.3652 0.36515
-2.35936 0.361541
-2.35352 0.361061
-2.34768 0.359242
-2.34184 0.359003
-2.336 0.356515
-2.33016 0.355648
-2.32432 0.353243
-2.31848 0.352919
-2.31264 0.348783
-2.3068 0.350907
-2.30096 0.349271
-2.29512 0.348059
-2.28928 0.34774
-2.28344 0.349466
-2.2776 0.347595
-2.27176 0.345538
-2.26592 0.345323
-2.26008 0.344942
-2.25424 0.345655
-2.2484 0.343843
-2.24256 0.342641
-2.23672 0.344448
-2.23088 0.341966
-2.22504 0.343514
-2.2192 0.343653
-2.21336 0.341316
-2.20752 0.342022
-2.20168 0.340927
-2.19584 0.338889
-2.19 0.341792
-2.18416 0.341913
-2.17832 0.340991
-2.17248 0.341464
-2.16664 0.339146
-2.1608 0.340772
-2.15496 0.344502
-2.14912 0.341725
-2.14328 0.34162
-2.13744 0.33964
-2.1316 0.341671
-2.12576 0.343584
-2.11992 0.344721
-2.11408 0.342992
-2.10824 0.34342
-2.1024 0.340858
-2.09656 0.34025
-2.09072 0.343816
-2.08488 0.34502
-2.07904 0.346688
-2.0732 0.343757
-2.06736 0.345913
-2.06152 0.345568
-2.05568 0.34446
-2.04984 0.348328
-2.044 0.344862
-2.03816 0.34536
-2.03232 0.346232
-2.02648 0.347401
-2.02064 0.344675
-2.0148 0.350573
-2.00896 0.345815
-2.00312 0.348924
-1.99728 0.34936
-1.99144 0.34899
-1.9856 0.346882
-1.97976 0.346667
-1.97392 0.349258
-1.96808 0.349685
-1.96224 0.350453
-1.9564 0.346366
-1.95056 0.343894
-1.94472 0.345514
-1.93888 0.342954
-1.93304 0.341479
-1.9272 0.343326
-1.92136 0.342061
-1.91552 0.335722
-1.90968 0.337503
-1.90384 0.331156
-1.898 0.331659
-1.89216 0.331536
-1.88632 0.329066
-1.88048 0.328842
-1.87464 0.323629
-1.8688 0.323193
-1.86296 0.318913
-1.85712 0.315486
-1.85128 0.316857
-1.84544 0.314731
-1.8396 0.309707
-1.83376 0.306764
-1.82792 0.306552
-1.82208 0.302846
-1.81624 0.300138
-1.8104 0.297072
-1.80456 0.29752
-1.79872 0.290392
-1.79288 0.290579
-1.78704 0.285169
-1.7812 0.280752
-1.77536 0.276501
-1.76952 0.274886
-1.76368 0.26817
-1.75784 0.266659
-1.752 0.263958
-1.74616 0.258768
-1.74032 0.256428
-1.73448 0.256743
-1.72864 0.247334
-1.7228 0.24649
-1.71696 0.243457
-1.71112 0.239629
-1.70528 0.236122
-1.69944 0.232583
-1.6936 0.232356
-1.68776 0.227603
-1.68192 0.222083
-1.67608 0.216359
-1.67024 0.215397
-1.6644 0.217162
-1.65856 0.210267
-1.65272 0.209386
-1.64688 0.208157
-1.64104 0.209427
-1.6352 0.209982
-1.62936 0.207254
-1.62352 0.204454
-1.61768 0.203602
-1.61184 0.204578
-1.606 0.201912
-1.60016 0.197162
-1.59432 0.20011
-1.58848 0.200248
-1.58264 0.199722
-1.5768 0.199633
-1.57096 0.198098
-1.56512 0.199031
-1.55928 0.195933
-1.55344 0.197041
-1.5476 0.196202
-1.54176 0.197185
-1.53592 0.196625
-1.53008 0.194894
-1.52424 0.19735
-1.5184 0.189532
-1.51256 0.192243
-1.50672 0.192497
-1.50088 0.188294
-1.49504 0.188886
-1.4892 0.190901
-1.48336 0.192645
-1.47752 0.190904
-1.47168 0.189187
-1.46584 0.188615
-1.46 0.189873
-1.45416 0.192869
-1.44832 0.191924
-1.44248 0.190861
-1.43664 0.188059
-1.4308 0.18984
-1.42496 0.19179
-1.41912 0.188596
-1.41328 0.190477
-1.40744 0.189395
-1.4016 0.190092
-1.39576 0.190043
-1.38992 0.187249
-1.38408 0.188088
-1.37824 0.185143
-1.3724 0.189375
-1.36656 0.188407
-1.36072 0.187249
-1.35488 0.184232
-1.34904 0.182105
-1.3432 0.181373
-1.33736 0.183663
-1.33152 0.178608
-1.32568 0.182778
-1.31984 0.181687
-1.314 0.178469
-1.30816 0.183368
-1.30232 0.17972
-1.29648 0.179679
-1.29064 0.176659
-1.2848 0.181445
-1.27896 0.180563
-1.27312 0.179431
-1.26728 0.179545
-1.26144 0.183786
-1.2556 0.18269
-1.24976 0.183188
-1.24392 0.183289
-1.23808 0.187126
-1.23224 0.185235
-1.2264 0.186051
-1.22056 0.186683
-1.21472 0.185355
-1.20888 0.182602
-1.20304 0.188607
-1.1972 0.190579
-1.19136 0.190679
-1.18552 0.192139
-1.17968 0.197073
-1.17384 0.198113
-1.168 0.199905
-1.16216 0.199715
-1.15632 0.205969
-1.15048 0.207431
-1.14464 0.208478
-1.1388 0.205886
-1.13296 0.207717
-1.12712 0.213137
-1.12128 0.214256
-1.11544 0.216257
-1.1096 0.21793
-1.10376 0.222305
-1.09792 0.221757
-1.09208 0.227259
-1.08624 0.227877
-1.0804 0.227786
-1.07456 0.229424
-1.06872 0.23382
-1.06288 0.233221
-1.05704 0.233829
-1.0512 0.240261
-1.04536 0.243418
-1.03952 0.246067
-1.03368 0.247464
-1.02784 0.249587
-1.022 0.253977
-1.01616 0.257834
-1.01032 0.258318
-1.00448 0.260564
-0.99864 0.26312
-0.9928 0.264587
-0.98696 0.267694
-0.98112 0.269029
-0.97528 0.270614
-0.96944 0.272496
-0.9636 0.275529
-0.95776 0.277129
-0.95192 0.278239
-0.94608 0.282052
-0.94024 0.282363
-0.9344 0.284477
-0.92856 0.286175
-0.92272 0.288188
-0.91688 0.285092
-0.91104 0.286419
-0.9052 0.289933
-0.89936 0.292213
-0.89352 0.291732
-0.88768 0.293881
-0.88184 0.296514
-0.876 0.297215
-0.87016 0.301791
-0.86432 0.299466
-0.85848 0.301975
-0.85264 0.30214
-0.8468 0.305431
-0.84096 0.306043
-0.83512 0.307521
-0.82928 0.311206
-0.82344 0.314036
-0.8176 0.315121
-0.81176 0.316688
-0.80592 0.31841
-0.80008 0.321753
-0.79424 0.323288
-0.7884 0.324323
-0.78256 0.325446
-0.77672 0.326291
-0.77088 0.326593
-0.76504 0.329814
-0.7592 0.329272
-0.75336 0.330781
-0.74752 0.330858
-0.74168 0.333614
-0.73584 0.332568
-0.73 0.330893
-0.72416 0.329952
-0.71832 0.332883
-0.71248 0.330468
-0.70664 0.330854
-0.7008 0.326437
-0.69496 0.325411
-0.68912 0.327145
-0.68328 0.325434
-0.67744 0.325272
-0.6716 0.325363
-0.66576 0.324983
-0.65992 0.325273
-0.65408 0.325723
-0.64824 0.325462
-0.6424 0.324287
-0.63656 0.323983
-0.63072 0.324866
-0.62488 0.325693
-0.61904 0.326436
-0.6132 0.327889
-0.60736 0.328319
-0.60152 0.328045
-0.59568 0.328045
-0.58984 0.328045
-0.584 0.328045
-0.57816 0.328045
-0.57232 0.328045
-0.56648 0.328045
-0.56064 0.328045
-0.5548 0.328045
-0.54896 0.328045
-0.54312 0.328045
-0.53728 0.328045
-0.53144 0.328045
-0.5256 0.328045
-0.51976 0.328045
-0.51392 0.328045
-0.50808 0.328045
-0.50224 0.328045
-0.4964 0.328045
-0.49056 0.328045
-0.48472 0.328045
-0.47888 0.328045
-0.47304 0.328045
-0.4672 0.328045
-0.46136 0.328045
-0.45552 0.328045
-0.44968 0.328045
-0.44384 0.328045
-0.438 0.328045
-0.43216 0.328045
-0.42632 0.328045
-0.42048 0.328045
-0.41464 0.328045
-0.4088 0.328045
-0.40296 0.328045
-0.39712 0.328045
-0.39128 0.328045
-0.38544 0.328045
-0.3796 0.328045
-0.37376 0.328045
-0.36792 0.328045
-0.36208 0.328045
-0.35624 0.328045
-0.3504 0.328045
-0.34456 0.328045
-0.33872 0.328045
-0.33288 0.328045
-0.32704 0.328045
-0.3212 0.328045
-0.31536 0.328045
-0.30952 0.328045
-0.30368 0.328045
-0.29784 0.328045
-0.292 0.328045
-0.28616 0.328045
-0.28032 0.328045
-0.27448 0.328045
-0.26864 0.328045
-0.2628 0.328045
-0.25696 0.328045
-0.25112 0.328045
-0.24528 0.328045
-0.23944 0.328045
-0.2336 0.328045
-0.22776 0.328045
-0.22192 0.328045
-0.21608 0.328045
-0.21024 0.328045
-0.2044 0.328045
-0.19856 0.328045
-0.19272 0.328045
-0.18688 0.328045
-0.18104 0.328045
-0.1752 0.328045
-0.16936 0.328045
-0.16352 0.328045
-0.15768 0.328045
-0.15184 0.328045
-0.146 0.328045
-0.14016 0.328045
-0.13432 0.328045
-0.12848 0.328045
-0.12264 0.328045
-0.1168 0.328045
-0.11096 0.328045
-0.10512 0.328045
-0.09928 0.328045
-0.09344 0.328045
-0.0876 0.328045
-0.08176 0.328045
-0.07592 0.328045
-0.07008 0.328045
-0.06424 0.328045
-0.0584 0.328045
-0.05256 0.328045
-0.04672 0.328045
-0.04088 0.328045
-0.03504 0.328045
-0.0292 0.328045
-0.02336 0.328045
-0.01752 0.328045
-0.01168 0.328045
-0.00584 0.328045
