-2.92 0.552967
-2.91416 0.552967
-2.90832 0.552967
-2.90248 0.552967
-2.89664 0.552967
-2.8908 0.552967
-2.88496 0.552967
-2.87912 0.552967
-2.87328 0.552967
-2.86744 0.552967
-2.8616 0.552967
-2.85576 0.552967
-2.84992 0.552967
-2.84408 0.552967
-2.83824 0.552967
-2.8324 0.552967
-2.82656 0.552967
-2.82072 0.552967
-2.81488 0.552967
-2.80904 0.552967
-2.8032 0.552967
-2.79736 0.552967
-2.79152 0.552967
-2.78568 0.552967
-2.77984 0.552967
-2.774 0.552967
-2.76816 0.552967
-2.76232 0.552967
-2.75648 0.552967
-2.75064 0.552967
-2.7448 0.552967
-2.73896 0.552967
-2.73312 0.552967
-2.72728 0.552967
-2.72144 0.552967
-2.7156 0.552967
-2.70976 0.552967
-2.70392 0.552967
-2.69808 0.552967
-2.69224 0.552967
-2.6864 0.552967
-2.68056 0.552967
-2.67472 0.552967
-2.66888 0.552967
-2.66304 0.552967
-2.6572 0.552967
-2.65136 0.552967
-2.64552 0.552967
-2.63968 0.552967
-2.63384 0.552967
-2.628 0.552967
-2.62216 0.552967
-2.61632 0.552967
-2.61048 0.552967
-2.60464 0.552967
-2.5988 0.552967
-2.59296 0.552348
-2.58712 0.55151
-2.58128 0.550584
-2.57544 0.549527
-2.5696 0.548204
-2.56376 0.546705
-2.55792 0.545074
-2.55208 0.5434
-2.54624 0.541595
-2.5404 0.539788
-2.53456 0.53785
-2.52872 0.535821
-2.52288 0.53375
-2.51704 0.531592
-2.5112 0.529257
-2.50536 0.526922
-2.49952 0.524453
-2.49368 0.522118
-2.48784 0.519782
-2.482 0.517578
-2.47616 0.515064
-2.47032 0.512506
-2.46448 0.509943
-2.45864 0.507337
-2.4528 0.504561
-2.44696 0.501908
-2.44112 0.499131
-2.43528 0.496392
-2.42944 0.493654
-2.4236 0.490954
-2.41776 0.488379
-2.41192 0.485307
-2.40608 0.482724
-2.40024 0.479895
-2.3944 0.47705
-2.38856 0.47496
-2.38272 0.471998
-2.37688 0.468651
-2.37104 0.466418
-2.3652 0.462999
-2.35936 0.460128
-2.35352 0.457447
-2.34768 0.454713
-2.34184 0.452144
-2.336 0.448324
-2.33016 0.445918
-2.32432 0.442687
-2.31848 0.439536
-2.31264 0.437207
-2.3068 0.433935
-2.30096 0.431116
-2.29512 0.427337
-2.28928 0.424841
-2.28344 0.422379
-2.2776 0.419246
-2.27176 0.415425
-2.26592 0.412772
-2.26008 0.410163
-2.25424 0.4075
-2.2484 0.403395
-2.24256 0.400101
-2.23672 0.396804
-2.23088 0.394404
-2.22504 0.391064
-2.2192 0.386583
-2.21336 0.383434
-2.20752 0.382204
-2.20168 0.379502
-2.19584 0.375782
-2.19 0.374755
-2.18416 0.370356
-2.17832 0.368586
-2.17248 0.366181
-2.16664 0.364288
-2.1608 0.360753
-2.15496 0.360721
-2.14912 0.357557
-2.14328 0.357406
-2.13744 0.35416
-2.1316 0.353635
-2.12576 0.35287
-2.11992 0.349476
-2.11408 0.348237
-2.10824 0.345705
-2.1024 0.346369
-2.09656 0.342381
-2.09072 0.342501
-2.08488 0.340179
-2.07904 0.337383
-2.0732 0.335296
-2.06736 0.335974
-2.06152 0.335447
-2.05568 0.333933
-2.04984 0.331023
-2.044 0.333953
-2.03816 0.328572
-2.03232 0.329903
-2.02648 0.327916
-2.02064 0.328425
-2.0148 0.324532
-2.00896 0.323046
-2.00312 0.32539
-1.99728 0.322873
-1.99144 0.320336
-1.9856 0.32145
-1.97976 0.321792
-1.97392 0.317609
-1.96808 0.316636
-1.96224 0.315831
-1.9564 0.313233
-1.95056 0.314569
-1.94472 0.313574
-1.93888 0.306533
-1.93304 0.307693
-1.9272 0.301835
-1.92136 0.30275
-1.91552 0.302179
-1.90968 0.298558
-1.90384 0.295529
-1.898 0.291735
-1.89216 0.292473
-1.88632 0.288647
-1.88048 0.28571
-1.87464 0.282113
-1.8688 0.281497
-1.86296 0.276502
-1.85712 0.269785
-1.85128 0.272145
-1.84544 0.26882
-1.8396 0.26195
-1.83376 0.261163
-1.82792 0.260545
-1.82208 0.257068
-1.81624 0.253759
-1.8104 0.25067
-1.80456 0.25015
-1.79872 0.243061
-1.79288 0.241583
-1.78704 0.236445
-1.7812 0.235832
-1.77536 0.234729
-1.76952 0.22781
-1.76368 0.222365
-1.75784 0.221081
-1.752 0.220467
-1.74616 0.211108
-1.74032 0.21204
-1.73448 0.208123
-1.72864 0.206759
-1.7228 0.205015
-1.71696 0.201501
-1.71112 0.198408
-1.70528 0.19509
-1.69944 0.192186
-1.6936 0.189369
-1.68776 0.192903
-1.68192 0.18452
-1.67608 0.184351
-1.67024 0.182558
-1.6644 0.181691
-1.65856 0.178198
-1.65272 0.179156
-1.64688 0.178235
-1.64104 0.177734
-1.6352 0.179806
-1.62936 0.177094
-1.62352 0.182844
-1.61768 0.181866
-1.61184 0.184984
-1.606 0.184686
-1.60016 0.181379
-1.59432 0.186402
-1.58848 0.18502
-1.58264 0.18962
-1.5768 0.186598
-1.57096 0.190765
-1.56512 0.19123
-1.55928 0.194102
-1.55344 0.194275
-1.5476 0.191078
-1.54176 0.191528
-1.53592 0.192004
-1.53008 0.194338
-1.52424 0.19396
-1.5184 0.191863
-1.51256 0.196428
-1.50672 0.19751
-1.50088 0.193187
-1.49504 0.197052
-1.4892 0.199264
-1.48336 0.197156
-1.47752 0.19709
-1.47168 0.199929
-1.46584 0.200428
-1.46 0.200892
-1.45416 0.206215
-1.44832 0.207221
-1.44248 0.204876
-1.43664 0.205305
-1.4308 0.20809
-1.42496 0.203811
-1.41912 0.206601
-1.41328 0.209225
-1.40744 0.212718
-1.4016 0.208472
-1.39576 0.208465
-1.38992 0.210454
-1.38408 0.210671
-1.37824 0.212046
-1.3724 0.211284
-1.36656 0.213994
-1.36072 0.207682
-1.35488 0.211867
-1.34904 0.208871
-1.3432 0.208563
-1.33736 0.211932
-1.33152 0.207444
-1.32568 0.210216
-1.31984 0.208741
-1.314 0.211932
-1.30816 0.212609
-1.30232 0.204672
-1.29648 0.210897
-1.29064 0.210021
-1.2848 0.208196
-1.27896 0.206964
-1.27312 0.208598
-1.26728 0.211298
-1.26144 0.213017
-1.2556 0.214271
-1.24976 0.214299
-1.24392 0.212421
-1.23808 0.217589
-1.23224 0.213513
-1.2264 0.218816
-1.22056 0.214716
-1.21472 0.216449
-1.20888 0.218023
-1.20304 0.215986
-1.1972 0.221051
-1.19136 0.222352
-1.18552 0.223848
-1.17968 0.227124
-1.17384 0.229586
-1.168 0.231756
-1.16216 0.234863
-1.15632 0.238188
-1.15048 0.239173
-1.14464 0.241347
-1.1388 0.240271
-1.13296 0.242912
-1.12712 0.244075
-1.12128 0.248998
-1.11544 0.248615
-1.1096 0.251357
-1.10376 0.252784
-1.09792 0.255769
-1.09208 0.258395
-1.08624 0.259792
-1.0804 0.259549
-1.07456 0.261802
-1.06872 0.263989
-1.06288 0.26812
-1.05704 0.269253
-1.0512 0.275678
-1.04536 0.275011
-1.03952 0.277468
-1.03368 0.279842
-1.02784 0.282614
-1.022 0.286885
-1.01616 0.289
-1.01032 0.29088
-1.00448 0.294631
-0.99864 0.294604
-0.9928 0.29926
-0.98696 0.297316
-0.98112 0.302105
-0.97528 0.303962
-0.96944 0.306149
-0.9636 0.306893
-0.95776 0.311086
-0.95192 0.312701
-0.94608 0.314822
-0.94024 0.314816
-0.9344 0.318978
-0.92856 0.320265
-0.92272 0.320024
-0.91688 0.321162
-0.91104 0.321595
-0.9052 0.324189
-0.89936 0.325612
-0.89352 0.326898
-0.88768 0.329099
-0.88184 0.332268
-0.876 0.331916
-0.87016 0.33686
-0.86432 0.33419
-0.85848 0.337281
-0.85264 0.339206
-0.8468 0.339605
-0.84096 0.341555
-0.83512 0.342935
-0.82928 0.348024
-0.82344 0.349907
-0.8176 0.351105
-0.81176 0.352089
-0.80592 0.354665
-0.80008 0.358449
-0.79424 0.358838
-0.7884 0.362091
-0.78256 0.361905
-0.77672 0.363688
-0.77088 0.366047
-0.76504 0.366098
-0.7592 0.369243
-0.75336 0.372154
-0.74752 0.371417
-0.74168 0.373421
-0.73584 0.372738
-0.73 0.373159
-0.72416 0.374226
-0.71832 0.37351
-0.71248 0.372919
-0.70664 0.373709
-0.7008 0.371335
-0.69496 0.37018
-0.68912 0.371474
-0.68328 0.37145
-0.67744 0.371094
-0.6716 0.372232
-0.66576 0.370529
-0.65992 0.372085
-0.65408 0.37232
-0.64824 0.372368
-0.6424 0.371749
-0.63656 0.371871
-0.63072 0.372838
-0.62488 0.373841
-0.61904 0.374841
-0.6132 0.376764
-0.60736 0.377381
-0.60152 0.377237
-0.59568 0.377237
-0.58984 0.377237
-0.584 0.377237
-0.57816 0.377237
-0.57232 0.377237
-0.56648 0.377237
-0.56064 0.377237
-0.5548 0.377237
-0.54896 0.377237
-0.54312 0.377237
-0.53728 0.377237
-0.53144 0.377237
-0.5256 0.377237
-0.51976 0.377237
-0.51392 0.377237
-0.50808 0.377237
-0.50224 0.377237
-0.4964 0.377237
-0.49056 0.377237
-0.48472 0.377237
-0.47888 0.377237
-0.47304 0.377237
-0.4672 0.377237
-0.46136 0.377237
-0.45552 0.377237
-0.44968 0.377237
-0.44384 0.377237
-0.438 0.377237
-0.43216 0.377237
-0.42632 0.377237
-0.42048 0.377237
-0.41464 0.377237
-0.4088 0.377237
-0.40296 0.377237
-0.39712 0.377237
-0.39128 0.377237
-0.38544 0.377237
-0.3796 0.377237
-0.37376 0.377237
-0.36792 0.377237
-0.36208 0.377237
-0.35624 0.377237
-0.3504 0.377237
-0.34456 0.377237
-0.33872 0.377237
-0.33288 0.377237
-0.32704 0.377237
-0.3212 0.377237
-0.31536 0.377237
-0.30952 0.377237
-0.30368 0.377237
-0.29784 0.377237
-0.292 0.377237
-0.28616 0.377237
-0.28032 0.377237
-0.27448 0.377237
-0.26864 0.377237
-0.2628 0.377237
-0.25696 0.377237
-0.25112 0.377237
-0.24528 0.377237
-0.23944 0.377237
-0.2336 0.377237
-0.22776 0.377237
-0.22192 0.377237
-0.21608 0.377237
-0.21024 0.377237
-0.2044 0.377237
-0.19856 0.377237
-0.19272 0.377237
-0.18688 0.377237
-0.18104 0.377237
-0.1752 0.377237
-0.16936 0.377237
-0.16352 0.377237
-0.15768 0.377237
-0.15184 0.377237
-0.146 0.377237
-0.14016 0.377237
-0.13432 0.377237
-0.12848 0.377237
-0.12264 0.377237
-0.1168 0.377237
-0.11096 0.377237
-0.10512 0.377237
-0.09928 0.377237
-0.09344 0.377237
-0.0876 0.377237
-0.08176 0.377237
-0.07592 0.377237
-0.07008 0.377237
-0.06424 0.377237
-0.0584 0.377237
-0.05256 0.377237
-0.04672 0.377237
-0.04088 0.377237
-0.03504 0.377237
-0.0292 0.377237
-0.02336 0.377237
-0.01752 0.377237
-0.01168 0.377237
-0.00584 0.377237
