-2.92 0.255268
-2.91416 0.255268
-2.90832 0.255268
-2.90248 0.255268
-2.89664 0.255268
-2.8908 0.255268
-2.88496 0.255268
-2.87912 0.255268
-2.87328 0.255268
-2.86744 0.255268
-2.8616 0.255268
-2.85576 0.255268
-2.84992 0.255268
-2.84408 0.255268
-2.83824 0.255268
-2.8324 0.255268
-2.82656 0.255268
-2.82072 0.255268
-2.81488 0.255268
-2.80904 0.255268
-2.8032 0.255268
-2.79736 0.255268
-2.79152 0.255268
-2.78568 0.255268
-2.77984 0.255268
-2.774 0.255268
-2.76816 0.255268
-2.76232 0.255268
-2.75648 0.255268
-2.75064 0.255268
-2.7448 0.255268
-2.73896 0.255268
-2.73312 0.255268
-2.72728 0.255268
-2.72144 0.255268
-2.7156 0.255268
-2.70976 0.255268
-2.70392 0.255268
-2.69808 0.255268
-2.69224 0.255268
-2.6864 0.255268
-2.68056 0.255268
-2.67472 0.255268
-2.66888 0.255268
-2.66304 0.255268
-2.6572 0.255268
-2.65136 0.255268
-2.64552 0.255268
-2.63968 0.255268
-2.63384 0.255268
-2.628 0.255268
-2.62216 0.255268
-2.61632 0.255268
-2.61048 0.255268
-2.60464 0.255268
-2.5988 0.255268
-2.59296 0.255002
-2.58712 0.254516
-2.58128 0.253853
-2.57544 0.253101
-2.5696 0.252305
-2.56376 0.251509
-2.55792 0.250713
-2.55208 0.249916
-2.54624 0.248986
-2.5404 0.248055
-2.53456 0.24717
-2.52872 0.246108
-2.52288 0.24509
-2.51704 0.244029
-2.5112 0.243055
-2.50536 0.241949
-2.49952 0.240884
-2.49368 0.239774
-2.48784 0.238621
-2.482 0.2376
-2.47616 0.236356
-2.47032 0.235114
-2.46448 0.233825
-2.45864 0.232579
-2.4528 0.23129
-2.44696 0.230002
-2.44112 0.228713
-2.43528 0.227379
-2.42944 0.22609
-2.4236 0.22471
-2.41776 0.223331
-2.41192 0.221865
-2.40608 0.220399
-2.40024 0.218888
-2.3944 0.217376
-2.38856 0.215909
-2.38272 0.214398
-2.37688 0.212885
-2.37104 0.211374
-2.3652 0.209774
-2.35936 0.208173
-2.35352 0.206617
-2.34768 0.205061
-2.34184 0.203461
-2.336 0.201817
-2.33016 0.200173
-2.32432 0.198442
-2.31848 0.196752
-2.31264 0.195064
-2.3068 0.193418
-2.30096 0.191686
-2.29512 0.190041
-2.28928 0.188354
-2.28344 0.186709
-2.2776 0.185065
-2.27176 0.183463
-2.26592 0.18187
-2.26008 0.180146
-2.25424 0.178333
-2.2484 0.176519
-2.24256 0.174704
-2.23672 0.172975
-2.23088 0.17112
-2.22504 0.169357
-2.2192 0.167503
-2.21336 0.165693
-2.20752 0.163927
-2.20168 0.162029
-2.19584 0.160218
-2.19 0.158319
-2.18416 0.156467
-2.17832 0.154569
-2.17248 0.152716
-2.16664 0.150903
-2.1608 0.149051
-2.15496 0.147153
-2.14912 0.145299
-2.14328 0.1434
-2.13744 0.141543
-2.1316 0.139732
-2.12576 0.13788
-2.11992 0.136107
-2.11408 0.134084
-2.10824 0.132228
-2.1024 0.130456
-2.09656 0.128643
-2.09072 0.126785
-2.08488 0.124886
-2.07904 0.123324
-2.0732 0.121343
-2.06736 0.119488
-2.06152 0.117843
-2.05568 0.116286
-2.04984 0.114602
-2.044 0.112587
-2.03816 0.110859
-2.03232 0.108877
-2.02648 0.107316
-2.02064 0.105334
-2.0148 0.103352
-2.00896 0.10167
-2.00312 0.100027
-1.99728 0.0982549
-1.99144 0.096744
-1.9856 0.0950169
-1.97976 0.0942184
-1.97392 0.0933795
-1.96808 0.0919463
-1.96224 0.0917002
-1.9564 0.0900604
-1.95056 0.0895612
-1.94472 0.0891516
-1.93888 0.0885211
-1.93304 0.0877999
-1.9272 0.0867097
-1.92136 0.0864959
-1.91552 0.0849466
-1.90968 0.0852805
-1.90384 0.0847927
-1.898 0.084117
-1.89216 0.0844067
-1.88632 0.0844877
-1.88048 0.0841984
-1.87464 0.084157
-1.8688 0.0845421
-1.86296 0.0830657
-1.85712 0.0835815
-1.85128 0.0828589
-1.84544 0.0843072
-1.8396 0.0831347
-1.83376 0.0836118
-1.82792 0.0837549
-1.82208 0.0850142
-1.81624 0.0837212
-1.8104 0.0852041
-1.80456 0.0849225
-1.79872 0.0831554
-1.79288 0.0854501
-1.78704 0.0865738
-1.7812 0.0853507
-1.77536 0.0852893
-1.76952 0.0903113
-1.76368 0.0880233
-1.75784 0.0879985
-1.752 0.0897848
-1.74616 0.0899776
-1.74032 0.0905803
-1.73448 0.0914225
-1.72864 0.0914704
-1.7228 0.0924782
-1.71696 0.09305
-1.71112 0.0920561
-1.70528 0.0948922
-1.69944 0.0959828
-1.6936 0.0944997
-1.68776 0.0965921
-1.68192 0.0998231
-1.67608 0.0966918
-1.67024 0.0992886
-1.6644 0.0984384
-1.65856 0.0999107
-1.65272 0.100876
-1.64688 0.100229
-1.64104 0.0999182
-1.6352 0.102479
-1.62936 0.0987633
-1.62352 0.101086
-1.61768 0.101575
-1.61184 0.101915
-1.606 0.105507
-1.60016 0.106654
-1.59432 0.106079
-1.58848 0.111067
-1.58264 0.111535
-1.5768 0.111988
-1.57096 0.11388
-1.56512 0.116967
-1.55928 0.118893
-1.55344 0.120099
-1.5476 0.122642
-1.54176 0.127166
-1.53592 0.126545
-1.53008 0.129984
-1.52424 0.129944
-1.5184 0.132482
-1.51256 0.136654
-1.50672 0.136493
-1.50088 0.139931
-1.49504 0.144967
-1.4892 0.144212
-1.48336 0.144339
-1.47752 0.147201
-1.47168 0.150358
-1.46584 0.152131
-1.46 0.151079
-1.45416 0.157355
-1.44832 0.16132
-1.44248 0.162992
-1.43664 0.162991
-1.4308 0.165556
-1.42496 0.164516
-1.41912 0.169075
-1.41328 0.174511
-1.40744 0.175769
-1.4016 0.179307
-1.39576 0.179246
-1.38992 0.185408
-1.38408 0.189557
-1.37824 0.188274
-1.3724 0.19216
-1.36656 0.194481
-1.36072 0.195304
-1.35488 0.19908
-1.34904 0.201632
-1.3432 0.202114
-1.33736 0.20726
-1.33152 0.213769
-1.32568 0.213418
-1.31984 0.215936
-1.314 0.218325
-1.30816 0.21997
-1.30232 0.224904
-1.29648 0.224719
-1.29064 0.22811
-1.2848 0.231082
-1.27896 0.233191
-1.27312 0.232634
-1.26728 0.23865
-1.26144 0.239433
-1.2556 0.24121
-1.24976 0.243421
-1.24392 0.248325
-1.23808 0.247577
-1.23224 0.252639
-1.2264 0.250898
-1.22056 0.257357
-1.21472 0.258927
-1.20888 0.261007
-1.20304 0.264249
-1.1972 0.266795
-1.19136 0.266617
-1.18552 0.269811
-1.17968 0.271793
-1.17384 0.272558
-1.168 0.279527
-1.16216 0.282002
-1.15632 0.282501
-1.15048 0.286909
-1.14464 0.287598
-1.1388 0.288995
-1.13296 0.289063
-1.12712 0.292847
-1.12128 0.294085
-1.11544 0.295812
-1.1096 0.299428
-1.10376 0.303566
-1.09792 0.304088
-1.09208 0.305972
-1.08624 0.305512
-1.0804 0.308426
-1.07456 0.311087
-1.06872 0.311347
-1.06288 0.314696
-1.05704 0.318959
-1.0512 0.317522
-1.04536 0.31644
-1.03952 0.318789
-1.03368 0.320765
-1.02784 0.320604
-1.022 0.318844
-1.01616 0.322955
-1.01032 0.324964
-1.00448 0.325343
-0.99864 0.322954
-0.9928 0.324055
-0.98696 0.323055
-0.98112 0.324405
-0.97528 0.328624
-0.96944 0.328419
-0.9636 0.327816
-0.95776 0.328306
-0.95192 0.331254
-0.94608 0.333552
-0.94024 0.330846
-0.9344 0.333045
-0.92856 0.33202
-0.92272 0.333083
-0.91688 0.333322
-0.91104 0.334028
-0.9052 0.332343
-0.89936 0.335917
-0.89352 0.33776
-0.88768 0.337489
-0.88184 0.338342
-0.876 0.339141
-0.87016 0.339762
-0.86432 0.341757
-0.85848 0.340315
-0.85264 0.341531
-0.8468 0.343202
-0.84096 0.34227
-0.83512 0.342343
-0.82928 0.344313
-0.82344 0.343258
-0.8176 0.344158
-0.81176 0.346253
-0.80592 0.345857
-0.80008 0.34617
-0.79424 0.347381
-0.7884 0.347577
-0.78256 0.349706
-0.77672 0.349844
-0.77088 0.350124
-0.76504 0.351275
-0.7592 0.351711
-0.75336 0.352151
-0.74752 0.352546
-0.74168 0.352641
-0.73584 0.354594
-0.73 0.355406
-0.72416 0.356681
-0.71832 0.357319
-0.71248 0.35792
-0.70664 0.359064
-0.7008 0.359491
-0.69496 0.3608
-0.68912 0.361265
-0.68328 0.362406
-0.67744 0.364891
-0.6716 0.366077
-0.66576 0.367042
-0.65992 0.368049
-0.65408 0.367967
-0.64824 0.369397
-0.6424 0.371065
-0.63656 0.371645
-0.63072 0.372015
-0.62488 0.372419
-0.61904 0.373365
-0.6132 0.372884
-0.60736 0.372778
-0.60152 0.373214
-0.59568 0.373214
-0.58984 0.373214
-0.584 0.373214
-0.57816 0.373214
-0.57232 0.373214
-0.56648 0.373214
-0.56064 0.373214
-0.5548 0.373214
-0.54896 0.373214
-0.54312 0.373214
-0.53728 0.373214
-0.53144 0.373214
-0.5256 0.373214
-0.51976 0.373214
-0.51392 0.373214
-0.50808 0.373214
-0.50224 0.373214
-0.4964 0.373214
-0.49056 0.373214
-0.48472 0.373214
-0.47888 0.373214
-0.47304 0.373214
-0.4672 0.373214
-0.46136 0.373214
-0.45552 0.373214
-0.44968 0.373214
-0.44384 0.373214
-0.438 0.373214
-0.43216 0.373214
-0.42632 0.373214
-0.42048 0.373214
-0.41464 0.373214
-0.4088 0.373214
-0.40296 0.373214
-0.39712 0.373214
-0.39128 0.373214
-0.38544 0.373214
-0.3796 0.373214
-0.37376 0.373214
-0.36792 0.373214
-0.36208 0.373214
-0.35624 0.373214
-0.3504 0.373214
-0.34456 0.373214
-0.33872 0.373214
-0.33288 0.373214
-0.32704 0.373214
-0.3212 0.373214
-0.31536 0.373214
-0.30952 0.373214
-0.30368 0.373214
-0.29784 0.373214
-0.292 0.373214
-0.28616 0.373214
-0.28032 0.373214
-0.27448 0.373214
-0.26864 0.373214
-0.2628 0.373214
-0.25696 0.373214
-0.25112 0.373214
-0.24528 0.373214
-0.23944 0.373214
-0.2336 0.373214
-0.22776 0.373214
-0.22192 0.373214
-0.21608 0.373214
-0.21024 0.373214
-0.2044 0.373214
-0.19856 0.373214
-0.19272 0.373214
-0.18688 0.373214
-0.18104 0.373214
-0.1752 0.373214
-0.16936 0.373214
-0.16352 0.373214
-0.15768 0.373214
-0.15184 0.373214
-0.146 0.373214
-0.14016 0.373214
-0.13432 0.373214
-0.12848 0.373214
-0.12264 0.373214
-0.1168 0.373214
-0.11096 0.373214
-0.10512 0.373214
-0.09928 0.373214
-0.09344 0.373214
-0.0876 0.373214
-0.08176 0.373214
-0.07592 0.373214
-0.07008 0.373214
-0.06424 0.373214
-0.0584 0.373214
-0.05256 0.373214
-0.04672 0.373214
-0.04088 0.373214
-0.03504 0.373214
-0.0292 0.373214
-0.02336 0.373214
-0.01752 0.373214
-0.01168 0.373214
-0.00584 0.373214
