-2.92 0.233875
-2.91416 0.233875
-2.90832 0.233875
-2.90248 0.233875
-2.89664 0.233875
-2.8908 0.233875
-2.88496 0.233875
-2.87912 0.233875
-2.87328 0.233875
-2.86744 0.233875
-2.8616 0.233875
-2.85576 0.233875
-2.84992 0.233875
-2.84408 0.233875
-2.83824 0.233875
-2.8324 0.233875
-2.82656 0.233875
-2.82072 0.233875
-2.81488 0.233875
-2.80904 0.233875
-2.8032 0.233875
-2.79736 0.233875
-2.79152 0.233875
-2.78568 0.233875
-2.77984 0.233875
-2.774 0.233875
-2.76816 0.233875
-2.76232 0.233875
-2.75648 0.233875
-2.75064 0.233875
-2.7448 0.233875
-2.73896 0.233875
-2.73312 0.233875
-2.72728 0.233875
-2.72144 0.233875
-2.7156 0.233875
-2.70976 0.233875
-2.70392 0.233875
-2.69808 0.233875
-2.69224 0.233875
-2.6864 0.233875
-2.68056 0.233875
-2.67472 0.233875
-2.66888 0.233875
-2.66304 0.233875
-2.6572 0.233875
-2.65136 0.233875
-2.64552 0.233875
-2.63968 0.233875
-2.63384 0.233875
-2.628 0.233875
-2.62216 0.233875
-2.61632 0.233875
-2.61048 0.233875
-2.60464 0.233875
-2.5988 0.233875
-2.59296 0.233652
-2.58712 0.233207
-2.58128 0.232717
-2.57544 0.232141
-2.5696 0.231521
-2.56376 0.230901
-2.55792 0.230235
-2.55208 0.229614
-2.54624 0.228859
-2.5404 0.228061
-2.53456 0.227219
-2.52872 0.226377
-2.52288 0.225578
-2.51704 0.224604
-2.5112 0.223627
-2.50536 0.222562
-2.49952 0.221586
-2.49368 0.220566
-2.48784 0.219592
-2.482 0.218575
-2.47616 0.21738
-2.47032 0.21614
-2.46448 0.214943
-2.45864 0.213658
-2.4528 0.212374
-2.44696 0.21109
-2.44112 0.209849
-2.43528 0.208565
-2.42944 0.207325
-2.4236 0.205996
-2.41776 0.204668
-2.41192 0.203339
-2.40608 0.202009
-2.40024 0.200678
-2.3944 0.199259
-2.38856 0.197927
-2.38272 0.196508
-2.37688 0.195087
-2.37104 0.193668
-2.3652 0.192248
-2.35936 0.190783
-2.35352 0.189319
-2.34768 0.187856
-2.34184 0.186348
-2.336 0.184797
-2.33016 0.183335
-2.32432 0.18174
-2.31848 0.180144
-2.31264 0.178549
-2.3068 0.176999
-2.30096 0.175491
-2.29512 0.173939
-2.28928 0.172301
-2.28344 0.170706
-2.2776 0.169112
-2.27176 0.167651
-2.26592 0.16619
-2.26008 0.16473
-2.25424 0.163091
-2.2484 0.161496
-2.24256 0.159902
-2.23672 0.158263
-2.23088 0.156581
-2.22504 0.154943
-2.2192 0.153218
-2.21336 0.151492
-2.20752 0.149855
-2.20168 0.148129
-2.19584 0.14645
-2.19 0.144769
-2.18416 0.143087
-2.17832 0.141406
-2.17248 0.140023
-2.16664 0.138594
-2.1608 0.137336
-2.15496 0.136205
-2.14912 0.13499
-2.14328 0.133944
-2.13744 0.132473
-2.1316 0.132062
-2.12576 0.130931
-2.11992 0.130094
-2.11408 0.128795
-2.10824 0.127748
-2.1024 0.127885
-2.09656 0.126411
-2.09072 0.125406
-2.08488 0.124701
-2.07904 0.124713
-2.0732 0.123535
-2.06736 0.123381
-2.06152 0.122378
-2.05568 0.122267
-2.04984 0.122072
-2.044 0.120993
-2.03816 0.120922
-2.03232 0.120176
-2.02648 0.120106
-2.02064 0.118299
-2.0148 0.119202
-2.00896 0.11905
-2.00312 0.118345
-1.99728 0.119376
-1.99144 0.119098
-1.9856 0.118436
-1.97976 0.117647
-1.97392 0.117327
-1.96808 0.117682
-1.96224 0.117235
-1.9564 0.11619
-1.95056 0.114554
-1.94472 0.117541
-1.93888 0.1148
-1.93304 0.113508
-1.9272 0.113389
-1.92136 0.111924
-1.91552 0.10825
-1.90968 0.108567
-1.90384 0.10591
-1.898 0.104317
-1.89216 0.103532
-1.88632 0.100636
-1.88048 0.0978363
-1.87464 0.0968385
-1.8688 0.0953669
-1.86296 0.09123
-1.85712 0.0895963
-1.85128 0.0876619
-1.84544 0.0861491
-1.8396 0.0843866
-1.83376 0.0806401
-1.82792 0.0783643
-1.82208 0.0755584
-1.81624 0.0742587
-1.8104 0.0730494
-1.80456 0.0691248
-1.79872 0.0665585
-1.79288 0.0642444
-1.78704 0.0633763
-1.7812 0.0598823
-1.77536 0.0575273
-1.76952 0.0562451
-1.76368 0.053133
-1.75784 0.0509994
-1.752 0.0492912
-1.74616 0.0450792
-1.74032 0.0456197
-1.73448 0.0420048
-1.72864 0.0402092
-1.7228 0.0376966
-1.71696 0.0354775
-1.71112 0.0336449
-1.70528 0.0319385
-1.69944 0.0290885
-1.6936 0.027486
-1.68776 0.0258543
-1.68192 0.0236867
-1.67608 0.0221268
-1.67024 0.0211377
-1.6644 0.0200759
-1.65856 0.0202075
-1.65272 0.0191212
-1.64688 0.019789
-1.64104 0.0198775
-1.6352 0.0207407
-1.62936 0.0228652
-1.62352 0.0227597
-1.61768 0.0225153
-1.61184 0.0241872
-1.606 0.0240041
-1.60016 0.0226717
-1.59432 0.0268636
-1.58848 0.0269595
-1.58264 0.0273098
-1.5768 0.0286425
-1.57096 0.0299104
-1.56512 0.0319261
-1.55928 0.032124
-1.55344 0.0361152
-1.5476 0.0375765
-1.54176 0.0415455
-1.53592 0.0430158
-1.53008 0.0440631
-1.52424 0.0444133
-1.5184 0.0452516
-1.51256 0.0490944
-1.50672 0.0473212
-1.50088 0.0510777
-1.49504 0.055775
-1.4892 0.0584021
-1.48336 0.0604386
-1.47752 0.0618002
-1.47168 0.0625743
-1.46584 0.0644022
-1.46 0.0687756
-1.45416 0.0706841
-1.44832 0.0713415
-1.44248 0.0767153
-1.43664 0.0765687
-1.4308 0.0797872
-1.42496 0.0822791
-1.41912 0.0843646
-1.41328 0.0863941
-1.40744 0.0890927
-1.4016 0.0895498
-1.39576 0.0927688
-1.38992 0.0964601
-1.38408 0.0923626
-1.37824 0.0966255
-1.3724 0.0986096
-1.36656 0.100876
-1.36072 0.103258
-1.35488 0.104981
-1.34904 0.105949
-1.3432 0.110321
-1.33736 0.113346
-1.33152 0.116296
-1.32568 0.120523
-1.31984 0.121606
-1.314 0.122817
-1.30816 0.124313
-1.30232 0.125378
-1.29648 0.127021
-1.29064 0.130682
-1.2848 0.132923
-1.27896 0.13726
-1.27312 0.141179
-1.26728 0.144311
-1.26144 0.145463
-1.2556 0.148454
-1.24976 0.150676
-1.24392 0.155087
-1.23808 0.155794
-1.23224 0.158112
-1.2264 0.160251
-1.22056 0.164049
-1.21472 0.165751
-1.20888 0.169324
-1.20304 0.170027
-1.1972 0.173965
-1.19136 0.178688
-1.18552 0.17939
-1.17968 0.182508
-1.17384 0.184631
-1.168 0.184697
-1.16216 0.183853
-1.15632 0.188076
-1.15048 0.190938
-1.14464 0.191061
-1.1388 0.195067
-1.13296 0.197031
-1.12712 0.200152
-1.12128 0.201652
-1.11544 0.207084
-1.1096 0.209023
-1.10376 0.213161
-1.09792 0.21531
-1.09208 0.217351
-1.08624 0.216305
-1.0804 0.217924
-1.07456 0.221971
-1.06872 0.221045
-1.06288 0.225626
-1.05704 0.232681
-1.0512 0.234739
-1.04536 0.237657
-1.03952 0.239332
-1.03368 0.239884
-1.02784 0.242109
-1.022 0.246829
-1.01616 0.24822
-1.01032 0.250451
-1.00448 0.254856
-0.99864 0.254747
-0.9928 0.258797
-0.98696 0.260329
-0.98112 0.262758
-0.97528 0.265069
-0.96944 0.266574
-0.9636 0.268445
-0.95776 0.272103
-0.95192 0.274876
-0.94608 0.27159
-0.94024 0.274759
-0.9344 0.277609
-0.92856 0.27985
-0.92272 0.281864
-0.91688 0.282907
-0.91104 0.28514
-0.9052 0.28762
-0.89936 0.291914
-0.89352 0.293306
-0.88768 0.296751
-0.88184 0.297755
-0.876 0.298182
-0.87016 0.299451
-0.86432 0.299879
-0.85848 0.302019
-0.85264 0.303397
-0.8468 0.305198
-0.84096 0.308835
-0.83512 0.311185
-0.82928 0.312895
-0.82344 0.3133
-0.8176 0.315132
-0.81176 0.316092
-0.80592 0.319066
-0.80008 0.318081
-0.79424 0.319835
-0.7884 0.321325
-0.78256 0.321893
-0.77672 0.322512
-0.77088 0.324471
-0.76504 0.32419
-0.7592 0.32654
-0.75336 0.326967
-0.74752 0.327868
-0.74168 0.329363
-0.73584 0.330849
-0.73 0.330362
-0.72416 0.328984
-0.71832 0.330379
-0.71248 0.331739
-0.70664 0.331995
-0.7008 0.333358
-0.69496 0.333797
-0.68912 0.335167
-0.68328 0.33576
-0.67744 0.336722
-0.6716 0.338703
-0.66576 0.33975
-0.65992 0.34029
-0.65408 0.341927
-0.64824 0.340751
-0.6424 0.341833
-0.63656 0.34287
-0.63072 0.343784
-0.62488 0.344689
-0.61904 0.34652
-0.6132 0.34683
-0.60736 0.346882
-0.60152 0.346637
-0.59568 0.346637
-0.58984 0.346637
-0.584 0.346637
-0.57816 0.346637
-0.57232 0.346637
-0.56648 0.346637
-0.56064 0.346637
-0.5548 0.346637
-0.54896 0.346637
-0.54312 0.346637
-0.53728 0.346637
-0.53144 0.346637
-0.5256 0.346637
-0.51976 0.346637
-0.51392 0.346637
-0.50808 0.346637
-0.50224 0.346637
-0.4964 0.346637
-0.49056 0.346637
-0.48472 0.346637
-0.47888 0.346637
-0.47304 0.346637
-0.4672 0.346637
-0.46136 0.346637
-0.45552 0.346637
-0.44968 0.346637
-0.44384 0.346637
-0.438 0.346637
-0.43216 0.346637
-0.42632 0.346637
-0.42048 0.346637
-0.41464 0.346637
-0.4088 0.346637
-0.40296 0.346637
-0.39712 0.346637
-0.39128 0.346637
-0.38544 0.346637
-0.3796 0.346637
-0.37376 0.346637
-0.36792 0.346637
-0.36208 0.346637
-0.35624 0.346637
-0.3504 0.346637
-0.34456 0.346637
-0.33872 0.346637
-0.33288 0.346637
-0.32704 0.346637
-0.3212 0.346637
-0.31536 0.346637
-0.30952 0.346637
-0.30368 0.346637
-0.29784 0.346637
-0.292 0.346637
-0.28616 0.346637
-0.28032 0.346637
-0.27448 0.346637
-0.26864 0.346637
-0.2628 0.346637
-0.25696 0.346637
-0.25112 0.346637
-0.24528 0.346637
-0.23944 0.346637
-0.2336 0.346637
-0.22776 0.346637
-0.22192 0.346637
-0.21608 0.346637
-0.21024 0.346637
-0.2044 0.346637
-0.19856 0.346637
-0.19272 0.346637
-0.18688 0.346637
-0.18104 0.346637
-0.1752 0.346637
-0.16936 0.346637
-0.16352 0.346637
-0.15768 0.346637
-0.15184 0.346637
-0.146 0.346637
-0.14016 0.346637
-0.13432 0.346637
-0.12848 0.346637
-0.12264 0.346637
-0.1168 0.346637
-0.11096 0.346637
-0.10512 0.346637
-0.09928 0.346637
-0.09344 0.346637
-0.0876 0.346637
-0.08176 0.346637
-0.07592 0.346637
-0.07008 0.346637
-0.06424 0.346637
-0.0584 0.346637
-0.05256 0.346637
-0.04672 0.346637
-0.04088 0.346637
-0.03504 0.346637
-0.0292 0.346637
-0.02336 0.346637
-0.01752 0.346637
-0.01168 0.346637
-0.00584 0.346637
