-2.92 0.259208
-2.91416 0.259208
-2.90832 0.259208
-2.90248 0.259208
-2.89664 0.259208
-2.8908 0.259208
-2.88496 0.259208
-2.87912 0.259208
-2.87328 0.259208
-2.86744 0.259208
-2.8616 0.259208
-2.85576 0.259208
-2.84992 0.259208
-2.84408 0.259208
-2.83824 0.259208
-2.8324 0.259208
-2.82656 0.259208
-2.82072 0.259208
-2.81488 0.259208
-2.80904 0.259208
-2.8032 0.259208
-2.79736 0.259208
-2.79152 0.259208
-2.78568 0.259208
-2.77984 0.259208
-2.774 0.259208
-2.76816 0.259208
-2.76232 0.259208
-2.75648 0.259208
-2.75064 0.259208
-2.7448 0.259208
-2.73896 0.259208
-2.73312 0.259208
-2.72728 0.259208
-2.72144 0.259208
-2.7156 0.259208
-2.70976 0.259208
-2.70392 0.259208
-2.69808 0.259208
-2.69224 0.259208
-2.6864 0.259208
-2.68056 0.259208
-2.67472 0.259208
-2.66888 0.259208
-2.66304 0.259208
-2.6572 0.259208
-2.65136 0.259208
-2.64552 0.259208
-2.63968 0.259208
-2.63384 0.259208
-2.628 0.259208
-2.62216 0.259208
-2.61632 0.259208
-2.61048 0.259208
-2.60464 0.259208
-2.5988 0.259208
-2.59296 0.258853
-2.58712 0.258411
-2.58128 0.257835
-2.57544 0.257214
-2.5696 0.256461
-2.56376 0.255621
-2.55792 0.254694
-2.55208 0.253767
-2.54624 0.252797
-2.5404 0.251735
-2.53456 0.250717
-2.52872 0.249568
-2.52288 0.24842
-2.51704 0.247227
-2.5112 0.246035
-2.50536 0.244886
-2.49952 0.243783
-2.49368 0.242632
-2.48784 0.241348
-2.482 0.240418
-2.47616 0.239133
-2.47032 0.237849
-2.46448 0.236565
-2.45864 0.235238
-2.4528 0.233821
-2.44696 0.232449
-2.44112 0.231033
-2.43528 0.229571
-2.42944 0.22811
-2.4236 0.226605
-2.41776 0.225099
-2.41192 0.22355
-2.40608 0.222
-2.40024 0.22045
-2.3944 0.2189
-2.38856 0.217439
-2.38272 0.215889
-2.37688 0.214381
-2.37104 0.212831
-2.3652 0.211367
-2.35936 0.209815
-2.35352 0.208306
-2.34768 0.20671
-2.34184 0.2052
-2.336 0.203604
-2.33016 0.202007
-2.32432 0.200498
-2.31848 0.198859
-2.31264 0.197262
-2.3068 0.195579
-2.30096 0.193851
-2.29512 0.19208
-2.28928 0.190398
-2.28344 0.188673
-2.2776 0.186946
-2.27176 0.18522
-2.26592 0.183494
-2.26008 0.181944
-2.25424 0.18013
-2.2484 0.178315
-2.24256 0.176456
-2.23672 0.174686
-2.23088 0.172828
-2.22504 0.171059
-2.2192 0.169157
-2.21336 0.1673
-2.20752 0.165398
-2.20168 0.163496
-2.19584 0.161595
-2.19 0.159737
-2.18416 0.157837
-2.17832 0.155935
-2.17248 0.15412
-2.16664 0.152261
-2.1608 0.15036
-2.15496 0.148626
-2.14912 0.146852
-2.14328 0.145079
-2.13744 0.143306
-2.1316 0.141532
-2.12576 0.14014
-2.11992 0.13828
-2.11408 0.13638
-2.10824 0.134436
-2.1024 0.132664
-2.09656 0.131442
-2.09072 0.129372
-2.08488 0.127811
-2.07904 0.125697
-2.0732 0.124516
-2.06736 0.122914
-2.06152 0.120679
-2.05568 0.119332
-2.04984 0.117727
-2.044 0.115543
-2.03816 0.114318
-2.03232 0.112078
-2.02648 0.11132
-2.02064 0.108529
-2.0148 0.106882
-2.00896 0.105708
-2.00312 0.103589
-1.99728 0.101901
-1.99144 0.1
-1.9856 0.0989008
-1.97976 0.0978472
-1.97392 0.096291
-1.96808 0.0956539
-1.96224 0.0945086
-1.9564 0.0931901
-1.95056 0.0933523
-1.94472 0.0917851
-1.93888 0.091734
-1.93304 0.0902914
-1.9272 0.0909655
-1.92136 0.0891392
-1.91552 0.0875129
-1.90968 0.0876247
-1.90384 0.0866092
-1.898 0.085937
-1.89216 0.0863608
-1.88632 0.0861132
-1.88048 0.0848982
-1.87464 0.0859647
-1.8688 0.084698
-1.86296 0.0847763
-1.85712 0.0834358
-1.85128 0.084406
-1.84544 0.0837701
-1.8396 0.0838081
-1.83376 0.0847499
-1.82792 0.0858583
-1.82208 0.0862768
-1.81624 0.0850203
-1.8104 0.0862474
-1.80456 0.0846575
-1.79872 0.0855809
-1.79288 0.0849937
-1.78704 0.0858289
-1.7812 0.0860501
-1.77536 0.0848809
-1.76952 0.0859563
-1.76368 0.086669
-1.75784 0.086989
-1.752 0.0858871
-1.74616 0.0858946
-1.74032 0.0884941
-1.73448 0.0874074
-1.72864 0.0879526
-1.7228 0.0898319
-1.71696 0.0877646
-1.71112 0.0912907
-1.70528 0.0905105
-1.69944 0.0886505
-1.6936 0.0908691
-1.68776 0.0932982
-1.68192 0.0917846
-1.67608 0.0930386
-1.67024 0.0940942
-1.6644 0.0938659
-1.65856 0.0939364
-1.65272 0.0953412
-1.64688 0.0940097
-1.64104 0.0945803
-1.6352 0.0939299
-1.62936 0.0956362
-1.62352 0.0947071
-1.61768 0.0942064
-1.61184 0.0945314
-1.606 0.100361
-1.60016 0.102921
-1.59432 0.100908
-1.58848 0.104901
-1.58264 0.105493
-1.5768 0.10701
-1.57096 0.108529
-1.56512 0.108802
-1.55928 0.111315
-1.55344 0.115638
-1.5476 0.115587
-1.54176 0.119412
-1.53592 0.123949
-1.53008 0.12345
-1.52424 0.127905
-1.5184 0.128008
-1.51256 0.130973
-1.50672 0.131076
-1.50088 0.134298
-1.49504 0.140773
-1.4892 0.141512
-1.48336 0.140345
-1.47752 0.14379
-1.47168 0.144058
-1.46584 0.1484
-1.46 0.148936
-1.45416 0.150039
-1.44832 0.153307
-1.44248 0.160224
-1.43664 0.160772
-1.4308 0.160521
-1.42496 0.166294
-1.41912 0.164042
-1.41328 0.167828
-1.40744 0.172526
-1.4016 0.174721
-1.39576 0.177964
-1.38992 0.17975
-1.38408 0.182556
-1.37824 0.183932
-1.3724 0.188055
-1.36656 0.185552
-1.36072 0.191543
-1.35488 0.190103
-1.34904 0.193709
-1.3432 0.195809
-1.33736 0.199134
-1.33152 0.204215
-1.32568 0.205826
-1.31984 0.206776
-1.314 0.208474
-1.30816 0.208509
-1.30232 0.214319
-1.29648 0.212684
-1.29064 0.217802
-1.2848 0.221963
-1.27896 0.221846
-1.27312 0.225904
-1.26728 0.226461
-1.26144 0.223347
-1.2556 0.228339
-1.24976 0.229321
-1.24392 0.232992
-1.23808 0.233867
-1.23224 0.236259
-1.2264 0.237814
-1.22056 0.240007
-1.21472 0.245245
-1.20888 0.243904
-1.20304 0.245537
-1.1972 0.24772
-1.19136 0.250813
-1.18552 0.252571
-1.17968 0.251499
-1.17384 0.254434
-1.168 0.260377
-1.16216 0.263087
-1.15632 0.261792
-1.15048 0.264004
-1.14464 0.26566
-1.1388 0.267525
-1.13296 0.2671
-1.12712 0.26565
-1.12128 0.268428
-1.11544 0.272822
-1.1096 0.273047
-1.10376 0.276489
-1.09792 0.279487
-1.09208 0.277116
-1.08624 0.280042
-1.0804 0.281412
-1.07456 0.28267
-1.06872 0.283153
-1.06288 0.284433
-1.05704 0.288753
-1.0512 0.288637
-1.04536 0.286054
-1.03952 0.287268
-1.03368 0.286973
-1.02784 0.289746
-1.022 0.287748
-1.01616 0.286443
-1.01032 0.287894
-1.00448 0.290303
-0.99864 0.29
-0.9928 0.289068
-0.98696 0.292246
-0.98112 0.287964
-0.97528 0.290728
-0.96944 0.292405
-0.9636 0.291481
-0.95776 0.293479
-0.95192 0.292367
-0.94608 0.293072
-0.94024 0.292468
-0.9344 0.292813
-0.92856 0.29143
-0.92272 0.294708
-0.91688 0.292692
-0.91104 0.291144
-0.9052 0.292859
-0.89936 0.294204
-0.89352 0.295516
-0.88768 0.295928
-0.88184 0.295396
-0.876 0.296503
-0.87016 0.295062
-0.86432 0.296739
-0.85848 0.297164
-0.85264 0.298973
-0.8468 0.299572
-0.84096 0.299245
-0.83512 0.30051
-0.82928 0.299741
-0.82344 0.298706
-0.8176 0.3
-0.81176 0.299377
-0.80592 0.299998
-0.80008 0.301156
-0.79424 0.301142
-0.7884 0.30214
-0.78256 0.302764
-0.77672 0.303151
-0.77088 0.303876
-0.76504 0.304265
-0.7592 0.304714
-0.75336 0.305538
-0.74752 0.306305
-0.74168 0.307426
-0.73584 0.308702
-0.73 0.310224
-0.72416 0.310298
-0.71832 0.311161
-0.71248 0.311362
-0.70664 0.313075
-0.7008 0.313842
-0.69496 0.315383
-0.68912 0.31601
-0.68328 0.317177
-0.67744 0.320019
-0.6716 0.321492
-0.66576 0.322572
-0.65992 0.324004
-0.65408 0.324136
-0.64824 0.32513
-0.6424 0.327163
-0.63656 0.328592
-0.63072 0.328815
-0.62488 0.329961
-0.61904 0.330384
-0.6132 0.330323
-0.60736 0.330347
-0.60152 0.33091
-0.59568 0.33091
-0.58984 0.33091
-0.584 0.33091
-0.57816 0.33091
-0.57232 0.33091
-0.56648 0.33091
-0.56064 0.33091
-0.5548 0.33091
-0.54896 0.33091
-0.54312 0.33091
-0.53728 0.33091
-0.53144 0.33091
-0.5256 0.33091
-0.51976 0.33091
-0.51392 0.33091
-0.50808 0.33091
-0.50224 0.33091
-0.4964 0.33091
-0.49056 0.33091
-0.48472 0.33091
-0.47888 0.33091
-0.47304 0.33091
-0.4672 0.33091
-0.46136 0.33091
-0.45552 0.33091
-0.44968 0.33091
-0.44384 0.33091
-0.438 0.33091
-0.43216 0.33091
-0.42632 0.33091
-0.42048 0.33091
-0.41464 0.33091
-0.4088 0.33091
-0.40296 0.33091
-0.39712 0.33091
-0.39128 0.33091
-0.38544 0.33091
-0.3796 0.33091
-0.37376 0.33091
-0.36792 0.33091
-0.36208 0.33091
-0.35624 0.33091
-0.3504 0.33091
-0.34456 0.33091
-0.33872 0.33091
-0.33288 0.33091
-0.32704 0.33091
-0.3212 0.33091
-0.31536 0.33091
-0.30952 0.33091
-0.30368 0.33091
-0.29784 0.33091
-0.292 0.33091
-0.28616 0.33091
-0.28032 0.33091
-0.27448 0.33091
-0.26864 0.33091
-0.2628 0.33091
-0.25696 0.33091
-0.25112 0.33091
-0.24528 0.33091
-0.23944 0.33091
-0.2336 0.33091
-0.22776 0.33091
-0.22192 0.33091
-0.21608 0.33091
-0.21024 0.33091
-0.2044 0.33091
-0.19856 0.33091
-0.19272 0.33091
-0.18688 0.33091
-0.18104 0.33091
-0.1752 0.33091
-0.16936 0.33091
-0.16352 0.33091
-0.15768 0.33091
-0.15184 0.33091
-0.146 0.33091
-0.14016 0.33091
-0.13432 0.33091
-0.12848 0.33091
-0.12264 0.33091
-0.1168 0.33091
-0.11096 0.33091
-0.10512 0.33091
-0.09928 0.33091
-0.09344 0.33091
-0.0876 0.33091
-0.08176 0.33091
-0.07592 0.33091
-0.07008 0.33091
-0.06424 0.33091
-0.0584 0.33091
-0.05256 0.33091
-0.04672 0.33091
-0.04088 0.33091
-0.03504 0.33091
-0.0292 0.33091
-0.02336 0.33091
-0.01752 0.33091
-0.01168 0.33091
-0.00584 0.33091
