-2.92 0.218623
-2.91416 0.218623
-2.90832 0.218623
-2.90248 0.218623
-2.89664 0.218623
-2.8908 0.218623
-2.88496 0.218623
-2.87912 0.218623
-2.87328 0.218623
-2.86744 0.218623
-2.8616 0.218623
-2.85576 0.218623
-2.84992 0.218623
-2.84408 0.218623
-2.83824 0.218623
-2.8324 0.218623
-2.82656 0.218623
-2.82072 0.218623
-2.81488 0.218623
-2.80904 0.218623
-2.8032 0.218623
-2.79736 0.218623
-2.79152 0.218623
-2.78568 0.218623
-2.77984 0.218623
-2.774 0.218623
-2.76816 0.218623
-2.76232 0.218623
-2.75648 0.218623
-2.75064 0.218623
-2.7448 0.218623
-2.73896 0.218623
-2.73312 0.218623
-2.72728 0.218623
-2.72144 0.218623
-2.7156 0.218623
-2.70976 0.218623
-2.70392 0.218623
-2.69808 0.218623
-2.69224 0.218623
-2.6864 0.218623
-2.68056 0.218623
-2.67472 0.218623
-2.66888 0.218623
-2.66304 0.218623
-2.6572 0.218623
-2.65136 0.218623
-2.64552 0.218623
-2.63968 0.218623
-2.63384 0.218623
-2.628 0.218623
-2.62216 0.218623
-2.61632 0.218623
-2.61048 0.218623
-2.60464 0.218623
-2.5988 0.218623
-2.59296 0.21836
-2.58712 0.218051
-2.58128 0.217609
-2.57544 0.217124
-2.5696 0.216551
-2.56376 0.21589
-2.55792 0.215228
-2.55208 0.214522
-2.54624 0.213772
-2.5404 0.212936
-2.53456 0.212186
-2.52872 0.211305
-2.52288 0.210468
-2.51704 0.209586
-2.5112 0.208616
-2.50536 0.207689
-2.49952 0.206719
-2.49368 0.205705
-2.48784 0.204691
-2.482 0.203765
-2.47616 0.202662
-2.47032 0.201559
-2.46448 0.200457
-2.45864 0.199353
-2.4528 0.198205
-2.44696 0.197057
-2.44112 0.195865
-2.43528 0.194629
-2.42944 0.193394
-2.4236 0.19207
-2.41776 0.19079
-2.41192 0.189467
-2.40608 0.188143
-2.40024 0.186776
-2.3944 0.185366
-2.38856 0.183956
-2.38272 0.182545
-2.37688 0.181179
-2.37104 0.179768
-2.3652 0.178358
-2.35936 0.17699
-2.35352 0.175624
-2.34768 0.174257
-2.34184 0.172846
-2.336 0.171434
-2.33016 0.169978
-2.32432 0.168612
-2.31848 0.167156
-2.31264 0.165745
-2.3068 0.164332
-2.30096 0.162834
-2.29512 0.161335
-2.28928 0.159836
-2.28344 0.158338
-2.2776 0.156839
-2.27176 0.155341
-2.26592 0.153931
-2.26008 0.15252
-2.25424 0.150978
-2.2484 0.149435
-2.24256 0.147893
-2.23672 0.146393
-2.23088 0.144851
-2.22504 0.143396
-2.2192 0.141853
-2.21336 0.140353
-2.20752 0.138809
-2.20168 0.137264
-2.19584 0.135806
-2.19 0.134305
-2.18416 0.132802
-2.17832 0.131256
-2.17248 0.129963
-2.16664 0.128544
-2.1608 0.127423
-2.15496 0.126216
-2.14912 0.125686
-2.14328 0.123846
-2.13744 0.123531
-2.1316 0.12258
-2.12576 0.121545
-2.11992 0.121058
-2.11408 0.12049
-2.10824 0.119327
-2.1024 0.118887
-2.09656 0.117977
-2.09072 0.117321
-2.08488 0.116161
-2.07904 0.116353
-2.0732 0.116292
-2.06736 0.114109
-2.06152 0.115535
-2.05568 0.114964
-2.04984 0.113804
-2.044 0.113875
-2.03816 0.112927
-2.03232 0.112696
-2.02648 0.112849
-2.02064 0.112535
-2.0148 0.112727
-2.00896 0.111738
-2.00312 0.111247
-1.99728 0.110728
-1.99144 0.11003
-1.9856 0.110441
-1.97976 0.109407
-1.97392 0.10931
-1.96808 0.109717
-1.96224 0.110383
-1.9564 0.110367
-1.95056 0.110437
-1.94472 0.108981
-1.93888 0.107188
-1.93304 0.108189
-1.9272 0.10529
-1.92136 0.105319
-1.91552 0.103692
-1.90968 0.102113
-1.90384 0.0994622
-1.898 0.0984742
-1.89216 0.0980845
-1.88632 0.0946342
-1.88048 0.0928392
-1.87464 0.0919343
-1.8688 0.0896743
-1.86296 0.0869834
-1.85712 0.0861686
-1.85128 0.083097
-1.84544 0.0812239
-1.8396 0.0797691
-1.83376 0.0773813
-1.82792 0.0751705
-1.82208 0.0728288
-1.81624 0.0708261
-1.8104 0.0692849
-1.80456 0.0669832
-1.79872 0.0662124
-1.79288 0.0625106
-1.78704 0.0611419
-1.7812 0.058632
-1.77536 0.0556893
-1.76952 0.0556034
-1.76368 0.0519003
-1.75784 0.0498606
-1.752 0.0475562
-1.74616 0.0469181
-1.74032 0.0438566
-1.73448 0.0435963
-1.72864 0.040069
-1.7228 0.0392964
-1.71696 0.0370989
-1.71112 0.0337477
-1.70528 0.033492
-1.69944 0.0309075
-1.6936 0.0301473
-1.68776 0.0280725
-1.68192 0.0274828
-1.67608 0.0251599
-1.67024 0.0233819
-1.6644 0.0233884
-1.65856 0.0231442
-1.65272 0.0235307
-1.64688 0.0229431
-1.64104 0.0232095
-1.6352 0.023977
-1.62936 0.0248865
-1.62352 0.0260442
-1.61768 0.0277178
-1.61184 0.0282128
-1.606 0.0289644
-1.60016 0.0299754
-1.59432 0.0297663
-1.58848 0.0312974
-1.58264 0.0327041
-1.5768 0.0320416
-1.57096 0.0321005
-1.56512 0.0340594
-1.55928 0.037522
-1.55344 0.0376689
-1.5476 0.0410378
-1.54176 0.043146
-1.53592 0.0447444
-1.53008 0.0472749
-1.52424 0.0469481
-1.5184 0.0496017
-1.51256 0.0505059
-1.50672 0.0527857
-1.50088 0.0552359
-1.49504 0.0581142
-1.4892 0.0614661
-1.48336 0.063926
-1.47752 0.065358
-1.47168 0.0692661
-1.46584 0.0689743
-1.46 0.0713174
-1.45416 0.0747861
-1.44832 0.0751875
-1.44248 0.078877
-1.43664 0.0802787
-1.4308 0.0809296
-1.42496 0.0836853
-1.41912 0.0861129
-1.41328 0.0902447
-1.40744 0.0902963
-1.4016 0.0938605
-1.39576 0.0966884
-1.38992 0.0973064
-1.38408 0.0954783
-1.37824 0.0993446
-1.3724 0.100349
-1.36656 0.102225
-1.36072 0.105799
-1.35488 0.106653
-1.34904 0.110389
-1.3432 0.112191
-1.33736 0.114246
-1.33152 0.119533
-1.32568 0.120683
-1.31984 0.121945
-1.314 0.121743
-1.30816 0.128171
-1.30232 0.129214
-1.29648 0.130352
-1.29064 0.132182
-1.2848 0.134987
-1.27896 0.139296
-1.27312 0.141169
-1.26728 0.145601
-1.26144 0.146167
-1.2556 0.147288
-1.24976 0.151859
-1.24392 0.154447
-1.23808 0.156554
-1.23224 0.158728
-1.2264 0.160907
-1.22056 0.163249
-1.21472 0.164843
-1.20888 0.168251
-1.20304 0.170269
-1.1972 0.172489
-1.19136 0.172005
-1.18552 0.17664
-1.17968 0.180506
-1.17384 0.181469
-1.168 0.182085
-1.16216 0.181565
-1.15632 0.184737
-1.15048 0.185041
-1.14464 0.190111
-1.1388 0.189586
-1.13296 0.192475
-1.12712 0.196037
-1.12128 0.198918
-1.11544 0.200075
-1.1096 0.204672
-1.10376 0.207875
-1.09792 0.208527
-1.09208 0.212112
-1.08624 0.21003
-1.0804 0.213827
-1.07456 0.214188
-1.06872 0.217695
-1.06288 0.219777
-1.05704 0.224454
-1.0512 0.227062
-1.04536 0.228388
-1.03952 0.230391
-1.03368 0.233681
-1.02784 0.23598
-1.022 0.236514
-1.01616 0.240258
-1.01032 0.240412
-1.00448 0.243308
-0.99864 0.244904
-0.9928 0.246025
-0.98696 0.247513
-0.98112 0.250918
-0.97528 0.253155
-0.96944 0.253687
-0.9636 0.257936
-0.95776 0.26012
-0.95192 0.260688
-0.94608 0.258997
-0.94024 0.261259
-0.9344 0.263405
-0.92856 0.263635
-0.92272 0.267552
-0.91688 0.268546
-0.91104 0.271277
-0.9052 0.274213
-0.89936 0.274447
-0.89352 0.278874
-0.88768 0.282145
-0.88184 0.282547
-0.876 0.28131
-0.87016 0.285385
-0.86432 0.285389
-0.85848 0.287518
-0.85264 0.287961
-0.8468 0.290387
-0.84096 0.294327
-0.83512 0.295565
-0.82928 0.296174
-0.82344 0.297841
-0.8176 0.298285
-0.81176 0.300712
-0.80592 0.30191
-0.80008 0.302812
-0.79424 0.303288
-0.7884 0.303852
-0.78256 0.306155
-0.77672 0.306669
-0.77088 0.3066
-0.76504 0.309151
-0.7592 0.309462
-0.75336 0.309511
-0.74752 0.311546
-0.74168 0.312906
-0.73584 0.312665
-0.73 0.313223
-0.72416 0.312432
-0.71832 0.313789
-0.71248 0.314639
-0.70664 0.315576
-0.7008 0.316214
-0.69496 0.317184
-0.68912 0.31837
-0.68328 0.319386
-0.67744 0.320271
-0.6716 0.32221
-0.66576 0.323006
-0.65992 0.32384
-0.65408 0.325479
-0.64824 0.324129
-0.6424 0.325082
-0.63656 0.325995
-0.63072 0.32664
-0.62488 0.327247
-0.61904 0.328947
-0.6132 0.329296
-0.60736 0.329389
-0.60152 0.329016
-0.59568 0.329016
-0.58984 0.329016
-0.584 0.329016
-0.57816 0.329016
-0.57232 0.329016
-0.56648 0.329016
-0.56064 0.329016
-0.5548 0.329016
-0.54896 0.329016
-0.54312 0.329016
-0.53728 0.329016
-0.53144 0.329016
-0.5256 0.329016
-0.51976 0.329016
-0.51392 0.329016
-0.50808 0.329016
-0.50224 0.329016
-0.4964 0.329016
-0.49056 0.329016
-0.48472 0.329016
-0.47888 0.329016
-0.47304 0.329016
-0.4672 0.329016
-0.46136 0.329016
-0.45552 0.329016
-0.44968 0.329016
-0.44384 0.329016
-0.438 0.329016
-0.43216 0.329016
-0.42632 0.329016
-0.42048 0.329016
-0.41464 0.329016
-0.4088 0.329016
-0.40296 0.329016
-0.39712 0.329016
-0.39128 0.329016
-0.38544 0.329016
-0.3796 0.329016
-0.37376 0.329016
-0.36792 0.329016
-0.36208 0.329016
-0.35624 0.329016
-0.3504 0.329016
-0.34456 0.329016
-0.33872 0.329016
-0.33288 0.329016
-0.32704 0.329016
-0.3212 0.329016
-0.31536 0.329016
-0.30952 0.329016
-0.30368 0.329016
-0.29784 0.329016
-0.292 0.329016
-0.28616 0.329016
-0.28032 0.329016
-0.27448 0.329016
-0.26864 0.329016
-0.2628 0.329016
-0.25696 0.329016
-0.25112 0.329016
-0.24528 0.329016
-0.23944 0.329016
-0.2336 0.329016
-0.22776 0.329016
-0.22192 0.329016
-0.21608 0.329016
-0.21024 0.329016
-0.2044 0.329016
-0.19856 0.329016
-0.19272 0.329016
-0.18688 0.329016
-0.18104 0.329016
-0.1752 0.329016
-0.16936 0.329016
-0.16352 0.329016
-0.15768 0.329016
-0.15184 0.329016
-0.146 0.329016
-0.14016 0.329016
-0.13432 0.329016
-0.12848 0.329016
-0.12264 0.329016
-0.1168 0.329016
-0.11096 0.329016
-0.10512 0.329016
-0.09928 0.329016
-0.09344 0.329016
-0.0876 0.329016
-0.08176 0.329016
-0.07592 0.329016
-0.07008 0.329016
-0.06424 0.329016
-0.0584 0.329016
-0.05256 0.329016
-0.04672 0.329016
-0.04088 0.329016
-0.03504 0.329016
-0.0292 0.329016
-0.02336 0.329016
-0.01752 0.329016
-0.01168 0.329016
-0.00584 0.329016
