-2.92 0.252134
-2.91416 0.252134
-2.90832 0.252134
-2.90248 0.252134
-2.89664 0.252134
-2.8908 0.252134
-2.88496 0.252134
-2.87912 0.252134
-2.87328 0.252134
-2.86744 0.252134
-2.8616 0.252134
-2.85576 0.252134
-2.84992 0.252134
-2.84408 0.252134
-2.83824 0.252134
-2.8324 0.252134
-2.82656 0.252134
-2.82072 0.252134
-2.81488 0.252134
-2.80904 0.252134
-2.8032 0.252134
-2.79736 0.252134
-2.79152 0.252134
-2.78568 0.252134
-2.77984 0.252134
-2.774 0.252134
-2.76816 0.252134
-2.76232 0.252134
-2.75648 0.252134
-2.75064 0.252134
-2.7448 0.252134
-2.73896 0.252134
-2.73312 0.252134
-2.72728 0.252134
-2.72144 0.252134
-2.7156 0.252134
-2.70976 0.252134
-2.70392 0.252134
-2.69808 0.252134
-2.69224 0.252134
-2.6864 0.252134
-2.68056 0.252134
-2.67472 0.252134
-2.66888 0.252134
-2.66304 0.252134
-2.6572 0.252134
-2.65136 0.252134
-2.64552 0.252134
-2.63968 0.252134
-2.63384 0.252134
-2.628 0.252134
-2.62216 0.252134
-2.61632 0.252134
-2.61048 0.252134
-2.60464 0.252134
-2.5988 0.252134
-2.59296 0.252002
-2.58712 0.251691
-2.58128 0.251246
-2.57544 0.250715
-2.5696 0.250096
-2.56376 0.249478
-2.55792 0.248815
-2.55208 0.248109
-2.54624 0.247359
-2.5404 0.246478
-2.53456 0.245553
-2.52872 0.244585
-2.52288 0.243616
-2.51704 0.242648
-2.5112 0.241679
-2.50536 0.240624
-2.49952 0.23957
-2.49368 0.23847
-2.48784 0.23724
-2.482 0.236055
-2.47616 0.234737
-2.47032 0.233375
-2.46448 0.232013
-2.45864 0.230607
-2.4528 0.229157
-2.44696 0.227707
-2.44112 0.226215
-2.43528 0.224679
-2.42944 0.223229
-2.4236 0.221693
-2.41776 0.220201
-2.41192 0.218621
-2.40608 0.217084
-2.40024 0.21546
-2.3944 0.213837
-2.38856 0.212257
-2.38272 0.210634
-2.37688 0.209095
-2.37104 0.207513
-2.3652 0.20593
-2.35936 0.204348
-2.35352 0.202767
-2.34768 0.201184
-2.34184 0.199601
-2.336 0.197932
-2.33016 0.196219
-2.32432 0.194505
-2.31848 0.192792
-2.31264 0.191078
-2.3068 0.18945
-2.30096 0.187779
-2.29512 0.186196
-2.28928 0.184526
-2.28344 0.182856
-2.2776 0.181232
-2.27176 0.179606
-2.26592 0.177892
-2.26008 0.17631
-2.25424 0.174509
-2.2484 0.172709
-2.24256 0.170951
-2.23672 0.169193
-2.23088 0.167391
-2.22504 0.165719
-2.2192 0.163917
-2.21336 0.162158
-2.20752 0.160443
-2.20168 0.158641
-2.19584 0.156883
-2.19 0.155081
-2.18416 0.153322
-2.17832 0.151519
-2.17248 0.149719
-2.16664 0.14796
-2.1608 0.14637
-2.15496 0.144611
-2.14912 0.14281
-2.14328 0.141264
-2.13744 0.139633
-2.1316 0.137915
-2.12576 0.136155
-2.11992 0.134861
-2.11408 0.133229
-2.10824 0.131129
-2.1024 0.12941
-2.09656 0.127734
-2.09072 0.12644
-2.08488 0.124723
-2.07904 0.123132
-2.0732 0.121884
-2.06736 0.119913
-2.06152 0.11786
-2.05568 0.116361
-2.04984 0.114983
-2.044 0.113483
-2.03816 0.111766
-2.03232 0.109752
-2.02648 0.108797
-2.02064 0.106872
-2.0148 0.10494
-2.00896 0.103819
-2.00312 0.102358
-1.99728 0.100387
-1.99144 0.0984638
-1.9856 0.0981003
-1.97976 0.0963394
-1.97392 0.0953869
-1.96808 0.0953183
-1.96224 0.0946349
-1.9564 0.0935623
-1.95056 0.0923592
-1.94472 0.090807
-1.93888 0.0912067
-1.93304 0.0910861
-1.9272 0.0899792
-1.92136 0.0882786
-1.91552 0.0878416
-1.90968 0.0871363
-1.90384 0.0868706
-1.898 0.0860576
-1.89216 0.08522
-1.88632 0.0853679
-1.88048 0.0851989
-1.87464 0.0848546
-1.8688 0.0848219
-1.86296 0.0834793
-1.85712 0.084636
-1.85128 0.0856492
-1.84544 0.0838628
-1.8396 0.0840236
-1.83376 0.0844662
-1.82792 0.0839118
-1.82208 0.0833314
-1.81624 0.0845228
-1.8104 0.0841779
-1.80456 0.0824465
-1.79872 0.0837018
-1.79288 0.0845894
-1.78704 0.0818244
-1.7812 0.0816481
-1.77536 0.0820691
-1.76952 0.0838421
-1.76368 0.0829348
-1.75784 0.0818457
-1.752 0.0848243
-1.74616 0.0824387
-1.74032 0.0834483
-1.73448 0.083425
-1.72864 0.0813115
-1.7228 0.0854226
-1.71696 0.0830958
-1.71112 0.0845285
-1.70528 0.0857137
-1.69944 0.0858991
-1.6936 0.0868016
-1.68776 0.0867778
-1.68192 0.0865392
-1.67608 0.0856292
-1.67024 0.0852225
-1.6644 0.0870697
-1.65856 0.0852205
-1.65272 0.0862223
-1.64688 0.086807
-1.64104 0.0891234
-1.6352 0.0890966
-1.62936 0.0883799
-1.62352 0.0897591
-1.61768 0.089314
-1.61184 0.0917744
-1.606 0.0918347
-1.60016 0.0955222
-1.59432 0.0958831
-1.58848 0.0990518
-1.58264 0.098906
-1.5768 0.101041
-1.57096 0.106483
-1.56512 0.104854
-1.55928 0.107564
-1.55344 0.11158
-1.5476 0.111863
-1.54176 0.114358
-1.53592 0.117183
-1.53008 0.114152
-1.52424 0.120782
-1.5184 0.124558
-1.51256 0.126492
-1.50672 0.125769
-1.50088 0.127755
-1.49504 0.132931
-1.4892 0.135006
-1.48336 0.132911
-1.47752 0.135581
-1.47168 0.140445
-1.46584 0.139274
-1.46 0.143084
-1.45416 0.144566
-1.44832 0.149855
-1.44248 0.150893
-1.43664 0.14966
-1.4308 0.155035
-1.42496 0.155358
-1.41912 0.157973
-1.41328 0.160858
-1.40744 0.166243
-1.4016 0.167323
-1.39576 0.167165
-1.38992 0.167587
-1.38408 0.174681
-1.37824 0.176462
-1.3724 0.177747
-1.36656 0.180851
-1.36072 0.183826
-1.35488 0.186849
-1.34904 0.183317
-1.3432 0.190058
-1.33736 0.189524
-1.33152 0.193636
-1.32568 0.194812
-1.31984 0.196478
-1.314 0.200068
-1.30816 0.197444
-1.30232 0.201809
-1.29648 0.202774
-1.29064 0.204128
-1.2848 0.20913
-1.27896 0.209346
-1.27312 0.213646
-1.26728 0.216155
-1.26144 0.215938
-1.2556 0.217096
-1.24976 0.220176
-1.24392 0.220866
-1.23808 0.222518
-1.23224 0.223933
-1.2264 0.226219
-1.22056 0.225302
-1.21472 0.227154
-1.20888 0.2305
-1.20304 0.234863
-1.1972 0.236991
-1.19136 0.236425
-1.18552 0.239516
-1.17968 0.240311
-1.17384 0.243921
-1.168 0.244347
-1.16216 0.246139
-1.15632 0.248396
-1.15048 0.250775
-1.14464 0.253448
-1.1388 0.255045
-1.13296 0.256555
-1.12712 0.25631
-1.12128 0.258118
-1.11544 0.262657
-1.1096 0.263111
-1.10376 0.264589
-1.09792 0.266943
-1.09208 0.262532
-1.08624 0.267594
-1.0804 0.27126
-1.07456 0.272906
-1.06872 0.271452
-1.06288 0.271356
-1.05704 0.276775
-1.0512 0.276552
-1.04536 0.274992
-1.03952 0.275521
-1.03368 0.27867
-1.02784 0.274543
-1.022 0.276948
-1.01616 0.276997
-1.01032 0.278406
-1.00448 0.277587
-0.99864 0.27605
-0.9928 0.277846
-0.98696 0.276293
-0.98112 0.278111
-0.97528 0.278659
-0.96944 0.279939
-0.9636 0.281647
-0.95776 0.279314
-0.95192 0.276972
-0.94608 0.280871
-0.94024 0.281182
-0.9344 0.280276
-0.92856 0.281284
-0.92272 0.282784
-0.91688 0.283446
-0.91104 0.280343
-0.9052 0.283517
-0.89936 0.282463
-0.89352 0.284418
-0.88768 0.283778
-0.88184 0.284634
-0.876 0.285002
-0.87016 0.282876
-0.86432 0.284551
-0.85848 0.285941
-0.85264 0.286561
-0.8468 0.287473
-0.84096 0.288466
-0.83512 0.290024
-0.82928 0.290039
-0.82344 0.288602
-0.8176 0.289071
-0.81176 0.289735
-0.80592 0.289536
-0.80008 0.290891
-0.79424 0.292346
-0.7884 0.293271
-0.78256 0.292418
-0.77672 0.293464
-0.77088 0.293961
-0.76504 0.294467
-0.7592 0.295885
-0.75336 0.296861
-0.74752 0.296999
-0.74168 0.297644
-0.73584 0.298392
-0.73 0.299334
-0.72416 0.299803
-0.71832 0.301314
-0.71248 0.301688
-0.70664 0.303287
-0.7008 0.303273
-0.69496 0.304809
-0.68912 0.305207
-0.68328 0.306878
-0.67744 0.309421
-0.6716 0.311041
-0.66576 0.311776
-0.65992 0.313112
-0.65408 0.312957
-0.64824 0.314168
-0.6424 0.315385
-0.63656 0.316502
-0.63072 0.316883
-0.62488 0.317796
-0.61904 0.31837
-0.6132 0.318732
-0.60736 0.318332
-0.60152 0.318854
-0.59568 0.318854
-0.58984 0.318854
-0.584 0.318854
-0.57816 0.318854
-0.57232 0.318854
-0.56648 0.318854
-0.56064 0.318854
-0.5548 0.318854
-0.54896 0.318854
-0.54312 0.318854
-0.53728 0.318854
-0.53144 0.318854
-0.5256 0.318854
-0.51976 0.318854
-0.51392 0.318854
-0.50808 0.318854
-0.50224 0.318854
-0.4964 0.318854
-0.49056 0.318854
-0.48472 0.318854
-0.47888 0.318854
-0.47304 0.318854
-0.4672 0.318854
-0.46136 0.318854
-0.45552 0.318854
-0.44968 0.318854
-0.44384 0.318854
-0.438 0.318854
-0.43216 0.318854
-0.42632 0.318854
-0.42048 0.318854
-0.41464 0.318854
-0.4088 0.318854
-0.40296 0.318854
-0.39712 0.318854
-0.39128 0.318854
-0.38544 0.318854
-0.3796 0.318854
-0.37376 0.318854
-0.36792 0.318854
-0.36208 0.318854
-0.35624 0.318854
-0.3504 0.318854
-0.34456 0.318854
-0.33872 0.318854
-0.33288 0.318854
-0.32704 0.318854
-0.3212 0.318854
-0.31536 0.318854
-0.30952 0.318854
-0.30368 0.318854
-0.29784 0.318854
-0.292 0.318854
-0.28616 0.318854
-0.28032 0.318854
-0.27448 0.318854
-0.26864 0.318854
-0.2628 0.318854
-0.25696 0.318854
-0.25112 0.318854
-0.24528 0.318854
-0.23944 0.318854
-0.2336 0.318854
-0.22776 0.318854
-0.22192 0.318854
-0.21608 0.318854
-0.21024 0.318854
-0.2044 0.318854
-0.19856 0.318854
-0.19272 0.318854
-0.18688 0.318854
-0.18104 0.318854
-0.1752 0.318854
-0.16936 0.318854
-0.16352 0.318854
-0.15768 0.318854
-0.15184 0.318854
-0.146 0.318854
-0.14016 0.318854
-0.13432 0.318854
-0.12848 0.318854
-0.12264 0.318854
-0.1168 0.318854
-0.11096 0.318854
-0.10512 0.318854
-0.09928 0.318854
-0.09344 0.318854
-0.0876 0.318854
-0.08176 0.318854
-0.07592 0.318854
-0.07008 0.318854
-0.06424 0.318854
-0.0584 0.318854
-0.05256 0.318854
-0.04672 0.318854
-0.04088 0.318854
-0.03504 0.318854
-0.0292 0.318854
-0.02336 0.318854
-0.01752 0.318854
-0.01168 0.318854
-0.00584 0.318854
