-2.92 0.33264
-2.91416 0.33264
-2.90832 0.33264
-2.90248 0.33264
-2.89664 0.33264
-2.8908 0.33264
-2.88496 0.33264
-2.87912 0.33264
-2.87328 0.33264
-2.86744 0.33264
-2.8616 0.33264
-2.85576 0.33264
-2.84992 0.33264
-2.84408 0.33264
-2.83824 0.33264
-2.8324 0.33264
-2.82656 0.33264
-2.82072 0.33264
-2.81488 0.33264
-2.80904 0.33264
-2.8032 0.33264
-2.79736 0.33264
-2.79152 0.33264
-2.78568 0.33264
-2.77984 0.33264
-2.774 0.33264
-2.76816 0.33264
-2.76232 0.33264
-2.75648 0.33264
-2.75064 0.33264
-2.7448 0.33264
-2.73896 0.33264
-2.73312 0.33264
-2.72728 0.33264
-2.72144 0.33264
-2.7156 0.33264
-2.70976 0.33264
-2.70392 0.33264
-2.69808 0.33264
-2.69224 0.33264
-2.6864 0.33264
-2.68056 0.33264
-2.67472 0.33264
-2.66888 0.33264
-2.66304 0.33264
-2.6572 0.33264
-2.65136 0.33264
-2.64552 0.33264
-2.63968 0.33264
-2.63384 0.33264
-2.628 0.33264
-2.62216 0.33264
-2.61632 0.33264
-2.61048 0.33264
-2.60464 0.33264
-2.5988 0.33264
-2.59296 0.332375
-2.58712 0.331976
-2.58128 0.331444
-2.57544 0.330736
-2.5696 0.32994
-2.56376 0.329055
-2.55792 0.328127
-2.55208 0.327197
-2.54624 0.326179
-2.5404 0.325118
-2.53456 0.324012
-2.52872 0.322818
-2.52288 0.321579
-2.51704 0.320252
-2.5112 0.318881
-2.50536 0.317422
-2.49952 0.315964
-2.49368 0.314461
-2.48784 0.312825
-2.482 0.311363
-2.47616 0.309637
-2.47032 0.307911
-2.46448 0.306141
-2.45864 0.304327
-2.4528 0.302466
-2.44696 0.30065
-2.44112 0.298745
-2.43528 0.296841
-2.42944 0.294981
-2.4236 0.293076
-2.41776 0.291173
-2.41192 0.289226
-2.40608 0.287279
-2.40024 0.285332
-2.3944 0.283341
-2.38856 0.281395
-2.38272 0.279403
-2.37688 0.277456
-2.37104 0.27542
-2.3652 0.273429
-2.35936 0.27135
-2.35352 0.269271
-2.34768 0.267233
-2.34184 0.265153
-2.336 0.262984
-2.33016 0.260771
-2.32432 0.258603
-2.31848 0.256392
-2.31264 0.254135
-2.3068 0.251968
-2.30096 0.249757
-2.29512 0.247546
-2.28928 0.24529
-2.28344 0.243034
-2.2776 0.240821
-2.27176 0.238656
-2.26592 0.236357
-2.26008 0.234233
-2.25424 0.23189
-2.2484 0.229459
-2.24256 0.227073
-2.23672 0.22473
-2.23088 0.222299
-2.22504 0.219957
-2.2192 0.217525
-2.21336 0.215181
-2.20752 0.212794
-2.20168 0.210362
-2.19584 0.208061
-2.19 0.205673
-2.18416 0.203329
-2.17832 0.200941
-2.17248 0.198599
-2.16664 0.196167
-2.1608 0.193736
-2.15496 0.191305
-2.14912 0.188874
-2.14328 0.186486
-2.13744 0.18401
-2.1316 0.181623
-2.12576 0.179277
-2.11992 0.176804
-2.11408 0.174458
-2.10824 0.171984
-2.1024 0.169596
-2.09656 0.16725
-2.09072 0.164904
-2.08488 0.162433
-2.07904 0.160045
-2.0732 0.157702
-2.06736 0.155355
-2.06152 0.153179
-2.05568 0.15067
-2.04984 0.148369
-2.044 0.14603
-2.03816 0.143726
-2.03232 0.14121
-2.02648 0.138822
-2.02064 0.136264
-2.0148 0.13396
-2.00896 0.131912
-2.00312 0.129312
-1.99728 0.126925
-1.99144 0.124539
-1.9856 0.122915
-1.97976 0.121368
-1.97392 0.119404
-1.96808 0.11761
-1.96224 0.116785
-1.9564 0.114946
-1.95056 0.11383
-1.94472 0.112624
-1.93888 0.111252
-1.93304 0.109455
-1.9272 0.109396
-1.92136 0.107895
-1.91552 0.10581
-1.90968 0.104861
-1.90384 0.103029
-1.898 0.103471
-1.89216 0.102886
-1.88632 0.101748
-1.88048 0.100469
-1.87464 0.0998026
-1.8688 0.0988995
-1.86296 0.100253
-1.85712 0.0986055
-1.85128 0.0965313
-1.84544 0.0982145
-1.8396 0.0975149
-1.83376 0.097157
-1.82792 0.0965601
-1.82208 0.0962808
-1.81624 0.0966158
-1.8104 0.095092
-1.80456 0.0947527
-1.79872 0.0949724
-1.79288 0.0947368
-1.78704 0.0941498
-1.7812 0.0956796
-1.77536 0.0947392
-1.76952 0.092928
-1.76368 0.0951229
-1.75784 0.095088
-1.752 0.0941042
-1.74616 0.0951073
-1.74032 0.093464
-1.73448 0.0939248
-1.72864 0.0958069
-1.7228 0.0966468
-1.71696 0.0945394
-1.71112 0.0944404
-1.70528 0.096805
-1.69944 0.098662
-1.6936 0.0972662
-1.68776 0.0968603
-1.68192 0.0983344
-1.67608 0.0975064
-1.67024 0.0956578
-1.6644 0.0967115
-1.65856 0.0994076
-1.65272 0.0981385
-1.64688 0.0986641
-1.64104 0.099452
-1.6352 0.100087
-1.62936 0.100031
-1.62352 0.0984797
-1.61768 0.0984587
-1.61184 0.100113
-1.606 0.104756
-1.60016 0.104899
-1.59432 0.107542
-1.58848 0.107102
-1.58264 0.109595
-1.5768 0.111054
-1.57096 0.110196
-1.56512 0.114436
-1.55928 0.114607
-1.55344 0.120712
-1.5476 0.118645
-1.54176 0.125727
-1.53592 0.125556
-1.53008 0.12659
-1.52424 0.127922
-1.5184 0.130621
-1.51256 0.133487
-1.50672 0.136444
-1.50088 0.137046
-1.49504 0.138677
-1.4892 0.143144
-1.48336 0.145108
-1.47752 0.143947
-1.47168 0.146988
-1.46584 0.150843
-1.46 0.151459
-1.45416 0.152544
-1.44832 0.15569
-1.44248 0.158192
-1.43664 0.160726
-1.4308 0.162264
-1.42496 0.169743
-1.41912 0.166145
-1.41328 0.169817
-1.40744 0.174968
-1.4016 0.176949
-1.39576 0.180954
-1.38992 0.182358
-1.38408 0.186729
-1.37824 0.187949
-1.3724 0.189893
-1.36656 0.192332
-1.36072 0.192877
-1.35488 0.195935
-1.34904 0.198409
-1.3432 0.201719
-1.33736 0.203925
-1.33152 0.204923
-1.32568 0.209996
-1.31984 0.212784
-1.314 0.212837
-1.30816 0.215415
-1.30232 0.217729
-1.29648 0.222216
-1.29064 0.222604
-1.2848 0.22682
-1.27896 0.228905
-1.27312 0.22802
-1.26728 0.234491
-1.26144 0.23616
-1.2556 0.235553
-1.24976 0.238085
-1.24392 0.24204
-1.23808 0.242713
-1.23224 0.244178
-1.2264 0.247775
-1.22056 0.250971
-1.21472 0.252777
-1.20888 0.255799
-1.20304 0.25576
-1.1972 0.261826
-1.19136 0.263877
-1.18552 0.263698
-1.17968 0.265476
-1.17384 0.27021
-1.168 0.273316
-1.16216 0.277182
-1.15632 0.27813
-1.15048 0.279465
-1.14464 0.281968
-1.1388 0.282318
-1.13296 0.280456
-1.12712 0.284711
-1.12128 0.285314
-1.11544 0.292524
-1.1096 0.28997
-1.10376 0.296175
-1.09792 0.296832
-1.09208 0.297165
-1.08624 0.2977
-1.0804 0.300484
-1.07456 0.302658
-1.06872 0.304228
-1.06288 0.304633
-1.05704 0.30693
-1.0512 0.310504
-1.04536 0.310393
-1.03952 0.307505
-1.03368 0.311639
-1.02784 0.312373
-1.022 0.311014
-1.01616 0.312099
-1.01032 0.312215
-1.00448 0.312318
-0.99864 0.313282
-0.9928 0.31393
-0.98696 0.317173
-0.98112 0.314394
-0.97528 0.316301
-0.96944 0.318157
-0.9636 0.317464
-0.95776 0.3194
-0.95192 0.319474
-0.94608 0.320782
-0.94024 0.320268
-0.9344 0.321989
-0.92856 0.322049
-0.92272 0.320139
-0.91688 0.321961
-0.91104 0.322428
-0.9052 0.322909
-0.89936 0.323253
-0.89352 0.325149
-0.88768 0.326365
-0.88184 0.327423
-0.876 0.327028
-0.87016 0.327146
-0.86432 0.328137
-0.85848 0.330406
-0.85264 0.33041
-0.8468 0.330585
-0.84096 0.331356
-0.83512 0.331012
-0.82928 0.332593
-0.82344 0.332523
-0.8176 0.33222
-0.81176 0.332897
-0.80592 0.334906
-0.80008 0.334213
-0.79424 0.33433
-0.7884 0.335089
-0.78256 0.336341
-0.77672 0.337036
-0.77088 0.338521
-0.76504 0.338126
-0.7592 0.339725
-0.75336 0.340255
-0.74752 0.341112
-0.74168 0.341595
-0.73584 0.343406
-0.73 0.343126
-0.72416 0.345504
-0.71832 0.345625
-0.71248 0.346998
-0.70664 0.347901
-0.7008 0.348834
-0.69496 0.349896
-0.68912 0.350703
-0.68328 0.351427
-0.67744 0.354249
-0.6716 0.35577
-0.66576 0.357121
-0.65992 0.357962
-0.65408 0.357966
-0.64824 0.358892
-0.6424 0.360981
-0.63656 0.361816
-0.63072 0.361849
-0.62488 0.362384
-0.61904 0.362825
-0.6132 0.36314
-0.60736 0.362739
-0.60152 0.363216
-0.59568 0.363216
-0.58984 0.363216
-0.584 0.363216
-0.57816 0.363216
-0.57232 0.363216
-0.56648 0.363216
-0.56064 0.363216
-0.5548 0.363216
-0.54896 0.363216
-0.54312 0.363216
-0.53728 0.363216
-0.53144 0.363216
-0.5256 0.363216
-0.51976 0.363216
-0.51392 0.363216
-0.50808 0.363216
-0.50224 0.363216
-0.4964 0.363216
-0.49056 0.363216
-0.48472 0.363216
-0.47888 0.363216
-0.47304 0.363216
-0.4672 0.363216
-0.46136 0.363216
-0.45552 0.363216
-0.44968 0.363216
-0.44384 0.363216
-0.438 0.363216
-0.43216 0.363216
-0.42632 0.363216
-0.42048 0.363216
-0.41464 0.363216
-0.4088 0.363216
-0.40296 0.363216
-0.39712 0.363216
-0.39128 0.363216
-0.38544 0.363216
-0.3796 0.363216
-0.37376 0.363216
-0.36792 0.363216
-0.36208 0.363216
-0.35624 0.363216
-0.3504 0.363216
-0.34456 0.363216
-0.33872 0.363216
-0.33288 0.363216
-0.32704 0.363216
-0.3212 0.363216
-0.31536 0.363216
-0.30952 0.363216
-0.30368 0.363216
-0.29784 0.363216
-0.292 0.363216
-0.28616 0.363216
-0.28032 0.363216
-0.27448 0.363216
-0.26864 0.363216
-0.2628 0.363216
-0.25696 0.363216
-0.25112 0.363216
-0.24528 0.363216
-0.23944 0.363216
-0.2336 0.363216
-0.22776 0.363216
-0.22192 0.363216
-0.21608 0.363216
-0.21024 0.363216
-0.2044 0.363216
-0.19856 0.363216
-0.19272 0.363216
-0.18688 0.363216
-0.18104 0.363216
-0.1752 0.363216
-0.16936 0.363216
-0.16352 0.363216
-0.15768 0.363216
-0.15184 0.363216
-0.146 0.363216
-0.14016 0.363216
-0.13432 0.363216
-0.12848 0.363216
-0.12264 0.363216
-0.1168 0.363216
-0.11096 0.363216
-0.10512 0.363216
-0.09928 0.363216
-0.09344 0.363216
-0.0876 0.363216
-0.08176 0.363216
-0.07592 0.363216
-0.07008 0.363216
-0.06424 0.363216
-0.0584 0.363216
-0.05256 0.363216
-0.04672 0.363216
-0.04088 0.363216
-0.03504 0.363216
-0.0292 0.363216
-0.02336 0.363216
-0.01752 0.363216
-0.01168 0.363216
-0.00584 0.363216
