-2.92 0.217447
-2.91416 0.217447
-2.90832 0.217447
-2.90248 0.217447
-2.89664 0.217447
-2.8908 0.217447
-2.88496 0.217447
-2.87912 0.217447
-2.87328 0.217447
-2.86744 0.217447
-2.8616 0.217447
-2.85576 0.217447
-2.84992 0.217447
-2.84408 0.217447
-2.83824 0.217447
-2.8324 0.217447
-2.82656 0.217447
-2.82072 0.217447
-2.81488 0.217447
-2.80904 0.217447
-2.8032 0.217447
-2.79736 0.217447
-2.79152 0.217447
-2.78568 0.217447
-2.77984 0.217447
-2.774 0.217447
-2.76816 0.217447
-2.76232 0.217447
-2.75648 0.217447
-2.75064 0.217447
-2.7448 0.217447
-2.73896 0.217447
-2.73312 0.217447
-2.72728 0.217447
-2.72144 0.217447
-2.7156 0.217447
-2.70976 0.217447
-2.70392 0.217447
-2.69808 0.217447
-2.69224 0.217447
-2.6864 0.217447
-2.68056 0.217447
-2.67472 0.217447
-2.66888 0.217447
-2.66304 0.217447
-2.6572 0.217447
-2.65136 0.217447
-2.64552 0.217447
-2.63968 0.217447
-2.63384 0.217447
-2.628 0.217447
-2.62216 0.217447
-2.61632 0.217447
-2.61048 0.217447
-2.60464 0.217447
-2.5988 0.217447
-2.59296 0.217228
-2.58712 0.216875
-2.58128 0.216432
-2.57544 0.215856
-2.5696 0.215105
-2.56376 0.214353
-2.55792 0.213557
-2.55208 0.212805
-2.54624 0.212052
-2.5404 0.211211
-2.53456 0.210414
-2.52872 0.209529
-2.52288 0.208688
-2.51704 0.207802
-2.5112 0.20683
-2.50536 0.205857
-2.49952 0.204927
-2.49368 0.203998
-2.48784 0.20298
-2.482 0.202181
-2.47616 0.201163
-2.47032 0.200188
-2.46448 0.199169
-2.45864 0.198106
-2.4528 0.197044
-2.44696 0.195938
-2.44112 0.194787
-2.43528 0.193594
-2.42944 0.192445
-2.4236 0.191208
-2.41776 0.189971
-2.41192 0.188777
-2.40608 0.18754
-2.40024 0.186303
-2.3944 0.185065
-2.38856 0.183827
-2.38272 0.182589
-2.37688 0.181393
-2.37104 0.18011
-2.3652 0.178827
-2.35936 0.177501
-2.35352 0.176176
-2.34768 0.17485
-2.34184 0.17348
-2.336 0.172155
-2.33016 0.170785
-2.32432 0.169414
-2.31848 0.167999
-2.31264 0.166584
-2.3068 0.165168
-2.30096 0.163711
-2.29512 0.162208
-2.28928 0.160707
-2.28344 0.159204
-2.2776 0.157745
-2.27176 0.156331
-2.26592 0.15487
-2.26008 0.153455
-2.25424 0.151951
-2.2484 0.150403
-2.24256 0.148812
-2.23672 0.147265
-2.23088 0.145674
-2.22504 0.144127
-2.2192 0.142535
-2.21336 0.140988
-2.20752 0.139441
-2.20168 0.13785
-2.19584 0.136302
-2.19 0.134754
-2.18416 0.133206
-2.17832 0.131615
-2.17248 0.13011
-2.16664 0.128602
-2.1608 0.127011
-2.15496 0.125673
-2.14912 0.12408
-2.14328 0.122445
-2.13744 0.121109
-2.1316 0.119812
-2.12576 0.118306
-2.11992 0.117391
-2.11408 0.116903
-2.10824 0.115609
-2.1024 0.115077
-2.09656 0.114545
-2.09072 0.113421
-2.08488 0.112892
-2.07904 0.112319
-2.0732 0.111915
-2.06736 0.11147
-2.06152 0.111197
-2.05568 0.112154
-2.04984 0.111494
-2.044 0.11046
-2.03816 0.110227
-2.03232 0.110333
-2.02648 0.110904
-2.02064 0.109562
-2.0148 0.109886
-2.00896 0.108933
-2.00312 0.107935
-1.99728 0.108212
-1.99144 0.106965
-1.9856 0.108429
-1.97976 0.108322
-1.97392 0.108985
-1.96808 0.107817
-1.96224 0.106525
-1.9564 0.105423
-1.95056 0.107124
-1.94472 0.106851
-1.93888 0.106584
-1.93304 0.103246
-1.9272 0.102839
-1.92136 0.100939
-1.91552 0.10103
-1.90968 0.0983299
-1.90384 0.0985951
-1.898 0.0970639
-1.89216 0.0963659
-1.88632 0.0920218
-1.88048 0.0912441
-1.87464 0.0887855
-1.8688 0.0864101
-1.86296 0.0849131
-1.85712 0.0833687
-1.85128 0.0815735
-1.84544 0.0806709
-1.8396 0.0769075
-1.83376 0.0762388
-1.82792 0.0735154
-1.82208 0.0724889
-1.81624 0.069328
-1.8104 0.0678422
-1.80456 0.066006
-1.79872 0.0625163
-1.79288 0.0618119
-1.78704 0.0602039
-1.7812 0.0560863
-1.77536 0.0544263
-1.76952 0.0542514
-1.76368 0.05207
-1.75784 0.0505053
-1.752 0.0480497
-1.74616 0.0460782
-1.74032 0.0445876
-1.73448 0.0429469
-1.72864 0.040894
-1.7228 0.0390571
-1.71696 0.0366402
-1.71112 0.0350729
-1.70528 0.0328636
-1.69944 0.0309128
-1.6936 0.0295565
-1.68776 0.0281079
-1.68192 0.0265158
-1.67608 0.0242858
-1.67024 0.0237063
-1.6644 0.0230231
-1.65856 0.0219226
-1.65272 0.0221173
-1.64688 0.0237846
-1.64104 0.0235881
-1.6352 0.0229191
-1.62936 0.0234741
-1.62352 0.024407
-1.61768 0.0266743
-1.61184 0.0261119
-1.606 0.028283
-1.60016 0.0293523
-1.59432 0.0285708
-1.58848 0.0312709
-1.58264 0.03101
-1.5768 0.0323352
-1.57096 0.0347621
-1.56512 0.0360205
-1.55928 0.0371837
-1.55344 0.0387813
-1.5476 0.0433582
-1.54176 0.0455121
-1.53592 0.0460775
-1.53008 0.0498206
-1.52424 0.0487038
-1.5184 0.0523132
-1.51256 0.0539475
-1.50672 0.0555177
-1.50088 0.0582605
-1.49504 0.0619327
-1.4892 0.0642451
-1.48336 0.0667779
-1.47752 0.0689055
-1.47168 0.0704163
-1.46584 0.0725517
-1.46 0.0752562
-1.45416 0.0768804
-1.44832 0.0790224
-1.44248 0.0824615
-1.43664 0.0838885
-1.4308 0.0882092
-1.42496 0.0888649
-1.41912 0.0917824
-1.41328 0.095329
-1.40744 0.0957081
-1.4016 0.0987671
-1.39576 0.101247
-1.38992 0.103217
-1.38408 0.102426
-1.37824 0.106021
-1.3724 0.107099
-1.36656 0.109879
-1.36072 0.111464
-1.35488 0.114852
-1.34904 0.117324
-1.3432 0.120343
-1.33736 0.123844
-1.33152 0.125103
-1.32568 0.127767
-1.31984 0.13033
-1.314 0.131634
-1.30816 0.137515
-1.30232 0.135382
-1.29648 0.138455
-1.29064 0.140046
-1.2848 0.143426
-1.27896 0.148541
-1.27312 0.151674
-1.26728 0.153617
-1.26144 0.155998
-1.2556 0.158911
-1.24976 0.162316
-1.24392 0.163941
-1.23808 0.166107
-1.23224 0.169246
-1.2264 0.172286
-1.22056 0.172214
-1.21472 0.177171
-1.20888 0.17854
-1.20304 0.181744
-1.1972 0.183857
-1.19136 0.185155
-1.18552 0.190044
-1.17968 0.192614
-1.17384 0.192195
-1.168 0.195389
-1.16216 0.196045
-1.15632 0.19736
-1.15048 0.199152
-1.14464 0.200626
-1.1388 0.205111
-1.13296 0.206461
-1.12712 0.209403
-1.12128 0.210653
-1.11544 0.214194
-1.1096 0.217954
-1.10376 0.220282
-1.09792 0.223372
-1.09208 0.224571
-1.08624 0.223202
-1.0804 0.226749
-1.07456 0.229173
-1.06872 0.231173
-1.06288 0.23362
-1.05704 0.239261
-1.0512 0.241715
-1.04536 0.243716
-1.03952 0.246044
-1.03368 0.247512
-1.02784 0.250821
-1.022 0.252317
-1.01616 0.253571
-1.01032 0.256187
-1.00448 0.258885
-0.99864 0.260986
-0.9928 0.264154
-0.98696 0.264993
-0.98112 0.268016
-0.97528 0.27132
-0.96944 0.271388
-0.9636 0.27445
-0.95776 0.276574
-0.95192 0.278438
-0.94608 0.277943
-0.94024 0.279944
-0.9344 0.282385
-0.92856 0.28382
-0.92272 0.286172
-0.91688 0.288483
-0.91104 0.290265
-0.9052 0.292438
-0.89936 0.296412
-0.89352 0.298096
-0.88768 0.300493
-0.88184 0.301507
-0.876 0.301608
-0.87016 0.306912
-0.86432 0.305312
-0.85848 0.307162
-0.85264 0.308626
-0.8468 0.310339
-0.84096 0.315465
-0.83512 0.317819
-0.82928 0.319665
-0.82344 0.320488
-0.8176 0.321868
-0.81176 0.323325
-0.80592 0.3253
-0.80008 0.325331
-0.79424 0.327056
-0.7884 0.327665
-0.78256 0.329577
-0.77672 0.330563
-0.77088 0.331096
-0.76504 0.331967
-0.7592 0.33389
-0.75336 0.33462
-0.74752 0.336672
-0.74168 0.337282
-0.73584 0.338441
-0.73 0.339732
-0.72416 0.338184
-0.71832 0.339548
-0.71248 0.340873
-0.70664 0.341387
-0.7008 0.342926
-0.69496 0.343455
-0.68912 0.344509
-0.68328 0.345911
-0.67744 0.34672
-0.6716 0.348834
-0.66576 0.35002
-0.65992 0.351122
-0.65408 0.35267
-0.64824 0.35154
-0.6424 0.35284
-0.63656 0.353934
-0.63072 0.355019
-0.62488 0.355969
-0.61904 0.358097
-0.6132 0.358456
-0.60736 0.35868
-0.60152 0.358651
-0.59568 0.358651
-0.58984 0.358651
-0.584 0.358651
-0.57816 0.358651
-0.57232 0.358651
-0.56648 0.358651
-0.56064 0.358651
-0.5548 0.358651
-0.54896 0.358651
-0.54312 0.358651
-0.53728 0.358651
-0.53144 0.358651
-0.5256 0.358651
-0.51976 0.358651
-0.51392 0.358651
-0.50808 0.358651
-0.50224 0.358651
-0.4964 0.358651
-0.49056 0.358651
-0.48472 0.358651
-0.47888 0.358651
-0.47304 0.358651
-0.4672 0.358651
-0.46136 0.358651
-0.45552 0.358651
-0.44968 0.358651
-0.44384 0.358651
-0.438 0.358651
-0.43216 0.358651
-0.42632 0.358651
-0.42048 0.358651
-0.41464 0.358651
-0.4088 0.358651
-0.40296 0.358651
-0.39712 0.358651
-0.39128 0.358651
-0.38544 0.358651
-0.3796 0.358651
-0.37376 0.358651
-0.36792 0.358651
-0.36208 0.358651
-0.35624 0.358651
-0.3504 0.358651
-0.34456 0.358651
-0.33872 0.358651
-0.33288 0.358651
-0.32704 0.358651
-0.3212 0.358651
-0.31536 0.358651
-0.30952 0.358651
-0.30368 0.358651
-0.29784 0.358651
-0.292 0.358651
-0.28616 0.358651
-0.28032 0.358651
-0.27448 0.358651
-0.26864 0.358651
-0.2628 0.358651
-0.25696 0.358651
-0.25112 0.358651
-0.24528 0.358651
-0.23944 0.358651
-0.2336 0.358651
-0.22776 0.358651
-0.22192 0.358651
-0.21608 0.358651
-0.21024 0.358651
-0.2044 0.358651
-0.19856 0.358651
-0.19272 0.358651
-0.18688 0.358651
-0.18104 0.358651
-0.1752 0.358651
-0.16936 0.358651
-0.16352 0.358651
-0.15768 0.358651
-0.15184 0.358651
-0.146 0.358651
-0.14016 0.358651
-0.13432 0.358651
-0.12848 0.358651
-0.12264 0.358651
-0.1168 0.358651
-0.11096 0.358651
-0.10512 0.358651
-0.09928 0.358651
-0.09344 0.358651
-0.0876 0.358651
-0.08176 0.358651
-0.07592 0.358651
-0.07008 0.358651
-0.06424 0.358651
-0.0584 0.358651
-0.05256 0.358651
-0.04672 0.358651
-0.04088 0.358651
-0.03504 0.358651
-0.0292 0.358651
-0.02336 0.358651
-0.01752 0.358651
-0.01168 0.358651
-0.00584 0.358651
