-2.92 0.270173
-2.91416 0.270173
-2.90832 0.270173
-2.90248 0.270173
-2.89664 0.270173
-2.8908 0.270173
-2.88496 0.270173
-2.87912 0.270173
-2.87328 0.270173
-2.86744 0.270173
-2.8616 0.270173
-2.85576 0.270173
-2.84992 0.270173
-2.84408 0.270173
-2.83824 0.270173
-2.8324 0.270173
-2.82656 0.270173
-2.82072 0.270173
-2.81488 0.270173
-2.80904 0.270173
-2.8032 0.270173
-2.79736 0.270173
-2.79152 0.270173
-2.78568 0.270173
-2.77984 0.270173
-2.774 0.270173
-2.76816 0.270173
-2.76232 0.270173
-2.75648 0.270173
-2.75064 0.270173
-2.7448 0.270173
-2.73896 0.270173
-2.73312 0.270173
-2.72728 0.270173
-2.72144 0.270173
-2.7156 0.270173
-2.70976 0.270173
-2.70392 0.270173
-2.69808 0.270173
-2.69224 0.270173
-2.6864 0.270173
-2.68056 0.270173
-2.67472 0.270173
-2.66888 0.270173
-2.66304 0.270173
-2.6572 0.270173
-2.65136 0.270173
-2.64552 0.270173
-2.63968 0.270173
-2.63384 0.270173
-2.628 0.270173
-2.62216 0.270173
-2.61632 0.270173
-2.61048 0.270173
-2.60464 0.270173
-2.5988 0.270173
-2.59296 0.269821
-2.58712 0.269337
-2.58128 0.268765
-2.57544 0.268148
-2.5696 0.267441
-2.56376 0.266735
-2.55792 0.265985
-2.55208 0.265236
-2.54624 0.264442
-2.5404 0.263603
-2.53456 0.262766
-2.52872 0.261928
-2.52288 0.261045
-2.51704 0.260119
-2.5112 0.259281
-2.50536 0.258397
-2.49952 0.257427
-2.49368 0.256456
-2.48784 0.255528
-2.482 0.254734
-2.47616 0.25363
-2.47032 0.252526
-2.46448 0.251378
-2.45864 0.250143
-2.4528 0.248863
-2.44696 0.247627
-2.44112 0.246392
-2.43528 0.245067
-2.42944 0.243742
-2.4236 0.242329
-2.41776 0.240916
-2.41192 0.239458
-2.40608 0.238001
-2.40024 0.2365
-2.3944 0.234868
-2.38856 0.23328
-2.38272 0.231692
-2.37688 0.230058
-2.37104 0.228383
-2.3652 0.226707
-2.35936 0.225031
-2.35352 0.223267
-2.34768 0.221546
-2.34184 0.219827
-2.336 0.218062
-2.33016 0.216211
-2.32432 0.214404
-2.31848 0.212509
-2.31264 0.210659
-2.3068 0.208852
-2.30096 0.206957
-2.29512 0.205192
-2.28928 0.203341
-2.28344 0.201314
-2.2776 0.199376
-2.27176 0.19748
-2.26592 0.195629
-2.26008 0.193869
-2.25424 0.191844
-2.2484 0.189817
-2.24256 0.187747
-2.23672 0.185676
-2.23088 0.183605
-2.22504 0.181667
-2.2192 0.179595
-2.21336 0.177611
-2.20752 0.175585
-2.20168 0.173469
-2.19584 0.171354
-2.19 0.169281
-2.18416 0.167209
-2.17832 0.165093
-2.17248 0.163321
-2.16664 0.161417
-2.1608 0.159686
-2.15496 0.158079
-2.14912 0.156304
-2.14328 0.155336
-2.13744 0.153391
-2.1316 0.152336
-2.12576 0.150264
-2.11992 0.148528
-2.11408 0.1479
-2.10824 0.147013
-2.1024 0.14545
-2.09656 0.143928
-2.09072 0.142706
-2.08488 0.141356
-2.07904 0.140472
-2.0732 0.140434
-2.06736 0.139511
-2.06152 0.137138
-2.05568 0.137532
-2.04984 0.135464
-2.044 0.134883
-2.03816 0.132944
-2.03232 0.132783
-2.02648 0.132959
-2.02064 0.132032
-2.0148 0.130722
-2.00896 0.130943
-2.00312 0.130399
-1.99728 0.129349
-1.99144 0.128592
-1.9856 0.128345
-1.97976 0.127635
-1.97392 0.12539
-1.96808 0.125106
-1.96224 0.124945
-1.9564 0.125123
-1.95056 0.124798
-1.94472 0.124003
-1.93888 0.119389
-1.93304 0.121437
-1.9272 0.118902
-1.92136 0.115814
-1.91552 0.115183
-1.90968 0.110868
-1.90384 0.11093
-1.898 0.107801
-1.89216 0.104962
-1.88632 0.103237
-1.88048 0.101048
-1.87464 0.0986857
-1.8688 0.0971769
-1.86296 0.0928628
-1.85712 0.0916953
-1.85128 0.088528
-1.84544 0.0886762
-1.8396 0.0857233
-1.83376 0.0815843
-1.82792 0.0794813
-1.82208 0.076243
-1.81624 0.074954
-1.8104 0.072809
-1.80456 0.0697711
-1.79872 0.0692019
-1.79288 0.0650649
-1.78704 0.0629276
-1.7812 0.0615951
-1.77536 0.0585654
-1.76952 0.0561315
-1.76368 0.0552702
-1.75784 0.0524543
-1.752 0.049986
-1.74616 0.0466226
-1.74032 0.0452544
-1.73448 0.0435926
-1.72864 0.0407927
-1.7228 0.0392547
-1.71696 0.0365794
-1.71112 0.0355147
-1.70528 0.0323298
-1.69944 0.0307226
-1.6936 0.029366
-1.68776 0.0275445
-1.68192 0.0259778
-1.67608 0.0240311
-1.67024 0.0229345
-1.6644 0.0225177
-1.65856 0.0223052
-1.65272 0.0227822
-1.64688 0.0226577
-1.64104 0.0227571
-1.6352 0.0242478
-1.62936 0.024472
-1.62352 0.0234656
-1.61768 0.0251329
-1.61184 0.0249424
-1.606 0.0276442
-1.60016 0.0276722
-1.59432 0.0299636
-1.58848 0.0279902
-1.58264 0.0305864
-1.5768 0.0312892
-1.57096 0.0328726
-1.56512 0.0346788
-1.55928 0.0356753
-1.55344 0.0392673
-1.5476 0.0430183
-1.54176 0.042495
-1.53592 0.046845
-1.53008 0.0470882
-1.52424 0.0463701
-1.5184 0.0474226
-1.51256 0.0503892
-1.50672 0.0516057
-1.50088 0.0537155
-1.49504 0.0590901
-1.4892 0.06031
-1.48336 0.0618773
-1.47752 0.0642534
-1.47168 0.0652314
-1.46584 0.0672311
-1.46 0.0697659
-1.45416 0.0702433
-1.44832 0.071904
-1.44248 0.0756942
-1.43664 0.077885
-1.4308 0.0795935
-1.42496 0.0825991
-1.41912 0.0839717
-1.41328 0.0857674
-1.40744 0.089371
-1.4016 0.0909975
-1.39576 0.094221
-1.38992 0.0947294
-1.38408 0.0944805
-1.37824 0.0981359
-1.3724 0.101291
-1.36656 0.102731
-1.36072 0.103009
-1.35488 0.105401
-1.34904 0.107664
-1.3432 0.110728
-1.33736 0.113758
-1.33152 0.116579
-1.32568 0.121346
-1.31984 0.122783
-1.314 0.12257
-1.30816 0.124582
-1.30232 0.124112
-1.29648 0.128411
-1.29064 0.130106
-1.2848 0.13285
-1.27896 0.136225
-1.27312 0.140998
-1.26728 0.143197
-1.26144 0.145757
-1.2556 0.148183
-1.24976 0.151497
-1.24392 0.151849
-1.23808 0.156565
-1.23224 0.157901
-1.2264 0.158161
-1.22056 0.161878
-1.21472 0.167079
-1.20888 0.16871
-1.20304 0.16934
-1.1972 0.17261
-1.19136 0.176571
-1.18552 0.176313
-1.17968 0.180058
-1.17384 0.181558
-1.168 0.184002
-1.16216 0.18392
-1.15632 0.187826
-1.15048 0.188453
-1.14464 0.191534
-1.1388 0.193749
-1.13296 0.196108
-1.12712 0.199353
-1.12128 0.201445
-1.11544 0.205
-1.1096 0.209286
-1.10376 0.209351
-1.09792 0.21531
-1.09208 0.216304
-1.08624 0.215809
-1.0804 0.216548
-1.07456 0.220013
-1.06872 0.221721
-1.06288 0.225224
-1.05704 0.232001
-1.0512 0.232074
-1.04536 0.234419
-1.03952 0.238429
-1.03368 0.238403
-1.02784 0.241995
-1.022 0.244419
-1.01616 0.245469
-1.01032 0.247614
-1.00448 0.251065
-0.99864 0.253123
-0.9928 0.254453
-0.98696 0.25804
-0.98112 0.258523
-0.97528 0.260665
-0.96944 0.263184
-0.9636 0.266479
-0.95776 0.268226
-0.95192 0.269895
-0.94608 0.268718
-0.94024 0.272089
-0.9344 0.274815
-0.92856 0.276279
-0.92272 0.277827
-0.91688 0.278824
-0.91104 0.281086
-0.9052 0.284703
-0.89936 0.286121
-0.89352 0.288597
-0.88768 0.292384
-0.88184 0.293625
-0.876 0.293031
-0.87016 0.295579
-0.86432 0.294523
-0.85848 0.296987
-0.85264 0.299377
-0.8468 0.300754
-0.84096 0.303044
-0.83512 0.306616
-0.82928 0.307889
-0.82344 0.308629
-0.8176 0.310844
-0.81176 0.312555
-0.80592 0.312608
-0.80008 0.314698
-0.79424 0.315514
-0.7884 0.31558
-0.78256 0.316094
-0.77672 0.319197
-0.77088 0.319922
-0.76504 0.319979
-0.7592 0.320615
-0.75336 0.322064
-0.74752 0.322497
-0.74168 0.32326
-0.73584 0.324621
-0.73 0.325222
-0.72416 0.323929
-0.71832 0.325324
-0.71248 0.325581
-0.70664 0.326812
-0.7008 0.3277
-0.69496 0.327986
-0.68912 0.329131
-0.68328 0.330099
-0.67744 0.330556
-0.6716 0.332576
-0.66576 0.33345
-0.65992 0.334412
-0.65408 0.335416
-0.64824 0.3347
-0.6424 0.335826
-0.63656 0.336948
-0.63072 0.337944
-0.62488 0.338809
-0.61904 0.340681
-0.6132 0.341291
-0.60736 0.34156
-0.60152 0.341402
-0.59568 0.341402
-0.58984 0.341402
-0.584 0.341402
-0.57816 0.341402
-0.57232 0.341402
-0.56648 0.341402
-0.56064 0.341402
-0.5548 0.341402
-0.54896 0.341402
-0.54312 0.341402
-0.53728 0.341402
-0.53144 0.341402
-0.5256 0.341402
-0.51976 0.341402
-0.51392 0.341402
-0.50808 0.341402
-0.50224 0.341402
-0.4964 0.341402
-0.49056 0.341402
-0.48472 0.341402
-0.47888 0.341402
-0.47304 0.341402
-0.4672 0.341402
-0.46136 0.341402
-0.45552 0.341402
-0.44968 0.341402
-0.44384 0.341402
-0.438 0.341402
-0.43216 0.341402
-0.42632 0.341402
-0.42048 0.341402
-0.41464 0.341402
-0.4088 0.341402
-0.40296 0.341402
-0.39712 0.341402
-0.39128 0.341402
-0.38544 0.341402
-0.3796 0.341402
-0.37376 0.341402
-0.36792 0.341402
-0.36208 0.341402
-0.35624 0.341402
-0.3504 0.341402
-0.34456 0.341402
-0.33872 0.341402
-0.33288 0.341402
-0.32704 0.341402
-0.3212 0.341402
-0.31536 0.341402
-0.30952 0.341402
-0.30368 0.341402
-0.29784 0.341402
-0.292 0.341402
-0.28616 0.341402
-0.28032 0.341402
-0.27448 0.341402
-0.26864 0.341402
-0.2628 0.341402
-0.25696 0.341402
-0.25112 0.341402
-0.24528 0.341402
-0.23944 0.341402
-0.2336 0.341402
-0.22776 0.341402
-0.22192 0.341402
-0.21608 0.341402
-0.21024 0.341402
-0.2044 0.341402
-0.19856 0.341402
-0.19272 0.341402
-0.18688 0.341402
-0.18104 0.341402
-0.1752 0.341402
-0.16936 0.341402
-0.16352 0.341402
-0.15768 0.341402
-0.15184 0.341402
-0.146 0.341402
-0.14016 0.341402
-0.13432 0.341402
-0.12848 0.341402
-0.12264 0.341402
-0.1168 0.341402
-0.11096 0.341402
-0.10512 0.341402
-0.09928 0.341402
-0.09344 0.341402
-0.0876 0.341402
-0.08176 0.341402
-0.07592 0.341402
-0.07008 0.341402
-0.06424 0.341402
-0.0584 0.341402
-0.05256 0.341402
-0.04672 0.341402
-0.04088 0.341402
-0.03504 0.341402
-0.0292 0.341402
-0.02336 0.341402
-0.01752 0.341402
-0.01168 0.341402
-0.00584 0.341402
