-2.92 0.236478
-2.91416 0.236478
-2.90832 0.236478
-2.90248 0.236478
-2.89664 0.236478
-2.8908 0.236478
-2.88496 0.236478
-2.87912 0.236478
-2.87328 0.236478
-2.86744 0.236478
-2.8616 0.236478
-2.85576 0.236478
-2.84992 0.236478
-2.84408 0.236478
-2.83824 0.236478
-2.8324 0.236478
-2.82656 0.236478
-2.82072 0.236478
-2.81488 0.236478
-2.80904 0.236478
-2.8032 0.236478
-2.79736 0.236478
-2.79152 0.236478
-2.78568 0.236478
-2.77984 0.236478
-2.774 0.236478
-2.76816 0.236478
-2.76232 0.236478
-2.75648 0.236478
-2.75064 0.236478
-2.7448 0.236478
-2.73896 0.236478
-2.73312 0.236478
-2.72728 0.236478
-2.72144 0.236478
-2.7156 0.236478
-2.70976 0.236478
-2.70392 0.236478
-2.69808 0.236478
-2.69224 0.236478
-2.6864 0.236478
-2.68056 0.236478
-2.67472 0.236478
-2.66888 0.236478
-2.66304 0.236478
-2.6572 0.236478
-2.65136 0.236478
-2.64552 0.236478
-2.63968 0.236478
-2.63384 0.236478
-2.628 0.236478
-2.62216 0.236478
-2.61632 0.236478
-2.61048 0.236478
-2.60464 0.236478
-2.5988 0.236478
-2.59296 0.236257
-2.58712 0.23595
-2.58128 0.235554
-2.57544 0.235115
-2.5696 0.234587
-2.56376 0.234015
-2.55792 0.233399
-2.55208 0.232827
-2.54624 0.232166
-2.5404 0.231372
-2.53456 0.230536
-2.52872 0.229654
-2.52288 0.228685
-2.51704 0.227715
-2.5112 0.226832
-2.50536 0.225904
-2.49952 0.224888
-2.49368 0.223915
-2.48784 0.222856
-2.482 0.222016
-2.47616 0.220957
-2.47032 0.219853
-2.46448 0.21875
-2.45864 0.21756
-2.4528 0.216412
-2.44696 0.215134
-2.44112 0.213857
-2.43528 0.212535
-2.42944 0.211258
-2.4236 0.209935
-2.41776 0.208569
-2.41192 0.207159
-2.40608 0.205705
-2.40024 0.20425
-2.3944 0.202796
-2.38856 0.20143
-2.38272 0.199975
-2.37688 0.198522
-2.37104 0.196981
-2.3652 0.195528
-2.35936 0.19403
-2.35352 0.192532
-2.34768 0.19108
-2.34184 0.189626
-2.336 0.188127
-2.33016 0.186584
-2.32432 0.185042
-2.31848 0.183456
-2.31264 0.181869
-2.3068 0.180282
-2.30096 0.178652
-2.29512 0.177111
-2.28928 0.175525
-2.28344 0.173851
-2.2776 0.172221
-2.27176 0.170634
-2.26592 0.169004
-2.26008 0.167507
-2.25424 0.165833
-2.2484 0.16416
-2.24256 0.162442
-2.23672 0.160769
-2.23088 0.159051
-2.22504 0.157379
-2.2192 0.155661
-2.21336 0.154031
-2.20752 0.152357
-2.20168 0.150639
-2.19584 0.14892
-2.19 0.1472
-2.18416 0.145479
-2.17832 0.143759
-2.17248 0.142126
-2.16664 0.140449
-2.1608 0.138728
-2.15496 0.137007
-2.14912 0.135285
-2.14328 0.133609
-2.13744 0.131929
-2.1316 0.130251
-2.12576 0.128489
-2.11992 0.126683
-2.11408 0.125007
-2.10824 0.123414
-2.1024 0.121523
-2.09656 0.119844
-2.09072 0.118122
-2.08488 0.116398
-2.07904 0.114505
-2.0732 0.112871
-2.06736 0.111151
-2.06152 0.109386
-2.05568 0.107706
-2.04984 0.105856
-2.044 0.104523
-2.03816 0.102673
-2.03232 0.101078
-2.02648 0.0993124
-2.02064 0.0975473
-2.0148 0.0956983
-2.00896 0.0941897
-2.00312 0.0924703
-1.99728 0.0905789
-1.99144 0.0892889
-1.9856 0.0879523
-1.97976 0.0857226
-1.97392 0.0846409
-1.96808 0.083052
-1.96224 0.0824817
-1.9564 0.0813597
-1.95056 0.0800693
-1.94472 0.0798782
-1.93888 0.0787244
-1.93304 0.0778928
-1.9272 0.0777091
-1.92136 0.0777357
-1.91552 0.0770831
-1.90968 0.0765197
-1.90384 0.0770515
-1.898 0.0761055
-1.89216 0.0768952
-1.88632 0.0751401
-1.88048 0.0759336
-1.87464 0.0741762
-1.8688 0.0764958
-1.86296 0.0752875
-1.85712 0.0744674
-1.85128 0.0761979
-1.84544 0.0769471
-1.8396 0.0763922
-1.83376 0.0758259
-1.82792 0.0766668
-1.82208 0.0759861
-1.81624 0.076779
-1.8104 0.0766455
-1.80456 0.076588
-1.79872 0.0767881
-1.79288 0.0773738
-1.78704 0.0777018
-1.7812 0.0785443
-1.77536 0.0797358
-1.76952 0.0778492
-1.76368 0.0800868
-1.75784 0.0808109
-1.752 0.0806394
-1.74616 0.081992
-1.74032 0.0821566
-1.73448 0.0831785
-1.72864 0.0843669
-1.7228 0.0860303
-1.71696 0.0880626
-1.71112 0.0864588
-1.70528 0.0868818
-1.69944 0.0888026
-1.6936 0.0901959
-1.68776 0.0909669
-1.68192 0.0941542
-1.67608 0.0958261
-1.67024 0.0952789
-1.6644 0.09381
-1.65856 0.0955175
-1.65272 0.0968435
-1.64688 0.0947525
-1.64104 0.0952657
-1.6352 0.0988995
-1.62936 0.099572
-1.62352 0.0982656
-1.61768 0.100162
-1.61184 0.100027
-1.606 0.103081
-1.60016 0.103119
-1.59432 0.104518
-1.58848 0.107255
-1.58264 0.107224
-1.5768 0.108937
-1.57096 0.11168
-1.56512 0.115246
-1.55928 0.113362
-1.55344 0.113555
-1.5476 0.115891
-1.54176 0.118912
-1.53592 0.12148
-1.53008 0.122309
-1.52424 0.123984
-1.5184 0.127583
-1.51256 0.128488
-1.50672 0.128304
-1.50088 0.133691
-1.49504 0.132112
-1.4892 0.136865
-1.48336 0.138997
-1.47752 0.140322
-1.47168 0.14159
-1.46584 0.142692
-1.46 0.143954
-1.45416 0.145595
-1.44832 0.14319
-1.44248 0.148725
-1.43664 0.147809
-1.4308 0.153552
-1.42496 0.154748
-1.41912 0.156308
-1.41328 0.158935
-1.40744 0.158345
-1.4016 0.161326
-1.39576 0.16057
-1.38992 0.164681
-1.38408 0.166597
-1.37824 0.16977
-1.3724 0.17026
-1.36656 0.172624
-1.36072 0.175031
-1.35488 0.179709
-1.34904 0.177328
-1.3432 0.181669
-1.33736 0.18057
-1.33152 0.181024
-1.32568 0.18535
-1.31984 0.187608
-1.314 0.186284
-1.30816 0.189611
-1.30232 0.191856
-1.29648 0.195134
-1.29064 0.19708
-1.2848 0.199085
-1.27896 0.202731
-1.27312 0.200154
-1.26728 0.200958
-1.26144 0.203976
-1.2556 0.204802
-1.24976 0.205848
-1.24392 0.210303
-1.23808 0.210926
-1.23224 0.210157
-1.2264 0.210754
-1.22056 0.212379
-1.21472 0.214586
-1.20888 0.214022
-1.20304 0.213685
-1.1972 0.218229
-1.19136 0.220445
-1.18552 0.219688
-1.17968 0.222995
-1.17384 0.222492
-1.168 0.224629
-1.16216 0.226335
-1.15632 0.227315
-1.15048 0.228471
-1.14464 0.229876
-1.1388 0.231286
-1.13296 0.233979
-1.12712 0.236946
-1.12128 0.236019
-1.11544 0.235609
-1.1096 0.237626
-1.10376 0.239616
-1.09792 0.241063
-1.09208 0.240871
-1.08624 0.241258
-1.0804 0.244454
-1.07456 0.244866
-1.06872 0.24716
-1.06288 0.248762
-1.05704 0.246904
-1.0512 0.249252
-1.04536 0.25073
-1.03952 0.251003
-1.03368 0.250975
-1.02784 0.25204
-1.022 0.250436
-1.01616 0.251451
-1.01032 0.248234
-1.00448 0.249264
-0.99864 0.247171
-0.9928 0.249438
-0.98696 0.24869
-0.98112 0.247326
-0.97528 0.247388
-0.96944 0.246193
-0.9636 0.247653
-0.95776 0.243283
-0.95192 0.244515
-0.94608 0.246176
-0.94024 0.244907
-0.9344 0.24571
-0.92856 0.246302
-0.92272 0.244811
-0.91688 0.246637
-0.91104 0.243631
-0.9052 0.24469
-0.89936 0.241885
-0.89352 0.243158
-0.88768 0.243241
-0.88184 0.243663
-0.876 0.242053
-0.87016 0.241509
-0.86432 0.241701
-0.85848 0.241461
-0.85264 0.242598
-0.8468 0.242086
-0.84096 0.242046
-0.83512 0.241333
-0.82928 0.240652
-0.82344 0.241725
-0.8176 0.241678
-0.81176 0.239981
-0.80592 0.241458
-0.80008 0.239175
-0.79424 0.239343
-0.7884 0.239586
-0.78256 0.239038
-0.77672 0.239582
-0.77088 0.238536
-0.76504 0.238814
-0.7592 0.23936
-0.75336 0.239733
-0.74752 0.238629
-0.74168 0.239681
-0.73584 0.240054
-0.73 0.24001
-0.72416 0.240428
-0.71832 0.240796
-0.71248 0.241087
-0.70664 0.24218
-0.7008 0.242974
-0.69496 0.243763
-0.68912 0.244434
-0.68328 0.245058
-0.67744 0.246061
-0.6716 0.247065
-0.66576 0.248107
-0.65992 0.248345
-0.65408 0.248222
-0.64824 0.248886
-0.6424 0.249751
-0.63656 0.25083
-0.63072 0.251106
-0.62488 0.251546
-0.61904 0.25059
-0.6132 0.250647
-0.60736 0.250612
-0.60152 0.250873
-0.59568 0.250873
-0.58984 0.250873
-0.584 0.250873
-0.57816 0.250873
-0.57232 0.250873
-0.56648 0.250873
-0.56064 0.250873
-0.5548 0.250873
-0.54896 0.250873
-0.54312 0.250873
-0.53728 0.250873
-0.53144 0.250873
-0.5256 0.250873
-0.51976 0.250873
-0.51392 0.250873
-0.50808 0.250873
-0.50224 0.250873
-0.4964 0.250873
-0.49056 0.250873
-0.48472 0.250873
-0.47888 0.250873
-0.47304 0.250873
-0.4672 0.250873
-0.46136 0.250873
-0.45552 0.250873
-0.44968 0.250873
-0.44384 0.250873
-0.438 0.250873
-0.43216 0.250873
-0.42632 0.250873
-0.42048 0.250873
-0.41464 0.250873
-0.4088 0.250873
-0.40296 0.250873
-0.39712 0.250873
-0.39128 0.250873
-0.38544 0.250873
-0.3796 0.250873
-0.37376 0.250873
-0.36792 0.250873
-0.36208 0.250873
-0.35624 0.250873
-0.3504 0.250873
-0.34456 0.250873
-0.33872 0.250873
-0.33288 0.250873
-0.32704 0.250873
-0.3212 0.250873
-0.31536 0.250873
-0.30952 0.250873
-0.30368 0.250873
-0.29784 0.250873
-0.292 0.250873
-0.28616 0.250873
-0.28032 0.250873
-0.27448 0.250873
-0.26864 0.250873
-0.2628 0.250873
-0.25696 0.250873
-0.25112 0.250873
-0.24528 0.250873
-0.23944 0.250873
-0.2336 0.250873
-0.22776 0.250873
-0.22192 0.250873
-0.21608 0.250873
-0.21024 0.250873
-0.2044 0.250873
-0.19856 0.250873
-0.19272 0.250873
-0.18688 0.250873
-0.18104 0.250873
-0.1752 0.250873
-0.16936 0.250873
-0.16352 0.250873
-0.15768 0.250873
-0.15184 0.250873
-0.146 0.250873
-0.14016 0.250873
-0.13432 0.250873
-0.12848 0.250873
-0.12264 0.250873
-0.1168 0.250873
-0.11096 0.250873
-0.10512 0.250873
-0.09928 0.250873
-0.09344 0.250873
-0.0876 0.250873
-0.08176 0.250873
-0.07592 0.250873
-0.07008 0.250873
-0.06424 0.250873
-0.0584 0.250873
-0.05256 0.250873
-0.04672 0.250873
-0.04088 0.250873
-0.03504 0.250873
-0.0292 0.250873
-0.02336 0.250873
-0.01752 0.250873
-0.01168 0.250873
-0.00584 0.250873
