-2.92 0.233687
-2.91416 0.233687
-2.90832 0.233687
-2.90248 0.233687
-2.89664 0.233687
-2.8908 0.233687
-2.88496 0.233687
-2.87912 0.233687
-2.87328 0.233687
-2.86744 0.233687
-2.8616 0.233687
-2.85576 0.233687
-2.84992 0.233687
-2.84408 0.233687
-2.83824 0.233687
-2.8324 0.233687
-2.82656 0.233687
-2.82072 0.233687
-2.81488 0.233687
-2.80904 0.233687
-2.8032 0.233687
-2.79736 0.233687
-2.79152 0.233687
-2.78568 0.233687
-2.77984 0.233687
-2.774 0.233687
-2.76816 0.233687
-2.76232 0.233687
-2.75648 0.233687
-2.75064 0.233687
-2.7448 0.233687
-2.73896 0.233687
-2.73312 0.233687
-2.72728 0.233687
-2.72144 0.233687
-2.7156 0.233687
-2.70976 0.233687
-2.70392 0.233687
-2.69808 0.233687
-2.69224 0.233687
-2.6864 0.233687
-2.68056 0.233687
-2.67472 0.233687
-2.66888 0.233687
-2.66304 0.233687
-2.6572 0.233687
-2.65136 0.233687
-2.64552 0.233687
-2.63968 0.233687
-2.63384 0.233687
-2.628 0.233687
-2.62216 0.233687
-2.61632 0.233687
-2.61048 0.233687
-2.60464 0.233687
-2.5988 0.233687
-2.59296 0.23351
-2.58712 0.233333
-2.58128 0.233022
-2.57544 0.232623
-2.5696 0.232136
-2.56376 0.231561
-2.55792 0.230986
-2.55208 0.230366
-2.54624 0.229658
-2.5404 0.228906
-2.53456 0.228154
-2.52872 0.227356
-2.52288 0.226489
-2.51704 0.225621
-2.5112 0.224709
-2.50536 0.223755
-2.49952 0.222762
-2.49368 0.221638
-2.48784 0.220514
-2.482 0.219436
-2.47616 0.218224
-2.47032 0.217013
-2.46448 0.215801
-2.45864 0.214546
-2.4528 0.213291
-2.44696 0.212079
-2.44112 0.210822
-2.43528 0.209521
-2.42944 0.208303
-2.4236 0.207002
-2.41776 0.205745
-2.41192 0.204486
-2.40608 0.203186
-2.40024 0.201841
-2.3944 0.200496
-2.38856 0.199176
-2.38272 0.197788
-2.37688 0.196355
-2.37104 0.194922
-2.3652 0.19349
-2.35936 0.192013
-2.35352 0.190536
-2.34768 0.189103
-2.34184 0.187625
-2.336 0.186102
-2.33016 0.184578
-2.32432 0.183143
-2.31848 0.181576
-2.31264 0.180054
-2.3068 0.178574
-2.30096 0.177049
-2.29512 0.175526
-2.28928 0.173959
-2.28344 0.172349
-2.2776 0.170737
-2.27176 0.169169
-2.26592 0.167558
-2.26008 0.166035
-2.25424 0.16438
-2.2484 0.162724
-2.24256 0.161023
-2.23672 0.159322
-2.23088 0.157622
-2.22504 0.156054
-2.2192 0.154353
-2.21336 0.15269
-2.20752 0.150992
-2.20168 0.149247
-2.19584 0.147589
-2.19 0.145931
-2.18416 0.14423
-2.17832 0.142529
-2.17248 0.140853
-2.16664 0.139107
-2.1608 0.137405
-2.15496 0.135659
-2.14912 0.133958
-2.14328 0.132255
-2.13744 0.130465
-2.1316 0.128764
-2.12576 0.126977
-2.11992 0.125232
-2.11408 0.123487
-2.10824 0.121867
-2.1024 0.120122
-2.09656 0.118335
-2.09072 0.116674
-2.08488 0.114888
-2.07904 0.113142
-2.0732 0.111483
-2.06736 0.109738
-2.06152 0.108037
-2.05568 0.106376
-2.04984 0.104674
-2.044 0.102891
-2.03816 0.101273
-2.03232 0.0995271
-2.02648 0.0980328
-2.02064 0.095991
-2.0148 0.094204
-2.00896 0.0928431
-2.00312 0.0910964
-1.99728 0.0896044
-1.99144 0.0881154
-1.9856 0.0868349
-1.97976 0.0856032
-1.97392 0.0850853
-1.96808 0.0846945
-1.96224 0.0834158
-1.9564 0.0833193
-1.95056 0.0821628
-1.94472 0.0818513
-1.93888 0.0812555
-1.93304 0.0813969
-1.9272 0.0798989
-1.92136 0.0789809
-1.91552 0.0794451
-1.90968 0.0787912
-1.90384 0.0774165
-1.898 0.0773954
-1.89216 0.0775916
-1.88632 0.0775642
-1.88048 0.0777469
-1.87464 0.0769738
-1.8688 0.0771857
-1.86296 0.0769383
-1.85712 0.0770142
-1.85128 0.0767514
-1.84544 0.0769295
-1.8396 0.0768232
-1.83376 0.0780195
-1.82792 0.0786173
-1.82208 0.0796011
-1.81624 0.0805324
-1.8104 0.079242
-1.80456 0.0788741
-1.79872 0.0802761
-1.79288 0.0815463
-1.78704 0.0819999
-1.7812 0.0802534
-1.77536 0.0823271
-1.76952 0.0820745
-1.76368 0.0820174
-1.75784 0.084282
-1.752 0.0828663
-1.74616 0.084934
-1.74032 0.0851535
-1.73448 0.0862395
-1.72864 0.086036
-1.7228 0.0885519
-1.71696 0.0885929
-1.71112 0.0887685
-1.70528 0.0896388
-1.69944 0.0914742
-1.6936 0.0922005
-1.68776 0.0916673
-1.68192 0.0944015
-1.67608 0.0911571
-1.67024 0.093029
-1.6644 0.0940637
-1.65856 0.094416
-1.65272 0.0954386
-1.64688 0.0950429
-1.64104 0.0977988
-1.6352 0.0988046
-1.62936 0.0973645
-1.62352 0.0978686
-1.61768 0.0995488
-1.61184 0.0988032
-1.606 0.101591
-1.60016 0.104035
-1.59432 0.104868
-1.58848 0.107767
-1.58264 0.110342
-1.5768 0.106694
-1.57096 0.110951
-1.56512 0.114452
-1.55928 0.116242
-1.55344 0.116945
-1.5476 0.120538
-1.54176 0.124379
-1.53592 0.125707
-1.53008 0.125902
-1.52424 0.127716
-1.5184 0.130978
-1.51256 0.132879
-1.50672 0.134955
-1.50088 0.136306
-1.49504 0.14145
-1.4892 0.141535
-1.48336 0.1438
-1.47752 0.144835
-1.47168 0.147468
-1.46584 0.147772
-1.46 0.152913
-1.45416 0.152508
-1.44832 0.154914
-1.44248 0.157507
-1.43664 0.160457
-1.4308 0.164141
-1.42496 0.167518
-1.41912 0.167754
-1.41328 0.169641
-1.40744 0.171707
-1.4016 0.174884
-1.39576 0.176869
-1.38992 0.180348
-1.38408 0.185594
-1.37824 0.188484
-1.3724 0.188531
-1.36656 0.187821
-1.36072 0.193234
-1.35488 0.194519
-1.34904 0.195768
-1.3432 0.196096
-1.33736 0.198946
-1.33152 0.204101
-1.32568 0.207969
-1.31984 0.209765
-1.314 0.210558
-1.30816 0.210553
-1.30232 0.215929
-1.29648 0.218701
-1.29064 0.221657
-1.2848 0.222418
-1.27896 0.225487
-1.27312 0.227409
-1.26728 0.227034
-1.26144 0.230328
-1.2556 0.233234
-1.24976 0.234468
-1.24392 0.23964
-1.23808 0.236546
-1.23224 0.241233
-1.2264 0.24125
-1.22056 0.243801
-1.21472 0.246938
-1.20888 0.249275
-1.20304 0.254102
-1.1972 0.254402
-1.19136 0.255845
-1.18552 0.258145
-1.17968 0.26209
-1.17384 0.263086
-1.168 0.265736
-1.16216 0.26935
-1.15632 0.268571
-1.15048 0.272039
-1.14464 0.2773
-1.1388 0.2726
-1.13296 0.275219
-1.12712 0.27751
-1.12128 0.280164
-1.11544 0.282762
-1.1096 0.285149
-1.10376 0.289619
-1.09792 0.289724
-1.09208 0.288013
-1.08624 0.288129
-1.0804 0.293985
-1.07456 0.294405
-1.06872 0.295939
-1.06288 0.296754
-1.05704 0.298802
-1.0512 0.29977
-1.04536 0.301122
-1.03952 0.302751
-1.03368 0.301599
-1.02784 0.301829
-1.022 0.304756
-1.01616 0.302091
-1.01032 0.303288
-1.00448 0.30244
-0.99864 0.30452
-0.9928 0.305928
-0.98696 0.307366
-0.98112 0.307715
-0.97528 0.306756
-0.96944 0.307902
-0.9636 0.308362
-0.95776 0.309787
-0.95192 0.310997
-0.94608 0.312505
-0.94024 0.313316
-0.9344 0.312429
-0.92856 0.312355
-0.92272 0.313188
-0.91688 0.313122
-0.91104 0.312582
-0.9052 0.312654
-0.89936 0.313868
-0.89352 0.315827
-0.88768 0.316073
-0.88184 0.317537
-0.876 0.31762
-0.87016 0.315965
-0.86432 0.319188
-0.85848 0.319109
-0.85264 0.320367
-0.8468 0.320325
-0.84096 0.321651
-0.83512 0.321547
-0.82928 0.321651
-0.82344 0.320491
-0.8176 0.322085
-0.81176 0.322205
-0.80592 0.323333
-0.80008 0.3225
-0.79424 0.323307
-0.7884 0.323304
-0.78256 0.324897
-0.77672 0.325451
-0.77088 0.325651
-0.76504 0.326813
-0.7592 0.327145
-0.75336 0.327401
-0.74752 0.328281
-0.74168 0.329739
-0.73584 0.330618
-0.73 0.331573
-0.72416 0.332557
-0.71832 0.333228
-0.71248 0.334556
-0.70664 0.335391
-0.7008 0.33628
-0.69496 0.337154
-0.68912 0.337976
-0.68328 0.33932
-0.67744 0.342204
-0.6716 0.342951
-0.66576 0.344429
-0.65992 0.345238
-0.65408 0.346048
-0.64824 0.346511
-0.6424 0.348184
-0.63656 0.349267
-0.63072 0.349421
-0.62488 0.349863
-0.61904 0.350008
-0.6132 0.349897
-0.60736 0.349577
-0.60152 0.350009
-0.59568 0.350009
-0.58984 0.350009
-0.584 0.350009
-0.57816 0.350009
-0.57232 0.350009
-0.56648 0.350009
-0.56064 0.350009
-0.5548 0.350009
-0.54896 0.350009
-0.54312 0.350009
-0.53728 0.350009
-0.53144 0.350009
-0.5256 0.350009
-0.51976 0.350009
-0.51392 0.350009
-0.50808 0.350009
-0.50224 0.350009
-0.4964 0.350009
-0.49056 0.350009
-0.48472 0.350009
-0.47888 0.350009
-0.47304 0.350009
-0.4672 0.350009
-0.46136 0.350009
-0.45552 0.350009
-0.44968 0.350009
-0.44384 0.350009
-0.438 0.350009
-0.43216 0.350009
-0.42632 0.350009
-0.42048 0.350009
-0.41464 0.350009
-0.4088 0.350009
-0.40296 0.350009
-0.39712 0.350009
-0.39128 0.350009
-0.38544 0.350009
-0.3796 0.350009
-0.37376 0.350009
-0.36792 0.350009
-0.36208 0.350009
-0.35624 0.350009
-0.3504 0.350009
-0.34456 0.350009
-0.33872 0.350009
-0.33288 0.350009
-0.32704 0.350009
-0.3212 0.350009
-0.31536 0.350009
-0.30952 0.350009
-0.30368 0.350009
-0.29784 0.350009
-0.292 0.350009
-0.28616 0.350009
-0.28032 0.350009
-0.27448 0.350009
-0.26864 0.350009
-0.2628 0.350009
-0.25696 0.350009
-0.25112 0.350009
-0.24528 0.350009
-0.23944 0.350009
-0.2336 0.350009
-0.22776 0.350009
-0.22192 0.350009
-0.21608 0.350009
-0.21024 0.350009
-0.2044 0.350009
-0.19856 0.350009
-0.19272 0.350009
-0.18688 0.350009
-0.18104 0.350009
-0.1752 0.350009
-0.16936 0.350009
-0.16352 0.350009
-0.15768 0.350009
-0.15184 0.350009
-0.146 0.350009
-0.14016 0.350009
-0.13432 0.350009
-0.12848 0.350009
-0.12264 0.350009
-0.1168 0.350009
-0.11096 0.350009
-0.10512 0.350009
-0.09928 0.350009
-0.09344 0.350009
-0.0876 0.350009
-0.08176 0.350009
-0.07592 0.350009
-0.07008 0.350009
-0.06424 0.350009
-0.0584 0.350009
-0.05256 0.350009
-0.04672 0.350009
-0.04088 0.350009
-0.03504 0.350009
-0.0292 0.350009
-0.02336 0.350009
-0.01752 0.350009
-0.01168 0.350009
-0.00584 0.350009
