-2.92 0.212063
-2.91416 0.212063
-2.90832 0.212063
-2.90248 0.212063
-2.89664 0.212063
-2.8908 0.212063
-2.88496 0.212063
-2.87912 0.212063
-2.87328 0.212063
-2.86744 0.212063
-2.8616 0.212063
-2.85576 0.212063
-2.84992 0.212063
-2.84408 0.212063
-2.83824 0.212063
-2.8324 0.212063
-2.82656 0.212063
-2.82072 0.212063
-2.81488 0.212063
-2.80904 0.212063
-2.8032 0.212063
-2.79736 0.212063
-2.79152 0.212063
-2.78568 0.212063
-2.77984 0.212063
-2.774 0.212063
-2.76816 0.212063
-2.76232 0.212063
-2.75648 0.212063
-2.75064 0.212063
-2.7448 0.212063
-2.73896 0.212063
-2.73312 0.212063
-2.72728 0.212063
-2.72144 0.212063
-2.7156 0.212063
-2.70976 0.212063
-2.70392 0.212063
-2.69808 0.212063
-2.69224 0.212063
-2.6864 0.212063
-2.68056 0.212063
-2.67472 0.212063
-2.66888 0.212063
-2.66304 0.212063
-2.6572 0.212063
-2.65136 0.212063
-2.64552 0.212063
-2.63968 0.212063
-2.63384 0.212063
-2.628 0.212063
-2.62216 0.212063
-2.61632 0.212063
-2.61048 0.212063
-2.60464 0.212063
-2.5988 0.212063
-2.59296 0.211888
-2.58712 0.21167
-2.58128 0.211364
-2.57544 0.211011
-2.5696 0.210569
-2.56376 0.210041
-2.55792 0.209512
-2.55208 0.20894
-2.54624 0.208367
-2.5404 0.20775
-2.53456 0.207089
-2.52872 0.206341
-2.52288 0.20555
-2.51704 0.204756
-2.5112 0.203964
-2.50536 0.203171
-2.49952 0.202291
-2.49368 0.201323
-2.48784 0.200353
-2.482 0.199516
-2.47616 0.198503
-2.47032 0.19749
-2.46448 0.196477
-2.45864 0.195508
-2.4528 0.194495
-2.44696 0.193527
-2.44112 0.192513
-2.43528 0.191456
-2.42944 0.190443
-2.4236 0.189211
-2.41776 0.188022
-2.41192 0.18679
-2.40608 0.185515
-2.40024 0.184281
-2.3944 0.182961
-2.38856 0.181641
-2.38272 0.180321
-2.37688 0.178999
-2.37104 0.177636
-2.3652 0.176316
-2.35936 0.174908
-2.35352 0.1735
-2.34768 0.172135
-2.34184 0.17077
-2.336 0.169362
-2.33016 0.167955
-2.32432 0.166677
-2.31848 0.165269
-2.31264 0.163861
-2.3068 0.162498
-2.30096 0.161048
-2.29512 0.159641
-2.28928 0.158233
-2.28344 0.156739
-2.2776 0.1552
-2.27176 0.153705
-2.26592 0.152165
-2.26008 0.150843
-2.25424 0.149304
-2.2484 0.147807
-2.24256 0.146224
-2.23672 0.144684
-2.23088 0.143101
-2.22504 0.141562
-2.2192 0.139979
-2.21336 0.138484
-2.20752 0.136944
-2.20168 0.135361
-2.19584 0.133821
-2.19 0.132238
-2.18416 0.130654
-2.17832 0.129114
-2.17248 0.127576
-2.16664 0.125993
-2.1608 0.124454
-2.15496 0.122999
-2.14912 0.12142
-2.14328 0.119881
-2.13744 0.118425
-2.1316 0.116801
-2.12576 0.115175
-2.11992 0.113635
-2.11408 0.112137
-2.10824 0.110599
-2.1024 0.109188
-2.09656 0.107778
-2.09072 0.106237
-2.08488 0.104744
-2.07904 0.103203
-2.0732 0.101834
-2.06736 0.100338
-2.06152 0.0989708
-2.05568 0.0971767
-2.04984 0.0955521
-2.044 0.0945655
-2.03816 0.0928159
-2.03232 0.0915307
-2.02648 0.0899474
-2.02064 0.0883652
-2.0148 0.086994
-2.00896 0.0853281
-2.00312 0.084042
-1.99728 0.0828415
-1.99144 0.0814767
-1.9856 0.0794248
-1.97976 0.0782657
-1.97392 0.0768989
-1.96808 0.0762454
-1.96224 0.0751777
-1.9564 0.0745676
-1.95056 0.0737092
-1.94472 0.0731442
-1.93888 0.0720767
-1.93304 0.0728286
-1.9272 0.0722306
-1.92136 0.0723454
-1.91552 0.0713629
-1.90968 0.0710567
-1.90384 0.0707928
-1.898 0.0707363
-1.89216 0.070049
-1.88632 0.0700898
-1.88048 0.0706279
-1.87464 0.0709274
-1.8688 0.0714737
-1.86296 0.0714816
-1.85712 0.0716707
-1.85128 0.0720514
-1.84544 0.0711097
-1.8396 0.0724967
-1.83376 0.0721708
-1.82792 0.071776
-1.82208 0.0734284
-1.81624 0.0743978
-1.8104 0.0724452
-1.80456 0.0736759
-1.79872 0.0733661
-1.79288 0.0735778
-1.78704 0.0731691
-1.7812 0.0749694
-1.77536 0.0751535
-1.76952 0.0738385
-1.76368 0.0765127
-1.75784 0.0774029
-1.752 0.0788513
-1.74616 0.078896
-1.74032 0.0795433
-1.73448 0.0809852
-1.72864 0.0804051
-1.7228 0.0839768
-1.71696 0.0831679
-1.71112 0.0846329
-1.70528 0.0874882
-1.69944 0.0870906
-1.6936 0.0889349
-1.68776 0.090691
-1.68192 0.0921114
-1.67608 0.0921229
-1.67024 0.0932881
-1.6644 0.0933655
-1.65856 0.0924273
-1.65272 0.0961046
-1.64688 0.094527
-1.64104 0.0953446
-1.6352 0.0959248
-1.62936 0.0956182
-1.62352 0.0972289
-1.61768 0.0961404
-1.61184 0.0983061
-1.606 0.100541
-1.60016 0.101825
-1.59432 0.103911
-1.58848 0.103288
-1.58264 0.107398
-1.5768 0.109769
-1.57096 0.109548
-1.56512 0.113077
-1.55928 0.116712
-1.55344 0.116389
-1.5476 0.117484
-1.54176 0.120828
-1.53592 0.121916
-1.53008 0.124028
-1.52424 0.12444
-1.5184 0.131258
-1.51256 0.131972
-1.50672 0.133519
-1.50088 0.136535
-1.49504 0.138788
-1.4892 0.141674
-1.48336 0.144321
-1.47752 0.145472
-1.47168 0.148357
-1.46584 0.15047
-1.46 0.154067
-1.45416 0.153133
-1.44832 0.154445
-1.44248 0.160492
-1.43664 0.161311
-1.4308 0.162285
-1.42496 0.164968
-1.41912 0.16776
-1.41328 0.175312
-1.40744 0.170743
-1.4016 0.174378
-1.39576 0.176368
-1.38992 0.179108
-1.38408 0.182244
-1.37824 0.183529
-1.3724 0.186093
-1.36656 0.191346
-1.36072 0.192315
-1.35488 0.193352
-1.34904 0.194565
-1.3432 0.19913
-1.33736 0.200537
-1.33152 0.203984
-1.32568 0.207672
-1.31984 0.210708
-1.314 0.21165
-1.30816 0.212663
-1.30232 0.21631
-1.29648 0.219121
-1.29064 0.221256
-1.2848 0.225645
-1.27896 0.225721
-1.27312 0.22636
-1.26728 0.228953
-1.26144 0.232508
-1.2556 0.233193
-1.24976 0.237592
-1.24392 0.239174
-1.23808 0.239559
-1.23224 0.240511
-1.2264 0.242575
-1.22056 0.24384
-1.21472 0.248189
-1.20888 0.246889
-1.20304 0.249058
-1.1972 0.253099
-1.19136 0.253035
-1.18552 0.254622
-1.17968 0.258493
-1.17384 0.260881
-1.168 0.261998
-1.16216 0.262821
-1.15632 0.264274
-1.15048 0.266073
-1.14464 0.272055
-1.1388 0.273608
-1.13296 0.273605
-1.12712 0.276574
-1.12128 0.279513
-1.11544 0.279448
-1.1096 0.280394
-1.10376 0.282189
-1.09792 0.283899
-1.09208 0.284451
-1.08624 0.285909
-1.0804 0.290152
-1.07456 0.291197
-1.06872 0.292125
-1.06288 0.294308
-1.05704 0.295482
-1.0512 0.297042
-1.04536 0.298559
-1.03952 0.299004
-1.03368 0.299738
-1.02784 0.301314
-1.022 0.303238
-1.01616 0.300784
-1.01032 0.300407
-1.00448 0.303183
-0.99864 0.301663
-0.9928 0.302609
-0.98696 0.303169
-0.98112 0.303684
-0.97528 0.308655
-0.96944 0.304429
-0.9636 0.302645
-0.95776 0.30373
-0.95192 0.304621
-0.94608 0.304761
-0.94024 0.303825
-0.9344 0.304951
-0.92856 0.308005
-0.92272 0.308949
-0.91688 0.307973
-0.91104 0.306984
-0.9052 0.309521
-0.89936 0.308762
-0.89352 0.310291
-0.88768 0.311865
-0.88184 0.31184
-0.876 0.309171
-0.87016 0.310093
-0.86432 0.310899
-0.85848 0.311843
-0.85264 0.313242
-0.8468 0.312955
-0.84096 0.312787
-0.83512 0.312934
-0.82928 0.312466
-0.82344 0.314391
-0.8176 0.313786
-0.81176 0.314429
-0.80592 0.315247
-0.80008 0.314477
-0.79424 0.314273
-0.7884 0.314948
-0.78256 0.315335
-0.77672 0.314954
-0.77088 0.317073
-0.76504 0.317068
-0.7592 0.317194
-0.75336 0.317704
-0.74752 0.318433
-0.74168 0.319561
-0.73584 0.319765
-0.73 0.320416
-0.72416 0.321493
-0.71832 0.321869
-0.71248 0.322664
-0.70664 0.324606
-0.7008 0.325403
-0.69496 0.326282
-0.68912 0.328136
-0.68328 0.329189
-0.67744 0.330533
-0.6716 0.332383
-0.66576 0.33318
-0.65992 0.334647
-0.65408 0.334481
-0.64824 0.335696
-0.6424 0.337703
-0.63656 0.338237
-0.63072 0.339101
-0.62488 0.339541
-0.61904 0.339304
-0.6132 0.339444
-0.60736 0.339621
-0.60152 0.339966
-0.59568 0.339966
-0.58984 0.339966
-0.584 0.339966
-0.57816 0.339966
-0.57232 0.339966
-0.56648 0.339966
-0.56064 0.339966
-0.5548 0.339966
-0.54896 0.339966
-0.54312 0.339966
-0.53728 0.339966
-0.53144 0.339966
-0.5256 0.339966
-0.51976 0.339966
-0.51392 0.339966
-0.50808 0.339966
-0.50224 0.339966
-0.4964 0.339966
-0.49056 0.339966
-0.48472 0.339966
-0.47888 0.339966
-0.47304 0.339966
-0.4672 0.339966
-0.46136 0.339966
-0.45552 0.339966
-0.44968 0.339966
-0.44384 0.339966
-0.438 0.339966
-0.43216 0.339966
-0.42632 0.339966
-0.42048 0.339966
-0.41464 0.339966
-0.4088 0.339966
-0.40296 0.339966
-0.39712 0.339966
-0.39128 0.339966
-0.38544 0.339966
-0.3796 0.339966
-0.37376 0.339966
-0.36792 0.339966
-0.36208 0.339966
-0.35624 0.339966
-0.3504 0.339966
-0.34456 0.339966
-0.33872 0.339966
-0.33288 0.339966
-0.32704 0.339966
-0.3212 0.339966
-0.31536 0.339966
-0.30952 0.339966
-0.30368 0.339966
-0.29784 0.339966
-0.292 0.339966
-0.28616 0.339966
-0.28032 0.339966
-0.27448 0.339966
-0.26864 0.339966
-0.2628 0.339966
-0.25696 0.339966
-0.25112 0.339966
-0.24528 0.339966
-0.23944 0.339966
-0.2336 0.339966
-0.22776 0.339966
-0.22192 0.339966
-0.21608 0.339966
-0.21024 0.339966
-0.2044 0.339966
-0.19856 0.339966
-0.19272 0.339966
-0.18688 0.339966
-0.18104 0.339966
-0.1752 0.339966
-0.16936 0.339966
-0.16352 0.339966
-0.15768 0.339966
-0.15184 0.339966
-0.146 0.339966
-0.14016 0.339966
-0.13432 0.339966
-0.12848 0.339966
-0.12264 0.339966
-0.1168 0.339966
-0.11096 0.339966
-0.10512 0.339966
-0.09928 0.339966
-0.09344 0.339966
-0.0876 0.339966
-0.08176 0.339966
-0.07592 0.339966
-0.07008 0.339966
-0.06424 0.339966
-0.0584 0.339966
-0.05256 0.339966
-0.04672 0.339966
-0.04088 0.339966
-0.03504 0.339966
-0.0292 0.339966
-0.02336 0.339966
-0.01752 0.339966
-0.01168 0.339966
-0.00584 0.339966
