-2.92 0.227187
-2.91416 0.227187
-2.90832 0.227187
-2.90248 0.227187
-2.89664 0.227187
-2.8908 0.227187
-2.88496 0.227187
-2.87912 0.227187
-2.87328 0.227187
-2.86744 0.227187
-2.8616 0.227187
-2.85576 0.227187
-2.84992 0.227187
-2.84408 0.227187
-2.83824 0.227187
-2.8324 0.227187
-2.82656 0.227187
-2.82072 0.227187
-2.81488 0.227187
-2.80904 0.227187
-2.8032 0.227187
-2.79736 0.227187
-2.79152 0.227187
-2.78568 0.227187
-2.77984 0.227187
-2.774 0.227187
-2.76816 0.227187
-2.76232 0.227187
-2.75648 0.227187
-2.75064 0.227187
-2.7448 0.227187
-2.73896 0.227187
-2.73312 0.227187
-2.72728 0.227187
-2.72144 0.227187
-2.7156 0.227187
-2.70976 0.227187
-2.70392 0.227187
-2.69808 0.227187
-2.69224 0.227187
-2.6864 0.227187
-2.68056 0.227187
-2.67472 0.227187
-2.66888 0.227187
-2.66304 0.227187
-2.6572 0.227187
-2.65136 0.227187
-2.64552 0.227187
-2.63968 0.227187
-2.63384 0.227187
-2.628 0.227187
-2.62216 0.227187
-2.61632 0.227187
-2.61048 0.227187
-2.60464 0.227187
-2.5988 0.227187
-2.59296 0.226923
-2.58712 0.226395
-2.58128 0.225866
-2.57544 0.225292
-2.5696 0.224674
-2.56376 0.224057
-2.55792 0.223395
-2.55208 0.222778
-2.54624 0.222028
-2.5404 0.221278
-2.53456 0.220571
-2.52872 0.219733
-2.52288 0.218893
-2.51704 0.217921
-2.5112 0.216948
-2.50536 0.215889
-2.49952 0.214787
-2.49368 0.213727
-2.48784 0.212623
-2.482 0.211562
-2.47616 0.210324
-2.47032 0.209086
-2.46448 0.20785
-2.45864 0.206613
-2.4528 0.20533
-2.44696 0.204048
-2.44112 0.202722
-2.43528 0.201395
-2.42944 0.200156
-2.4236 0.198828
-2.41776 0.197499
-2.41192 0.196125
-2.40608 0.194797
-2.40024 0.193467
-2.3944 0.192049
-2.38856 0.190719
-2.38272 0.189301
-2.37688 0.187927
-2.37104 0.186551
-2.3652 0.185132
-2.35936 0.183714
-2.35352 0.182296
-2.34768 0.180835
-2.34184 0.179459
-2.336 0.177995
-2.33016 0.176535
-2.32432 0.175071
-2.31848 0.173564
-2.31264 0.172144
-2.3068 0.170636
-2.30096 0.169172
-2.29512 0.167664
-2.28928 0.166202
-2.28344 0.164651
-2.2776 0.16323
-2.27176 0.16181
-2.26592 0.160434
-2.26008 0.159013
-2.25424 0.15746
-2.2484 0.155909
-2.24256 0.154401
-2.23672 0.152892
-2.23088 0.151338
-2.22504 0.149829
-2.2192 0.148276
-2.21336 0.146809
-2.20752 0.145299
-2.20168 0.143701
-2.19584 0.142103
-2.19 0.140504
-2.18416 0.138951
-2.17832 0.137397
-2.17248 0.13597
-2.16664 0.134883
-2.1608 0.133626
-2.15496 0.132577
-2.14912 0.131318
-2.14328 0.130186
-2.13744 0.129223
-2.1316 0.128051
-2.12576 0.1273
-2.11992 0.126336
-2.11408 0.125375
-2.10824 0.124795
-2.1024 0.123708
-2.09656 0.123294
-2.09072 0.122375
-2.08488 0.122218
-2.07904 0.12117
-2.0732 0.120802
-2.06736 0.120436
-2.06152 0.120067
-2.05568 0.11877
-2.04984 0.119723
-2.044 0.118766
-2.03816 0.118652
-2.03232 0.117267
-2.02648 0.118468
-2.02064 0.116535
-2.0148 0.116761
-2.00896 0.116352
-2.00312 0.116323
-1.99728 0.115449
-1.99144 0.116064
-1.9856 0.114887
-1.97976 0.115117
-1.97392 0.115979
-1.96808 0.116002
-1.96224 0.115213
-1.9564 0.114677
-1.95056 0.115847
-1.94472 0.115653
-1.93888 0.114477
-1.93304 0.112422
-1.9272 0.111509
-1.92136 0.109531
-1.91552 0.109217
-1.90968 0.108035
-1.90384 0.106664
-1.898 0.104091
-1.89216 0.102549
-1.88632 0.100191
-1.88048 0.0986383
-1.87464 0.0973048
-1.8688 0.0950733
-1.86296 0.0928428
-1.85712 0.0891294
-1.85128 0.0873324
-1.84544 0.0868822
-1.8396 0.0849208
-1.83376 0.0819301
-1.82792 0.0807336
-1.82208 0.0779123
-1.81624 0.0757293
-1.8104 0.0749092
-1.80456 0.0711534
-1.79872 0.0691011
-1.79288 0.067938
-1.78704 0.0647384
-1.7812 0.0619202
-1.77536 0.0599548
-1.76952 0.0581596
-1.76368 0.055939
-1.75784 0.0529539
-1.752 0.0524754
-1.74616 0.0511065
-1.74032 0.0472774
-1.73448 0.0455277
-1.72864 0.0434879
-1.7228 0.0416553
-1.71696 0.0387379
-1.71112 0.0374805
-1.70528 0.0356471
-1.69944 0.032628
-1.6936 0.0316481
-1.68776 0.0290162
-1.68192 0.0268972
-1.67608 0.0248601
-1.67024 0.024863
-1.6644 0.0243084
-1.65856 0.0227028
-1.65272 0.0228813
-1.64688 0.0225538
-1.64104 0.0237902
-1.6352 0.0249491
-1.62936 0.025301
-1.62352 0.024685
-1.61768 0.0276297
-1.61184 0.0277845
-1.606 0.0281499
-1.60016 0.0289757
-1.59432 0.0287267
-1.58848 0.0307695
-1.58264 0.0305738
-1.5768 0.0329565
-1.57096 0.0337376
-1.56512 0.0351972
-1.55928 0.0377625
-1.55344 0.0394374
-1.5476 0.0434427
-1.54176 0.0443624
-1.53592 0.0477466
-1.53008 0.0478546
-1.52424 0.0479961
-1.5184 0.0488364
-1.51256 0.0519296
-1.50672 0.053145
-1.50088 0.0534048
-1.49504 0.0594751
-1.4892 0.0620769
-1.48336 0.0640316
-1.47752 0.0656252
-1.47168 0.0686615
-1.46584 0.0698586
-1.46 0.071427
-1.45416 0.0727017
-1.44832 0.0741058
-1.44248 0.0787053
-1.43664 0.081481
-1.4308 0.0812715
-1.42496 0.0824209
-1.41912 0.0842865
-1.41328 0.0887374
-1.40744 0.089551
-1.4016 0.0916087
-1.39576 0.0932003
-1.38992 0.0942566
-1.38408 0.0931468
-1.37824 0.0952245
-1.3724 0.0965436
-1.36656 0.0983053
-1.36072 0.100449
-1.35488 0.103591
-1.34904 0.104479
-1.3432 0.108324
-1.33736 0.109688
-1.33152 0.111114
-1.32568 0.116789
-1.31984 0.117373
-1.314 0.118389
-1.30816 0.121069
-1.30232 0.119952
-1.29648 0.122761
-1.29064 0.124762
-1.2848 0.127697
-1.27896 0.133483
-1.27312 0.134405
-1.26728 0.135731
-1.26144 0.137005
-1.2556 0.14073
-1.24976 0.14355
-1.24392 0.145429
-1.23808 0.146755
-1.23224 0.147917
-1.2264 0.152695
-1.22056 0.154357
-1.21472 0.157038
-1.20888 0.156338
-1.20304 0.159182
-1.1972 0.160641
-1.19136 0.162809
-1.18552 0.163552
-1.17968 0.16833
-1.17384 0.169677
-1.168 0.169935
-1.16216 0.17203
-1.15632 0.172671
-1.15048 0.17493
-1.14464 0.174437
-1.1388 0.178175
-1.13296 0.179559
-1.12712 0.181852
-1.12128 0.184453
-1.11544 0.186886
-1.1096 0.190027
-1.10376 0.191866
-1.09792 0.19451
-1.09208 0.196508
-1.08624 0.195025
-1.0804 0.196185
-1.07456 0.19947
-1.06872 0.200369
-1.06288 0.201282
-1.05704 0.208844
-1.0512 0.210598
-1.04536 0.213039
-1.03952 0.21422
-1.03368 0.217535
-1.02784 0.218225
-1.022 0.220277
-1.01616 0.221002
-1.01032 0.222114
-1.00448 0.226826
-0.99864 0.228954
-0.9928 0.228082
-0.98696 0.231094
-0.98112 0.232038
-0.97528 0.235053
-0.96944 0.236116
-0.9636 0.238382
-0.95776 0.239317
-0.95192 0.241063
-0.94608 0.240373
-0.94024 0.241272
-0.9344 0.243029
-0.92856 0.244106
-0.92272 0.245543
-0.91688 0.249326
-0.91104 0.250305
-0.9052 0.253876
-0.89936 0.255241
-0.89352 0.256436
-0.88768 0.259668
-0.88184 0.261501
-0.876 0.26094
-0.87016 0.262337
-0.86432 0.261948
-0.85848 0.263696
-0.85264 0.265815
-0.8468 0.266251
-0.84096 0.271529
-0.83512 0.272346
-0.82928 0.272655
-0.82344 0.273971
-0.8176 0.276007
-0.81176 0.277067
-0.80592 0.276784
-0.80008 0.277297
-0.79424 0.278106
-0.7884 0.278748
-0.78256 0.280868
-0.77672 0.281002
-0.77088 0.281263
-0.76504 0.282324
-0.7592 0.282462
-0.75336 0.283905
-0.74752 0.284465
-0.74168 0.285857
-0.73584 0.285651
-0.73 0.286245
-0.72416 0.285238
-0.71832 0.28634
-0.71248 0.287019
-0.70664 0.287858
-0.7008 0.289429
-0.69496 0.289513
-0.68912 0.291158
-0.68328 0.292002
-0.67744 0.292629
-0.6716 0.294527
-0.66576 0.295657
-0.65992 0.296537
-0.65408 0.298176
-0.64824 0.296909
-0.6424 0.298034
-0.63656 0.299028
-0.63072 0.300019
-0.62488 0.300883
-0.61904 0.302621
-0.6132 0.302973
-0.60736 0.303281
-0.60152 0.303119
-0.59568 0.303119
-0.58984 0.303119
-0.584 0.303119
-0.57816 0.303119
-0.57232 0.303119
-0.56648 0.303119
-0.56064 0.303119
-0.5548 0.303119
-0.54896 0.303119
-0.54312 0.303119
-0.53728 0.303119
-0.53144 0.303119
-0.5256 0.303119
-0.51976 0.303119
-0.51392 0.303119
-0.50808 0.303119
-0.50224 0.303119
-0.4964 0.303119
-0.49056 0.303119
-0.48472 0.303119
-0.47888 0.303119
-0.47304 0.303119
-0.4672 0.303119
-0.46136 0.303119
-0.45552 0.303119
-0.44968 0.303119
-0.44384 0.303119
-0.438 0.303119
-0.43216 0.303119
-0.42632 0.303119
-0.42048 0.303119
-0.41464 0.303119
-0.4088 0.303119
-0.40296 0.303119
-0.39712 0.303119
-0.39128 0.303119
-0.38544 0.303119
-0.3796 0.303119
-0.37376 0.303119
-0.36792 0.303119
-0.36208 0.303119
-0.35624 0.303119
-0.3504 0.303119
-0.34456 0.303119
-0.33872 0.303119
-0.33288 0.303119
-0.32704 0.303119
-0.3212 0.303119
-0.31536 0.303119
-0.30952 0.303119
-0.30368 0.303119
-0.29784 0.303119
-0.292 0.303119
-0.28616 0.303119
-0.28032 0.303119
-0.27448 0.303119
-0.26864 0.303119
-0.2628 0.303119
-0.25696 0.303119
-0.25112 0.303119
-0.24528 0.303119
-0.23944 0.303119
-0.2336 0.303119
-0.22776 0.303119
-0.22192 0.303119
-0.21608 0.303119
-0.21024 0.303119
-0.2044 0.303119
-0.19856 0.303119
-0.19272 0.303119
-0.18688 0.303119
-0.18104 0.303119
-0.1752 0.303119
-0.16936 0.303119
-0.16352 0.303119
-0.15768 0.303119
-0.15184 0.303119
-0.146 0.303119
-0.14016 0.303119
-0.13432 0.303119
-0.12848 0.303119
-0.12264 0.303119
-0.1168 0.303119
-0.11096 0.303119
-0.10512 0.303119
-0.09928 0.303119
-0.09344 0.303119
-0.0876 0.303119
-0.08176 0.303119
-0.07592 0.303119
-0.07008 0.303119
-0.06424 0.303119
-0.0584 0.303119
-0.05256 0.303119
-0.04672 0.303119
-0.04088 0.303119
-0.03504 0.303119
-0.0292 0.303119
-0.02336 0.303119
-0.01752 0.303119
-0.01168 0.303119
-0.00584 0.303119
