-2.92 0.210333
-2.91416 0.210333
-2.90832 0.210333
-2.90248 0.210333
-2.89664 0.210333
-2.8908 0.210333
-2.88496 0.210333
-2.87912 0.210333
-2.87328 0.210333
-2.86744 0.210333
-2.8616 0.210333
-2.85576 0.210333
-2.84992 0.210333
-2.84408 0.210333
-2.83824 0.210333
-2.8324 0.210333
-2.82656 0.210333
-2.82072 0.210333
-2.81488 0.210333
-2.80904 0.210333
-2.8032 0.210333
-2.79736 0.210333
-2.79152 0.210333
-2.78568 0.210333
-2.77984 0.210333
-2.774 0.210333
-2.76816 0.210333
-2.76232 0.210333
-2.75648 0.210333
-2.75064 0.210333
-2.7448 0.210333
-2.73896 0.210333
-2.73312 0.210333
-2.72728 0.210333
-2.72144 0.210333
-2.7156 0.210333
-2.70976 0.210333
-2.70392 0.210333
-2.69808 0.210333
-2.69224 0.210333
-2.6864 0.210333
-2.68056 0.210333
-2.67472 0.210333
-2.66888 0.210333
-2.66304 0.210333
-2.6572 0.210333
-2.65136 0.210333
-2.64552 0.210333
-2.63968 0.210333
-2.63384 0.210333
-2.628 0.210333
-2.62216 0.210333
-2.61632 0.210333
-2.61048 0.210333
-2.60464 0.210333
-2.5988 0.210333
-2.59296 0.210287
-2.58712 0.210108
-2.58128 0.209842
-2.57544 0.209489
-2.5696 0.209091
-2.56376 0.208649
-2.55792 0.208165
-2.55208 0.20768
-2.54624 0.207064
-2.5404 0.206404
-2.53456 0.205745
-2.52872 0.204997
-2.52288 0.204162
-2.51704 0.203283
-2.5112 0.202448
-2.50536 0.201569
-2.49952 0.200646
-2.49368 0.199766
-2.48784 0.198845
-2.482 0.197881
-2.47616 0.196826
-2.47032 0.195772
-2.46448 0.194718
-2.45864 0.19362
-2.4528 0.192522
-2.44696 0.191468
-2.44112 0.19037
-2.43528 0.189272
-2.42944 0.188175
-2.4236 0.187033
-2.41776 0.185934
-2.41192 0.184792
-2.40608 0.183651
-2.40024 0.182464
-2.3944 0.181234
-2.38856 0.180048
-2.38272 0.178817
-2.37688 0.177587
-2.37104 0.176268
-2.3652 0.174993
-2.35936 0.173672
-2.35352 0.172308
-2.34768 0.170985
-2.34184 0.169575
-2.336 0.168165
-2.33016 0.166799
-2.32432 0.165389
-2.31848 0.163936
-2.31264 0.162527
-2.3068 0.161074
-2.30096 0.159664
-2.29512 0.158342
-2.28928 0.156977
-2.28344 0.155524
-2.2776 0.154158
-2.27176 0.152748
-2.26592 0.15134
-2.26008 0.149977
-2.25424 0.148567
-2.2484 0.147114
-2.24256 0.145704
-2.23672 0.14425
-2.23088 0.142797
-2.22504 0.141388
-2.2192 0.139892
-2.21336 0.138438
-2.20752 0.136942
-2.20168 0.135357
-2.19584 0.133816
-2.19 0.132275
-2.18416 0.130736
-2.17832 0.129108
-2.17248 0.127652
-2.16664 0.126574
-2.1608 0.125459
-2.15496 0.124042
-2.14912 0.123217
-2.14328 0.122397
-2.13744 0.121446
-2.1316 0.120581
-2.12576 0.119419
-2.11992 0.118381
-2.11408 0.118404
-2.10824 0.118175
-2.1024 0.116884
-2.09656 0.116146
-2.09072 0.114895
-2.08488 0.115302
-2.07904 0.113928
-2.0732 0.112895
-2.06736 0.114533
-2.06152 0.113624
-2.05568 0.113269
-2.04984 0.111639
-2.044 0.111414
-2.03816 0.111566
-2.03232 0.111633
-2.02648 0.110474
-2.02064 0.110374
-2.0148 0.109381
-2.00896 0.109961
-2.00312 0.110158
-1.99728 0.108533
-1.99144 0.109197
-1.9856 0.109735
-1.97976 0.10955
-1.97392 0.110726
-1.96808 0.109017
-1.96224 0.109894
-1.9564 0.109292
-1.95056 0.108481
-1.94472 0.109318
-1.93888 0.108507
-1.93304 0.109811
-1.9272 0.106236
-1.92136 0.104026
-1.91552 0.103844
-1.90968 0.102481
-1.90384 0.10086
-1.898 0.0976639
-1.89216 0.0954063
-1.88632 0.096419
-1.88048 0.095218
-1.87464 0.0913057
-1.8688 0.0913405
-1.86296 0.0880614
-1.85712 0.0860144
-1.85128 0.0838059
-1.84544 0.0821422
-1.8396 0.079627
-1.83376 0.0770727
-1.82792 0.0759634
-1.82208 0.0733276
-1.81624 0.0702698
-1.8104 0.0683567
-1.80456 0.0651704
-1.79872 0.0643136
-1.79288 0.0615203
-1.78704 0.0592706
-1.7812 0.0575299
-1.77536 0.0544735
-1.76952 0.0540998
-1.76368 0.0515145
-1.75784 0.0494354
-1.752 0.0467673
-1.74616 0.0446544
-1.74032 0.0425386
-1.73448 0.0403362
-1.72864 0.0378405
-1.7228 0.0355978
-1.71696 0.0339035
-1.71112 0.0321295
-1.70528 0.0309037
-1.69944 0.0270516
-1.6936 0.0265113
-1.68776 0.0255031
-1.68192 0.0219479
-1.67608 0.0212782
-1.67024 0.0201831
-1.6644 0.018584
-1.65856 0.0181272
-1.65272 0.0184761
-1.64688 0.0181085
-1.64104 0.0183359
-1.6352 0.0185721
-1.62936 0.0207932
-1.62352 0.0213238
-1.61768 0.0237231
-1.61184 0.0224829
-1.606 0.0233663
-1.60016 0.0254744
-1.59432 0.0255237
-1.58848 0.0273518
-1.58264 0.0270307
-1.5768 0.0281432
-1.57096 0.0304939
-1.56512 0.0324626
-1.55928 0.0323576
-1.55344 0.0328475
-1.5476 0.0375676
-1.54176 0.0388666
-1.53592 0.0421988
-1.53008 0.0440972
-1.52424 0.042885
-1.5184 0.0459685
-1.51256 0.0468504
-1.50672 0.0492602
-1.50088 0.0507452
-1.49504 0.0559049
-1.4892 0.0557346
-1.48336 0.0597924
-1.47752 0.061953
-1.47168 0.0638209
-1.46584 0.0642057
-1.46 0.066278
-1.45416 0.069125
-1.44832 0.0703114
-1.44248 0.0718466
-1.43664 0.0732319
-1.4308 0.0755779
-1.42496 0.0784147
-1.41912 0.0800197
-1.41328 0.0818517
-1.40744 0.0856692
-1.4016 0.0860719
-1.39576 0.0862135
-1.38992 0.0884671
-1.38408 0.0880729
-1.37824 0.0895108
-1.3724 0.0912524
-1.36656 0.0915808
-1.36072 0.0932649
-1.35488 0.096835
-1.34904 0.0990853
-1.3432 0.100292
-1.33736 0.104117
-1.33152 0.105071
-1.32568 0.109791
-1.31984 0.111482
-1.314 0.110178
-1.30816 0.115844
-1.30232 0.11471
-1.29648 0.116542
-1.29064 0.119029
-1.2848 0.121097
-1.27896 0.127034
-1.27312 0.127276
-1.26728 0.12974
-1.26144 0.13287
-1.2556 0.135422
-1.24976 0.137082
-1.24392 0.139521
-1.23808 0.141208
-1.23224 0.141483
-1.2264 0.142178
-1.22056 0.146788
-1.21472 0.148971
-1.20888 0.150126
-1.20304 0.154136
-1.1972 0.154147
-1.19136 0.157174
-1.18552 0.160234
-1.17968 0.162651
-1.17384 0.163791
-1.168 0.164194
-1.16216 0.164945
-1.15632 0.165766
-1.15048 0.168487
-1.14464 0.168675
-1.1388 0.171333
-1.13296 0.174482
-1.12712 0.178224
-1.12128 0.178375
-1.11544 0.179824
-1.1096 0.184801
-1.10376 0.186592
-1.09792 0.190088
-1.09208 0.192869
-1.08624 0.190588
-1.0804 0.192853
-1.07456 0.194092
-1.06872 0.197874
-1.06288 0.198879
-1.05704 0.205179
-1.0512 0.206054
-1.04536 0.209749
-1.03952 0.212393
-1.03368 0.213972
-1.02784 0.214117
-1.022 0.21642
-1.01616 0.21979
-1.01032 0.220658
-1.00448 0.2222
-0.99864 0.223735
-0.9928 0.226466
-0.98696 0.228344
-0.98112 0.230049
-0.97528 0.23261
-0.96944 0.235164
-0.9636 0.236361
-0.95776 0.236764
-0.95192 0.238985
-0.94608 0.237496
-0.94024 0.239496
-0.9344 0.241334
-0.92856 0.242284
-0.92272 0.243569
-0.91688 0.246633
-0.91104 0.248163
-0.9052 0.248694
-0.89936 0.252185
-0.89352 0.253043
-0.88768 0.257756
-0.88184 0.258956
-0.876 0.257127
-0.87016 0.261776
-0.86432 0.259753
-0.85848 0.260778
-0.85264 0.262668
-0.8468 0.264408
-0.84096 0.26901
-0.83512 0.268985
-0.82928 0.269754
-0.82344 0.271499
-0.8176 0.272484
-0.81176 0.273845
-0.80592 0.27372
-0.80008 0.274623
-0.79424 0.274372
-0.7884 0.274507
-0.78256 0.276707
-0.77672 0.276844
-0.77088 0.277517
-0.76504 0.279219
-0.7592 0.278461
-0.75336 0.279179
-0.74752 0.280795
-0.74168 0.281429
-0.73584 0.281352
-0.73 0.282412
-0.72416 0.2812
-0.71832 0.28171
-0.71248 0.282477
-0.70664 0.282942
-0.7008 0.283743
-0.69496 0.2848
-0.68912 0.285474
-0.68328 0.286571
-0.67744 0.287493
-0.6716 0.289265
-0.66576 0.290232
-0.65992 0.291317
-0.65408 0.292532
-0.64824 0.29131
-0.6424 0.292307
-0.63656 0.293214
-0.63072 0.294077
-0.62488 0.294854
-0.61904 0.29651
-0.6132 0.297029
-0.60736 0.297171
-0.60152 0.297096
-0.59568 0.297096
-0.58984 0.297096
-0.584 0.297096
-0.57816 0.297096
-0.57232 0.297096
-0.56648 0.297096
-0.56064 0.297096
-0.5548 0.297096
-0.54896 0.297096
-0.54312 0.297096
-0.53728 0.297096
-0.53144 0.297096
-0.5256 0.297096
-0.51976 0.297096
-0.51392 0.297096
-0.50808 0.297096
-0.50224 0.297096
-0.4964 0.297096
-0.49056 0.297096
-0.48472 0.297096
-0.47888 0.297096
-0.47304 0.297096
-0.4672 0.297096
-0.46136 0.297096
-0.45552 0.297096
-0.44968 0.297096
-0.44384 0.297096
-0.438 0.297096
-0.43216 0.297096
-0.42632 0.297096
-0.42048 0.297096
-0.41464 0.297096
-0.4088 0.297096
-0.40296 0.297096
-0.39712 0.297096
-0.39128 0.297096
-0.38544 0.297096
-0.3796 0.297096
-0.37376 0.297096
-0.36792 0.297096
-0.36208 0.297096
-0.35624 0.297096
-0.3504 0.297096
-0.34456 0.297096
-0.33872 0.297096
-0.33288 0.297096
-0.32704 0.297096
-0.3212 0.297096
-0.31536 0.297096
-0.30952 0.297096
-0.30368 0.297096
-0.29784 0.297096
-0.292 0.297096
-0.28616 0.297096
-0.28032 0.297096
-0.27448 0.297096
-0.26864 0.297096
-0.2628 0.297096
-0.25696 0.297096
-0.25112 0.297096
-0.24528 0.297096
-0.23944 0.297096
-0.2336 0.297096
-0.22776 0.297096
-0.22192 0.297096
-0.21608 0.297096
-0.21024 0.297096
-0.2044 0.297096
-0.19856 0.297096
-0.19272 0.297096
-0.18688 0.297096
-0.18104 0.297096
-0.1752 0.297096
-0.16936 0.297096
-0.16352 0.297096
-0.15768 0.297096
-0.15184 0.297096
-0.146 0.297096
-0.14016 0.297096
-0.13432 0.297096
-0.12848 0.297096
-0.12264 0.297096
-0.1168 0.297096
-0.11096 0.297096
-0.10512 0.297096
-0.09928 0.297096
-0.09344 0.297096
-0.0876 0.297096
-0.08176 0.297096
-0.07592 0.297096
-0.07008 0.297096
-0.06424 0.297096
-0.0584 0.297096
-0.05256 0.297096
-0.04672 0.297096
-0.04088 0.297096
-0.03504 0.297096
-0.0292 0.297096
-0.02336 0.297096
-0.01752 0.297096
-0.01168 0.297096
-0.00584 0.297096
