-2.92 0.226447
-2.91416 0.226447
-2.90832 0.226447
-2.90248 0.226447
-2.89664 0.226447
-2.8908 0.226447
-2.88496 0.226447
-2.87912 0.226447
-2.87328 0.226447
-2.86744 0.226447
-2.8616 0.226447
-2.85576 0.226447
-2.84992 0.226447
-2.84408 0.226447
-2.83824 0.226447
-2.8324 0.226447
-2.82656 0.226447
-2.82072 0.226447
-2.81488 0.226447
-2.80904 0.226447
-2.8032 0.226447
-2.79736 0.226447
-2.79152 0.226447
-2.78568 0.226447
-2.77984 0.226447
-2.774 0.226447
-2.76816 0.226447
-2.76232 0.226447
-2.75648 0.226447
-2.75064 0.226447
-2.7448 0.226447
-2.73896 0.226447
-2.73312 0.226447
-2.72728 0.226447
-2.72144 0.226447
-2.7156 0.226447
-2.70976 0.226447
-2.70392 0.226447
-2.69808 0.226447
-2.69224 0.226447
-2.6864 0.226447
-2.68056 0.226447
-2.67472 0.226447
-2.66888 0.226447
-2.66304 0.226447
-2.6572 0.226447
-2.65136 0.226447
-2.64552 0.226447
-2.63968 0.226447
-2.63384 0.226447
-2.628 0.226447
-2.62216 0.226447
-2.61632 0.226447
-2.61048 0.226447
-2.60464 0.226447
-2.5988 0.226447
-2.59296 0.226139
-2.58712 0.225698
-2.58128 0.225127
-2.57544 0.224466
-2.5696 0.223761
-2.56376 0.223011
-2.55792 0.222261
-2.55208 0.221468
-2.54624 0.220719
-2.5404 0.219926
-2.53456 0.219089
-2.52872 0.218208
-2.52288 0.21737
-2.51704 0.216531
-2.5112 0.215693
-2.50536 0.214811
-2.49952 0.213838
-2.49368 0.212909
-2.48784 0.211981
-2.482 0.211273
-2.47616 0.210212
-2.47032 0.209149
-2.46448 0.208087
-2.45864 0.206936
-2.4528 0.205784
-2.44696 0.204588
-2.44112 0.203393
-2.43528 0.202198
-2.42944 0.200962
-2.4236 0.19968
-2.41776 0.198398
-2.41192 0.197159
-2.40608 0.195833
-2.40024 0.194551
-2.3944 0.193181
-2.38856 0.191812
-2.38272 0.190441
-2.37688 0.189071
-2.37104 0.187656
-2.3652 0.186242
-2.35936 0.184827
-2.35352 0.183367
-2.34768 0.181908
-2.34184 0.180405
-2.336 0.178859
-2.33016 0.177356
-2.32432 0.175941
-2.31848 0.174352
-2.31264 0.172762
-2.3068 0.171217
-2.30096 0.169714
-2.29512 0.168256
-2.28928 0.166756
-2.28344 0.165165
-2.2776 0.163574
-2.27176 0.162116
-2.26592 0.160658
-2.26008 0.159331
-2.25424 0.157784
-2.2484 0.156193
-2.24256 0.154647
-2.23672 0.153055
-2.23088 0.151463
-2.22504 0.149871
-2.2192 0.148279
-2.21336 0.146689
-2.20752 0.145142
-2.20168 0.143507
-2.19584 0.141915
-2.19 0.140324
-2.18416 0.138732
-2.17832 0.137141
-2.17248 0.135677
-2.16664 0.134466
-2.1608 0.13334
-2.15496 0.131999
-2.14912 0.131124
-2.14328 0.129828
-2.13744 0.128954
-2.1316 0.128546
-2.12576 0.12657
-2.11992 0.126243
-2.11408 0.125328
-2.10824 0.125176
-2.1024 0.12333
-2.09656 0.123131
-2.09072 0.122046
-2.08488 0.121685
-2.07904 0.121279
-2.0732 0.121001
-2.06736 0.120683
-2.06152 0.120317
-2.05568 0.118763
-2.04984 0.119464
-2.044 0.119022
-2.03816 0.11913
-2.03232 0.117833
-2.02648 0.117809
-2.02064 0.118932
-2.0148 0.116486
-2.00896 0.117184
-2.00312 0.117162
-1.99728 0.117057
-1.99144 0.116061
-1.9856 0.116803
-1.97976 0.115594
-1.97392 0.117398
-1.96808 0.117506
-1.96224 0.116685
-1.9564 0.114962
-1.95056 0.114098
-1.94472 0.116327
-1.93888 0.115377
-1.93304 0.114633
-1.9272 0.114782
-1.92136 0.112769
-1.91552 0.110161
-1.90968 0.10819
-1.90384 0.107323
-1.898 0.105604
-1.89216 0.102999
-1.88632 0.101791
-1.88048 0.0999949
-1.87464 0.0982335
-1.8688 0.0963937
-1.86296 0.0933203
-1.85712 0.0925814
-1.85128 0.0893423
-1.84544 0.0881771
-1.8396 0.0844236
-1.83376 0.0819493
-1.82792 0.0790067
-1.82208 0.077558
-1.81624 0.0758434
-1.8104 0.0729396
-1.80456 0.0715304
-1.79872 0.0688832
-1.79288 0.0653082
-1.78704 0.0638093
-1.7812 0.0623569
-1.77536 0.0588243
-1.76952 0.0576275
-1.76368 0.0543461
-1.75784 0.0512855
-1.752 0.049581
-1.74616 0.0476202
-1.74032 0.045279
-1.73448 0.0422997
-1.72864 0.0403402
-1.7228 0.0383434
-1.71696 0.0359965
-1.71112 0.0351537
-1.70528 0.031968
-1.69944 0.0298483
-1.6936 0.0281552
-1.68776 0.0266727
-1.68192 0.0247246
-1.67608 0.0234998
-1.67024 0.0219397
-1.6644 0.021604
-1.65856 0.0212253
-1.65272 0.0196606
-1.64688 0.0200961
-1.64104 0.0198486
-1.6352 0.0207908
-1.62936 0.0210595
-1.62352 0.02086
-1.61768 0.0223563
-1.61184 0.0237708
-1.606 0.0235976
-1.60016 0.0243815
-1.59432 0.0248956
-1.58848 0.0267324
-1.58264 0.0261103
-1.5768 0.0276477
-1.57096 0.0294477
-1.56512 0.0303979
-1.55928 0.0315195
-1.55344 0.0326911
-1.5476 0.0369446
-1.54176 0.0379415
-1.53592 0.0402102
-1.53008 0.0415153
-1.52424 0.0405993
-1.5184 0.0427399
-1.51256 0.0442899
-1.50672 0.0452625
-1.50088 0.0461883
-1.49504 0.0499714
-1.4892 0.0532666
-1.48336 0.0538565
-1.47752 0.0544853
-1.47168 0.057112
-1.46584 0.0581859
-1.46 0.0590191
-1.45416 0.0615983
-1.44832 0.0636323
-1.44248 0.0665444
-1.43664 0.0671121
-1.4308 0.069572
-1.42496 0.0728877
-1.41912 0.0731947
-1.41328 0.0759821
-1.40744 0.0771325
-1.4016 0.0797646
-1.39576 0.0800047
-1.38992 0.082888
-1.38408 0.0816024
-1.37824 0.0840248
-1.3724 0.0852617
-1.36656 0.0863393
-1.36072 0.0880444
-1.35488 0.0903836
-1.34904 0.0920134
-1.3432 0.095371
-1.33736 0.0974065
-1.33152 0.0989586
-1.32568 0.102319
-1.31984 0.105244
-1.314 0.10495
-1.30816 0.108405
-1.30232 0.106991
-1.29648 0.109779
-1.29064 0.111569
-1.2848 0.11322
-1.27896 0.120318
-1.27312 0.120116
-1.26728 0.123032
-1.26144 0.125836
-1.2556 0.126003
-1.24976 0.130494
-1.24392 0.131691
-1.23808 0.132505
-1.23224 0.135413
-1.2264 0.137129
-1.22056 0.139516
-1.21472 0.139904
-1.20888 0.143899
-1.20304 0.144336
-1.1972 0.146637
-1.19136 0.148731
-1.18552 0.148793
-1.17968 0.152122
-1.17384 0.154593
-1.168 0.154613
-1.16216 0.153761
-1.15632 0.156239
-1.15048 0.158542
-1.14464 0.158818
-1.1388 0.160567
-1.13296 0.163465
-1.12712 0.165443
-1.12128 0.167573
-1.11544 0.1692
-1.1096 0.173781
-1.10376 0.175329
-1.09792 0.177299
-1.09208 0.18077
-1.08624 0.177248
-1.0804 0.180734
-1.07456 0.182314
-1.06872 0.182722
-1.06288 0.185148
-1.05704 0.190405
-1.0512 0.192952
-1.04536 0.193743
-1.03952 0.194724
-1.03368 0.197463
-1.02784 0.198038
-1.022 0.199698
-1.01616 0.201873
-1.01032 0.204013
-1.00448 0.207114
-0.99864 0.207689
-0.9928 0.209733
-0.98696 0.213142
-0.98112 0.21321
-0.97528 0.215752
-0.96944 0.21713
-0.9636 0.21913
-0.95776 0.219406
-0.95192 0.22145
-0.94608 0.219795
-0.94024 0.222311
-0.9344 0.223802
-0.92856 0.224082
-0.92272 0.225664
-0.91688 0.227874
-0.91104 0.22912
-0.9052 0.231759
-0.89936 0.233969
-0.89352 0.234708
-0.88768 0.23777
-0.88184 0.239784
-0.876 0.23816
-0.87016 0.242641
-0.86432 0.240022
-0.85848 0.241647
-0.85264 0.242796
-0.8468 0.244258
-0.84096 0.249329
-0.83512 0.249855
-0.82928 0.250706
-0.82344 0.252248
-0.8176 0.252384
-0.81176 0.254767
-0.80592 0.254404
-0.80008 0.254579
-0.79424 0.255822
-0.7884 0.256633
-0.78256 0.256477
-0.77672 0.256867
-0.77088 0.258856
-0.76504 0.259163
-0.7592 0.259341
-0.75336 0.259516
-0.74752 0.260443
-0.74168 0.261039
-0.73584 0.261717
-0.73 0.261673
-0.72416 0.259528
-0.71832 0.260578
-0.71248 0.26113
-0.70664 0.261888
-0.7008 0.262301
-0.69496 0.262292
-0.68912 0.263083
-0.68328 0.263617
-0.67744 0.263741
-0.6716 0.265457
-0.66576 0.265822
-0.65992 0.266189
-0.65408 0.267697
-0.64824 0.266219
-0.6424 0.267003
-0.63656 0.267699
-0.63072 0.268264
-0.62488 0.268874
-0.61904 0.270026
-0.6132 0.270378
-0.60736 0.270642
-0.60152 0.270275
-0.59568 0.270275
-0.58984 0.270275
-0.584 0.270275
-0.57816 0.270275
-0.57232 0.270275
-0.56648 0.270275
-0.56064 0.270275
-0.5548 0.270275
-0.54896 0.270275
-0.54312 0.270275
-0.53728 0.270275
-0.53144 0.270275
-0.5256 0.270275
-0.51976 0.270275
-0.51392 0.270275
-0.50808 0.270275
-0.50224 0.270275
-0.4964 0.270275
-0.49056 0.270275
-0.48472 0.270275
-0.47888 0.270275
-0.47304 0.270275
-0.4672 0.270275
-0.46136 0.270275
-0.45552 0.270275
-0.44968 0.270275
-0.44384 0.270275
-0.438 0.270275
-0.43216 0.270275
-0.42632 0.270275
-0.42048 0.270275
-0.41464 0.270275
-0.4088 0.270275
-0.40296 0.270275
-0.39712 0.270275
-0.39128 0.270275
-0.38544 0.270275
-0.3796 0.270275
-0.37376 0.270275
-0.36792 0.270275
-0.36208 0.270275
-0.35624 0.270275
-0.3504 0.270275
-0.34456 0.270275
-0.33872 0.270275
-0.33288 0.270275
-0.32704 0.270275
-0.3212 0.270275
-0.31536 0.270275
-0.30952 0.270275
-0.30368 0.270275
-0.29784 0.270275
-0.292 0.270275
-0.28616 0.270275
-0.28032 0.270275
-0.27448 0.270275
-0.26864 0.270275
-0.2628 0.270275
-0.25696 0.270275
-0.25112 0.270275
-0.24528 0.270275
-0.23944 0.270275
-0.2336 0.270275
-0.22776 0.270275
-0.22192 0.270275
-0.21608 0.270275
-0.21024 0.270275
-0.2044 0.270275
-0.19856 0.270275
-0.19272 0.270275
-0.18688 0.270275
-0.18104 0.270275
-0.1752 0.270275
-0.16936 0.270275
-0.16352 0.270275
-0.15768 0.270275
-0.15184 0.270275
-0.146 0.270275
-0.14016 0.270275
-0.13432 0.270275
-0.12848 0.270275
-0.12264 0.270275
-0.1168 0.270275
-0.11096 0.270275
-0.10512 0.270275
-0.09928 0.270275
-0.09344 0.270275
-0.0876 0.270275
-0.08176 0.270275
-0.07592 0.270275
-0.07008 0.270275
-0.06424 0.270275
-0.0584 0.270275
-0.05256 0.270275
-0.04672 0.270275
-0.04088 0.270275
-0.03504 0.270275
-0.0292 0.270275
-0.02336 0.270275
-0.01752 0.270275
-0.01168 0.270275
-0.00584 0.270275
