-2.92 0.255305
-2.91416 0.255305
-2.90832 0.255305
-2.90248 0.255305
-2.89664 0.255305
-2.8908 0.255305
-2.88496 0.255305
-2.87912 0.255305
-2.87328 0.255305
-2.86744 0.255305
-2.8616 0.255305
-2.85576 0.255305
-2.84992 0.255305
-2.84408 0.255305
-2.83824 0.255305
-2.8324 0.255305
-2.82656 0.255305
-2.82072 0.255305
-2.81488 0.255305
-2.80904 0.255305
-2.8032 0.255305
-2.79736 0.255305
-2.79152 0.255305
-2.78568 0.255305
-2.77984 0.255305
-2.774 0.255305
-2.76816 0.255305
-2.76232 0.255305
-2.75648 0.255305
-2.75064 0.255305
-2.7448 0.255305
-2.73896 0.255305
-2.73312 0.255305
-2.72728 0.255305
-2.72144 0.255305
-2.7156 0.255305
-2.70976 0.255305
-2.70392 0.255305
-2.69808 0.255305
-2.69224 0.255305
-2.6864 0.255305
-2.68056 0.255305
-2.67472 0.255305
-2.66888 0.255305
-2.66304 0.255305
-2.6572 0.255305
-2.65136 0.255305
-2.64552 0.255305
-2.63968 0.255305
-2.63384 0.255305
-2.628 0.255305
-2.62216 0.255305
-2.61632 0.255305
-2.61048 0.255305
-2.60464 0.255305
-2.5988 0.255305
-2.59296 0.255129
-2.58712 0.25469
-2.58128 0.254163
-2.57544 0.253591
-2.5696 0.252976
-2.56376 0.25223
-2.55792 0.251483
-2.55208 0.250692
-2.54624 0.249945
-2.5404 0.249155
-2.53456 0.248363
-2.52872 0.247395
-2.52288 0.246382
-2.51704 0.245368
-2.5112 0.244311
-2.50536 0.243252
-2.49952 0.242193
-2.49368 0.241135
-2.48784 0.239987
-2.482 0.238973
-2.47616 0.237782
-2.47032 0.236548
-2.46448 0.235314
-2.45864 0.234035
-2.4528 0.232756
-2.44696 0.231521
-2.44112 0.230242
-2.43528 0.228917
-2.42944 0.227593
-2.4236 0.226224
-2.41776 0.224855
-2.41192 0.223486
-2.40608 0.222031
-2.40024 0.220618
-2.3944 0.219118
-2.38856 0.217707
-2.38272 0.216205
-2.37688 0.214704
-2.37104 0.213115
-2.3652 0.21157
-2.35936 0.210022
-2.35352 0.208431
-2.34768 0.206798
-2.34184 0.205208
-2.336 0.20353
-2.33016 0.201808
-2.32432 0.200176
-2.31848 0.198497
-2.31264 0.196818
-2.3068 0.195052
-2.30096 0.19329
-2.29512 0.191529
-2.28928 0.189811
-2.28344 0.188093
-2.2776 0.186373
-2.27176 0.184654
-2.26592 0.18289
-2.26008 0.181213
-2.25424 0.179362
-2.2484 0.17751
-2.24256 0.175659
-2.23672 0.173768
-2.23088 0.171876
-2.22504 0.170073
-2.2192 0.168182
-2.21336 0.166333
-2.20752 0.164486
-2.20168 0.162594
-2.19584 0.160789
-2.19 0.158897
-2.18416 0.15705
-2.17832 0.155201
-2.17248 0.153398
-2.16664 0.15155
-2.1608 0.149701
-2.15496 0.147853
-2.14912 0.145962
-2.14328 0.144112
-2.13744 0.142219
-2.1316 0.140328
-2.12576 0.138606
-2.11992 0.136671
-2.11408 0.134903
-2.10824 0.132841
-2.1024 0.130994
-2.09656 0.129143
-2.09072 0.127249
-2.08488 0.125393
-2.07904 0.123542
-2.0732 0.121607
-2.06736 0.119716
-2.06152 0.118039
-2.05568 0.116571
-2.04984 0.114298
-2.044 0.112664
-2.03816 0.11077
-2.03232 0.108833
-2.02648 0.10753
-2.02064 0.105132
-2.0148 0.103746
-2.00896 0.101773
-2.00312 0.0997963
-1.99728 0.098285
-1.99144 0.0966042
-1.9856 0.0949698
-1.97976 0.0939686
-1.97392 0.0930477
-1.96808 0.0914569
-1.96224 0.0915524
-1.9564 0.0905012
-1.95056 0.0895883
-1.94472 0.0892226
-1.93888 0.0879712
-1.93304 0.0870443
-1.9272 0.0874848
-1.92136 0.0863503
-1.91552 0.0859387
-1.90968 0.0850599
-1.90384 0.0846057
-1.898 0.0849947
-1.89216 0.084164
-1.88632 0.0844287
-1.88048 0.0836899
-1.87464 0.0830732
-1.8688 0.0836269
-1.86296 0.0843975
-1.85712 0.0824715
-1.85128 0.082653
-1.84544 0.0828431
-1.8396 0.0828671
-1.83376 0.0826567
-1.82792 0.0837225
-1.82208 0.0853174
-1.81624 0.0835134
-1.8104 0.0837442
-1.80456 0.0844086
-1.79872 0.0859432
-1.79288 0.085922
-1.78704 0.0847271
-1.7812 0.0840351
-1.77536 0.0842295
-1.76952 0.0851395
-1.76368 0.0881201
-1.75784 0.0876433
-1.752 0.0864472
-1.74616 0.0888445
-1.74032 0.0892464
-1.73448 0.0895056
-1.72864 0.0905796
-1.7228 0.0917206
-1.71696 0.090325
-1.71112 0.0938516
-1.70528 0.0942718
-1.69944 0.0950295
-1.6936 0.0950573
-1.68776 0.0952544
-1.68192 0.0964621
-1.67608 0.0978625
-1.67024 0.0956786
-1.6644 0.0982096
-1.65856 0.0982135
-1.65272 0.0987852
-1.64688 0.0994416
-1.64104 0.101112
-1.6352 0.100963
-1.62936 0.0994725
-1.62352 0.100742
-1.61768 0.101345
-1.61184 0.103545
-1.606 0.107277
-1.60016 0.106308
-1.59432 0.108573
-1.58848 0.111056
-1.58264 0.112851
-1.5768 0.113755
-1.57096 0.117502
-1.56512 0.115185
-1.55928 0.118376
-1.55344 0.123997
-1.5476 0.124478
-1.54176 0.126248
-1.53592 0.127462
-1.53008 0.127419
-1.52424 0.1314
-1.5184 0.133472
-1.51256 0.135787
-1.50672 0.137435
-1.50088 0.139828
-1.49504 0.142785
-1.4892 0.147028
-1.48336 0.147705
-1.47752 0.146909
-1.47168 0.153336
-1.46584 0.148051
-1.46 0.157264
-1.45416 0.158794
-1.44832 0.161409
-1.44248 0.163768
-1.43664 0.163847
-1.4308 0.165751
-1.42496 0.172317
-1.41912 0.170793
-1.41328 0.176456
-1.40744 0.1753
-1.4016 0.177582
-1.39576 0.180876
-1.38992 0.181251
-1.38408 0.187851
-1.37824 0.189306
-1.3724 0.191345
-1.36656 0.194011
-1.36072 0.193777
-1.35488 0.195478
-1.34904 0.193964
-1.3432 0.193766
-1.33736 0.197846
-1.33152 0.203292
-1.32568 0.2071
-1.31984 0.207227
-1.314 0.209834
-1.30816 0.210266
-1.30232 0.213875
-1.29648 0.216562
-1.29064 0.217339
-1.2848 0.219919
-1.27896 0.219659
-1.27312 0.22474
-1.26728 0.225871
-1.26144 0.223933
-1.2556 0.224467
-1.24976 0.228066
-1.24392 0.230771
-1.23808 0.230919
-1.23224 0.232236
-1.2264 0.23637
-1.22056 0.235775
-1.21472 0.237441
-1.20888 0.239729
-1.20304 0.243073
-1.1972 0.244153
-1.19136 0.244089
-1.18552 0.246502
-1.17968 0.249355
-1.17384 0.251982
-1.168 0.256171
-1.16216 0.255636
-1.15632 0.256772
-1.15048 0.258931
-1.14464 0.260336
-1.1388 0.261083
-1.13296 0.263006
-1.12712 0.26067
-1.12128 0.263538
-1.11544 0.268519
-1.1096 0.268771
-1.10376 0.26784
-1.09792 0.270192
-1.09208 0.269572
-1.08624 0.271263
-1.0804 0.271711
-1.07456 0.274999
-1.06872 0.276104
-1.06288 0.276281
-1.05704 0.278471
-1.0512 0.280557
-1.04536 0.27817
-1.03952 0.278289
-1.03368 0.282589
-1.02784 0.275297
-1.022 0.28005
-1.01616 0.279686
-1.01032 0.280239
-1.00448 0.280606
-0.99864 0.278129
-0.9928 0.277802
-0.98696 0.282195
-0.98112 0.278307
-0.97528 0.281501
-0.96944 0.279157
-0.9636 0.27818
-0.95776 0.28077
-0.95192 0.277844
-0.94608 0.282468
-0.94024 0.281387
-0.9344 0.28013
-0.92856 0.280665
-0.92272 0.279341
-0.91688 0.280034
-0.91104 0.276846
-0.9052 0.277018
-0.89936 0.277722
-0.89352 0.28023
-0.88768 0.280287
-0.88184 0.280776
-0.876 0.280342
-0.87016 0.278728
-0.86432 0.279702
-0.85848 0.280475
-0.85264 0.280914
-0.8468 0.281563
-0.84096 0.281116
-0.83512 0.280329
-0.82928 0.281016
-0.82344 0.278512
-0.8176 0.27988
-0.81176 0.280485
-0.80592 0.281011
-0.80008 0.281656
-0.79424 0.280616
-0.7884 0.28156
-0.78256 0.282368
-0.77672 0.281708
-0.77088 0.281857
-0.76504 0.283466
-0.7592 0.283518
-0.75336 0.283402
-0.74752 0.284343
-0.74168 0.284819
-0.73584 0.285846
-0.73 0.286316
-0.72416 0.287593
-0.71832 0.288614
-0.71248 0.289211
-0.70664 0.289685
-0.7008 0.29125
-0.69496 0.291973
-0.68912 0.292275
-0.68328 0.293714
-0.67744 0.296499
-0.6716 0.297807
-0.66576 0.298816
-0.65992 0.299492
-0.65408 0.299579
-0.64824 0.300291
-0.6424 0.301965
-0.63656 0.303173
-0.63072 0.30408
-0.62488 0.304064
-0.61904 0.304086
-0.6132 0.30402
-0.60736 0.30374
-0.60152 0.304216
-0.59568 0.304216
-0.58984 0.304216
-0.584 0.304216
-0.57816 0.304216
-0.57232 0.304216
-0.56648 0.304216
-0.56064 0.304216
-0.5548 0.304216
-0.54896 0.304216
-0.54312 0.304216
-0.53728 0.304216
-0.53144 0.304216
-0.5256 0.304216
-0.51976 0.304216
-0.51392 0.304216
-0.50808 0.304216
-0.50224 0.304216
-0.4964 0.304216
-0.49056 0.304216
-0.48472 0.304216
-0.47888 0.304216
-0.47304 0.304216
-0.4672 0.304216
-0.46136 0.304216
-0.45552 0.304216
-0.44968 0.304216
-0.44384 0.304216
-0.438 0.304216
-0.43216 0.304216
-0.42632 0.304216
-0.42048 0.304216
-0.41464 0.304216
-0.4088 0.304216
-0.40296 0.304216
-0.39712 0.304216
-0.39128 0.304216
-0.38544 0.304216
-0.3796 0.304216
-0.37376 0.304216
-0.36792 0.304216
-0.36208 0.304216
-0.35624 0.304216
-0.3504 0.304216
-0.34456 0.304216
-0.33872 0.304216
-0.33288 0.304216
-0.32704 0.304216
-0.3212 0.304216
-0.31536 0.304216
-0.30952 0.304216
-0.30368 0.304216
-0.29784 0.304216
-0.292 0.304216
-0.28616 0.304216
-0.28032 0.304216
-0.27448 0.304216
-0.26864 0.304216
-0.2628 0.304216
-0.25696 0.304216
-0.25112 0.304216
-0.24528 0.304216
-0.23944 0.304216
-0.2336 0.304216
-0.22776 0.304216
-0.22192 0.304216
-0.21608 0.304216
-0.21024 0.304216
-0.2044 0.304216
-0.19856 0.304216
-0.19272 0.304216
-0.18688 0.304216
-0.18104 0.304216
-0.1752 0.304216
-0.16936 0.304216
-0.16352 0.304216
-0.15768 0.304216
-0.15184 0.304216
-0.146 0.304216
-0.14016 0.304216
-0.13432 0.304216
-0.12848 0.304216
-0.12264 0.304216
-0.1168 0.304216
-0.11096 0.304216
-0.10512 0.304216
-0.09928 0.304216
-0.09344 0.304216
-0.0876 0.304216
-0.08176 0.304216
-0.07592 0.304216
-0.07008 0.304216
-0.06424 0.304216
-0.0584 0.304216
-0.05256 0.304216
-0.04672 0.304216
-0.04088 0.304216
-0.03504 0.304216
-0.0292 0.304216
-0.02336 0.304216
-0.01752 0.304216
-0.01168 0.304216
-0.00584 0.304216
