-2.92 0.289102
-2.91416 0.289102
-2.90832 0.289102
-2.90248 0.289102
-2.89664 0.289102
-2.8908 0.289102
-2.88496 0.289102
-2.87912 0.289102
-2.87328 0.289102
-2.86744 0.289102
-2.8616 0.289102
-2.85576 0.289102
-2.84992 0.289102
-2.84408 0.289102
-2.83824 0.289102
-2.8324 0.289102
-2.82656 0.289102
-2.82072 0.289102
-2.81488 0.289102
-2.80904 0.289102
-2.8032 0.289102
-2.79736 0.289102
-2.79152 0.289102
-2.78568 0.289102
-2.77984 0.289102
-2.774 0.289102
-2.76816 0.289102
-2.76232 0.289102
-2.75648 0.289102
-2.75064 0.289102
-2.7448 0.289102
-2.73896 0.289102
-2.73312 0.289102
-2.72728 0.289102
-2.72144 0.289102
-2.7156 0.289102
-2.70976 0.289102
-2.70392 0.289102
-2.69808 0.289102
-2.69224 0.289102
-2.6864 0.289102
-2.68056 0.289102
-2.67472 0.289102
-2.66888 0.289102
-2.66304 0.289102
-2.6572 0.289102
-2.65136 0.289102
-2.64552 0.289102
-2.63968 0.289102
-2.63384 0.289102
-2.628 0.289102
-2.62216 0.289102
-2.61632 0.289102
-2.61048 0.289102
-2.60464 0.289102
-2.5988 0.289102
-2.59296 0.288706
-2.58712 0.288131
-2.58128 0.287334
-2.57544 0.286447
-2.5696 0.28556
-2.56376 0.284627
-2.55792 0.283695
-2.55208 0.282763
-2.54624 0.281743
-2.5404 0.280635
-2.53456 0.279526
-2.52872 0.278415
-2.52288 0.277219
-2.51704 0.276019
-2.5112 0.274777
-2.50536 0.273533
-2.49952 0.272291
-2.49368 0.271004
-2.48784 0.269718
-2.482 0.268564
-2.47616 0.267143
-2.47032 0.265635
-2.46448 0.264083
-2.45864 0.262531
-2.4528 0.260934
-2.44696 0.259294
-2.44112 0.257698
-2.43528 0.256013
-2.42944 0.254373
-2.4236 0.252689
-2.41776 0.251049
-2.41192 0.249363
-2.40608 0.247722
-2.40024 0.245993
-2.3944 0.244264
-2.38856 0.242536
-2.38272 0.240808
-2.37688 0.239079
-2.37104 0.237305
-2.3652 0.235617
-2.35936 0.233798
-2.35352 0.232023
-2.34768 0.230204
-2.34184 0.228386
-2.336 0.226523
-2.33016 0.224748
-2.32432 0.222886
-2.31848 0.221024
-2.31264 0.219248
-2.3068 0.21743
-2.30096 0.215613
-2.29512 0.213795
-2.28928 0.211976
-2.28344 0.210201
-2.2776 0.208338
-2.27176 0.206608
-2.26592 0.204832
-2.26008 0.203144
-2.25424 0.201236
-2.2484 0.199283
-2.24256 0.197287
-2.23672 0.195422
-2.23088 0.193382
-2.22504 0.191386
-2.2192 0.189345
-2.21336 0.18735
-2.20752 0.185353
-2.20168 0.183269
-2.19584 0.181229
-2.19 0.179145
-2.18416 0.177061
-2.17832 0.174933
-2.17248 0.172806
-2.16664 0.170973
-2.1608 0.169567
-2.15496 0.167903
-2.14912 0.165694
-2.14328 0.164746
-2.13744 0.163841
-2.1316 0.16201
-2.12576 0.160092
-2.11992 0.158766
-2.11408 0.157694
-2.10824 0.156071
-2.1024 0.155336
-2.09656 0.153757
-2.09072 0.152808
-2.08488 0.151317
-2.07904 0.150159
-2.0732 0.150483
-2.06736 0.147718
-2.06152 0.147543
-2.05568 0.147359
-2.04984 0.144945
-2.044 0.145866
-2.03816 0.144162
-2.03232 0.144104
-2.02648 0.141891
-2.02064 0.140483
-2.0148 0.140214
-2.00896 0.140455
-2.00312 0.138499
-1.99728 0.139285
-1.99144 0.137496
-1.9856 0.13812
-1.97976 0.136668
-1.97392 0.137627
-1.96808 0.135756
-1.96224 0.134309
-1.9564 0.133792
-1.95056 0.132514
-1.94472 0.13005
-1.93888 0.127044
-1.93304 0.125888
-1.9272 0.123647
-1.92136 0.123175
-1.91552 0.121943
-1.90968 0.118048
-1.90384 0.115762
-1.898 0.113515
-1.89216 0.111563
-1.88632 0.109111
-1.88048 0.107333
-1.87464 0.10471
-1.8688 0.101795
-1.86296 0.0996846
-1.85712 0.0984991
-1.85128 0.0964716
-1.84544 0.0930518
-1.8396 0.0899254
-1.83376 0.0889212
-1.82792 0.0878273
-1.82208 0.0841578
-1.81624 0.079721
-1.8104 0.0771016
-1.80456 0.0760053
-1.79872 0.072585
-1.79288 0.0699695
-1.78704 0.0676512
-1.7812 0.0640958
-1.77536 0.0614827
-1.76952 0.0585698
-1.76368 0.0578183
-1.75784 0.0554209
-1.752 0.0527646
-1.74616 0.0491333
-1.74032 0.0472425
-1.73448 0.0439566
-1.72864 0.0427812
-1.7228 0.0402571
-1.71696 0.037688
-1.71112 0.036355
-1.70528 0.0336185
-1.69944 0.0308516
-1.6936 0.0295599
-1.68776 0.0269158
-1.68192 0.0255846
-1.67608 0.0240038
-1.67024 0.022333
-1.6644 0.0224426
-1.65856 0.0227147
-1.65272 0.0215585
-1.64688 0.0219664
-1.64104 0.0228033
-1.6352 0.0234676
-1.62936 0.0232463
-1.62352 0.0246013
-1.61768 0.0256973
-1.61184 0.0275584
-1.606 0.0291481
-1.60016 0.0298349
-1.59432 0.0319936
-1.58848 0.032598
-1.58264 0.0354044
-1.5768 0.035096
-1.57096 0.0394712
-1.56512 0.0390821
-1.55928 0.0418627
-1.55344 0.0438759
-1.5476 0.0457823
-1.54176 0.0466143
-1.53592 0.0495639
-1.53008 0.0498881
-1.52424 0.0518306
-1.5184 0.0507227
-1.51256 0.0546469
-1.50672 0.0550376
-1.50088 0.0582976
-1.49504 0.0594958
-1.4892 0.0650404
-1.48336 0.0645657
-1.47752 0.0676659
-1.47168 0.0696447
-1.46584 0.0736225
-1.46 0.0758797
-1.45416 0.0792586
-1.44832 0.0818503
-1.44248 0.0838439
-1.43664 0.0856218
-1.4308 0.0869578
-1.42496 0.089458
-1.41912 0.0927819
-1.41328 0.0948182
-1.40744 0.0970666
-1.4016 0.0984364
-1.39576 0.100332
-1.38992 0.104233
-1.38408 0.105428
-1.37824 0.10588
-1.3724 0.108648
-1.36656 0.111803
-1.36072 0.11486
-1.35488 0.114255
-1.34904 0.115836
-1.3432 0.117465
-1.33736 0.120955
-1.33152 0.122244
-1.32568 0.125487
-1.31984 0.128196
-1.314 0.128694
-1.30816 0.13304
-1.30232 0.132082
-1.29648 0.133283
-1.29064 0.13589
-1.2848 0.139576
-1.27896 0.140408
-1.27312 0.144432
-1.26728 0.147406
-1.26144 0.148974
-1.2556 0.152704
-1.24976 0.154786
-1.24392 0.159753
-1.23808 0.1623
-1.23224 0.164823
-1.2264 0.168133
-1.22056 0.17065
-1.21472 0.172208
-1.20888 0.175108
-1.20304 0.176544
-1.1972 0.179032
-1.19136 0.182594
-1.18552 0.185657
-1.17968 0.18533
-1.17384 0.189274
-1.168 0.192419
-1.16216 0.193806
-1.15632 0.196592
-1.15048 0.196033
-1.14464 0.20113
-1.1388 0.199407
-1.13296 0.203354
-1.12712 0.202679
-1.12128 0.206734
-1.11544 0.2076
-1.1096 0.212535
-1.10376 0.213659
-1.09792 0.216434
-1.09208 0.215937
-1.08624 0.2196
-1.0804 0.218584
-1.07456 0.222199
-1.06872 0.22227
-1.06288 0.226277
-1.05704 0.226695
-1.0512 0.233317
-1.04536 0.233531
-1.03952 0.237312
-1.03368 0.239998
-1.02784 0.243077
-1.022 0.245389
-1.01616 0.249
-1.01032 0.250725
-1.00448 0.252359
-0.99864 0.254316
-0.9928 0.255888
-0.98696 0.258655
-0.98112 0.261266
-0.97528 0.263107
-0.96944 0.265331
-0.9636 0.266466
-0.95776 0.26831
-0.95192 0.271547
-0.94608 0.273221
-0.94024 0.273303
-0.9344 0.276537
-0.92856 0.278386
-0.92272 0.281027
-0.91688 0.28048
-0.91104 0.281162
-0.9052 0.282994
-0.89936 0.285384
-0.89352 0.286094
-0.88768 0.289237
-0.88184 0.290998
-0.876 0.291449
-0.87016 0.295211
-0.86432 0.293503
-0.85848 0.294717
-0.85264 0.296564
-0.8468 0.297181
-0.84096 0.299193
-0.83512 0.300142
-0.82928 0.304078
-0.82344 0.304312
-0.8176 0.306235
-0.81176 0.307147
-0.80592 0.310207
-0.80008 0.311321
-0.79424 0.312994
-0.7884 0.313603
-0.78256 0.314767
-0.77672 0.315206
-0.77088 0.316201
-0.76504 0.317696
-0.7592 0.317255
-0.75336 0.31929
-0.74752 0.320185
-0.74168 0.320042
-0.73584 0.322333
-0.73 0.322008
-0.72416 0.322445
-0.71832 0.324231
-0.71248 0.324625
-0.70664 0.325987
-0.7008 0.324704
-0.69496 0.325345
-0.68912 0.326361
-0.68328 0.32675
-0.67744 0.327889
-0.6716 0.329035
-0.66576 0.329748
-0.65992 0.330881
-0.65408 0.33268
-0.64824 0.333733
-0.6424 0.333364
-0.63656 0.334615
-0.63072 0.335657
-0.62488 0.336611
-0.61904 0.337476
-0.6132 0.339222
-0.60736 0.339409
-0.60152 0.339379
-0.59568 0.339379
-0.58984 0.339379
-0.584 0.339379
-0.57816 0.339379
-0.57232 0.339379
-0.56648 0.339379
-0.56064 0.339379
-0.5548 0.339379
-0.54896 0.339379
-0.54312 0.339379
-0.53728 0.339379
-0.53144 0.339379
-0.5256 0.339379
-0.51976 0.339379
-0.51392 0.339379
-0.50808 0.339379
-0.50224 0.339379
-0.4964 0.339379
-0.49056 0.339379
-0.48472 0.339379
-0.47888 0.339379
-0.47304 0.339379
-0.4672 0.339379
-0.46136 0.339379
-0.45552 0.339379
-0.44968 0.339379
-0.44384 0.339379
-0.438 0.339379
-0.43216 0.339379
-0.42632 0.339379
-0.42048 0.339379
-0.41464 0.339379
-0.4088 0.339379
-0.40296 0.339379
-0.39712 0.339379
-0.39128 0.339379
-0.38544 0.339379
-0.3796 0.339379
-0.37376 0.339379
-0.36792 0.339379
-0.36208 0.339379
-0.35624 0.339379
-0.3504 0.339379
-0.34456 0.339379
-0.33872 0.339379
-0.33288 0.339379
-0.32704 0.339379
-0.3212 0.339379
-0.31536 0.339379
-0.30952 0.339379
-0.30368 0.339379
-0.29784 0.339379
-0.292 0.339379
-0.28616 0.339379
-0.28032 0.339379
-0.27448 0.339379
-0.26864 0.339379
-0.2628 0.339379
-0.25696 0.339379
-0.25112 0.339379
-0.24528 0.339379
-0.23944 0.339379
-0.2336 0.339379
-0.22776 0.339379
-0.22192 0.339379
-0.21608 0.339379
-0.21024 0.339379
-0.2044 0.339379
-0.19856 0.339379
-0.19272 0.339379
-0.18688 0.339379
-0.18104 0.339379
-0.1752 0.339379
-0.16936 0.339379
-0.16352 0.339379
-0.15768 0.339379
-0.15184 0.339379
-0.146 0.339379
-0.14016 0.339379
-0.13432 0.339379
-0.12848 0.339379
-0.12264 0.339379
-0.1168 0.339379
-0.11096 0.339379
-0.10512 0.339379
-0.09928 0.339379
-0.09344 0.339379
-0.0876 0.339379
-0.08176 0.339379
-0.07592 0.339379
-0.07008 0.339379
-0.06424 0.339379
-0.0584 0.339379
-0.05256 0.339379
-0.04672 0.339379
-0.04088 0.339379
-0.03504 0.339379
-0.0292 0.339379
-0.02336 0.339379
-0.01752 0.339379
-0.01168 0.339379
-0.00584 0.339379
