-2.92 0.242657
-2.91416 0.242657
-2.90832 0.242657
-2.90248 0.242657
-2.89664 0.242657
-2.8908 0.242657
-2.88496 0.242657
-2.87912 0.242657
-2.87328 0.242657
-2.86744 0.242657
-2.8616 0.242657
-2.85576 0.242657
-2.84992 0.242657
-2.84408 0.242657
-2.83824 0.242657
-2.8324 0.242657
-2.82656 0.242657
-2.82072 0.242657
-2.81488 0.242657
-2.80904 0.242657
-2.8032 0.242657
-2.79736 0.242657
-2.79152 0.242657
-2.78568 0.242657
-2.77984 0.242657
-2.774 0.242657
-2.76816 0.242657
-2.76232 0.242657
-2.75648 0.242657
-2.75064 0.242657
-2.7448 0.242657
-2.73896 0.242657
-2.73312 0.242657
-2.72728 0.242657
-2.72144 0.242657
-2.7156 0.242657
-2.70976 0.242657
-2.70392 0.242657
-2.69808 0.242657
-2.69224 0.242657
-2.6864 0.242657
-2.68056 0.242657
-2.67472 0.242657
-2.66888 0.242657
-2.66304 0.242657
-2.6572 0.242657
-2.65136 0.242657
-2.64552 0.242657
-2.63968 0.242657
-2.63384 0.242657
-2.628 0.242657
-2.62216 0.242657
-2.61632 0.242657
-2.61048 0.242657
-2.60464 0.242657
-2.5988 0.242657
-2.59296 0.242436
-2.58712 0.242169
-2.58128 0.24177
-2.57544 0.241239
-2.5696 0.240664
-2.56376 0.240045
-2.55792 0.239425
-2.55208 0.238761
-2.54624 0.238009
-2.5404 0.237256
-2.53456 0.236545
-2.52872 0.235746
-2.52288 0.234989
-2.51704 0.234145
-2.5112 0.233211
-2.50536 0.232279
-2.49952 0.231346
-2.49368 0.230323
-2.48784 0.229302
-2.482 0.228283
-2.47616 0.227173
-2.47032 0.22602
-2.46448 0.224778
-2.45864 0.223535
-2.4528 0.222293
-2.44696 0.221094
-2.44112 0.219851
-2.43528 0.218563
-2.42944 0.217275
-2.4236 0.215943
-2.41776 0.214568
-2.41192 0.213192
-2.40608 0.211813
-2.40024 0.210434
-2.3944 0.208967
-2.38856 0.207502
-2.38272 0.20599
-2.37688 0.204478
-2.37104 0.20301
-2.3652 0.201542
-2.35936 0.200031
-2.35352 0.198564
-2.34768 0.197096
-2.34184 0.195628
-2.336 0.194072
-2.33016 0.192562
-2.32432 0.191006
-2.31848 0.189406
-2.31264 0.187807
-2.3068 0.186338
-2.30096 0.184781
-2.29512 0.183222
-2.28928 0.181578
-2.28344 0.179891
-2.2776 0.178203
-2.27176 0.176645
-2.26592 0.174913
-2.26008 0.173355
-2.25424 0.171621
-2.2484 0.169843
-2.24256 0.168064
-2.23672 0.166287
-2.23088 0.164509
-2.22504 0.162819
-2.2192 0.160997
-2.21336 0.159221
-2.20752 0.157444
-2.20168 0.155622
-2.19584 0.153802
-2.19 0.151982
-2.18416 0.150203
-2.17832 0.148425
-2.17248 0.146898
-2.16664 0.145494
-2.1608 0.144048
-2.15496 0.142094
-2.14912 0.140985
-2.14328 0.140003
-2.13744 0.138513
-2.1316 0.137658
-2.12576 0.136469
-2.11992 0.135274
-2.11408 0.133957
-2.10824 0.132552
-2.1024 0.132878
-2.09656 0.131602
-2.09072 0.130916
-2.08488 0.129982
-2.07904 0.128961
-2.0732 0.12878
-2.06736 0.12818
-2.06152 0.12547
-2.05568 0.126811
-2.04984 0.124399
-2.044 0.124987
-2.03816 0.124975
-2.03232 0.123784
-2.02648 0.122172
-2.02064 0.123046
-2.0148 0.121183
-2.00896 0.121553
-2.00312 0.121288
-1.99728 0.11904
-1.99144 0.11853
-1.9856 0.119364
-1.97976 0.118771
-1.97392 0.119063
-1.96808 0.118089
-1.96224 0.118725
-1.9564 0.116691
-1.95056 0.116859
-1.94472 0.112972
-1.93888 0.111024
-1.93304 0.11039
-1.9272 0.109034
-1.92136 0.106543
-1.91552 0.103754
-1.90968 0.101728
-1.90384 0.100881
-1.898 0.0987176
-1.89216 0.0958982
-1.88632 0.0953923
-1.88048 0.0942532
-1.87464 0.0897393
-1.8688 0.088265
-1.86296 0.0869211
-1.85712 0.0843902
-1.85128 0.0811849
-1.84544 0.0799308
-1.8396 0.0784207
-1.83376 0.0760696
-1.82792 0.0744715
-1.82208 0.0716174
-1.81624 0.0697698
-1.8104 0.0680464
-1.80456 0.0652681
-1.79872 0.0637174
-1.79288 0.0598837
-1.78704 0.0584972
-1.7812 0.0559763
-1.77536 0.0537914
-1.76952 0.0510624
-1.76368 0.0498559
-1.75784 0.0480164
-1.752 0.0452082
-1.74616 0.0427763
-1.74032 0.0411156
-1.73448 0.0386899
-1.72864 0.0357568
-1.7228 0.0356559
-1.71696 0.0331849
-1.71112 0.0321187
-1.70528 0.0293985
-1.69944 0.0269323
-1.6936 0.0256596
-1.68776 0.0242178
-1.68192 0.0230703
-1.67608 0.0223038
-1.67024 0.0215393
-1.6644 0.0211484
-1.65856 0.0212313
-1.65272 0.022039
-1.64688 0.0222569
-1.64104 0.0235318
-1.6352 0.0246314
-1.62936 0.0254412
-1.62352 0.0264236
-1.61768 0.0284618
-1.61184 0.0303051
-1.606 0.0300772
-1.60016 0.0330575
-1.59432 0.0347092
-1.58848 0.0364087
-1.58264 0.0374423
-1.5768 0.0372578
-1.57096 0.0401503
-1.56512 0.0429188
-1.55928 0.0431548
-1.55344 0.0451679
-1.5476 0.0480287
-1.54176 0.0497993
-1.53592 0.0498709
-1.53008 0.0525311
-1.52424 0.0552177
-1.5184 0.0547802
-1.51256 0.0564177
-1.50672 0.0595974
-1.50088 0.0597234
-1.49504 0.0587076
-1.4892 0.0640507
-1.48336 0.067118
-1.47752 0.0699623
-1.47168 0.0711462
-1.46584 0.0755609
-1.46 0.0770064
-1.45416 0.0798261
-1.44832 0.0842732
-1.44248 0.0860536
-1.43664 0.0854659
-1.4308 0.0906745
-1.42496 0.0913544
-1.41912 0.0950156
-1.41328 0.095712
-1.40744 0.096864
-1.4016 0.0999887
-1.39576 0.103886
-1.38992 0.103518
-1.38408 0.106445
-1.37824 0.108743
-1.3724 0.11026
-1.36656 0.11175
-1.36072 0.11501
-1.35488 0.114379
-1.34904 0.114068
-1.3432 0.117222
-1.33736 0.119154
-1.33152 0.122037
-1.32568 0.124628
-1.31984 0.127068
-1.314 0.128255
-1.30816 0.130771
-1.30232 0.128436
-1.29648 0.132585
-1.29064 0.134849
-1.2848 0.135852
-1.27896 0.137855
-1.27312 0.140462
-1.26728 0.144628
-1.26144 0.146957
-1.2556 0.149733
-1.24976 0.151078
-1.24392 0.15658
-1.23808 0.157261
-1.23224 0.161033
-1.2264 0.162145
-1.22056 0.165483
-1.21472 0.167201
-1.20888 0.170779
-1.20304 0.17059
-1.1972 0.171298
-1.19136 0.176503
-1.18552 0.175906
-1.17968 0.179548
-1.17384 0.179761
-1.168 0.184031
-1.16216 0.185299
-1.15632 0.188982
-1.15048 0.189331
-1.14464 0.191279
-1.1388 0.190648
-1.13296 0.192587
-1.12712 0.193704
-1.12128 0.196018
-1.11544 0.197638
-1.1096 0.200832
-1.10376 0.204789
-1.09792 0.202651
-1.09208 0.207099
-1.08624 0.209943
-1.0804 0.209077
-1.07456 0.208803
-1.06872 0.21268
-1.06288 0.213811
-1.05704 0.213757
-1.0512 0.219157
-1.04536 0.221666
-1.03952 0.225657
-1.03368 0.227113
-1.02784 0.230006
-1.022 0.231632
-1.01616 0.234828
-1.01032 0.238303
-1.00448 0.239856
-0.99864 0.240011
-0.9928 0.243504
-0.98696 0.243948
-0.98112 0.246747
-0.97528 0.24753
-0.96944 0.249038
-0.9636 0.249772
-0.95776 0.252966
-0.95192 0.25358
-0.94608 0.2558
-0.94024 0.256753
-0.9344 0.258238
-0.92856 0.2594
-0.92272 0.261496
-0.91688 0.259752
-0.91104 0.26079
-0.9052 0.262451
-0.89936 0.263904
-0.89352 0.266334
-0.88768 0.267483
-0.88184 0.269482
-0.876 0.268172
-0.87016 0.273139
-0.86432 0.269403
-0.85848 0.272416
-0.85264 0.27247
-0.8468 0.273749
-0.84096 0.274565
-0.83512 0.275802
-0.82928 0.278283
-0.82344 0.28062
-0.8176 0.281273
-0.81176 0.281538
-0.80592 0.284886
-0.80008 0.285193
-0.79424 0.285883
-0.7884 0.287501
-0.78256 0.288392
-0.77672 0.288445
-0.77088 0.289216
-0.76504 0.290362
-0.7592 0.290087
-0.75336 0.290851
-0.74752 0.29132
-0.74168 0.292544
-0.73584 0.292424
-0.73 0.293065
-0.72416 0.293408
-0.71832 0.294423
-0.71248 0.29435
-0.70664 0.295142
-0.7008 0.293931
-0.69496 0.294016
-0.68912 0.294819
-0.68328 0.295574
-0.67744 0.296372
-0.6716 0.297468
-0.66576 0.298015
-0.65992 0.298973
-0.65408 0.30077
-0.64824 0.301944
-0.6424 0.301148
-0.63656 0.302222
-0.63072 0.303088
-0.62488 0.303995
-0.61904 0.304899
-0.6132 0.306639
-0.60736 0.306906
-0.60152 0.306752
-0.59568 0.306752
-0.58984 0.306752
-0.584 0.306752
-0.57816 0.306752
-0.57232 0.306752
-0.56648 0.306752
-0.56064 0.306752
-0.5548 0.306752
-0.54896 0.306752
-0.54312 0.306752
-0.53728 0.306752
-0.53144 0.306752
-0.5256 0.306752
-0.51976 0.306752
-0.51392 0.306752
-0.50808 0.306752
-0.50224 0.306752
-0.4964 0.306752
-0.49056 0.306752
-0.48472 0.306752
-0.47888 0.306752
-0.47304 0.306752
-0.4672 0.306752
-0.46136 0.306752
-0.45552 0.306752
-0.44968 0.306752
-0.44384 0.306752
-0.438 0.306752
-0.43216 0.306752
-0.42632 0.306752
-0.42048 0.306752
-0.41464 0.306752
-0.4088 0.306752
-0.40296 0.306752
-0.39712 0.306752
-0.39128 0.306752
-0.38544 0.306752
-0.3796 0.306752
-0.37376 0.306752
-0.36792 0.306752
-0.36208 0.306752
-0.35624 0.306752
-0.3504 0.306752
-0.34456 0.306752
-0.33872 0.306752
-0.33288 0.306752
-0.32704 0.306752
-0.3212 0.306752
-0.31536 0.306752
-0.30952 0.306752
-0.30368 0.306752
-0.29784 0.306752
-0.292 0.306752
-0.28616 0.306752
-0.28032 0.306752
-0.27448 0.306752
-0.26864 0.306752
-0.2628 0.306752
-0.25696 0.306752
-0.25112 0.306752
-0.24528 0.306752
-0.23944 0.306752
-0.2336 0.306752
-0.22776 0.306752
-0.22192 0.306752
-0.21608 0.306752
-0.21024 0.306752
-0.2044 0.306752
-0.19856 0.306752
-0.19272 0.306752
-0.18688 0.306752
-0.18104 0.306752
-0.1752 0.306752
-0.16936 0.306752
-0.16352 0.306752
-0.15768 0.306752
-0.15184 0.306752
-0.146 0.306752
-0.14016 0.306752
-0.13432 0.306752
-0.12848 0.306752
-0.12264 0.306752
-0.1168 0.306752
-0.11096 0.306752
-0.10512 0.306752
-0.09928 0.306752
-0.09344 0.306752
-0.0876 0.306752
-0.08176 0.306752
-0.07592 0.306752
-0.07008 0.306752
-0.06424 0.306752
-0.0584 0.306752
-0.05256 0.306752
-0.04672 0.306752
-0.04088 0.306752
-0.03504 0.306752
-0.0292 0.306752
-0.02336 0.306752
-0.01752 0.306752
-0.01168 0.306752
-0.00584 0.306752
