-2.92 0.341067
-2.91416 0.341067
-2.90832 0.341067
-2.90248 0.341067
-2.89664 0.341067
-2.8908 0.341067
-2.88496 0.341067
-2.87912 0.341067
-2.87328 0.341067
-2.86744 0.341067
-2.8616 0.341067
-2.85576 0.341067
-2.84992 0.341067
-2.84408 0.341067
-2.83824 0.341067
-2.8324 0.341067
-2.82656 0.341067
-2.82072 0.341067
-2.81488 0.341067
-2.80904 0.341067
-2.8032 0.341067
-2.79736 0.341067
-2.79152 0.341067
-2.78568 0.341067
-2.77984 0.341067
-2.774 0.341067
-2.76816 0.341067
-2.76232 0.341067
-2.75648 0.341067
-2.75064 0.341067
-2.7448 0.341067
-2.73896 0.341067
-2.73312 0.341067
-2.72728 0.341067
-2.72144 0.341067
-2.7156 0.341067
-2.70976 0.341067
-2.70392 0.341067
-2.69808 0.341067
-2.69224 0.341067
-2.6864 0.341067
-2.68056 0.341067
-2.67472 0.341067
-2.66888 0.341067
-2.66304 0.341067
-2.6572 0.341067
-2.65136 0.341067
-2.64552 0.341067
-2.63968 0.341067
-2.63384 0.341067
-2.628 0.341067
-2.62216 0.341067
-2.61632 0.341067
-2.61048 0.341067
-2.60464 0.341067
-2.5988 0.341067
-2.59296 0.340802
-2.58712 0.340316
-2.58128 0.339611
-2.57544 0.338817
-2.5696 0.337935
-2.56376 0.337009
-2.55792 0.336083
-2.55208 0.335068
-2.54624 0.334051
-2.5404 0.332859
-2.53456 0.331666
-2.52872 0.33034
-2.52288 0.328971
-2.51704 0.32747
-2.5112 0.32601
-2.50536 0.324465
-2.49952 0.322786
-2.49368 0.321197
-2.48784 0.31952
-2.482 0.317931
-2.47616 0.31621
-2.47032 0.314487
-2.46448 0.312679
-2.45864 0.310913
-2.4528 0.309104
-2.44696 0.307338
-2.44112 0.305527
-2.43528 0.30367
-2.42944 0.301902
-2.4236 0.300001
-2.41776 0.2981
-2.41192 0.296242
-2.40608 0.294293
-2.40024 0.292349
-2.3944 0.290359
-2.38856 0.288415
-2.38272 0.286337
-2.37688 0.284262
-2.37104 0.282225
-2.3652 0.280189
-2.35936 0.278066
-2.35352 0.275987
-2.34768 0.273907
-2.34184 0.271827
-2.336 0.269658
-2.33016 0.267446
-2.32432 0.265408
-2.31848 0.263194
-2.31264 0.261024
-2.3068 0.258856
-2.30096 0.256685
-2.29512 0.254516
-2.28928 0.252348
-2.28344 0.25009
-2.2776 0.247919
-2.27176 0.245662
-2.26592 0.243403
-2.26008 0.241192
-2.25424 0.238803
-2.2484 0.236413
-2.24256 0.233981
-2.23672 0.231635
-2.23088 0.229202
-2.22504 0.226857
-2.2192 0.224381
-2.21336 0.221991
-2.20752 0.219646
-2.20168 0.217126
-2.19584 0.214738
-2.19 0.212262
-2.18416 0.209787
-2.17832 0.207311
-2.17248 0.205171
-2.16664 0.202821
-2.1608 0.201313
-2.15496 0.199129
-2.14912 0.197246
-2.14328 0.194931
-2.13744 0.193344
-2.1316 0.192172
-2.12576 0.190586
-2.11992 0.188024
-2.11408 0.186641
-2.10824 0.184583
-2.1024 0.183792
-2.09656 0.182627
-2.09072 0.179771
-2.08488 0.180119
-2.07904 0.177946
-2.0732 0.175935
-2.06736 0.175828
-2.06152 0.174362
-2.05568 0.173707
-2.04984 0.171863
-2.044 0.170577
-2.03816 0.168781
-2.03232 0.168662
-2.02648 0.166866
-2.02064 0.167171
-2.0148 0.165072
-2.00896 0.163744
-2.00312 0.163157
-1.99728 0.162594
-1.99144 0.162022
-1.9856 0.160638
-1.97976 0.159771
-1.97392 0.157972
-1.96808 0.156677
-1.96224 0.155514
-1.9564 0.153673
-1.95056 0.152208
-1.94472 0.149025
-1.93888 0.147596
-1.93304 0.144533
-1.9272 0.145071
-1.92136 0.140595
-1.91552 0.139228
-1.90968 0.135665
-1.90384 0.135047
-1.898 0.131056
-1.89216 0.127856
-1.88632 0.12531
-1.88048 0.122338
-1.87464 0.119601
-1.8688 0.115532
-1.86296 0.114337
-1.85712 0.11104
-1.85128 0.109629
-1.84544 0.10564
-1.8396 0.103394
-1.83376 0.101018
-1.82792 0.0987283
-1.82208 0.0953032
-1.81624 0.0928383
-1.8104 0.0886476
-1.80456 0.0866999
-1.79872 0.082174
-1.79288 0.0806877
-1.78704 0.0775999
-1.7812 0.0735798
-1.77536 0.071302
-1.76952 0.068123
-1.76368 0.0645346
-1.75784 0.0609472
-1.752 0.0584532
-1.74616 0.0559232
-1.74032 0.0536445
-1.73448 0.050352
-1.72864 0.0468958
-1.7228 0.0452197
-1.71696 0.0408714
-1.71112 0.0389412
-1.70528 0.0366264
-1.69944 0.0335066
-1.6936 0.0309415
-1.68776 0.0290974
-1.68192 0.0256374
-1.67608 0.023626
-1.67024 0.0222856
-1.6644 0.0213274
-1.65856 0.0202136
-1.65272 0.0192168
-1.64688 0.019841
-1.64104 0.0202094
-1.6352 0.0200786
-1.62936 0.0211731
-1.62352 0.0215155
-1.61768 0.0234166
-1.61184 0.0229213
-1.606 0.0253897
-1.60016 0.027006
-1.59432 0.0286171
-1.58848 0.0315805
-1.58264 0.0313485
-1.5768 0.0309156
-1.57096 0.0334285
-1.56512 0.0356489
-1.55928 0.0365642
-1.55344 0.0388291
-1.5476 0.0402112
-1.54176 0.0417215
-1.53592 0.0431138
-1.53008 0.0460905
-1.52424 0.0477789
-1.5184 0.0506709
-1.51256 0.0475531
-1.50672 0.0502057
-1.50088 0.0529067
-1.49504 0.0547325
-1.4892 0.0574995
-1.48336 0.0606764
-1.47752 0.0637439
-1.47168 0.0637348
-1.46584 0.0689329
-1.46 0.0719284
-1.45416 0.0769008
-1.44832 0.0775162
-1.44248 0.0802283
-1.43664 0.0826943
-1.4308 0.0836817
-1.42496 0.0884314
-1.41912 0.0894264
-1.41328 0.0931374
-1.40744 0.095649
-1.4016 0.0966003
-1.39576 0.0981836
-1.38992 0.100239
-1.38408 0.103629
-1.37824 0.105859
-1.3724 0.106905
-1.36656 0.108581
-1.36072 0.11131
-1.35488 0.112208
-1.34904 0.114759
-1.3432 0.113532
-1.33736 0.116904
-1.33152 0.118962
-1.32568 0.122704
-1.31984 0.12379
-1.314 0.125098
-1.30816 0.129142
-1.30232 0.128634
-1.29648 0.132983
-1.29064 0.134267
-1.2848 0.135591
-1.27896 0.13912
-1.27312 0.140442
-1.26728 0.146717
-1.26144 0.151682
-1.2556 0.153394
-1.24976 0.155074
-1.24392 0.158709
-1.23808 0.163819
-1.23224 0.164951
-1.2264 0.167979
-1.22056 0.170417
-1.21472 0.171838
-1.20888 0.174063
-1.20304 0.177634
-1.1972 0.178688
-1.19136 0.182255
-1.18552 0.183858
-1.17968 0.186017
-1.17384 0.187605
-1.168 0.192186
-1.16216 0.19496
-1.15632 0.198069
-1.15048 0.199767
-1.14464 0.200227
-1.1388 0.19907
-1.13296 0.201414
-1.12712 0.203469
-1.12128 0.205998
-1.11544 0.207669
-1.1096 0.210833
-1.10376 0.212012
-1.09792 0.214623
-1.09208 0.218759
-1.08624 0.221035
-1.0804 0.221531
-1.07456 0.219978
-1.06872 0.223127
-1.06288 0.226193
-1.05704 0.228338
-1.0512 0.232308
-1.04536 0.236982
-1.03952 0.240813
-1.03368 0.239765
-1.02784 0.244519
-1.022 0.248847
-1.01616 0.253259
-1.01032 0.253814
-1.00448 0.256279
-0.99864 0.257763
-0.9928 0.257922
-0.98696 0.262464
-0.98112 0.264406
-0.97528 0.266953
-0.96944 0.269853
-0.9636 0.270952
-0.95776 0.271787
-0.95192 0.273549
-0.94608 0.276793
-0.94024 0.278644
-0.9344 0.279356
-0.92856 0.28137
-0.92272 0.282928
-0.91688 0.28297
-0.91104 0.284724
-0.9052 0.284053
-0.89936 0.287792
-0.89352 0.28838
-0.88768 0.290765
-0.88184 0.291599
-0.876 0.292049
-0.87016 0.295815
-0.86432 0.293848
-0.85848 0.296101
-0.85264 0.297664
-0.8468 0.298616
-0.84096 0.299654
-0.83512 0.299225
-0.82928 0.305132
-0.82344 0.307976
-0.8176 0.307629
-0.81176 0.308241
-0.80592 0.310456
-0.80008 0.311662
-0.79424 0.313082
-0.7884 0.313574
-0.78256 0.313977
-0.77672 0.315513
-0.77088 0.315322
-0.76504 0.31619
-0.7592 0.316472
-0.75336 0.31758
-0.74752 0.318866
-0.74168 0.319268
-0.73584 0.320252
-0.73 0.321478
-0.72416 0.321791
-0.71832 0.322641
-0.71248 0.324294
-0.70664 0.323675
-0.7008 0.322217
-0.69496 0.322436
-0.68912 0.323827
-0.68328 0.324291
-0.67744 0.325172
-0.6716 0.326057
-0.66576 0.326812
-0.65992 0.32765
-0.65408 0.32986
-0.64824 0.330829
-0.6424 0.329908
-0.63656 0.330861
-0.63072 0.331727
-0.62488 0.332549
-0.61904 0.333283
-0.6132 0.334728
-0.60736 0.33491
-0.60152 0.334711
-0.59568 0.334711
-0.58984 0.334711
-0.584 0.334711
-0.57816 0.334711
-0.57232 0.334711
-0.56648 0.334711
-0.56064 0.334711
-0.5548 0.334711
-0.54896 0.334711
-0.54312 0.334711
-0.53728 0.334711
-0.53144 0.334711
-0.5256 0.334711
-0.51976 0.334711
-0.51392 0.334711
-0.50808 0.334711
-0.50224 0.334711
-0.4964 0.334711
-0.49056 0.334711
-0.48472 0.334711
-0.47888 0.334711
-0.47304 0.334711
-0.4672 0.334711
-0.46136 0.334711
-0.45552 0.334711
-0.44968 0.334711
-0.44384 0.334711
-0.438 0.334711
-0.43216 0.334711
-0.42632 0.334711
-0.42048 0.334711
-0.41464 0.334711
-0.4088 0.334711
-0.40296 0.334711
-0.39712 0.334711
-0.39128 0.334711
-0.38544 0.334711
-0.3796 0.334711
-0.37376 0.334711
-0.36792 0.334711
-0.36208 0.334711
-0.35624 0.334711
-0.3504 0.334711
-0.34456 0.334711
-0.33872 0.334711
-0.33288 0.334711
-0.32704 0.334711
-0.3212 0.334711
-0.31536 0.334711
-0.30952 0.334711
-0.30368 0.334711
-0.29784 0.334711
-0.292 0.334711
-0.28616 0.334711
-0.28032 0.334711
-0.27448 0.334711
-0.26864 0.334711
-0.2628 0.334711
-0.25696 0.334711
-0.25112 0.334711
-0.24528 0.334711
-0.23944 0.334711
-0.2336 0.334711
-0.22776 0.334711
-0.22192 0.334711
-0.21608 0.334711
-0.21024 0.334711
-0.2044 0.334711
-0.19856 0.334711
-0.19272 0.334711
-0.18688 0.334711
-0.18104 0.334711
-0.1752 0.334711
-0.16936 0.334711
-0.16352 0.334711
-0.15768 0.334711
-0.15184 0.334711
-0.146 0.334711
-0.14016 0.334711
-0.13432 0.334711
-0.12848 0.334711
-0.12264 0.334711
-0.1168 0.334711
-0.11096 0.334711
-0.10512 0.334711
-0.09928 0.334711
-0.09344 0.334711
-0.0876 0.334711
-0.08176 0.334711
-0.07592 0.334711
-0.07008 0.334711
-0.06424 0.334711
-0.0584 0.334711
-0.05256 0.334711
-0.04672 0.334711
-0.04088 0.334711
-0.03504 0.334711
-0.0292 0.334711
-0.02336 0.334711
-0.01752 0.334711
-0.01168 0.334711
-0.00584 0.334711
