-2.92 0.273313
-2.91416 0.273313
-2.90832 0.273313
-2.90248 0.273313
-2.89664 0.273313
-2.8908 0.273313
-2.88496 0.273313
-2.87912 0.273313
-2.87328 0.273313
-2.86744 0.273313
-2.8616 0.273313
-2.85576 0.273313
-2.84992 0.273313
-2.84408 0.273313
-2.83824 0.273313
-2.8324 0.273313
-2.82656 0.273313
-2.82072 0.273313
-2.81488 0.273313
-2.80904 0.273313
-2.8032 0.273313
-2.79736 0.273313
-2.79152 0.273313
-2.78568 0.273313
-2.77984 0.273313
-2.774 0.273313
-2.76816 0.273313
-2.76232 0.273313
-2.75648 0.273313
-2.75064 0.273313
-2.7448 0.273313
-2.73896 0.273313
-2.73312 0.273313
-2.72728 0.273313
-2.72144 0.273313
-2.7156 0.273313
-2.70976 0.273313
-2.70392 0.273313
-2.69808 0.273313
-2.69224 0.273313
-2.6864 0.273313
-2.68056 0.273313
-2.67472 0.273313
-2.66888 0.273313
-2.66304 0.273313
-2.6572 0.273313
-2.65136 0.273313
-2.64552 0.273313
-2.63968 0.273313
-2.63384 0.273313
-2.628 0.273313
-2.62216 0.273313
-2.61632 0.273313
-2.61048 0.273313
-2.60464 0.273313
-2.5988 0.273313
-2.59296 0.272916
-2.58712 0.272258
-2.58128 0.271511
-2.57544 0.270721
-2.5696 0.269886
-2.56376 0.269007
-2.55792 0.268041
-2.55208 0.267031
-2.54624 0.265977
-2.5404 0.264922
-2.53456 0.263822
-2.52872 0.262722
-2.52288 0.261577
-2.51704 0.26043
-2.5112 0.259242
-2.50536 0.258009
-2.49952 0.256733
-2.49368 0.255542
-2.48784 0.254265
-2.482 0.253166
-2.47616 0.251802
-2.47032 0.250393
-2.46448 0.248983
-2.45864 0.247443
-2.4528 0.245859
-2.44696 0.244273
-2.44112 0.242688
-2.43528 0.241103
-2.42944 0.239518
-2.4236 0.237934
-2.41776 0.236305
-2.41192 0.234676
-2.40608 0.233003
-2.40024 0.23133
-2.3944 0.229612
-2.38856 0.227938
-2.38272 0.226308
-2.37688 0.22459
-2.37104 0.222871
-2.3652 0.221196
-2.35936 0.219478
-2.35352 0.217759
-2.34768 0.216041
-2.34184 0.214277
-2.336 0.212557
-2.33016 0.210792
-2.32432 0.209029
-2.31848 0.207264
-2.31264 0.2055
-2.3068 0.203824
-2.30096 0.202103
-2.29512 0.200426
-2.28928 0.198751
-2.28344 0.196986
-2.2776 0.195222
-2.27176 0.193501
-2.26592 0.191914
-2.26008 0.190327
-2.25424 0.188475
-2.2484 0.186624
-2.24256 0.184817
-2.23672 0.182965
-2.23088 0.18107
-2.22504 0.179218
-2.2192 0.177322
-2.21336 0.175426
-2.20752 0.173618
-2.20168 0.17172
-2.19584 0.169868
-2.19 0.168014
-2.18416 0.166117
-2.17832 0.164222
-2.17248 0.163
-2.16664 0.161103
-2.1608 0.160175
-2.15496 0.158406
-2.14912 0.157437
-2.14328 0.155965
-2.13744 0.154698
-2.1316 0.154232
-2.12576 0.152376
-2.11992 0.151447
-2.11408 0.151442
-2.10824 0.150224
-2.1024 0.148744
-2.09656 0.148109
-2.09072 0.147643
-2.08488 0.146293
-2.07904 0.145412
-2.0732 0.144654
-2.06736 0.144654
-2.06152 0.143563
-2.05568 0.143567
-2.04984 0.14222
-2.044 0.141761
-2.03816 0.142401
-2.03232 0.141502
-2.02648 0.139872
-2.02064 0.141099
-2.0148 0.140092
-2.00896 0.139412
-2.00312 0.13878
-1.99728 0.138278
-1.99144 0.137735
-1.9856 0.137698
-1.97976 0.136442
-1.97392 0.137038
-1.96808 0.137542
-1.96224 0.134715
-1.9564 0.134685
-1.95056 0.133462
-1.94472 0.132716
-1.93888 0.129716
-1.93304 0.128591
-1.9272 0.125932
-1.92136 0.126027
-1.91552 0.122321
-1.90968 0.120138
-1.90384 0.119125
-1.898 0.116819
-1.89216 0.115212
-1.88632 0.113871
-1.88048 0.111007
-1.87464 0.107926
-1.8688 0.107653
-1.86296 0.103268
-1.85712 0.102181
-1.85128 0.100501
-1.84544 0.0953204
-1.8396 0.095673
-1.83376 0.0928185
-1.82792 0.0905001
-1.82208 0.0878221
-1.81624 0.0837859
-1.8104 0.0816045
-1.80456 0.0790826
-1.79872 0.0780413
-1.79288 0.0735659
-1.78704 0.0696523
-1.7812 0.0691238
-1.77536 0.0669466
-1.76952 0.0623603
-1.76368 0.0603104
-1.75784 0.0586422
-1.752 0.0545211
-1.74616 0.0520056
-1.74032 0.048217
-1.73448 0.0459137
-1.72864 0.0434054
-1.7228 0.0416612
-1.71696 0.0396988
-1.71112 0.0363423
-1.70528 0.0327848
-1.69944 0.0317996
-1.6936 0.0295415
-1.68776 0.0263595
-1.68192 0.0240685
-1.67608 0.0221606
-1.67024 0.021385
-1.6644 0.020746
-1.65856 0.0195978
-1.65272 0.0198433
-1.64688 0.0198806
-1.64104 0.0200456
-1.6352 0.0189117
-1.62936 0.0207641
-1.62352 0.0213996
-1.61768 0.0223348
-1.61184 0.0239106
-1.606 0.0233454
-1.60016 0.0255891
-1.59432 0.0260675
-1.58848 0.0286931
-1.58264 0.0307335
-1.5768 0.0318671
-1.57096 0.0336634
-1.56512 0.034918
-1.55928 0.0375187
-1.55344 0.0374414
-1.5476 0.0382291
-1.54176 0.03973
-1.53592 0.0425767
-1.53008 0.0464303
-1.52424 0.0480702
-1.5184 0.045828
-1.51256 0.0484367
-1.50672 0.0493284
-1.50088 0.0545292
-1.49504 0.0533294
-1.4892 0.0578076
-1.48336 0.0592567
-1.47752 0.0624692
-1.47168 0.064753
-1.46584 0.068287
-1.46 0.0715575
-1.45416 0.0754194
-1.44832 0.0758625
-1.44248 0.0789049
-1.43664 0.0799347
-1.4308 0.0826573
-1.42496 0.0856413
-1.41912 0.0882412
-1.41328 0.088816
-1.40744 0.0922
-1.4016 0.095518
-1.39576 0.09755
-1.38992 0.097443
-1.38408 0.101944
-1.37824 0.10318
-1.3724 0.103744
-1.36656 0.108101
-1.36072 0.108135
-1.35488 0.108721
-1.34904 0.109895
-1.3432 0.114074
-1.33736 0.117047
-1.33152 0.117611
-1.32568 0.120579
-1.31984 0.123236
-1.314 0.12304
-1.30816 0.128428
-1.30232 0.129459
-1.29648 0.129444
-1.29064 0.132553
-1.2848 0.134802
-1.27896 0.137245
-1.27312 0.141441
-1.26728 0.145205
-1.26144 0.148774
-1.2556 0.149998
-1.24976 0.153441
-1.24392 0.159052
-1.23808 0.162368
-1.23224 0.165896
-1.2264 0.167618
-1.22056 0.168577
-1.21472 0.173065
-1.20888 0.175126
-1.20304 0.177416
-1.1972 0.178009
-1.19136 0.182432
-1.18552 0.182793
-1.17968 0.187303
-1.17384 0.18984
-1.168 0.191777
-1.16216 0.195086
-1.15632 0.195817
-1.15048 0.199153
-1.14464 0.201175
-1.1388 0.200893
-1.13296 0.203303
-1.12712 0.20436
-1.12128 0.208944
-1.11544 0.20976
-1.1096 0.211984
-1.10376 0.21379
-1.09792 0.217671
-1.09208 0.221774
-1.08624 0.223496
-1.0804 0.22168
-1.07456 0.223503
-1.06872 0.225803
-1.06288 0.231046
-1.05704 0.23029
-1.0512 0.237457
-1.04536 0.239068
-1.03952 0.242357
-1.03368 0.246354
-1.02784 0.249346
-1.022 0.25237
-1.01616 0.255832
-1.01032 0.256427
-1.00448 0.259992
-0.99864 0.26085
-0.9928 0.265062
-0.98696 0.266569
-0.98112 0.270072
-0.97528 0.270237
-0.96944 0.273385
-0.9636 0.276222
-0.95776 0.27819
-0.95192 0.279021
-0.94608 0.282354
-0.94024 0.283853
-0.9344 0.285009
-0.92856 0.287908
-0.92272 0.287789
-0.91688 0.28742
-0.91104 0.289103
-0.9052 0.292165
-0.89936 0.294855
-0.89352 0.295194
-0.88768 0.296699
-0.88184 0.298756
-0.876 0.29786
-0.87016 0.302462
-0.86432 0.301566
-0.85848 0.301476
-0.85264 0.30362
-0.8468 0.30487
-0.84096 0.306839
-0.83512 0.307915
-0.82928 0.311285
-0.82344 0.312955
-0.8176 0.313671
-0.81176 0.314154
-0.80592 0.316831
-0.80008 0.318411
-0.79424 0.319234
-0.7884 0.320059
-0.78256 0.320127
-0.77672 0.321864
-0.77088 0.32138
-0.76504 0.32216
-0.7592 0.322723
-0.75336 0.322371
-0.74752 0.32335
-0.74168 0.324793
-0.73584 0.324432
-0.73 0.325626
-0.72416 0.326698
-0.71832 0.326373
-0.71248 0.32727
-0.70664 0.327832
-0.7008 0.327012
-0.69496 0.326973
-0.68912 0.327443
-0.68328 0.328289
-0.67744 0.329009
-0.6716 0.329849
-0.66576 0.330692
-0.65992 0.33157
-0.65408 0.333578
-0.64824 0.334624
-0.6424 0.333791
-0.63656 0.334747
-0.63072 0.335612
-0.62488 0.336436
-0.61904 0.337217
-0.6132 0.338955
-0.60736 0.339225
-0.60152 0.338863
-0.59568 0.338863
-0.58984 0.338863
-0.584 0.338863
-0.57816 0.338863
-0.57232 0.338863
-0.56648 0.338863
-0.56064 0.338863
-0.5548 0.338863
-0.54896 0.338863
-0.54312 0.338863
-0.53728 0.338863
-0.53144 0.338863
-0.5256 0.338863
-0.51976 0.338863
-0.51392 0.338863
-0.50808 0.338863
-0.50224 0.338863
-0.4964 0.338863
-0.49056 0.338863
-0.48472 0.338863
-0.47888 0.338863
-0.47304 0.338863
-0.4672 0.338863
-0.46136 0.338863
-0.45552 0.338863
-0.44968 0.338863
-0.44384 0.338863
-0.438 0.338863
-0.43216 0.338863
-0.42632 0.338863
-0.42048 0.338863
-0.41464 0.338863
-0.4088 0.338863
-0.40296 0.338863
-0.39712 0.338863
-0.39128 0.338863
-0.38544 0.338863
-0.3796 0.338863
-0.37376 0.338863
-0.36792 0.338863
-0.36208 0.338863
-0.35624 0.338863
-0.3504 0.338863
-0.34456 0.338863
-0.33872 0.338863
-0.33288 0.338863
-0.32704 0.338863
-0.3212 0.338863
-0.31536 0.338863
-0.30952 0.338863
-0.30368 0.338863
-0.29784 0.338863
-0.292 0.338863
-0.28616 0.338863
-0.28032 0.338863
-0.27448 0.338863
-0.26864 0.338863
-0.2628 0.338863
-0.25696 0.338863
-0.25112 0.338863
-0.24528 0.338863
-0.23944 0.338863
-0.2336 0.338863
-0.22776 0.338863
-0.22192 0.338863
-0.21608 0.338863
-0.21024 0.338863
-0.2044 0.338863
-0.19856 0.338863
-0.19272 0.338863
-0.18688 0.338863
-0.18104 0.338863
-0.1752 0.338863
-0.16936 0.338863
-0.16352 0.338863
-0.15768 0.338863
-0.15184 0.338863
-0.146 0.338863
-0.14016 0.338863
-0.13432 0.338863
-0.12848 0.338863
-0.12264 0.338863
-0.1168 0.338863
-0.11096 0.338863
-0.10512 0.338863
-0.09928 0.338863
-0.09344 0.338863
-0.0876 0.338863
-0.08176 0.338863
-0.07592 0.338863
-0.07008 0.338863
-0.06424 0.338863
-0.0584 0.338863
-0.05256 0.338863
-0.04672 0.338863
-0.04088 0.338863
-0.03504 0.338863
-0.0292 0.338863
-0.02336 0.338863
-0.01752 0.338863
-0.01168 0.338863
-0.00584 0.338863
