-2.92 0.249273
-2.91416 0.249273
-2.90832 0.249273
-2.90248 0.249273
-2.89664 0.249273
-2.8908 0.249273
-2.88496 0.249273
-2.87912 0.249273
-2.87328 0.249273
-2.86744 0.249273
-2.8616 0.249273
-2.85576 0.249273
-2.84992 0.249273
-2.84408 0.249273
-2.83824 0.249273
-2.8324 0.249273
-2.82656 0.249273
-2.82072 0.249273
-2.81488 0.249273
-2.80904 0.249273
-2.8032 0.249273
-2.79736 0.249273
-2.79152 0.249273
-2.78568 0.249273
-2.77984 0.249273
-2.774 0.249273
-2.76816 0.249273
-2.76232 0.249273
-2.75648 0.249273
-2.75064 0.249273
-2.7448 0.249273
-2.73896 0.249273
-2.73312 0.249273
-2.72728 0.249273
-2.72144 0.249273
-2.7156 0.249273
-2.70976 0.249273
-2.70392 0.249273
-2.69808 0.249273
-2.69224 0.249273
-2.6864 0.249273
-2.68056 0.249273
-2.67472 0.249273
-2.66888 0.249273
-2.66304 0.249273
-2.6572 0.249273
-2.65136 0.249273
-2.64552 0.249273
-2.63968 0.249273
-2.63384 0.249273
-2.628 0.249273
-2.62216 0.249273
-2.61632 0.249273
-2.61048 0.249273
-2.60464 0.249273
-2.5988 0.249273
-2.59296 0.248876
-2.58712 0.248299
-2.58128 0.247636
-2.57544 0.246929
-2.5696 0.246221
-2.56376 0.245513
-2.55792 0.24476
-2.55208 0.244006
-2.54624 0.243164
-2.5404 0.242233
-2.53456 0.241347
-2.52872 0.24046
-2.52288 0.239529
-2.51704 0.238467
-2.5112 0.237405
-2.50536 0.236387
-2.49952 0.235283
-2.49368 0.234266
-2.48784 0.233203
-2.482 0.232272
-2.47616 0.231076
-2.47032 0.229882
-2.46448 0.2286
-2.45864 0.227361
-2.4528 0.226034
-2.44696 0.224708
-2.44112 0.223381
-2.43528 0.222094
-2.42944 0.22072
-2.4236 0.219347
-2.41776 0.217928
-2.41192 0.216598
-2.40608 0.215223
-2.40024 0.213805
-2.3944 0.212343
-2.38856 0.21097
-2.38272 0.209508
-2.37688 0.208047
-2.37104 0.206585
-2.3652 0.205079
-2.35936 0.203573
-2.35352 0.202111
-2.34768 0.200647
-2.34184 0.199184
-2.336 0.197677
-2.33016 0.196213
-2.32432 0.194661
-2.31848 0.193065
-2.31264 0.191471
-2.3068 0.189919
-2.30096 0.18828
-2.29512 0.186728
-2.28928 0.185132
-2.28344 0.183451
-2.2776 0.181856
-2.27176 0.180262
-2.26592 0.178844
-2.26008 0.177294
-2.25424 0.175567
-2.2484 0.17384
-2.24256 0.172069
-2.23672 0.17034
-2.23088 0.168524
-2.22504 0.166752
-2.2192 0.16498
-2.21336 0.163164
-2.20752 0.161391
-2.20168 0.159574
-2.19584 0.157801
-2.19 0.15603
-2.18416 0.154213
-2.17832 0.152353
-2.17248 0.151169
-2.16664 0.149563
-2.1608 0.148208
-2.15496 0.147065
-2.14912 0.145456
-2.14328 0.144731
-2.13744 0.143547
-2.1316 0.142358
-2.12576 0.141219
-2.11992 0.140666
-2.11408 0.139772
-2.10824 0.138671
-2.1024 0.137355
-2.09656 0.136335
-2.09072 0.136206
-2.08488 0.135101
-2.07904 0.134717
-2.0732 0.133535
-2.06736 0.133018
-2.06152 0.132381
-2.05568 0.131162
-2.04984 0.131122
-2.044 0.131468
-2.03816 0.130152
-2.03232 0.129899
-2.02648 0.128969
-2.02064 0.128969
-2.0148 0.128538
-2.00896 0.12728
-2.00312 0.129255
-1.99728 0.12643
-1.99144 0.127945
-1.9856 0.127399
-1.97976 0.125747
-1.97392 0.126719
-1.96808 0.125462
-1.96224 0.126306
-1.9564 0.124017
-1.95056 0.123895
-1.94472 0.12208
-1.93888 0.120053
-1.93304 0.117906
-1.9272 0.118707
-1.92136 0.114747
-1.91552 0.113303
-1.90968 0.11107
-1.90384 0.109051
-1.898 0.10875
-1.89216 0.107362
-1.88632 0.102649
-1.88048 0.101805
-1.87464 0.0980073
-1.8688 0.0972621
-1.86296 0.0955851
-1.85712 0.0929731
-1.85128 0.0917594
-1.84544 0.0880571
-1.8396 0.0861709
-1.83376 0.0845358
-1.82792 0.0828695
-1.82208 0.0795483
-1.81624 0.0776305
-1.8104 0.0761303
-1.80456 0.0744139
-1.79872 0.0716313
-1.79288 0.0689497
-1.78704 0.0661039
-1.7812 0.0631606
-1.77536 0.0609829
-1.76952 0.0574015
-1.76368 0.0559417
-1.75784 0.0536019
-1.752 0.0513419
-1.74616 0.0488679
-1.74032 0.0456027
-1.73448 0.0434625
-1.72864 0.0412981
-1.7228 0.03794
-1.71696 0.0373775
-1.71112 0.0342322
-1.70528 0.0310964
-1.69944 0.0289248
-1.6936 0.0265093
-1.68776 0.0252683
-1.68192 0.0225078
-1.67608 0.0212741
-1.67024 0.0197955
-1.6644 0.0194899
-1.65856 0.0184744
-1.65272 0.0184246
-1.64688 0.0175784
-1.64104 0.0192975
-1.6352 0.0195107
-1.62936 0.019979
-1.62352 0.0202826
-1.61768 0.0219376
-1.61184 0.0225407
-1.606 0.0229284
-1.60016 0.0236731
-1.59432 0.0267155
-1.58848 0.0284543
-1.58264 0.0295583
-1.5768 0.0293018
-1.57096 0.0313552
-1.56512 0.0342874
-1.55928 0.0351255
-1.55344 0.0354049
-1.5476 0.0382962
-1.54176 0.0404794
-1.53592 0.0416607
-1.53008 0.0437165
-1.52424 0.0452978
-1.5184 0.0448966
-1.51256 0.0463365
-1.50672 0.0493347
-1.50088 0.0490904
-1.49504 0.0509598
-1.4892 0.0550406
-1.48336 0.0574956
-1.47752 0.0603529
-1.47168 0.0609862
-1.46584 0.0619797
-1.46 0.0676607
-1.45416 0.0696188
-1.44832 0.0719303
-1.44248 0.0724059
-1.43664 0.0747891
-1.4308 0.077879
-1.42496 0.0790449
-1.41912 0.0823373
-1.41328 0.0828916
-1.40744 0.0856349
-1.4016 0.0885785
-1.39576 0.0909782
-1.38992 0.0911112
-1.38408 0.0947336
-1.37824 0.0953668
-1.3724 0.0981724
-1.36656 0.099928
-1.36072 0.102646
-1.35488 0.0994008
-1.34904 0.100675
-1.3432 0.10613
-1.33736 0.107657
-1.33152 0.107674
-1.32568 0.109485
-1.31984 0.112648
-1.314 0.115077
-1.30816 0.119353
-1.30232 0.118514
-1.29648 0.120528
-1.29064 0.122009
-1.2848 0.125731
-1.27896 0.127466
-1.27312 0.128768
-1.26728 0.132723
-1.26144 0.137993
-1.2556 0.138842
-1.24976 0.141935
-1.24392 0.144964
-1.23808 0.149393
-1.23224 0.150799
-1.2264 0.153578
-1.22056 0.156465
-1.21472 0.158525
-1.20888 0.159105
-1.20304 0.164385
-1.1972 0.16557
-1.19136 0.167703
-1.18552 0.169293
-1.17968 0.172573
-1.17384 0.174219
-1.168 0.175927
-1.16216 0.1782
-1.15632 0.182612
-1.15048 0.183284
-1.14464 0.184776
-1.1388 0.182031
-1.13296 0.185368
-1.12712 0.18949
-1.12128 0.190977
-1.11544 0.192143
-1.1096 0.194669
-1.10376 0.198889
-1.09792 0.199708
-1.09208 0.203144
-1.08624 0.206116
-1.0804 0.203948
-1.07456 0.205174
-1.06872 0.209899
-1.06288 0.209813
-1.05704 0.210801
-1.0512 0.217433
-1.04536 0.220406
-1.03952 0.224568
-1.03368 0.225746
-1.02784 0.227262
-1.022 0.232718
-1.01616 0.234105
-1.01032 0.236961
-1.00448 0.23797
-0.99864 0.241072
-0.9928 0.242884
-0.98696 0.244963
-0.98112 0.247147
-0.97528 0.247994
-0.96944 0.250293
-0.9636 0.25357
-0.95776 0.255637
-0.95192 0.256721
-0.94608 0.25971
-0.94024 0.260368
-0.9344 0.263299
-0.92856 0.264017
-0.92272 0.2656
-0.91688 0.262111
-0.91104 0.262902
-0.9052 0.266965
-0.89936 0.269066
-0.89352 0.268588
-0.88768 0.270097
-0.88184 0.272861
-0.876 0.273612
-0.87016 0.277524
-0.86432 0.275218
-0.85848 0.276855
-0.85264 0.277207
-0.8468 0.280044
-0.84096 0.279836
-0.83512 0.279939
-0.82928 0.28352
-0.82344 0.284974
-0.8176 0.286628
-0.81176 0.28581
-0.80592 0.287798
-0.80008 0.289175
-0.79424 0.290353
-0.7884 0.290093
-0.78256 0.291361
-0.77672 0.291546
-0.77088 0.289628
-0.76504 0.292582
-0.7592 0.291673
-0.75336 0.291718
-0.74752 0.292619
-0.74168 0.294269
-0.73584 0.292845
-0.73 0.29356
-0.72416 0.293195
-0.71832 0.294504
-0.71248 0.294716
-0.70664 0.294882
-0.7008 0.292414
-0.69496 0.292681
-0.68912 0.293511
-0.68328 0.293596
-0.67744 0.294269
-0.6716 0.294938
-0.66576 0.295438
-0.65992 0.296061
-0.65408 0.297778
-0.64824 0.298948
-0.6424 0.297851
-0.63656 0.298634
-0.63072 0.299417
-0.62488 0.300149
-0.61904 0.300752
-0.6132 0.302156
-0.60736 0.302504
-0.60152 0.302266
-0.59568 0.302266
-0.58984 0.302266
-0.584 0.302266
-0.57816 0.302266
-0.57232 0.302266
-0.56648 0.302266
-0.56064 0.302266
-0.5548 0.302266
-0.54896 0.302266
-0.54312 0.302266
-0.53728 0.302266
-0.53144 0.302266
-0.5256 0.302266
-0.51976 0.302266
-0.51392 0.302266
-0.50808 0.302266
-0.50224 0.302266
-0.4964 0.302266
-0.49056 0.302266
-0.48472 0.302266
-0.47888 0.302266
-0.47304 0.302266
-0.4672 0.302266
-0.46136 0.302266
-0.45552 0.302266
-0.44968 0.302266
-0.44384 0.302266
-0.438 0.302266
-0.43216 0.302266
-0.42632 0.302266
-0.42048 0.302266
-0.41464 0.302266
-0.4088 0.302266
-0.40296 0.302266
-0.39712 0.302266
-0.39128 0.302266
-0.38544 0.302266
-0.3796 0.302266
-0.37376 0.302266
-0.36792 0.302266
-0.36208 0.302266
-0.35624 0.302266
-0.3504 0.302266
-0.34456 0.302266
-0.33872 0.302266
-0.33288 0.302266
-0.32704 0.302266
-0.3212 0.302266
-0.31536 0.302266
-0.30952 0.302266
-0.30368 0.302266
-0.29784 0.302266
-0.292 0.302266
-0.28616 0.302266
-0.28032 0.302266
-0.27448 0.302266
-0.26864 0.302266
-0.2628 0.302266
-0.25696 0.302266
-0.25112 0.302266
-0.24528 0.302266
-0.23944 0.302266
-0.2336 0.302266
-0.22776 0.302266
-0.22192 0.302266
-0.21608 0.302266
-0.21024 0.302266
-0.2044 0.302266
-0.19856 0.302266
-0.19272 0.302266
-0.18688 0.302266
-0.18104 0.302266
-0.1752 0.302266
-0.16936 0.302266
-0.16352 0.302266
-0.15768 0.302266
-0.15184 0.302266
-0.146 0.302266
-0.14016 0.302266
-0.13432 0.302266
-0.12848 0.302266
-0.12264 0.302266
-0.1168 0.302266
-0.11096 0.302266
-0.10512 0.302266
-0.09928 0.302266
-0.09344 0.302266
-0.0876 0.302266
-0.08176 0.302266
-0.07592 0.302266
-0.07008 0.302266
-0.06424 0.302266
-0.0584 0.302266
-0.05256 0.302266
-0.04672 0.302266
-0.04088 0.302266
-0.03504 0.302266
-0.0292 0.302266
-0.02336 0.302266
-0.01752 0.302266
-0.01168 0.302266
-0.00584 0.302266
