-2.92 0.387556
-2.91416 0.387556
-2.90832 0.387556
-2.90248 0.387556
-2.89664 0.387556
-2.8908 0.387556
-2.88496 0.387556
-2.87912 0.387556
-2.87328 0.387556
-2.86744 0.387556
-2.8616 0.387556
-2.85576 0.387556
-2.84992 0.387556
-2.84408 0.387556
-2.83824 0.387556
-2.8324 0.387556
-2.82656 0.387556
-2.82072 0.387556
-2.81488 0.387556
-2.80904 0.387556
-2.8032 0.387556
-2.79736 0.387556
-2.79152 0.387556
-2.78568 0.387556
-2.77984 0.387556
-2.774 0.387556
-2.76816 0.387556
-2.76232 0.387556
-2.75648 0.387556
-2.75064 0.387556
-2.7448 0.387556
-2.73896 0.387556
-2.73312 0.387556
-2.72728 0.387556
-2.72144 0.387556
-2.7156 0.387556
-2.70976 0.387556
-2.70392 0.387556
-2.69808 0.387556
-2.69224 0.387556
-2.6864 0.387556
-2.68056 0.387556
-2.67472 0.387556
-2.66888 0.387556
-2.66304 0.387556
-2.6572 0.387556
-2.65136 0.387556
-2.64552 0.387556
-2.63968 0.387556
-2.63384 0.387556
-2.628 0.387556
-2.62216 0.387556
-2.61632 0.387556
-2.61048 0.387556
-2.60464 0.387556
-2.5988 0.387556
-2.59296 0.387073
-2.58712 0.386413
-2.58128 0.385579
-2.57544 0.384744
-2.5696 0.38391
-2.56376 0.382944
-2.55792 0.381845
-2.55208 0.380657
-2.54624 0.379336
-2.5404 0.377927
-2.53456 0.376389
-2.52872 0.374805
-2.52288 0.373222
-2.51704 0.37151
-2.5112 0.369709
-2.50536 0.367906
-2.49952 0.36597
-2.49368 0.364124
-2.48784 0.362278
-2.482 0.36052
-2.47616 0.358539
-2.47032 0.356514
-2.46448 0.354444
-2.45864 0.352329
-2.4528 0.350084
-2.44696 0.347795
-2.44112 0.34555
-2.43528 0.343261
-2.42944 0.34106
-2.4236 0.338813
-2.41776 0.336567
-2.41192 0.334277
-2.40608 0.332031
-2.40024 0.32983
-2.3944 0.327539
-2.38856 0.325335
-2.38272 0.322999
-2.37688 0.320663
-2.37104 0.318326
-2.3652 0.315989
-2.35936 0.31365
-2.35352 0.311355
-2.34768 0.30906
-2.34184 0.30672
-2.336 0.304292
-2.33016 0.301909
-2.32432 0.299612
-2.31848 0.297183
-2.31264 0.294754
-2.3068 0.29237
-2.30096 0.289986
-2.29512 0.28756
-2.28928 0.285131
-2.28344 0.282572
-2.2776 0.2801
-2.27176 0.277673
-2.26592 0.275202
-2.26008 0.272861
-2.25424 0.270213
-2.2484 0.26761
-2.24256 0.265008
-2.23672 0.262316
-2.23088 0.259625
-2.22504 0.256978
-2.2192 0.254285
-2.21336 0.251637
-2.20752 0.249076
-2.20168 0.246384
-2.19584 0.24378
-2.19 0.241088
-2.18416 0.238567
-2.17832 0.23634
-2.17248 0.234239
-2.16664 0.231418
-2.1608 0.229733
-2.15496 0.228057
-2.14912 0.226039
-2.14328 0.224147
-2.13744 0.221581
-2.1316 0.220026
-2.12576 0.218681
-2.11992 0.216241
-2.11408 0.215403
-2.10824 0.213221
-2.1024 0.212004
-2.09656 0.210152
-2.09072 0.208552
-2.08488 0.206918
-2.07904 0.204736
-2.0732 0.203677
-2.06736 0.202466
-2.06152 0.200656
-2.05568 0.20016
-2.04984 0.199116
-2.044 0.197986
-2.03816 0.195819
-2.03232 0.195995
-2.02648 0.193933
-2.02064 0.192965
-2.0148 0.191624
-2.00896 0.19036
-2.00312 0.189329
-1.99728 0.188022
-1.99144 0.186553
-1.9856 0.185676
-1.97976 0.184548
-1.97392 0.182588
-1.96808 0.182085
-1.96224 0.179556
-1.9564 0.176503
-1.95056 0.176755
-1.94472 0.176009
-1.93888 0.170569
-1.93304 0.169269
-1.9272 0.166839
-1.92136 0.164697
-1.91552 0.162388
-1.90968 0.159352
-1.90384 0.156505
-1.898 0.15148
-1.89216 0.151513
-1.88632 0.148441
-1.88048 0.145276
-1.87464 0.142429
-1.8688 0.139771
-1.86296 0.136243
-1.85712 0.132643
-1.85128 0.129909
-1.84544 0.130311
-1.8396 0.126015
-1.83376 0.121988
-1.82792 0.12092
-1.82208 0.117184
-1.81624 0.11586
-1.8104 0.111019
-1.80456 0.108594
-1.79872 0.103889
-1.79288 0.101171
-1.78704 0.0982741
-1.7812 0.0956924
-1.77536 0.092465
-1.76952 0.0881558
-1.76368 0.0866588
-1.75784 0.0841138
-1.752 0.0808052
-1.74616 0.0761083
-1.74032 0.0735685
-1.73448 0.0710334
-1.72864 0.0672204
-1.7228 0.0648879
-1.71696 0.0588943
-1.71112 0.0573099
-1.70528 0.0527956
-1.69944 0.0512738
-1.6936 0.0484437
-1.68776 0.0441814
-1.68192 0.0417449
-1.67608 0.0405504
-1.67024 0.0369024
-1.6644 0.0364776
-1.65856 0.0332844
-1.65272 0.03182
-1.64688 0.0319705
-1.64104 0.0300111
-1.6352 0.0301609
-1.62936 0.0303967
-1.62352 0.0310289
-1.61768 0.0329388
-1.61184 0.0305028
-1.606 0.0316244
-1.60016 0.0325986
-1.59432 0.0359216
-1.58848 0.0356383
-1.58264 0.039668
-1.5768 0.0377448
-1.57096 0.0407174
-1.56512 0.04239
-1.55928 0.0457621
-1.55344 0.0469951
-1.5476 0.0502999
-1.54176 0.0502343
-1.53592 0.0532312
-1.53008 0.0554906
-1.52424 0.057471
-1.5184 0.0587708
-1.51256 0.0596995
-1.50672 0.063809
-1.50088 0.065089
-1.49504 0.0675084
-1.4892 0.0730671
-1.48336 0.0726938
-1.47752 0.0747091
-1.47168 0.0796695
-1.46584 0.0818069
-1.46 0.0862131
-1.45416 0.088447
-1.44832 0.0924679
-1.44248 0.0954084
-1.43664 0.0964748
-1.4308 0.100475
-1.42496 0.10059
-1.41912 0.10694
-1.41328 0.107918
-1.40744 0.110714
-1.4016 0.113028
-1.39576 0.11718
-1.38992 0.119171
-1.38408 0.122672
-1.37824 0.123857
-1.3724 0.126479
-1.36656 0.12971
-1.36072 0.129184
-1.35488 0.13208
-1.34904 0.133268
-1.3432 0.137575
-1.33736 0.138306
-1.33152 0.140988
-1.32568 0.146082
-1.31984 0.147909
-1.314 0.149512
-1.30816 0.153303
-1.30232 0.151213
-1.29648 0.154984
-1.29064 0.159916
-1.2848 0.159503
-1.27896 0.162531
-1.27312 0.164335
-1.26728 0.171531
-1.26144 0.174615
-1.2556 0.178007
-1.24976 0.179852
-1.24392 0.184104
-1.23808 0.189233
-1.23224 0.189963
-1.2264 0.194862
-1.22056 0.195892
-1.21472 0.200466
-1.20888 0.201353
-1.20304 0.203419
-1.1972 0.207399
-1.19136 0.213052
-1.18552 0.212523
-1.17968 0.217572
-1.17384 0.217969
-1.168 0.219744
-1.16216 0.2247
-1.15632 0.228199
-1.15048 0.228502
-1.14464 0.231453
-1.1388 0.229216
-1.13296 0.232078
-1.12712 0.235665
-1.12128 0.239985
-1.11544 0.240914
-1.1096 0.244591
-1.10376 0.245746
-1.09792 0.249998
-1.09208 0.251827
-1.08624 0.254695
-1.0804 0.254907
-1.07456 0.256935
-1.06872 0.259617
-1.06288 0.263236
-1.05704 0.264884
-1.0512 0.270642
-1.04536 0.272006
-1.03952 0.275361
-1.03368 0.278011
-1.02784 0.281263
-1.022 0.285942
-1.01616 0.288608
-1.01032 0.290685
-1.00448 0.29502
-0.99864 0.294534
-0.9928 0.299842
-0.98696 0.298158
-0.98112 0.304474
-0.97528 0.305464
-0.96944 0.307249
-0.9636 0.309861
-0.95776 0.313658
-0.95192 0.316698
-0.94608 0.319156
-0.94024 0.320302
-0.9344 0.32212
-0.92856 0.324349
-0.92272 0.324804
-0.91688 0.326877
-0.91104 0.327215
-0.9052 0.331253
-0.89936 0.332527
-0.89352 0.33417
-0.88768 0.337594
-0.88184 0.339736
-0.876 0.339516
-0.87016 0.345311
-0.86432 0.342307
-0.85848 0.345132
-0.85264 0.348049
-0.8468 0.348878
-0.84096 0.350593
-0.83512 0.351401
-0.82928 0.355927
-0.82344 0.358083
-0.8176 0.35849
-0.81176 0.35802
-0.80592 0.361972
-0.80008 0.36329
-0.79424 0.363568
-0.7884 0.366083
-0.78256 0.365461
-0.77672 0.367042
-0.77088 0.367835
-0.76504 0.368847
-0.7592 0.370123
-0.75336 0.372045
-0.74752 0.371082
-0.74168 0.372422
-0.73584 0.373203
-0.73 0.374875
-0.72416 0.375498
-0.71832 0.376188
-0.71248 0.377012
-0.70664 0.377533
-0.7008 0.376349
-0.69496 0.377207
-0.68912 0.378112
-0.68328 0.37892
-0.67744 0.379019
-0.6716 0.380376
-0.66576 0.380885
-0.65992 0.381603
-0.65408 0.383527
-0.64824 0.384794
-0.6424 0.384345
-0.63656 0.385681
-0.63072 0.386516
-0.62488 0.387511
-0.61904 0.388461
-0.6132 0.390334
-0.60736 0.390819
-0.60152 0.390711
-0.59568 0.390711
-0.58984 0.390711
-0.584 0.390711
-0.57816 0.390711
-0.57232 0.390711
-0.56648 0.390711
-0.56064 0.390711
-0.5548 0.390711
-0.54896 0.390711
-0.54312 0.390711
-0.53728 0.390711
-0.53144 0.390711
-0.5256 0.390711
-0.51976 0.390711
-0.51392 0.390711
-0.50808 0.390711
-0.50224 0.390711
-0.4964 0.390711
-0.49056 0.390711
-0.48472 0.390711
-0.47888 0.390711
-0.47304 0.390711
-0.4672 0.390711
-0.46136 0.390711
-0.45552 0.390711
-0.44968 0.390711
-0.44384 0.390711
-0.438 0.390711
-0.43216 0.390711
-0.42632 0.390711
-0.42048 0.390711
-0.41464 0.390711
-0.4088 0.390711
-0.40296 0.390711
-0.39712 0.390711
-0.39128 0.390711
-0.38544 0.390711
-0.3796 0.390711
-0.37376 0.390711
-0.36792 0.390711
-0.36208 0.390711
-0.35624 0.390711
-0.3504 0.390711
-0.34456 0.390711
-0.33872 0.390711
-0.33288 0.390711
-0.32704 0.390711
-0.3212 0.390711
-0.31536 0.390711
-0.30952 0.390711
-0.30368 0.390711
-0.29784 0.390711
-0.292 0.390711
-0.28616 0.390711
-0.28032 0.390711
-0.27448 0.390711
-0.26864 0.390711
-0.2628 0.390711
-0.25696 0.390711
-0.25112 0.390711
-0.24528 0.390711
-0.23944 0.390711
-0.2336 0.390711
-0.22776 0.390711
-0.22192 0.390711
-0.21608 0.390711
-0.21024 0.390711
-0.2044 0.390711
-0.19856 0.390711
-0.19272 0.390711
-0.18688 0.390711
-0.18104 0.390711
-0.1752 0.390711
-0.16936 0.390711
-0.16352 0.390711
-0.15768 0.390711
-0.15184 0.390711
-0.146 0.390711
-0.14016 0.390711
-0.13432 0.390711
-0.12848 0.390711
-0.12264 0.390711
-0.1168 0.390711
-0.11096 0.390711
-0.10512 0.390711
-0.09928 0.390711
-0.09344 0.390711
-0.0876 0.390711
-0.08176 0.390711
-0.07592 0.390711
-0.07008 0.390711
-0.06424 0.390711
-0.0584 0.390711
-0.05256 0.390711
-0.04672 0.390711
-0.04088 0.390711
-0.03504 0.390711
-0.0292 0.390711
-0.02336 0.390711
-0.01752 0.390711
-0.01168 0.390711
-0.00584 0.390711
