-2.92 0.161878
-2.91416 0.161878
-2.90832 0.161878
-2.90248 0.161878
-2.89664 0.161878
-2.8908 0.161878
-2.88496 0.161878
-2.87912 0.161878
-2.87328 0.161878
-2.86744 0.161878
-2.8616 0.161878
-2.85576 0.161878
-2.84992 0.161878
-2.84408 0.161878
-2.83824 0.161878
-2.8324 0.161878
-2.82656 0.161878
-2.82072 0.161878
-2.81488 0.161878
-2.80904 0.161878
-2.8032 0.161878
-2.79736 0.161878
-2.79152 0.161878
-2.78568 0.161878
-2.77984 0.161878
-2.774 0.161878
-2.76816 0.161878
-2.76232 0.161878
-2.75648 0.161878
-2.75064 0.161878
-2.7448 0.161878
-2.73896 0.161878
-2.73312 0.161878
-2.72728 0.161878
-2.72144 0.161878
-2.7156 0.161878
-2.70976 0.161878
-2.70392 0.161878
-2.69808 0.161878
-2.69224 0.161878
-2.6864 0.161878
-2.68056 0.161878
-2.67472 0.161878
-2.66888 0.161878
-2.66304 0.161878
-2.6572 0.161878
-2.65136 0.161878
-2.64552 0.161878
-2.63968 0.161878
-2.63384 0.161878
-2.628 0.161878
-2.62216 0.161878
-2.61632 0.161878
-2.61048 0.161878
-2.60464 0.161878
-2.5988 0.161878
-2.59296 0.161745
-2.58712 0.161481
-2.58128 0.161085
-2.57544 0.160556
-2.5696 0.160027
-2.56376 0.159498
-2.55792 0.158969
-2.55208 0.158439
-2.54624 0.157865
-2.5404 0.157248
-2.53456 0.156631
-2.52872 0.15597
-2.52288 0.155353
-2.51704 0.154692
-2.5112 0.154032
-2.50536 0.153415
-2.49952 0.1528
-2.49368 0.152228
-2.48784 0.151656
-2.482 0.151084
-2.47616 0.150335
-2.47032 0.149586
-2.46448 0.148837
-2.45864 0.148087
-2.4528 0.147338
-2.44696 0.146544
-2.44112 0.14575
-2.43528 0.144955
-2.42944 0.144117
-2.4236 0.143235
-2.41776 0.142352
-2.41192 0.141426
-2.40608 0.140499
-2.40024 0.139616
-2.3944 0.13869
-2.38856 0.137851
-2.38272 0.136924
-2.37688 0.135999
-2.37104 0.135029
-2.3652 0.134015
-2.35936 0.132957
-2.35352 0.1319
-2.34768 0.130799
-2.34184 0.129741
-2.336 0.128639
-2.33016 0.127582
-2.32432 0.126481
-2.31848 0.125335
-2.31264 0.124232
-2.3068 0.123086
-2.30096 0.12194
-2.29512 0.120751
-2.28928 0.119606
-2.28344 0.118418
-2.2776 0.117316
-2.27176 0.116259
-2.26592 0.115246
-2.26008 0.114145
-2.25424 0.112955
-2.2484 0.111766
-2.24256 0.110576
-2.23672 0.109387
-2.23088 0.108197
-2.22504 0.107052
-2.2192 0.105863
-2.21336 0.104674
-2.20752 0.103529
-2.20168 0.102339
-2.19584 0.10115
-2.19 0.0999603
-2.18416 0.0987709
-2.17832 0.0976257
-2.17248 0.0964808
-2.16664 0.0953348
-2.1608 0.09419
-2.15496 0.0930005
-2.14912 0.0918111
-2.14328 0.0906216
-2.13744 0.0894322
-2.1316 0.0882873
-2.12576 0.0871413
-2.11992 0.0859953
-2.11408 0.0848504
-2.10824 0.0836609
-2.1024 0.0825149
-2.09656 0.0813689
-2.09072 0.0802228
-2.08488 0.0791203
-2.07904 0.0779308
-2.0732 0.0767414
-2.06736 0.0755964
-2.06152 0.0744527
-2.05568 0.0733947
-2.04984 0.0723378
-2.044 0.0713245
-2.03816 0.0701351
-2.03232 0.0689456
-2.02648 0.0677562
-2.02064 0.0666092
-2.0148 0.066014
-2.00896 0.0650814
-2.00312 0.0641891
-1.99728 0.0638488
-1.99144 0.063171
-1.9856 0.062491
-1.97976 0.0620234
-1.97392 0.0621078
-1.96808 0.0613017
-1.96224 0.0610047
-1.9564 0.0606222
-1.95056 0.0604147
-1.94472 0.0601574
-1.93888 0.0590976
-1.93304 0.057527
-1.9272 0.0561253
-1.92136 0.0543404
-1.91552 0.0532836
-1.90968 0.0515313
-1.90384 0.0497592
-1.898 0.0483553
-1.89216 0.0469143
-1.88632 0.0447056
-1.88048 0.0439832
-1.87464 0.0424571
-1.8688 0.0405879
-1.86296 0.0394028
-1.85712 0.0376198
-1.85128 0.0362648
-1.84544 0.0345679
-1.8396 0.0332207
-1.83376 0.0322922
-1.82792 0.0314083
-1.82208 0.030399
-1.81624 0.0289153
-1.8104 0.0272245
-1.80456 0.0267639
-1.79872 0.0253278
-1.79288 0.0246566
-1.78704 0.0234296
-1.7812 0.0226308
-1.77536 0.021749
-1.76952 0.021121
-1.76368 0.0201109
-1.75784 0.0191467
-1.752 0.0186072
-1.74616 0.0182801
-1.74032 0.0172326
-1.73448 0.0173313
-1.72864 0.0159477
-1.7228 0.0157511
-1.71696 0.0147247
-1.71112 0.0136576
-1.70528 0.0136741
-1.69944 0.0128427
-1.6936 0.0120973
-1.68776 0.0114361
-1.68192 0.0107371
-1.67608 0.00994758
-1.67024 0.0102615
-1.6644 0.0106156
-1.65856 0.010671
-1.65272 0.0119606
-1.64688 0.0116811
-1.64104 0.0130097
-1.6352 0.0159547
-1.62936 0.0167777
-1.62352 0.0175235
-1.61768 0.0203817
-1.61184 0.0211373
-1.606 0.0214686
-1.60016 0.0223071
-1.59432 0.0219277
-1.58848 0.023503
-1.58264 0.0225337
-1.5768 0.0247924
-1.57096 0.0256928
-1.56512 0.025875
-1.55928 0.0270312
-1.55344 0.0268414
-1.5476 0.0302839
-1.54176 0.0313153
-1.53592 0.0323933
-1.53008 0.0315807
-1.52424 0.0316515
-1.5184 0.0319687
-1.51256 0.0342318
-1.50672 0.034547
-1.50088 0.0348256
-1.49504 0.0388598
-1.4892 0.0396506
-1.48336 0.0414544
-1.47752 0.0431249
-1.47168 0.0445842
-1.46584 0.0445368
-1.46 0.045593
-1.45416 0.0461083
-1.44832 0.048127
-1.44248 0.0509496
-1.43664 0.051663
-1.4308 0.0524112
-1.42496 0.0535865
-1.41912 0.0544192
-1.41328 0.0566542
-1.40744 0.0579572
-1.4016 0.0604924
-1.39576 0.0608608
-1.38992 0.0616106
-1.38408 0.0610598
-1.37824 0.0618551
-1.3724 0.063588
-1.36656 0.0649353
-1.36072 0.0658133
-1.35488 0.068512
-1.34904 0.069177
-1.3432 0.0721381
-1.33736 0.0720436
-1.33152 0.0752096
-1.32568 0.0774936
-1.31984 0.0774416
-1.314 0.0773545
-1.30816 0.0789487
-1.30232 0.078877
-1.29648 0.0799284
-1.29064 0.0822114
-1.2848 0.0837299
-1.27896 0.0883826
-1.27312 0.0875888
-1.26728 0.0893791
-1.26144 0.0917393
-1.2556 0.0923204
-1.24976 0.0946425
-1.24392 0.0952317
-1.23808 0.0966247
-1.23224 0.0979745
-1.2264 0.09983
-1.22056 0.101343
-1.21472 0.102196
-1.20888 0.102826
-1.20304 0.104171
-1.1972 0.106797
-1.19136 0.107464
-1.18552 0.107892
-1.17968 0.111141
-1.17384 0.11098
-1.168 0.112229
-1.16216 0.112579
-1.15632 0.11278
-1.15048 0.114467
-1.14464 0.115011
-1.1388 0.117595
-1.13296 0.118233
-1.12712 0.119536
-1.12128 0.121526
-1.11544 0.122661
-1.1096 0.125913
-1.10376 0.127389
-1.09792 0.128069
-1.09208 0.129181
-1.08624 0.127755
-1.0804 0.128645
-1.07456 0.131097
-1.06872 0.130876
-1.06288 0.131976
-1.05704 0.137582
-1.0512 0.138092
-1.04536 0.139441
-1.03952 0.140992
-1.03368 0.143284
-1.02784 0.142766
-1.022 0.144045
-1.01616 0.144193
-1.01032 0.146138
-1.00448 0.149518
-0.99864 0.149557
-0.9928 0.150188
-0.98696 0.15107
-0.98112 0.151487
-0.97528 0.153003
-0.96944 0.154813
-0.9636 0.156127
-0.95776 0.156288
-0.95192 0.15831
-0.94608 0.156494
-0.94024 0.156404
-0.9344 0.157887
-0.92856 0.159027
-0.92272 0.160072
-0.91688 0.162481
-0.91104 0.162938
-0.9052 0.164374
-0.89936 0.165762
-0.89352 0.167361
-0.88768 0.169221
-0.88184 0.169891
-0.876 0.169296
-0.87016 0.170512
-0.86432 0.170772
-0.85848 0.170472
-0.85264 0.171859
-0.8468 0.172361
-0.84096 0.175852
-0.83512 0.176016
-0.82928 0.175549
-0.82344 0.177441
-0.8176 0.177771
-0.81176 0.178479
-0.80592 0.178644
-0.80008 0.179269
-0.79424 0.17994
-0.7884 0.18086
-0.78256 0.181951
-0.77672 0.181603
-0.77088 0.183156
-0.76504 0.183148
-0.7592 0.184237
-0.75336 0.18507
-0.74752 0.185487
-0.74168 0.186565
-0.73584 0.186131
-0.73 0.186999
-0.72416 0.186098
-0.71832 0.186891
-0.71248 0.187254
-0.70664 0.187997
-0.7008 0.18883
-0.69496 0.189275
-0.68912 0.190186
-0.68328 0.19093
-0.67744 0.191287
-0.6716 0.192237
-0.66576 0.193225
-0.65992 0.193499
-0.65408 0.19455
-0.64824 0.194193
-0.6424 0.194888
-0.63656 0.195578
-0.63072 0.196181
-0.62488 0.196742
-0.61904 0.197802
-0.6132 0.198021
-0.60736 0.198194
-0.60152 0.198073
-0.59568 0.198073
-0.58984 0.198073
-0.584 0.198073
-0.57816 0.198073
-0.57232 0.198073
-0.56648 0.198073
-0.56064 0.198073
-0.5548 0.198073
-0.54896 0.198073
-0.54312 0.198073
-0.53728 0.198073
-0.53144 0.198073
-0.5256 0.198073
-0.51976 0.198073
-0.51392 0.198073
-0.50808 0.198073
-0.50224 0.198073
-0.4964 0.198073
-0.49056 0.198073
-0.48472 0.198073
-0.47888 0.198073
-0.47304 0.198073
-0.4672 0.198073
-0.46136 0.198073
-0.45552 0.198073
-0.44968 0.198073
-0.44384 0.198073
-0.438 0.198073
-0.43216 0.198073
-0.42632 0.198073
-0.42048 0.198073
-0.41464 0.198073
-0.4088 0.198073
-0.40296 0.198073
-0.39712 0.198073
-0.39128 0.198073
-0.38544 0.198073
-0.3796 0.198073
-0.37376 0.198073
-0.36792 0.198073
-0.36208 0.198073
-0.35624 0.198073
-0.3504 0.198073
-0.34456 0.198073
-0.33872 0.198073
-0.33288 0.198073
-0.32704 0.198073
-0.3212 0.198073
-0.31536 0.198073
-0.30952 0.198073
-0.30368 0.198073
-0.29784 0.198073
-0.292 0.198073
-0.28616 0.198073
-0.28032 0.198073
-0.27448 0.198073
-0.26864 0.198073
-0.2628 0.198073
-0.25696 0.198073
-0.25112 0.198073
-0.24528 0.198073
-0.23944 0.198073
-0.2336 0.198073
-0.22776 0.198073
-0.22192 0.198073
-0.21608 0.198073
-0.21024 0.198073
-0.2044 0.198073
-0.19856 0.198073
-0.19272 0.198073
-0.18688 0.198073
-0.18104 0.198073
-0.1752 0.198073
-0.16936 0.198073
-0.16352 0.198073
-0.15768 0.198073
-0.15184 0.198073
-0.146 0.198073
-0.14016 0.198073
-0.13432 0.198073
-0.12848 0.198073
-0.12264 0.198073
-0.1168 0.198073
-0.11096 0.198073
-0.10512 0.198073
-0.09928 0.198073
-0.09344 0.198073
-0.0876 0.198073
-0.08176 0.198073
-0.07592 0.198073
-0.07008 0.198073
-0.06424 0.198073
-0.0584 0.198073
-0.05256 0.198073
-0.04672 0.198073
-0.04088 0.198073
-0.03504 0.198073
-0.0292 0.198073
-0.02336 0.198073
-0.01752 0.198073
-0.01168 0.198073
-0.00584 0.198073
