-2.92 0.155518
-2.91416 0.155518
-2.90832 0.155518
-2.90248 0.155518
-2.89664 0.155518
-2.8908 0.155518
-2.88496 0.155518
-2.87912 0.155518
-2.87328 0.155518
-2.86744 0.155518
-2.8616 0.155518
-2.85576 0.155518
-2.84992 0.155518
-2.84408 0.155518
-2.83824 0.155518
-2.8324 0.155518
-2.82656 0.155518
-2.82072 0.155518
-2.81488 0.155518
-2.80904 0.155518
-2.8032 0.155518
-2.79736 0.155518
-2.79152 0.155518
-2.78568 0.155518
-2.77984 0.155518
-2.774 0.155518
-2.76816 0.155518
-2.76232 0.155518
-2.75648 0.155518
-2.75064 0.155518
-2.7448 0.155518
-2.73896 0.155518
-2.73312 0.155518
-2.72728 0.155518
-2.72144 0.155518
-2.7156 0.155518
-2.70976 0.155518
-2.70392 0.155518
-2.69808 0.155518
-2.69224 0.155518
-2.6864 0.155518
-2.68056 0.155518
-2.67472 0.155518
-2.66888 0.155518
-2.66304 0.155518
-2.6572 0.155518
-2.65136 0.155518
-2.64552 0.155518
-2.63968 0.155518
-2.63384 0.155518
-2.628 0.155518
-2.62216 0.155518
-2.61632 0.155518
-2.61048 0.155518
-2.60464 0.155518
-2.5988 0.155518
-2.59296 0.155341
-2.58712 0.15512
-2.58128 0.154856
-2.57544 0.154548
-2.5696 0.15424
-2.56376 0.153846
-2.55792 0.153363
-2.55208 0.152837
-2.54624 0.15231
-2.5404 0.151741
-2.53456 0.151171
-2.52872 0.150645
-2.52288 0.150031
-2.51704 0.149416
-2.5112 0.148846
-2.50536 0.148229
-2.49952 0.147526
-2.49368 0.146865
-2.48784 0.146073
-2.482 0.145503
-2.47616 0.144668
-2.47032 0.143833
-2.46448 0.142953
-2.45864 0.14203
-2.4528 0.141108
-2.44696 0.140185
-2.44112 0.139261
-2.43528 0.138337
-2.42944 0.137369
-2.4236 0.136357
-2.41776 0.135345
-2.41192 0.134333
-2.40608 0.133364
-2.40024 0.132352
-2.3944 0.13134
-2.38856 0.130416
-2.38272 0.129403
-2.37688 0.128391
-2.37104 0.127378
-2.3652 0.126453
-2.35936 0.125439
-2.35352 0.124468
-2.34768 0.123411
-2.34184 0.122397
-2.336 0.121384
-2.33016 0.120326
-2.32432 0.119311
-2.31848 0.118297
-2.31264 0.117238
-2.3068 0.116222
-2.30096 0.115205
-2.29512 0.114234
-2.28928 0.113261
-2.28344 0.112201
-2.2776 0.111184
-2.27176 0.110168
-2.26592 0.109152
-2.26008 0.108269
-2.25424 0.107209
-2.2484 0.106149
-2.24256 0.105089
-2.23672 0.104029
-2.23088 0.102969
-2.22504 0.101911
-2.2192 0.100851
-2.21336 0.0998344
-2.20752 0.0987756
-2.20168 0.0977157
-2.19584 0.0966569
-2.19 0.095597
-2.18416 0.0945805
-2.17832 0.0935206
-2.17248 0.0925053
-2.16664 0.0914899
-2.1608 0.0904311
-2.15496 0.0893277
-2.14912 0.0882678
-2.14328 0.0871656
-2.13744 0.0860624
-2.1316 0.0849156
-2.12576 0.0837688
-2.11992 0.0826667
-2.11408 0.0815645
-2.10824 0.0804623
-2.1024 0.0793155
-2.09656 0.0782134
-2.09072 0.0771101
-2.08488 0.0759633
-2.07904 0.07486
-2.0732 0.0738013
-2.06736 0.0727415
-2.06152 0.0715947
-2.05568 0.0705349
-2.04984 0.0694316
-2.044 0.0685057
-2.03816 0.0673589
-2.03232 0.0662122
-2.02648 0.0651088
-2.02064 0.0640489
-2.0148 0.062989
-2.00896 0.0619301
-2.00312 0.0608713
-1.99728 0.0598104
-1.99144 0.0588396
-1.9856 0.0577373
-1.97976 0.0566753
-1.97392 0.0556176
-1.96808 0.0546456
-1.96224 0.0538849
-1.9564 0.0529109
-1.95056 0.0523636
-1.94472 0.0519385
-1.93888 0.0513105
-1.93304 0.0508388
-1.9272 0.0506758
-1.92136 0.0502134
-1.91552 0.0500047
-1.90968 0.0494576
-1.90384 0.0495421
-1.898 0.0493327
-1.89216 0.0494586
-1.88632 0.0484922
-1.88048 0.0496001
-1.87464 0.0481551
-1.8688 0.0489699
-1.86296 0.0488464
-1.85712 0.0484258
-1.85128 0.0500049
-1.84544 0.049709
-1.8396 0.0500206
-1.83376 0.0485791
-1.82792 0.0499069
-1.82208 0.0497103
-1.81624 0.0502262
-1.8104 0.0508746
-1.80456 0.0504096
-1.79872 0.0510511
-1.79288 0.0511031
-1.78704 0.0515788
-1.7812 0.0527714
-1.77536 0.0519368
-1.76952 0.051173
-1.76368 0.0518144
-1.75784 0.0535727
-1.752 0.0529495
-1.74616 0.0536845
-1.74032 0.0539059
-1.73448 0.0549814
-1.72864 0.0550325
-1.7228 0.0569598
-1.71696 0.0571002
-1.71112 0.0572857
-1.70528 0.0569225
-1.69944 0.0588125
-1.6936 0.060652
-1.68776 0.0593947
-1.68192 0.0624321
-1.67608 0.0630881
-1.67024 0.0634848
-1.6644 0.063139
-1.65856 0.063327
-1.65272 0.0647586
-1.64688 0.0645914
-1.64104 0.0637118
-1.6352 0.0671409
-1.62936 0.0667953
-1.62352 0.0671979
-1.61768 0.0668966
-1.61184 0.0685922
-1.606 0.0684567
-1.60016 0.0711731
-1.59432 0.070573
-1.58848 0.0726275
-1.58264 0.0720455
-1.5768 0.0734906
-1.57096 0.0752404
-1.56512 0.0781849
-1.55928 0.0778014
-1.55344 0.0758331
-1.5476 0.0770466
-1.54176 0.0803249
-1.53592 0.0819883
-1.53008 0.0813228
-1.52424 0.0831273
-1.5184 0.0856124
-1.51256 0.0853807
-1.50672 0.0865719
-1.50088 0.0898321
-1.49504 0.0887476
-1.4892 0.0934547
-1.48336 0.0927339
-1.47752 0.0933203
-1.47168 0.0940196
-1.46584 0.0954032
-1.46 0.096741
-1.45416 0.0984149
-1.44832 0.0963684
-1.44248 0.0993616
-1.43664 0.0988969
-1.4308 0.102297
-1.42496 0.10336
-1.41912 0.102984
-1.41328 0.105139
-1.40744 0.106859
-1.4016 0.108514
-1.39576 0.107092
-1.38992 0.109117
-1.38408 0.110378
-1.37824 0.112145
-1.3724 0.113329
-1.36656 0.11454
-1.36072 0.115751
-1.35488 0.118669
-1.34904 0.116917
-1.3432 0.119456
-1.33736 0.119356
-1.33152 0.119383
-1.32568 0.12157
-1.31984 0.12314
-1.314 0.124039
-1.30816 0.124661
-1.30232 0.125698
-1.29648 0.126924
-1.29064 0.129231
-1.2848 0.130627
-1.27896 0.132192
-1.27312 0.131252
-1.26728 0.130641
-1.26144 0.134162
-1.2556 0.134877
-1.24976 0.13384
-1.24392 0.138192
-1.23808 0.137692
-1.23224 0.138265
-1.2264 0.137536
-1.22056 0.138671
-1.21472 0.142101
-1.20888 0.140457
-1.20304 0.139883
-1.1972 0.144804
-1.19136 0.145092
-1.18552 0.145162
-1.17968 0.146333
-1.17384 0.146833
-1.168 0.146655
-1.16216 0.14916
-1.15632 0.149518
-1.15048 0.150368
-1.14464 0.151801
-1.1388 0.152463
-1.13296 0.154968
-1.12712 0.1561
-1.12128 0.155107
-1.11544 0.153364
-1.1096 0.154458
-1.10376 0.157849
-1.09792 0.157701
-1.09208 0.157254
-1.08624 0.157789
-1.0804 0.160081
-1.07456 0.159511
-1.06872 0.160254
-1.06288 0.163609
-1.05704 0.160711
-1.0512 0.164708
-1.04536 0.163874
-1.03952 0.163537
-1.03368 0.163528
-1.02784 0.164533
-1.022 0.164567
-1.01616 0.164596
-1.01032 0.161749
-1.00448 0.162627
-0.99864 0.161153
-0.9928 0.16375
-0.98696 0.162233
-0.98112 0.161564
-0.97528 0.160671
-0.96944 0.161622
-0.9636 0.160779
-0.95776 0.158896
-0.95192 0.160925
-0.94608 0.160188
-0.94024 0.160056
-0.9344 0.159993
-0.92856 0.159937
-0.92272 0.159288
-0.91688 0.159572
-0.91104 0.158164
-0.9052 0.159381
-0.89936 0.157241
-0.89352 0.157443
-0.88768 0.157847
-0.88184 0.157874
-0.876 0.156871
-0.87016 0.156981
-0.86432 0.15691
-0.85848 0.156443
-0.85264 0.157053
-0.8468 0.156105
-0.84096 0.155375
-0.83512 0.155277
-0.82928 0.154887
-0.82344 0.155473
-0.8176 0.155962
-0.81176 0.153951
-0.80592 0.155208
-0.80008 0.152823
-0.79424 0.153185
-0.7884 0.153081
-0.78256 0.152475
-0.77672 0.153048
-0.77088 0.152393
-0.76504 0.152681
-0.7592 0.152662
-0.75336 0.152516
-0.74752 0.151864
-0.74168 0.152224
-0.73584 0.152797
-0.73 0.152273
-0.72416 0.152419
-0.71832 0.152612
-0.71248 0.153058
-0.70664 0.153419
-0.7008 0.153948
-0.69496 0.154393
-0.68912 0.154717
-0.68328 0.15533
-0.67744 0.155986
-0.6716 0.156683
-0.66576 0.157295
-0.65992 0.15748
-0.65408 0.157441
-0.64824 0.157756
-0.6424 0.158364
-0.63656 0.158968
-0.63072 0.159066
-0.62488 0.159284
-0.61904 0.158746
-0.6132 0.158669
-0.60736 0.158674
-0.60152 0.158891
-0.59568 0.158891
-0.58984 0.158891
-0.584 0.158891
-0.57816 0.158891
-0.57232 0.158891
-0.56648 0.158891
-0.56064 0.158891
-0.5548 0.158891
-0.54896 0.158891
-0.54312 0.158891
-0.53728 0.158891
-0.53144 0.158891
-0.5256 0.158891
-0.51976 0.158891
-0.51392 0.158891
-0.50808 0.158891
-0.50224 0.158891
-0.4964 0.158891
-0.49056 0.158891
-0.48472 0.158891
-0.47888 0.158891
-0.47304 0.158891
-0.4672 0.158891
-0.46136 0.158891
-0.45552 0.158891
-0.44968 0.158891
-0.44384 0.158891
-0.438 0.158891
-0.43216 0.158891
-0.42632 0.158891
-0.42048 0.158891
-0.41464 0.158891
-0.4088 0.158891
-0.40296 0.158891
-0.39712 0.158891
-0.39128 0.158891
-0.38544 0.158891
-0.3796 0.158891
-0.37376 0.158891
-0.36792 0.158891
-0.36208 0.158891
-0.35624 0.158891
-0.3504 0.158891
-0.34456 0.158891
-0.33872 0.158891
-0.33288 0.158891
-0.32704 0.158891
-0.3212 0.158891
-0.31536 0.158891
-0.30952 0.158891
-0.30368 0.158891
-0.29784 0.158891
-0.292 0.158891
-0.28616 0.158891
-0.28032 0.158891
-0.27448 0.158891
-0.26864 0.158891
-0.2628 0.158891
-0.25696 0.158891
-0.25112 0.158891
-0.24528 0.158891
-0.23944 0.158891
-0.2336 0.158891
-0.22776 0.158891
-0.22192 0.158891
-0.21608 0.158891
-0.21024 0.158891
-0.2044 0.158891
-0.19856 0.158891
-0.19272 0.158891
-0.18688 0.158891
-0.18104 0.158891
-0.1752 0.158891
-0.16936 0.158891
-0.16352 0.158891
-0.15768 0.158891
-0.15184 0.158891
-0.146 0.158891
-0.14016 0.158891
-0.13432 0.158891
-0.12848 0.158891
-0.12264 0.158891
-0.1168 0.158891
-0.11096 0.158891
-0.10512 0.158891
-0.09928 0.158891
-0.09344 0.158891
-0.0876 0.158891
-0.08176 0.158891
-0.07592 0.158891
-0.07008 0.158891
-0.06424 0.158891
-0.0584 0.158891
-0.05256 0.158891
-0.04672 0.158891
-0.04088 0.158891
-0.03504 0.158891
-0.0292 0.158891
-0.02336 0.158891
-0.01752 0.158891
-0.01168 0.158891
-0.00584 0.158891
