-2.92 0.156952
-2.91416 0.156952
-2.90832 0.156952
-2.90248 0.156952
-2.89664 0.156952
-2.8908 0.156952
-2.88496 0.156952
-2.87912 0.156952
-2.87328 0.156952
-2.86744 0.156952
-2.8616 0.156952
-2.85576 0.156952
-2.84992 0.156952
-2.84408 0.156952
-2.83824 0.156952
-2.8324 0.156952
-2.82656 0.156952
-2.82072 0.156952
-2.81488 0.156952
-2.80904 0.156952
-2.8032 0.156952
-2.79736 0.156952
-2.79152 0.156952
-2.78568 0.156952
-2.77984 0.156952
-2.774 0.156952
-2.76816 0.156952
-2.76232 0.156952
-2.75648 0.156952
-2.75064 0.156952
-2.7448 0.156952
-2.73896 0.156952
-2.73312 0.156952
-2.72728 0.156952
-2.72144 0.156952
-2.7156 0.156952
-2.70976 0.156952
-2.70392 0.156952
-2.69808 0.156952
-2.69224 0.156952
-2.6864 0.156952
-2.68056 0.156952
-2.67472 0.156952
-2.66888 0.156952
-2.66304 0.156952
-2.6572 0.156952
-2.65136 0.156952
-2.64552 0.156952
-2.63968 0.156952
-2.63384 0.156952
-2.628 0.156952
-2.62216 0.156952
-2.61632 0.156952
-2.61048 0.156952
-2.60464 0.156952
-2.5988 0.156952
-2.59296 0.156818
-2.58712 0.156551
-2.58128 0.156106
-2.57544 0.155617
-2.5696 0.155128
-2.56376 0.154639
-2.55792 0.154105
-2.55208 0.153572
-2.54624 0.152952
-2.5404 0.152331
-2.53456 0.151711
-2.52872 0.15109
-2.52288 0.150557
-2.51704 0.149937
-2.5112 0.149359
-2.50536 0.148692
-2.49952 0.148113
-2.49368 0.147535
-2.48784 0.146957
-2.482 0.14638
-2.47616 0.145625
-2.47032 0.14487
-2.46448 0.144071
-2.45864 0.143272
-2.4528 0.14243
-2.44696 0.141588
-2.44112 0.140746
-2.43528 0.139903
-2.42944 0.139061
-2.4236 0.138175
-2.41776 0.137288
-2.41192 0.136356
-2.40608 0.135425
-2.40024 0.134538
-2.3944 0.133607
-2.38856 0.13272
-2.38272 0.131744
-2.37688 0.130811
-2.37104 0.129834
-2.3652 0.1289
-2.35936 0.127879
-2.35352 0.1269
-2.34768 0.125923
-2.34184 0.124902
-2.336 0.123881
-2.33016 0.122904
-2.32432 0.121839
-2.31848 0.120774
-2.31264 0.119709
-2.3068 0.118689
-2.30096 0.117667
-2.29512 0.116602
-2.28928 0.115494
-2.28344 0.114429
-2.2776 0.113365
-2.27176 0.112391
-2.26592 0.111416
-2.26008 0.110441
-2.25424 0.109333
-2.2484 0.108224
-2.24256 0.107116
-2.23672 0.106007
-2.23088 0.104899
-2.22504 0.103833
-2.2192 0.10268
-2.21336 0.101527
-2.20752 0.100418
-2.20168 0.0992652
-2.19584 0.0981578
-2.19 0.0970048
-2.18416 0.0958517
-2.17832 0.0947433
-2.17248 0.0936337
-2.16664 0.0924795
-2.1608 0.0913254
-2.15496 0.0901712
-2.14912 0.0889736
-2.14328 0.0878628
-2.13744 0.0866652
-2.1316 0.0855111
-2.12576 0.084358
-2.11992 0.0831604
-2.11408 0.0820085
-2.10824 0.0808108
-2.1024 0.0796132
-2.09656 0.0784156
-2.09072 0.077218
-2.08488 0.0761084
-2.07904 0.0749108
-2.0732 0.0737567
-2.06736 0.0725591
-2.06152 0.0714501
-2.05568 0.0703417
-2.04984 0.0693224
-2.044 0.068303
-2.03816 0.06715
-2.03232 0.0659524
-2.02648 0.0647548
-2.02064 0.0636845
-2.0148 0.0628699
-2.00896 0.0621827
-2.00312 0.061539
-1.99728 0.060853
-1.99144 0.0605088
-1.9856 0.0598228
-1.97976 0.0593078
-1.97392 0.0590061
-1.96808 0.0587873
-1.96224 0.0585706
-1.9564 0.0586076
-1.95056 0.0573741
-1.94472 0.057582
-1.93888 0.0563449
-1.93304 0.0554511
-1.9272 0.0540887
-1.92136 0.0524292
-1.91552 0.0506404
-1.90968 0.0494089
-1.90384 0.0473803
-1.898 0.046301
-1.89216 0.0451949
-1.88632 0.0432941
-1.88048 0.0416168
-1.87464 0.0402115
-1.8688 0.0388104
-1.86296 0.0372792
-1.85712 0.0355785
-1.85128 0.0346421
-1.84544 0.0334925
-1.8396 0.0315834
-1.83376 0.0304481
-1.82792 0.0292106
-1.82208 0.0283272
-1.81624 0.0271367
-1.8104 0.0259905
-1.80456 0.0247599
-1.79872 0.0234879
-1.79288 0.0226411
-1.78704 0.0216252
-1.7812 0.0208206
-1.77536 0.0199339
-1.76952 0.0190894
-1.76368 0.0183294
-1.75784 0.0173182
-1.752 0.0165605
-1.74616 0.0157775
-1.74032 0.0148773
-1.73448 0.0140352
-1.72864 0.0135746
-1.7228 0.0124801
-1.71696 0.012063
-1.71112 0.0112655
-1.70528 0.0108073
-1.69944 0.00958842
-1.6936 0.00908391
-1.68776 0.00842323
-1.68192 0.00788408
-1.67608 0.00735343
-1.67024 0.007193
-1.6644 0.00754514
-1.65856 0.00819376
-1.65272 0.00877496
-1.64688 0.0101272
-1.64104 0.0114111
-1.6352 0.0127056
-1.62936 0.0148364
-1.62352 0.0159932
-1.61768 0.0164023
-1.61184 0.0184179
-1.606 0.0189656
-1.60016 0.0185759
-1.59432 0.0206933
-1.58848 0.0207868
-1.58264 0.0203716
-1.5768 0.0218654
-1.57096 0.0220043
-1.56512 0.0232456
-1.55928 0.0229007
-1.55344 0.0243435
-1.5476 0.0253442
-1.54176 0.0276763
-1.53592 0.0281192
-1.53008 0.0286178
-1.52424 0.0282553
-1.5184 0.0288865
-1.51256 0.0309839
-1.50672 0.0297914
-1.50088 0.0315007
-1.49504 0.0353069
-1.4892 0.0371341
-1.48336 0.0380063
-1.47752 0.0382677
-1.47168 0.0388745
-1.46584 0.0395019
-1.46 0.0429041
-1.45416 0.0436909
-1.44832 0.0433622
-1.44248 0.047647
-1.43664 0.0478924
-1.4308 0.0503785
-1.42496 0.0500538
-1.41912 0.0522217
-1.41328 0.0533944
-1.40744 0.0536807
-1.4016 0.0548286
-1.39576 0.05803
-1.38992 0.0599193
-1.38408 0.0566274
-1.37824 0.0602653
-1.3724 0.0615583
-1.36656 0.0622408
-1.36072 0.0634599
-1.35488 0.0647256
-1.34904 0.065782
-1.3432 0.0670924
-1.33736 0.0696599
-1.33152 0.071608
-1.32568 0.0747357
-1.31984 0.0749036
-1.314 0.0746171
-1.30816 0.0756124
-1.30232 0.0768568
-1.29648 0.0776164
-1.29064 0.0795238
-1.2848 0.0814289
-1.27896 0.0848819
-1.27312 0.0862821
-1.26728 0.087851
-1.26144 0.088996
-1.2556 0.0913294
-1.24976 0.0920984
-1.24392 0.0953907
-1.23808 0.0962034
-1.23224 0.0973947
-1.2264 0.0993761
-1.22056 0.100949
-1.21472 0.101824
-1.20888 0.104895
-1.20304 0.105882
-1.1972 0.10737
-1.19136 0.110797
-1.18552 0.111491
-1.17968 0.112251
-1.17384 0.114344
-1.168 0.11472
-1.16216 0.114063
-1.15632 0.116813
-1.15048 0.118844
-1.14464 0.118652
-1.1388 0.121526
-1.13296 0.122436
-1.12712 0.124486
-1.12128 0.124948
-1.11544 0.128068
-1.1096 0.129846
-1.10376 0.132991
-1.09792 0.133546
-1.09208 0.135002
-1.08624 0.134233
-1.0804 0.135715
-1.07456 0.138299
-1.06872 0.137423
-1.06288 0.13962
-1.05704 0.144631
-1.0512 0.146564
-1.04536 0.147758
-1.03952 0.148334
-1.03368 0.149258
-1.02784 0.150228
-1.022 0.153994
-1.01616 0.154636
-1.01032 0.155325
-1.00448 0.159046
-0.99864 0.159899
-0.9928 0.161513
-0.98696 0.162215
-0.98112 0.164021
-0.97528 0.164869
-0.96944 0.166772
-0.9636 0.166835
-0.95776 0.169835
-0.95192 0.172201
-0.94608 0.168875
-0.94024 0.171717
-0.9344 0.172636
-0.92856 0.173786
-0.92272 0.174844
-0.91688 0.175268
-0.91104 0.176199
-0.9052 0.177515
-0.89936 0.179791
-0.89352 0.181277
-0.88768 0.184236
-0.88184 0.184319
-0.876 0.183822
-0.87016 0.185152
-0.86432 0.185292
-0.85848 0.186092
-0.85264 0.186767
-0.8468 0.187909
-0.84096 0.189456
-0.83512 0.190426
-0.82928 0.191396
-0.82344 0.191605
-0.8176 0.193096
-0.81176 0.193416
-0.80592 0.195137
-0.80008 0.194925
-0.79424 0.19589
-0.7884 0.196386
-0.78256 0.197349
-0.77672 0.19777
-0.77088 0.1989
-0.76504 0.19914
-0.7592 0.200533
-0.75336 0.200985
-0.74752 0.201224
-0.74168 0.20219
-0.73584 0.203484
-0.73 0.203097
-0.72416 0.202289
-0.71832 0.202858
-0.71248 0.203689
-0.70664 0.204141
-0.7008 0.204935
-0.69496 0.205382
-0.68912 0.206337
-0.68328 0.206872
-0.67744 0.207527
-0.6716 0.208523
-0.66576 0.209519
-0.65992 0.209833
-0.65408 0.211012
-0.64824 0.210493
-0.6424 0.211102
-0.63656 0.211578
-0.63072 0.212059
-0.62488 0.212447
-0.61904 0.213426
-0.6132 0.213686
-0.60736 0.213649
-0.60152 0.213613
-0.59568 0.213613
-0.58984 0.213613
-0.584 0.213613
-0.57816 0.213613
-0.57232 0.213613
-0.56648 0.213613
-0.56064 0.213613
-0.5548 0.213613
-0.54896 0.213613
-0.54312 0.213613
-0.53728 0.213613
-0.53144 0.213613
-0.5256 0.213613
-0.51976 0.213613
-0.51392 0.213613
-0.50808 0.213613
-0.50224 0.213613
-0.4964 0.213613
-0.49056 0.213613
-0.48472 0.213613
-0.47888 0.213613
-0.47304 0.213613
-0.4672 0.213613
-0.46136 0.213613
-0.45552 0.213613
-0.44968 0.213613
-0.44384 0.213613
-0.438 0.213613
-0.43216 0.213613
-0.42632 0.213613
-0.42048 0.213613
-0.41464 0.213613
-0.4088 0.213613
-0.40296 0.213613
-0.39712 0.213613
-0.39128 0.213613
-0.38544 0.213613
-0.3796 0.213613
-0.37376 0.213613
-0.36792 0.213613
-0.36208 0.213613
-0.35624 0.213613
-0.3504 0.213613
-0.34456 0.213613
-0.33872 0.213613
-0.33288 0.213613
-0.32704 0.213613
-0.3212 0.213613
-0.31536 0.213613
-0.30952 0.213613
-0.30368 0.213613
-0.29784 0.213613
-0.292 0.213613
-0.28616 0.213613
-0.28032 0.213613
-0.27448 0.213613
-0.26864 0.213613
-0.2628 0.213613
-0.25696 0.213613
-0.25112 0.213613
-0.24528 0.213613
-0.23944 0.213613
-0.2336 0.213613
-0.22776 0.213613
-0.22192 0.213613
-0.21608 0.213613
-0.21024 0.213613
-0.2044 0.213613
-0.19856 0.213613
-0.19272 0.213613
-0.18688 0.213613
-0.18104 0.213613
-0.1752 0.213613
-0.16936 0.213613
-0.16352 0.213613
-0.15768 0.213613
-0.15184 0.213613
-0.146 0.213613
-0.14016 0.213613
-0.13432 0.213613
-0.12848 0.213613
-0.12264 0.213613
-0.1168 0.213613
-0.11096 0.213613
-0.10512 0.213613
-0.09928 0.213613
-0.09344 0.213613
-0.0876 0.213613
-0.08176 0.213613
-0.07592 0.213613
-0.07008 0.213613
-0.06424 0.213613
-0.0584 0.213613
-0.05256 0.213613
-0.04672 0.213613
-0.04088 0.213613
-0.03504 0.213613
-0.0292 0.213613
-0.02336 0.213613
-0.01752 0.213613
-0.01168 0.213613
-0.00584 0.213613
