-2.92 0.164773
-2.91416 0.164773
-2.90832 0.164773
-2.90248 0.164773
-2.89664 0.164773
-2.8908 0.164773
-2.88496 0.164773
-2.87912 0.164773
-2.87328 0.164773
-2.86744 0.164773
-2.8616 0.164773
-2.85576 0.164773
-2.84992 0.164773
-2.84408 0.164773
-2.83824 0.164773
-2.8324 0.164773
-2.82656 0.164773
-2.82072 0.164773
-2.81488 0.164773
-2.80904 0.164773
-2.8032 0.164773
-2.79736 0.164773
-2.79152 0.164773
-2.78568 0.164773
-2.77984 0.164773
-2.774 0.164773
-2.76816 0.164773
-2.76232 0.164773
-2.75648 0.164773
-2.75064 0.164773
-2.7448 0.164773
-2.73896 0.164773
-2.73312 0.164773
-2.72728 0.164773
-2.72144 0.164773
-2.7156 0.164773
-2.70976 0.164773
-2.70392 0.164773
-2.69808 0.164773
-2.69224 0.164773
-2.6864 0.164773
-2.68056 0.164773
-2.67472 0.164773
-2.66888 0.164773
-2.66304 0.164773
-2.6572 0.164773
-2.65136 0.164773
-2.64552 0.164773
-2.63968 0.164773
-2.63384 0.164773
-2.628 0.164773
-2.62216 0.164773
-2.61632 0.164773
-2.61048 0.164773
-2.60464 0.164773
-2.5988 0.164773
-2.59296 0.164552
-2.58712 0.164199
-2.58128 0.163716
-2.57544 0.163232
-2.5696 0.162748
-2.56376 0.162219
-2.55792 0.161603
-2.55208 0.160986
-2.54624 0.160326
-2.5404 0.15962
-2.53456 0.158915
-2.52872 0.158254
-2.52288 0.157591
-2.51704 0.156885
-2.5112 0.156267
-2.50536 0.155561
-2.49952 0.154811
-2.49368 0.15415
-2.48784 0.153488
-2.482 0.15296
-2.47616 0.152167
-2.47032 0.151374
-2.46448 0.150536
-2.45864 0.149698
-2.4528 0.148817
-2.44696 0.147936
-2.44112 0.147012
-2.43528 0.146087
-2.42944 0.145163
-2.4236 0.144193
-2.41776 0.143224
-2.41192 0.142255
-2.40608 0.141329
-2.40024 0.14036
-2.3944 0.139391
-2.38856 0.138467
-2.38272 0.137497
-2.37688 0.136572
-2.37104 0.135603
-2.3652 0.134678
-2.35936 0.133709
-2.35352 0.13274
-2.34768 0.131727
-2.34184 0.130715
-2.336 0.129745
-2.33016 0.128732
-2.32432 0.127674
-2.31848 0.126617
-2.31264 0.125561
-2.3068 0.124592
-2.30096 0.123536
-2.29512 0.122566
-2.28928 0.121507
-2.28344 0.120405
-2.2776 0.119348
-2.27176 0.118333
-2.26592 0.117408
-2.26008 0.11644
-2.25424 0.115295
-2.2484 0.114149
-2.24256 0.113003
-2.23672 0.111858
-2.23088 0.110668
-2.22504 0.109565
-2.2192 0.108374
-2.21336 0.107184
-2.20752 0.105949
-2.20168 0.104715
-2.19584 0.103481
-2.19 0.102246
-2.18416 0.101055
-2.17832 0.0998211
-2.17248 0.0986314
-2.16664 0.097397
-2.1608 0.0962496
-2.15496 0.0949718
-2.14912 0.093694
-2.14328 0.0924608
-2.13744 0.091183
-2.1316 0.0899052
-2.12576 0.0886274
-2.11992 0.0873496
-2.11408 0.0861153
-2.10824 0.0848375
-2.1024 0.0835597
-2.09656 0.082283
-2.09072 0.0810498
-2.08488 0.0798155
-2.07904 0.0785386
-2.0732 0.0773489
-2.06736 0.0761145
-2.06152 0.0748367
-2.05568 0.0736469
-2.04984 0.072544
-2.044 0.0715315
-2.03816 0.0702983
-2.03232 0.0690651
-2.02648 0.0677873
-2.02064 0.0666825
-2.0148 0.0659575
-2.00896 0.0651911
-2.00312 0.0642561
-1.99728 0.0634464
-1.99144 0.063232
-1.9856 0.0629297
-1.97976 0.0622919
-1.97392 0.061098
-1.96808 0.0607595
-1.96224 0.0608406
-1.9564 0.0605415
-1.95056 0.0606289
-1.94472 0.0598214
-1.93888 0.058379
-1.93304 0.0577444
-1.9272 0.0560908
-1.92136 0.0546485
-1.91552 0.0523972
-1.90968 0.0507444
-1.90384 0.0499401
-1.898 0.0480325
-1.89216 0.0465497
-1.88632 0.0456178
-1.88048 0.0437135
-1.87464 0.0428271
-1.8688 0.0409664
-1.86296 0.0396135
-1.85712 0.0383465
-1.85128 0.0372062
-1.84544 0.0363242
-1.8396 0.0347607
-1.83376 0.033877
-1.82792 0.0324896
-1.82208 0.0309758
-1.81624 0.0305192
-1.8104 0.0289974
-1.80456 0.028236
-1.79872 0.0273584
-1.79288 0.0258756
-1.78704 0.0251193
-1.7812 0.0242355
-1.77536 0.0230551
-1.76952 0.022382
-1.76368 0.02188
-1.75784 0.0205306
-1.752 0.019949
-1.74616 0.0185988
-1.74032 0.018057
-1.73448 0.0172173
-1.72864 0.0158283
-1.7228 0.0155847
-1.71696 0.0148328
-1.71112 0.0139572
-1.70528 0.0129059
-1.69944 0.012921
-1.6936 0.0114505
-1.68776 0.0111677
-1.68192 0.0108843
-1.67608 0.0097103
-1.67024 0.00997993
-1.6644 0.00956872
-1.65856 0.0104235
-1.65272 0.011503
-1.64688 0.0123209
-1.64104 0.0133155
-1.6352 0.0158749
-1.62936 0.0170426
-1.62352 0.0172728
-1.61768 0.0193335
-1.61184 0.0200405
-1.606 0.0221072
-1.60016 0.0219751
-1.59432 0.0226967
-1.58848 0.0218206
-1.58264 0.0229686
-1.5768 0.023873
-1.57096 0.0251139
-1.56512 0.0264457
-1.55928 0.0260417
-1.55344 0.0269931
-1.5476 0.0308229
-1.54176 0.029956
-1.53592 0.0315402
-1.53008 0.032128
-1.52424 0.0321213
-1.5184 0.0322671
-1.51256 0.0327176
-1.50672 0.0358706
-1.50088 0.0366597
-1.49504 0.040956
-1.4892 0.0412307
-1.48336 0.0412551
-1.47752 0.0445892
-1.47168 0.0444421
-1.46584 0.0457046
-1.46 0.0473424
-1.45416 0.0473753
-1.44832 0.049346
-1.44248 0.0501857
-1.43664 0.052331
-1.4308 0.0529944
-1.42496 0.0556893
-1.41912 0.0558929
-1.41328 0.0574118
-1.40744 0.058673
-1.4016 0.0607017
-1.39576 0.0617943
-1.38992 0.0627561
-1.38408 0.0627265
-1.37824 0.0648334
-1.3724 0.066399
-1.36656 0.0681712
-1.36072 0.0691462
-1.35488 0.0683496
-1.34904 0.0715538
-1.3432 0.0738736
-1.33736 0.074138
-1.33152 0.0767177
-1.32568 0.08061
-1.31984 0.0806107
-1.314 0.0812456
-1.30816 0.0819079
-1.30232 0.0816713
-1.29648 0.0845029
-1.29064 0.0857312
-1.2848 0.0873093
-1.27896 0.0889485
-1.27312 0.0924247
-1.26728 0.0938086
-1.26144 0.0954291
-1.2556 0.0975447
-1.24976 0.0997433
-1.24392 0.100685
-1.23808 0.102119
-1.23224 0.103521
-1.2264 0.103958
-1.22056 0.105602
-1.21472 0.109507
-1.20888 0.110943
-1.20304 0.111552
-1.1972 0.11345
-1.19136 0.116169
-1.18552 0.116131
-1.17968 0.118546
-1.17384 0.120118
-1.168 0.121257
-1.16216 0.121202
-1.15632 0.123911
-1.15048 0.124003
-1.14464 0.125955
-1.1388 0.126843
-1.13296 0.128914
-1.12712 0.131171
-1.12128 0.131213
-1.11544 0.133346
-1.1096 0.137822
-1.10376 0.13872
-1.09792 0.140246
-1.09208 0.140826
-1.08624 0.141234
-1.0804 0.141313
-1.07456 0.142934
-1.06872 0.145258
-1.06288 0.14662
-1.05704 0.152279
-1.0512 0.152751
-1.04536 0.153467
-1.03952 0.156524
-1.03368 0.156185
-1.02784 0.158564
-1.022 0.159706
-1.01616 0.16073
-1.01032 0.162302
-1.00448 0.162982
-0.99864 0.165487
-0.9928 0.16616
-0.98696 0.168619
-0.98112 0.168325
-0.97528 0.170234
-0.96944 0.171421
-0.9636 0.173459
-0.95776 0.174769
-0.95192 0.175399
-0.94608 0.175041
-0.94024 0.176228
-0.9344 0.177711
-0.92856 0.178899
-0.92272 0.180257
-0.91688 0.179791
-0.91104 0.182202
-0.9052 0.18423
-0.89936 0.184403
-0.89352 0.186605
-0.88768 0.18885
-0.88184 0.189355
-0.876 0.189101
-0.87016 0.191798
-0.86432 0.189783
-0.85848 0.19185
-0.85264 0.192909
-0.8468 0.193211
-0.84096 0.194347
-0.83512 0.196886
-0.82928 0.197551
-0.82344 0.197297
-0.8176 0.199239
-0.81176 0.200121
-0.80592 0.200028
-0.80008 0.201928
-0.79424 0.202263
-0.7884 0.202472
-0.78256 0.203097
-0.77672 0.204362
-0.77088 0.205743
-0.76504 0.205612
-0.7592 0.206566
-0.75336 0.207276
-0.74752 0.207988
-0.74168 0.208141
-0.73584 0.209819
-0.73 0.210145
-0.72416 0.209382
-0.71832 0.210039
-0.71248 0.210536
-0.70664 0.211453
-0.7008 0.212115
-0.69496 0.212728
-0.68912 0.213559
-0.68328 0.214304
-0.67744 0.214709
-0.6716 0.215747
-0.66576 0.21674
-0.65992 0.21727
-0.65408 0.218234
-0.64824 0.218098
-0.6424 0.218879
-0.63656 0.219617
-0.63072 0.220267
-0.62488 0.22083
-0.61904 0.22202
-0.6132 0.222198
-0.60736 0.222459
-0.60152 0.222382
-0.59568 0.222382
-0.58984 0.222382
-0.584 0.222382
-0.57816 0.222382
-0.57232 0.222382
-0.56648 0.222382
-0.56064 0.222382
-0.5548 0.222382
-0.54896 0.222382
-0.54312 0.222382
-0.53728 0.222382
-0.53144 0.222382
-0.5256 0.222382
-0.51976 0.222382
-0.51392 0.222382
-0.50808 0.222382
-0.50224 0.222382
-0.4964 0.222382
-0.49056 0.222382
-0.48472 0.222382
-0.47888 0.222382
-0.47304 0.222382
-0.4672 0.222382
-0.46136 0.222382
-0.45552 0.222382
-0.44968 0.222382
-0.44384 0.222382
-0.438 0.222382
-0.43216 0.222382
-0.42632 0.222382
-0.42048 0.222382
-0.41464 0.222382
-0.4088 0.222382
-0.40296 0.222382
-0.39712 0.222382
-0.39128 0.222382
-0.38544 0.222382
-0.3796 0.222382
-0.37376 0.222382
-0.36792 0.222382
-0.36208 0.222382
-0.35624 0.222382
-0.3504 0.222382
-0.34456 0.222382
-0.33872 0.222382
-0.33288 0.222382
-0.32704 0.222382
-0.3212 0.222382
-0.31536 0.222382
-0.30952 0.222382
-0.30368 0.222382
-0.29784 0.222382
-0.292 0.222382
-0.28616 0.222382
-0.28032 0.222382
-0.27448 0.222382
-0.26864 0.222382
-0.2628 0.222382
-0.25696 0.222382
-0.25112 0.222382
-0.24528 0.222382
-0.23944 0.222382
-0.2336 0.222382
-0.22776 0.222382
-0.22192 0.222382
-0.21608 0.222382
-0.21024 0.222382
-0.2044 0.222382
-0.19856 0.222382
-0.19272 0.222382
-0.18688 0.222382
-0.18104 0.222382
-0.1752 0.222382
-0.16936 0.222382
-0.16352 0.222382
-0.15768 0.222382
-0.15184 0.222382
-0.146 0.222382
-0.14016 0.222382
-0.13432 0.222382
-0.12848 0.222382
-0.12264 0.222382
-0.1168 0.222382
-0.11096 0.222382
-0.10512 0.222382
-0.09928 0.222382
-0.09344 0.222382
-0.0876 0.222382
-0.08176 0.222382
-0.07592 0.222382
-0.07008 0.222382
-0.06424 0.222382
-0.0584 0.222382
-0.05256 0.222382
-0.04672 0.222382
-0.04088 0.222382
-0.03504 0.222382
-0.0292 0.222382
-0.02336 0.222382
-0.01752 0.222382
-0.01168 0.222382
-0.00584 0.222382
