-2.92 0.153368
-2.91416 0.153368
-2.90832 0.153368
-2.90248 0.153368
-2.89664 0.153368
-2.8908 0.153368
-2.88496 0.153368
-2.87912 0.153368
-2.87328 0.153368
-2.86744 0.153368
-2.8616 0.153368
-2.85576 0.153368
-2.84992 0.153368
-2.84408 0.153368
-2.83824 0.153368
-2.8324 0.153368
-2.82656 0.153368
-2.82072 0.153368
-2.81488 0.153368
-2.80904 0.153368
-2.8032 0.153368
-2.79736 0.153368
-2.79152 0.153368
-2.78568 0.153368
-2.77984 0.153368
-2.774 0.153368
-2.76816 0.153368
-2.76232 0.153368
-2.75648 0.153368
-2.75064 0.153368
-2.7448 0.153368
-2.73896 0.153368
-2.73312 0.153368
-2.72728 0.153368
-2.72144 0.153368
-2.7156 0.153368
-2.70976 0.153368
-2.70392 0.153368
-2.69808 0.153368
-2.69224 0.153368
-2.6864 0.153368
-2.68056 0.153368
-2.67472 0.153368
-2.66888 0.153368
-2.66304 0.153368
-2.6572 0.153368
-2.65136 0.153368
-2.64552 0.153368
-2.63968 0.153368
-2.63384 0.153368
-2.628 0.153368
-2.62216 0.153368
-2.61632 0.153368
-2.61048 0.153368
-2.60464 0.153368
-2.5988 0.153368
-2.59296 0.153192
-2.58712 0.152928
-2.58128 0.152663
-2.57544 0.152353
-2.5696 0.151999
-2.56376 0.151601
-2.55792 0.15116
-2.55208 0.150675
-2.54624 0.150144
-2.5404 0.149614
-2.53456 0.149084
-2.52872 0.14851
-2.52288 0.147937
-2.51704 0.14732
-2.5112 0.146657
-2.50536 0.145995
-2.49952 0.145333
-2.49368 0.14467
-2.48784 0.143963
-2.482 0.143344
-2.47616 0.142506
-2.47032 0.141667
-2.46448 0.140828
-2.45864 0.139989
-2.4528 0.13915
-2.44696 0.138268
-2.44112 0.137385
-2.43528 0.136503
-2.42944 0.135621
-2.4236 0.134738
-2.41776 0.133856
-2.41192 0.132974
-2.40608 0.132135
-2.40024 0.131251
-2.3944 0.130368
-2.38856 0.129485
-2.38272 0.128558
-2.37688 0.127631
-2.37104 0.12666
-2.3652 0.12569
-2.35936 0.12472
-2.35352 0.123794
-2.34768 0.122823
-2.34184 0.121852
-2.336 0.12088
-2.33016 0.119865
-2.32432 0.118896
-2.31848 0.117924
-2.31264 0.116909
-2.3068 0.115892
-2.30096 0.114879
-2.29512 0.113819
-2.28928 0.11276
-2.28344 0.111701
-2.2776 0.110642
-2.27176 0.109538
-2.26592 0.108566
-2.26008 0.107595
-2.25424 0.106491
-2.2484 0.105386
-2.24256 0.104283
-2.23672 0.103223
-2.23088 0.102119
-2.22504 0.101059
-2.2192 0.0999552
-2.21336 0.0988958
-2.20752 0.0977917
-2.20168 0.0966876
-2.19584 0.0956705
-2.19 0.0945665
-2.18416 0.0935058
-2.17832 0.0924017
-2.17248 0.0912966
-2.16664 0.0901914
-2.1608 0.0891297
-2.15496 0.0879811
-2.14912 0.0868324
-2.14328 0.0856838
-2.13744 0.0845797
-2.1316 0.0834311
-2.12576 0.082327
-2.11992 0.0812218
-2.11408 0.0801166
-2.10824 0.0790126
-2.1024 0.077865
-2.09656 0.0768043
-2.09072 0.0756557
-2.08488 0.0745516
-2.07904 0.0734476
-2.0732 0.0722989
-2.06736 0.0711938
-2.06152 0.0700897
-2.05568 0.0689857
-2.04984 0.0679696
-2.044 0.0669981
-2.03816 0.0658494
-2.03232 0.0647008
-2.02648 0.0635532
-2.02064 0.0625764
-2.0148 0.0619382
-2.00896 0.0610898
-2.00312 0.0605377
-1.99728 0.0597318
-1.99144 0.0592657
-1.9856 0.0590957
-1.97976 0.0583325
-1.97392 0.0585467
-1.96808 0.0576125
-1.96224 0.0579957
-1.9564 0.0576125
-1.95056 0.057188
-1.94472 0.0557868
-1.93888 0.0542615
-1.93304 0.0551509
-1.9272 0.0529863
-1.92136 0.0520532
-1.91552 0.0499736
-1.90968 0.0484471
-1.90384 0.0469565
-1.898 0.045985
-1.89216 0.0448427
-1.88632 0.0428066
-1.88048 0.0415389
-1.87464 0.0401842
-1.8688 0.038871
-1.86296 0.0376437
-1.85712 0.0366309
-1.85128 0.0353619
-1.84544 0.0337127
-1.8396 0.0323598
-1.83376 0.0310908
-1.82792 0.0306785
-1.82208 0.0295428
-1.81624 0.0282346
-1.8104 0.0273043
-1.80456 0.026336
-1.79872 0.0250708
-1.79288 0.023974
-1.78704 0.023556
-1.7812 0.0226765
-1.77536 0.0213259
-1.76952 0.0207852
-1.76368 0.0197748
-1.75784 0.0194891
-1.752 0.0182637
-1.74616 0.0181902
-1.74032 0.0170549
-1.73448 0.016471
-1.72864 0.0149516
-1.7228 0.014782
-1.71696 0.0138685
-1.71112 0.0127336
-1.70528 0.0124885
-1.69944 0.0111447
-1.6936 0.0110738
-1.68776 0.0101966
-1.68192 0.0099151
-1.67608 0.00904472
-1.67024 0.0092735
-1.6644 0.00979585
-1.65856 0.0102405
-1.65272 0.0116989
-1.64688 0.0121395
-1.64104 0.0133053
-1.6352 0.0152325
-1.62936 0.0154723
-1.62352 0.0190967
-1.61768 0.0207378
-1.61184 0.0214049
-1.606 0.02195
-1.60016 0.0241932
-1.59432 0.0236479
-1.58848 0.0237363
-1.58264 0.0248
-1.5768 0.0247683
-1.57096 0.0243988
-1.56512 0.0255902
-1.55928 0.0269591
-1.55344 0.0268079
-1.5476 0.0279168
-1.54176 0.0299296
-1.53592 0.0296074
-1.53008 0.0312078
-1.52424 0.0306889
-1.5184 0.0320168
-1.51256 0.0328063
-1.50672 0.0329044
-1.50088 0.0346186
-1.49504 0.0361127
-1.4892 0.037406
-1.48336 0.037772
-1.47752 0.0390656
-1.47168 0.0409123
-1.46584 0.0413977
-1.46 0.0421889
-1.45416 0.0441632
-1.44832 0.0447084
-1.44248 0.0460454
-1.43664 0.047652
-1.4308 0.0479755
-1.42496 0.0485947
-1.41912 0.0518452
-1.41328 0.0533627
-1.40744 0.0545868
-1.4016 0.0555907
-1.39576 0.0571579
-1.38992 0.0590931
-1.38408 0.0576632
-1.37824 0.0587989
-1.3724 0.0604909
-1.36656 0.0606102
-1.36072 0.0638268
-1.35488 0.0641634
-1.34904 0.0656841
-1.3432 0.0685993
-1.33736 0.0681358
-1.33152 0.0714772
-1.32568 0.0730779
-1.31984 0.0740563
-1.314 0.072691
-1.30816 0.0764056
-1.30232 0.0781611
-1.29648 0.0794667
-1.29064 0.0797633
-1.2848 0.0817421
-1.27896 0.084791
-1.27312 0.0863917
-1.26728 0.0875345
-1.26144 0.0882582
-1.2556 0.0894088
-1.24976 0.0914329
-1.24392 0.0940062
-1.23808 0.094643
-1.23224 0.0958256
-1.2264 0.0977323
-1.22056 0.0998919
-1.21472 0.101249
-1.20888 0.103024
-1.20304 0.104513
-1.1972 0.105572
-1.19136 0.105783
-1.18552 0.109508
-1.17968 0.110691
-1.17384 0.111796
-1.168 0.112857
-1.16216 0.11359
-1.15632 0.114149
-1.15048 0.114859
-1.14464 0.116345
-1.1388 0.118419
-1.13296 0.119308
-1.12712 0.121171
-1.12128 0.123465
-1.11544 0.124899
-1.1096 0.127057
-1.10376 0.129346
-1.09792 0.129941
-1.09208 0.132045
-1.08624 0.130789
-1.0804 0.133798
-1.07456 0.134607
-1.06872 0.136349
-1.06288 0.136801
-1.05704 0.140227
-1.0512 0.141978
-1.04536 0.142899
-1.03952 0.144249
-1.03368 0.146792
-1.02784 0.148021
-1.022 0.148994
-1.01616 0.150345
-1.01032 0.151243
-1.00448 0.15259
-0.99864 0.153911
-0.9928 0.154926
-0.98696 0.155001
-0.98112 0.158131
-0.97528 0.159577
-0.96944 0.160084
-0.9636 0.162023
-0.95776 0.162918
-0.95192 0.164308
-0.94608 0.162204
-0.94024 0.163896
-0.9344 0.164656
-0.92856 0.165076
-0.92272 0.167534
-0.91688 0.168081
-0.91104 0.168797
-0.9052 0.171713
-0.89936 0.170403
-0.89352 0.173579
-0.88768 0.175771
-0.88184 0.176155
-0.876 0.175006
-0.87016 0.177995
-0.86432 0.178224
-0.85848 0.178813
-0.85264 0.17945
-0.8468 0.180291
-0.84096 0.182692
-0.83512 0.183956
-0.82928 0.183827
-0.82344 0.184501
-0.8176 0.185475
-0.81176 0.186104
-0.80592 0.186436
-0.80008 0.187531
-0.79424 0.188194
-0.7884 0.188408
-0.78256 0.19018
-0.77672 0.190334
-0.77088 0.191175
-0.76504 0.192224
-0.7592 0.192387
-0.75336 0.192585
-0.74752 0.193631
-0.74168 0.194378
-0.73584 0.193651
-0.73 0.195242
-0.72416 0.194344
-0.71832 0.194704
-0.71248 0.194939
-0.70664 0.195472
-0.7008 0.195958
-0.69496 0.19623
-0.68912 0.196763
-0.68328 0.197291
-0.67744 0.197648
-0.6716 0.198429
-0.66576 0.199293
-0.65992 0.199562
-0.65408 0.200532
-0.64824 0.200135
-0.6424 0.200698
-0.63656 0.201179
-0.63072 0.201522
-0.62488 0.20191
-0.61904 0.203057
-0.6132 0.203189
-0.60736 0.203236
-0.60152 0.203114
-0.59568 0.203114
-0.58984 0.203114
-0.584 0.203114
-0.57816 0.203114
-0.57232 0.203114
-0.56648 0.203114
-0.56064 0.203114
-0.5548 0.203114
-0.54896 0.203114
-0.54312 0.203114
-0.53728 0.203114
-0.53144 0.203114
-0.5256 0.203114
-0.51976 0.203114
-0.51392 0.203114
-0.50808 0.203114
-0.50224 0.203114
-0.4964 0.203114
-0.49056 0.203114
-0.48472 0.203114
-0.47888 0.203114
-0.47304 0.203114
-0.4672 0.203114
-0.46136 0.203114
-0.45552 0.203114
-0.44968 0.203114
-0.44384 0.203114
-0.438 0.203114
-0.43216 0.203114
-0.42632 0.203114
-0.42048 0.203114
-0.41464 0.203114
-0.4088 0.203114
-0.40296 0.203114
-0.39712 0.203114
-0.39128 0.203114
-0.38544 0.203114
-0.3796 0.203114
-0.37376 0.203114
-0.36792 0.203114
-0.36208 0.203114
-0.35624 0.203114
-0.3504 0.203114
-0.34456 0.203114
-0.33872 0.203114
-0.33288 0.203114
-0.32704 0.203114
-0.3212 0.203114
-0.31536 0.203114
-0.30952 0.203114
-0.30368 0.203114
-0.29784 0.203114
-0.292 0.203114
-0.28616 0.203114
-0.28032 0.203114
-0.27448 0.203114
-0.26864 0.203114
-0.2628 0.203114
-0.25696 0.203114
-0.25112 0.203114
-0.24528 0.203114
-0.23944 0.203114
-0.2336 0.203114
-0.22776 0.203114
-0.22192 0.203114
-0.21608 0.203114
-0.21024 0.203114
-0.2044 0.203114
-0.19856 0.203114
-0.19272 0.203114
-0.18688 0.203114
-0.18104 0.203114
-0.1752 0.203114
-0.16936 0.203114
-0.16352 0.203114
-0.15768 0.203114
-0.15184 0.203114
-0.146 0.203114
-0.14016 0.203114
-0.13432 0.203114
-0.12848 0.203114
-0.12264 0.203114
-0.1168 0.203114
-0.11096 0.203114
-0.10512 0.203114
-0.09928 0.203114
-0.09344 0.203114
-0.0876 0.203114
-0.08176 0.203114
-0.07592 0.203114
-0.07008 0.203114
-0.06424 0.203114
-0.0584 0.203114
-0.05256 0.203114
-0.04672 0.203114
-0.04088 0.203114
-0.03504 0.203114
-0.0292 0.203114
-0.02336 0.203114
-0.01752 0.203114
-0.01168 0.203114
-0.00584 0.203114
