-2.92 0.16795
-2.91416 0.16795
-2.90832 0.16795
-2.90248 0.16795
-2.89664 0.16795
-2.8908 0.16795
-2.88496 0.16795
-2.87912 0.16795
-2.87328 0.16795
-2.86744 0.16795
-2.8616 0.16795
-2.85576 0.16795
-2.84992 0.16795
-2.84408 0.16795
-2.83824 0.16795
-2.8324 0.16795
-2.82656 0.16795
-2.82072 0.16795
-2.81488 0.16795
-2.80904 0.16795
-2.8032 0.16795
-2.79736 0.16795
-2.79152 0.16795
-2.78568 0.16795
-2.77984 0.16795
-2.774 0.16795
-2.76816 0.16795
-2.76232 0.16795
-2.75648 0.16795
-2.75064 0.16795
-2.7448 0.16795
-2.73896 0.16795
-2.73312 0.16795
-2.72728 0.16795
-2.72144 0.16795
-2.7156 0.16795
-2.70976 0.16795
-2.70392 0.16795
-2.69808 0.16795
-2.69224 0.16795
-2.6864 0.16795
-2.68056 0.16795
-2.67472 0.16795
-2.66888 0.16795
-2.66304 0.16795
-2.6572 0.16795
-2.65136 0.16795
-2.64552 0.16795
-2.63968 0.16795
-2.63384 0.16795
-2.628 0.16795
-2.62216 0.16795
-2.61632 0.16795
-2.61048 0.16795
-2.60464 0.16795
-2.5988 0.16795
-2.59296 0.167775
-2.58712 0.16751
-2.58128 0.167158
-2.57544 0.166806
-2.5696 0.166365
-2.56376 0.16588
-2.55792 0.165395
-2.55208 0.164867
-2.54624 0.164294
-2.5404 0.163721
-2.53456 0.163148
-2.52872 0.162575
-2.52288 0.16209
-2.51704 0.161474
-2.5112 0.160814
-2.50536 0.160198
-2.49952 0.159582
-2.49368 0.158878
-2.48784 0.158219
-2.482 0.157646
-2.47616 0.156854
-2.47032 0.156061
-2.46448 0.155225
-2.45864 0.154389
-2.4528 0.153553
-2.44696 0.152673
-2.44112 0.151792
-2.43528 0.150868
-2.42944 0.149942
-2.4236 0.149016
-2.41776 0.14809
-2.41192 0.14712
-2.40608 0.146194
-2.40024 0.145225
-2.3944 0.144255
-2.38856 0.143287
-2.38272 0.142273
-2.37688 0.141304
-2.37104 0.140289
-2.3652 0.139274
-2.35936 0.138214
-2.35352 0.137155
-2.34768 0.136096
-2.34184 0.135037
-2.336 0.133933
-2.33016 0.132873
-2.32432 0.131814
-2.31848 0.13071
-2.31264 0.129607
-2.3068 0.128548
-2.30096 0.127445
-2.29512 0.126297
-2.28928 0.125149
-2.28344 0.124047
-2.2776 0.122856
-2.27176 0.121752
-2.26592 0.120648
-2.26008 0.119586
-2.25424 0.118393
-2.2484 0.117156
-2.24256 0.115964
-2.23672 0.11477
-2.23088 0.11349
-2.22504 0.112209
-2.2192 0.110929
-2.21336 0.109693
-2.20752 0.108457
-2.20168 0.107176
-2.19584 0.105941
-2.19 0.10466
-2.18416 0.103423
-2.17832 0.102144
-2.17248 0.100865
-2.16664 0.0996283
-2.1608 0.0983924
-2.15496 0.0971119
-2.14912 0.0958749
-2.14328 0.0945944
-2.13744 0.0933139
-2.1316 0.092078
-2.12576 0.0908409
-2.11992 0.089605
-2.11408 0.088368
-2.10824 0.087131
-2.1024 0.0858505
-2.09656 0.08457
-2.09072 0.0832895
-2.08488 0.0820971
-2.07904 0.0808166
-2.0732 0.0795361
-2.06736 0.078299
-2.06152 0.0771077
-2.05568 0.0758707
-2.04984 0.0746794
-2.044 0.0736184
-2.03816 0.0723814
-2.03232 0.0711455
-2.02648 0.0699096
-2.02064 0.0686735
-2.0148 0.067393
-2.00896 0.0661537
-2.00312 0.064833
-1.99728 0.0635525
-1.99144 0.0623602
-1.9856 0.0611683
-1.97976 0.0598446
-1.97392 0.0589857
-1.96808 0.0580917
-1.96224 0.0571513
-1.9564 0.0562098
-1.95056 0.0559034
-1.94472 0.0551309
-1.93888 0.0549535
-1.93304 0.0547677
-1.9272 0.0538329
-1.92136 0.0533918
-1.91552 0.0529275
-1.90968 0.0522457
-1.90384 0.0520729
-1.898 0.0521486
-1.89216 0.0521429
-1.88632 0.0517593
-1.88048 0.0508724
-1.87464 0.0507784
-1.8688 0.0513278
-1.86296 0.0512391
-1.85712 0.0520365
-1.85128 0.0520834
-1.84544 0.0509805
-1.8396 0.0512264
-1.83376 0.0513157
-1.82792 0.0515295
-1.82208 0.0526636
-1.81624 0.0530513
-1.8104 0.0535187
-1.80456 0.0525532
-1.79872 0.0536087
-1.79288 0.0534435
-1.78704 0.0534007
-1.7812 0.0537962
-1.77536 0.0551439
-1.76952 0.0565039
-1.76368 0.0559167
-1.75784 0.0567656
-1.752 0.0579115
-1.74616 0.0573417
-1.74032 0.0573476
-1.73448 0.0589983
-1.72864 0.0590429
-1.7228 0.0599036
-1.71696 0.06135
-1.71112 0.061532
-1.70528 0.0628502
-1.69944 0.0624573
-1.6936 0.0638214
-1.68776 0.063497
-1.68192 0.0653773
-1.67608 0.0649197
-1.67024 0.0663486
-1.6644 0.065915
-1.65856 0.0655887
-1.65272 0.0671575
-1.64688 0.0665874
-1.64104 0.0695293
-1.6352 0.0682033
-1.62936 0.06899
-1.62352 0.06805
-1.61768 0.0696898
-1.61184 0.0709732
-1.606 0.0727035
-1.60016 0.0735928
-1.59432 0.0734232
-1.58848 0.0753022
-1.58264 0.0762388
-1.5768 0.0745905
-1.57096 0.0789869
-1.56512 0.0791599
-1.55928 0.0785093
-1.55344 0.0807301
-1.5476 0.0815523
-1.54176 0.0835537
-1.53592 0.0861323
-1.53008 0.0864856
-1.52424 0.0872278
-1.5184 0.0883479
-1.51256 0.0887772
-1.50672 0.0906709
-1.50088 0.0939304
-1.49504 0.0930906
-1.4892 0.0925398
-1.48336 0.0943026
-1.47752 0.0968199
-1.47168 0.0963825
-1.46584 0.098079
-1.46 0.0965509
-1.45416 0.100094
-1.44832 0.100832
-1.44248 0.0995124
-1.43664 0.103096
-1.4308 0.103626
-1.42496 0.10518
-1.41912 0.108592
-1.41328 0.106174
-1.40744 0.108618
-1.4016 0.109731
-1.39576 0.111341
-1.38992 0.113611
-1.38408 0.114441
-1.37824 0.115563
-1.3724 0.117288
-1.36656 0.116311
-1.36072 0.118458
-1.35488 0.118759
-1.34904 0.11895
-1.3432 0.119326
-1.33736 0.122364
-1.33152 0.125305
-1.32568 0.125512
-1.31984 0.127308
-1.314 0.12713
-1.30816 0.127073
-1.30232 0.129664
-1.29648 0.130975
-1.29064 0.132399
-1.2848 0.133064
-1.27896 0.13576
-1.27312 0.136863
-1.26728 0.137275
-1.26144 0.136922
-1.2556 0.138558
-1.24976 0.136611
-1.24392 0.141174
-1.23808 0.140068
-1.23224 0.142858
-1.2264 0.14237
-1.22056 0.142976
-1.21472 0.146188
-1.20888 0.144529
-1.20304 0.149016
-1.1972 0.149485
-1.19136 0.15007
-1.18552 0.150587
-1.17968 0.151893
-1.17384 0.152977
-1.168 0.155557
-1.16216 0.156532
-1.15632 0.15657
-1.15048 0.158406
-1.14464 0.158988
-1.1388 0.157845
-1.13296 0.16105
-1.12712 0.160586
-1.12128 0.159914
-1.11544 0.16258
-1.1096 0.163139
-1.10376 0.164221
-1.09792 0.166527
-1.09208 0.166876
-1.08624 0.167093
-1.0804 0.168024
-1.07456 0.167292
-1.06872 0.169208
-1.06288 0.171654
-1.05704 0.170907
-1.0512 0.170122
-1.04536 0.171699
-1.03952 0.1722
-1.03368 0.171824
-1.02784 0.170752
-1.022 0.170541
-1.01616 0.171185
-1.01032 0.171216
-1.00448 0.169021
-0.99864 0.170129
-0.9928 0.170794
-0.98696 0.169733
-0.98112 0.17104
-0.97528 0.168976
-0.96944 0.169139
-0.9636 0.169254
-0.95776 0.170573
-0.95192 0.171037
-0.94608 0.171281
-0.94024 0.170512
-0.9344 0.170674
-0.92856 0.169145
-0.92272 0.169949
-0.91688 0.168638
-0.91104 0.167279
-0.9052 0.168159
-0.89936 0.168326
-0.89352 0.169746
-0.88768 0.1678
-0.88184 0.169093
-0.876 0.16811
-0.87016 0.167405
-0.86432 0.168101
-0.85848 0.167838
-0.85264 0.167872
-0.8468 0.166976
-0.84096 0.168609
-0.83512 0.167593
-0.82928 0.167661
-0.82344 0.165932
-0.8176 0.166167
-0.81176 0.164764
-0.80592 0.165559
-0.80008 0.164783
-0.79424 0.16507
-0.7884 0.164467
-0.78256 0.16542
-0.77672 0.165283
-0.77088 0.165104
-0.76504 0.16534
-0.7592 0.165241
-0.75336 0.164726
-0.74752 0.165215
-0.74168 0.164947
-0.73584 0.165269
-0.73 0.165675
-0.72416 0.166119
-0.71832 0.166226
-0.71248 0.165703
-0.70664 0.16661
-0.7008 0.166799
-0.69496 0.167457
-0.68912 0.167102
-0.68328 0.167673
-0.67744 0.169085
-0.6716 0.169527
-0.66576 0.170307
-0.65992 0.170496
-0.65408 0.170539
-0.64824 0.170981
-0.6424 0.17184
-0.63656 0.172192
-0.63072 0.172245
-0.62488 0.172337
-0.61904 0.172592
-0.6132 0.172138
-0.60736 0.171847
-0.60152 0.17202
-0.59568 0.17202
-0.58984 0.17202
-0.584 0.17202
-0.57816 0.17202
-0.57232 0.17202
-0.56648 0.17202
-0.56064 0.17202
-0.5548 0.17202
-0.54896 0.17202
-0.54312 0.17202
-0.53728 0.17202
-0.53144 0.17202
-0.5256 0.17202
-0.51976 0.17202
-0.51392 0.17202
-0.50808 0.17202
-0.50224 0.17202
-0.4964 0.17202
-0.49056 0.17202
-0.48472 0.17202
-0.47888 0.17202
-0.47304 0.17202
-0.4672 0.17202
-0.46136 0.17202
-0.45552 0.17202
-0.44968 0.17202
-0.44384 0.17202
-0.438 0.17202
-0.43216 0.17202
-0.42632 0.17202
-0.42048 0.17202
-0.41464 0.17202
-0.4088 0.17202
-0.40296 0.17202
-0.39712 0.17202
-0.39128 0.17202
-0.38544 0.17202
-0.3796 0.17202
-0.37376 0.17202
-0.36792 0.17202
-0.36208 0.17202
-0.35624 0.17202
-0.3504 0.17202
-0.34456 0.17202
-0.33872 0.17202
-0.33288 0.17202
-0.32704 0.17202
-0.3212 0.17202
-0.31536 0.17202
-0.30952 0.17202
-0.30368 0.17202
-0.29784 0.17202
-0.292 0.17202
-0.28616 0.17202
-0.28032 0.17202
-0.27448 0.17202
-0.26864 0.17202
-0.2628 0.17202
-0.25696 0.17202
-0.25112 0.17202
-0.24528 0.17202
-0.23944 0.17202
-0.2336 0.17202
-0.22776 0.17202
-0.22192 0.17202
-0.21608 0.17202
-0.21024 0.17202
-0.2044 0.17202
-0.19856 0.17202
-0.19272 0.17202
-0.18688 0.17202
-0.18104 0.17202
-0.1752 0.17202
-0.16936 0.17202
-0.16352 0.17202
-0.15768 0.17202
-0.15184 0.17202
-0.146 0.17202
-0.14016 0.17202
-0.13432 0.17202
-0.12848 0.17202
-0.12264 0.17202
-0.1168 0.17202
-0.11096 0.17202
-0.10512 0.17202
-0.09928 0.17202
-0.09344 0.17202
-0.0876 0.17202
-0.08176 0.17202
-0.07592 0.17202
-0.07008 0.17202
-0.06424 0.17202
-0.0584 0.17202
-0.05256 0.17202
-0.04672 0.17202
-0.04088 0.17202
-0.03504 0.17202
-0.0292 0.17202
-0.02336 0.17202
-0.01752 0.17202
-0.01168 0.17202
-0.00584 0.17202
