-2.92 0.180316
-2.91416 0.180316
-2.90832 0.180316
-2.90248 0.180316
-2.89664 0.180316
-2.8908 0.180316
-2.88496 0.180316
-2.87912 0.180316
-2.87328 0.180316
-2.86744 0.180316
-2.8616 0.180316
-2.85576 0.180316
-2.84992 0.180316
-2.84408 0.180316
-2.83824 0.180316
-2.8324 0.180316
-2.82656 0.180316
-2.82072 0.180316
-2.81488 0.180316
-2.80904 0.180316
-2.8032 0.180316
-2.79736 0.180316
-2.79152 0.180316
-2.78568 0.180316
-2.77984 0.180316
-2.774 0.180316
-2.76816 0.180316
-2.76232 0.180316
-2.75648 0.180316
-2.75064 0.180316
-2.7448 0.180316
-2.73896 0.180316
-2.73312 0.180316
-2.72728 0.180316
-2.72144 0.180316
-2.7156 0.180316
-2.70976 0.180316
-2.70392 0.180316
-2.69808 0.180316
-2.69224 0.180316
-2.6864 0.180316
-2.68056 0.180316
-2.67472 0.180316
-2.66888 0.180316
-2.66304 0.180316
-2.6572 0.180316
-2.65136 0.180316
-2.64552 0.180316
-2.63968 0.180316
-2.63384 0.180316
-2.628 0.180316
-2.62216 0.180316
-2.61632 0.180316
-2.61048 0.180316
-2.60464 0.180316
-2.5988 0.180316
-2.59296 0.180183
-2.58712 0.179917
-2.58128 0.179564
-2.57544 0.179166
-2.5696 0.17868
-2.56376 0.178148
-2.55792 0.177485
-2.55208 0.176778
-2.54624 0.176027
-2.5404 0.175276
-2.53456 0.174568
-2.52872 0.173774
-2.52288 0.173067
-2.51704 0.172273
-2.5112 0.171565
-2.50536 0.170814
-2.49952 0.170149
-2.49368 0.16935
-2.48784 0.168551
-2.482 0.167843
-2.47616 0.166912
-2.47032 0.165982
-2.46448 0.165052
-2.45864 0.164121
-2.4528 0.163189
-2.44696 0.162213
-2.44112 0.161237
-2.43528 0.160218
-2.42944 0.159154
-2.4236 0.15809
-2.41776 0.157069
-2.41192 0.156005
-2.40608 0.154941
-2.40024 0.153877
-2.3944 0.152813
-2.38856 0.151837
-2.38272 0.150773
-2.37688 0.149754
-2.37104 0.148689
-2.3652 0.147581
-2.35936 0.146428
-2.35352 0.145319
-2.34768 0.14421
-2.34184 0.143056
-2.336 0.141859
-2.33016 0.140619
-2.32432 0.139378
-2.31848 0.13818
-2.31264 0.136982
-2.3068 0.13574
-2.30096 0.134499
-2.29512 0.133301
-2.28928 0.132061
-2.28344 0.130863
-2.2776 0.129622
-2.27176 0.128421
-2.26592 0.127311
-2.26008 0.126111
-2.25424 0.124826
-2.2484 0.123536
-2.24256 0.122247
-2.23672 0.121003
-2.23088 0.119714
-2.22504 0.118513
-2.2192 0.117224
-2.21336 0.115979
-2.20752 0.114735
-2.20168 0.113446
-2.19584 0.1122
-2.19 0.110911
-2.18416 0.109623
-2.17832 0.108334
-2.17248 0.107089
-2.16664 0.1058
-2.1608 0.104511
-2.15496 0.103181
-2.14912 0.101848
-2.14328 0.100516
-2.13744 0.0991833
-2.1316 0.0978953
-2.12576 0.0966074
-2.11992 0.0952748
-2.11408 0.0939445
-2.10824 0.092612
-2.1024 0.0912794
-2.09656 0.0900348
-2.09072 0.0887023
-2.08488 0.0874578
-2.07904 0.0861253
-2.0732 0.0848808
-2.06736 0.0835939
-2.06152 0.0823939
-2.05568 0.0811483
-2.04984 0.0799038
-2.044 0.078793
-2.03816 0.0774605
-2.03232 0.0761301
-2.02648 0.0747976
-2.02064 0.0735096
-2.0148 0.0721781
-2.00896 0.0709325
-2.00312 0.069688
-1.99728 0.0683979
-1.99144 0.0672423
-1.9856 0.065911
-1.97976 0.064791
-1.97392 0.0638419
-1.96808 0.0629352
-1.96224 0.0621108
-1.9564 0.061033
-1.95056 0.0610602
-1.94472 0.060071
-1.93888 0.0597117
-1.93304 0.0590514
-1.9272 0.0582757
-1.92136 0.0577453
-1.91552 0.056465
-1.90968 0.0566967
-1.90384 0.0566447
-1.898 0.0557835
-1.89216 0.0561432
-1.88632 0.0555327
-1.88048 0.054845
-1.87464 0.0551685
-1.8688 0.0556152
-1.86296 0.0541692
-1.85712 0.0548769
-1.85128 0.0549043
-1.84544 0.0552345
-1.8396 0.0548028
-1.83376 0.0546324
-1.82792 0.0546303
-1.82208 0.0559682
-1.81624 0.0551154
-1.8104 0.0562913
-1.80456 0.0560788
-1.79872 0.0549298
-1.79288 0.0567445
-1.78704 0.0572513
-1.7812 0.0577436
-1.77536 0.0560936
-1.76952 0.0610201
-1.76368 0.0582358
-1.75784 0.0581879
-1.752 0.060587
-1.74616 0.0595764
-1.74032 0.0606223
-1.73448 0.0605929
-1.72864 0.0609621
-1.7228 0.0627437
-1.71696 0.0623177
-1.71112 0.0608904
-1.70528 0.0628285
-1.69944 0.0639251
-1.6936 0.0634798
-1.68776 0.0643291
-1.68192 0.0673659
-1.67608 0.064514
-1.67024 0.066801
-1.6644 0.0659624
-1.65856 0.0678267
-1.65272 0.066739
-1.64688 0.0668134
-1.64104 0.0664843
-1.6352 0.0687724
-1.62936 0.0660455
-1.62352 0.0683962
-1.61768 0.0680455
-1.61184 0.0694356
-1.606 0.0702733
-1.60016 0.070725
-1.59432 0.0721723
-1.58848 0.0743916
-1.58264 0.0767677
-1.5768 0.0757649
-1.57096 0.0776406
-1.56512 0.0802415
-1.55928 0.0804031
-1.55344 0.0811019
-1.5476 0.0836537
-1.54176 0.0862156
-1.53592 0.0863252
-1.53008 0.0882176
-1.52424 0.0874096
-1.5184 0.0890281
-1.51256 0.0920901
-1.50672 0.0918811
-1.50088 0.0939359
-1.49504 0.0984234
-1.4892 0.0953551
-1.48336 0.0963465
-1.47752 0.097404
-1.47168 0.100709
-1.46584 0.100722
-1.46 0.101266
-1.45416 0.104254
-1.44832 0.106895
-1.44248 0.107229
-1.43664 0.107009
-1.4308 0.109277
-1.42496 0.108826
-1.41912 0.110959
-1.41328 0.114288
-1.40744 0.115139
-1.4016 0.115858
-1.39576 0.116425
-1.38992 0.119225
-1.38408 0.12326
-1.37824 0.12187
-1.3724 0.125386
-1.36656 0.125338
-1.36072 0.124358
-1.35488 0.129264
-1.34904 0.130326
-1.3432 0.129218
-1.33736 0.130277
-1.33152 0.137183
-1.32568 0.137371
-1.31984 0.137887
-1.314 0.140923
-1.30816 0.138854
-1.30232 0.142937
-1.29648 0.142562
-1.29064 0.143948
-1.2848 0.146992
-1.27896 0.146617
-1.27312 0.146789
-1.26728 0.14873
-1.26144 0.149677
-1.2556 0.150281
-1.24976 0.151548
-1.24392 0.156142
-1.23808 0.153081
-1.23224 0.156833
-1.2264 0.155449
-1.22056 0.159199
-1.21472 0.159457
-1.20888 0.16223
-1.20304 0.163586
-1.1972 0.164449
-1.19136 0.162941
-1.18552 0.166658
-1.17968 0.167144
-1.17384 0.168208
-1.168 0.17066
-1.16216 0.172263
-1.15632 0.1727
-1.15048 0.175702
-1.14464 0.176215
-1.1388 0.177056
-1.13296 0.177318
-1.12712 0.179059
-1.12128 0.180053
-1.11544 0.180308
-1.1096 0.182846
-1.10376 0.185258
-1.09792 0.186027
-1.09208 0.186733
-1.08624 0.184932
-1.0804 0.187324
-1.07456 0.188507
-1.06872 0.187733
-1.06288 0.19086
-1.05704 0.194773
-1.0512 0.190239
-1.04536 0.190111
-1.03952 0.191474
-1.03368 0.193371
-1.02784 0.192632
-1.022 0.191704
-1.01616 0.193019
-1.01032 0.194285
-1.00448 0.193991
-0.99864 0.192399
-0.9928 0.193201
-0.98696 0.191823
-0.98112 0.192822
-0.97528 0.194517
-0.96944 0.194237
-0.9636 0.192161
-0.95776 0.193168
-0.95192 0.1947
-0.94608 0.196004
-0.94024 0.193434
-0.9344 0.194716
-0.92856 0.194027
-0.92272 0.193328
-0.91688 0.194502
-0.91104 0.194169
-0.9052 0.192303
-0.89936 0.193925
-0.89352 0.195186
-0.88768 0.194505
-0.88184 0.194173
-0.876 0.195317
-0.87016 0.194928
-0.86432 0.196518
-0.85848 0.194951
-0.85264 0.196213
-0.8468 0.196374
-0.84096 0.19549
-0.83512 0.195316
-0.82928 0.195821
-0.82344 0.19532
-0.8176 0.195476
-0.81176 0.196193
-0.80592 0.195553
-0.80008 0.19563
-0.79424 0.196517
-0.7884 0.196051
-0.78256 0.197016
-0.77672 0.197209
-0.77088 0.196662
-0.76504 0.196947
-0.7592 0.197698
-0.75336 0.197604
-0.74752 0.197808
-0.74168 0.197248
-0.73584 0.198421
-0.73 0.198876
-0.72416 0.199541
-0.71832 0.199864
-0.71248 0.200321
-0.70664 0.200733
-0.7008 0.200763
-0.69496 0.201973
-0.68912 0.202299
-0.68328 0.202881
-0.67744 0.204424
-0.6716 0.205256
-0.66576 0.205745
-0.65992 0.206613
-0.65408 0.206405
-0.64824 0.207315
-0.6424 0.208555
-0.63656 0.208917
-0.63072 0.208981
-0.62488 0.209334
-0.61904 0.209853
-0.6132 0.209533
-0.60736 0.209462
-0.60152 0.209766
-0.59568 0.209766
-0.58984 0.209766
-0.584 0.209766
-0.57816 0.209766
-0.57232 0.209766
-0.56648 0.209766
-0.56064 0.209766
-0.5548 0.209766
-0.54896 0.209766
-0.54312 0.209766
-0.53728 0.209766
-0.53144 0.209766
-0.5256 0.209766
-0.51976 0.209766
-0.51392 0.209766
-0.50808 0.209766
-0.50224 0.209766
-0.4964 0.209766
-0.49056 0.209766
-0.48472 0.209766
-0.47888 0.209766
-0.47304 0.209766
-0.4672 0.209766
-0.46136 0.209766
-0.45552 0.209766
-0.44968 0.209766
-0.44384 0.209766
-0.438 0.209766
-0.43216 0.209766
-0.42632 0.209766
-0.42048 0.209766
-0.41464 0.209766
-0.4088 0.209766
-0.40296 0.209766
-0.39712 0.209766
-0.39128 0.209766
-0.38544 0.209766
-0.3796 0.209766
-0.37376 0.209766
-0.36792 0.209766
-0.36208 0.209766
-0.35624 0.209766
-0.3504 0.209766
-0.34456 0.209766
-0.33872 0.209766
-0.33288 0.209766
-0.32704 0.209766
-0.3212 0.209766
-0.31536 0.209766
-0.30952 0.209766
-0.30368 0.209766
-0.29784 0.209766
-0.292 0.209766
-0.28616 0.209766
-0.28032 0.209766
-0.27448 0.209766
-0.26864 0.209766
-0.2628 0.209766
-0.25696 0.209766
-0.25112 0.209766
-0.24528 0.209766
-0.23944 0.209766
-0.2336 0.209766
-0.22776 0.209766
-0.22192 0.209766
-0.21608 0.209766
-0.21024 0.209766
-0.2044 0.209766
-0.19856 0.209766
-0.19272 0.209766
-0.18688 0.209766
-0.18104 0.209766
-0.1752 0.209766
-0.16936 0.209766
-0.16352 0.209766
-0.15768 0.209766
-0.15184 0.209766
-0.146 0.209766
-0.14016 0.209766
-0.13432 0.209766
-0.12848 0.209766
-0.12264 0.209766
-0.1168 0.209766
-0.11096 0.209766
-0.10512 0.209766
-0.09928 0.209766
-0.09344 0.209766
-0.0876 0.209766
-0.08176 0.209766
-0.07592 0.209766
-0.07008 0.209766
-0.06424 0.209766
-0.0584 0.209766
-0.05256 0.209766
-0.04672 0.209766
-0.04088 0.209766
-0.03504 0.209766
-0.0292 0.209766
-0.02336 0.209766
-0.01752 0.209766
-0.01168 0.209766
-0.00584 0.209766
