-2.92 0.126416
-2.91416 0.126416
-2.90832 0.126416
-2.90248 0.126416
-2.89664 0.126416
-2.8908 0.126416
-2.88496 0.126416
-2.87912 0.126416
-2.87328 0.126416
-2.86744 0.126416
-2.8616 0.126416
-2.85576 0.126416
-2.84992 0.126416
-2.84408 0.126416
-2.83824 0.126416
-2.8324 0.126416
-2.82656 0.126416
-2.82072 0.126416
-2.81488 0.126416
-2.80904 0.126416
-2.8032 0.126416
-2.79736 0.126416
-2.79152 0.126416
-2.78568 0.126416
-2.77984 0.126416
-2.774 0.126416
-2.76816 0.126416
-2.76232 0.126416
-2.75648 0.126416
-2.75064 0.126416
-2.7448 0.126416
-2.73896 0.126416
-2.73312 0.126416
-2.72728 0.126416
-2.72144 0.126416
-2.7156 0.126416
-2.70976 0.126416
-2.70392 0.126416
-2.69808 0.126416
-2.69224 0.126416
-2.6864 0.126416
-2.68056 0.126416
-2.67472 0.126416
-2.66888 0.126416
-2.66304 0.126416
-2.6572 0.126416
-2.65136 0.126416
-2.64552 0.126416
-2.63968 0.126416
-2.63384 0.126416
-2.628 0.126416
-2.62216 0.126416
-2.61632 0.126416
-2.61048 0.126416
-2.60464 0.126416
-2.5988 0.126416
-2.59296 0.126369
-2.58712 0.126277
-2.58128 0.126143
-2.57544 0.125964
-2.5696 0.125786
-2.56376 0.125564
-2.55792 0.125254
-2.55208 0.124901
-2.54624 0.124548
-2.5404 0.124194
-2.53456 0.123841
-2.52872 0.123443
-2.52288 0.123045
-2.51704 0.122647
-2.5112 0.122294
-2.50536 0.121853
-2.49952 0.121411
-2.49368 0.12097
-2.48784 0.120486
-2.482 0.119961
-2.47616 0.119389
-2.47032 0.118818
-2.46448 0.118202
-2.45864 0.117585
-2.4528 0.116968
-2.44696 0.116307
-2.44112 0.115645
-2.43528 0.114984
-2.42944 0.114323
-2.4236 0.113661
-2.41776 0.113
-2.41192 0.112338
-2.40608 0.111675
-2.40024 0.111013
-2.3944 0.110307
-2.38856 0.109558
-2.38272 0.108809
-2.37688 0.108061
-2.37104 0.107268
-2.3652 0.106521
-2.35936 0.105728
-2.35352 0.10498
-2.34768 0.104187
-2.34184 0.103351
-2.336 0.102515
-2.33016 0.101722
-2.32432 0.10093
-2.31848 0.100094
-2.31264 0.0992589
-2.3068 0.0983794
-2.30096 0.0975435
-2.29512 0.0967954
-2.28928 0.0960028
-2.28344 0.0951234
-2.2776 0.0942428
-2.27176 0.0933622
-2.26592 0.0924827
-2.26008 0.0916055
-2.25424 0.0906814
-2.2484 0.0897574
-2.24256 0.0888779
-2.23672 0.0879104
-2.23088 0.0869429
-2.22504 0.0860188
-2.2192 0.0850512
-2.21336 0.0840837
-2.20752 0.0830727
-2.20168 0.0820617
-2.19584 0.0810942
-2.19 0.0800832
-2.18416 0.0790722
-2.17832 0.0780612
-2.17248 0.0770491
-2.16664 0.076037
-2.1608 0.0750695
-2.15496 0.0740139
-2.14912 0.0729595
-2.14328 0.0719478
-2.13744 0.0708923
-2.1316 0.0698811
-2.12576 0.068869
-2.11992 0.0678134
-2.11408 0.0668013
-2.10824 0.0657457
-2.1024 0.0647337
-2.09656 0.0637227
-2.09072 0.0626671
-2.08488 0.0616115
-2.07904 0.0605994
-2.0732 0.0596753
-2.06736 0.0587066
-2.06152 0.0576945
-2.05568 0.0566824
-2.04984 0.055716
-2.044 0.0547072
-2.03816 0.0536951
-2.03232 0.052683
-2.02648 0.051672
-2.02064 0.0507013
-2.0148 0.0500713
-2.00896 0.0496969
-2.00312 0.049068
-1.99728 0.0482693
-1.99144 0.0486179
-1.9856 0.0478617
-1.97976 0.0475311
-1.97392 0.0477939
-1.96808 0.0470378
-1.96224 0.0471309
-1.9564 0.0471401
-1.95056 0.0460029
-1.94472 0.0460121
-1.93888 0.0458949
-1.93304 0.0452703
-1.9272 0.0435846
-1.92136 0.0420661
-1.91552 0.0407597
-1.90968 0.0394567
-1.90384 0.038109
-1.898 0.0369317
-1.89216 0.0345231
-1.88632 0.0343258
-1.88048 0.0327257
-1.87464 0.0316775
-1.8688 0.0303311
-1.86296 0.0293262
-1.85712 0.0277275
-1.85128 0.0267256
-1.84544 0.0258048
-1.8396 0.0242476
-1.83376 0.0233709
-1.82792 0.0219012
-1.82208 0.0213679
-1.81624 0.0198956
-1.8104 0.0193152
-1.80456 0.0182692
-1.79872 0.0172647
-1.79288 0.0165155
-1.78704 0.0158097
-1.7812 0.0151897
-1.77536 0.014486
-1.76952 0.0137824
-1.76368 0.0131632
-1.75784 0.0125018
-1.752 0.0118404
-1.74616 0.0112635
-1.74032 0.0104776
-1.73448 0.00990305
-1.72864 0.00958206
-1.7228 0.00875506
-1.71696 0.00843682
-1.71112 0.00782278
-1.70528 0.00716778
-1.69944 0.00655491
-1.6936 0.00632359
-1.68776 0.00588105
-1.68192 0.00543839
-1.67608 0.00491265
-1.67024 0.0048943
-1.6644 0.00517307
-1.65856 0.00608841
-1.65272 0.00738246
-1.64688 0.00842488
-1.64104 0.0100627
-1.6352 0.0108563
-1.62936 0.0135109
-1.62352 0.0158277
-1.61768 0.0178942
-1.61184 0.0179733
-1.606 0.0194539
-1.60016 0.02051
-1.59432 0.0207269
-1.58848 0.0214101
-1.58264 0.0204911
-1.5768 0.021599
-1.57096 0.0229253
-1.56512 0.0240023
-1.55928 0.0243125
-1.55344 0.0239904
-1.5476 0.0267115
-1.54176 0.0272791
-1.53592 0.0290723
-1.53008 0.0300027
-1.52424 0.0285138
-1.5184 0.0302653
-1.51256 0.03155
-1.50672 0.0318253
-1.50088 0.0332903
-1.49504 0.035721
-1.4892 0.0358686
-1.48336 0.0382637
-1.47752 0.0388401
-1.47168 0.0406808
-1.46584 0.0400712
-1.46 0.0416558
-1.45416 0.0439308
-1.44832 0.044256
-1.44248 0.0452581
-1.43664 0.0468047
-1.4308 0.0488712
-1.42496 0.0491102
-1.41912 0.0498624
-1.41328 0.0526923
-1.40744 0.0543774
-1.4016 0.0542333
-1.39576 0.0544922
-1.38992 0.0571081
-1.38408 0.0565616
-1.37824 0.0577429
-1.3724 0.0596834
-1.36656 0.0598105
-1.36072 0.0614537
-1.35488 0.0638992
-1.34904 0.064865
-1.3432 0.064991
-1.33736 0.0671897
-1.33152 0.0677716
-1.32568 0.0720848
-1.31984 0.0729681
-1.314 0.0720764
-1.30816 0.0755722
-1.30232 0.0740689
-1.29648 0.0747415
-1.29064 0.0770264
-1.2848 0.0785074
-1.27896 0.0829713
-1.27312 0.083434
-1.26728 0.0844957
-1.26144 0.0856785
-1.2556 0.0873612
-1.24976 0.0887645
-1.24392 0.0913844
-1.23808 0.0919335
-1.23224 0.0926196
-1.2264 0.0933756
-1.22056 0.0964983
-1.21472 0.097304
-1.20888 0.0982705
-1.20304 0.101154
-1.1972 0.100478
-1.19136 0.102723
-1.18552 0.105635
-1.17968 0.107188
-1.17384 0.106861
-1.168 0.10872
-1.16216 0.108264
-1.15632 0.109152
-1.15048 0.110849
-1.14464 0.110508
-1.1388 0.112501
-1.13296 0.114526
-1.12712 0.116692
-1.12128 0.117491
-1.11544 0.117357
-1.1096 0.121338
-1.10376 0.122011
-1.09792 0.124549
-1.09208 0.126025
-1.08624 0.124267
-1.0804 0.126133
-1.07456 0.127558
-1.06872 0.128615
-1.06288 0.130227
-1.05704 0.133814
-1.0512 0.134744
-1.04536 0.137105
-1.03952 0.137826
-1.03368 0.139514
-1.02784 0.139596
-1.022 0.141202
-1.01616 0.143538
-1.01032 0.143836
-1.00448 0.145525
-0.99864 0.14636
-0.9928 0.148524
-0.98696 0.148601
-0.98112 0.1502
-0.97528 0.152871
-0.96944 0.154179
-0.9636 0.153962
-0.95776 0.154092
-0.95192 0.156166
-0.94608 0.154948
-0.94024 0.156384
-0.9344 0.157272
-0.92856 0.158457
-0.92272 0.159005
-0.91688 0.161282
-0.91104 0.162544
-0.9052 0.161403
-0.89936 0.163812
-0.89352 0.164778
-0.88768 0.168754
-0.88184 0.168874
-0.876 0.1676
-0.87016 0.170463
-0.86432 0.169426
-0.85848 0.169545
-0.85264 0.170564
-0.8468 0.170856
-0.84096 0.174599
-0.83512 0.17426
-0.82928 0.174846
-0.82344 0.175943
-0.8176 0.176741
-0.81176 0.17733
-0.80592 0.177411
-0.80008 0.17859
-0.79424 0.179006
-0.7884 0.178956
-0.78256 0.180932
-0.77672 0.180969
-0.77088 0.181632
-0.76504 0.182599
-0.7592 0.182378
-0.75336 0.183081
-0.74752 0.183617
-0.74168 0.184485
-0.73584 0.184765
-0.73 0.185596
-0.72416 0.184358
-0.71832 0.184764
-0.71248 0.185384
-0.70664 0.185621
-0.7008 0.186403
-0.69496 0.186895
-0.68912 0.187507
-0.68328 0.188203
-0.67744 0.188604
-0.6716 0.189511
-0.66576 0.190461
-0.65992 0.190774
-0.65408 0.191994
-0.64824 0.191432
-0.6424 0.19204
-0.63656 0.192644
-0.63072 0.193247
-0.62488 0.193851
-0.61904 0.194957
-0.6132 0.195218
-0.60736 0.195312
-0.60152 0.195274
-0.59568 0.195274
-0.58984 0.195274
-0.584 0.195274
-0.57816 0.195274
-0.57232 0.195274
-0.56648 0.195274
-0.56064 0.195274
-0.5548 0.195274
-0.54896 0.195274
-0.54312 0.195274
-0.53728 0.195274
-0.53144 0.195274
-0.5256 0.195274
-0.51976 0.195274
-0.51392 0.195274
-0.50808 0.195274
-0.50224 0.195274
-0.4964 0.195274
-0.49056 0.195274
-0.48472 0.195274
-0.47888 0.195274
-0.47304 0.195274
-0.4672 0.195274
-0.46136 0.195274
-0.45552 0.195274
-0.44968 0.195274
-0.44384 0.195274
-0.438 0.195274
-0.43216 0.195274
-0.42632 0.195274
-0.42048 0.195274
-0.41464 0.195274
-0.4088 0.195274
-0.40296 0.195274
-0.39712 0.195274
-0.39128 0.195274
-0.38544 0.195274
-0.3796 0.195274
-0.37376 0.195274
-0.36792 0.195274
-0.36208 0.195274
-0.35624 0.195274
-0.3504 0.195274
-0.34456 0.195274
-0.33872 0.195274
-0.33288 0.195274
-0.32704 0.195274
-0.3212 0.195274
-0.31536 0.195274
-0.30952 0.195274
-0.30368 0.195274
-0.29784 0.195274
-0.292 0.195274
-0.28616 0.195274
-0.28032 0.195274
-0.27448 0.195274
-0.26864 0.195274
-0.2628 0.195274
-0.25696 0.195274
-0.25112 0.195274
-0.24528 0.195274
-0.23944 0.195274
-0.2336 0.195274
-0.22776 0.195274
-0.22192 0.195274
-0.21608 0.195274
-0.21024 0.195274
-0.2044 0.195274
-0.19856 0.195274
-0.19272 0.195274
-0.18688 0.195274
-0.18104 0.195274
-0.1752 0.195274
-0.16936 0.195274
-0.16352 0.195274
-0.15768 0.195274
-0.15184 0.195274
-0.146 0.195274
-0.14016 0.195274
-0.13432 0.195274
-0.12848 0.195274
-0.12264 0.195274
-0.1168 0.195274
-0.11096 0.195274
-0.10512 0.195274
-0.09928 0.195274
-0.09344 0.195274
-0.0876 0.195274
-0.08176 0.195274
-0.07592 0.195274
-0.07008 0.195274
-0.06424 0.195274
-0.0584 0.195274
-0.05256 0.195274
-0.04672 0.195274
-0.04088 0.195274
-0.03504 0.195274
-0.0292 0.195274
-0.02336 0.195274
-0.01752 0.195274
-0.01168 0.195274
-0.00584 0.195274
