-2.92 0.153204
-2.91416 0.153204
-2.90832 0.153204
-2.90248 0.153204
-2.89664 0.153204
-2.8908 0.153204
-2.88496 0.153204
-2.87912 0.153204
-2.87328 0.153204
-2.86744 0.153204
-2.8616 0.153204
-2.85576 0.153204
-2.84992 0.153204
-2.84408 0.153204
-2.83824 0.153204
-2.8324 0.153204
-2.82656 0.153204
-2.82072 0.153204
-2.81488 0.153204
-2.80904 0.153204
-2.8032 0.153204
-2.79736 0.153204
-2.79152 0.153204
-2.78568 0.153204
-2.77984 0.153204
-2.774 0.153204
-2.76816 0.153204
-2.76232 0.153204
-2.75648 0.153204
-2.75064 0.153204
-2.7448 0.153204
-2.73896 0.153204
-2.73312 0.153204
-2.72728 0.153204
-2.72144 0.153204
-2.7156 0.153204
-2.70976 0.153204
-2.70392 0.153204
-2.69808 0.153204
-2.69224 0.153204
-2.6864 0.153204
-2.68056 0.153204
-2.67472 0.153204
-2.66888 0.153204
-2.66304 0.153204
-2.6572 0.153204
-2.65136 0.153204
-2.64552 0.153204
-2.63968 0.153204
-2.63384 0.153204
-2.628 0.153204
-2.62216 0.153204
-2.61632 0.153204
-2.61048 0.153204
-2.60464 0.153204
-2.5988 0.153204
-2.59296 0.153028
-2.58712 0.152808
-2.58128 0.1525
-2.57544 0.152102
-2.5696 0.15166
-2.56376 0.151175
-2.55792 0.150688
-2.55208 0.1502
-2.54624 0.149624
-2.5404 0.148959
-2.53456 0.148295
-2.52872 0.147675
-2.52288 0.147056
-2.51704 0.146304
-2.5112 0.145553
-2.50536 0.144846
-2.49952 0.144181
-2.49368 0.143517
-2.48784 0.142809
-2.482 0.142275
-2.47616 0.141477
-2.47032 0.14068
-2.46448 0.139882
-2.45864 0.139085
-2.4528 0.138241
-2.44696 0.137354
-2.44112 0.136468
-2.43528 0.135581
-2.42944 0.134694
-2.4236 0.133764
-2.41776 0.132834
-2.41192 0.131904
-2.40608 0.130973
-2.40024 0.130043
-2.3944 0.129113
-2.38856 0.128183
-2.38272 0.127209
-2.37688 0.126324
-2.37104 0.12535
-2.3652 0.124376
-2.35936 0.123358
-2.35352 0.122385
-2.34768 0.121366
-2.34184 0.120348
-2.336 0.119374
-2.33016 0.118357
-2.32432 0.11734
-2.31848 0.116322
-2.31264 0.11526
-2.3068 0.114287
-2.30096 0.11327
-2.29512 0.112209
-2.28928 0.111193
-2.28344 0.110175
-2.2776 0.109201
-2.27176 0.10823
-2.26592 0.107255
-2.26008 0.106326
-2.25424 0.105308
-2.2484 0.104247
-2.24256 0.103185
-2.23672 0.102123
-2.23088 0.101062
-2.22504 0.1
-2.2192 0.0989385
-2.21336 0.0978769
-2.20752 0.0968598
-2.20168 0.0957982
-2.19584 0.0947801
-2.19 0.0937185
-2.18416 0.0926569
-2.17832 0.0915941
-2.17248 0.0905314
-2.16664 0.0894687
-2.1608 0.088406
-2.15496 0.0873444
-2.14912 0.0862382
-2.14328 0.085132
-2.13744 0.0840704
-2.1316 0.0829642
-2.12576 0.0819014
-2.11992 0.0807952
-2.11408 0.0797345
-2.10824 0.0786725
-2.1024 0.0775663
-2.09656 0.0765039
-2.09072 0.0754412
-2.08488 0.0744241
-2.07904 0.0733179
-2.0732 0.0722129
-2.06736 0.0711523
-2.06152 0.0701341
-2.05568 0.0691171
-2.04984 0.0681001
-2.044 0.0672134
-2.03816 0.0661072
-2.03232 0.0650444
-2.02648 0.0639382
-2.02064 0.0630018
-2.0148 0.0621938
-2.00896 0.0615556
-2.00312 0.0609174
-1.99728 0.0604926
-1.99144 0.0594756
-1.9856 0.0593481
-1.97976 0.0591781
-1.97392 0.0586695
-1.96808 0.059179
-1.96224 0.0579053
-1.9564 0.0579052
-1.95056 0.0585401
-1.94472 0.0579054
-1.93888 0.0567196
-1.93304 0.0553603
-1.9272 0.0540867
-1.92136 0.052131
-1.91552 0.0513805
-1.90968 0.0492715
-1.90384 0.0485564
-1.898 0.0470004
-1.89216 0.0450906
-1.88632 0.0436485
-1.88048 0.0419556
-1.87464 0.0403801
-1.8688 0.0391943
-1.86296 0.0378369
-1.85712 0.0366071
-1.85128 0.0350805
-1.84544 0.0341491
-1.8396 0.0325807
-1.83376 0.0314404
-1.82792 0.0303821
-1.82208 0.0292853
-1.81624 0.0279309
-1.8104 0.0267036
-1.80456 0.0259401
-1.79872 0.0245862
-1.79288 0.0237217
-1.78704 0.0228102
-1.7812 0.0218803
-1.77536 0.0208656
-1.76952 0.0204426
-1.76368 0.0192836
-1.75784 0.0182863
-1.752 0.0171169
-1.74616 0.0166384
-1.74032 0.0155838
-1.73448 0.0149431
-1.72864 0.0144165
-1.7228 0.0136137
-1.71696 0.0129851
-1.71112 0.0120024
-1.70528 0.0111029
-1.69944 0.0104301
-1.6936 0.00971927
-1.68776 0.00908228
-1.68192 0.0085937
-1.67608 0.00746642
-1.67024 0.00781262
-1.6644 0.00854159
-1.65856 0.00800474
-1.65272 0.00892972
-1.64688 0.0104209
-1.64104 0.011354
-1.6352 0.0123078
-1.62936 0.0142339
-1.62352 0.016028
-1.61768 0.0177168
-1.61184 0.0185209
-1.606 0.0206097
-1.60016 0.0204957
-1.59432 0.0203574
-1.58848 0.0223318
-1.58264 0.0223148
-1.5768 0.0232868
-1.57096 0.0239759
-1.56512 0.0236569
-1.55928 0.0253871
-1.55344 0.0249763
-1.5476 0.02819
-1.54176 0.0288675
-1.53592 0.0298506
-1.53008 0.0303409
-1.52424 0.0297872
-1.5184 0.031468
-1.51256 0.0327882
-1.50672 0.0338747
-1.50088 0.034516
-1.49504 0.0377937
-1.4892 0.0387086
-1.48336 0.0394164
-1.47752 0.0414992
-1.47168 0.0422802
-1.46584 0.0432643
-1.46 0.044967
-1.45416 0.0453396
-1.44832 0.0479162
-1.44248 0.0492687
-1.43664 0.0501051
-1.4308 0.0526385
-1.42496 0.0525115
-1.41912 0.055505
-1.41328 0.0570621
-1.40744 0.0572541
-1.4016 0.0586381
-1.39576 0.060831
-1.38992 0.0622392
-1.38408 0.0614989
-1.37824 0.0616809
-1.3724 0.0638029
-1.36656 0.0660534
-1.36072 0.0658825
-1.35488 0.0681882
-1.34904 0.0702144
-1.3432 0.0713864
-1.33736 0.07257
-1.33152 0.0742008
-1.32568 0.0764228
-1.31984 0.0778599
-1.314 0.0773793
-1.30816 0.0821887
-1.30232 0.0803879
-1.29648 0.0823506
-1.29064 0.084421
-1.2848 0.0845932
-1.27896 0.088642
-1.27312 0.0902408
-1.26728 0.0920148
-1.26144 0.0935627
-1.2556 0.0948484
-1.24976 0.0960573
-1.24392 0.0983666
-1.23808 0.0979842
-1.23224 0.101061
-1.2264 0.102139
-1.22056 0.103384
-1.21472 0.105097
-1.20888 0.10683
-1.20304 0.10856
-1.1972 0.109625
-1.19136 0.111697
-1.18552 0.113687
-1.17968 0.114795
-1.17384 0.115194
-1.168 0.118225
-1.16216 0.117578
-1.15632 0.118026
-1.15048 0.120785
-1.14464 0.121486
-1.1388 0.123875
-1.13296 0.124248
-1.12712 0.125148
-1.12128 0.127453
-1.11544 0.1281
-1.1096 0.132357
-1.10376 0.132224
-1.09792 0.135085
-1.09208 0.136203
-1.08624 0.134453
-1.0804 0.136778
-1.07456 0.137873
-1.06872 0.139799
-1.06288 0.140616
-1.05704 0.144621
-1.0512 0.145912
-1.04536 0.1464
-1.03952 0.148421
-1.03368 0.149126
-1.02784 0.150422
-1.022 0.152095
-1.01616 0.152776
-1.01032 0.155113
-1.00448 0.155752
-0.99864 0.156897
-0.9928 0.159397
-0.98696 0.159445
-0.98112 0.162194
-0.97528 0.163408
-0.96944 0.164151
-0.9636 0.164755
-0.95776 0.166874
-0.95192 0.168537
-0.94608 0.166744
-0.94024 0.16732
-0.9344 0.169737
-0.92856 0.171352
-0.92272 0.171735
-0.91688 0.172624
-0.91104 0.174508
-0.9052 0.17568
-0.89936 0.176584
-0.89352 0.178539
-0.88768 0.180437
-0.88184 0.181385
-0.876 0.181278
-0.87016 0.184411
-0.86432 0.182862
-0.85848 0.183755
-0.85264 0.184696
-0.8468 0.185453
-0.84096 0.188318
-0.83512 0.189382
-0.82928 0.190272
-0.82344 0.190948
-0.8176 0.192093
-0.81176 0.192429
-0.80592 0.193067
-0.80008 0.193499
-0.79424 0.194269
-0.7884 0.195104
-0.78256 0.195516
-0.77672 0.196482
-0.77088 0.197453
-0.76504 0.198132
-0.7592 0.198171
-0.75336 0.199602
-0.74752 0.200446
-0.74168 0.201456
-0.73584 0.202083
-0.73 0.20292
-0.72416 0.201518
-0.71832 0.202649
-0.71248 0.203146
-0.70664 0.204149
-0.7008 0.204903
-0.69496 0.205182
-0.68912 0.206145
-0.68328 0.206764
-0.67744 0.2073
-0.6716 0.208461
-0.66576 0.209547
-0.65992 0.209996
-0.65408 0.211463
-0.64824 0.21082
-0.6424 0.21147
-0.63656 0.212083
-0.63072 0.212643
-0.62488 0.21316
-0.61904 0.214348
-0.6132 0.214488
-0.60736 0.214664
-0.60152 0.214672
-0.59568 0.214672
-0.58984 0.214672
-0.584 0.214672
-0.57816 0.214672
-0.57232 0.214672
-0.56648 0.214672
-0.56064 0.214672
-0.5548 0.214672
-0.54896 0.214672
-0.54312 0.214672
-0.53728 0.214672
-0.53144 0.214672
-0.5256 0.214672
-0.51976 0.214672
-0.51392 0.214672
-0.50808 0.214672
-0.50224 0.214672
-0.4964 0.214672
-0.49056 0.214672
-0.48472 0.214672
-0.47888 0.214672
-0.47304 0.214672
-0.4672 0.214672
-0.46136 0.214672
-0.45552 0.214672
-0.44968 0.214672
-0.44384 0.214672
-0.438 0.214672
-0.43216 0.214672
-0.42632 0.214672
-0.42048 0.214672
-0.41464 0.214672
-0.4088 0.214672
-0.40296 0.214672
-0.39712 0.214672
-0.39128 0.214672
-0.38544 0.214672
-0.3796 0.214672
-0.37376 0.214672
-0.36792 0.214672
-0.36208 0.214672
-0.35624 0.214672
-0.3504 0.214672
-0.34456 0.214672
-0.33872 0.214672
-0.33288 0.214672
-0.32704 0.214672
-0.3212 0.214672
-0.31536 0.214672
-0.30952 0.214672
-0.30368 0.214672
-0.29784 0.214672
-0.292 0.214672
-0.28616 0.214672
-0.28032 0.214672
-0.27448 0.214672
-0.26864 0.214672
-0.2628 0.214672
-0.25696 0.214672
-0.25112 0.214672
-0.24528 0.214672
-0.23944 0.214672
-0.2336 0.214672
-0.22776 0.214672
-0.22192 0.214672
-0.21608 0.214672
-0.21024 0.214672
-0.2044 0.214672
-0.19856 0.214672
-0.19272 0.214672
-0.18688 0.214672
-0.18104 0.214672
-0.1752 0.214672
-0.16936 0.214672
-0.16352 0.214672
-0.15768 0.214672
-0.15184 0.214672
-0.146 0.214672
-0.14016 0.214672
-0.13432 0.214672
-0.12848 0.214672
-0.12264 0.214672
-0.1168 0.214672
-0.11096 0.214672
-0.10512 0.214672
-0.09928 0.214672
-0.09344 0.214672
-0.0876 0.214672
-0.08176 0.214672
-0.07592 0.214672
-0.07008 0.214672
-0.06424 0.214672
-0.0584 0.214672
-0.05256 0.214672
-0.04672 0.214672
-0.04088 0.214672
-0.03504 0.214672
-0.0292 0.214672
-0.02336 0.214672
-0.01752 0.214672
-0.01168 0.214672
-0.00584 0.214672
