-2.92 0.129815
-2.91416 0.129815
-2.90832 0.129815
-2.90248 0.129815
-2.89664 0.129815
-2.8908 0.129815
-2.88496 0.129815
-2.87912 0.129815
-2.87328 0.129815
-2.86744 0.129815
-2.8616 0.129815
-2.85576 0.129815
-2.84992 0.129815
-2.84408 0.129815
-2.83824 0.129815
-2.8324 0.129815
-2.82656 0.129815
-2.82072 0.129815
-2.81488 0.129815
-2.80904 0.129815
-2.8032 0.129815
-2.79736 0.129815
-2.79152 0.129815
-2.78568 0.129815
-2.77984 0.129815
-2.774 0.129815
-2.76816 0.129815
-2.76232 0.129815
-2.75648 0.129815
-2.75064 0.129815
-2.7448 0.129815
-2.73896 0.129815
-2.73312 0.129815
-2.72728 0.129815
-2.72144 0.129815
-2.7156 0.129815
-2.70976 0.129815
-2.70392 0.129815
-2.69808 0.129815
-2.69224 0.129815
-2.6864 0.129815
-2.68056 0.129815
-2.67472 0.129815
-2.66888 0.129815
-2.66304 0.129815
-2.6572 0.129815
-2.65136 0.129815
-2.64552 0.129815
-2.63968 0.129815
-2.63384 0.129815
-2.628 0.129815
-2.62216 0.129815
-2.61632 0.129815
-2.61048 0.129815
-2.60464 0.129815
-2.5988 0.129815
-2.59296 0.129641
-2.58712 0.129466
-2.58128 0.129247
-2.57544 0.129029
-2.5696 0.128766
-2.56376 0.12846
-2.55792 0.128108
-2.55208 0.127757
-2.54624 0.127404
-2.5404 0.127051
-2.53456 0.126698
-2.52872 0.1263
-2.52288 0.125861
-2.51704 0.125333
-2.5112 0.124849
-2.50536 0.124364
-2.49952 0.123881
-2.49368 0.123266
-2.48784 0.122649
-2.482 0.122165
-2.47616 0.121505
-2.47032 0.120845
-2.46448 0.120141
-2.45864 0.119392
-2.4528 0.1186
-2.44696 0.117807
-2.44112 0.117015
-2.43528 0.116223
-2.42944 0.115431
-2.4236 0.114637
-2.41776 0.113844
-2.41192 0.11305
-2.40608 0.112257
-2.40024 0.111507
-2.3944 0.110713
-2.38856 0.109921
-2.38272 0.109128
-2.37688 0.108334
-2.37104 0.107497
-2.3652 0.10675
-2.35936 0.105869
-2.35352 0.104989
-2.34768 0.104109
-2.34184 0.103227
-2.336 0.102302
-2.33016 0.101377
-2.32432 0.100539
-2.31848 0.0996579
-2.31264 0.0987775
-2.3068 0.0978526
-2.30096 0.0969298
-2.29512 0.0960495
-2.28928 0.0951681
-2.28344 0.0942877
-2.2776 0.0933628
-2.27176 0.0924813
-2.26592 0.0915564
-2.26008 0.0908063
-2.25424 0.0898814
-2.2484 0.0889565
-2.24256 0.0880315
-2.23672 0.0871066
-2.23088 0.0861816
-2.22504 0.0852567
-2.2192 0.0843318
-2.21336 0.0834514
-2.20752 0.08257
-2.20168 0.081645
-2.19584 0.0807636
-2.19 0.0798386
-2.18416 0.0789137
-2.17832 0.0780321
-2.17248 0.0771083
-2.16664 0.0761834
-2.1608 0.0752584
-2.15496 0.074377
-2.14912 0.0734966
-2.14328 0.0726162
-2.13744 0.0716913
-2.1316 0.0707664
-2.12576 0.069886
-2.11992 0.0690046
-2.11408 0.0680796
-2.10824 0.0671982
-2.1024 0.0663167
-2.09656 0.0654798
-2.09072 0.0645549
-2.08488 0.0636321
-2.07904 0.0627072
-2.0732 0.0618268
-2.06736 0.0609454
-2.06152 0.0600651
-2.05568 0.0591401
-2.04984 0.0582587
-2.044 0.0575086
-2.03816 0.0565837
-2.03232 0.0556587
-2.02648 0.0547338
-2.02064 0.0538089
-2.0148 0.0528839
-2.00896 0.051959
-2.00312 0.051034
-1.99728 0.0501526
-1.99144 0.0494016
-1.9856 0.0484332
-1.97976 0.0475083
-1.97392 0.0465875
-1.96808 0.0456584
-1.96224 0.0450782
-1.9564 0.0444907
-1.95056 0.043865
-1.94472 0.043661
-1.93888 0.0431211
-1.93304 0.0432141
-1.9272 0.0430609
-1.92136 0.0424755
-1.91552 0.0424028
-1.90968 0.0416086
-1.90384 0.0419151
-1.898 0.0418789
-1.89216 0.0420176
-1.88632 0.0421169
-1.88048 0.0424618
-1.87464 0.0422681
-1.8688 0.0423211
-1.86296 0.0421688
-1.85712 0.0426765
-1.85128 0.0432856
-1.84544 0.0421933
-1.8396 0.0437236
-1.83376 0.0439172
-1.82792 0.0434182
-1.82208 0.0447926
-1.81624 0.0457802
-1.8104 0.0449082
-1.80456 0.0455201
-1.79872 0.0458278
-1.79288 0.0464338
-1.78704 0.046466
-1.7812 0.0470954
-1.77536 0.0472889
-1.76952 0.0459424
-1.76368 0.0477407
-1.75784 0.0494909
-1.752 0.0505698
-1.74616 0.0503314
-1.74032 0.0511606
-1.73448 0.0516759
-1.72864 0.0518663
-1.7228 0.0541416
-1.71696 0.0525794
-1.71112 0.0545179
-1.70528 0.0573386
-1.69944 0.0560206
-1.6936 0.0582674
-1.68776 0.0578656
-1.68192 0.060372
-1.67608 0.0600827
-1.67024 0.0613886
-1.6644 0.0610918
-1.65856 0.0614423
-1.65272 0.0639823
-1.64688 0.0632236
-1.64104 0.0651114
-1.6352 0.0635256
-1.62936 0.0657371
-1.62352 0.0672244
-1.61768 0.066318
-1.61184 0.0669113
-1.606 0.069419
-1.60016 0.0707355
-1.59432 0.0701861
-1.58848 0.0712552
-1.58264 0.0738803
-1.5768 0.0733553
-1.57096 0.0741108
-1.56512 0.0767383
-1.55928 0.0786594
-1.55344 0.0773559
-1.5476 0.0776712
-1.54176 0.0806216
-1.53592 0.0821633
-1.53008 0.0840248
-1.52424 0.0850613
-1.5184 0.0863904
-1.51256 0.087989
-1.50672 0.0901102
-1.50088 0.0894619
-1.49504 0.0931811
-1.4892 0.0944907
-1.48336 0.0967812
-1.47752 0.0973634
-1.47168 0.0987843
-1.46584 0.0997792
-1.46 0.102402
-1.45416 0.101015
-1.44832 0.103504
-1.44248 0.106612
-1.43664 0.106174
-1.4308 0.108447
-1.42496 0.110431
-1.41912 0.111506
-1.41328 0.116412
-1.40744 0.114194
-1.4016 0.115868
-1.39576 0.116506
-1.38992 0.117796
-1.38408 0.120621
-1.37824 0.120517
-1.3724 0.122419
-1.36656 0.126103
-1.36072 0.127865
-1.35488 0.128908
-1.34904 0.127259
-1.3432 0.131299
-1.33736 0.132185
-1.33152 0.132681
-1.32568 0.136051
-1.31984 0.13915
-1.314 0.139041
-1.30816 0.139859
-1.30232 0.142254
-1.29648 0.144356
-1.29064 0.14529
-1.2848 0.147707
-1.27896 0.147303
-1.27312 0.149689
-1.26728 0.151199
-1.26144 0.15211
-1.2556 0.152578
-1.24976 0.155368
-1.24392 0.15707
-1.23808 0.157942
-1.23224 0.159336
-1.2264 0.158709
-1.22056 0.159659
-1.21472 0.162036
-1.20888 0.16246
-1.20304 0.164094
-1.1972 0.166167
-1.19136 0.166337
-1.18552 0.170022
-1.17968 0.169458
-1.17384 0.170715
-1.168 0.173177
-1.16216 0.173852
-1.15632 0.174434
-1.15048 0.176166
-1.14464 0.180731
-1.1388 0.179123
-1.13296 0.179815
-1.12712 0.183201
-1.12128 0.18408
-1.11544 0.183483
-1.1096 0.18441
-1.10376 0.186357
-1.09792 0.186556
-1.09208 0.188468
-1.08624 0.188842
-1.0804 0.190562
-1.07456 0.191925
-1.06872 0.192787
-1.06288 0.193388
-1.05704 0.195724
-1.0512 0.195145
-1.04536 0.197997
-1.03952 0.19655
-1.03368 0.197895
-1.02784 0.197461
-1.022 0.200051
-1.01616 0.198423
-1.01032 0.199043
-1.00448 0.199543
-0.99864 0.198942
-0.9928 0.19918
-0.98696 0.200407
-0.98112 0.199927
-0.97528 0.201353
-0.96944 0.200206
-0.9636 0.199425
-0.95776 0.200066
-0.95192 0.19856
-0.94608 0.199997
-0.94024 0.199892
-0.9344 0.201248
-0.92856 0.201957
-0.92272 0.202502
-0.91688 0.202736
-0.91104 0.201719
-0.9052 0.203309
-0.89936 0.202873
-0.89352 0.203024
-0.88768 0.204284
-0.88184 0.204321
-0.876 0.202689
-0.87016 0.203064
-0.86432 0.204282
-0.85848 0.204609
-0.85264 0.205524
-0.8468 0.2053
-0.84096 0.203675
-0.83512 0.204731
-0.82928 0.204927
-0.82344 0.205977
-0.8176 0.204967
-0.81176 0.204999
-0.80592 0.205925
-0.80008 0.204626
-0.79424 0.204362
-0.7884 0.204768
-0.78256 0.20471
-0.77672 0.204605
-0.77088 0.205985
-0.76504 0.205835
-0.7592 0.205774
-0.75336 0.205756
-0.74752 0.206341
-0.74168 0.206946
-0.73584 0.207177
-0.73 0.207683
-0.72416 0.208152
-0.71832 0.208386
-0.71248 0.208872
-0.70664 0.210376
-0.7008 0.210736
-0.69496 0.211263
-0.68912 0.212513
-0.68328 0.213255
-0.67744 0.213863
-0.6716 0.215021
-0.66576 0.21555
-0.65992 0.216327
-0.65408 0.21633
-0.64824 0.217277
-0.6424 0.21843
-0.63656 0.218571
-0.63072 0.218919
-0.62488 0.219009
-0.61904 0.218805
-0.6132 0.218684
-0.60736 0.21873
-0.60152 0.218902
-0.59568 0.218902
-0.58984 0.218902
-0.584 0.218902
-0.57816 0.218902
-0.57232 0.218902
-0.56648 0.218902
-0.56064 0.218902
-0.5548 0.218902
-0.54896 0.218902
-0.54312 0.218902
-0.53728 0.218902
-0.53144 0.218902
-0.5256 0.218902
-0.51976 0.218902
-0.51392 0.218902
-0.50808 0.218902
-0.50224 0.218902
-0.4964 0.218902
-0.49056 0.218902
-0.48472 0.218902
-0.47888 0.218902
-0.47304 0.218902
-0.4672 0.218902
-0.46136 0.218902
-0.45552 0.218902
-0.44968 0.218902
-0.44384 0.218902
-0.438 0.218902
-0.43216 0.218902
-0.42632 0.218902
-0.42048 0.218902
-0.41464 0.218902
-0.4088 0.218902
-0.40296 0.218902
-0.39712 0.218902
-0.39128 0.218902
-0.38544 0.218902
-0.3796 0.218902
-0.37376 0.218902
-0.36792 0.218902
-0.36208 0.218902
-0.35624 0.218902
-0.3504 0.218902
-0.34456 0.218902
-0.33872 0.218902
-0.33288 0.218902
-0.32704 0.218902
-0.3212 0.218902
-0.31536 0.218902
-0.30952 0.218902
-0.30368 0.218902
-0.29784 0.218902
-0.292 0.218902
-0.28616 0.218902
-0.28032 0.218902
-0.27448 0.218902
-0.26864 0.218902
-0.2628 0.218902
-0.25696 0.218902
-0.25112 0.218902
-0.24528 0.218902
-0.23944 0.218902
-0.2336 0.218902
-0.22776 0.218902
-0.22192 0.218902
-0.21608 0.218902
-0.21024 0.218902
-0.2044 0.218902
-0.19856 0.218902
-0.19272 0.218902
-0.18688 0.218902
-0.18104 0.218902
-0.1752 0.218902
-0.16936 0.218902
-0.16352 0.218902
-0.15768 0.218902
-0.15184 0.218902
-0.146 0.218902
-0.14016 0.218902
-0.13432 0.218902
-0.12848 0.218902
-0.12264 0.218902
-0.1168 0.218902
-0.11096 0.218902
-0.10512 0.218902
-0.09928 0.218902
-0.09344 0.218902
-0.0876 0.218902
-0.08176 0.218902
-0.07592 0.218902
-0.07008 0.218902
-0.06424 0.218902
-0.0584 0.218902
-0.05256 0.218902
-0.04672 0.218902
-0.04088 0.218902
-0.03504 0.218902
-0.0292 0.218902
-0.02336 0.218902
-0.01752 0.218902
-0.01168 0.218902
-0.00584 0.218902
