-2.92 0.170708
-2.91416 0.170708
-2.90832 0.170708
-2.90248 0.170708
-2.89664 0.170708
-2.8908 0.170708
-2.88496 0.170708
-2.87912 0.170708
-2.87328 0.170708
-2.86744 0.170708
-2.8616 0.170708
-2.85576 0.170708
-2.84992 0.170708
-2.84408 0.170708
-2.83824 0.170708
-2.8324 0.170708
-2.82656 0.170708
-2.82072 0.170708
-2.81488 0.170708
-2.80904 0.170708
-2.8032 0.170708
-2.79736 0.170708
-2.79152 0.170708
-2.78568 0.170708
-2.77984 0.170708
-2.774 0.170708
-2.76816 0.170708
-2.76232 0.170708
-2.75648 0.170708
-2.75064 0.170708
-2.7448 0.170708
-2.73896 0.170708
-2.73312 0.170708
-2.72728 0.170708
-2.72144 0.170708
-2.7156 0.170708
-2.70976 0.170708
-2.70392 0.170708
-2.69808 0.170708
-2.69224 0.170708
-2.6864 0.170708
-2.68056 0.170708
-2.67472 0.170708
-2.66888 0.170708
-2.66304 0.170708
-2.6572 0.170708
-2.65136 0.170708
-2.64552 0.170708
-2.63968 0.170708
-2.63384 0.170708
-2.628 0.170708
-2.62216 0.170708
-2.61632 0.170708
-2.61048 0.170708
-2.60464 0.170708
-2.5988 0.170708
-2.59296 0.170576
-2.58712 0.170443
-2.58128 0.170221
-2.57544 0.16991
-2.5696 0.169555
-2.56376 0.169155
-2.55792 0.16871
-2.55208 0.168222
-2.54624 0.167691
-2.5404 0.167115
-2.53456 0.16654
-2.52872 0.166009
-2.52288 0.165477
-2.51704 0.164945
-2.5112 0.164415
-2.50536 0.163839
-2.49952 0.163309
-2.49368 0.162732
-2.48784 0.162113
-2.482 0.16158
-2.47616 0.160869
-2.47032 0.160158
-2.46448 0.15936
-2.45864 0.158562
-2.4528 0.157677
-2.44696 0.156792
-2.44112 0.155863
-2.43528 0.154891
-2.42944 0.15392
-2.4236 0.152948
-2.41776 0.151976
-2.41192 0.151004
-2.40608 0.150032
-2.40024 0.14906
-2.3944 0.148088
-2.38856 0.14716
-2.38272 0.146188
-2.37688 0.145259
-2.37104 0.144242
-2.3652 0.143313
-2.35936 0.142253
-2.35352 0.14124
-2.34768 0.140136
-2.34184 0.139078
-2.336 0.138019
-2.33016 0.136871
-2.32432 0.135723
-2.31848 0.134575
-2.31264 0.133427
-2.3068 0.132366
-2.30096 0.131262
-2.29512 0.130158
-2.28928 0.128967
-2.28344 0.127775
-2.2776 0.126584
-2.27176 0.125392
-2.26592 0.124157
-2.26008 0.122966
-2.25424 0.121686
-2.2484 0.120406
-2.24256 0.119171
-2.23672 0.117935
-2.23088 0.116655
-2.22504 0.115463
-2.2192 0.114139
-2.21336 0.11286
-2.20752 0.111536
-2.20168 0.110169
-2.19584 0.108847
-2.19 0.107524
-2.18416 0.106157
-2.17832 0.10479
-2.17248 0.103423
-2.16664 0.1021
-2.1608 0.100733
-2.15496 0.0993663
-2.14912 0.0980429
-2.14328 0.096676
-2.13744 0.0953103
-2.1316 0.0939011
-2.12576 0.0924897
-2.11992 0.0911229
-2.11408 0.0897561
-2.10824 0.0883447
-2.1024 0.0869333
-2.09656 0.0855219
-2.09072 0.084154
-2.08488 0.0827861
-2.07904 0.0814183
-2.0732 0.0800515
-2.06736 0.0786847
-2.06152 0.0773624
-2.05568 0.0760401
-2.04984 0.0747168
-2.044 0.0734391
-2.03816 0.0720723
-2.03232 0.070662
-2.02648 0.0692963
-2.02064 0.0679745
-2.0148 0.0665642
-2.00896 0.0652398
-2.00312 0.0640034
-1.99728 0.062765
-1.99144 0.0613608
-1.9856 0.0601183
-1.97976 0.0588839
-1.97392 0.0577739
-1.96808 0.0572059
-1.96224 0.0561774
-1.9564 0.0558717
-1.95056 0.0547643
-1.94472 0.0540727
-1.93888 0.0537716
-1.93304 0.0532501
-1.9272 0.0533566
-1.92136 0.0521311
-1.91552 0.0515336
-1.90968 0.0500908
-1.90384 0.0497594
-1.898 0.0490694
-1.89216 0.0487915
-1.88632 0.048587
-1.88048 0.0479693
-1.87464 0.0483565
-1.8688 0.0490282
-1.86296 0.0477701
-1.85712 0.048284
-1.85128 0.048416
-1.84544 0.0469777
-1.8396 0.0480113
-1.83376 0.0484507
-1.82792 0.0482078
-1.82208 0.048266
-1.81624 0.0490909
-1.8104 0.0487265
-1.80456 0.0485516
-1.79872 0.0497644
-1.79288 0.0503433
-1.78704 0.0486295
-1.7812 0.0495921
-1.77536 0.0488351
-1.76952 0.0507246
-1.76368 0.050276
-1.75784 0.0502105
-1.752 0.0517365
-1.74616 0.0501338
-1.74032 0.050688
-1.73448 0.051043
-1.72864 0.0506608
-1.7228 0.0527576
-1.71696 0.0505291
-1.71112 0.0529187
-1.70528 0.0540137
-1.69944 0.0542946
-1.6936 0.0562224
-1.68776 0.0553553
-1.68192 0.0553737
-1.67608 0.0556655
-1.67024 0.0549719
-1.6644 0.0565428
-1.65856 0.0569174
-1.65272 0.0567172
-1.64688 0.0583138
-1.64104 0.0591949
-1.6352 0.0594443
-1.62936 0.0585585
-1.62352 0.0608829
-1.61768 0.0609748
-1.61184 0.0621266
-1.606 0.0625829
-1.60016 0.0646352
-1.59432 0.0649409
-1.58848 0.0670019
-1.58264 0.0679905
-1.5768 0.0679533
-1.57096 0.0728363
-1.56512 0.0709882
-1.55928 0.0736884
-1.55344 0.0754437
-1.5476 0.0765565
-1.54176 0.0791167
-1.53592 0.0787279
-1.53008 0.075995
-1.52424 0.081705
-1.5184 0.0845358
-1.51256 0.0861175
-1.50672 0.0849813
-1.50088 0.0871754
-1.49504 0.0902447
-1.4892 0.0928676
-1.48336 0.090789
-1.47752 0.093172
-1.47168 0.0955799
-1.46584 0.0930547
-1.46 0.0964868
-1.45416 0.099566
-1.44832 0.101523
-1.44248 0.101411
-1.43664 0.100674
-1.4308 0.103699
-1.42496 0.105601
-1.41912 0.106574
-1.41328 0.108712
-1.40744 0.11078
-1.4016 0.114091
-1.39576 0.113907
-1.38992 0.113282
-1.38408 0.118198
-1.37824 0.119837
-1.3724 0.121112
-1.36656 0.122817
-1.36072 0.125695
-1.35488 0.128401
-1.34904 0.124659
-1.3432 0.129902
-1.33736 0.129534
-1.33152 0.131295
-1.32568 0.133032
-1.31984 0.13521
-1.314 0.137672
-1.30816 0.135956
-1.30232 0.139348
-1.29648 0.14038
-1.29064 0.140745
-1.2848 0.145517
-1.27896 0.144225
-1.27312 0.14807
-1.26728 0.149588
-1.26144 0.148911
-1.2556 0.150398
-1.24976 0.151859
-1.24392 0.152134
-1.23808 0.153714
-1.23224 0.15535
-1.2264 0.158385
-1.22056 0.157177
-1.21472 0.160029
-1.20888 0.162291
-1.20304 0.163696
-1.1972 0.165838
-1.19136 0.165111
-1.18552 0.168463
-1.17968 0.168734
-1.17384 0.170522
-1.168 0.170712
-1.16216 0.172745
-1.15632 0.175852
-1.15048 0.176993
-1.14464 0.177888
-1.1388 0.178783
-1.13296 0.181922
-1.12712 0.180647
-1.12128 0.183616
-1.11544 0.185078
-1.1096 0.186286
-1.10376 0.187437
-1.09792 0.188985
-1.09208 0.185603
-1.08624 0.189923
-1.0804 0.192545
-1.07456 0.194187
-1.06872 0.193192
-1.06288 0.193567
-1.05704 0.196888
-1.0512 0.198567
-1.04536 0.195574
-1.03952 0.198327
-1.03368 0.199621
-1.02784 0.196819
-1.022 0.198214
-1.01616 0.200263
-1.01032 0.200564
-1.00448 0.199984
-0.99864 0.199008
-0.9928 0.200898
-0.98696 0.200023
-0.98112 0.200845
-0.97528 0.201664
-0.96944 0.202442
-0.9636 0.205149
-0.95776 0.203411
-0.95192 0.202106
-0.94608 0.205475
-0.94024 0.204517
-0.9344 0.205761
-0.92856 0.205774
-0.92272 0.207036
-0.91688 0.207844
-0.91104 0.204865
-0.9052 0.208402
-0.89936 0.207452
-0.89352 0.209259
-0.88768 0.208808
-0.88184 0.211085
-0.876 0.209863
-0.87016 0.20877
-0.86432 0.210236
-0.85848 0.211387
-0.85264 0.211443
-0.8468 0.212177
-0.84096 0.212631
-0.83512 0.213981
-0.82928 0.215236
-0.82344 0.2132
-0.8176 0.214104
-0.81176 0.214166
-0.80592 0.214309
-0.80008 0.214959
-0.79424 0.216164
-0.7884 0.217077
-0.78256 0.216633
-0.77672 0.217604
-0.77088 0.2182
-0.76504 0.218244
-0.7592 0.218582
-0.75336 0.220063
-0.74752 0.219516
-0.74168 0.220141
-0.73584 0.220836
-0.73 0.221467
-0.72416 0.222036
-0.71832 0.222893
-0.71248 0.223033
-0.70664 0.224461
-0.7008 0.224523
-0.69496 0.225494
-0.68912 0.22612
-0.68328 0.227211
-0.67744 0.229014
-0.6716 0.230228
-0.66576 0.230873
-0.65992 0.231876
-0.65408 0.231684
-0.64824 0.232732
-0.6424 0.233649
-0.63656 0.234432
-0.63072 0.23475
-0.62488 0.235441
-0.61904 0.235754
-0.6132 0.236024
-0.60736 0.235704
-0.60152 0.236051
-0.59568 0.236051
-0.58984 0.236051
-0.584 0.236051
-0.57816 0.236051
-0.57232 0.236051
-0.56648 0.236051
-0.56064 0.236051
-0.5548 0.236051
-0.54896 0.236051
-0.54312 0.236051
-0.53728 0.236051
-0.53144 0.236051
-0.5256 0.236051
-0.51976 0.236051
-0.51392 0.236051
-0.50808 0.236051
-0.50224 0.236051
-0.4964 0.236051
-0.49056 0.236051
-0.48472 0.236051
-0.47888 0.236051
-0.47304 0.236051
-0.4672 0.236051
-0.46136 0.236051
-0.45552 0.236051
-0.44968 0.236051
-0.44384 0.236051
-0.438 0.236051
-0.43216 0.236051
-0.42632 0.236051
-0.42048 0.236051
-0.41464 0.236051
-0.4088 0.236051
-0.40296 0.236051
-0.39712 0.236051
-0.39128 0.236051
-0.38544 0.236051
-0.3796 0.236051
-0.37376 0.236051
-0.36792 0.236051
-0.36208 0.236051
-0.35624 0.236051
-0.3504 0.236051
-0.34456 0.236051
-0.33872 0.236051
-0.33288 0.236051
-0.32704 0.236051
-0.3212 0.236051
-0.31536 0.236051
-0.30952 0.236051
-0.30368 0.236051
-0.29784 0.236051
-0.292 0.236051
-0.28616 0.236051
-0.28032 0.236051
-0.27448 0.236051
-0.26864 0.236051
-0.2628 0.236051
-0.25696 0.236051
-0.25112 0.236051
-0.24528 0.236051
-0.23944 0.236051
-0.2336 0.236051
-0.22776 0.236051
-0.22192 0.236051
-0.21608 0.236051
-0.21024 0.236051
-0.2044 0.236051
-0.19856 0.236051
-0.19272 0.236051
-0.18688 0.236051
-0.18104 0.236051
-0.1752 0.236051
-0.16936 0.236051
-0.16352 0.236051
-0.15768 0.236051
-0.15184 0.236051
-0.146 0.236051
-0.14016 0.236051
-0.13432 0.236051
-0.12848 0.236051
-0.12264 0.236051
-0.1168 0.236051
-0.11096 0.236051
-0.10512 0.236051
-0.09928 0.236051
-0.09344 0.236051
-0.0876 0.236051
-0.08176 0.236051
-0.07592 0.236051
-0.07008 0.236051
-0.06424 0.236051
-0.0584 0.236051
-0.05256 0.236051
-0.04672 0.236051
-0.04088 0.236051
-0.03504 0.236051
-0.0292 0.236051
-0.02336 0.236051
-0.01752 0.236051
-0.01168 0.236051
-0.00584 0.236051
