-2.92 0.173724
-2.91416 0.173724
-2.90832 0.173724
-2.90248 0.173724
-2.89664 0.173724
-2.8908 0.173724
-2.88496 0.173724
-2.87912 0.173724
-2.87328 0.173724
-2.86744 0.173724
-2.8616 0.173724
-2.85576 0.173724
-2.84992 0.173724
-2.84408 0.173724
-2.83824 0.173724
-2.8324 0.173724
-2.82656 0.173724
-2.82072 0.173724
-2.81488 0.173724
-2.80904 0.173724
-2.8032 0.173724
-2.79736 0.173724
-2.79152 0.173724
-2.78568 0.173724
-2.77984 0.173724
-2.774 0.173724
-2.76816 0.173724
-2.76232 0.173724
-2.75648 0.173724
-2.75064 0.173724
-2.7448 0.173724
-2.73896 0.173724
-2.73312 0.173724
-2.72728 0.173724
-2.72144 0.173724
-2.7156 0.173724
-2.70976 0.173724
-2.70392 0.173724
-2.69808 0.173724
-2.69224 0.173724
-2.6864 0.173724
-2.68056 0.173724
-2.67472 0.173724
-2.66888 0.173724
-2.66304 0.173724
-2.6572 0.173724
-2.65136 0.173724
-2.64552 0.173724
-2.63968 0.173724
-2.63384 0.173724
-2.628 0.173724
-2.62216 0.173724
-2.61632 0.173724
-2.61048 0.173724
-2.60464 0.173724
-2.5988 0.173724
-2.59296 0.173415
-2.58712 0.17306
-2.58128 0.172661
-2.57544 0.172219
-2.5696 0.171688
-2.56376 0.171113
-2.55792 0.170536
-2.55208 0.169959
-2.54624 0.169338
-2.5404 0.168717
-2.53456 0.168095
-2.52872 0.167386
-2.52288 0.166678
-2.51704 0.165838
-2.5112 0.164998
-2.50536 0.164159
-2.49952 0.163365
-2.49368 0.16257
-2.48784 0.161686
-2.482 0.161157
-2.47616 0.160228
-2.47032 0.159298
-2.46448 0.15828
-2.45864 0.157261
-2.4528 0.156241
-2.44696 0.155179
-2.44112 0.154116
-2.43528 0.153054
-2.42944 0.151991
-2.4236 0.150885
-2.41776 0.149779
-2.41192 0.148673
-2.40608 0.147567
-2.40024 0.146461
-2.3944 0.145355
-2.38856 0.144336
-2.38272 0.143229
-2.37688 0.142167
-2.37104 0.141061
-2.3652 0.140044
-2.35936 0.138938
-2.35352 0.13792
-2.34768 0.136814
-2.34184 0.135708
-2.336 0.134602
-2.33016 0.133495
-2.32432 0.132477
-2.31848 0.131371
-2.31264 0.130264
-2.3068 0.129157
-2.30096 0.128005
-2.29512 0.126853
-2.28928 0.125701
-2.28344 0.124594
-2.2776 0.123442
-2.27176 0.122291
-2.26592 0.121184
-2.26008 0.120252
-2.25424 0.119056
-2.2484 0.11786
-2.24256 0.116663
-2.23672 0.115512
-2.23088 0.114315
-2.22504 0.113164
-2.2192 0.111967
-2.21336 0.110771
-2.20752 0.109575
-2.20168 0.108378
-2.19584 0.107182
-2.19 0.105986
-2.18416 0.104789
-2.17832 0.103593
-2.17248 0.10244
-2.16664 0.101288
-2.1608 0.100092
-2.15496 0.0988522
-2.14912 0.097657
-2.14328 0.0964618
-2.13744 0.0952666
-2.1316 0.0940702
-2.12576 0.0928304
-2.11992 0.0915906
-2.11408 0.0903508
-2.10824 0.0891552
-2.1024 0.0879589
-2.09656 0.0868071
-2.09072 0.0855673
-2.08488 0.0843721
-2.07904 0.0831323
-2.0732 0.0818936
-2.06736 0.0806984
-2.06152 0.0795488
-2.05568 0.078397
-2.04984 0.0772007
-2.044 0.0763152
-2.03816 0.0750754
-2.03232 0.0738356
-2.02648 0.0725969
-2.02064 0.0714006
-2.0148 0.0702478
-2.00896 0.0691395
-2.00312 0.0681109
-1.99728 0.0667883
-1.99144 0.0656789
-1.9856 0.0644371
-1.97976 0.0633679
-1.97392 0.0624722
-1.96808 0.061655
-1.96224 0.0613463
-1.9564 0.0604503
-1.95056 0.0600987
-1.94472 0.0587773
-1.93888 0.0589352
-1.93304 0.0590957
-1.9272 0.0581548
-1.92136 0.0573432
-1.91552 0.0574351
-1.90968 0.0557439
-1.90384 0.0558855
-1.898 0.0552572
-1.89216 0.0549094
-1.88632 0.0549603
-1.88048 0.0547564
-1.87464 0.0548279
-1.8688 0.0542684
-1.86296 0.0547293
-1.85712 0.0532984
-1.85128 0.053762
-1.84544 0.0536461
-1.8396 0.0531502
-1.83376 0.0542967
-1.82792 0.0540191
-1.82208 0.0543926
-1.81624 0.055206
-1.8104 0.0548503
-1.80456 0.0540519
-1.79872 0.0546847
-1.79288 0.0551347
-1.78704 0.0544547
-1.7812 0.0549623
-1.77536 0.0549585
-1.76952 0.055343
-1.76368 0.0564517
-1.75784 0.0550063
-1.752 0.0561018
-1.74616 0.0561654
-1.74032 0.0577523
-1.73448 0.0564105
-1.72864 0.0570675
-1.7228 0.0582398
-1.71696 0.0579903
-1.71112 0.0590616
-1.70528 0.0587378
-1.69944 0.0575574
-1.6936 0.0578239
-1.68776 0.0600453
-1.68192 0.060111
-1.67608 0.0598738
-1.67024 0.0623605
-1.6644 0.0619545
-1.65856 0.061363
-1.65272 0.0627321
-1.64688 0.0618798
-1.64104 0.0643104
-1.6352 0.0624118
-1.62936 0.0638038
-1.62352 0.0646082
-1.61768 0.0646137
-1.61184 0.062413
-1.606 0.0689213
-1.60016 0.0682409
-1.59432 0.0681392
-1.58848 0.0698563
-1.58264 0.0721787
-1.5768 0.0723646
-1.57096 0.0747468
-1.56512 0.0733813
-1.55928 0.0757303
-1.55344 0.07838
-1.5476 0.0792011
-1.54176 0.0814818
-1.53592 0.0829084
-1.53008 0.0827535
-1.52424 0.0861824
-1.5184 0.0857115
-1.51256 0.0875695
-1.50672 0.0879598
-1.50088 0.0905412
-1.49504 0.0927391
-1.4892 0.0933746
-1.48336 0.0935985
-1.47752 0.0946302
-1.47168 0.0962995
-1.46584 0.100938
-1.46 0.100635
-1.45416 0.102254
-1.44832 0.104313
-1.44248 0.106131
-1.43664 0.10839
-1.4308 0.107434
-1.42496 0.112937
-1.41912 0.109576
-1.41328 0.112864
-1.40744 0.116753
-1.4016 0.116286
-1.39576 0.119874
-1.38992 0.121491
-1.38408 0.123705
-1.37824 0.125133
-1.3724 0.125723
-1.36656 0.125014
-1.36072 0.128712
-1.35488 0.130278
-1.34904 0.130931
-1.3432 0.131752
-1.33736 0.134769
-1.33152 0.137427
-1.32568 0.141005
-1.31984 0.139848
-1.314 0.141522
-1.30816 0.141908
-1.30232 0.145114
-1.29648 0.145069
-1.29064 0.147817
-1.2848 0.150411
-1.27896 0.150322
-1.27312 0.153458
-1.26728 0.155732
-1.26144 0.153036
-1.2556 0.155247
-1.24976 0.156541
-1.24392 0.158933
-1.23808 0.159671
-1.23224 0.163424
-1.2264 0.163094
-1.22056 0.164371
-1.21472 0.167922
-1.20888 0.168324
-1.20304 0.169602
-1.1972 0.170312
-1.19136 0.172514
-1.18552 0.175023
-1.17968 0.174555
-1.17384 0.174928
-1.168 0.182172
-1.16216 0.181332
-1.15632 0.181495
-1.15048 0.182999
-1.14464 0.185234
-1.1388 0.186452
-1.13296 0.187476
-1.12712 0.185122
-1.12128 0.187897
-1.11544 0.19049
-1.1096 0.190551
-1.10376 0.192527
-1.09792 0.194689
-1.09208 0.193351
-1.08624 0.196649
-1.0804 0.195491
-1.07456 0.1982
-1.06872 0.197491
-1.06288 0.199812
-1.05704 0.202
-1.0512 0.201338
-1.04536 0.199538
-1.03952 0.200392
-1.03368 0.201677
-1.02784 0.20379
-1.022 0.203026
-1.01616 0.202419
-1.01032 0.203767
-1.00448 0.204349
-0.99864 0.20546
-0.9928 0.204513
-0.98696 0.206661
-0.98112 0.204144
-0.97528 0.206215
-0.96944 0.206893
-0.9636 0.205084
-0.95776 0.207145
-0.95192 0.208304
-0.94608 0.208508
-0.94024 0.208256
-0.9344 0.208861
-0.92856 0.207463
-0.92272 0.208696
-0.91688 0.210266
-0.91104 0.208933
-0.9052 0.208972
-0.89936 0.210454
-0.89352 0.211908
-0.88768 0.21313
-0.88184 0.212031
-0.876 0.21267
-0.87016 0.211235
-0.86432 0.213022
-0.85848 0.213864
-0.85264 0.214968
-0.8468 0.214299
-0.84096 0.214178
-0.83512 0.215949
-0.82928 0.215682
-0.82344 0.215105
-0.8176 0.215519
-0.81176 0.21508
-0.80592 0.215846
-0.80008 0.216216
-0.79424 0.216274
-0.7884 0.217542
-0.78256 0.21782
-0.77672 0.218239
-0.77088 0.218676
-0.76504 0.218773
-0.7592 0.219079
-0.75336 0.219897
-0.74752 0.220337
-0.74168 0.22147
-0.73584 0.222013
-0.73 0.223082
-0.72416 0.223269
-0.71832 0.224061
-0.71248 0.224585
-0.70664 0.22578
-0.7008 0.225949
-0.69496 0.227473
-0.68912 0.227619
-0.68328 0.228325
-0.67744 0.230335
-0.6716 0.231329
-0.66576 0.232227
-0.65992 0.233206
-0.65408 0.233297
-0.64824 0.233913
-0.6424 0.235243
-0.63656 0.235898
-0.63072 0.236171
-0.62488 0.236947
-0.61904 0.236962
-0.6132 0.237061
-0.60736 0.236907
-0.60152 0.237209
-0.59568 0.237209
-0.58984 0.237209
-0.584 0.237209
-0.57816 0.237209
-0.57232 0.237209
-0.56648 0.237209
-0.56064 0.237209
-0.5548 0.237209
-0.54896 0.237209
-0.54312 0.237209
-0.53728 0.237209
-0.53144 0.237209
-0.5256 0.237209
-0.51976 0.237209
-0.51392 0.237209
-0.50808 0.237209
-0.50224 0.237209
-0.4964 0.237209
-0.49056 0.237209
-0.48472 0.237209
-0.47888 0.237209
-0.47304 0.237209
-0.4672 0.237209
-0.46136 0.237209
-0.45552 0.237209
-0.44968 0.237209
-0.44384 0.237209
-0.438 0.237209
-0.43216 0.237209
-0.42632 0.237209
-0.42048 0.237209
-0.41464 0.237209
-0.4088 0.237209
-0.40296 0.237209
-0.39712 0.237209
-0.39128 0.237209
-0.38544 0.237209
-0.3796 0.237209
-0.37376 0.237209
-0.36792 0.237209
-0.36208 0.237209
-0.35624 0.237209
-0.3504 0.237209
-0.34456 0.237209
-0.33872 0.237209
-0.33288 0.237209
-0.32704 0.237209
-0.3212 0.237209
-0.31536 0.237209
-0.30952 0.237209
-0.30368 0.237209
-0.29784 0.237209
-0.292 0.237209
-0.28616 0.237209
-0.28032 0.237209
-0.27448 0.237209
-0.26864 0.237209
-0.2628 0.237209
-0.25696 0.237209
-0.25112 0.237209
-0.24528 0.237209
-0.23944 0.237209
-0.2336 0.237209
-0.22776 0.237209
-0.22192 0.237209
-0.21608 0.237209
-0.21024 0.237209
-0.2044 0.237209
-0.19856 0.237209
-0.19272 0.237209
-0.18688 0.237209
-0.18104 0.237209
-0.1752 0.237209
-0.16936 0.237209
-0.16352 0.237209
-0.15768 0.237209
-0.15184 0.237209
-0.146 0.237209
-0.14016 0.237209
-0.13432 0.237209
-0.12848 0.237209
-0.12264 0.237209
-0.1168 0.237209
-0.11096 0.237209
-0.10512 0.237209
-0.09928 0.237209
-0.09344 0.237209
-0.0876 0.237209
-0.08176 0.237209
-0.07592 0.237209
-0.07008 0.237209
-0.06424 0.237209
-0.0584 0.237209
-0.05256 0.237209
-0.04672 0.237209
-0.04088 0.237209
-0.03504 0.237209
-0.0292 0.237209
-0.02336 0.237209
-0.01752 0.237209
-0.01168 0.237209
-0.00584 0.237209
