-2.92 0.154974
-2.91416 0.154974
-2.90832 0.154974
-2.90248 0.154974
-2.89664 0.154974
-2.8908 0.154974
-2.88496 0.154974
-2.87912 0.154974
-2.87328 0.154974
-2.86744 0.154974
-2.8616 0.154974
-2.85576 0.154974
-2.84992 0.154974
-2.84408 0.154974
-2.83824 0.154974
-2.8324 0.154974
-2.82656 0.154974
-2.82072 0.154974
-2.81488 0.154974
-2.80904 0.154974
-2.8032 0.154974
-2.79736 0.154974
-2.79152 0.154974
-2.78568 0.154974
-2.77984 0.154974
-2.774 0.154974
-2.76816 0.154974
-2.76232 0.154974
-2.75648 0.154974
-2.75064 0.154974
-2.7448 0.154974
-2.73896 0.154974
-2.73312 0.154974
-2.72728 0.154974
-2.72144 0.154974
-2.7156 0.154974
-2.70976 0.154974
-2.70392 0.154974
-2.69808 0.154974
-2.69224 0.154974
-2.6864 0.154974
-2.68056 0.154974
-2.67472 0.154974
-2.66888 0.154974
-2.66304 0.154974
-2.6572 0.154974
-2.65136 0.154974
-2.64552 0.154974
-2.63968 0.154974
-2.63384 0.154974
-2.628 0.154974
-2.62216 0.154974
-2.61632 0.154974
-2.61048 0.154974
-2.60464 0.154974
-2.5988 0.154974
-2.59296 0.154753
-2.58712 0.154444
-2.58128 0.154048
-2.57544 0.153607
-2.5696 0.153124
-2.56376 0.15264
-2.55792 0.152069
-2.55208 0.151452
-2.54624 0.150793
-2.5404 0.150176
-2.53456 0.149515
-2.52872 0.148854
-2.52288 0.148238
-2.51704 0.147577
-2.5112 0.14696
-2.50536 0.146299
-2.49952 0.145594
-2.49368 0.144889
-2.48784 0.144185
-2.482 0.143745
-2.47616 0.142953
-2.47032 0.14216
-2.46448 0.141368
-2.45864 0.140533
-2.4528 0.139697
-2.44696 0.138818
-2.44112 0.137938
-2.43528 0.137058
-2.42944 0.136177
-2.4236 0.135297
-2.41776 0.134417
-2.41192 0.133537
-2.40608 0.132656
-2.40024 0.13182
-2.3944 0.130939
-2.38856 0.130059
-2.38272 0.129136
-2.37688 0.128257
-2.37104 0.127333
-2.3652 0.126453
-2.35936 0.125527
-2.35352 0.124601
-2.34768 0.123632
-2.34184 0.122663
-2.336 0.121693
-2.33016 0.120724
-2.32432 0.119886
-2.31848 0.118917
-2.31264 0.117948
-2.3068 0.117023
-2.30096 0.116097
-2.29512 0.115215
-2.28928 0.114246
-2.28344 0.113232
-2.2776 0.112174
-2.27176 0.111203
-2.26592 0.110278
-2.26008 0.109395
-2.25424 0.108337
-2.2484 0.107277
-2.24256 0.106263
-2.23672 0.105204
-2.23088 0.104101
-2.22504 0.102997
-2.2192 0.101893
-2.21336 0.100745
-2.20752 0.0996001
-2.20168 0.0984526
-2.19584 0.0973485
-2.19 0.096201
-2.18416 0.0950534
-2.17832 0.0939504
-2.17248 0.0928018
-2.16664 0.0916531
-2.1608 0.090549
-2.15496 0.0893569
-2.14912 0.0882083
-2.14328 0.0870162
-2.13744 0.0858675
-2.1316 0.0846754
-2.12576 0.0834833
-2.11992 0.0822912
-2.11408 0.0810991
-2.10824 0.0799515
-2.1024 0.0788462
-2.09656 0.0776541
-2.09072 0.0764619
-2.08488 0.0753144
-2.07904 0.0741657
-2.0732 0.0730616
-2.06736 0.071914
-2.06152 0.0707219
-2.05568 0.0695732
-2.04984 0.0684703
-2.044 0.0675869
-2.03816 0.0664394
-2.03232 0.0652907
-2.02648 0.0641432
-2.02064 0.0632089
-2.0148 0.062315
-2.00896 0.0617606
-2.00312 0.0609103
-1.99728 0.0602722
-1.99144 0.059891
-1.9856 0.0592955
-1.97976 0.0586575
-1.97392 0.058615
-1.96808 0.0586564
-1.96224 0.0582329
-1.9564 0.0582329
-1.95056 0.0576822
-1.94472 0.0566218
-1.93888 0.0563288
-1.93304 0.0554795
-1.9272 0.0542524
-1.92136 0.0525996
-1.91552 0.0508606
-1.90968 0.04887
-1.90384 0.0480698
-1.898 0.0460367
-1.89216 0.0450664
-1.88632 0.0434644
-1.88048 0.04275
-1.87464 0.0406768
-1.8688 0.0395394
-1.86296 0.0381042
-1.85712 0.0364587
-1.85128 0.0353643
-1.84544 0.0341399
-1.8396 0.0327464
-1.83376 0.0313982
-1.82792 0.0303915
-1.82208 0.0295588
-1.81624 0.0282956
-1.8104 0.0269897
-1.80456 0.0260659
-1.79872 0.024888
-1.79288 0.0238387
-1.78704 0.0230008
-1.7812 0.0221204
-1.77536 0.0212826
-1.76952 0.0202755
-1.76368 0.0196497
-1.75784 0.0185994
-1.752 0.0178885
-1.74616 0.0170084
-1.74032 0.0161744
-1.73448 0.0152957
-1.72864 0.0144603
-1.7228 0.0136259
-1.71696 0.012876
-1.71112 0.0120438
-1.70528 0.0113366
-1.69944 0.0107149
-1.6936 0.00988148
-1.68776 0.0095998
-1.68192 0.0088109
-1.67608 0.00776525
-1.67024 0.00782387
-1.6644 0.00826395
-1.65856 0.00912656
-1.65272 0.00947966
-1.64688 0.0105139
-1.64104 0.0111684
-1.6352 0.0128405
-1.62936 0.0139232
-1.62352 0.0156822
-1.61768 0.0173167
-1.61184 0.0193332
-1.606 0.019969
-1.60016 0.0202075
-1.59432 0.020216
-1.58848 0.0210732
-1.58264 0.0209184
-1.5768 0.0220705
-1.57096 0.0231884
-1.56512 0.0233281
-1.55928 0.0241022
-1.55344 0.0231529
-1.5476 0.0255798
-1.54176 0.0266129
-1.53592 0.0267079
-1.53008 0.028318
-1.52424 0.0269947
-1.5184 0.0281577
-1.51256 0.0292366
-1.50672 0.0293391
-1.50088 0.0300894
-1.49504 0.0325198
-1.4892 0.0337658
-1.48336 0.0344681
-1.47752 0.0348724
-1.47168 0.0365492
-1.46584 0.0365397
-1.46 0.0373747
-1.45416 0.0389627
-1.44832 0.0396706
-1.44248 0.0423201
-1.43664 0.0421419
-1.4308 0.0431862
-1.42496 0.046307
-1.41912 0.0462532
-1.41328 0.0475508
-1.40744 0.0490171
-1.4016 0.0495555
-1.39576 0.0500109
-1.38992 0.0513493
-1.38408 0.0508828
-1.37824 0.0525245
-1.3724 0.0535683
-1.36656 0.053012
-1.36072 0.054694
-1.35488 0.0564149
-1.34904 0.0563626
-1.3432 0.0584705
-1.33736 0.0591761
-1.33152 0.0599252
-1.32568 0.0628418
-1.31984 0.0642766
-1.314 0.0634239
-1.30816 0.0660699
-1.30232 0.0642613
-1.29648 0.0667143
-1.29064 0.0674293
-1.2848 0.0675944
-1.27896 0.0727771
-1.27312 0.0725672
-1.26728 0.0743301
-1.26144 0.0759388
-1.2556 0.0759746
-1.24976 0.0796948
-1.24392 0.0797332
-1.23808 0.0806495
-1.23224 0.0818826
-1.2264 0.0828509
-1.22056 0.0839536
-1.21472 0.084203
-1.20888 0.0877904
-1.20304 0.088041
-1.1972 0.0894388
-1.19136 0.0901959
-1.18552 0.0908167
-1.17968 0.0923101
-1.17384 0.0952181
-1.168 0.0955124
-1.16216 0.0942941
-1.15632 0.0955214
-1.15048 0.0973855
-1.14464 0.0973866
-1.1388 0.0988979
-1.13296 0.100715
-1.12712 0.10169
-1.12128 0.102865
-1.11544 0.104016
-1.1096 0.106847
-1.10376 0.108446
-1.09792 0.109671
-1.09208 0.111937
-1.08624 0.110568
-1.0804 0.111289
-1.07456 0.112548
-1.06872 0.11297
-1.06288 0.114411
-1.05704 0.117656
-1.0512 0.119425
-1.04536 0.120698
-1.03952 0.121109
-1.03368 0.12297
-1.02784 0.123227
-1.022 0.124193
-1.01616 0.125328
-1.01032 0.126006
-1.00448 0.129004
-0.99864 0.128957
-0.9928 0.130095
-0.98696 0.132842
-0.98112 0.132587
-0.97528 0.133423
-0.96944 0.13498
-0.9636 0.135695
-0.95776 0.136286
-0.95192 0.137289
-0.94608 0.136201
-0.94024 0.137762
-0.9344 0.138516
-0.92856 0.138346
-0.92272 0.138892
-0.91688 0.140617
-0.91104 0.141457
-0.9052 0.142598
-0.89936 0.14314
-0.89352 0.144192
-0.88768 0.146133
-0.88184 0.147528
-0.876 0.146545
-0.87016 0.14898
-0.86432 0.147381
-0.85848 0.148264
-0.85264 0.14867
-0.8468 0.149218
-0.84096 0.151818
-0.83512 0.151303
-0.82928 0.152263
-0.82344 0.152675
-0.8176 0.152326
-0.81176 0.154258
-0.80592 0.15345
-0.80008 0.153683
-0.79424 0.154521
-0.7884 0.154972
-0.78256 0.155093
-0.77672 0.155379
-0.77088 0.156163
-0.76504 0.156285
-0.7592 0.15653
-0.75336 0.157192
-0.74752 0.15756
-0.74168 0.158482
-0.73584 0.158761
-0.73 0.159337
-0.72416 0.157939
-0.71832 0.158298
-0.71248 0.158711
-0.70664 0.159201
-0.7008 0.159479
-0.69496 0.159585
-0.68912 0.160199
-0.68328 0.160725
-0.67744 0.160966
-0.6716 0.161659
-0.66576 0.162269
-0.65992 0.162373
-0.65408 0.163464
-0.64824 0.162773
-0.6424 0.163213
-0.63656 0.163608
-0.63072 0.16387
-0.62488 0.164179
-0.61904 0.164991
-0.6132 0.165213
-0.60736 0.165391
-0.60152 0.165272
-0.59568 0.165272
-0.58984 0.165272
-0.584 0.165272
-0.57816 0.165272
-0.57232 0.165272
-0.56648 0.165272
-0.56064 0.165272
-0.5548 0.165272
-0.54896 0.165272
-0.54312 0.165272
-0.53728 0.165272
-0.53144 0.165272
-0.5256 0.165272
-0.51976 0.165272
-0.51392 0.165272
-0.50808 0.165272
-0.50224 0.165272
-0.4964 0.165272
-0.49056 0.165272
-0.48472 0.165272
-0.47888 0.165272
-0.47304 0.165272
-0.4672 0.165272
-0.46136 0.165272
-0.45552 0.165272
-0.44968 0.165272
-0.44384 0.165272
-0.438 0.165272
-0.43216 0.165272
-0.42632 0.165272
-0.42048 0.165272
-0.41464 0.165272
-0.4088 0.165272
-0.40296 0.165272
-0.39712 0.165272
-0.39128 0.165272
-0.38544 0.165272
-0.3796 0.165272
-0.37376 0.165272
-0.36792 0.165272
-0.36208 0.165272
-0.35624 0.165272
-0.3504 0.165272
-0.34456 0.165272
-0.33872 0.165272
-0.33288 0.165272
-0.32704 0.165272
-0.3212 0.165272
-0.31536 0.165272
-0.30952 0.165272
-0.30368 0.165272
-0.29784 0.165272
-0.292 0.165272
-0.28616 0.165272
-0.28032 0.165272
-0.27448 0.165272
-0.26864 0.165272
-0.2628 0.165272
-0.25696 0.165272
-0.25112 0.165272
-0.24528 0.165272
-0.23944 0.165272
-0.2336 0.165272
-0.22776 0.165272
-0.22192 0.165272
-0.21608 0.165272
-0.21024 0.165272
-0.2044 0.165272
-0.19856 0.165272
-0.19272 0.165272
-0.18688 0.165272
-0.18104 0.165272
-0.1752 0.165272
-0.16936 0.165272
-0.16352 0.165272
-0.15768 0.165272
-0.15184 0.165272
-0.146 0.165272
-0.14016 0.165272
-0.13432 0.165272
-0.12848 0.165272
-0.12264 0.165272
-0.1168 0.165272
-0.11096 0.165272
-0.10512 0.165272
-0.09928 0.165272
-0.09344 0.165272
-0.0876 0.165272
-0.08176 0.165272
-0.07592 0.165272
-0.07008 0.165272
-0.06424 0.165272
-0.0584 0.165272
-0.05256 0.165272
-0.04672 0.165272
-0.04088 0.165272
-0.03504 0.165272
-0.0292 0.165272
-0.02336 0.165272
-0.01752 0.165272
-0.01168 0.165272
-0.00584 0.165272
