-2.92 0.160279
-2.91416 0.160279
-2.90832 0.160279
-2.90248 0.160279
-2.89664 0.160279
-2.8908 0.160279
-2.88496 0.160279
-2.87912 0.160279
-2.87328 0.160279
-2.86744 0.160279
-2.8616 0.160279
-2.85576 0.160279
-2.84992 0.160279
-2.84408 0.160279
-2.83824 0.160279
-2.8324 0.160279
-2.82656 0.160279
-2.82072 0.160279
-2.81488 0.160279
-2.80904 0.160279
-2.8032 0.160279
-2.79736 0.160279
-2.79152 0.160279
-2.78568 0.160279
-2.77984 0.160279
-2.774 0.160279
-2.76816 0.160279
-2.76232 0.160279
-2.75648 0.160279
-2.75064 0.160279
-2.7448 0.160279
-2.73896 0.160279
-2.73312 0.160279
-2.72728 0.160279
-2.72144 0.160279
-2.7156 0.160279
-2.70976 0.160279
-2.70392 0.160279
-2.69808 0.160279
-2.69224 0.160279
-2.6864 0.160279
-2.68056 0.160279
-2.67472 0.160279
-2.66888 0.160279
-2.66304 0.160279
-2.6572 0.160279
-2.65136 0.160279
-2.64552 0.160279
-2.63968 0.160279
-2.63384 0.160279
-2.628 0.160279
-2.62216 0.160279
-2.61632 0.160279
-2.61048 0.160279
-2.60464 0.160279
-2.5988 0.160279
-2.59296 0.16019
-2.58712 0.160013
-2.58128 0.159836
-2.57544 0.159658
-2.5696 0.159436
-2.56376 0.159168
-2.55792 0.158813
-2.55208 0.15837
-2.54624 0.157928
-2.5404 0.157442
-2.53456 0.156956
-2.52872 0.156469
-2.52288 0.155982
-2.51704 0.155407
-2.5112 0.154877
-2.50536 0.154303
-2.49952 0.153729
-2.49368 0.153023
-2.48784 0.152361
-2.482 0.151744
-2.47616 0.150993
-2.47032 0.150155
-2.46448 0.149316
-2.45864 0.148477
-2.4528 0.147638
-2.44696 0.146798
-2.44112 0.145957
-2.43528 0.145117
-2.42944 0.144295
-2.4236 0.14343
-2.41776 0.142564
-2.41192 0.141654
-2.40608 0.140744
-2.40024 0.13979
-2.3944 0.138835
-2.38856 0.137906
-2.38272 0.136908
-2.37688 0.135868
-2.37104 0.134826
-2.3652 0.133829
-2.35936 0.132787
-2.35352 0.13179
-2.34768 0.130791
-2.34184 0.129794
-2.336 0.128751
-2.33016 0.127666
-2.32432 0.126625
-2.31848 0.125451
-2.31264 0.124322
-2.3068 0.123192
-2.30096 0.122105
-2.29512 0.12102
-2.28928 0.119848
-2.28344 0.118675
-2.2776 0.117458
-2.27176 0.116329
-2.26592 0.115157
-2.26008 0.114029
-2.25424 0.112812
-2.2484 0.111595
-2.24256 0.110378
-2.23672 0.109161
-2.23088 0.107944
-2.22504 0.106815
-2.2192 0.105598
-2.21336 0.104382
-2.20752 0.103208
-2.20168 0.101991
-2.19584 0.100861
-2.19 0.0996442
-2.18416 0.0984718
-2.17832 0.097256
-2.17248 0.0960645
-2.16664 0.0948475
-2.1608 0.0936317
-2.15496 0.0924147
-2.14912 0.0912404
-2.14328 0.0900674
-2.13744 0.0888497
-2.1316 0.0876767
-2.12576 0.0865459
-2.11992 0.0853728
-2.11408 0.0841552
-2.10824 0.0829375
-2.1024 0.0817209
-2.09656 0.0805044
-2.09072 0.0792867
-2.08488 0.0780691
-2.07904 0.0768515
-2.0732 0.0757219
-2.06736 0.0745488
-2.06152 0.0733757
-2.05568 0.0721588
-2.04984 0.071029
-2.044 0.0699451
-2.03816 0.0687275
-2.03232 0.0675098
-2.02648 0.0662929
-2.02064 0.0650759
-2.0148 0.063861
-2.00896 0.0626886
-2.00312 0.0615565
-1.99728 0.0603385
-1.99144 0.0592555
-1.9856 0.0580354
-1.97976 0.056992
-1.97392 0.0561583
-1.96808 0.0553626
-1.96224 0.0548664
-1.9564 0.0543234
-1.95056 0.053477
-1.94472 0.0529318
-1.93888 0.0520989
-1.93304 0.0526551
-1.9272 0.0513149
-1.92136 0.0509418
-1.91552 0.05024
-1.90968 0.0494847
-1.90384 0.0490395
-1.898 0.0481971
-1.89216 0.0480897
-1.88632 0.0480902
-1.88048 0.048527
-1.87464 0.0472285
-1.8688 0.0477479
-1.86296 0.0474192
-1.85712 0.04749
-1.85128 0.0466579
-1.84544 0.048056
-1.8396 0.0476837
-1.83376 0.0480506
-1.82792 0.048042
-1.82208 0.0489433
-1.81624 0.0494251
-1.8104 0.0489851
-1.80456 0.0489379
-1.79872 0.0496265
-1.79288 0.0501811
-1.78704 0.0511584
-1.7812 0.049702
-1.77536 0.0513508
-1.76952 0.0509177
-1.76368 0.0514809
-1.75784 0.0528414
-1.752 0.0514683
-1.74616 0.0528603
-1.74032 0.0545113
-1.73448 0.054719
-1.72864 0.0548545
-1.7228 0.055043
-1.71696 0.0563843
-1.71112 0.0557061
-1.70528 0.0552736
-1.69944 0.0574532
-1.6936 0.0594269
-1.68776 0.0588213
-1.68192 0.060039
-1.67608 0.0588285
-1.67024 0.0609634
-1.6644 0.0607576
-1.65856 0.0618086
-1.65272 0.0619177
-1.64688 0.0631059
-1.64104 0.0639536
-1.6352 0.0652612
-1.62936 0.0647936
-1.62352 0.064912
-1.61768 0.0667439
-1.61184 0.0658495
-1.606 0.0678337
-1.60016 0.0699427
-1.59432 0.0686109
-1.58848 0.0718857
-1.58264 0.0739579
-1.5768 0.0726413
-1.57096 0.0736043
-1.56512 0.0766615
-1.55928 0.078404
-1.55344 0.077764
-1.5476 0.0803052
-1.54176 0.0830705
-1.53592 0.0836067
-1.53008 0.0838097
-1.52424 0.0843874
-1.5184 0.0875693
-1.51256 0.0870104
-1.50672 0.0881046
-1.50088 0.0895749
-1.49504 0.0912621
-1.4892 0.0923794
-1.48336 0.0917188
-1.47752 0.0937719
-1.47168 0.0947456
-1.46584 0.0938665
-1.46 0.0982924
-1.45416 0.0984526
-1.44832 0.09961
-1.44248 0.100371
-1.43664 0.103294
-1.4308 0.106587
-1.42496 0.108267
-1.41912 0.10826
-1.41328 0.110083
-1.40744 0.11187
-1.4016 0.113008
-1.39576 0.113928
-1.38992 0.118243
-1.38408 0.120347
-1.37824 0.123221
-1.3724 0.121665
-1.36656 0.121124
-1.36072 0.125511
-1.35488 0.127534
-1.34904 0.127594
-1.3432 0.127916
-1.33736 0.128345
-1.33152 0.130279
-1.32568 0.13364
-1.31984 0.135293
-1.314 0.135849
-1.30816 0.136114
-1.30232 0.140742
-1.29648 0.142146
-1.29064 0.142512
-1.2848 0.144409
-1.27896 0.145657
-1.27312 0.145984
-1.26728 0.14473
-1.26144 0.147889
-1.2556 0.15047
-1.24976 0.149062
-1.24392 0.15269
-1.23808 0.150362
-1.23224 0.154306
-1.2264 0.154262
-1.22056 0.156087
-1.21472 0.157497
-1.20888 0.159665
-1.20304 0.162435
-1.1972 0.163139
-1.19136 0.163109
-1.18552 0.164158
-1.17968 0.167017
-1.17384 0.167802
-1.168 0.168331
-1.16216 0.170769
-1.15632 0.170683
-1.15048 0.172493
-1.14464 0.175798
-1.1388 0.173734
-1.13296 0.174366
-1.12712 0.176492
-1.12128 0.177659
-1.11544 0.177868
-1.1096 0.180583
-1.10376 0.183524
-1.09792 0.183028
-1.09208 0.183129
-1.08624 0.182413
-1.0804 0.186324
-1.07456 0.186595
-1.06872 0.185873
-1.06288 0.186856
-1.05704 0.188606
-1.0512 0.188657
-1.04536 0.188742
-1.03952 0.189125
-1.03368 0.189437
-1.02784 0.18819
-1.022 0.190445
-1.01616 0.190603
-1.01032 0.189274
-1.00448 0.189391
-0.99864 0.189815
-0.9928 0.191282
-0.98696 0.192131
-0.98112 0.191308
-0.97528 0.189903
-0.96944 0.1916
-0.9636 0.190922
-0.95776 0.191755
-0.95192 0.191916
-0.94608 0.193751
-0.94024 0.192892
-0.9344 0.19293
-0.92856 0.192596
-0.92272 0.193824
-0.91688 0.193952
-0.91104 0.192592
-0.9052 0.19292
-0.89936 0.192384
-0.89352 0.19488
-0.88768 0.193558
-0.88184 0.194629
-0.876 0.193719
-0.87016 0.193399
-0.86432 0.195545
-0.85848 0.195488
-0.85264 0.196038
-0.8468 0.19655
-0.84096 0.196801
-0.83512 0.196852
-0.82928 0.196212
-0.82344 0.195532
-0.8176 0.196859
-0.81176 0.196582
-0.80592 0.197162
-0.80008 0.19603
-0.79424 0.196954
-0.7884 0.196941
-0.78256 0.19773
-0.77672 0.198585
-0.77088 0.198411
-0.76504 0.199345
-0.7592 0.19894
-0.75336 0.199251
-0.74752 0.199623
-0.74168 0.200962
-0.73584 0.200915
-0.73 0.20164
-0.72416 0.201845
-0.71832 0.202295
-0.71248 0.202962
-0.70664 0.203162
-0.7008 0.203825
-0.69496 0.204322
-0.68912 0.204433
-0.68328 0.205009
-0.67744 0.206509
-0.6716 0.20683
-0.66576 0.207442
-0.65992 0.208055
-0.65408 0.208185
-0.64824 0.208376
-0.6424 0.209279
-0.63656 0.210055
-0.63072 0.210073
-0.62488 0.210467
-0.61904 0.210732
-0.6132 0.210704
-0.60736 0.21046
-0.60152 0.210806
-0.59568 0.210806
-0.58984 0.210806
-0.584 0.210806
-0.57816 0.210806
-0.57232 0.210806
-0.56648 0.210806
-0.56064 0.210806
-0.5548 0.210806
-0.54896 0.210806
-0.54312 0.210806
-0.53728 0.210806
-0.53144 0.210806
-0.5256 0.210806
-0.51976 0.210806
-0.51392 0.210806
-0.50808 0.210806
-0.50224 0.210806
-0.4964 0.210806
-0.49056 0.210806
-0.48472 0.210806
-0.47888 0.210806
-0.47304 0.210806
-0.4672 0.210806
-0.46136 0.210806
-0.45552 0.210806
-0.44968 0.210806
-0.44384 0.210806
-0.438 0.210806
-0.43216 0.210806
-0.42632 0.210806
-0.42048 0.210806
-0.41464 0.210806
-0.4088 0.210806
-0.40296 0.210806
-0.39712 0.210806
-0.39128 0.210806
-0.38544 0.210806
-0.3796 0.210806
-0.37376 0.210806
-0.36792 0.210806
-0.36208 0.210806
-0.35624 0.210806
-0.3504 0.210806
-0.34456 0.210806
-0.33872 0.210806
-0.33288 0.210806
-0.32704 0.210806
-0.3212 0.210806
-0.31536 0.210806
-0.30952 0.210806
-0.30368 0.210806
-0.29784 0.210806
-0.292 0.210806
-0.28616 0.210806
-0.28032 0.210806
-0.27448 0.210806
-0.26864 0.210806
-0.2628 0.210806
-0.25696 0.210806
-0.25112 0.210806
-0.24528 0.210806
-0.23944 0.210806
-0.2336 0.210806
-0.22776 0.210806
-0.22192 0.210806
-0.21608 0.210806
-0.21024 0.210806
-0.2044 0.210806
-0.19856 0.210806
-0.19272 0.210806
-0.18688 0.210806
-0.18104 0.210806
-0.1752 0.210806
-0.16936 0.210806
-0.16352 0.210806
-0.15768 0.210806
-0.15184 0.210806
-0.146 0.210806
-0.14016 0.210806
-0.13432 0.210806
-0.12848 0.210806
-0.12264 0.210806
-0.1168 0.210806
-0.11096 0.210806
-0.10512 0.210806
-0.09928 0.210806
-0.09344 0.210806
-0.0876 0.210806
-0.08176 0.210806
-0.07592 0.210806
-0.07008 0.210806
-0.06424 0.210806
-0.0584 0.210806
-0.05256 0.210806
-0.04672 0.210806
-0.04088 0.210806
-0.03504 0.210806
-0.0292 0.210806
-0.02336 0.210806
-0.01752 0.210806
-0.01168 0.210806
-0.00584 0.210806
