-2.92 0.167578
-2.91416 0.167578
-2.90832 0.167578
-2.90248 0.167578
-2.89664 0.167578
-2.8908 0.167578
-2.88496 0.167578
-2.87912 0.167578
-2.87328 0.167578
-2.86744 0.167578
-2.8616 0.167578
-2.85576 0.167578
-2.84992 0.167578
-2.84408 0.167578
-2.83824 0.167578
-2.8324 0.167578
-2.82656 0.167578
-2.82072 0.167578
-2.81488 0.167578
-2.80904 0.167578
-2.8032 0.167578
-2.79736 0.167578
-2.79152 0.167578
-2.78568 0.167578
-2.77984 0.167578
-2.774 0.167578
-2.76816 0.167578
-2.76232 0.167578
-2.75648 0.167578
-2.75064 0.167578
-2.7448 0.167578
-2.73896 0.167578
-2.73312 0.167578
-2.72728 0.167578
-2.72144 0.167578
-2.7156 0.167578
-2.70976 0.167578
-2.70392 0.167578
-2.69808 0.167578
-2.69224 0.167578
-2.6864 0.167578
-2.68056 0.167578
-2.67472 0.167578
-2.66888 0.167578
-2.66304 0.167578
-2.6572 0.167578
-2.65136 0.167578
-2.64552 0.167578
-2.63968 0.167578
-2.63384 0.167578
-2.628 0.167578
-2.62216 0.167578
-2.61632 0.167578
-2.61048 0.167578
-2.60464 0.167578
-2.5988 0.167578
-2.59296 0.167445
-2.58712 0.167223
-2.58128 0.166914
-2.57544 0.166474
-2.5696 0.16599
-2.56376 0.165507
-2.55792 0.165022
-2.55208 0.164494
-2.54624 0.163966
-2.5404 0.163438
-2.53456 0.16291
-2.52872 0.162295
-2.52288 0.161635
-2.51704 0.160976
-2.5112 0.160273
-2.50536 0.159613
-2.49952 0.158997
-2.49368 0.158338
-2.48784 0.157635
-2.482 0.157064
-2.47616 0.156274
-2.47032 0.155483
-2.46448 0.154692
-2.45864 0.153856
-2.4528 0.153021
-2.44696 0.152185
-2.44112 0.151305
-2.43528 0.150381
-2.42944 0.149499
-2.4236 0.148575
-2.41776 0.147563
-2.41192 0.146551
-2.40608 0.145539
-2.40024 0.14457
-2.3944 0.143513
-2.38856 0.142545
-2.38272 0.141443
-2.37688 0.140386
-2.37104 0.139283
-2.3652 0.138224
-2.35936 0.137122
-2.35352 0.136062
-2.34768 0.134959
-2.34184 0.133857
-2.336 0.132711
-2.33016 0.131521
-2.32432 0.130376
-2.31848 0.12923
-2.31264 0.12804
-2.3068 0.12685
-2.30096 0.125704
-2.29512 0.124514
-2.28928 0.123367
-2.28344 0.122266
-2.2776 0.121163
-2.27176 0.120061
-2.26592 0.119002
-2.26008 0.117903
-2.25424 0.116713
-2.2484 0.115523
-2.24256 0.11429
-2.23672 0.113057
-2.23088 0.111823
-2.22504 0.110677
-2.2192 0.109444
-2.21336 0.108254
-2.20752 0.107022
-2.20168 0.105788
-2.19584 0.104643
-2.19 0.10341
-2.18416 0.102178
-2.17832 0.100988
-2.17248 0.099799
-2.16664 0.0986103
-2.1608 0.097377
-2.15496 0.0961883
-2.14912 0.0949995
-2.14328 0.0937662
-2.13744 0.0925329
-2.1316 0.091343
-2.12576 0.0901097
-2.11992 0.0889209
-2.11408 0.0876876
-2.10824 0.0864967
-2.1024 0.0852634
-2.09656 0.0840725
-2.09072 0.0828381
-2.08488 0.0816037
-2.07904 0.0804127
-2.0732 0.0791783
-2.06736 0.0779884
-2.06152 0.0768866
-2.05568 0.0757413
-2.04984 0.074596
-2.044 0.0735398
-2.03816 0.07235
-2.03232 0.0711167
-2.02648 0.0698834
-2.02064 0.0686522
-2.0148 0.0674178
-2.00896 0.0662311
-2.00312 0.0650382
-1.99728 0.0638049
-1.99144 0.0627006
-1.9856 0.0613848
-1.97976 0.0603238
-1.97392 0.0593442
-1.96808 0.0583686
-1.96224 0.0580216
-1.9564 0.0573345
-1.95056 0.0565726
-1.94472 0.0561029
-1.93888 0.055212
-1.93304 0.0553287
-1.9272 0.0550315
-1.92136 0.0542624
-1.91552 0.0540035
-1.90968 0.0532394
-1.90384 0.0521737
-1.898 0.0532217
-1.89216 0.0527132
-1.88632 0.0524101
-1.88048 0.0521176
-1.87464 0.0517328
-1.8688 0.0515111
-1.86296 0.0527675
-1.85712 0.0520529
-1.85128 0.051838
-1.84544 0.0517953
-1.8396 0.0520177
-1.83376 0.0523832
-1.82792 0.0526759
-1.82208 0.054456
-1.81624 0.0528492
-1.8104 0.0533931
-1.80456 0.0532772
-1.79872 0.0543308
-1.79288 0.0546231
-1.78704 0.0539511
-1.7812 0.053535
-1.77536 0.0530395
-1.76952 0.054557
-1.76368 0.0560369
-1.75784 0.0563867
-1.752 0.0558857
-1.74616 0.0579165
-1.74032 0.0588613
-1.73448 0.0586226
-1.72864 0.0587956
-1.7228 0.0597422
-1.71696 0.0586572
-1.71112 0.0621407
-1.70528 0.0616957
-1.69944 0.062179
-1.6936 0.0627318
-1.68776 0.0636792
-1.68192 0.0624274
-1.67608 0.0652307
-1.67024 0.064032
-1.6644 0.065906
-1.65856 0.0652325
-1.65272 0.0656449
-1.64688 0.0663107
-1.64104 0.0681422
-1.6352 0.0675365
-1.62936 0.0669595
-1.62352 0.0677687
-1.61768 0.0684971
-1.61184 0.0692963
-1.606 0.0722508
-1.60016 0.0729416
-1.59432 0.0739492
-1.58848 0.0752115
-1.58264 0.0757006
-1.5768 0.0772751
-1.57096 0.0796038
-1.56512 0.0785779
-1.55928 0.0799958
-1.55344 0.0833521
-1.5476 0.0836613
-1.54176 0.0846099
-1.53592 0.0851822
-1.53008 0.0857302
-1.52424 0.0871602
-1.5184 0.0885695
-1.51256 0.090667
-1.50672 0.0923797
-1.50088 0.0919405
-1.49504 0.0943651
-1.4892 0.0967997
-1.48336 0.0970516
-1.47752 0.0960151
-1.47168 0.0987616
-1.46584 0.0957727
-1.46 0.102306
-1.45416 0.102437
-1.44832 0.104862
-1.44248 0.105417
-1.43664 0.105401
-1.4308 0.106785
-1.42496 0.111989
-1.41912 0.109358
-1.41328 0.113252
-1.40744 0.111598
-1.4016 0.113795
-1.39576 0.116819
-1.38992 0.117397
-1.38408 0.121593
-1.37824 0.121855
-1.3724 0.122979
-1.36656 0.125697
-1.36072 0.125687
-1.35488 0.128857
-1.34904 0.12582
-1.3432 0.127566
-1.33736 0.129127
-1.33152 0.13198
-1.32568 0.135106
-1.31984 0.135281
-1.314 0.135127
-1.30816 0.136851
-1.30232 0.138311
-1.29648 0.140611
-1.29064 0.14178
-1.2848 0.144274
-1.27896 0.142843
-1.27312 0.146895
-1.26728 0.147227
-1.26144 0.1454
-1.2556 0.14612
-1.24976 0.148596
-1.24392 0.14962
-1.23808 0.151007
-1.23224 0.151739
-1.2264 0.15308
-1.22056 0.152948
-1.21472 0.153894
-1.20888 0.154493
-1.20304 0.159505
-1.1972 0.158505
-1.19136 0.158409
-1.18552 0.160758
-1.17968 0.162396
-1.17384 0.163498
-1.168 0.167226
-1.16216 0.166098
-1.15632 0.16876
-1.15048 0.168164
-1.14464 0.169564
-1.1388 0.171039
-1.13296 0.172262
-1.12712 0.170838
-1.12128 0.171988
-1.11544 0.175621
-1.1096 0.175188
-1.10376 0.175704
-1.09792 0.175663
-1.09208 0.177349
-1.08624 0.176895
-1.0804 0.178616
-1.07456 0.180481
-1.06872 0.181369
-1.06288 0.180684
-1.05704 0.1828
-1.0512 0.184284
-1.04536 0.183999
-1.03952 0.183077
-1.03368 0.184527
-1.02784 0.180709
-1.022 0.184256
-1.01616 0.184014
-1.01032 0.183038
-1.00448 0.183808
-0.99864 0.182067
-0.9928 0.182536
-0.98696 0.183649
-0.98112 0.181316
-0.97528 0.183104
-0.96944 0.18132
-0.9636 0.181407
-0.95776 0.182761
-0.95192 0.181607
-0.94608 0.183561
-0.94024 0.182497
-0.9344 0.182673
-0.92856 0.182932
-0.92272 0.182335
-0.91688 0.183097
-0.91104 0.180609
-0.9052 0.180068
-0.89936 0.180104
-0.89352 0.182289
-0.88768 0.182797
-0.88184 0.182041
-0.876 0.182341
-0.87016 0.181151
-0.86432 0.182915
-0.85848 0.18258
-0.85264 0.182578
-0.8468 0.183253
-0.84096 0.182487
-0.83512 0.182149
-0.82928 0.18278
-0.82344 0.180505
-0.8176 0.182108
-0.81176 0.182188
-0.80592 0.182269
-0.80008 0.182642
-0.79424 0.182133
-0.7884 0.182887
-0.78256 0.183303
-0.77672 0.182958
-0.77088 0.182878
-0.76504 0.184047
-0.7592 0.183956
-0.75336 0.183605
-0.74752 0.184487
-0.74168 0.184732
-0.73584 0.185058
-0.73 0.185799
-0.72416 0.185617
-0.71832 0.186025
-0.71248 0.186048
-0.70664 0.186411
-0.7008 0.187067
-0.69496 0.187473
-0.68912 0.187251
-0.68328 0.188162
-0.67744 0.189623
-0.6716 0.19028
-0.66576 0.191021
-0.65992 0.191175
-0.65408 0.191347
-0.64824 0.191494
-0.6424 0.192694
-0.63656 0.193472
-0.63072 0.194074
-0.62488 0.194047
-0.61904 0.194019
-0.6132 0.193907
-0.60736 0.193876
-0.60152 0.194092
-0.59568 0.194092
-0.58984 0.194092
-0.584 0.194092
-0.57816 0.194092
-0.57232 0.194092
-0.56648 0.194092
-0.56064 0.194092
-0.5548 0.194092
-0.54896 0.194092
-0.54312 0.194092
-0.53728 0.194092
-0.53144 0.194092
-0.5256 0.194092
-0.51976 0.194092
-0.51392 0.194092
-0.50808 0.194092
-0.50224 0.194092
-0.4964 0.194092
-0.49056 0.194092
-0.48472 0.194092
-0.47888 0.194092
-0.47304 0.194092
-0.4672 0.194092
-0.46136 0.194092
-0.45552 0.194092
-0.44968 0.194092
-0.44384 0.194092
-0.438 0.194092
-0.43216 0.194092
-0.42632 0.194092
-0.42048 0.194092
-0.41464 0.194092
-0.4088 0.194092
-0.40296 0.194092
-0.39712 0.194092
-0.39128 0.194092
-0.38544 0.194092
-0.3796 0.194092
-0.37376 0.194092
-0.36792 0.194092
-0.36208 0.194092
-0.35624 0.194092
-0.3504 0.194092
-0.34456 0.194092
-0.33872 0.194092
-0.33288 0.194092
-0.32704 0.194092
-0.3212 0.194092
-0.31536 0.194092
-0.30952 0.194092
-0.30368 0.194092
-0.29784 0.194092
-0.292 0.194092
-0.28616 0.194092
-0.28032 0.194092
-0.27448 0.194092
-0.26864 0.194092
-0.2628 0.194092
-0.25696 0.194092
-0.25112 0.194092
-0.24528 0.194092
-0.23944 0.194092
-0.2336 0.194092
-0.22776 0.194092
-0.22192 0.194092
-0.21608 0.194092
-0.21024 0.194092
-0.2044 0.194092
-0.19856 0.194092
-0.19272 0.194092
-0.18688 0.194092
-0.18104 0.194092
-0.1752 0.194092
-0.16936 0.194092
-0.16352 0.194092
-0.15768 0.194092
-0.15184 0.194092
-0.146 0.194092
-0.14016 0.194092
-0.13432 0.194092
-0.12848 0.194092
-0.12264 0.194092
-0.1168 0.194092
-0.11096 0.194092
-0.10512 0.194092
-0.09928 0.194092
-0.09344 0.194092
-0.0876 0.194092
-0.08176 0.194092
-0.07592 0.194092
-0.07008 0.194092
-0.06424 0.194092
-0.0584 0.194092
-0.05256 0.194092
-0.04672 0.194092
-0.04088 0.194092
-0.03504 0.194092
-0.0292 0.194092
-0.02336 0.194092
-0.01752 0.194092
-0.01168 0.194092
-0.00584 0.194092
