-2.92 0.201219
-2.91416 0.201219
-2.90832 0.201219
-2.90248 0.201219
-2.89664 0.201219
-2.8908 0.201219
-2.88496 0.201219
-2.87912 0.201219
-2.87328 0.201219
-2.86744 0.201219
-2.8616 0.201219
-2.85576 0.201219
-2.84992 0.201219
-2.84408 0.201219
-2.83824 0.201219
-2.8324 0.201219
-2.82656 0.201219
-2.82072 0.201219
-2.81488 0.201219
-2.80904 0.201219
-2.8032 0.201219
-2.79736 0.201219
-2.79152 0.201219
-2.78568 0.201219
-2.77984 0.201219
-2.774 0.201219
-2.76816 0.201219
-2.76232 0.201219
-2.75648 0.201219
-2.75064 0.201219
-2.7448 0.201219
-2.73896 0.201219
-2.73312 0.201219
-2.72728 0.201219
-2.72144 0.201219
-2.7156 0.201219
-2.70976 0.201219
-2.70392 0.201219
-2.69808 0.201219
-2.69224 0.201219
-2.6864 0.201219
-2.68056 0.201219
-2.67472 0.201219
-2.66888 0.201219
-2.66304 0.201219
-2.6572 0.201219
-2.65136 0.201219
-2.64552 0.201219
-2.63968 0.201219
-2.63384 0.201219
-2.628 0.201219
-2.62216 0.201219
-2.61632 0.201219
-2.61048 0.201219
-2.60464 0.201219
-2.5988 0.201219
-2.59296 0.200954
-2.58712 0.200512
-2.58128 0.19998
-2.57544 0.199404
-2.5696 0.19874
-2.56376 0.197943
-2.55792 0.197144
-2.55208 0.196343
-2.54624 0.195499
-2.5404 0.194655
-2.53456 0.193853
-2.52872 0.193051
-2.52288 0.192208
-2.51704 0.191362
-2.5112 0.190518
-2.50536 0.189716
-2.49952 0.188873
-2.49368 0.188027
-2.48784 0.187181
-2.482 0.186513
-2.47616 0.18549
-2.47032 0.184423
-2.46448 0.183356
-2.45864 0.182244
-2.4528 0.181132
-2.44696 0.18002
-2.44112 0.178907
-2.43528 0.177794
-2.42944 0.176681
-2.4236 0.175523
-2.41776 0.174366
-2.41192 0.173208
-2.40608 0.172095
-2.40024 0.170937
-2.3944 0.169735
-2.38856 0.168534
-2.38272 0.167331
-2.37688 0.166129
-2.37104 0.164883
-2.3652 0.163725
-2.35936 0.162479
-2.35352 0.161233
-2.34768 0.159943
-2.34184 0.158696
-2.336 0.157406
-2.33016 0.156161
-2.32432 0.154871
-2.31848 0.153582
-2.31264 0.152335
-2.3068 0.151088
-2.30096 0.1498
-2.29512 0.148556
-2.28928 0.14731
-2.28344 0.146066
-2.2776 0.144733
-2.27176 0.14349
-2.26592 0.142289
-2.26008 0.141177
-2.25424 0.139842
-2.2484 0.138464
-2.24256 0.137086
-2.23672 0.135663
-2.23088 0.13424
-2.22504 0.132861
-2.2192 0.131438
-2.21336 0.129973
-2.20752 0.128551
-2.20168 0.127084
-2.19584 0.125663
-2.19 0.124196
-2.18416 0.122775
-2.17832 0.121309
-2.17248 0.119843
-2.16664 0.118377
-2.1608 0.116912
-2.15496 0.115402
-2.14912 0.113937
-2.14328 0.112472
-2.13744 0.110962
-2.1316 0.109497
-2.12576 0.107988
-2.11992 0.106521
-2.11408 0.105056
-2.10824 0.103547
-2.1024 0.102037
-2.09656 0.100572
-2.09072 0.0991055
-2.08488 0.0975979
-2.07904 0.0960882
-2.0732 0.0946242
-2.06736 0.0932461
-2.06152 0.0918266
-2.05568 0.0904506
-2.04984 0.0891181
-2.044 0.0879182
-2.03816 0.086452
-2.03232 0.0849857
-2.02648 0.0834761
-2.02064 0.0819664
-2.0148 0.0808804
-2.00896 0.0799634
-2.00312 0.0787952
-1.99728 0.077835
-1.99144 0.0771317
-1.9856 0.0764261
-1.97976 0.0754694
-1.97392 0.0756523
-1.96808 0.0738474
-1.96224 0.0733541
-1.9564 0.0718903
-1.95056 0.0706384
-1.94472 0.0688325
-1.93888 0.0667402
-1.93304 0.0649396
-1.9272 0.0624674
-1.92136 0.062189
-1.91552 0.0598847
-1.90968 0.0579582
-1.90384 0.0568814
-1.898 0.0550397
-1.89216 0.0533259
-1.88632 0.0516996
-1.88048 0.0504141
-1.87464 0.0487005
-1.8688 0.0475372
-1.86296 0.0465461
-1.85712 0.0442862
-1.85128 0.0434668
-1.84544 0.0424751
-1.8396 0.0407208
-1.83376 0.0396085
-1.82792 0.0388331
-1.82208 0.0381883
-1.81624 0.0366879
-1.8104 0.0356523
-1.80456 0.0344932
-1.79872 0.0330354
-1.79288 0.032427
-1.78704 0.0310992
-1.7812 0.0302797
-1.77536 0.0289946
-1.76952 0.0282581
-1.76368 0.0272331
-1.75784 0.0263314
-1.752 0.0243725
-1.74616 0.0238493
-1.74032 0.0232039
-1.73448 0.0216274
-1.72864 0.0204322
-1.7228 0.0200422
-1.71696 0.01834
-1.71112 0.0175314
-1.70528 0.0166784
-1.69944 0.0155319
-1.6936 0.0151064
-1.68776 0.0138349
-1.68192 0.0134924
-1.67608 0.0128584
-1.67024 0.0130629
-1.6644 0.0138623
-1.65856 0.0142351
-1.65272 0.0141465
-1.64688 0.0147773
-1.64104 0.0165484
-1.6352 0.0175636
-1.62936 0.0181521
-1.62352 0.0202339
-1.61768 0.0225249
-1.61184 0.0246953
-1.606 0.0254091
-1.60016 0.0265257
-1.59432 0.0271684
-1.58848 0.0266277
-1.58264 0.0284953
-1.5768 0.0272858
-1.57096 0.0297095
-1.56512 0.0302415
-1.55928 0.0309401
-1.55344 0.0329437
-1.5476 0.0336905
-1.54176 0.0340937
-1.53592 0.035468
-1.53008 0.035969
-1.52424 0.0357033
-1.5184 0.0356665
-1.51256 0.0391934
-1.50672 0.0381768
-1.50088 0.0409868
-1.49504 0.0400615
-1.4892 0.0441637
-1.48336 0.0434098
-1.47752 0.0456724
-1.47168 0.0460882
-1.46584 0.0478899
-1.46 0.0497444
-1.45416 0.0539933
-1.44832 0.0555052
-1.44248 0.0565594
-1.43664 0.0568432
-1.4308 0.0578224
-1.42496 0.0599231
-1.41912 0.0615256
-1.41328 0.0622853
-1.40744 0.0646393
-1.4016 0.0651923
-1.39576 0.0664648
-1.38992 0.0684847
-1.38408 0.0695332
-1.37824 0.0697575
-1.3724 0.0716106
-1.36656 0.0739728
-1.36072 0.0764936
-1.35488 0.0755812
-1.34904 0.0755984
-1.3432 0.0775312
-1.33736 0.0785443
-1.33152 0.0798603
-1.32568 0.0810831
-1.31984 0.083239
-1.314 0.0828139
-1.30816 0.0864692
-1.30232 0.0863286
-1.29648 0.0855334
-1.29064 0.0884082
-1.2848 0.0901062
-1.27896 0.0904494
-1.27312 0.0909981
-1.26728 0.0953823
-1.26144 0.0953427
-1.2556 0.0976649
-1.24976 0.0989429
-1.24392 0.101606
-1.23808 0.103974
-1.23224 0.106179
-1.2264 0.107781
-1.22056 0.10965
-1.21472 0.109746
-1.20888 0.11153
-1.20304 0.113053
-1.1972 0.114375
-1.19136 0.116274
-1.18552 0.118899
-1.17968 0.119425
-1.17384 0.122222
-1.168 0.123998
-1.16216 0.124815
-1.15632 0.125628
-1.15048 0.12606
-1.14464 0.128851
-1.1388 0.128275
-1.13296 0.130353
-1.12712 0.131506
-1.12128 0.133297
-1.11544 0.134735
-1.1096 0.137156
-1.10376 0.137119
-1.09792 0.139229
-1.09208 0.139931
-1.08624 0.140667
-1.0804 0.139856
-1.07456 0.143371
-1.06872 0.142906
-1.06288 0.146722
-1.05704 0.145474
-1.0512 0.150433
-1.04536 0.149949
-1.03952 0.152527
-1.03368 0.153804
-1.02784 0.155914
-1.022 0.15783
-1.01616 0.16095
-1.01032 0.161602
-1.00448 0.163335
-0.99864 0.164306
-0.9928 0.164586
-0.98696 0.1656
-0.98112 0.168477
-0.97528 0.168271
-0.96944 0.170593
-0.9636 0.171116
-0.95776 0.171842
-0.95192 0.173323
-0.94608 0.174555
-0.94024 0.175074
-0.9344 0.176004
-0.92856 0.177572
-0.92272 0.17926
-0.91688 0.178557
-0.91104 0.178578
-0.9052 0.179967
-0.89936 0.180352
-0.89352 0.180827
-0.88768 0.182049
-0.88184 0.182901
-0.876 0.182558
-0.87016 0.185207
-0.86432 0.183964
-0.85848 0.183631
-0.85264 0.185325
-0.8468 0.184867
-0.84096 0.185969
-0.83512 0.187191
-0.82928 0.189754
-0.82344 0.18975
-0.8176 0.191271
-0.81176 0.192078
-0.80592 0.193261
-0.80008 0.194649
-0.79424 0.195578
-0.7884 0.196839
-0.78256 0.197475
-0.77672 0.198021
-0.77088 0.198155
-0.76504 0.199456
-0.7592 0.199921
-0.75336 0.200632
-0.74752 0.2013
-0.74168 0.201556
-0.73584 0.203197
-0.73 0.203613
-0.72416 0.203819
-0.71832 0.204909
-0.71248 0.205155
-0.70664 0.206162
-0.7008 0.205567
-0.69496 0.206065
-0.68912 0.206982
-0.68328 0.207651
-0.67744 0.208142
-0.6716 0.209106
-0.66576 0.209886
-0.65992 0.210713
-0.65408 0.211887
-0.64824 0.212339
-0.6424 0.21233
-0.63656 0.213067
-0.63072 0.213719
-0.62488 0.214367
-0.61904 0.214928
-0.6132 0.215738
-0.60736 0.215915
-0.60152 0.215963
-0.59568 0.215963
-0.58984 0.215963
-0.584 0.215963
-0.57816 0.215963
-0.57232 0.215963
-0.56648 0.215963
-0.56064 0.215963
-0.5548 0.215963
-0.54896 0.215963
-0.54312 0.215963
-0.53728 0.215963
-0.53144 0.215963
-0.5256 0.215963
-0.51976 0.215963
-0.51392 0.215963
-0.50808 0.215963
-0.50224 0.215963
-0.4964 0.215963
-0.49056 0.215963
-0.48472 0.215963
-0.47888 0.215963
-0.47304 0.215963
-0.4672 0.215963
-0.46136 0.215963
-0.45552 0.215963
-0.44968 0.215963
-0.44384 0.215963
-0.438 0.215963
-0.43216 0.215963
-0.42632 0.215963
-0.42048 0.215963
-0.41464 0.215963
-0.4088 0.215963
-0.40296 0.215963
-0.39712 0.215963
-0.39128 0.215963
-0.38544 0.215963
-0.3796 0.215963
-0.37376 0.215963
-0.36792 0.215963
-0.36208 0.215963
-0.35624 0.215963
-0.3504 0.215963
-0.34456 0.215963
-0.33872 0.215963
-0.33288 0.215963
-0.32704 0.215963
-0.3212 0.215963
-0.31536 0.215963
-0.30952 0.215963
-0.30368 0.215963
-0.29784 0.215963
-0.292 0.215963
-0.28616 0.215963
-0.28032 0.215963
-0.27448 0.215963
-0.26864 0.215963
-0.2628 0.215963
-0.25696 0.215963
-0.25112 0.215963
-0.24528 0.215963
-0.23944 0.215963
-0.2336 0.215963
-0.22776 0.215963
-0.22192 0.215963
-0.21608 0.215963
-0.21024 0.215963
-0.2044 0.215963
-0.19856 0.215963
-0.19272 0.215963
-0.18688 0.215963
-0.18104 0.215963
-0.1752 0.215963
-0.16936 0.215963
-0.16352 0.215963
-0.15768 0.215963
-0.15184 0.215963
-0.146 0.215963
-0.14016 0.215963
-0.13432 0.215963
-0.12848 0.215963
-0.12264 0.215963
-0.1168 0.215963
-0.11096 0.215963
-0.10512 0.215963
-0.09928 0.215963
-0.09344 0.215963
-0.0876 0.215963
-0.08176 0.215963
-0.07592 0.215963
-0.07008 0.215963
-0.06424 0.215963
-0.0584 0.215963
-0.05256 0.215963
-0.04672 0.215963
-0.04088 0.215963
-0.03504 0.215963
-0.0292 0.215963
-0.02336 0.215963
-0.01752 0.215963
-0.01168 0.215963
-0.00584 0.215963
