-2.92 0.247768
-2.91416 0.247768
-2.90832 0.247768
-2.90248 0.247768
-2.89664 0.247768
-2.8908 0.247768
-2.88496 0.247768
-2.87912 0.247768
-2.87328 0.247768
-2.86744 0.247768
-2.8616 0.247768
-2.85576 0.247768
-2.84992 0.247768
-2.84408 0.247768
-2.83824 0.247768
-2.8324 0.247768
-2.82656 0.247768
-2.82072 0.247768
-2.81488 0.247768
-2.80904 0.247768
-2.8032 0.247768
-2.79736 0.247768
-2.79152 0.247768
-2.78568 0.247768
-2.77984 0.247768
-2.774 0.247768
-2.76816 0.247768
-2.76232 0.247768
-2.75648 0.247768
-2.75064 0.247768
-2.7448 0.247768
-2.73896 0.247768
-2.73312 0.247768
-2.72728 0.247768
-2.72144 0.247768
-2.7156 0.247768
-2.70976 0.247768
-2.70392 0.247768
-2.69808 0.247768
-2.69224 0.247768
-2.6864 0.247768
-2.68056 0.247768
-2.67472 0.247768
-2.66888 0.247768
-2.66304 0.247768
-2.6572 0.247768
-2.65136 0.247768
-2.64552 0.247768
-2.63968 0.247768
-2.63384 0.247768
-2.628 0.247768
-2.62216 0.247768
-2.61632 0.247768
-2.61048 0.247768
-2.60464 0.247768
-2.5988 0.247768
-2.59296 0.247634
-2.58712 0.247326
-2.58128 0.246841
-2.57544 0.246357
-2.5696 0.245829
-2.56376 0.245214
-2.55792 0.244509
-2.55208 0.24376
-2.54624 0.242924
-2.5404 0.242088
-2.53456 0.241293
-2.52872 0.240368
-2.52288 0.239532
-2.51704 0.238652
-2.5112 0.23777
-2.50536 0.23689
-2.49952 0.23592
-2.49368 0.234995
-2.48784 0.233981
-2.482 0.233012
-2.47616 0.231866
-2.47032 0.230676
-2.46448 0.229442
-2.45864 0.228209
-2.4528 0.226975
-2.44696 0.225697
-2.44112 0.224375
-2.43528 0.223009
-2.42944 0.221599
-2.4236 0.220189
-2.41776 0.218822
-2.41192 0.217411
-2.40608 0.215912
-2.40024 0.214413
-2.3944 0.21287
-2.38856 0.211371
-2.38272 0.209784
-2.37688 0.208241
-2.37104 0.206654
-2.3652 0.205154
-2.35936 0.203565
-2.35352 0.20202
-2.34768 0.20043
-2.34184 0.198754
-2.336 0.197077
-2.33016 0.195399
-2.32432 0.193766
-2.31848 0.192045
-2.31264 0.19028
-2.3068 0.188516
-2.30096 0.186796
-2.29512 0.185119
-2.28928 0.183443
-2.28344 0.181635
-2.2776 0.179959
-2.27176 0.178282
-2.26592 0.176606
-2.26008 0.174976
-2.25424 0.173211
-2.2484 0.171403
-2.24256 0.169596
-2.23672 0.167788
-2.23088 0.16598
-2.22504 0.164259
-2.2192 0.162451
-2.21336 0.160688
-2.20752 0.158968
-2.20168 0.157159
-2.19584 0.15544
-2.19 0.153632
-2.18416 0.151824
-2.17832 0.150017
-2.17248 0.148209
-2.16664 0.146402
-2.1608 0.14455
-2.15496 0.142743
-2.14912 0.140935
-2.14328 0.139128
-2.13744 0.137321
-2.1316 0.135469
-2.12576 0.133661
-2.11992 0.13181
-2.11408 0.129958
-2.10824 0.128151
-2.1024 0.126386
-2.09656 0.124622
-2.09072 0.12277
-2.08488 0.121006
-2.07904 0.119199
-2.0732 0.117478
-2.06736 0.115759
-2.06152 0.113951
-2.05568 0.112276
-2.04984 0.110556
-2.044 0.108882
-2.03816 0.107074
-2.03232 0.105266
-2.02648 0.103416
-2.02064 0.101775
-2.0148 0.100346
-2.00896 0.0988771
-2.00312 0.0977039
-1.99728 0.0963184
-1.99144 0.0954022
-1.9856 0.0942693
-1.97976 0.0931417
-1.97392 0.0920966
-1.96808 0.0912162
-1.96224 0.0899141
-1.9564 0.0887843
-1.95056 0.0863459
-1.94472 0.083779
-1.93888 0.0822249
-1.93304 0.0801188
-1.9272 0.078107
-1.92136 0.0752848
-1.91552 0.0732673
-1.90968 0.0710805
-1.90384 0.0687652
-1.898 0.066788
-1.89216 0.0643457
-1.88632 0.062581
-1.88048 0.0603116
-1.87464 0.0580398
-1.8688 0.055897
-1.86296 0.0542627
-1.85712 0.0523339
-1.85128 0.0504927
-1.84544 0.0488149
-1.8396 0.0472273
-1.83376 0.0457242
-1.82792 0.0443919
-1.82208 0.0428118
-1.81624 0.0413503
-1.8104 0.0397628
-1.80456 0.0381761
-1.79872 0.0364621
-1.79288 0.0352137
-1.78704 0.033589
-1.7812 0.0320052
-1.77536 0.030593
-1.76952 0.0290548
-1.76368 0.0278102
-1.75784 0.0264051
-1.752 0.0248689
-1.74616 0.0237976
-1.74032 0.0222656
-1.73448 0.0211166
-1.72864 0.0201384
-1.7228 0.0187363
-1.71696 0.0177169
-1.71112 0.0164035
-1.70528 0.0153865
-1.69944 0.0144974
-1.6936 0.013313
-1.68776 0.0123001
-1.68192 0.0112454
-1.67608 0.010824
-1.67024 0.010828
-1.6644 0.0115442
-1.65856 0.0113823
-1.65272 0.0119268
-1.64688 0.01316
-1.64104 0.0142254
-1.6352 0.0154156
-1.62936 0.0170292
-1.62352 0.0180659
-1.61768 0.0203594
-1.61184 0.0205966
-1.606 0.0229927
-1.60016 0.0251211
-1.59432 0.0263902
-1.58848 0.0285953
-1.58264 0.0281431
-1.5768 0.0281991
-1.57096 0.0285193
-1.56512 0.0299607
-1.55928 0.0301531
-1.55344 0.0324817
-1.5476 0.033386
-1.54176 0.0327376
-1.53592 0.0335271
-1.53008 0.0351986
-1.52424 0.036029
-1.5184 0.0383005
-1.51256 0.0347577
-1.50672 0.0372213
-1.50088 0.0383043
-1.49504 0.0401497
-1.4892 0.0414299
-1.48336 0.0429407
-1.47752 0.044694
-1.47168 0.0445212
-1.46584 0.0474656
-1.46 0.0504906
-1.45416 0.0526732
-1.44832 0.0537215
-1.44248 0.0556858
-1.43664 0.0560234
-1.4308 0.0561529
-1.42496 0.0599357
-1.41912 0.0608662
-1.41328 0.0622357
-1.40744 0.0646023
-1.4016 0.0653239
-1.39576 0.0660806
-1.38992 0.0681377
-1.38408 0.0689858
-1.37824 0.071013
-1.3724 0.0717773
-1.36656 0.0733739
-1.36072 0.0764934
-1.35488 0.0752421
-1.34904 0.0772601
-1.3432 0.0770579
-1.33736 0.0795511
-1.33152 0.0800235
-1.32568 0.0829355
-1.31984 0.0826865
-1.314 0.083818
-1.30816 0.0863855
-1.30232 0.0860257
-1.29648 0.087923
-1.29064 0.0902973
-1.2848 0.0901349
-1.27896 0.0922861
-1.27312 0.0928456
-1.26728 0.0976413
-1.26144 0.0997886
-1.2556 0.0999311
-1.24976 0.10183
-1.24392 0.105118
-1.23808 0.107415
-1.23224 0.108086
-1.2264 0.11088
-1.22056 0.111486
-1.21472 0.113587
-1.20888 0.114697
-1.20304 0.116053
-1.1972 0.117416
-1.19136 0.119269
-1.18552 0.120718
-1.17968 0.122457
-1.17384 0.12382
-1.168 0.125877
-1.16216 0.128128
-1.15632 0.129349
-1.15048 0.131551
-1.14464 0.131449
-1.1388 0.130544
-1.13296 0.131394
-1.12712 0.133543
-1.12128 0.133941
-1.11544 0.136929
-1.1096 0.138838
-1.10376 0.138724
-1.09792 0.140095
-1.09208 0.143731
-1.08624 0.144077
-1.0804 0.145588
-1.07456 0.142693
-1.06872 0.145733
-1.06288 0.146414
-1.05704 0.148957
-1.0512 0.151295
-1.04536 0.15309
-1.03952 0.155446
-1.03368 0.155842
-1.02784 0.158969
-1.022 0.161587
-1.01616 0.164624
-1.01032 0.164763
-1.00448 0.1659
-0.99864 0.166715
-0.9928 0.167401
-0.98696 0.170646
-0.98112 0.170706
-0.97528 0.171834
-0.96944 0.174921
-0.9636 0.175235
-0.95776 0.175958
-0.95192 0.178232
-0.94608 0.178076
-0.94024 0.179859
-0.9344 0.180707
-0.92856 0.181722
-0.92272 0.184047
-0.91688 0.181915
-0.91104 0.183474
-0.9052 0.183733
-0.89936 0.185508
-0.89352 0.185482
-0.88768 0.186372
-0.88184 0.186753
-0.876 0.186198
-0.87016 0.188942
-0.86432 0.188117
-0.85848 0.189127
-0.85264 0.19003
-0.8468 0.190706
-0.84096 0.191761
-0.83512 0.191891
-0.82928 0.19597
-0.82344 0.196599
-0.8176 0.197321
-0.81176 0.198247
-0.80592 0.199128
-0.80008 0.20187
-0.79424 0.201869
-0.7884 0.202335
-0.78256 0.203474
-0.77672 0.204099
-0.77088 0.20393
-0.76504 0.205311
-0.7592 0.205446
-0.75336 0.206363
-0.74752 0.207283
-0.74168 0.207493
-0.73584 0.208582
-0.73 0.209621
-0.72416 0.210251
-0.71832 0.210659
-0.71248 0.211618
-0.70664 0.211441
-0.7008 0.21085
-0.69496 0.211304
-0.68912 0.212007
-0.68328 0.21275
-0.67744 0.213239
-0.6716 0.214067
-0.66576 0.21485
-0.65992 0.215549
-0.65408 0.216926
-0.64824 0.217498
-0.6424 0.216941
-0.63656 0.217549
-0.63072 0.218112
-0.62488 0.218588
-0.61904 0.218974
-0.6132 0.219823
-0.60736 0.219916
-0.60152 0.219925
-0.59568 0.219925
-0.58984 0.219925
-0.584 0.219925
-0.57816 0.219925
-0.57232 0.219925
-0.56648 0.219925
-0.56064 0.219925
-0.5548 0.219925
-0.54896 0.219925
-0.54312 0.219925
-0.53728 0.219925
-0.53144 0.219925
-0.5256 0.219925
-0.51976 0.219925
-0.51392 0.219925
-0.50808 0.219925
-0.50224 0.219925
-0.4964 0.219925
-0.49056 0.219925
-0.48472 0.219925
-0.47888 0.219925
-0.47304 0.219925
-0.4672 0.219925
-0.46136 0.219925
-0.45552 0.219925
-0.44968 0.219925
-0.44384 0.219925
-0.438 0.219925
-0.43216 0.219925
-0.42632 0.219925
-0.42048 0.219925
-0.41464 0.219925
-0.4088 0.219925
-0.40296 0.219925
-0.39712 0.219925
-0.39128 0.219925
-0.38544 0.219925
-0.3796 0.219925
-0.37376 0.219925
-0.36792 0.219925
-0.36208 0.219925
-0.35624 0.219925
-0.3504 0.219925
-0.34456 0.219925
-0.33872 0.219925
-0.33288 0.219925
-0.32704 0.219925
-0.3212 0.219925
-0.31536 0.219925
-0.30952 0.219925
-0.30368 0.219925
-0.29784 0.219925
-0.292 0.219925
-0.28616 0.219925
-0.28032 0.219925
-0.27448 0.219925
-0.26864 0.219925
-0.2628 0.219925
-0.25696 0.219925
-0.25112 0.219925
-0.24528 0.219925
-0.23944 0.219925
-0.2336 0.219925
-0.22776 0.219925
-0.22192 0.219925
-0.21608 0.219925
-0.21024 0.219925
-0.2044 0.219925
-0.19856 0.219925
-0.19272 0.219925
-0.18688 0.219925
-0.18104 0.219925
-0.1752 0.219925
-0.16936 0.219925
-0.16352 0.219925
-0.15768 0.219925
-0.15184 0.219925
-0.146 0.219925
-0.14016 0.219925
-0.13432 0.219925
-0.12848 0.219925
-0.12264 0.219925
-0.1168 0.219925
-0.11096 0.219925
-0.10512 0.219925
-0.09928 0.219925
-0.09344 0.219925
-0.0876 0.219925
-0.08176 0.219925
-0.07592 0.219925
-0.07008 0.219925
-0.06424 0.219925
-0.0584 0.219925
-0.05256 0.219925
-0.04672 0.219925
-0.04088 0.219925
-0.03504 0.219925
-0.0292 0.219925
-0.02336 0.219925
-0.01752 0.219925
-0.01168 0.219925
-0.00584 0.219925
