-2.92 0.196083
-2.91416 0.196083
-2.90832 0.196083
-2.90248 0.196083
-2.89664 0.196083
-2.8908 0.196083
-2.88496 0.196083
-2.87912 0.196083
-2.87328 0.196083
-2.86744 0.196083
-2.8616 0.196083
-2.85576 0.196083
-2.84992 0.196083
-2.84408 0.196083
-2.83824 0.196083
-2.8324 0.196083
-2.82656 0.196083
-2.82072 0.196083
-2.81488 0.196083
-2.80904 0.196083
-2.8032 0.196083
-2.79736 0.196083
-2.79152 0.196083
-2.78568 0.196083
-2.77984 0.196083
-2.774 0.196083
-2.76816 0.196083
-2.76232 0.196083
-2.75648 0.196083
-2.75064 0.196083
-2.7448 0.196083
-2.73896 0.196083
-2.73312 0.196083
-2.72728 0.196083
-2.72144 0.196083
-2.7156 0.196083
-2.70976 0.196083
-2.70392 0.196083
-2.69808 0.196083
-2.69224 0.196083
-2.6864 0.196083
-2.68056 0.196083
-2.67472 0.196083
-2.66888 0.196083
-2.66304 0.196083
-2.6572 0.196083
-2.65136 0.196083
-2.64552 0.196083
-2.63968 0.196083
-2.63384 0.196083
-2.628 0.196083
-2.62216 0.196083
-2.61632 0.196083
-2.61048 0.196083
-2.60464 0.196083
-2.5988 0.196083
-2.59296 0.19582
-2.58712 0.195425
-2.58128 0.194941
-2.57544 0.194372
-2.5696 0.193714
-2.56376 0.193012
-2.55792 0.192265
-2.55208 0.191475
-2.54624 0.190685
-2.5404 0.189895
-2.53456 0.189105
-2.52872 0.18827
-2.52288 0.187435
-2.51704 0.1866
-2.5112 0.185722
-2.50536 0.184885
-2.49952 0.183919
-2.49368 0.183038
-2.48784 0.182116
-2.482 0.181369
-2.47616 0.180359
-2.47032 0.179348
-2.46448 0.178337
-2.45864 0.177325
-2.4528 0.176269
-2.44696 0.175212
-2.44112 0.174155
-2.43528 0.173054
-2.42944 0.171998
-2.4236 0.170897
-2.41776 0.169797
-2.41192 0.16874
-2.40608 0.16764
-2.40024 0.166538
-2.3944 0.165436
-2.38856 0.164334
-2.38272 0.163188
-2.37688 0.162041
-2.37104 0.160895
-2.3652 0.159793
-2.35936 0.158603
-2.35352 0.157457
-2.34768 0.156223
-2.34184 0.154945
-2.336 0.153712
-2.33016 0.152434
-2.32432 0.151156
-2.31848 0.149834
-2.31264 0.148512
-2.3068 0.147234
-2.30096 0.146
-2.29512 0.144722
-2.28928 0.143532
-2.28344 0.14221
-2.2776 0.140932
-2.27176 0.139696
-2.26592 0.138551
-2.26008 0.137361
-2.25424 0.135952
-2.2484 0.134542
-2.24256 0.133177
-2.23672 0.131768
-2.23088 0.130359
-2.22504 0.128949
-2.2192 0.12754
-2.21336 0.126131
-2.20752 0.124766
-2.20168 0.123356
-2.19584 0.121991
-2.19 0.120582
-2.18416 0.119173
-2.17832 0.117763
-2.17248 0.116397
-2.16664 0.114988
-2.1608 0.113579
-2.15496 0.112169
-2.14912 0.110803
-2.14328 0.109439
-2.13744 0.108029
-2.1316 0.106663
-2.12576 0.105254
-2.11992 0.103845
-2.11408 0.10248
-2.10824 0.10107
-2.1024 0.099661
-2.09656 0.0982528
-2.09072 0.0968869
-2.08488 0.0955667
-2.07904 0.0942442
-2.0732 0.0928794
-2.06736 0.0916026
-2.06152 0.0902378
-2.05568 0.0890023
-2.04984 0.0877244
-2.044 0.0865792
-2.03816 0.0852144
-2.03232 0.083805
-2.02648 0.0824402
-2.02064 0.0813688
-2.0148 0.0803819
-2.00896 0.0792662
-2.00312 0.0785772
-1.99728 0.0774616
-1.99144 0.0771109
-1.9856 0.0764601
-1.97976 0.0754354
-1.97392 0.0752495
-1.96808 0.0752792
-1.96224 0.0736164
-1.9564 0.0724627
-1.95056 0.0710482
-1.94472 0.0690114
-1.93888 0.0674686
-1.93304 0.0656835
-1.9272 0.0640259
-1.92136 0.0616871
-1.91552 0.059981
-1.90968 0.0581933
-1.90384 0.0560664
-1.898 0.0549145
-1.89216 0.0526618
-1.88632 0.0512105
-1.88048 0.0493409
-1.87464 0.0480195
-1.8688 0.0460241
-1.86296 0.0447044
-1.85712 0.0433017
-1.85128 0.0418587
-1.84544 0.0405399
-1.8396 0.0393919
-1.83376 0.0381197
-1.82792 0.0371504
-1.82208 0.0360946
-1.81624 0.0349888
-1.8104 0.0338424
-1.80456 0.0328248
-1.79872 0.0316783
-1.79288 0.0307013
-1.78704 0.0293051
-1.7812 0.0283293
-1.77536 0.027439
-1.76952 0.0262567
-1.76368 0.0250299
-1.75784 0.0240998
-1.752 0.023041
-1.74616 0.0220678
-1.74032 0.0209687
-1.73448 0.0200401
-1.72864 0.0189021
-1.7228 0.0178072
-1.71696 0.0167125
-1.71112 0.0160829
-1.70528 0.0150736
-1.69944 0.0141903
-1.6936 0.0128854
-1.68776 0.012043
-1.68192 0.0113712
-1.67608 0.010745
-1.67024 0.0109182
-1.6644 0.0111766
-1.65856 0.0110544
-1.65272 0.0120758
-1.64688 0.0130585
-1.64104 0.0142885
-1.6352 0.0147639
-1.62936 0.0162921
-1.62352 0.0182072
-1.61768 0.0199094
-1.61184 0.0216193
-1.606 0.0217001
-1.60016 0.0240384
-1.59432 0.0238005
-1.58848 0.0267556
-1.58264 0.0290861
-1.5768 0.0289376
-1.57096 0.0314003
-1.56512 0.031127
-1.55928 0.032871
-1.55344 0.0330705
-1.5476 0.0328771
-1.54176 0.0334853
-1.53592 0.0347889
-1.53008 0.0365131
-1.52424 0.0381311
-1.5184 0.0358629
-1.51256 0.0385872
-1.50672 0.0384958
-1.50088 0.0402514
-1.49504 0.040787
-1.4892 0.04325
-1.48336 0.0443443
-1.47752 0.0459752
-1.47168 0.0471856
-1.46584 0.0498798
-1.46 0.0510443
-1.45416 0.0545765
-1.44832 0.0536011
-1.44248 0.0549876
-1.43664 0.0564214
-1.4308 0.0588662
-1.42496 0.0603584
-1.41912 0.0620976
-1.41328 0.0617059
-1.40744 0.0632686
-1.4016 0.0661369
-1.39576 0.0676145
-1.38992 0.0672285
-1.38408 0.0700601
-1.37824 0.0712363
-1.3724 0.0713737
-1.36656 0.0741129
-1.36072 0.0749172
-1.35488 0.0741374
-1.34904 0.0748204
-1.3432 0.0783116
-1.33736 0.0790794
-1.33152 0.0800995
-1.32568 0.0808161
-1.31984 0.0825464
-1.314 0.0822882
-1.30816 0.0852684
-1.30232 0.0856331
-1.29648 0.0848898
-1.29064 0.087048
-1.2848 0.088269
-1.27896 0.0902925
-1.27312 0.0915319
-1.26728 0.0950471
-1.26144 0.096871
-1.2556 0.0976015
-1.24976 0.0996305
-1.24392 0.103473
-1.23808 0.104791
-1.23224 0.106605
-1.2264 0.109482
-1.22056 0.108071
-1.21472 0.112705
-1.20888 0.113188
-1.20304 0.114512
-1.1972 0.115234
-1.19136 0.11739
-1.18552 0.118632
-1.17968 0.121327
-1.17384 0.123156
-1.168 0.12447
-1.16216 0.125871
-1.15632 0.125387
-1.15048 0.127675
-1.14464 0.129154
-1.1388 0.12934
-1.13296 0.130455
-1.12712 0.130848
-1.12128 0.133929
-1.11544 0.134504
-1.1096 0.135131
-1.10376 0.136451
-1.09792 0.137905
-1.09208 0.140335
-1.08624 0.142402
-1.0804 0.139414
-1.07456 0.142413
-1.06872 0.143344
-1.06288 0.145305
-1.05704 0.145906
-1.0512 0.149772
-1.04536 0.150505
-1.03952 0.152541
-1.03368 0.153855
-1.02784 0.157065
-1.022 0.158457
-1.01616 0.161423
-1.01032 0.160726
-1.00448 0.162836
-0.99864 0.164411
-0.9928 0.166364
-0.98696 0.167413
-0.98112 0.168862
-0.97528 0.168616
-0.96944 0.170515
-0.9636 0.172771
-0.95776 0.173832
-0.95192 0.174043
-0.94608 0.176123
-0.94024 0.176299
-0.9344 0.177072
-0.92856 0.178929
-0.92272 0.179232
-0.91688 0.176898
-0.91104 0.178883
-0.9052 0.180144
-0.89936 0.180911
-0.89352 0.181846
-0.88768 0.182022
-0.88184 0.183075
-0.876 0.181725
-0.87016 0.185038
-0.86432 0.183892
-0.85848 0.183396
-0.85264 0.184835
-0.8468 0.18542
-0.84096 0.186778
-0.83512 0.186741
-0.82928 0.189765
-0.82344 0.191368
-0.8176 0.191086
-0.81176 0.191967
-0.80592 0.193194
-0.80008 0.195418
-0.79424 0.196014
-0.7884 0.197489
-0.78256 0.196816
-0.77672 0.19858
-0.77088 0.198575
-0.76504 0.198625
-0.7592 0.199836
-0.75336 0.200053
-0.74752 0.200801
-0.74168 0.201761
-0.73584 0.201629
-0.73 0.20267
-0.72416 0.203343
-0.71832 0.203211
-0.71248 0.203706
-0.70664 0.20391
-0.7008 0.203743
-0.69496 0.203898
-0.68912 0.204601
-0.68328 0.205263
-0.67744 0.20576
-0.6716 0.206542
-0.66576 0.207329
-0.65992 0.208113
-0.65408 0.209494
-0.64824 0.210194
-0.6424 0.209601
-0.63656 0.210168
-0.63072 0.210773
-0.62488 0.211293
-0.61904 0.21177
-0.6132 0.212872
-0.60736 0.213011
-0.60152 0.212939
-0.59568 0.212939
-0.58984 0.212939
-0.584 0.212939
-0.57816 0.212939
-0.57232 0.212939
-0.56648 0.212939
-0.56064 0.212939
-0.5548 0.212939
-0.54896 0.212939
-0.54312 0.212939
-0.53728 0.212939
-0.53144 0.212939
-0.5256 0.212939
-0.51976 0.212939
-0.51392 0.212939
-0.50808 0.212939
-0.50224 0.212939
-0.4964 0.212939
-0.49056 0.212939
-0.48472 0.212939
-0.47888 0.212939
-0.47304 0.212939
-0.4672 0.212939
-0.46136 0.212939
-0.45552 0.212939
-0.44968 0.212939
-0.44384 0.212939
-0.438 0.212939
-0.43216 0.212939
-0.42632 0.212939
-0.42048 0.212939
-0.41464 0.212939
-0.4088 0.212939
-0.40296 0.212939
-0.39712 0.212939
-0.39128 0.212939
-0.38544 0.212939
-0.3796 0.212939
-0.37376 0.212939
-0.36792 0.212939
-0.36208 0.212939
-0.35624 0.212939
-0.3504 0.212939
-0.34456 0.212939
-0.33872 0.212939
-0.33288 0.212939
-0.32704 0.212939
-0.3212 0.212939
-0.31536 0.212939
-0.30952 0.212939
-0.30368 0.212939
-0.29784 0.212939
-0.292 0.212939
-0.28616 0.212939
-0.28032 0.212939
-0.27448 0.212939
-0.26864 0.212939
-0.2628 0.212939
-0.25696 0.212939
-0.25112 0.212939
-0.24528 0.212939
-0.23944 0.212939
-0.2336 0.212939
-0.22776 0.212939
-0.22192 0.212939
-0.21608 0.212939
-0.21024 0.212939
-0.2044 0.212939
-0.19856 0.212939
-0.19272 0.212939
-0.18688 0.212939
-0.18104 0.212939
-0.1752 0.212939
-0.16936 0.212939
-0.16352 0.212939
-0.15768 0.212939
-0.15184 0.212939
-0.146 0.212939
-0.14016 0.212939
-0.13432 0.212939
-0.12848 0.212939
-0.12264 0.212939
-0.1168 0.212939
-0.11096 0.212939
-0.10512 0.212939
-0.09928 0.212939
-0.09344 0.212939
-0.0876 0.212939
-0.08176 0.212939
-0.07592 0.212939
-0.07008 0.212939
-0.06424 0.212939
-0.0584 0.212939
-0.05256 0.212939
-0.04672 0.212939
-0.04088 0.212939
-0.03504 0.212939
-0.0292 0.212939
-0.02336 0.212939
-0.01752 0.212939
-0.01168 0.212939
-0.00584 0.212939
