-2.92 0.188447
-2.91416 0.188447
-2.90832 0.188447
-2.90248 0.188447
-2.89664 0.188447
-2.8908 0.188447
-2.88496 0.188447
-2.87912 0.188447
-2.87328 0.188447
-2.86744 0.188447
-2.8616 0.188447
-2.85576 0.188447
-2.84992 0.188447
-2.84408 0.188447
-2.83824 0.188447
-2.8324 0.188447
-2.82656 0.188447
-2.82072 0.188447
-2.81488 0.188447
-2.80904 0.188447
-2.8032 0.188447
-2.79736 0.188447
-2.79152 0.188447
-2.78568 0.188447
-2.77984 0.188447
-2.774 0.188447
-2.76816 0.188447
-2.76232 0.188447
-2.75648 0.188447
-2.75064 0.188447
-2.7448 0.188447
-2.73896 0.188447
-2.73312 0.188447
-2.72728 0.188447
-2.72144 0.188447
-2.7156 0.188447
-2.70976 0.188447
-2.70392 0.188447
-2.69808 0.188447
-2.69224 0.188447
-2.6864 0.188447
-2.68056 0.188447
-2.67472 0.188447
-2.66888 0.188447
-2.66304 0.188447
-2.6572 0.188447
-2.65136 0.188447
-2.64552 0.188447
-2.63968 0.188447
-2.63384 0.188447
-2.628 0.188447
-2.62216 0.188447
-2.61632 0.188447
-2.61048 0.188447
-2.60464 0.188447
-2.5988 0.188447
-2.59296 0.188228
-2.58712 0.187874
-2.58128 0.187431
-2.57544 0.1869
-2.5696 0.18637
-2.56376 0.185839
-2.55792 0.185221
-2.55208 0.184516
-2.54624 0.18381
-2.5404 0.183105
-2.53456 0.182488
-2.52872 0.181826
-2.52288 0.181119
-2.51704 0.180326
-2.5112 0.179532
-2.50536 0.178825
-2.49952 0.178076
-2.49368 0.177325
-2.48784 0.176617
-2.482 0.176041
-2.47616 0.175201
-2.47032 0.174316
-2.46448 0.173432
-2.45864 0.172503
-2.4528 0.171575
-2.44696 0.170647
-2.44112 0.169719
-2.43528 0.16879
-2.42944 0.16786
-2.4236 0.166886
-2.41776 0.165869
-2.41192 0.164853
-2.40608 0.163835
-2.40024 0.162773
-2.3944 0.161711
-2.38856 0.160649
-2.38272 0.159499
-2.37688 0.15835
-2.37104 0.157157
-2.3652 0.15592
-2.35936 0.154727
-2.35352 0.153534
-2.34768 0.152296
-2.34184 0.151015
-2.336 0.14969
-2.33016 0.148365
-2.32432 0.147041
-2.31848 0.145759
-2.31264 0.144479
-2.3068 0.143241
-2.30096 0.141915
-2.29512 0.140633
-2.28928 0.139436
-2.28344 0.138111
-2.2776 0.136917
-2.27176 0.135591
-2.26592 0.134441
-2.26008 0.133247
-2.25424 0.131921
-2.2484 0.130551
-2.24256 0.129137
-2.23672 0.127768
-2.23088 0.126354
-2.22504 0.124984
-2.2192 0.12357
-2.21336 0.122157
-2.20752 0.120743
-2.20168 0.119329
-2.19584 0.117959
-2.19 0.116545
-2.18416 0.115175
-2.17832 0.113761
-2.17248 0.112392
-2.16664 0.110978
-2.1608 0.109564
-2.15496 0.108151
-2.14912 0.106737
-2.14328 0.105367
-2.13744 0.103953
-2.1316 0.102583
-2.12576 0.101258
-2.11992 0.0998437
-2.11408 0.0984298
-2.10824 0.0970605
-2.1024 0.0956466
-2.09656 0.0943207
-2.09072 0.0929502
-2.08488 0.0915809
-2.07904 0.090167
-2.0732 0.0887964
-2.06736 0.0875129
-2.06152 0.0861456
-2.05568 0.0848198
-2.04984 0.0835396
-2.044 0.0823898
-2.03816 0.0810194
-2.03232 0.0796501
-2.02648 0.0782362
-2.02064 0.0773315
-2.0148 0.0759599
-2.00896 0.074844
-2.00312 0.0747779
-1.99728 0.0734105
-1.99144 0.0728396
-1.9856 0.0724378
-1.97976 0.071322
-1.97392 0.0709689
-1.96808 0.0710777
-1.96224 0.069873
-1.9564 0.0682498
-1.95056 0.0674681
-1.94472 0.0657584
-1.93888 0.0639274
-1.93304 0.061796
-1.9272 0.0608483
-1.92136 0.0590144
-1.91552 0.056463
-1.90968 0.0545867
-1.90384 0.0525001
-1.898 0.0510042
-1.89216 0.0497627
-1.88632 0.0471679
-1.88048 0.0460125
-1.87464 0.0441814
-1.8688 0.0426899
-1.86296 0.0411105
-1.85712 0.0393646
-1.85128 0.0377476
-1.84544 0.0364671
-1.8396 0.0353165
-1.83376 0.0340374
-1.82792 0.0330212
-1.82208 0.0319604
-1.81624 0.0308943
-1.8104 0.0295748
-1.80456 0.0283838
-1.79872 0.0272354
-1.79288 0.0262121
-1.78704 0.0250657
-1.7812 0.024172
-1.77536 0.0231103
-1.76952 0.0218801
-1.76368 0.0211152
-1.75784 0.0199743
-1.752 0.0191277
-1.74616 0.0184103
-1.74032 0.0171455
-1.73448 0.0165563
-1.72864 0.0156701
-1.7228 0.0146578
-1.71696 0.0138162
-1.71112 0.0131445
-1.70528 0.0120098
-1.69944 0.0112131
-1.6936 0.0106302
-1.68776 0.0098792
-1.68192 0.00899953
-1.67608 0.00875462
-1.67024 0.00876113
-1.6644 0.00973489
-1.65856 0.00987758
-1.65272 0.010687
-1.64688 0.0113301
-1.64104 0.0132727
-1.6352 0.01468
-1.62936 0.0156221
-1.62352 0.016823
-1.61768 0.0191162
-1.61184 0.0204467
-1.606 0.0210185
-1.60016 0.0223178
-1.59432 0.0250157
-1.58848 0.0266675
-1.58264 0.027348
-1.5768 0.0268803
-1.57096 0.0299304
-1.56512 0.0315924
-1.55928 0.0329163
-1.55344 0.0335292
-1.5476 0.0354496
-1.54176 0.0364543
-1.53592 0.0368981
-1.53008 0.0385762
-1.52424 0.0393981
-1.5184 0.0397758
-1.51256 0.0394771
-1.50672 0.042712
-1.50088 0.0425026
-1.49504 0.0424028
-1.4892 0.0460939
-1.48336 0.0466827
-1.47752 0.0501666
-1.47168 0.0496693
-1.46584 0.0515991
-1.46 0.0547191
-1.45416 0.0570796
-1.44832 0.0590131
-1.44248 0.0586803
-1.43664 0.0612085
-1.4308 0.0618513
-1.42496 0.0643247
-1.41912 0.0654222
-1.41328 0.066574
-1.40744 0.0677918
-1.4016 0.070109
-1.39576 0.072026
-1.38992 0.0724957
-1.38408 0.074866
-1.37824 0.0767229
-1.3724 0.0784545
-1.36656 0.0782206
-1.36072 0.0815028
-1.35488 0.0775639
-1.34904 0.0803527
-1.3432 0.0825449
-1.33736 0.084204
-1.33152 0.0840863
-1.32568 0.0861255
-1.31984 0.088618
-1.314 0.0887372
-1.30816 0.0936574
-1.30232 0.0905365
-1.29648 0.0935922
-1.29064 0.0942356
-1.2848 0.0973126
-1.27896 0.0975953
-1.27312 0.0996339
-1.26728 0.102921
-1.26144 0.104577
-1.2556 0.106356
-1.24976 0.108222
-1.24392 0.110806
-1.23808 0.114284
-1.23224 0.115592
-1.2264 0.118232
-1.22056 0.12034
-1.21472 0.121289
-1.20888 0.122243
-1.20304 0.125819
-1.1972 0.126228
-1.19136 0.128044
-1.18552 0.128742
-1.17968 0.132963
-1.17384 0.13299
-1.168 0.134473
-1.16216 0.135373
-1.15632 0.139553
-1.15048 0.140751
-1.14464 0.141755
-1.1388 0.139038
-1.13296 0.142093
-1.12712 0.144276
-1.12128 0.146161
-1.11544 0.146929
-1.1096 0.148841
-1.10376 0.150716
-1.09792 0.151443
-1.09208 0.153958
-1.08624 0.155735
-1.0804 0.154605
-1.07456 0.154745
-1.06872 0.159448
-1.06288 0.158535
-1.05704 0.159256
-1.0512 0.164232
-1.04536 0.16505
-1.03952 0.168387
-1.03368 0.169709
-1.02784 0.171075
-1.022 0.174072
-1.01616 0.176409
-1.01032 0.178651
-1.00448 0.17884
-0.99864 0.180453
-0.9928 0.182245
-0.98696 0.183978
-0.98112 0.184115
-0.97528 0.186372
-0.96944 0.187096
-0.9636 0.189759
-0.95776 0.190258
-0.95192 0.19166
-0.94608 0.193362
-0.94024 0.194593
-0.9344 0.196123
-0.92856 0.196272
-0.92272 0.198256
-0.91688 0.195634
-0.91104 0.197244
-0.9052 0.198136
-0.89936 0.20043
-0.89352 0.200066
-0.88768 0.201676
-0.88184 0.202112
-0.876 0.201469
-0.87016 0.206007
-0.86432 0.203101
-0.85848 0.204218
-0.85264 0.204808
-0.8468 0.206248
-0.84096 0.205633
-0.83512 0.207161
-0.82928 0.210269
-0.82344 0.210401
-0.8176 0.21256
-0.81176 0.212488
-0.80592 0.213873
-0.80008 0.215745
-0.79424 0.216584
-0.7884 0.217444
-0.78256 0.219042
-0.77672 0.218586
-0.77088 0.218342
-0.76504 0.220024
-0.7592 0.220613
-0.75336 0.220782
-0.74752 0.221627
-0.74168 0.22298
-0.73584 0.223062
-0.73 0.223651
-0.72416 0.223952
-0.71832 0.225166
-0.71248 0.226046
-0.70664 0.226294
-0.7008 0.225247
-0.69496 0.225541
-0.68912 0.226493
-0.68328 0.22724
-0.67744 0.227695
-0.6716 0.228607
-0.66576 0.229519
-0.65992 0.230431
-0.65408 0.231812
-0.64824 0.232682
-0.6424 0.232039
-0.63656 0.232779
-0.63072 0.233475
-0.62488 0.234036
-0.61904 0.234554
-0.6132 0.235577
-0.60736 0.235838
-0.60152 0.23572
-0.59568 0.23572
-0.58984 0.23572
-0.584 0.23572
-0.57816 0.23572
-0.57232 0.23572
-0.56648 0.23572
-0.56064 0.23572
-0.5548 0.23572
-0.54896 0.23572
-0.54312 0.23572
-0.53728 0.23572
-0.53144 0.23572
-0.5256 0.23572
-0.51976 0.23572
-0.51392 0.23572
-0.50808 0.23572
-0.50224 0.23572
-0.4964 0.23572
-0.49056 0.23572
-0.48472 0.23572
-0.47888 0.23572
-0.47304 0.23572
-0.4672 0.23572
-0.46136 0.23572
-0.45552 0.23572
-0.44968 0.23572
-0.44384 0.23572
-0.438 0.23572
-0.43216 0.23572
-0.42632 0.23572
-0.42048 0.23572
-0.41464 0.23572
-0.4088 0.23572
-0.40296 0.23572
-0.39712 0.23572
-0.39128 0.23572
-0.38544 0.23572
-0.3796 0.23572
-0.37376 0.23572
-0.36792 0.23572
-0.36208 0.23572
-0.35624 0.23572
-0.3504 0.23572
-0.34456 0.23572
-0.33872 0.23572
-0.33288 0.23572
-0.32704 0.23572
-0.3212 0.23572
-0.31536 0.23572
-0.30952 0.23572
-0.30368 0.23572
-0.29784 0.23572
-0.292 0.23572
-0.28616 0.23572
-0.28032 0.23572
-0.27448 0.23572
-0.26864 0.23572
-0.2628 0.23572
-0.25696 0.23572
-0.25112 0.23572
-0.24528 0.23572
-0.23944 0.23572
-0.2336 0.23572
-0.22776 0.23572
-0.22192 0.23572
-0.21608 0.23572
-0.21024 0.23572
-0.2044 0.23572
-0.19856 0.23572
-0.19272 0.23572
-0.18688 0.23572
-0.18104 0.23572
-0.1752 0.23572
-0.16936 0.23572
-0.16352 0.23572
-0.15768 0.23572
-0.15184 0.23572
-0.146 0.23572
-0.14016 0.23572
-0.13432 0.23572
-0.12848 0.23572
-0.12264 0.23572
-0.1168 0.23572
-0.11096 0.23572
-0.10512 0.23572
-0.09928 0.23572
-0.09344 0.23572
-0.0876 0.23572
-0.08176 0.23572
-0.07592 0.23572
-0.07008 0.23572
-0.06424 0.23572
-0.0584 0.23572
-0.05256 0.23572
-0.04672 0.23572
-0.04088 0.23572
-0.03504 0.23572
-0.0292 0.23572
-0.02336 0.23572
-0.01752 0.23572
-0.01168 0.23572
-0.00584 0.23572
