-2.92 0.268803
-2.91416 0.268803
-2.90832 0.268803
-2.90248 0.268803
-2.89664 0.268803
-2.8908 0.268803
-2.88496 0.268803
-2.87912 0.268803
-2.87328 0.268803
-2.86744 0.268803
-2.8616 0.268803
-2.85576 0.268803
-2.84992 0.268803
-2.84408 0.268803
-2.83824 0.268803
-2.8324 0.268803
-2.82656 0.268803
-2.82072 0.268803
-2.81488 0.268803
-2.80904 0.268803
-2.8032 0.268803
-2.79736 0.268803
-2.79152 0.268803
-2.78568 0.268803
-2.77984 0.268803
-2.774 0.268803
-2.76816 0.268803
-2.76232 0.268803
-2.75648 0.268803
-2.75064 0.268803
-2.7448 0.268803
-2.73896 0.268803
-2.73312 0.268803
-2.72728 0.268803
-2.72144 0.268803
-2.7156 0.268803
-2.70976 0.268803
-2.70392 0.268803
-2.69808 0.268803
-2.69224 0.268803
-2.6864 0.268803
-2.68056 0.268803
-2.67472 0.268803
-2.66888 0.268803
-2.66304 0.268803
-2.6572 0.268803
-2.65136 0.268803
-2.64552 0.268803
-2.63968 0.268803
-2.63384 0.268803
-2.628 0.268803
-2.62216 0.268803
-2.61632 0.268803
-2.61048 0.268803
-2.60464 0.268803
-2.5988 0.268803
-2.59296 0.268408
-2.58712 0.267924
-2.58128 0.267395
-2.57544 0.266779
-2.5696 0.266076
-2.56376 0.265285
-2.55792 0.26445
-2.55208 0.263616
-2.54624 0.262781
-2.5404 0.261947
-2.53456 0.261111
-2.52872 0.260232
-2.52288 0.259309
-2.51704 0.258343
-2.5112 0.257332
-2.50536 0.256232
-2.49952 0.255042
-2.49368 0.253897
-2.48784 0.252751
-2.482 0.25174
-2.47616 0.250418
-2.47032 0.249096
-2.46448 0.247773
-2.45864 0.246408
-2.4528 0.244998
-2.44696 0.243546
-2.44112 0.242136
-2.43528 0.240682
-2.42944 0.239232
-2.4236 0.237778
-2.41776 0.236325
-2.41192 0.234784
-2.40608 0.233288
-2.40024 0.231747
-2.3944 0.230163
-2.38856 0.22858
-2.38272 0.226865
-2.37688 0.225194
-2.37104 0.223521
-2.3652 0.221848
-2.35936 0.220174
-2.35352 0.218545
-2.34768 0.216828
-2.34184 0.21511
-2.336 0.213305
-2.33016 0.2115
-2.32432 0.209782
-2.31848 0.207978
-2.31264 0.206172
-2.3068 0.204409
-2.30096 0.202648
-2.29512 0.200842
-2.28928 0.199078
-2.28344 0.197183
-2.2776 0.195331
-2.27176 0.193569
-2.26592 0.191807
-2.26008 0.190176
-2.25424 0.18828
-2.2484 0.186385
-2.24256 0.184489
-2.23672 0.182593
-2.23088 0.180697
-2.22504 0.178802
-2.2192 0.176906
-2.21336 0.175013
-2.20752 0.173118
-2.20168 0.171134
-2.19584 0.169194
-2.19 0.16721
-2.18416 0.165315
-2.17832 0.163374
-2.17248 0.161479
-2.16664 0.15945
-2.1608 0.157422
-2.15496 0.155481
-2.14912 0.153496
-2.14328 0.15151
-2.13744 0.149526
-2.1316 0.147584
-2.12576 0.1456
-2.11992 0.143571
-2.11408 0.141544
-2.10824 0.139515
-2.1024 0.137573
-2.09656 0.135588
-2.09072 0.133646
-2.08488 0.131705
-2.07904 0.129722
-2.0732 0.127738
-2.06736 0.125796
-2.06152 0.123767
-2.05568 0.121871
-2.04984 0.119974
-2.044 0.118254
-2.03816 0.116313
-2.03232 0.114329
-2.02648 0.112554
-2.02064 0.110947
-2.0148 0.109635
-2.00896 0.108157
-2.00312 0.106849
-1.99728 0.10554
-1.99144 0.104281
-1.9856 0.102761
-1.97976 0.101746
-1.97392 0.10167
-1.96808 0.100363
-1.96224 0.0988044
-1.9564 0.0965711
-1.95056 0.0943809
-1.94472 0.0933686
-1.93888 0.0913925
-1.93304 0.0889038
-1.9272 0.0860372
-1.92136 0.0852008
-1.91552 0.0827184
-1.90968 0.0802302
-1.90384 0.0783793
-1.898 0.0751762
-1.89216 0.0730274
-1.88632 0.0705017
-1.88048 0.0682692
-1.87464 0.0662938
-1.8688 0.0636463
-1.86296 0.0613334
-1.85712 0.0592352
-1.85128 0.0573476
-1.84544 0.0552045
-1.8396 0.0529781
-1.83376 0.0513481
-1.82792 0.0495095
-1.82208 0.0476759
-1.81624 0.0459998
-1.8104 0.044283
-1.80456 0.0427766
-1.79872 0.0411461
-1.79288 0.0395548
-1.78704 0.0379319
-1.7812 0.0366406
-1.77536 0.034596
-1.76952 0.0333093
-1.76368 0.0320244
-1.75784 0.0304875
-1.752 0.0292004
-1.74616 0.0278736
-1.74032 0.0262963
-1.73448 0.0248041
-1.72864 0.0235618
-1.7228 0.0223233
-1.71696 0.0211281
-1.71112 0.0199308
-1.70528 0.0185697
-1.69944 0.0172542
-1.6936 0.0162724
-1.68776 0.0153334
-1.68192 0.0140203
-1.67608 0.0133398
-1.67024 0.0134661
-1.6644 0.0134251
-1.65856 0.0138943
-1.65272 0.0145742
-1.64688 0.0151682
-1.64104 0.0156843
-1.6352 0.0174602
-1.62936 0.0183883
-1.62352 0.0195833
-1.61768 0.0226389
-1.61184 0.0226159
-1.606 0.0236973
-1.60016 0.0260375
-1.59432 0.0275281
-1.58848 0.0286307
-1.58264 0.0322267
-1.5768 0.0314727
-1.57096 0.0329729
-1.56512 0.0350339
-1.55928 0.0367997
-1.55344 0.0384262
-1.5476 0.0418673
-1.54176 0.0421683
-1.53592 0.0445301
-1.53008 0.0469007
-1.52424 0.0485878
-1.5184 0.0493697
-1.51256 0.0509276
-1.50672 0.0528893
-1.50088 0.053731
-1.49504 0.055848
-1.4892 0.0611517
-1.48336 0.0615522
-1.47752 0.0653115
-1.47168 0.0678217
-1.46584 0.0710832
-1.46 0.0751776
-1.45416 0.0776353
-1.44832 0.0799486
-1.44248 0.0844291
-1.43664 0.0848426
-1.4308 0.087391
-1.42496 0.0880371
-1.41912 0.0948444
-1.41328 0.0951808
-1.40744 0.0979852
-1.4016 0.100036
-1.39576 0.104191
-1.38992 0.105658
-1.38408 0.109095
-1.37824 0.109724
-1.3724 0.112069
-1.36656 0.116428
-1.36072 0.11539
-1.35488 0.118795
-1.34904 0.119878
-1.3432 0.123188
-1.33736 0.125256
-1.33152 0.126165
-1.32568 0.130126
-1.31984 0.132568
-1.314 0.132999
-1.30816 0.138596
-1.30232 0.136891
-1.29648 0.140543
-1.29064 0.142401
-1.2848 0.144886
-1.27896 0.146851
-1.27312 0.150215
-1.26728 0.156146
-1.26144 0.158958
-1.2556 0.161996
-1.24976 0.163552
-1.24392 0.16843
-1.23808 0.172981
-1.23224 0.173219
-1.2264 0.177955
-1.22056 0.18036
-1.21472 0.183334
-1.20888 0.184981
-1.20304 0.18583
-1.1972 0.189635
-1.19136 0.193627
-1.18552 0.194735
-1.17968 0.199158
-1.17384 0.199671
-1.168 0.201519
-1.16216 0.206753
-1.15632 0.207391
-1.15048 0.210154
-1.14464 0.2126
-1.1388 0.211775
-1.13296 0.212064
-1.12712 0.215056
-1.12128 0.218643
-1.11544 0.220965
-1.1096 0.224448
-1.10376 0.224414
-1.09792 0.228659
-1.09208 0.231876
-1.08624 0.233347
-1.0804 0.233078
-1.07456 0.235654
-1.06872 0.236553
-1.06288 0.239916
-1.05704 0.241809
-1.0512 0.248312
-1.04536 0.249459
-1.03952 0.253313
-1.03368 0.255475
-1.02784 0.258802
-1.022 0.262581
-1.01616 0.264725
-1.01032 0.266682
-1.00448 0.27151
-0.99864 0.271094
-0.9928 0.274158
-0.98696 0.274659
-0.98112 0.280045
-0.97528 0.280262
-0.96944 0.282541
-0.9636 0.28485
-0.95776 0.288386
-0.95192 0.290706
-0.94608 0.292728
-0.94024 0.293486
-0.9344 0.295587
-0.92856 0.29777
-0.92272 0.296525
-0.91688 0.298508
-0.91104 0.300103
-0.9052 0.302449
-0.89936 0.303715
-0.89352 0.305301
-0.88768 0.306979
-0.88184 0.309166
-0.876 0.307924
-0.87016 0.311912
-0.86432 0.310039
-0.85848 0.311373
-0.85264 0.312142
-0.8468 0.314107
-0.84096 0.314594
-0.83512 0.316948
-0.82928 0.321135
-0.82344 0.322436
-0.8176 0.324861
-0.81176 0.325232
-0.80592 0.328664
-0.80008 0.330815
-0.79424 0.331257
-0.7884 0.333523
-0.78256 0.334774
-0.77672 0.336691
-0.77088 0.337474
-0.76504 0.33848
-0.7592 0.340057
-0.75336 0.342089
-0.74752 0.341833
-0.74168 0.344345
-0.73584 0.345581
-0.73 0.346362
-0.72416 0.347818
-0.71832 0.3491
-0.71248 0.349829
-0.70664 0.351231
-0.7008 0.349999
-0.69496 0.350891
-0.68912 0.352497
-0.68328 0.353301
-0.67744 0.354192
-0.6716 0.355459
-0.66576 0.356759
-0.65992 0.358062
-0.65408 0.360024
-0.64824 0.361203
-0.6424 0.360581
-0.63656 0.361625
-0.63072 0.362668
-0.62488 0.363664
-0.61904 0.364613
-0.6132 0.366357
-0.60736 0.366717
-0.60152 0.366817
-0.59568 0.366817
-0.58984 0.366817
-0.584 0.366817
-0.57816 0.366817
-0.57232 0.366817
-0.56648 0.366817
-0.56064 0.366817
-0.5548 0.366817
-0.54896 0.366817
-0.54312 0.366817
-0.53728 0.366817
-0.53144 0.366817
-0.5256 0.366817
-0.51976 0.366817
-0.51392 0.366817
-0.50808 0.366817
-0.50224 0.366817
-0.4964 0.366817
-0.49056 0.366817
-0.48472 0.366817
-0.47888 0.366817
-0.47304 0.366817
-0.4672 0.366817
-0.46136 0.366817
-0.45552 0.366817
-0.44968 0.366817
-0.44384 0.366817
-0.438 0.366817
-0.43216 0.366817
-0.42632 0.366817
-0.42048 0.366817
-0.41464 0.366817
-0.4088 0.366817
-0.40296 0.366817
-0.39712 0.366817
-0.39128 0.366817
-0.38544 0.366817
-0.3796 0.366817
-0.37376 0.366817
-0.36792 0.366817
-0.36208 0.366817
-0.35624 0.366817
-0.3504 0.366817
-0.34456 0.366817
-0.33872 0.366817
-0.33288 0.366817
-0.32704 0.366817
-0.3212 0.366817
-0.31536 0.366817
-0.30952 0.366817
-0.30368 0.366817
-0.29784 0.366817
-0.292 0.366817
-0.28616 0.366817
-0.28032 0.366817
-0.27448 0.366817
-0.26864 0.366817
-0.2628 0.366817
-0.25696 0.366817
-0.25112 0.366817
-0.24528 0.366817
-0.23944 0.366817
-0.2336 0.366817
-0.22776 0.366817
-0.22192 0.366817
-0.21608 0.366817
-0.21024 0.366817
-0.2044 0.366817
-0.19856 0.366817
-0.19272 0.366817
-0.18688 0.366817
-0.18104 0.366817
-0.1752 0.366817
-0.16936 0.366817
-0.16352 0.366817
-0.15768 0.366817
-0.15184 0.366817
-0.146 0.366817
-0.14016 0.366817
-0.13432 0.366817
-0.12848 0.366817
-0.12264 0.366817
-0.1168 0.366817
-0.11096 0.366817
-0.10512 0.366817
-0.09928 0.366817
-0.09344 0.366817
-0.0876 0.366817
-0.08176 0.366817
-0.07592 0.366817
-0.07008 0.366817
-0.06424 0.366817
-0.0584 0.366817
-0.05256 0.366817
-0.04672 0.366817
-0.04088 0.366817
-0.03504 0.366817
-0.0292 0.366817
-0.02336 0.366817
-0.01752 0.366817
-0.01168 0.366817
-0.00584 0.366817
