-2.92 0.100464
-2.91416 0.100464
-2.90832 0.100464
-2.90248 0.100464
-2.89664 0.100464
-2.8908 0.100464
-2.88496 0.100464
-2.87912 0.100464
-2.87328 0.100464
-2.86744 0.100464
-2.8616 0.100464
-2.85576 0.100464
-2.84992 0.100464
-2.84408 0.100464
-2.83824 0.100464
-2.8324 0.100464
-2.82656 0.100464
-2.82072 0.100464
-2.81488 0.100464
-2.80904 0.100464
-2.8032 0.100464
-2.79736 0.100464
-2.79152 0.100464
-2.78568 0.100464
-2.77984 0.100464
-2.774 0.100464
-2.76816 0.100464
-2.76232 0.100464
-2.75648 0.100464
-2.75064 0.100464
-2.7448 0.100464
-2.73896 0.100464
-2.73312 0.100464
-2.72728 0.100464
-2.72144 0.100464
-2.7156 0.100464
-2.70976 0.100464
-2.70392 0.100464
-2.69808 0.100464
-2.69224 0.100464
-2.6864 0.100464
-2.68056 0.100464
-2.67472 0.100464
-2.66888 0.100464
-2.66304 0.100464
-2.6572 0.100464
-2.65136 0.100464
-2.64552 0.100464
-2.63968 0.100464
-2.63384 0.100464
-2.628 0.100464
-2.62216 0.100464
-2.61632 0.100464
-2.61048 0.100464
-2.60464 0.100464
-2.5988 0.100464
-2.59296 0.100417
-2.58712 0.10037
-2.58128 0.100279
-2.57544 0.100144
-2.5696 0.0999659
-2.56376 0.0997876
-2.55792 0.0995658
-2.55208 0.099344
-2.54624 0.0990776
-2.5404 0.0987678
-2.53456 0.0984145
-2.52872 0.0980611
-2.52288 0.0977078
-2.51704 0.097398
-2.5112 0.0971327
-2.50536 0.0967783
-2.49952 0.0964239
-2.49368 0.0960694
-2.48784 0.0956727
-2.482 0.0952781
-2.47616 0.0947932
-2.47032 0.0943084
-2.46448 0.0938235
-2.45864 0.0933387
-2.4528 0.0928539
-2.44696 0.0923255
-2.44112 0.0917972
-2.43528 0.0912254
-2.42944 0.0906536
-2.4236 0.0900819
-2.41776 0.0895101
-2.41192 0.0888943
-2.40608 0.0882786
-2.40024 0.0876618
-2.3944 0.087045
-2.38856 0.0864281
-2.38272 0.0858113
-2.37688 0.0851945
-2.37104 0.0845331
-2.3652 0.0839167
-2.35936 0.0832553
-2.35352 0.0826374
-2.34768 0.0820194
-2.34184 0.081358
-2.336 0.0806966
-2.33016 0.0800787
-2.32432 0.0794607
-2.31848 0.0787993
-2.31264 0.0781816
-2.3068 0.0775192
-2.30096 0.0769004
-2.29512 0.0763261
-2.28928 0.0757072
-2.28344 0.0750448
-2.2776 0.074426
-2.27176 0.0738071
-2.26592 0.0731459
-2.26008 0.072487
-2.25424 0.0717813
-2.2484 0.0710321
-2.24256 0.070283
-2.23672 0.0694904
-2.23088 0.0686978
-2.22504 0.0679052
-2.2192 0.0671126
-2.21336 0.06632
-2.20752 0.0655274
-2.20168 0.0647348
-2.19584 0.0639856
-2.19 0.063193
-2.18416 0.0624004
-2.17832 0.0616078
-2.17248 0.0608152
-2.16664 0.0600226
-2.1608 0.0592746
-2.15496 0.058482
-2.14912 0.0576905
-2.14328 0.0569418
-2.13744 0.0561492
-2.1316 0.055401
-2.12576 0.0546519
-2.11992 0.0538158
-2.11408 0.0530232
-2.10824 0.0521872
-2.1024 0.0513946
-2.09656 0.0506031
-2.09072 0.049767
-2.08488 0.0489309
-2.07904 0.0481383
-2.0732 0.0474337
-2.06736 0.0466845
-2.06152 0.0459353
-2.05568 0.0451862
-2.04984 0.0444382
-2.044 0.0436924
-2.03816 0.0428998
-2.03232 0.0421072
-2.02648 0.0413146
-2.02064 0.040522
-2.0148 0.0397294
-2.00896 0.0389368
-2.00312 0.0381442
-1.99728 0.0373515
-1.99144 0.0365589
-1.9856 0.0357663
-1.97976 0.0350172
-1.97392 0.0342246
-1.96808 0.0337293
-1.96224 0.0334887
-1.9564 0.032866
-1.95056 0.0323707
-1.94472 0.0318329
-1.93888 0.0308311
-1.93304 0.0301244
-1.9272 0.029123
-1.92136 0.0281625
-1.91552 0.0270765
-1.90968 0.0265426
-1.90384 0.0257103
-1.898 0.0248355
-1.89216 0.0241743
-1.88632 0.0235555
-1.88048 0.0229364
-1.87464 0.0222753
-1.8688 0.021613
-1.86296 0.0209951
-1.85712 0.0204639
-1.85128 0.0198038
-1.84544 0.0191424
-1.8396 0.0185667
-1.83376 0.017991
-1.82792 0.0173319
-1.82208 0.016675
-1.81624 0.0160136
-1.8104 0.0154391
-1.80456 0.01478
-1.79872 0.0142054
-1.79288 0.0135886
-1.78704 0.013014
-1.7812 0.0124406
-1.77536 0.0118266
-1.76952 0.0112547
-1.76368 0.0107252
-1.75784 0.0101112
-1.752 0.00958283
-1.74616 0.00901225
-1.74032 0.00848391
-1.73448 0.00799909
-1.72864 0.00768326
-1.7228 0.0071562
-1.71696 0.00679815
-1.71112 0.00631451
-1.70528 0.00578868
-1.69944 0.00530503
-1.6936 0.00503386
-1.68776 0.00467827
-1.68192 0.00432487
-1.67608 0.00392945
-1.67024 0.00408366
-1.6644 0.00428022
-1.65856 0.00532357
-1.65272 0.00666105
-1.64688 0.0078773
-1.64104 0.00960317
-1.6352 0.0104398
-1.62936 0.012884
-1.62352 0.0150745
-1.61768 0.01655
-1.61184 0.0162487
-1.606 0.0173084
-1.60016 0.0180261
-1.59432 0.0176506
-1.58848 0.0185011
-1.58264 0.0177075
-1.5768 0.0183895
-1.57096 0.0197131
-1.56512 0.0204051
-1.55928 0.021011
-1.55344 0.0209854
-1.5476 0.0228175
-1.54176 0.0232957
-1.53592 0.025087
-1.53008 0.0255923
-1.52424 0.0245231
-1.5184 0.025932
-1.51256 0.0271316
-1.50672 0.0273615
-1.50088 0.0280589
-1.49504 0.0303597
-1.4892 0.0309254
-1.48336 0.0327243
-1.47752 0.0329587
-1.47168 0.0344991
-1.46584 0.0342258
-1.46 0.0357664
-1.45416 0.0371907
-1.44832 0.0375545
-1.44248 0.0388061
-1.43664 0.0396278
-1.4308 0.0412205
-1.42496 0.0415788
-1.41912 0.0422806
-1.41328 0.0445933
-1.40744 0.0462699
-1.4016 0.0459499
-1.39576 0.0458536
-1.38992 0.0472763
-1.38408 0.0473501
-1.37824 0.0481428
-1.3724 0.0494795
-1.36656 0.0501067
-1.36072 0.0512748
-1.35488 0.0532927
-1.34904 0.0540395
-1.3432 0.0541148
-1.33736 0.0558402
-1.33152 0.0560336
-1.32568 0.060129
-1.31984 0.0604149
-1.314 0.0597796
-1.30816 0.0622573
-1.30232 0.0614624
-1.29648 0.061154
-1.29064 0.0638558
-1.2848 0.0649956
-1.27896 0.0686968
-1.27312 0.0690293
-1.26728 0.0698252
-1.26144 0.0713864
-1.2556 0.0726452
-1.24976 0.0735335
-1.24392 0.0760634
-1.23808 0.0765269
-1.23224 0.07686
-1.2264 0.0775743
-1.22056 0.0804415
-1.21472 0.0812416
-1.20888 0.0818692
-1.20304 0.0849142
-1.1972 0.0841496
-1.19136 0.0862993
-1.18552 0.0881993
-1.17968 0.0894558
-1.17384 0.0896248
-1.168 0.0911835
-1.16216 0.0904275
-1.15632 0.0913542
-1.15048 0.0931266
-1.14464 0.092235
-1.1388 0.0942139
-1.13296 0.0961996
-1.12712 0.0978888
-1.12128 0.0983934
-1.11544 0.0988065
-1.1096 0.10206
-1.10376 0.102986
-1.09792 0.104841
-1.09208 0.106064
-1.08624 0.104518
-1.0804 0.106162
-1.07456 0.10742
-1.06872 0.108218
-1.06288 0.109613
-1.05704 0.112648
-1.0512 0.113318
-1.04536 0.115082
-1.03952 0.115802
-1.03368 0.117779
-1.02784 0.117478
-1.022 0.118611
-1.01616 0.121068
-1.01032 0.12077
-1.00448 0.122539
-0.99864 0.123245
-0.9928 0.124852
-0.98696 0.125222
-0.98112 0.126188
-0.97528 0.12902
-0.96944 0.129777
-0.9636 0.129559
-0.95776 0.130105
-0.95192 0.131837
-0.94608 0.130784
-0.94024 0.13196
-0.9344 0.132461
-0.92856 0.13339
-0.92272 0.133846
-0.91688 0.136162
-0.91104 0.13725
-0.9052 0.136147
-0.89936 0.137748
-0.89352 0.138161
-0.88768 0.141745
-0.88184 0.141905
-0.876 0.140802
-0.87016 0.143578
-0.86432 0.14257
-0.85848 0.142389
-0.85264 0.143186
-0.8468 0.143303
-0.84096 0.146278
-0.83512 0.146353
-0.82928 0.146214
-0.82344 0.147555
-0.8176 0.148007
-0.81176 0.148289
-0.80592 0.148444
-0.80008 0.1494
-0.79424 0.14989
-0.7884 0.149998
-0.78256 0.151374
-0.77672 0.151403
-0.77088 0.151974
-0.76504 0.152807
-0.7592 0.152703
-0.75336 0.153488
-0.74752 0.153894
-0.74168 0.154545
-0.73584 0.154531
-0.73 0.155653
-0.72416 0.154452
-0.71832 0.155023
-0.71248 0.155595
-0.70664 0.156041
-0.7008 0.156352
-0.69496 0.157136
-0.68912 0.157533
-0.68328 0.158016
-0.67744 0.158667
-0.6716 0.159275
-0.66576 0.16005
-0.65992 0.160486
-0.65408 0.161539
-0.64824 0.1611
-0.6424 0.161709
-0.63656 0.162314
-0.63072 0.162875
-0.62488 0.163306
-0.61904 0.164071
-0.6132 0.164373
-0.60736 0.164464
-0.60152 0.164427
-0.59568 0.164427
-0.58984 0.164427
-0.584 0.164427
-0.57816 0.164427
-0.57232 0.164427
-0.56648 0.164427
-0.56064 0.164427
-0.5548 0.164427
-0.54896 0.164427
-0.54312 0.164427
-0.53728 0.164427
-0.53144 0.164427
-0.5256 0.164427
-0.51976 0.164427
-0.51392 0.164427
-0.50808 0.164427
-0.50224 0.164427
-0.4964 0.164427
-0.49056 0.164427
-0.48472 0.164427
-0.47888 0.164427
-0.47304 0.164427
-0.4672 0.164427
-0.46136 0.164427
-0.45552 0.164427
-0.44968 0.164427
-0.44384 0.164427
-0.438 0.164427
-0.43216 0.164427
-0.42632 0.164427
-0.42048 0.164427
-0.41464 0.164427
-0.4088 0.164427
-0.40296 0.164427
-0.39712 0.164427
-0.39128 0.164427
-0.38544 0.164427
-0.3796 0.164427
-0.37376 0.164427
-0.36792 0.164427
-0.36208 0.164427
-0.35624 0.164427
-0.3504 0.164427
-0.34456 0.164427
-0.33872 0.164427
-0.33288 0.164427
-0.32704 0.164427
-0.3212 0.164427
-0.31536 0.164427
-0.30952 0.164427
-0.30368 0.164427
-0.29784 0.164427
-0.292 0.164427
-0.28616 0.164427
-0.28032 0.164427
-0.27448 0.164427
-0.26864 0.164427
-0.2628 0.164427
-0.25696 0.164427
-0.25112 0.164427
-0.24528 0.164427
-0.23944 0.164427
-0.2336 0.164427
-0.22776 0.164427
-0.22192 0.164427
-0.21608 0.164427
-0.21024 0.164427
-0.2044 0.164427
-0.19856 0.164427
-0.19272 0.164427
-0.18688 0.164427
-0.18104 0.164427
-0.1752 0.164427
-0.16936 0.164427
-0.16352 0.164427
-0.15768 0.164427
-0.15184 0.164427
-0.146 0.164427
-0.14016 0.164427
-0.13432 0.164427
-0.12848 0.164427
-0.12264 0.164427
-0.1168 0.164427
-0.11096 0.164427
-0.10512 0.164427
-0.09928 0.164427
-0.09344 0.164427
-0.0876 0.164427
-0.08176 0.164427
-0.07592 0.164427
-0.07008 0.164427
-0.06424 0.164427
-0.0584 0.164427
-0.05256 0.164427
-0.04672 0.164427
-0.04088 0.164427
-0.03504 0.164427
-0.0292 0.164427
-0.02336 0.164427
-0.01752 0.164427
-0.01168 0.164427
-0.00584 0.164427
