-2.92 0.14034
-2.91416 0.14034
-2.90832 0.14034
-2.90248 0.14034
-2.89664 0.14034
-2.8908 0.14034
-2.88496 0.14034
-2.87912 0.14034
-2.87328 0.14034
-2.86744 0.14034
-2.8616 0.14034
-2.85576 0.14034
-2.84992 0.14034
-2.84408 0.14034
-2.83824 0.14034
-2.8324 0.14034
-2.82656 0.14034
-2.82072 0.14034
-2.81488 0.14034
-2.80904 0.14034
-2.8032 0.14034
-2.79736 0.14034
-2.79152 0.14034
-2.78568 0.14034
-2.77984 0.14034
-2.774 0.14034
-2.76816 0.14034
-2.76232 0.14034
-2.75648 0.14034
-2.75064 0.14034
-2.7448 0.14034
-2.73896 0.14034
-2.73312 0.14034
-2.72728 0.14034
-2.72144 0.14034
-2.7156 0.14034
-2.70976 0.14034
-2.70392 0.14034
-2.69808 0.14034
-2.69224 0.14034
-2.6864 0.14034
-2.68056 0.14034
-2.67472 0.14034
-2.66888 0.14034
-2.66304 0.14034
-2.6572 0.14034
-2.65136 0.14034
-2.64552 0.14034
-2.63968 0.14034
-2.63384 0.14034
-2.628 0.14034
-2.62216 0.14034
-2.61632 0.14034
-2.61048 0.14034
-2.60464 0.14034
-2.5988 0.14034
-2.59296 0.140162
-2.58712 0.13981
-2.58128 0.139371
-2.57544 0.138888
-2.5696 0.138404
-2.56376 0.137921
-2.55792 0.137436
-2.55208 0.136908
-2.54624 0.136335
-2.5404 0.135719
-2.53456 0.135102
-2.52872 0.134485
-2.52288 0.133868
-2.51704 0.133208
-2.5112 0.132591
-2.50536 0.131928
-2.49952 0.131222
-2.49368 0.130603
-2.48784 0.130029
-2.482 0.129588
-2.47616 0.128881
-2.47032 0.128132
-2.46448 0.127382
-2.45864 0.126632
-2.4528 0.125883
-2.44696 0.125133
-2.44112 0.12434
-2.43528 0.123547
-2.42944 0.122754
-2.4236 0.12196
-2.41776 0.121167
-2.41192 0.12033
-2.40608 0.119535
-2.40024 0.118698
-2.3944 0.11786
-2.38856 0.117022
-2.38272 0.116141
-2.37688 0.11526
-2.37104 0.114335
-2.3652 0.113456
-2.35936 0.112531
-2.35352 0.111606
-2.34768 0.110682
-2.34184 0.109757
-2.336 0.108832
-2.33016 0.107862
-2.32432 0.106893
-2.31848 0.105924
-2.31264 0.104956
-2.3068 0.104075
-2.30096 0.103107
-2.29512 0.102226
-2.28928 0.1013
-2.28344 0.100331
-2.2776 0.0994063
-2.27176 0.0985241
-2.26592 0.097731
-2.26008 0.0969391
-2.25424 0.0959699
-2.2484 0.0950008
-2.24256 0.0940317
-2.23672 0.0930625
-2.23088 0.0920934
-2.22504 0.0911676
-2.2192 0.0901985
-2.21336 0.0892294
-2.20752 0.0882602
-2.20168 0.0872911
-2.19584 0.086322
-2.19 0.0853528
-2.18416 0.0844271
-2.17832 0.0834579
-2.17248 0.0825334
-2.16664 0.0815642
-2.1608 0.0806386
-2.15496 0.0796694
-2.14912 0.0787003
-2.14328 0.0777758
-2.13744 0.0768066
-2.1316 0.0758375
-2.12576 0.0748683
-2.11992 0.0738557
-2.11408 0.0728866
-2.10824 0.071874
-2.1024 0.0708614
-2.09656 0.0698499
-2.09072 0.0688818
-2.08488 0.0679127
-2.07904 0.066901
-2.0732 0.0659764
-2.06736 0.0650073
-2.06152 0.0640381
-2.05568 0.063157
-2.04984 0.0623193
-2.044 0.0616154
-2.03816 0.0606463
-2.03232 0.0596771
-2.02648 0.058708
-2.02064 0.0577389
-2.0148 0.0567697
-2.00896 0.055844
-2.00312 0.0548748
-1.99728 0.0539057
-1.99144 0.0529366
-1.9856 0.0519674
-1.97976 0.0509983
-1.97392 0.0500292
-1.96808 0.0494017
-1.96224 0.0487288
-1.9564 0.0480569
-1.95056 0.0479403
-1.94472 0.0470975
-1.93888 0.0457047
-1.93304 0.0447366
-1.9272 0.0433439
-1.92136 0.0423747
-1.91552 0.0412357
-1.90968 0.0403513
-1.90384 0.0391276
-1.898 0.0379895
-1.89216 0.0368506
-1.88632 0.0361787
-1.88048 0.0351246
-1.87464 0.0345385
-1.8688 0.0332755
-1.86296 0.0324777
-1.85712 0.031596
-1.85128 0.0309684
-1.84544 0.0300864
-1.8396 0.0292914
-1.83376 0.0283674
-1.82792 0.0276615
-1.82208 0.0266595
-1.81624 0.0264175
-1.8104 0.0251109
-1.80456 0.0243951
-1.79872 0.0239866
-1.79288 0.0226797
-1.78704 0.0218421
-1.7812 0.0212592
-1.77536 0.0203398
-1.76952 0.0195029
-1.76368 0.0193045
-1.75784 0.0180866
-1.752 0.017594
-1.74616 0.0165016
-1.74032 0.0159639
-1.73448 0.0152983
-1.72864 0.0141675
-1.7228 0.0136722
-1.71696 0.0130488
-1.71112 0.0121762
-1.70528 0.0114668
-1.69944 0.0116107
-1.6936 0.0100148
-1.68776 0.00973311
-1.68192 0.00962055
-1.67608 0.00849056
-1.67024 0.00855181
-1.6644 0.00852686
-1.65856 0.00926067
-1.65272 0.0103389
-1.64688 0.0112893
-1.64104 0.0127548
-1.6352 0.014849
-1.62936 0.0159329
-1.62352 0.0157838
-1.61768 0.0172515
-1.61184 0.0177479
-1.606 0.0191832
-1.60016 0.0188387
-1.59432 0.0191782
-1.58848 0.0188945
-1.58264 0.0202966
-1.5768 0.0203102
-1.57096 0.0212493
-1.56512 0.0228747
-1.55928 0.0222531
-1.55344 0.022906
-1.5476 0.026355
-1.54176 0.0255265
-1.53592 0.0271092
-1.53008 0.0276557
-1.52424 0.0275174
-1.5184 0.0282573
-1.51256 0.0278557
-1.50672 0.0305859
-1.50088 0.0310742
-1.49504 0.0349839
-1.4892 0.0355963
-1.48336 0.0354899
-1.47752 0.0380146
-1.47168 0.0373976
-1.46584 0.0390775
-1.46 0.0404999
-1.45416 0.0399752
-1.44832 0.0418205
-1.44248 0.0425674
-1.43664 0.0445819
-1.4308 0.0449491
-1.42496 0.0477246
-1.41912 0.0477109
-1.41328 0.0487127
-1.40744 0.0498839
-1.4016 0.0516501
-1.39576 0.0527351
-1.38992 0.0536029
-1.38408 0.053651
-1.37824 0.0548215
-1.3724 0.0560343
-1.36656 0.057672
-1.36072 0.0588926
-1.35488 0.0580412
-1.34904 0.0608952
-1.3432 0.0629934
-1.33736 0.0631617
-1.33152 0.0654354
-1.32568 0.0685148
-1.31984 0.0683817
-1.314 0.0687212
-1.30816 0.0692475
-1.30232 0.0694682
-1.29648 0.0712324
-1.29064 0.0723259
-1.2848 0.0741511
-1.27896 0.0751908
-1.27312 0.0778529
-1.26728 0.0790629
-1.26144 0.0802097
-1.2556 0.0825722
-1.24976 0.084299
-1.24392 0.0848451
-1.23808 0.0860645
-1.23224 0.0873765
-1.2264 0.0878833
-1.22056 0.0892677
-1.21472 0.0921911
-1.20888 0.0938704
-1.20304 0.0934951
-1.1972 0.0957669
-1.19136 0.0975459
-1.18552 0.0976271
-1.17968 0.0993613
-1.17384 0.100792
-1.168 0.10197
-1.16216 0.101734
-1.15632 0.1035
-1.15048 0.104009
-1.14464 0.104981
-1.1388 0.106461
-1.13296 0.107678
-1.12712 0.109803
-1.12128 0.110176
-1.11544 0.111239
-1.1096 0.115768
-1.10376 0.115972
-1.09792 0.117662
-1.09208 0.118296
-1.08624 0.118351
-1.0804 0.118891
-1.07456 0.119448
-1.06872 0.120966
-1.06288 0.122696
-1.05704 0.127295
-1.0512 0.127802
-1.04536 0.12847
-1.03952 0.130926
-1.03368 0.130197
-1.02784 0.132274
-1.022 0.133665
-1.01616 0.133534
-1.01032 0.135394
-1.00448 0.135816
-0.99864 0.137673
-0.9928 0.138087
-0.98696 0.140794
-0.98112 0.140194
-0.97528 0.141248
-0.96944 0.142345
-0.9636 0.143866
-0.95776 0.145043
-0.95192 0.145623
-0.94608 0.14496
-0.94024 0.146013
-0.9344 0.147485
-0.92856 0.148202
-0.92272 0.149889
-0.91688 0.14925
-0.91104 0.151187
-0.9052 0.152745
-0.89936 0.152403
-0.89352 0.154302
-0.88768 0.156241
-0.88184 0.156231
-0.876 0.155681
-0.87016 0.158709
-0.86432 0.157235
-0.85848 0.158491
-0.85264 0.159495
-0.8468 0.159955
-0.84096 0.161246
-0.83512 0.163183
-0.82928 0.163757
-0.82344 0.163662
-0.8176 0.164539
-0.81176 0.166046
-0.80592 0.165863
-0.80008 0.167459
-0.79424 0.167954
-0.7884 0.168494
-0.78256 0.168479
-0.77672 0.169778
-0.77088 0.170987
-0.76504 0.170936
-0.7592 0.171801
-0.75336 0.172718
-0.74752 0.173044
-0.74168 0.17345
-0.73584 0.174701
-0.73 0.175276
-0.72416 0.174506
-0.71832 0.174948
-0.71248 0.175568
-0.70664 0.17631
-0.7008 0.176588
-0.69496 0.177451
-0.68912 0.178067
-0.68328 0.178682
-0.67744 0.179468
-0.6716 0.180251
-0.66576 0.181071
-0.65992 0.181725
-0.65408 0.182607
-0.64824 0.182423
-0.6424 0.183075
-0.63656 0.183641
-0.63072 0.184162
-0.62488 0.184553
-0.61904 0.185487
-0.6132 0.185749
-0.60736 0.185966
-0.60152 0.18593
-0.59568 0.18593
-0.58984 0.18593
-0.584 0.18593
-0.57816 0.18593
-0.57232 0.18593
-0.56648 0.18593
-0.56064 0.18593
-0.5548 0.18593
-0.54896 0.18593
-0.54312 0.18593
-0.53728 0.18593
-0.53144 0.18593
-0.5256 0.18593
-0.51976 0.18593
-0.51392 0.18593
-0.50808 0.18593
-0.50224 0.18593
-0.4964 0.18593
-0.49056 0.18593
-0.48472 0.18593
-0.47888 0.18593
-0.47304 0.18593
-0.4672 0.18593
-0.46136 0.18593
-0.45552 0.18593
-0.44968 0.18593
-0.44384 0.18593
-0.438 0.18593
-0.43216 0.18593
-0.42632 0.18593
-0.42048 0.18593
-0.41464 0.18593
-0.4088 0.18593
-0.40296 0.18593
-0.39712 0.18593
-0.39128 0.18593
-0.38544 0.18593
-0.3796 0.18593
-0.37376 0.18593
-0.36792 0.18593
-0.36208 0.18593
-0.35624 0.18593
-0.3504 0.18593
-0.34456 0.18593
-0.33872 0.18593
-0.33288 0.18593
-0.32704 0.18593
-0.3212 0.18593
-0.31536 0.18593
-0.30952 0.18593
-0.30368 0.18593
-0.29784 0.18593
-0.292 0.18593
-0.28616 0.18593
-0.28032 0.18593
-0.27448 0.18593
-0.26864 0.18593
-0.2628 0.18593
-0.25696 0.18593
-0.25112 0.18593
-0.24528 0.18593
-0.23944 0.18593
-0.2336 0.18593
-0.22776 0.18593
-0.22192 0.18593
-0.21608 0.18593
-0.21024 0.18593
-0.2044 0.18593
-0.19856 0.18593
-0.19272 0.18593
-0.18688 0.18593
-0.18104 0.18593
-0.1752 0.18593
-0.16936 0.18593
-0.16352 0.18593
-0.15768 0.18593
-0.15184 0.18593
-0.146 0.18593
-0.14016 0.18593
-0.13432 0.18593
-0.12848 0.18593
-0.12264 0.18593
-0.1168 0.18593
-0.11096 0.18593
-0.10512 0.18593
-0.09928 0.18593
-0.09344 0.18593
-0.0876 0.18593
-0.08176 0.18593
-0.07592 0.18593
-0.07008 0.18593
-0.06424 0.18593
-0.0584 0.18593
-0.05256 0.18593
-0.04672 0.18593
-0.04088 0.18593
-0.03504 0.18593
-0.0292 0.18593
-0.02336 0.18593
-0.01752 0.18593
-0.01168 0.18593
-0.00584 0.18593
