-2.92 0.194311
-2.91416 0.194311
-2.90832 0.194311
-2.90248 0.194311
-2.89664 0.194311
-2.8908 0.194311
-2.88496 0.194311
-2.87912 0.194311
-2.87328 0.194311
-2.86744 0.194311
-2.8616 0.194311
-2.85576 0.194311
-2.84992 0.194311
-2.84408 0.194311
-2.83824 0.194311
-2.8324 0.194311
-2.82656 0.194311
-2.82072 0.194311
-2.81488 0.194311
-2.80904 0.194311
-2.8032 0.194311
-2.79736 0.194311
-2.79152 0.194311
-2.78568 0.194311
-2.77984 0.194311
-2.774 0.194311
-2.76816 0.194311
-2.76232 0.194311
-2.75648 0.194311
-2.75064 0.194311
-2.7448 0.194311
-2.73896 0.194311
-2.73312 0.194311
-2.72728 0.194311
-2.72144 0.194311
-2.7156 0.194311
-2.70976 0.194311
-2.70392 0.194311
-2.69808 0.194311
-2.69224 0.194311
-2.6864 0.194311
-2.68056 0.194311
-2.67472 0.194311
-2.66888 0.194311
-2.66304 0.194311
-2.6572 0.194311
-2.65136 0.194311
-2.64552 0.194311
-2.63968 0.194311
-2.63384 0.194311
-2.628 0.194311
-2.62216 0.194311
-2.61632 0.194311
-2.61048 0.194311
-2.60464 0.194311
-2.5988 0.194311
-2.59296 0.194135
-2.58712 0.19387
-2.58128 0.193605
-2.57544 0.193294
-2.5696 0.192939
-2.56376 0.192539
-2.55792 0.192139
-2.55208 0.191694
-2.54624 0.191162
-2.5404 0.190585
-2.53456 0.189963
-2.52872 0.189298
-2.52288 0.188677
-2.51704 0.187967
-2.5112 0.187302
-2.50536 0.186549
-2.49952 0.185796
-2.49368 0.185043
-2.48784 0.184203
-2.482 0.183538
-2.47616 0.182652
-2.47032 0.181723
-2.46448 0.180794
-2.45864 0.17982
-2.4528 0.178803
-2.44696 0.177785
-2.44112 0.176767
-2.43528 0.175705
-2.42944 0.174643
-2.4236 0.173581
-2.41776 0.17252
-2.41192 0.171414
-2.40608 0.170265
-2.40024 0.169115
-2.3944 0.167965
-2.38856 0.166771
-2.38272 0.165576
-2.37688 0.164426
-2.37104 0.163189
-2.3652 0.162039
-2.35936 0.160801
-2.35352 0.159606
-2.34768 0.158412
-2.34184 0.157174
-2.336 0.155935
-2.33016 0.154653
-2.32432 0.153458
-2.31848 0.152219
-2.31264 0.150936
-2.3068 0.149655
-2.30096 0.148328
-2.29512 0.147002
-2.28928 0.145631
-2.28344 0.144261
-2.2776 0.142934
-2.27176 0.141608
-2.26592 0.140195
-2.26008 0.138913
-2.25424 0.137453
-2.2484 0.13595
-2.24256 0.134447
-2.23672 0.132944
-2.23088 0.131441
-2.22504 0.129938
-2.2192 0.128435
-2.21336 0.126932
-2.20752 0.125429
-2.20168 0.123926
-2.19584 0.122511
-2.19 0.121008
-2.18416 0.119549
-2.17832 0.118091
-2.17248 0.116632
-2.16664 0.115129
-2.1608 0.11367
-2.15496 0.112168
-2.14912 0.110666
-2.14328 0.109163
-2.13744 0.107616
-2.1316 0.106113
-2.12576 0.10461
-2.11992 0.103108
-2.11408 0.101605
-2.10824 0.100102
-2.1024 0.0986004
-2.09656 0.0971419
-2.09072 0.0956399
-2.08488 0.0941814
-2.07904 0.0926795
-2.0732 0.0912221
-2.06736 0.0897201
-2.06152 0.0882182
-2.05568 0.0868042
-2.04984 0.0853033
-2.044 0.0839774
-2.03816 0.0824309
-2.03232 0.0808844
-2.02648 0.0793814
-2.02064 0.0778783
-2.0148 0.0763763
-2.00896 0.0748743
-2.00312 0.0733702
-1.99728 0.0718692
-1.99144 0.0703672
-1.9856 0.0688662
-1.97976 0.0674037
-1.97392 0.0659441
-1.96808 0.0647813
-1.96224 0.0637443
-1.9564 0.0625812
-1.95056 0.0615453
-1.94472 0.0607625
-1.93888 0.0598514
-1.93304 0.0588175
-1.9272 0.0583343
-1.92136 0.0571739
-1.91552 0.0563897
-1.90968 0.0554439
-1.90384 0.0543262
-1.898 0.0543956
-1.89216 0.0535251
-1.88632 0.0532979
-1.88048 0.0526976
-1.87464 0.0521779
-1.8688 0.0512681
-1.86296 0.0522323
-1.85712 0.0514195
-1.85128 0.0508178
-1.84544 0.0513954
-1.8396 0.0505033
-1.83376 0.0512142
-1.82792 0.0511625
-1.82208 0.0508172
-1.81624 0.0510716
-1.8104 0.0495317
-1.80456 0.0500717
-1.79872 0.0500578
-1.79288 0.0500047
-1.78704 0.0492479
-1.7812 0.0513449
-1.77536 0.0509588
-1.76952 0.0493095
-1.76368 0.0511155
-1.75784 0.0507053
-1.752 0.0505281
-1.74616 0.0516982
-1.74032 0.0511516
-1.73448 0.0513675
-1.72864 0.052455
-1.7228 0.0523499
-1.71696 0.0518417
-1.71112 0.0533554
-1.70528 0.0546793
-1.69944 0.0550142
-1.6936 0.0537102
-1.68776 0.0546856
-1.68192 0.0541872
-1.67608 0.0545765
-1.67024 0.0537043
-1.6644 0.0548969
-1.65856 0.0564358
-1.65272 0.0556308
-1.64688 0.0577767
-1.64104 0.0575794
-1.6352 0.0580348
-1.62936 0.0578529
-1.62352 0.0573717
-1.61768 0.0578633
-1.61184 0.0586276
-1.606 0.0602693
-1.60016 0.0626295
-1.59432 0.0623237
-1.58848 0.0629679
-1.58264 0.0646113
-1.5768 0.0649372
-1.57096 0.0651156
-1.56512 0.0672823
-1.55928 0.06778
-1.55344 0.0717896
-1.5476 0.0697422
-1.54176 0.0744671
-1.53592 0.0731979
-1.53008 0.0732775
-1.52424 0.0754359
-1.5184 0.0766825
-1.51256 0.0785092
-1.50672 0.0797368
-1.50088 0.078353
-1.49504 0.0801589
-1.4892 0.0840527
-1.48336 0.0842717
-1.47752 0.0833269
-1.47168 0.0847713
-1.46584 0.0867137
-1.46 0.0876689
-1.45416 0.0888309
-1.44832 0.089219
-1.44248 0.0905123
-1.43664 0.0926566
-1.4308 0.0949613
-1.42496 0.097912
-1.41912 0.0961809
-1.41328 0.0976119
-1.40744 0.1004
-1.4016 0.100028
-1.39576 0.104168
-1.38992 0.104407
-1.38408 0.107538
-1.37824 0.106489
-1.3724 0.107894
-1.36656 0.108672
-1.36072 0.109264
-1.35488 0.111327
-1.34904 0.11254
-1.3432 0.114257
-1.33736 0.11512
-1.33152 0.114914
-1.32568 0.118988
-1.31984 0.119486
-1.314 0.119844
-1.30816 0.121657
-1.30232 0.121813
-1.29648 0.124135
-1.29064 0.125738
-1.2848 0.127364
-1.27896 0.12728
-1.27312 0.127739
-1.26728 0.13101
-1.26144 0.131833
-1.2556 0.129793
-1.24976 0.132331
-1.24392 0.133697
-1.23808 0.134532
-1.23224 0.134539
-1.2264 0.136239
-1.22056 0.137938
-1.21472 0.139018
-1.20888 0.140405
-1.20304 0.140869
-1.1972 0.143755
-1.19136 0.144376
-1.18552 0.14389
-1.17968 0.144895
-1.17384 0.14784
-1.168 0.148654
-1.16216 0.151521
-1.15632 0.150706
-1.15048 0.152517
-1.14464 0.154107
-1.1388 0.153677
-1.13296 0.152946
-1.12712 0.155189
-1.12128 0.15552
-1.11544 0.159075
-1.1096 0.157829
-1.10376 0.160708
-1.09792 0.16099
-1.09208 0.160655
-1.08624 0.161641
-1.0804 0.162985
-1.07456 0.164551
-1.06872 0.165594
-1.06288 0.164294
-1.05704 0.164618
-1.0512 0.168826
-1.04536 0.167167
-1.03952 0.16547
-1.03368 0.168207
-1.02784 0.16739
-1.022 0.16669
-1.01616 0.167517
-1.01032 0.166669
-1.00448 0.167024
-0.99864 0.167558
-0.9928 0.167937
-0.98696 0.16925
-0.98112 0.167234
-0.97528 0.16806
-0.96944 0.168633
-0.9636 0.167282
-0.95776 0.169535
-0.95192 0.168921
-0.94608 0.169684
-0.94024 0.168458
-0.9344 0.169675
-0.92856 0.168959
-0.92272 0.168449
-0.91688 0.169201
-0.91104 0.169497
-0.9052 0.170372
-0.89936 0.168381
-0.89352 0.169332
-0.88768 0.170179
-0.88184 0.170437
-0.876 0.170746
-0.87016 0.169284
-0.86432 0.171294
-0.85848 0.171583
-0.85264 0.171905
-0.8468 0.170682
-0.84096 0.171861
-0.83512 0.170954
-0.82928 0.171036
-0.82344 0.171032
-0.8176 0.171103
-0.81176 0.171606
-0.80592 0.17189
-0.80008 0.171243
-0.79424 0.17056
-0.7884 0.170885
-0.78256 0.171768
-0.77672 0.17192
-0.77088 0.172546
-0.76504 0.172534
-0.7592 0.173783
-0.75336 0.173564
-0.74752 0.173682
-0.74168 0.173965
-0.73584 0.174918
-0.73 0.174783
-0.72416 0.175952
-0.71832 0.17594
-0.71248 0.176813
-0.70664 0.177054
-0.7008 0.177669
-0.69496 0.178287
-0.68912 0.178525
-0.68328 0.178848
-0.67744 0.18014
-0.6716 0.180921
-0.66576 0.181745
-0.65992 0.182226
-0.65408 0.182145
-0.64824 0.182378
-0.6424 0.18374
-0.63656 0.184014
-0.63072 0.183905
-0.62488 0.184045
-0.61904 0.18418
-0.6132 0.184487
-0.60736 0.184328
-0.60152 0.184544
-0.59568 0.184544
-0.58984 0.184544
-0.584 0.184544
-0.57816 0.184544
-0.57232 0.184544
-0.56648 0.184544
-0.56064 0.184544
-0.5548 0.184544
-0.54896 0.184544
-0.54312 0.184544
-0.53728 0.184544
-0.53144 0.184544
-0.5256 0.184544
-0.51976 0.184544
-0.51392 0.184544
-0.50808 0.184544
-0.50224 0.184544
-0.4964 0.184544
-0.49056 0.184544
-0.48472 0.184544
-0.47888 0.184544
-0.47304 0.184544
-0.4672 0.184544
-0.46136 0.184544
-0.45552 0.184544
-0.44968 0.184544
-0.44384 0.184544
-0.438 0.184544
-0.43216 0.184544
-0.42632 0.184544
-0.42048 0.184544
-0.41464 0.184544
-0.4088 0.184544
-0.40296 0.184544
-0.39712 0.184544
-0.39128 0.184544
-0.38544 0.184544
-0.3796 0.184544
-0.37376 0.184544
-0.36792 0.184544
-0.36208 0.184544
-0.35624 0.184544
-0.3504 0.184544
-0.34456 0.184544
-0.33872 0.184544
-0.33288 0.184544
-0.32704 0.184544
-0.3212 0.184544
-0.31536 0.184544
-0.30952 0.184544
-0.30368 0.184544
-0.29784 0.184544
-0.292 0.184544
-0.28616 0.184544
-0.28032 0.184544
-0.27448 0.184544
-0.26864 0.184544
-0.2628 0.184544
-0.25696 0.184544
-0.25112 0.184544
-0.24528 0.184544
-0.23944 0.184544
-0.2336 0.184544
-0.22776 0.184544
-0.22192 0.184544
-0.21608 0.184544
-0.21024 0.184544
-0.2044 0.184544
-0.19856 0.184544
-0.19272 0.184544
-0.18688 0.184544
-0.18104 0.184544
-0.1752 0.184544
-0.16936 0.184544
-0.16352 0.184544
-0.15768 0.184544
-0.15184 0.184544
-0.146 0.184544
-0.14016 0.184544
-0.13432 0.184544
-0.12848 0.184544
-0.12264 0.184544
-0.1168 0.184544
-0.11096 0.184544
-0.10512 0.184544
-0.09928 0.184544
-0.09344 0.184544
-0.0876 0.184544
-0.08176 0.184544
-0.07592 0.184544
-0.07008 0.184544
-0.06424 0.184544
-0.0584 0.184544
-0.05256 0.184544
-0.04672 0.184544
-0.04088 0.184544
-0.03504 0.184544
-0.0292 0.184544
-0.02336 0.184544
-0.01752 0.184544
-0.01168 0.184544
-0.00584 0.184544
