-2.92 0.155938
-2.91416 0.155938
-2.90832 0.155938
-2.90248 0.155938
-2.89664 0.155938
-2.8908 0.155938
-2.88496 0.155938
-2.87912 0.155938
-2.87328 0.155938
-2.86744 0.155938
-2.8616 0.155938
-2.85576 0.155938
-2.84992 0.155938
-2.84408 0.155938
-2.83824 0.155938
-2.8324 0.155938
-2.82656 0.155938
-2.82072 0.155938
-2.81488 0.155938
-2.80904 0.155938
-2.8032 0.155938
-2.79736 0.155938
-2.79152 0.155938
-2.78568 0.155938
-2.77984 0.155938
-2.774 0.155938
-2.76816 0.155938
-2.76232 0.155938
-2.75648 0.155938
-2.75064 0.155938
-2.7448 0.155938
-2.73896 0.155938
-2.73312 0.155938
-2.72728 0.155938
-2.72144 0.155938
-2.7156 0.155938
-2.70976 0.155938
-2.70392 0.155938
-2.69808 0.155938
-2.69224 0.155938
-2.6864 0.155938
-2.68056 0.155938
-2.67472 0.155938
-2.66888 0.155938
-2.66304 0.155938
-2.6572 0.155938
-2.65136 0.155938
-2.64552 0.155938
-2.63968 0.155938
-2.63384 0.155938
-2.628 0.155938
-2.62216 0.155938
-2.61632 0.155938
-2.61048 0.155938
-2.60464 0.155938
-2.5988 0.155938
-2.59296 0.15585
-2.58712 0.155583
-2.58128 0.155274
-2.57544 0.15492
-2.5696 0.154522
-2.56376 0.154037
-2.55792 0.153507
-2.55208 0.152976
-2.54624 0.152313
-2.5404 0.15165
-2.53456 0.150986
-2.52872 0.150235
-2.52288 0.149572
-2.51704 0.148821
-2.5112 0.148158
-2.50536 0.147409
-2.49952 0.146747
-2.49368 0.145996
-2.48784 0.14529
-2.482 0.144717
-2.47616 0.143921
-2.47032 0.143125
-2.46448 0.142328
-2.45864 0.14153
-2.4528 0.140688
-2.44696 0.139846
-2.44112 0.138959
-2.43528 0.138028
-2.42944 0.137098
-2.4236 0.136168
-2.41776 0.135281
-2.41192 0.13435
-2.40608 0.13342
-2.40024 0.13249
-2.3944 0.131557
-2.38856 0.130625
-2.38272 0.129649
-2.37688 0.128718
-2.37104 0.127742
-2.3652 0.126766
-2.35936 0.125747
-2.35352 0.124772
-2.34768 0.123753
-2.34184 0.122689
-2.336 0.121626
-2.33016 0.120563
-2.32432 0.119499
-2.31848 0.118478
-2.31264 0.117459
-2.3068 0.116438
-2.30096 0.115419
-2.29512 0.114443
-2.28928 0.113424
-2.28344 0.112448
-2.2776 0.111429
-2.27176 0.110452
-2.26592 0.109566
-2.26008 0.10859
-2.25424 0.107526
-2.2484 0.106462
-2.24256 0.105398
-2.23672 0.104334
-2.23088 0.10327
-2.22504 0.102206
-2.2192 0.101141
-2.21336 0.100032
-2.20752 0.0989683
-2.20168 0.0978597
-2.19584 0.0967945
-2.19 0.0956848
-2.18416 0.0945751
-2.17832 0.093422
-2.17248 0.0923134
-2.16664 0.0912037
-2.1608 0.090094
-2.15496 0.0889429
-2.14912 0.0877898
-2.14328 0.0866366
-2.13744 0.0854834
-2.1316 0.0843748
-2.12576 0.0832662
-2.11992 0.082113
-2.11408 0.0809621
-2.10824 0.0798089
-2.1024 0.0786557
-2.09656 0.0775905
-2.09072 0.0764373
-2.08488 0.0753722
-2.07904 0.074219
-2.0732 0.0731539
-2.06736 0.0720464
-2.06152 0.0710257
-2.05568 0.069916
-2.04984 0.0688509
-2.044 0.0679195
-2.03816 0.0667664
-2.03232 0.0656132
-2.02648 0.06446
-2.02064 0.0633068
-2.0148 0.0621547
-2.00896 0.0610015
-2.00312 0.0598918
-1.99728 0.0587811
-1.99144 0.0577191
-1.9856 0.0566105
-1.97976 0.0555433
-1.97392 0.0544377
-1.96808 0.053626
-1.96224 0.0527732
-1.9564 0.0521738
-1.95056 0.0518346
-1.94472 0.0511127
-1.93888 0.0508496
-1.93304 0.0501196
-1.9272 0.0499491
-1.92136 0.049557
-1.91552 0.0483739
-1.90968 0.0484914
-1.90384 0.0484478
-1.898 0.0476403
-1.89216 0.0480094
-1.88632 0.0474517
-1.88048 0.0471115
-1.87464 0.0470236
-1.8688 0.0476898
-1.86296 0.0466313
-1.85712 0.0472636
-1.85128 0.0469618
-1.84544 0.0475485
-1.8396 0.0469923
-1.83376 0.0467031
-1.82792 0.0467943
-1.82208 0.0475051
-1.81624 0.0464883
-1.8104 0.048725
-1.80456 0.0477958
-1.79872 0.0469494
-1.79288 0.0482185
-1.78704 0.0485189
-1.7812 0.0494879
-1.77536 0.0478405
-1.76952 0.0518894
-1.76368 0.049449
-1.75784 0.0494502
-1.752 0.0513053
-1.74616 0.0506807
-1.74032 0.0520346
-1.73448 0.0520921
-1.72864 0.0517052
-1.7228 0.0537913
-1.71696 0.0529899
-1.71112 0.0522851
-1.70528 0.0537313
-1.69944 0.0546617
-1.6936 0.0544714
-1.68776 0.0550754
-1.68192 0.0573529
-1.67608 0.0550094
-1.67024 0.0574659
-1.6644 0.0564182
-1.65856 0.0578206
-1.65272 0.0570758
-1.64688 0.0564299
-1.64104 0.0568321
-1.6352 0.0589122
-1.62936 0.0561468
-1.62352 0.0588802
-1.61768 0.0582369
-1.61184 0.0595418
-1.606 0.0592418
-1.60016 0.0606663
-1.59432 0.0621991
-1.58848 0.0643793
-1.58264 0.0659013
-1.5768 0.0651892
-1.57096 0.0666423
-1.56512 0.0685227
-1.55928 0.0693634
-1.55344 0.0694701
-1.5476 0.0714194
-1.54176 0.0737719
-1.53592 0.0743851
-1.53008 0.0762782
-1.52424 0.0749509
-1.5184 0.0767411
-1.51256 0.0792439
-1.50672 0.0782
-1.50088 0.080626
-1.49504 0.0849389
-1.4892 0.0816959
-1.48336 0.0829392
-1.47752 0.0840763
-1.47168 0.0870808
-1.46584 0.0866276
-1.46 0.0870767
-1.45416 0.0893884
-1.44832 0.0916877
-1.44248 0.0926958
-1.43664 0.0922181
-1.4308 0.0945715
-1.42496 0.0925133
-1.41912 0.0954408
-1.41328 0.0978334
-1.40744 0.0990189
-1.4016 0.100153
-1.39576 0.0998711
-1.38992 0.101736
-1.38408 0.105935
-1.37824 0.10458
-1.3724 0.107579
-1.36656 0.10643
-1.36072 0.106249
-1.35488 0.110211
-1.34904 0.111947
-1.3432 0.110157
-1.33736 0.110913
-1.33152 0.116681
-1.32568 0.116775
-1.31984 0.117153
-1.314 0.119989
-1.30816 0.118959
-1.30232 0.122948
-1.29648 0.121348
-1.29064 0.12243
-1.2848 0.124873
-1.27896 0.124867
-1.27312 0.125077
-1.26728 0.126966
-1.26144 0.128365
-1.2556 0.128791
-1.24976 0.129634
-1.24392 0.132536
-1.23808 0.130345
-1.23224 0.133631
-1.2264 0.132617
-1.22056 0.136575
-1.21472 0.135812
-1.20888 0.13798
-1.20304 0.139248
-1.1972 0.141291
-1.19136 0.138334
-1.18552 0.141197
-1.17968 0.142092
-1.17384 0.143991
-1.168 0.14504
-1.16216 0.146474
-1.15632 0.147613
-1.15048 0.149686
-1.14464 0.149889
-1.1388 0.150685
-1.13296 0.151316
-1.12712 0.152586
-1.12128 0.152895
-1.11544 0.153354
-1.1096 0.156181
-1.10376 0.156599
-1.09792 0.157742
-1.09208 0.159248
-1.08624 0.157137
-1.0804 0.159063
-1.07456 0.160149
-1.06872 0.159835
-1.06288 0.162489
-1.05704 0.166142
-1.0512 0.161724
-1.04536 0.161084
-1.03952 0.162306
-1.03368 0.164116
-1.02784 0.163239
-1.022 0.162636
-1.01616 0.163741
-1.01032 0.164954
-1.00448 0.164356
-0.99864 0.163347
-0.9928 0.164599
-0.98696 0.162922
-0.98112 0.163618
-0.97528 0.164373
-0.96944 0.164298
-0.9636 0.162725
-0.95776 0.163474
-0.95192 0.164874
-0.94608 0.165621
-0.94024 0.163887
-0.9344 0.164316
-0.92856 0.164252
-0.92272 0.163378
-0.91688 0.164501
-0.91104 0.164202
-0.9052 0.162456
-0.89936 0.163518
-0.89352 0.164645
-0.88768 0.16421
-0.88184 0.163662
-0.876 0.164557
-0.87016 0.16483
-0.86432 0.165828
-0.85848 0.164172
-0.85264 0.165345
-0.8468 0.165209
-0.84096 0.164945
-0.83512 0.164639
-0.82928 0.164422
-0.82344 0.164123
-0.8176 0.164148
-0.81176 0.164858
-0.80592 0.164258
-0.80008 0.164412
-0.79424 0.16487
-0.7884 0.164567
-0.78256 0.16523
-0.77672 0.165293
-0.77088 0.164996
-0.76504 0.165193
-0.7592 0.16573
-0.75336 0.165717
-0.74752 0.165875
-0.74168 0.165268
-0.73584 0.166479
-0.73 0.166804
-0.72416 0.167633
-0.71832 0.167783
-0.71248 0.168196
-0.70664 0.168435
-0.7008 0.168672
-0.69496 0.169667
-0.68912 0.169903
-0.68328 0.170354
-0.67744 0.171599
-0.6716 0.172427
-0.66576 0.172787
-0.65992 0.173653
-0.65408 0.173486
-0.64824 0.174226
-0.6424 0.175252
-0.63656 0.175569
-0.63072 0.175631
-0.62488 0.175899
-0.61904 0.176334
-0.6132 0.176094
-0.60736 0.176022
-0.60152 0.176325
-0.59568 0.176325
-0.58984 0.176325
-0.584 0.176325
-0.57816 0.176325
-0.57232 0.176325
-0.56648 0.176325
-0.56064 0.176325
-0.5548 0.176325
-0.54896 0.176325
-0.54312 0.176325
-0.53728 0.176325
-0.53144 0.176325
-0.5256 0.176325
-0.51976 0.176325
-0.51392 0.176325
-0.50808 0.176325
-0.50224 0.176325
-0.4964 0.176325
-0.49056 0.176325
-0.48472 0.176325
-0.47888 0.176325
-0.47304 0.176325
-0.4672 0.176325
-0.46136 0.176325
-0.45552 0.176325
-0.44968 0.176325
-0.44384 0.176325
-0.438 0.176325
-0.43216 0.176325
-0.42632 0.176325
-0.42048 0.176325
-0.41464 0.176325
-0.4088 0.176325
-0.40296 0.176325
-0.39712 0.176325
-0.39128 0.176325
-0.38544 0.176325
-0.3796 0.176325
-0.37376 0.176325
-0.36792 0.176325
-0.36208 0.176325
-0.35624 0.176325
-0.3504 0.176325
-0.34456 0.176325
-0.33872 0.176325
-0.33288 0.176325
-0.32704 0.176325
-0.3212 0.176325
-0.31536 0.176325
-0.30952 0.176325
-0.30368 0.176325
-0.29784 0.176325
-0.292 0.176325
-0.28616 0.176325
-0.28032 0.176325
-0.27448 0.176325
-0.26864 0.176325
-0.2628 0.176325
-0.25696 0.176325
-0.25112 0.176325
-0.24528 0.176325
-0.23944 0.176325
-0.2336 0.176325
-0.22776 0.176325
-0.22192 0.176325
-0.21608 0.176325
-0.21024 0.176325
-0.2044 0.176325
-0.19856 0.176325
-0.19272 0.176325
-0.18688 0.176325
-0.18104 0.176325
-0.1752 0.176325
-0.16936 0.176325
-0.16352 0.176325
-0.15768 0.176325
-0.15184 0.176325
-0.146 0.176325
-0.14016 0.176325
-0.13432 0.176325
-0.12848 0.176325
-0.12264 0.176325
-0.1168 0.176325
-0.11096 0.176325
-0.10512 0.176325
-0.09928 0.176325
-0.09344 0.176325
-0.0876 0.176325
-0.08176 0.176325
-0.07592 0.176325
-0.07008 0.176325
-0.06424 0.176325
-0.0584 0.176325
-0.05256 0.176325
-0.04672 0.176325
-0.04088 0.176325
-0.03504 0.176325
-0.0292 0.176325
-0.02336 0.176325
-0.01752 0.176325
-0.01168 0.176325
-0.00584 0.176325
