-2.92 0.158268
-2.91416 0.158268
-2.90832 0.158268
-2.90248 0.158268
-2.89664 0.158268
-2.8908 0.158268
-2.88496 0.158268
-2.87912 0.158268
-2.87328 0.158268
-2.86744 0.158268
-2.8616 0.158268
-2.85576 0.158268
-2.84992 0.158268
-2.84408 0.158268
-2.83824 0.158268
-2.8324 0.158268
-2.82656 0.158268
-2.82072 0.158268
-2.81488 0.158268
-2.80904 0.158268
-2.8032 0.158268
-2.79736 0.158268
-2.79152 0.158268
-2.78568 0.158268
-2.77984 0.158268
-2.774 0.158268
-2.76816 0.158268
-2.76232 0.158268
-2.75648 0.158268
-2.75064 0.158268
-2.7448 0.158268
-2.73896 0.158268
-2.73312 0.158268
-2.72728 0.158268
-2.72144 0.158268
-2.7156 0.158268
-2.70976 0.158268
-2.70392 0.158268
-2.69808 0.158268
-2.69224 0.158268
-2.6864 0.158268
-2.68056 0.158268
-2.67472 0.158268
-2.66888 0.158268
-2.66304 0.158268
-2.6572 0.158268
-2.65136 0.158268
-2.64552 0.158268
-2.63968 0.158268
-2.63384 0.158268
-2.628 0.158268
-2.62216 0.158268
-2.61632 0.158268
-2.61048 0.158268
-2.60464 0.158268
-2.5988 0.158268
-2.59296 0.158134
-2.58712 0.157911
-2.58128 0.157599
-2.57544 0.157198
-2.5696 0.156752
-2.56376 0.156307
-2.55792 0.155817
-2.55208 0.155328
-2.54624 0.154794
-2.5404 0.154217
-2.53456 0.153596
-2.52872 0.152975
-2.52288 0.152397
-2.51704 0.15169
-2.5112 0.15107
-2.50536 0.150362
-2.49952 0.149699
-2.49368 0.149037
-2.48784 0.14842
-2.482 0.147847
-2.47616 0.147051
-2.47032 0.146254
-2.46448 0.145457
-2.45864 0.144661
-2.4528 0.143864
-2.44696 0.143022
-2.44112 0.142181
-2.43528 0.141296
-2.42944 0.14041
-2.4236 0.139525
-2.41776 0.13864
-2.41192 0.137711
-2.40608 0.136783
-2.40024 0.135854
-2.3944 0.134925
-2.38856 0.133996
-2.38272 0.133024
-2.37688 0.132096
-2.37104 0.131123
-2.3652 0.130195
-2.35936 0.129223
-2.35352 0.128338
-2.34768 0.12741
-2.34184 0.126438
-2.336 0.125464
-2.33016 0.124492
-2.32432 0.123476
-2.31848 0.122459
-2.31264 0.121442
-2.3068 0.12047
-2.30096 0.119495
-2.29512 0.118522
-2.28928 0.117461
-2.28344 0.116443
-2.2776 0.115426
-2.27176 0.114499
-2.26592 0.113571
-2.26008 0.112599
-2.25424 0.111493
-2.2484 0.110387
-2.24256 0.109237
-2.23672 0.108086
-2.23088 0.106936
-2.22504 0.105785
-2.2192 0.104635
-2.21336 0.103484
-2.20752 0.102334
-2.20168 0.101183
-2.19584 0.100079
-2.19 0.0988846
-2.18416 0.0977331
-2.17832 0.0964947
-2.17248 0.0953008
-2.16664 0.0940623
-2.1608 0.0928239
-2.15496 0.0916289
-2.14912 0.0903904
-2.14328 0.0891954
-2.13744 0.0880014
-2.1316 0.0868068
-2.12576 0.0856129
-2.11992 0.0843744
-2.11408 0.0832239
-2.10824 0.0819855
-2.1024 0.080747
-2.09656 0.0795086
-2.09072 0.0783135
-2.08488 0.0771631
-2.07904 0.0759246
-2.0732 0.0747743
-2.06736 0.0735359
-2.06152 0.0723855
-2.05568 0.0712362
-2.04984 0.0701314
-2.044 0.0690713
-2.03816 0.0678328
-2.03232 0.0665944
-2.02648 0.0653559
-2.02064 0.0641174
-2.0148 0.062879
-2.00896 0.0616405
-2.00312 0.0604455
-1.99728 0.0592516
-1.99144 0.0580578
-1.9856 0.0568639
-1.97976 0.055758
-1.97392 0.0546521
-1.96808 0.0537998
-1.96224 0.0530315
-1.9564 0.0524756
-1.95056 0.0515396
-1.94472 0.0503041
-1.93888 0.0492842
-1.93304 0.047881
-1.9272 0.0468183
-1.92136 0.0454588
-1.91552 0.0441461
-1.90968 0.042917
-1.90384 0.0418132
-1.898 0.0407099
-1.89216 0.0396086
-1.88632 0.038633
-1.88048 0.0376585
-1.87464 0.0365995
-1.8688 0.0356273
-1.86296 0.0346963
-1.85712 0.0337255
-1.85128 0.0327087
-1.84544 0.0317378
-1.8396 0.0308102
-1.83376 0.030014
-1.82792 0.0292178
-1.82208 0.0283794
-1.81624 0.0274918
-1.8104 0.0265195
-1.80456 0.0255051
-1.79872 0.0245341
-1.79288 0.02369
-1.78704 0.0226767
-1.7812 0.021748
-1.77536 0.0208628
-1.76952 0.0200621
-1.76368 0.0192191
-1.75784 0.0182916
-1.752 0.0175347
-1.74616 0.0166511
-1.74032 0.0158952
-1.73448 0.0150127
-1.72864 0.0143004
-1.7228 0.0134613
-1.71696 0.0128758
-1.71112 0.0121236
-1.70528 0.0113724
-1.69944 0.0103265
-1.6936 0.00971625
-1.68776 0.00928913
-1.68192 0.00837011
-1.67608 0.00775887
-1.67024 0.00767579
-1.6644 0.00789951
-1.65856 0.00859097
-1.65272 0.0091726
-1.64688 0.0105271
-1.64104 0.011983
-1.6352 0.0131078
-1.62936 0.0147743
-1.62352 0.0157759
-1.61768 0.0161316
-1.61184 0.0179
-1.606 0.017646
-1.60016 0.0174478
-1.59432 0.0185281
-1.58848 0.0190865
-1.58264 0.0191359
-1.5768 0.0198217
-1.57096 0.0200844
-1.56512 0.0210518
-1.55928 0.0209749
-1.55344 0.0220668
-1.5476 0.0232222
-1.54176 0.0240014
-1.53592 0.0244
-1.53008 0.025747
-1.52424 0.0249058
-1.5184 0.0252005
-1.51256 0.0271198
-1.50672 0.0262179
-1.50088 0.0275005
-1.49504 0.0304467
-1.4892 0.0314745
-1.48336 0.0320458
-1.47752 0.0324081
-1.47168 0.0331987
-1.46584 0.0340626
-1.46 0.0362445
-1.45416 0.0364907
-1.44832 0.0369405
-1.44248 0.0405469
-1.43664 0.040194
-1.4308 0.0420406
-1.42496 0.0422213
-1.41912 0.0435352
-1.41328 0.044744
-1.40744 0.0448124
-1.4016 0.0457427
-1.39576 0.0485429
-1.38992 0.0503999
-1.38408 0.0473532
-1.37824 0.0505188
-1.3724 0.0511694
-1.36656 0.0524738
-1.36072 0.053435
-1.35488 0.054315
-1.34904 0.0556979
-1.3432 0.0563281
-1.33736 0.0586776
-1.33152 0.0600255
-1.32568 0.0629775
-1.31984 0.0637277
-1.314 0.0631889
-1.30816 0.0641363
-1.30232 0.065284
-1.29648 0.0659952
-1.29064 0.0669267
-1.2848 0.0687762
-1.27896 0.0719241
-1.27312 0.0731472
-1.26728 0.0750461
-1.26144 0.0751227
-1.2556 0.076612
-1.24976 0.0779445
-1.24392 0.0807288
-1.23808 0.0805149
-1.23224 0.0821179
-1.2264 0.0839284
-1.22056 0.0845118
-1.21472 0.0856762
-1.20888 0.0878482
-1.20304 0.0883073
-1.1972 0.0901347
-1.19136 0.092323
-1.18552 0.0924383
-1.17968 0.093288
-1.17384 0.095852
-1.168 0.0958637
-1.16216 0.0950864
-1.15632 0.0973802
-1.15048 0.0986892
-1.14464 0.0985268
-1.1388 0.101268
-1.13296 0.102007
-1.12712 0.103145
-1.12128 0.103602
-1.11544 0.105775
-1.1096 0.107926
-1.10376 0.110343
-1.09792 0.110592
-1.09208 0.112098
-1.08624 0.111523
-1.0804 0.112026
-1.07456 0.114642
-1.06872 0.113673
-1.06288 0.115479
-1.05704 0.119119
-1.0512 0.120802
-1.04536 0.121304
-1.03952 0.121931
-1.03368 0.123077
-1.02784 0.124084
-1.022 0.126064
-1.01616 0.127255
-1.01032 0.127539
-1.00448 0.130593
-0.99864 0.130872
-0.9928 0.132007
-0.98696 0.133085
-0.98112 0.134029
-0.97528 0.135252
-0.96944 0.135749
-0.9636 0.135972
-0.95776 0.139033
-0.95192 0.140851
-0.94608 0.138025
-0.94024 0.140181
-0.9344 0.140287
-0.92856 0.14223
-0.92272 0.142815
-0.91688 0.143782
-0.91104 0.144029
-0.9052 0.145254
-0.89936 0.146758
-0.89352 0.147686
-0.88768 0.150088
-0.88184 0.150207
-0.876 0.150048
-0.87016 0.151287
-0.86432 0.150954
-0.85848 0.151875
-0.85264 0.15284
-0.8468 0.153551
-0.84096 0.155513
-0.83512 0.156391
-0.82928 0.157354
-0.82344 0.1573
-0.8176 0.158682
-0.81176 0.159011
-0.80592 0.160351
-0.80008 0.160426
-0.79424 0.16109
-0.7884 0.161876
-0.78256 0.162283
-0.77672 0.16253
-0.77088 0.163739
-0.76504 0.163761
-0.7592 0.164895
-0.75336 0.165426
-0.74752 0.16587
-0.74168 0.166152
-0.73584 0.167454
-0.73 0.167343
-0.72416 0.166316
-0.71832 0.166969
-0.71248 0.167709
-0.70664 0.168029
-0.7008 0.168647
-0.69496 0.169192
-0.68912 0.16987
-0.68328 0.170145
-0.67744 0.170794
-0.6716 0.171447
-0.66576 0.172057
-0.65992 0.172453
-0.65408 0.173377
-0.64824 0.172937
-0.6424 0.173373
-0.63656 0.173763
-0.63072 0.174156
-0.62488 0.174543
-0.61904 0.175351
-0.6132 0.175484
-0.60736 0.175489
-0.60152 0.175537
-0.59568 0.175537
-0.58984 0.175537
-0.584 0.175537
-0.57816 0.175537
-0.57232 0.175537
-0.56648 0.175537
-0.56064 0.175537
-0.5548 0.175537
-0.54896 0.175537
-0.54312 0.175537
-0.53728 0.175537
-0.53144 0.175537
-0.5256 0.175537
-0.51976 0.175537
-0.51392 0.175537
-0.50808 0.175537
-0.50224 0.175537
-0.4964 0.175537
-0.49056 0.175537
-0.48472 0.175537
-0.47888 0.175537
-0.47304 0.175537
-0.4672 0.175537
-0.46136 0.175537
-0.45552 0.175537
-0.44968 0.175537
-0.44384 0.175537
-0.438 0.175537
-0.43216 0.175537
-0.42632 0.175537
-0.42048 0.175537
-0.41464 0.175537
-0.4088 0.175537
-0.40296 0.175537
-0.39712 0.175537
-0.39128 0.175537
-0.38544 0.175537
-0.3796 0.175537
-0.37376 0.175537
-0.36792 0.175537
-0.36208 0.175537
-0.35624 0.175537
-0.3504 0.175537
-0.34456 0.175537
-0.33872 0.175537
-0.33288 0.175537
-0.32704 0.175537
-0.3212 0.175537
-0.31536 0.175537
-0.30952 0.175537
-0.30368 0.175537
-0.29784 0.175537
-0.292 0.175537
-0.28616 0.175537
-0.28032 0.175537
-0.27448 0.175537
-0.26864 0.175537
-0.2628 0.175537
-0.25696 0.175537
-0.25112 0.175537
-0.24528 0.175537
-0.23944 0.175537
-0.2336 0.175537
-0.22776 0.175537
-0.22192 0.175537
-0.21608 0.175537
-0.21024 0.175537
-0.2044 0.175537
-0.19856 0.175537
-0.19272 0.175537
-0.18688 0.175537
-0.18104 0.175537
-0.1752 0.175537
-0.16936 0.175537
-0.16352 0.175537
-0.15768 0.175537
-0.15184 0.175537
-0.146 0.175537
-0.14016 0.175537
-0.13432 0.175537
-0.12848 0.175537
-0.12264 0.175537
-0.1168 0.175537
-0.11096 0.175537
-0.10512 0.175537
-0.09928 0.175537
-0.09344 0.175537
-0.0876 0.175537
-0.08176 0.175537
-0.07592 0.175537
-0.07008 0.175537
-0.06424 0.175537
-0.0584 0.175537
-0.05256 0.175537
-0.04672 0.175537
-0.04088 0.175537
-0.03504 0.175537
-0.0292 0.175537
-0.02336 0.175537
-0.01752 0.175537
-0.01168 0.175537
-0.00584 0.175537
