-2.92 0.134427
-2.91416 0.134427
-2.90832 0.134427
-2.90248 0.134427
-2.89664 0.134427
-2.8908 0.134427
-2.88496 0.134427
-2.87912 0.134427
-2.87328 0.134427
-2.86744 0.134427
-2.8616 0.134427
-2.85576 0.134427
-2.84992 0.134427
-2.84408 0.134427
-2.83824 0.134427
-2.8324 0.134427
-2.82656 0.134427
-2.82072 0.134427
-2.81488 0.134427
-2.80904 0.134427
-2.8032 0.134427
-2.79736 0.134427
-2.79152 0.134427
-2.78568 0.134427
-2.77984 0.134427
-2.774 0.134427
-2.76816 0.134427
-2.76232 0.134427
-2.75648 0.134427
-2.75064 0.134427
-2.7448 0.134427
-2.73896 0.134427
-2.73312 0.134427
-2.72728 0.134427
-2.72144 0.134427
-2.7156 0.134427
-2.70976 0.134427
-2.70392 0.134427
-2.69808 0.134427
-2.69224 0.134427
-2.6864 0.134427
-2.68056 0.134427
-2.67472 0.134427
-2.66888 0.134427
-2.66304 0.134427
-2.6572 0.134427
-2.65136 0.134427
-2.64552 0.134427
-2.63968 0.134427
-2.63384 0.134427
-2.628 0.134427
-2.62216 0.134427
-2.61632 0.134427
-2.61048 0.134427
-2.60464 0.134427
-2.5988 0.134427
-2.59296 0.134249
-2.58712 0.134029
-2.58128 0.133808
-2.57544 0.133544
-2.5696 0.133236
-2.56376 0.132928
-2.55792 0.132577
-2.55208 0.132182
-2.54624 0.131743
-2.5404 0.13126
-2.53456 0.130778
-2.52872 0.130295
-2.52288 0.129812
-2.51704 0.129329
-2.5112 0.128891
-2.50536 0.128452
-2.49952 0.127881
-2.49368 0.127397
-2.48784 0.126826
-2.482 0.126432
-2.47616 0.125817
-2.47032 0.125158
-2.46448 0.124499
-2.45864 0.12384
-2.4528 0.123137
-2.44696 0.122433
-2.44112 0.12173
-2.43528 0.121026
-2.42944 0.120279
-2.4236 0.119532
-2.41776 0.118786
-2.41192 0.117994
-2.40608 0.117203
-2.40024 0.116368
-2.3944 0.115533
-2.38856 0.114698
-2.38272 0.113863
-2.37688 0.113028
-2.37104 0.112193
-2.3652 0.111446
-2.35936 0.110611
-2.35352 0.10982
-2.34768 0.108941
-2.34184 0.108107
-2.336 0.107228
-2.33016 0.106305
-2.32432 0.105427
-2.31848 0.104548
-2.31264 0.103625
-2.3068 0.102746
-2.30096 0.101823
-2.29512 0.100901
-2.28928 0.0999785
-2.28344 0.0989687
-2.2776 0.0980458
-2.27176 0.0970794
-2.26592 0.0961133
-2.26008 0.0952796
-2.25424 0.0942687
-2.2484 0.0932578
-2.24256 0.0922469
-2.23672 0.091236
-2.23088 0.090224
-2.22504 0.089212
-2.2192 0.0882
-2.21336 0.087188
-2.20752 0.086176
-2.20168 0.085164
-2.19584 0.0841531
-2.19 0.0831411
-2.18416 0.0821725
-2.17832 0.0811605
-2.17248 0.0801931
-2.16664 0.0792245
-2.1608 0.0782125
-2.15496 0.0772005
-2.14912 0.0762331
-2.14328 0.0752657
-2.13744 0.0742971
-2.1316 0.0732851
-2.12576 0.0722731
-2.11992 0.0713057
-2.11408 0.0702937
-2.10824 0.0692828
-2.1024 0.0682273
-2.09656 0.0672165
-2.09072 0.0662045
-2.08488 0.065149
-2.07904 0.0640935
-2.0732 0.0631261
-2.06736 0.0621576
-2.06152 0.0611456
-2.05568 0.0602639
-2.04984 0.0592519
-2.044 0.0584607
-2.03816 0.0574487
-2.03232 0.0564367
-2.02648 0.0554247
-2.02064 0.0544127
-2.0148 0.0534007
-2.00896 0.0523897
-2.00312 0.0513777
-1.99728 0.0503647
-1.99144 0.0493547
-1.9856 0.0483427
-1.97976 0.0473287
-1.97392 0.0463188
-1.96808 0.0453523
-1.96224 0.0443424
-1.9564 0.0435023
-1.95056 0.0428756
-1.94472 0.0421598
-1.93888 0.0415786
-1.93304 0.041157
-1.9272 0.0406608
-1.92136 0.0402909
-1.91552 0.0400879
-1.90968 0.0395069
-1.90384 0.0391755
-1.898 0.0387158
-1.89216 0.0390191
-1.88632 0.0380644
-1.88048 0.0388835
-1.87464 0.0378697
-1.8688 0.0383967
-1.86296 0.0385355
-1.85712 0.0378695
-1.85128 0.0392437
-1.84544 0.0393393
-1.8396 0.0394036
-1.83376 0.0383545
-1.82792 0.0394793
-1.82208 0.0390362
-1.81624 0.0395976
-1.8104 0.040301
-1.80456 0.040355
-1.79872 0.0407061
-1.79288 0.04055
-1.78704 0.040524
-1.7812 0.0420688
-1.77536 0.0411988
-1.76952 0.0406162
-1.76368 0.0418179
-1.75784 0.0437571
-1.752 0.0429743
-1.74616 0.0438834
-1.74032 0.0435995
-1.73448 0.0451524
-1.72864 0.0458044
-1.7228 0.0465928
-1.71696 0.0468685
-1.71112 0.047572
-1.70528 0.0469177
-1.69944 0.0489391
-1.6936 0.0498989
-1.68776 0.0493251
-1.68192 0.0518594
-1.67608 0.0530685
-1.67024 0.0534333
-1.6644 0.0529684
-1.65856 0.0534938
-1.65272 0.0539485
-1.64688 0.054594
-1.64104 0.0542665
-1.6352 0.0565982
-1.62936 0.0570963
-1.62352 0.0570375
-1.61768 0.0568167
-1.61184 0.0577505
-1.606 0.0581671
-1.60016 0.0603349
-1.59432 0.0603709
-1.58848 0.0611067
-1.58264 0.0617093
-1.5768 0.0624376
-1.57096 0.0638495
-1.56512 0.0662322
-1.55928 0.0656404
-1.55344 0.0642183
-1.5476 0.0655951
-1.54176 0.0690505
-1.53592 0.0689272
-1.53008 0.0695788
-1.52424 0.0704113
-1.5184 0.073822
-1.51256 0.0726424
-1.50672 0.0738431
-1.50088 0.0772701
-1.49504 0.0762249
-1.4892 0.0810587
-1.48336 0.0800866
-1.47752 0.0799055
-1.47168 0.0811153
-1.46584 0.0823245
-1.46 0.0829468
-1.45416 0.0845316
-1.44832 0.0834187
-1.44248 0.0864513
-1.43664 0.0856133
-1.4308 0.0889608
-1.42496 0.0898849
-1.41912 0.0900703
-1.41328 0.0912976
-1.40744 0.0930178
-1.4016 0.0945385
-1.39576 0.0934166
-1.38992 0.0958206
-1.38408 0.095672
-1.37824 0.0976981
-1.3724 0.098961
-1.36656 0.0997437
-1.36072 0.100783
-1.35488 0.10259
-1.34904 0.101984
-1.3432 0.104736
-1.33736 0.105058
-1.33152 0.10283
-1.32568 0.105994
-1.31984 0.108024
-1.314 0.108175
-1.30816 0.109384
-1.30232 0.111266
-1.29648 0.112201
-1.29064 0.113197
-1.2848 0.113482
-1.27896 0.115729
-1.27312 0.115414
-1.26728 0.114383
-1.26144 0.117391
-1.2556 0.118873
-1.24976 0.11847
-1.24392 0.120783
-1.23808 0.121255
-1.23224 0.121527
-1.2264 0.120891
-1.22056 0.121467
-1.21472 0.124125
-1.20888 0.123879
-1.20304 0.122923
-1.1972 0.126314
-1.19136 0.127619
-1.18552 0.127388
-1.17968 0.127202
-1.17384 0.129189
-1.168 0.129087
-1.16216 0.131292
-1.15632 0.131823
-1.15048 0.13237
-1.14464 0.133288
-1.1388 0.133954
-1.13296 0.135436
-1.12712 0.136778
-1.12128 0.136419
-1.11544 0.135055
-1.1096 0.135343
-1.10376 0.138098
-1.09792 0.138241
-1.09208 0.137968
-1.08624 0.138888
-1.0804 0.140708
-1.07456 0.139277
-1.06872 0.140668
-1.06288 0.143717
-1.05704 0.141796
-1.0512 0.144684
-1.04536 0.144194
-1.03952 0.143933
-1.03368 0.143715
-1.02784 0.144547
-1.022 0.144708
-1.01616 0.143882
-1.01032 0.14252
-1.00448 0.144159
-0.99864 0.142003
-0.9928 0.144167
-0.98696 0.142387
-0.98112 0.14211
-0.97528 0.141214
-0.96944 0.142126
-0.9636 0.141361
-0.95776 0.140157
-0.95192 0.141209
-0.94608 0.140938
-0.94024 0.140333
-0.9344 0.141124
-0.92856 0.140599
-0.92272 0.140033
-0.91688 0.140612
-0.91104 0.139545
-0.9052 0.140594
-0.89936 0.138834
-0.89352 0.138735
-0.88768 0.139738
-0.88184 0.139425
-0.876 0.138726
-0.87016 0.138871
-0.86432 0.13876
-0.85848 0.138714
-0.85264 0.138816
-0.8468 0.137654
-0.84096 0.137386
-0.83512 0.137579
-0.82928 0.136721
-0.82344 0.137642
-0.8176 0.138598
-0.81176 0.136372
-0.80592 0.137584
-0.80008 0.135705
-0.79424 0.136235
-0.7884 0.136301
-0.78256 0.135777
-0.77672 0.135968
-0.77088 0.135632
-0.76504 0.135809
-0.7592 0.136003
-0.75336 0.135984
-0.74752 0.13533
-0.74168 0.136034
-0.73584 0.136438
-0.73 0.135998
-0.72416 0.136187
-0.71832 0.136591
-0.71248 0.136783
-0.70664 0.137441
-0.7008 0.137842
-0.69496 0.138283
-0.68912 0.138476
-0.68328 0.139128
-0.67744 0.139485
-0.6716 0.140309
-0.66576 0.140962
-0.65992 0.141146
-0.65408 0.141107
-0.64824 0.141378
-0.6424 0.142027
-0.63656 0.1428
-0.63072 0.142854
-0.62488 0.142988
-0.61904 0.142574
-0.6132 0.142454
-0.60736 0.142502
-0.60152 0.142675
-0.59568 0.142675
-0.58984 0.142675
-0.584 0.142675
-0.57816 0.142675
-0.57232 0.142675
-0.56648 0.142675
-0.56064 0.142675
-0.5548 0.142675
-0.54896 0.142675
-0.54312 0.142675
-0.53728 0.142675
-0.53144 0.142675
-0.5256 0.142675
-0.51976 0.142675
-0.51392 0.142675
-0.50808 0.142675
-0.50224 0.142675
-0.4964 0.142675
-0.49056 0.142675
-0.48472 0.142675
-0.47888 0.142675
-0.47304 0.142675
-0.4672 0.142675
-0.46136 0.142675
-0.45552 0.142675
-0.44968 0.142675
-0.44384 0.142675
-0.438 0.142675
-0.43216 0.142675
-0.42632 0.142675
-0.42048 0.142675
-0.41464 0.142675
-0.4088 0.142675
-0.40296 0.142675
-0.39712 0.142675
-0.39128 0.142675
-0.38544 0.142675
-0.3796 0.142675
-0.37376 0.142675
-0.36792 0.142675
-0.36208 0.142675
-0.35624 0.142675
-0.3504 0.142675
-0.34456 0.142675
-0.33872 0.142675
-0.33288 0.142675
-0.32704 0.142675
-0.3212 0.142675
-0.31536 0.142675
-0.30952 0.142675
-0.30368 0.142675
-0.29784 0.142675
-0.292 0.142675
-0.28616 0.142675
-0.28032 0.142675
-0.27448 0.142675
-0.26864 0.142675
-0.2628 0.142675
-0.25696 0.142675
-0.25112 0.142675
-0.24528 0.142675
-0.23944 0.142675
-0.2336 0.142675
-0.22776 0.142675
-0.22192 0.142675
-0.21608 0.142675
-0.21024 0.142675
-0.2044 0.142675
-0.19856 0.142675
-0.19272 0.142675
-0.18688 0.142675
-0.18104 0.142675
-0.1752 0.142675
-0.16936 0.142675
-0.16352 0.142675
-0.15768 0.142675
-0.15184 0.142675
-0.146 0.142675
-0.14016 0.142675
-0.13432 0.142675
-0.12848 0.142675
-0.12264 0.142675
-0.1168 0.142675
-0.11096 0.142675
-0.10512 0.142675
-0.09928 0.142675
-0.09344 0.142675
-0.0876 0.142675
-0.08176 0.142675
-0.07592 0.142675
-0.07008 0.142675
-0.06424 0.142675
-0.0584 0.142675
-0.05256 0.142675
-0.04672 0.142675
-0.04088 0.142675
-0.03504 0.142675
-0.0292 0.142675
-0.02336 0.142675
-0.01752 0.142675
-0.01168 0.142675
-0.00584 0.142675
