-2.92 0.142566
-2.91416 0.142566
-2.90832 0.142566
-2.90248 0.142566
-2.89664 0.142566
-2.8908 0.142566
-2.88496 0.142566
-2.87912 0.142566
-2.87328 0.142566
-2.86744 0.142566
-2.8616 0.142566
-2.85576 0.142566
-2.84992 0.142566
-2.84408 0.142566
-2.83824 0.142566
-2.8324 0.142566
-2.82656 0.142566
-2.82072 0.142566
-2.81488 0.142566
-2.80904 0.142566
-2.8032 0.142566
-2.79736 0.142566
-2.79152 0.142566
-2.78568 0.142566
-2.77984 0.142566
-2.774 0.142566
-2.76816 0.142566
-2.76232 0.142566
-2.75648 0.142566
-2.75064 0.142566
-2.7448 0.142566
-2.73896 0.142566
-2.73312 0.142566
-2.72728 0.142566
-2.72144 0.142566
-2.7156 0.142566
-2.70976 0.142566
-2.70392 0.142566
-2.69808 0.142566
-2.69224 0.142566
-2.6864 0.142566
-2.68056 0.142566
-2.67472 0.142566
-2.66888 0.142566
-2.66304 0.142566
-2.6572 0.142566
-2.65136 0.142566
-2.64552 0.142566
-2.63968 0.142566
-2.63384 0.142566
-2.628 0.142566
-2.62216 0.142566
-2.61632 0.142566
-2.61048 0.142566
-2.60464 0.142566
-2.5988 0.142566
-2.59296 0.142478
-2.58712 0.142345
-2.58128 0.142168
-2.57544 0.141946
-2.5696 0.141635
-2.56376 0.141324
-2.55792 0.140969
-2.55208 0.140569
-2.54624 0.140124
-2.5404 0.139636
-2.53456 0.139105
-2.52872 0.138573
-2.52288 0.138042
-2.51704 0.13751
-2.5112 0.13698
-2.50536 0.136406
-2.49952 0.135877
-2.49368 0.135346
-2.48784 0.134772
-2.482 0.134287
-2.47616 0.133669
-2.47032 0.133007
-2.46448 0.132345
-2.45864 0.13164
-2.4528 0.130933
-2.44696 0.130183
-2.44112 0.129433
-2.43528 0.128683
-2.42944 0.127889
-2.4236 0.127094
-2.41776 0.1263
-2.41192 0.125462
-2.40608 0.124667
-2.40024 0.123829
-2.3944 0.122991
-2.38856 0.122153
-2.38272 0.121229
-2.37688 0.120347
-2.37104 0.119379
-2.3652 0.118454
-2.35936 0.117486
-2.35352 0.116562
-2.34768 0.115549
-2.34184 0.114581
-2.336 0.113612
-2.33016 0.112599
-2.32432 0.111586
-2.31848 0.110573
-2.31264 0.10956
-2.3068 0.108634
-2.30096 0.107665
-2.29512 0.10674
-2.28928 0.105771
-2.28344 0.104803
-2.2776 0.103879
-2.27176 0.102955
-2.26592 0.101986
-2.26008 0.101062
-2.25424 0.10005
-2.2484 0.0990367
-2.24256 0.0979803
-2.23672 0.096924
-2.23088 0.0958676
-2.22504 0.0948547
-2.2192 0.0937983
-2.21336 0.0927419
-2.20752 0.0916856
-2.20168 0.0906292
-2.19584 0.0896163
-2.19 0.08856
-2.18416 0.087547
-2.17832 0.0864906
-2.17248 0.0854343
-2.16664 0.0844225
-2.1608 0.0834096
-2.15496 0.0823967
-2.14912 0.0813404
-2.14328 0.0803275
-2.13744 0.0793157
-2.1316 0.0782594
-2.12576 0.0771595
-2.11992 0.0761043
-2.11408 0.0750479
-2.10824 0.0739481
-2.1024 0.0728482
-2.09656 0.0717484
-2.09072 0.0706921
-2.08488 0.0696357
-2.07904 0.0685793
-2.0732 0.0675676
-2.06736 0.0665123
-2.06152 0.0655016
-2.05568 0.0644898
-2.04984 0.063478
-2.044 0.0625553
-2.03816 0.061499
-2.03232 0.0604426
-2.02648 0.0593863
-2.02064 0.058332
-2.0148 0.0572746
-2.00896 0.0562606
-2.00312 0.0552052
-1.99728 0.0541499
-1.99144 0.0530966
-1.9856 0.0520372
-1.97976 0.0510274
-1.97392 0.0499731
-1.96808 0.0492919
-1.96224 0.048447
-1.9564 0.047899
-1.95056 0.0472709
-1.94472 0.0463367
-1.93888 0.0464294
-1.93304 0.0459198
-1.9272 0.04589
-1.92136 0.0449132
-1.91552 0.0444532
-1.90968 0.0436745
-1.90384 0.0433365
-1.898 0.0432762
-1.89216 0.0426182
-1.88632 0.042587
-1.88048 0.0424526
-1.87464 0.0420782
-1.8688 0.0429763
-1.86296 0.0419529
-1.85712 0.0422819
-1.85128 0.0422894
-1.84544 0.041129
-1.8396 0.0421571
-1.83376 0.0424897
-1.82792 0.0419162
-1.82208 0.0421611
-1.81624 0.0428373
-1.8104 0.0422676
-1.80456 0.0422537
-1.79872 0.0433751
-1.79288 0.0439935
-1.78704 0.0427013
-1.7812 0.0428885
-1.77536 0.0429024
-1.76952 0.0442148
-1.76368 0.043566
-1.75784 0.0438448
-1.752 0.0447807
-1.74616 0.0445369
-1.74032 0.044777
-1.73448 0.0449489
-1.72864 0.0447393
-1.7228 0.0465055
-1.71696 0.0448392
-1.71112 0.0466123
-1.70528 0.0465011
-1.69944 0.0487777
-1.6936 0.0477761
-1.68776 0.0483641
-1.68192 0.0487349
-1.67608 0.0484781
-1.67024 0.0477939
-1.6644 0.0495573
-1.65856 0.0496282
-1.65272 0.0490195
-1.64688 0.0511269
-1.64104 0.051501
-1.6352 0.0518374
-1.62936 0.0511331
-1.62352 0.0536582
-1.61768 0.0527562
-1.61184 0.0542347
-1.606 0.0541838
-1.60016 0.0562315
-1.59432 0.0575491
-1.58848 0.0585666
-1.58264 0.0594469
-1.5768 0.0591165
-1.57096 0.062934
-1.56512 0.0619304
-1.55928 0.0648657
-1.55344 0.066206
-1.5476 0.0669613
-1.54176 0.0686167
-1.53592 0.068945
-1.53008 0.0676879
-1.52424 0.069978
-1.5184 0.0731511
-1.51256 0.0751836
-1.50672 0.0738199
-1.50088 0.0760764
-1.49504 0.0785531
-1.4892 0.0812593
-1.48336 0.0795138
-1.47752 0.0806309
-1.47168 0.0822254
-1.46584 0.0807881
-1.46 0.083356
-1.45416 0.0862331
-1.44832 0.0879331
-1.44248 0.0879925
-1.43664 0.0887693
-1.4308 0.0905566
-1.42496 0.0904374
-1.41912 0.0924703
-1.41328 0.0944865
-1.40744 0.0958924
-1.4016 0.098979
-1.39576 0.0987008
-1.38992 0.0985746
-1.38408 0.103073
-1.37824 0.104863
-1.3724 0.104318
-1.36656 0.106475
-1.36072 0.108178
-1.35488 0.110793
-1.34904 0.108128
-1.3432 0.112279
-1.33736 0.111427
-1.33152 0.112828
-1.32568 0.115176
-1.31984 0.116986
-1.314 0.119071
-1.30816 0.11686
-1.30232 0.118641
-1.29648 0.121834
-1.29064 0.12104
-1.2848 0.125492
-1.27896 0.12473
-1.27312 0.127072
-1.26728 0.128448
-1.26144 0.129407
-1.2556 0.131102
-1.24976 0.131646
-1.24392 0.131943
-1.23808 0.133475
-1.23224 0.135339
-1.2264 0.13755
-1.22056 0.136504
-1.21472 0.13779
-1.20888 0.140591
-1.20304 0.142016
-1.1972 0.143426
-1.19136 0.143976
-1.18552 0.145628
-1.17968 0.146478
-1.17384 0.149097
-1.168 0.149091
-1.16216 0.150838
-1.15632 0.153788
-1.15048 0.15513
-1.14464 0.156022
-1.1388 0.155591
-1.13296 0.158457
-1.12712 0.158197
-1.12128 0.160727
-1.11544 0.163166
-1.1096 0.163513
-1.10376 0.164901
-1.09792 0.165913
-1.09208 0.164371
-1.08624 0.166604
-1.0804 0.169167
-1.07456 0.1707
-1.06872 0.169719
-1.06288 0.170418
-1.05704 0.175023
-1.0512 0.17548
-1.04536 0.173846
-1.03952 0.174969
-1.03368 0.175716
-1.02784 0.172984
-1.022 0.174617
-1.01616 0.176533
-1.01032 0.176276
-1.00448 0.176977
-0.99864 0.176874
-0.9928 0.177951
-0.98696 0.176137
-0.98112 0.177279
-0.97528 0.178842
-0.96944 0.178881
-0.9636 0.180455
-0.95776 0.179136
-0.95192 0.17803
-0.94608 0.181509
-0.94024 0.181097
-0.9344 0.181603
-0.92856 0.182362
-0.92272 0.182883
-0.91688 0.18348
-0.91104 0.181328
-0.9052 0.183664
-0.89936 0.18294
-0.89352 0.184375
-0.88768 0.184533
-0.88184 0.186516
-0.876 0.185581
-0.87016 0.184096
-0.86432 0.184903
-0.85848 0.186238
-0.85264 0.186594
-0.8468 0.187579
-0.84096 0.187612
-0.83512 0.188619
-0.82928 0.189579
-0.82344 0.187606
-0.8176 0.188525
-0.81176 0.18822
-0.80592 0.188539
-0.80008 0.189153
-0.79424 0.190154
-0.7884 0.190795
-0.78256 0.190416
-0.77672 0.190965
-0.77088 0.191548
-0.76504 0.191303
-0.7592 0.192022
-0.75336 0.19319
-0.74752 0.192836
-0.74168 0.193497
-0.73584 0.193953
-0.73 0.194707
-0.72416 0.195079
-0.71832 0.195998
-0.71248 0.196025
-0.70664 0.19737
-0.7008 0.197252
-0.69496 0.198114
-0.68912 0.198564
-0.68328 0.19954
-0.67744 0.201099
-0.6716 0.202153
-0.66576 0.202755
-0.65992 0.203473
-0.65408 0.203348
-0.64824 0.204047
-0.6424 0.204704
-0.63656 0.205397
-0.63072 0.205503
-0.62488 0.20632
-0.61904 0.206503
-0.6132 0.206773
-0.60736 0.206533
-0.60152 0.206837
-0.59568 0.206837
-0.58984 0.206837
-0.584 0.206837
-0.57816 0.206837
-0.57232 0.206837
-0.56648 0.206837
-0.56064 0.206837
-0.5548 0.206837
-0.54896 0.206837
-0.54312 0.206837
-0.53728 0.206837
-0.53144 0.206837
-0.5256 0.206837
-0.51976 0.206837
-0.51392 0.206837
-0.50808 0.206837
-0.50224 0.206837
-0.4964 0.206837
-0.49056 0.206837
-0.48472 0.206837
-0.47888 0.206837
-0.47304 0.206837
-0.4672 0.206837
-0.46136 0.206837
-0.45552 0.206837
-0.44968 0.206837
-0.44384 0.206837
-0.438 0.206837
-0.43216 0.206837
-0.42632 0.206837
-0.42048 0.206837
-0.41464 0.206837
-0.4088 0.206837
-0.40296 0.206837
-0.39712 0.206837
-0.39128 0.206837
-0.38544 0.206837
-0.3796 0.206837
-0.37376 0.206837
-0.36792 0.206837
-0.36208 0.206837
-0.35624 0.206837
-0.3504 0.206837
-0.34456 0.206837
-0.33872 0.206837
-0.33288 0.206837
-0.32704 0.206837
-0.3212 0.206837
-0.31536 0.206837
-0.30952 0.206837
-0.30368 0.206837
-0.29784 0.206837
-0.292 0.206837
-0.28616 0.206837
-0.28032 0.206837
-0.27448 0.206837
-0.26864 0.206837
-0.2628 0.206837
-0.25696 0.206837
-0.25112 0.206837
-0.24528 0.206837
-0.23944 0.206837
-0.2336 0.206837
-0.22776 0.206837
-0.22192 0.206837
-0.21608 0.206837
-0.21024 0.206837
-0.2044 0.206837
-0.19856 0.206837
-0.19272 0.206837
-0.18688 0.206837
-0.18104 0.206837
-0.1752 0.206837
-0.16936 0.206837
-0.16352 0.206837
-0.15768 0.206837
-0.15184 0.206837
-0.146 0.206837
-0.14016 0.206837
-0.13432 0.206837
-0.12848 0.206837
-0.12264 0.206837
-0.1168 0.206837
-0.11096 0.206837
-0.10512 0.206837
-0.09928 0.206837
-0.09344 0.206837
-0.0876 0.206837
-0.08176 0.206837
-0.07592 0.206837
-0.07008 0.206837
-0.06424 0.206837
-0.0584 0.206837
-0.05256 0.206837
-0.04672 0.206837
-0.04088 0.206837
-0.03504 0.206837
-0.0292 0.206837
-0.02336 0.206837
-0.01752 0.206837
-0.01168 0.206837
-0.00584 0.206837
