-2.92 0.141278
-2.91416 0.141278
-2.90832 0.141278
-2.90248 0.141278
-2.89664 0.141278
-2.8908 0.141278
-2.88496 0.141278
-2.87912 0.141278
-2.87328 0.141278
-2.86744 0.141278
-2.8616 0.141278
-2.85576 0.141278
-2.84992 0.141278
-2.84408 0.141278
-2.83824 0.141278
-2.8324 0.141278
-2.82656 0.141278
-2.82072 0.141278
-2.81488 0.141278
-2.80904 0.141278
-2.8032 0.141278
-2.79736 0.141278
-2.79152 0.141278
-2.78568 0.141278
-2.77984 0.141278
-2.774 0.141278
-2.76816 0.141278
-2.76232 0.141278
-2.75648 0.141278
-2.75064 0.141278
-2.7448 0.141278
-2.73896 0.141278
-2.73312 0.141278
-2.72728 0.141278
-2.72144 0.141278
-2.7156 0.141278
-2.70976 0.141278
-2.70392 0.141278
-2.69808 0.141278
-2.69224 0.141278
-2.6864 0.141278
-2.68056 0.141278
-2.67472 0.141278
-2.66888 0.141278
-2.66304 0.141278
-2.6572 0.141278
-2.65136 0.141278
-2.64552 0.141278
-2.63968 0.141278
-2.63384 0.141278
-2.628 0.141278
-2.62216 0.141278
-2.61632 0.141278
-2.61048 0.141278
-2.60464 0.141278
-2.5988 0.141278
-2.59296 0.141189
-2.58712 0.141012
-2.58128 0.140834
-2.57544 0.140657
-2.5696 0.14048
-2.56376 0.140258
-2.55792 0.139992
-2.55208 0.139681
-2.54624 0.139327
-2.5404 0.138928
-2.53456 0.138486
-2.52872 0.138044
-2.52288 0.137601
-2.51704 0.137116
-2.5112 0.136675
-2.50536 0.136145
-2.49952 0.135616
-2.49368 0.134999
-2.48784 0.134382
-2.482 0.133854
-2.47616 0.133191
-2.47032 0.132528
-2.46448 0.131865
-2.45864 0.131159
-2.4528 0.130408
-2.44696 0.129657
-2.44112 0.128906
-2.43528 0.128111
-2.42944 0.127272
-2.4236 0.126433
-2.41776 0.125594
-2.41192 0.124667
-2.40608 0.12374
-2.40024 0.122813
-2.3944 0.121887
-2.38856 0.120958
-2.38272 0.12003
-2.37688 0.119102
-2.37104 0.118173
-2.3652 0.117289
-2.35936 0.11636
-2.35352 0.115519
-2.34768 0.114633
-2.34184 0.113748
-2.336 0.112838
-2.33016 0.111883
-2.32432 0.111016
-2.31848 0.110061
-2.31264 0.109106
-2.3068 0.108194
-2.30096 0.107238
-2.29512 0.106327
-2.28928 0.105372
-2.28344 0.104417
-2.2776 0.103417
-2.27176 0.102506
-2.26592 0.101507
-2.26008 0.100554
-2.25424 0.0995105
-2.2484 0.0984675
-2.24256 0.0973811
-2.23672 0.0962946
-2.23088 0.0952081
-2.22504 0.0941217
-2.2192 0.0930352
-2.21336 0.0919487
-2.20752 0.0909057
-2.20168 0.0898192
-2.19584 0.0888197
-2.19 0.0877332
-2.18416 0.0866467
-2.17832 0.0855614
-2.17248 0.0845008
-2.16664 0.0834144
-2.1608 0.082329
-2.15496 0.0812425
-2.14912 0.0801551
-2.14328 0.0791123
-2.13744 0.0780318
-2.1316 0.0769523
-2.12576 0.0758718
-2.11992 0.0747924
-2.11408 0.0737129
-2.10824 0.0726323
-2.1024 0.0715528
-2.09656 0.0704734
-2.09072 0.0693929
-2.08488 0.0683134
-2.07904 0.0672328
-2.0732 0.0661969
-2.06736 0.0651175
-2.06152 0.064038
-2.05568 0.062914
-2.04984 0.0618779
-2.044 0.0608876
-2.03816 0.0598002
-2.03232 0.0587138
-2.02648 0.0576273
-2.02064 0.0565408
-2.0148 0.0554554
-2.00896 0.05437
-2.00312 0.0532825
-1.99728 0.052195
-1.99144 0.051157
-1.9856 0.0500675
-1.97976 0.0490275
-1.97392 0.0479856
-1.96808 0.0471907
-1.96224 0.0464443
-1.9564 0.0459054
-1.95056 0.0451057
-1.94472 0.0446062
-1.93888 0.0436909
-1.93304 0.044083
-1.9272 0.042916
-1.92136 0.0425905
-1.91552 0.041854
-1.90968 0.0414856
-1.90384 0.0409593
-1.898 0.0408434
-1.89216 0.0404881
-1.88632 0.0406651
-1.88048 0.0410241
-1.87464 0.0398149
-1.8688 0.0408916
-1.86296 0.040062
-1.85712 0.0402641
-1.85128 0.0393495
-1.84544 0.0408916
-1.8396 0.0405502
-1.83376 0.0408111
-1.82792 0.0411502
-1.82208 0.0416991
-1.81624 0.0417857
-1.8104 0.0410767
-1.80456 0.0413323
-1.79872 0.0419678
-1.79288 0.0423367
-1.78704 0.0428629
-1.7812 0.0417894
-1.77536 0.0428552
-1.76952 0.0430274
-1.76368 0.042787
-1.75784 0.0446448
-1.752 0.0431326
-1.74616 0.043908
-1.74032 0.0452649
-1.73448 0.0460212
-1.72864 0.0451669
-1.7228 0.0455705
-1.71696 0.0469305
-1.71112 0.0457694
-1.70528 0.0464772
-1.69944 0.0476457
-1.6936 0.0488708
-1.68776 0.0490483
-1.68192 0.050074
-1.67608 0.0488493
-1.67024 0.0511846
-1.6644 0.0508842
-1.65856 0.0517332
-1.65272 0.0516265
-1.64688 0.0531364
-1.64104 0.0540213
-1.6352 0.05486
-1.62936 0.0543909
-1.62352 0.0551506
-1.61768 0.0574673
-1.61184 0.0556655
-1.606 0.0577249
-1.60016 0.0595969
-1.59432 0.0584644
-1.58848 0.0605579
-1.58264 0.062637
-1.5768 0.0617636
-1.57096 0.062567
-1.56512 0.0652985
-1.55928 0.0663728
-1.55344 0.0665882
-1.5476 0.0691231
-1.54176 0.0706152
-1.53592 0.0724996
-1.53008 0.0725347
-1.52424 0.0727709
-1.5184 0.0748874
-1.51256 0.075559
-1.50672 0.0757221
-1.50088 0.0767312
-1.49504 0.0773155
-1.4892 0.0792977
-1.48336 0.0787959
-1.47752 0.0792241
-1.47168 0.080165
-1.46584 0.0797346
-1.46 0.0833539
-1.45416 0.083364
-1.44832 0.084442
-1.44248 0.0846763
-1.43664 0.0872506
-1.4308 0.0895357
-1.42496 0.0905775
-1.41912 0.0911881
-1.41328 0.0918754
-1.40744 0.0927539
-1.4016 0.0926383
-1.39576 0.0950107
-1.38992 0.0987272
-1.38408 0.10024
-1.37824 0.102786
-1.3724 0.102662
-1.36656 0.102115
-1.36072 0.104519
-1.35488 0.105848
-1.34904 0.105923
-1.3432 0.106003
-1.33736 0.106518
-1.33152 0.109957
-1.32568 0.11104
-1.31984 0.111584
-1.314 0.11357
-1.30816 0.112881
-1.30232 0.117065
-1.29648 0.118601
-1.29064 0.11874
-1.2848 0.121849
-1.27896 0.122375
-1.27312 0.122098
-1.26728 0.121533
-1.26144 0.123774
-1.2556 0.125639
-1.24976 0.125503
-1.24392 0.128633
-1.23808 0.126315
-1.23224 0.130209
-1.2264 0.129666
-1.22056 0.132522
-1.21472 0.132655
-1.20888 0.134678
-1.20304 0.13682
-1.1972 0.137719
-1.19136 0.13839
-1.18552 0.13897
-1.17968 0.142544
-1.17384 0.142244
-1.168 0.143755
-1.16216 0.146175
-1.15632 0.145523
-1.15048 0.148298
-1.14464 0.149116
-1.1388 0.148211
-1.13296 0.148773
-1.12712 0.150695
-1.12128 0.152128
-1.11544 0.15396
-1.1096 0.155311
-1.10376 0.157886
-1.09792 0.157643
-1.09208 0.157573
-1.08624 0.157242
-1.0804 0.161398
-1.07456 0.161303
-1.06872 0.161152
-1.06288 0.162336
-1.05704 0.163523
-1.0512 0.163491
-1.04536 0.16383
-1.03952 0.16359
-1.03368 0.164159
-1.02784 0.163666
-1.022 0.16493
-1.01616 0.164968
-1.01032 0.16519
-1.00448 0.164789
-0.99864 0.165491
-0.9928 0.166337
-0.98696 0.167381
-0.98112 0.167251
-0.97528 0.165496
-0.96944 0.166713
-0.9636 0.166293
-0.95776 0.167265
-0.95192 0.167519
-0.94608 0.169339
-0.94024 0.169012
-0.9344 0.170135
-0.92856 0.169343
-0.92272 0.169629
-0.91688 0.16959
-0.91104 0.168673
-0.9052 0.1692
-0.89936 0.169017
-0.89352 0.170634
-0.88768 0.170015
-0.88184 0.16987
-0.876 0.17021
-0.87016 0.169393
-0.86432 0.171274
-0.85848 0.171255
-0.85264 0.172007
-0.8468 0.171849
-0.84096 0.172315
-0.83512 0.172851
-0.82928 0.171453
-0.82344 0.171014
-0.8176 0.171735
-0.81176 0.172145
-0.80592 0.171678
-0.80008 0.170683
-0.79424 0.171578
-0.7884 0.171497
-0.78256 0.172136
-0.77672 0.172755
-0.77088 0.17245
-0.76504 0.172816
-0.7592 0.172043
-0.75336 0.172493
-0.74752 0.172778
-0.74168 0.173396
-0.73584 0.173338
-0.73 0.174126
-0.72416 0.173856
-0.71832 0.17434
-0.71248 0.174746
-0.70664 0.1746
-0.7008 0.175087
-0.69496 0.175408
-0.68912 0.175515
-0.68328 0.176089
-0.67744 0.177587
-0.6716 0.177778
-0.66576 0.178388
-0.65992 0.178957
-0.65408 0.178961
-0.64824 0.179191
-0.6424 0.180137
-0.63656 0.180913
-0.63072 0.181016
-0.62488 0.181409
-0.61904 0.181759
-0.6132 0.181645
-0.60736 0.181612
-0.60152 0.181915
-0.59568 0.181915
-0.58984 0.181915
-0.584 0.181915
-0.57816 0.181915
-0.57232 0.181915
-0.56648 0.181915
-0.56064 0.181915
-0.5548 0.181915
-0.54896 0.181915
-0.54312 0.181915
-0.53728 0.181915
-0.53144 0.181915
-0.5256 0.181915
-0.51976 0.181915
-0.51392 0.181915
-0.50808 0.181915
-0.50224 0.181915
-0.4964 0.181915
-0.49056 0.181915
-0.48472 0.181915
-0.47888 0.181915
-0.47304 0.181915
-0.4672 0.181915
-0.46136 0.181915
-0.45552 0.181915
-0.44968 0.181915
-0.44384 0.181915
-0.438 0.181915
-0.43216 0.181915
-0.42632 0.181915
-0.42048 0.181915
-0.41464 0.181915
-0.4088 0.181915
-0.40296 0.181915
-0.39712 0.181915
-0.39128 0.181915
-0.38544 0.181915
-0.3796 0.181915
-0.37376 0.181915
-0.36792 0.181915
-0.36208 0.181915
-0.35624 0.181915
-0.3504 0.181915
-0.34456 0.181915
-0.33872 0.181915
-0.33288 0.181915
-0.32704 0.181915
-0.3212 0.181915
-0.31536 0.181915
-0.30952 0.181915
-0.30368 0.181915
-0.29784 0.181915
-0.292 0.181915
-0.28616 0.181915
-0.28032 0.181915
-0.27448 0.181915
-0.26864 0.181915
-0.2628 0.181915
-0.25696 0.181915
-0.25112 0.181915
-0.24528 0.181915
-0.23944 0.181915
-0.2336 0.181915
-0.22776 0.181915
-0.22192 0.181915
-0.21608 0.181915
-0.21024 0.181915
-0.2044 0.181915
-0.19856 0.181915
-0.19272 0.181915
-0.18688 0.181915
-0.18104 0.181915
-0.1752 0.181915
-0.16936 0.181915
-0.16352 0.181915
-0.15768 0.181915
-0.15184 0.181915
-0.146 0.181915
-0.14016 0.181915
-0.13432 0.181915
-0.12848 0.181915
-0.12264 0.181915
-0.1168 0.181915
-0.11096 0.181915
-0.10512 0.181915
-0.09928 0.181915
-0.09344 0.181915
-0.0876 0.181915
-0.08176 0.181915
-0.07592 0.181915
-0.07008 0.181915
-0.06424 0.181915
-0.0584 0.181915
-0.05256 0.181915
-0.04672 0.181915
-0.04088 0.181915
-0.03504 0.181915
-0.0292 0.181915
-0.02336 0.181915
-0.01752 0.181915
-0.01168 0.181915
-0.00584 0.181915
