-2.92 0.142216
-2.91416 0.142216
-2.90832 0.142216
-2.90248 0.142216
-2.89664 0.142216
-2.8908 0.142216
-2.88496 0.142216
-2.87912 0.142216
-2.87328 0.142216
-2.86744 0.142216
-2.8616 0.142216
-2.85576 0.142216
-2.84992 0.142216
-2.84408 0.142216
-2.83824 0.142216
-2.8324 0.142216
-2.82656 0.142216
-2.82072 0.142216
-2.81488 0.142216
-2.80904 0.142216
-2.8032 0.142216
-2.79736 0.142216
-2.79152 0.142216
-2.78568 0.142216
-2.77984 0.142216
-2.774 0.142216
-2.76816 0.142216
-2.76232 0.142216
-2.75648 0.142216
-2.75064 0.142216
-2.7448 0.142216
-2.73896 0.142216
-2.73312 0.142216
-2.72728 0.142216
-2.72144 0.142216
-2.7156 0.142216
-2.70976 0.142216
-2.70392 0.142216
-2.69808 0.142216
-2.69224 0.142216
-2.6864 0.142216
-2.68056 0.142216
-2.67472 0.142216
-2.66888 0.142216
-2.66304 0.142216
-2.6572 0.142216
-2.65136 0.142216
-2.64552 0.142216
-2.63968 0.142216
-2.63384 0.142216
-2.628 0.142216
-2.62216 0.142216
-2.61632 0.142216
-2.61048 0.142216
-2.60464 0.142216
-2.5988 0.142216
-2.59296 0.142041
-2.58712 0.141777
-2.58128 0.141468
-2.57544 0.141159
-2.5696 0.14085
-2.56376 0.140453
-2.55792 0.140011
-2.55208 0.13957
-2.54624 0.139128
-2.5404 0.138686
-2.53456 0.138157
-2.52872 0.137627
-2.52288 0.137141
-2.51704 0.136524
-2.5112 0.135908
-2.50536 0.135334
-2.49952 0.134806
-2.49368 0.134188
-2.48784 0.133616
-2.482 0.133175
-2.47616 0.132471
-2.47032 0.131767
-2.46448 0.131062
-2.45864 0.130313
-2.4528 0.12952
-2.44696 0.128726
-2.44112 0.127888
-2.43528 0.127049
-2.42944 0.12621
-2.4236 0.125371
-2.41776 0.124531
-2.41192 0.123692
-2.40608 0.122853
-2.40024 0.122014
-2.3944 0.121175
-2.38856 0.120336
-2.38272 0.119452
-2.37688 0.118613
-2.37104 0.117729
-2.3652 0.116845
-2.35936 0.115961
-2.35352 0.115079
-2.34768 0.114196
-2.34184 0.113311
-2.336 0.112382
-2.33016 0.111496
-2.32432 0.110654
-2.31848 0.109724
-2.31264 0.108793
-2.3068 0.107908
-2.30096 0.106977
-2.29512 0.106004
-2.28928 0.105074
-2.28344 0.104189
-2.2776 0.103214
-2.27176 0.10224
-2.26592 0.10131
-2.26008 0.100466
-2.25424 0.0994462
-2.2484 0.0984265
-2.24256 0.0974068
-2.23672 0.0963872
-2.23088 0.0953675
-2.22504 0.0943479
-2.2192 0.0933282
-2.21336 0.0923075
-2.20752 0.0912878
-2.20168 0.0902236
-2.19584 0.089205
-2.19 0.0881408
-2.18416 0.08712
-2.17832 0.0860558
-2.17248 0.0849926
-2.16664 0.0839273
-2.1608 0.082863
-2.15496 0.0817542
-2.14912 0.0806454
-2.14328 0.0795366
-2.13744 0.0784278
-2.1316 0.0773635
-2.12576 0.0762993
-2.11992 0.0752351
-2.11408 0.0741697
-2.10824 0.0731044
-2.1024 0.0720401
-2.09656 0.0709312
-2.09072 0.0698659
-2.08488 0.0688451
-2.07904 0.0677363
-2.0732 0.0666286
-2.06736 0.0655633
-2.06152 0.0645436
-2.05568 0.0634348
-2.04984 0.0624151
-2.044 0.0615259
-2.03816 0.0604171
-2.03232 0.0593083
-2.02648 0.0581995
-2.02064 0.0570917
-2.0148 0.0560263
-2.00896 0.05496
-2.00312 0.0538978
-1.99728 0.0528335
-1.99144 0.0518129
-1.9856 0.0507527
-1.97976 0.0496875
-1.97392 0.0487093
-1.96808 0.0480741
-1.96224 0.0473533
-1.9564 0.0464614
-1.95056 0.046289
-1.94472 0.045695
-1.93888 0.0453948
-1.93304 0.0453851
-1.9272 0.0446252
-1.92136 0.0441468
-1.91552 0.0438964
-1.90968 0.0430937
-1.90384 0.0427559
-1.898 0.0431354
-1.89216 0.0429646
-1.88632 0.042459
-1.88048 0.0417448
-1.87464 0.0421608
-1.8688 0.0424193
-1.86296 0.0428013
-1.85712 0.0432223
-1.85128 0.0428935
-1.84544 0.0423016
-1.8396 0.0421351
-1.83376 0.0424797
-1.82792 0.0432902
-1.82208 0.0438416
-1.81624 0.0438992
-1.8104 0.0442877
-1.80456 0.0437849
-1.79872 0.044677
-1.79288 0.0443493
-1.78704 0.0448607
-1.7812 0.0450395
-1.77536 0.0463141
-1.76952 0.0472517
-1.76368 0.046202
-1.75784 0.0473014
-1.752 0.0482849
-1.74616 0.0472114
-1.74032 0.0481024
-1.73448 0.0492503
-1.72864 0.049815
-1.7228 0.0502493
-1.71696 0.0508959
-1.71112 0.0516303
-1.70528 0.0521115
-1.69944 0.052271
-1.6936 0.0529569
-1.68776 0.0536102
-1.68192 0.0553151
-1.67608 0.0544823
-1.67024 0.0556526
-1.6644 0.0546696
-1.65856 0.0551098
-1.65272 0.0563447
-1.64688 0.0567083
-1.64104 0.0581297
-1.6352 0.0571388
-1.62936 0.058271
-1.62352 0.0567389
-1.61768 0.0591876
-1.61184 0.0592027
-1.606 0.0608109
-1.60016 0.0624639
-1.59432 0.0621245
-1.58848 0.0639177
-1.58264 0.0645572
-1.5768 0.0633323
-1.57096 0.0666307
-1.56512 0.0672235
-1.55928 0.0672052
-1.55344 0.0673861
-1.5476 0.0691826
-1.54176 0.0707561
-1.53592 0.0734163
-1.53008 0.0740608
-1.52424 0.073254
-1.5184 0.0752556
-1.51256 0.0756411
-1.50672 0.0771997
-1.50088 0.0807176
-1.49504 0.0791631
-1.4892 0.0799176
-1.48336 0.0815482
-1.47752 0.0842363
-1.47168 0.0833285
-1.46584 0.0842293
-1.46 0.0837941
-1.45416 0.0857247
-1.44832 0.0873103
-1.44248 0.0866642
-1.43664 0.0890131
-1.4308 0.0897605
-1.42496 0.0912169
-1.41912 0.0926349
-1.41328 0.0907678
-1.40744 0.0936209
-1.4016 0.0950252
-1.39576 0.096037
-1.38992 0.0968277
-1.38408 0.0985393
-1.37824 0.0992361
-1.3724 0.101381
-1.36656 0.0984124
-1.36072 0.101998
-1.35488 0.102159
-1.34904 0.101173
-1.3432 0.10175
-1.33736 0.10483
-1.33152 0.106965
-1.32568 0.107922
-1.31984 0.109295
-1.314 0.108993
-1.30816 0.108212
-1.30232 0.110585
-1.29648 0.112141
-1.29064 0.112923
-1.2848 0.113123
-1.27896 0.115516
-1.27312 0.115801
-1.26728 0.116552
-1.26144 0.115387
-1.2556 0.116471
-1.24976 0.115909
-1.24392 0.118473
-1.23808 0.117399
-1.23224 0.120224
-1.2264 0.118756
-1.22056 0.11986
-1.21472 0.122178
-1.20888 0.120726
-1.20304 0.123758
-1.1972 0.123879
-1.19136 0.124249
-1.18552 0.124463
-1.17968 0.126096
-1.17384 0.126413
-1.168 0.127672
-1.16216 0.129869
-1.15632 0.129433
-1.15048 0.130328
-1.14464 0.131664
-1.1388 0.130427
-1.13296 0.133416
-1.12712 0.132011
-1.12128 0.131753
-1.11544 0.13293
-1.1096 0.134111
-1.10376 0.135144
-1.09792 0.13694
-1.09208 0.13644
-1.08624 0.137077
-1.0804 0.138079
-1.07456 0.136831
-1.06872 0.138694
-1.06288 0.140882
-1.05704 0.139456
-1.0512 0.139927
-1.04536 0.140221
-1.03952 0.140974
-1.03368 0.140714
-1.02784 0.139467
-1.022 0.138997
-1.01616 0.138783
-1.01032 0.139103
-1.00448 0.136816
-0.99864 0.137192
-0.9928 0.138231
-0.98696 0.137115
-0.98112 0.137442
-0.97528 0.135497
-0.96944 0.135652
-0.9636 0.135891
-0.95776 0.135844
-0.95192 0.13626
-0.94608 0.136075
-0.94024 0.13597
-0.9344 0.136129
-0.92856 0.134719
-0.92272 0.13505
-0.91688 0.133142
-0.91104 0.132112
-0.9052 0.132903
-0.89936 0.132727
-0.89352 0.133682
-0.88768 0.131981
-0.88184 0.133523
-0.876 0.132372
-0.87016 0.132252
-0.86432 0.131763
-0.85848 0.132091
-0.85264 0.132203
-0.8468 0.131008
-0.84096 0.132637
-0.83512 0.131489
-0.82928 0.131173
-0.82344 0.130114
-0.8176 0.129844
-0.81176 0.129025
-0.80592 0.129097
-0.80008 0.12857
-0.79424 0.128508
-0.7884 0.127859
-0.78256 0.128598
-0.77672 0.128456
-0.77088 0.128271
-0.76504 0.128375
-0.7592 0.128357
-0.75336 0.127585
-0.74752 0.128112
-0.74168 0.128055
-0.73584 0.12829
-0.73 0.128653
-0.72416 0.129223
-0.71832 0.12937
-0.71248 0.129184
-0.70664 0.129965
-0.7008 0.130323
-0.69496 0.131107
-0.68912 0.130752
-0.68328 0.131451
-0.67744 0.132654
-0.6716 0.133138
-0.66576 0.133875
-0.65992 0.134148
-0.65408 0.133937
-0.64824 0.134504
-0.6424 0.135148
-0.63656 0.135413
-0.63072 0.135633
-0.62488 0.135556
-0.61904 0.135769
-0.6132 0.135399
-0.60736 0.135234
-0.60152 0.135405
-0.59568 0.135405
-0.58984 0.135405
-0.584 0.135405
-0.57816 0.135405
-0.57232 0.135405
-0.56648 0.135405
-0.56064 0.135405
-0.5548 0.135405
-0.54896 0.135405
-0.54312 0.135405
-0.53728 0.135405
-0.53144 0.135405
-0.5256 0.135405
-0.51976 0.135405
-0.51392 0.135405
-0.50808 0.135405
-0.50224 0.135405
-0.4964 0.135405
-0.49056 0.135405
-0.48472 0.135405
-0.47888 0.135405
-0.47304 0.135405
-0.4672 0.135405
-0.46136 0.135405
-0.45552 0.135405
-0.44968 0.135405
-0.44384 0.135405
-0.438 0.135405
-0.43216 0.135405
-0.42632 0.135405
-0.42048 0.135405
-0.41464 0.135405
-0.4088 0.135405
-0.40296 0.135405
-0.39712 0.135405
-0.39128 0.135405
-0.38544 0.135405
-0.3796 0.135405
-0.37376 0.135405
-0.36792 0.135405
-0.36208 0.135405
-0.35624 0.135405
-0.3504 0.135405
-0.34456 0.135405
-0.33872 0.135405
-0.33288 0.135405
-0.32704 0.135405
-0.3212 0.135405
-0.31536 0.135405
-0.30952 0.135405
-0.30368 0.135405
-0.29784 0.135405
-0.292 0.135405
-0.28616 0.135405
-0.28032 0.135405
-0.27448 0.135405
-0.26864 0.135405
-0.2628 0.135405
-0.25696 0.135405
-0.25112 0.135405
-0.24528 0.135405
-0.23944 0.135405
-0.2336 0.135405
-0.22776 0.135405
-0.22192 0.135405
-0.21608 0.135405
-0.21024 0.135405
-0.2044 0.135405
-0.19856 0.135405
-0.19272 0.135405
-0.18688 0.135405
-0.18104 0.135405
-0.1752 0.135405
-0.16936 0.135405
-0.16352 0.135405
-0.15768 0.135405
-0.15184 0.135405
-0.146 0.135405
-0.14016 0.135405
-0.13432 0.135405
-0.12848 0.135405
-0.12264 0.135405
-0.1168 0.135405
-0.11096 0.135405
-0.10512 0.135405
-0.09928 0.135405
-0.09344 0.135405
-0.0876 0.135405
-0.08176 0.135405
-0.07592 0.135405
-0.07008 0.135405
-0.06424 0.135405
-0.0584 0.135405
-0.05256 0.135405
-0.04672 0.135405
-0.04088 0.135405
-0.03504 0.135405
-0.0292 0.135405
-0.02336 0.135405
-0.01752 0.135405
-0.01168 0.135405
-0.00584 0.135405
