-2.92 0.133011
-2.91416 0.133011
-2.90832 0.133011
-2.90248 0.133011
-2.89664 0.133011
-2.8908 0.133011
-2.88496 0.133011
-2.87912 0.133011
-2.87328 0.133011
-2.86744 0.133011
-2.8616 0.133011
-2.85576 0.133011
-2.84992 0.133011
-2.84408 0.133011
-2.83824 0.133011
-2.8324 0.133011
-2.82656 0.133011
-2.82072 0.133011
-2.81488 0.133011
-2.80904 0.133011
-2.8032 0.133011
-2.79736 0.133011
-2.79152 0.133011
-2.78568 0.133011
-2.77984 0.133011
-2.774 0.133011
-2.76816 0.133011
-2.76232 0.133011
-2.75648 0.133011
-2.75064 0.133011
-2.7448 0.133011
-2.73896 0.133011
-2.73312 0.133011
-2.72728 0.133011
-2.72144 0.133011
-2.7156 0.133011
-2.70976 0.133011
-2.70392 0.133011
-2.69808 0.133011
-2.69224 0.133011
-2.6864 0.133011
-2.68056 0.133011
-2.67472 0.133011
-2.66888 0.133011
-2.66304 0.133011
-2.6572 0.133011
-2.65136 0.133011
-2.64552 0.133011
-2.63968 0.133011
-2.63384 0.133011
-2.628 0.133011
-2.62216 0.133011
-2.61632 0.133011
-2.61048 0.133011
-2.60464 0.133011
-2.5988 0.133011
-2.59296 0.132835
-2.58712 0.132526
-2.58128 0.132173
-2.57544 0.131776
-2.5696 0.131336
-2.56376 0.130896
-2.55792 0.130412
-2.55208 0.129929
-2.54624 0.129402
-2.5404 0.12883
-2.53456 0.128257
-2.52872 0.127641
-2.52288 0.127025
-2.51704 0.126408
-2.5112 0.125835
-2.50536 0.125219
-2.49952 0.124558
-2.49368 0.123941
-2.48784 0.123325
-2.482 0.122928
-2.47616 0.122223
-2.47032 0.121518
-2.46448 0.120812
-2.45864 0.120107
-2.4528 0.119402
-2.44696 0.118653
-2.44112 0.117905
-2.43528 0.117156
-2.42944 0.116364
-2.4236 0.115572
-2.41776 0.114779
-2.41192 0.113987
-2.40608 0.113195
-2.40024 0.112403
-2.3944 0.111567
-2.38856 0.110732
-2.38272 0.109896
-2.37688 0.10906
-2.37104 0.108181
-2.3652 0.107345
-2.35936 0.106464
-2.35352 0.105628
-2.34768 0.104747
-2.34184 0.103867
-2.336 0.102987
-2.33016 0.102107
-2.32432 0.101315
-2.31848 0.100434
-2.31264 0.0995542
-2.3068 0.0987186
-2.30096 0.0978818
-2.29512 0.0970896
-2.28928 0.0962539
-2.28344 0.0953737
-2.2776 0.0944935
-2.27176 0.0937014
-2.26592 0.0929538
-2.26008 0.0922062
-2.25424 0.0912825
-2.2484 0.0903589
-2.24256 0.0894352
-2.23672 0.0885115
-2.23088 0.0875878
-2.22504 0.0866642
-2.2192 0.0857405
-2.21336 0.0848168
-2.20752 0.0838931
-2.20168 0.0829695
-2.19584 0.0820893
-2.19 0.0811656
-2.18416 0.0802419
-2.17832 0.0793595
-2.17248 0.0784337
-2.16664 0.0775078
-2.1608 0.0766266
-2.15496 0.0757007
-2.14912 0.0748184
-2.14328 0.0738926
-2.13744 0.0730102
-2.1316 0.0720844
-2.12576 0.0711585
-2.11992 0.0702327
-2.11408 0.0693069
-2.10824 0.0684256
-2.1024 0.0675432
-2.09656 0.0666174
-2.09072 0.0656915
-2.08488 0.0648103
-2.07904 0.0639278
-2.0732 0.0630901
-2.06736 0.0622087
-2.06152 0.0612829
-2.05568 0.0604005
-2.04984 0.0595193
-2.044 0.0589022
-2.03816 0.0579764
-2.03232 0.0570505
-2.02648 0.0561247
-2.02064 0.0551989
-2.0148 0.054273
-2.00896 0.0533472
-2.00312 0.0524214
-1.99728 0.0514977
-1.99144 0.050574
-1.9856 0.0496503
-1.97976 0.0487267
-1.97392 0.0478465
-1.96808 0.0471776
-1.96224 0.0467644
-1.9564 0.0461805
-1.95056 0.0457664
-1.94472 0.0449702
-1.93888 0.0436664
-1.93304 0.0429975
-1.9272 0.0416502
-1.92136 0.0405152
-1.91552 0.0394661
-1.90968 0.0382037
-1.90384 0.0373235
-1.898 0.0362732
-1.89216 0.0353508
-1.88632 0.0345586
-1.88048 0.0337208
-1.87464 0.0327982
-1.8688 0.032047
-1.86296 0.031168
-1.85712 0.0304183
-1.85128 0.0296253
-1.84544 0.0286599
-1.8396 0.0277799
-1.83376 0.0271152
-1.82792 0.0261978
-1.82208 0.0256206
-1.81624 0.0246982
-1.8104 0.0238626
-1.80456 0.0231119
-1.79872 0.0223606
-1.79288 0.0213559
-1.78704 0.0205626
-1.7812 0.0196855
-1.77536 0.0189358
-1.76952 0.0181014
-1.76368 0.0174787
-1.75784 0.0165603
-1.752 0.0160232
-1.74616 0.0152747
-1.74032 0.0144427
-1.73448 0.0136091
-1.72864 0.0129885
-1.7228 0.0122832
-1.71696 0.0115779
-1.71112 0.0108314
-1.70528 0.0102099
-1.69944 0.00959142
-1.6936 0.008846
-1.68776 0.00839718
-1.68192 0.00790683
-1.67608 0.00686368
-1.67024 0.00696691
-1.6644 0.0072398
-1.65856 0.00819035
-1.65272 0.00871635
-1.64688 0.00988303
-1.64104 0.0107959
-1.6352 0.0123843
-1.62936 0.0131293
-1.62352 0.014678
-1.61768 0.0161853
-1.61184 0.0170606
-1.606 0.0171912
-1.60016 0.0175994
-1.59432 0.0173955
-1.58848 0.0178289
-1.58264 0.0177137
-1.5768 0.0192933
-1.57096 0.0201531
-1.56512 0.0200819
-1.55928 0.021024
-1.55344 0.0198574
-1.5476 0.0224941
-1.54176 0.023189
-1.53592 0.0232847
-1.53008 0.0243439
-1.52424 0.0228467
-1.5184 0.0239641
-1.51256 0.0249946
-1.50672 0.0248822
-1.50088 0.0254555
-1.49504 0.0269977
-1.4892 0.0281523
-1.48336 0.0287689
-1.47752 0.0292537
-1.47168 0.0304626
-1.46584 0.0304897
-1.46 0.0310203
-1.45416 0.0323102
-1.44832 0.0328848
-1.44248 0.0349362
-1.43664 0.0345817
-1.4308 0.0354115
-1.42496 0.0381435
-1.41912 0.0377037
-1.41328 0.038788
-1.40744 0.0400414
-1.4016 0.0403229
-1.39576 0.0411995
-1.38992 0.0424539
-1.38408 0.0421524
-1.37824 0.0432846
-1.3724 0.0438189
-1.36656 0.0440231
-1.36072 0.0452798
-1.35488 0.0471701
-1.34904 0.0474115
-1.3432 0.0490099
-1.33736 0.0496278
-1.33152 0.0502484
-1.32568 0.0527818
-1.31984 0.0539994
-1.314 0.0533138
-1.30816 0.0557085
-1.30232 0.0541856
-1.29648 0.05604
-1.29064 0.0567425
-1.2848 0.0571575
-1.27896 0.0606881
-1.27312 0.0607231
-1.26728 0.0618899
-1.26144 0.0633621
-1.2556 0.0633472
-1.24976 0.0661716
-1.24392 0.0663337
-1.23808 0.066351
-1.23224 0.0679553
-1.2264 0.0689159
-1.22056 0.0695852
-1.21472 0.0696592
-1.20888 0.072222
-1.20304 0.0729391
-1.1972 0.0736896
-1.19136 0.073974
-1.18552 0.0748452
-1.17968 0.0760718
-1.17384 0.0784641
-1.168 0.0784972
-1.16216 0.0774776
-1.15632 0.0781447
-1.15048 0.0797047
-1.14464 0.0794
-1.1388 0.0810787
-1.13296 0.0823788
-1.12712 0.0826232
-1.12128 0.083789
-1.11544 0.0837049
-1.1096 0.0871601
-1.10376 0.0884567
-1.09792 0.0894621
-1.09208 0.0906333
-1.08624 0.0887442
-1.0804 0.0900064
-1.07456 0.0910906
-1.06872 0.09146
-1.06288 0.0920045
-1.05704 0.0951584
-1.0512 0.0959472
-1.04536 0.0971217
-1.03952 0.0974415
-1.03368 0.0986618
-1.02784 0.0984481
-1.022 0.0997029
-1.01616 0.101039
-1.01032 0.100694
-1.00448 0.103217
-0.99864 0.103377
-0.9928 0.103705
-0.98696 0.106318
-0.98112 0.105591
-0.97528 0.1068
-0.96944 0.107716
-0.9636 0.107918
-0.95776 0.108797
-0.95192 0.109074
-0.94608 0.10857
-0.94024 0.109618
-0.9344 0.109939
-0.92856 0.110059
-0.92272 0.110216
-0.91688 0.111597
-0.91104 0.112221
-0.9052 0.113056
-0.89936 0.113423
-0.89352 0.113922
-0.88768 0.115603
-0.88184 0.116358
-0.876 0.115756
-0.87016 0.117852
-0.86432 0.116542
-0.85848 0.117255
-0.85264 0.117828
-0.8468 0.118373
-0.84096 0.120592
-0.83512 0.120245
-0.82928 0.121459
-0.82344 0.121826
-0.8176 0.121726
-0.81176 0.123151
-0.80592 0.12323
-0.80008 0.123588
-0.79424 0.124045
-0.7884 0.125001
-0.78256 0.124781
-0.77672 0.12502
-0.77088 0.125588
-0.76504 0.125746
-0.7592 0.12615
-0.75336 0.126218
-0.74752 0.126747
-0.74168 0.126946
-0.73584 0.127387
-0.73 0.12766
-0.72416 0.126512
-0.71832 0.126995
-0.71248 0.127446
-0.70664 0.127807
-0.7008 0.127909
-0.69496 0.128222
-0.68912 0.128492
-0.68328 0.12859
-0.67744 0.128994
-0.6716 0.12939
-0.66576 0.129871
-0.65992 0.130186
-0.65408 0.131109
-0.64824 0.130541
-0.6424 0.130893
-0.63656 0.131201
-0.63072 0.131466
-0.62488 0.131775
-0.61904 0.132503
-0.6132 0.132726
-0.60736 0.132902
-0.60152 0.132865
-0.59568 0.132865
-0.58984 0.132865
-0.584 0.132865
-0.57816 0.132865
-0.57232 0.132865
-0.56648 0.132865
-0.56064 0.132865
-0.5548 0.132865
-0.54896 0.132865
-0.54312 0.132865
-0.53728 0.132865
-0.53144 0.132865
-0.5256 0.132865
-0.51976 0.132865
-0.51392 0.132865
-0.50808 0.132865
-0.50224 0.132865
-0.4964 0.132865
-0.49056 0.132865
-0.48472 0.132865
-0.47888 0.132865
-0.47304 0.132865
-0.4672 0.132865
-0.46136 0.132865
-0.45552 0.132865
-0.44968 0.132865
-0.44384 0.132865
-0.438 0.132865
-0.43216 0.132865
-0.42632 0.132865
-0.42048 0.132865
-0.41464 0.132865
-0.4088 0.132865
-0.40296 0.132865
-0.39712 0.132865
-0.39128 0.132865
-0.38544 0.132865
-0.3796 0.132865
-0.37376 0.132865
-0.36792 0.132865
-0.36208 0.132865
-0.35624 0.132865
-0.3504 0.132865
-0.34456 0.132865
-0.33872 0.132865
-0.33288 0.132865
-0.32704 0.132865
-0.3212 0.132865
-0.31536 0.132865
-0.30952 0.132865
-0.30368 0.132865
-0.29784 0.132865
-0.292 0.132865
-0.28616 0.132865
-0.28032 0.132865
-0.27448 0.132865
-0.26864 0.132865
-0.2628 0.132865
-0.25696 0.132865
-0.25112 0.132865
-0.24528 0.132865
-0.23944 0.132865
-0.2336 0.132865
-0.22776 0.132865
-0.22192 0.132865
-0.21608 0.132865
-0.21024 0.132865
-0.2044 0.132865
-0.19856 0.132865
-0.19272 0.132865
-0.18688 0.132865
-0.18104 0.132865
-0.1752 0.132865
-0.16936 0.132865
-0.16352 0.132865
-0.15768 0.132865
-0.15184 0.132865
-0.146 0.132865
-0.14016 0.132865
-0.13432 0.132865
-0.12848 0.132865
-0.12264 0.132865
-0.1168 0.132865
-0.11096 0.132865
-0.10512 0.132865
-0.09928 0.132865
-0.09344 0.132865
-0.0876 0.132865
-0.08176 0.132865
-0.07592 0.132865
-0.07008 0.132865
-0.06424 0.132865
-0.0584 0.132865
-0.05256 0.132865
-0.04672 0.132865
-0.04088 0.132865
-0.03504 0.132865
-0.0292 0.132865
-0.02336 0.132865
-0.01752 0.132865
-0.01168 0.132865
-0.00584 0.132865
