-2.92 0.169574
-2.91416 0.169574
-2.90832 0.169574
-2.90248 0.169574
-2.89664 0.169574
-2.8908 0.169574
-2.88496 0.169574
-2.87912 0.169574
-2.87328 0.169574
-2.86744 0.169574
-2.8616 0.169574
-2.85576 0.169574
-2.84992 0.169574
-2.84408 0.169574
-2.83824 0.169574
-2.8324 0.169574
-2.82656 0.169574
-2.82072 0.169574
-2.81488 0.169574
-2.80904 0.169574
-2.8032 0.169574
-2.79736 0.169574
-2.79152 0.169574
-2.78568 0.169574
-2.77984 0.169574
-2.774 0.169574
-2.76816 0.169574
-2.76232 0.169574
-2.75648 0.169574
-2.75064 0.169574
-2.7448 0.169574
-2.73896 0.169574
-2.73312 0.169574
-2.72728 0.169574
-2.72144 0.169574
-2.7156 0.169574
-2.70976 0.169574
-2.70392 0.169574
-2.69808 0.169574
-2.69224 0.169574
-2.6864 0.169574
-2.68056 0.169574
-2.67472 0.169574
-2.66888 0.169574
-2.66304 0.169574
-2.6572 0.169574
-2.65136 0.169574
-2.64552 0.169574
-2.63968 0.169574
-2.63384 0.169574
-2.628 0.169574
-2.62216 0.169574
-2.61632 0.169574
-2.61048 0.169574
-2.60464 0.169574
-2.5988 0.169574
-2.59296 0.169309
-2.58712 0.168954
-2.58128 0.1686
-2.57544 0.168201
-2.5696 0.167759
-2.56376 0.167273
-2.55792 0.166699
-2.55208 0.166124
-2.54624 0.165547
-2.5404 0.16497
-2.53456 0.164392
-2.52872 0.163815
-2.52288 0.163194
-2.51704 0.162529
-2.5112 0.161865
-2.50536 0.161201
-2.49952 0.160537
-2.49368 0.159872
-2.48784 0.158988
-2.482 0.158459
-2.47616 0.157575
-2.47032 0.156692
-2.46448 0.155765
-2.45864 0.154838
-2.4528 0.153911
-2.44696 0.152984
-2.44112 0.152057
-2.43528 0.151086
-2.42944 0.15007
-2.4236 0.149054
-2.41776 0.148038
-2.41192 0.146977
-2.40608 0.145917
-2.40024 0.144855
-2.3944 0.143793
-2.38856 0.142775
-2.38272 0.141713
-2.37688 0.140651
-2.37104 0.139546
-2.3652 0.138529
-2.35936 0.137423
-2.35352 0.136406
-2.34768 0.135301
-2.34184 0.134196
-2.336 0.133046
-2.33016 0.131941
-2.32432 0.130878
-2.31848 0.129773
-2.31264 0.128667
-2.3068 0.127562
-2.30096 0.126413
-2.29512 0.125264
-2.28928 0.124159
-2.28344 0.123099
-2.2776 0.121994
-2.27176 0.120889
-2.26592 0.119785
-2.26008 0.118857
-2.25424 0.117664
-2.2484 0.116471
-2.24256 0.115278
-2.23672 0.114084
-2.23088 0.11289
-2.22504 0.111697
-2.2192 0.110503
-2.21336 0.109309
-2.20752 0.108116
-2.20168 0.106922
-2.19584 0.105686
-2.19 0.104449
-2.18416 0.103212
-2.17832 0.101975
-2.17248 0.100782
-2.16664 0.0995883
-2.1608 0.0983947
-2.15496 0.0971577
-2.14912 0.0959641
-2.14328 0.0947716
-2.13744 0.0935792
-2.1316 0.0923856
-2.12576 0.0911486
-2.11992 0.0899115
-2.11408 0.088719
-2.10824 0.0875255
-2.1024 0.0863319
-2.09656 0.0851829
-2.09072 0.0839893
-2.08488 0.0827968
-2.07904 0.0815598
-2.0732 0.0803239
-2.06736 0.0791748
-2.06152 0.078028
-2.05568 0.076879
-2.04984 0.075642
-2.044 0.0747593
-2.03816 0.0735223
-2.03232 0.0722853
-2.02648 0.0710493
-2.02064 0.0698112
-2.0148 0.0685752
-2.00896 0.0673392
-2.00312 0.0661001
-1.99728 0.0648641
-1.99144 0.0636291
-1.9856 0.062389
-1.97976 0.0611961
-1.97392 0.0600076
-1.96808 0.059191
-1.96224 0.0582943
-1.9564 0.0574422
-1.95056 0.0568832
-1.94472 0.0556504
-1.93888 0.0553863
-1.93304 0.05504
-1.9272 0.054105
-1.92136 0.0536751
-1.91552 0.0530306
-1.90968 0.0516758
-1.90384 0.0518704
-1.898 0.0514452
-1.89216 0.0512836
-1.88632 0.0508915
-1.88048 0.050157
-1.87464 0.0504052
-1.8688 0.0495945
-1.86296 0.0500408
-1.85712 0.0486395
-1.85128 0.0490322
-1.84544 0.0490273
-1.8396 0.047485
-1.83376 0.0488353
-1.82792 0.0481923
-1.82208 0.0488454
-1.81624 0.0490129
-1.8104 0.0489974
-1.80456 0.0481185
-1.79872 0.0487387
-1.79288 0.0487281
-1.78704 0.0481664
-1.7812 0.0486487
-1.77536 0.0492781
-1.76952 0.0489101
-1.76368 0.0495202
-1.75784 0.0483974
-1.752 0.0495782
-1.74616 0.0496583
-1.74032 0.0509301
-1.73448 0.0496776
-1.72864 0.0505772
-1.7228 0.0514236
-1.71696 0.0509104
-1.71112 0.0511346
-1.70528 0.051139
-1.69944 0.0498336
-1.6936 0.0505055
-1.68776 0.0528904
-1.68192 0.052489
-1.67608 0.0531252
-1.67024 0.0537145
-1.6644 0.0532688
-1.65856 0.0538584
-1.65272 0.0553342
-1.64688 0.0534631
-1.64104 0.0559072
-1.6352 0.0547331
-1.62936 0.0556384
-1.62352 0.0569717
-1.61768 0.0560084
-1.61184 0.054616
-1.606 0.0604103
-1.60016 0.0588307
-1.59432 0.0597307
-1.58848 0.0609851
-1.58264 0.0628476
-1.5768 0.0626586
-1.57096 0.064158
-1.56512 0.064269
-1.55928 0.0652941
-1.55344 0.0686618
-1.5476 0.0693212
-1.54176 0.0709669
-1.53592 0.0714348
-1.53008 0.071856
-1.52424 0.0755363
-1.5184 0.0741965
-1.51256 0.0768422
-1.50672 0.076417
-1.50088 0.0795788
-1.49504 0.0813486
-1.4892 0.0820317
-1.48336 0.0816369
-1.47752 0.0814491
-1.47168 0.0824428
-1.46584 0.0871528
-1.46 0.0866957
-1.45416 0.0891316
-1.44832 0.0914442
-1.44248 0.0914305
-1.43664 0.0942375
-1.4308 0.0942601
-1.42496 0.0979904
-1.41912 0.0963947
-1.41328 0.0988937
-1.40744 0.101671
-1.4016 0.100936
-1.39576 0.10463
-1.38992 0.106773
-1.38408 0.108644
-1.37824 0.109099
-1.3724 0.11055
-1.36656 0.109752
-1.36072 0.114124
-1.35488 0.114516
-1.34904 0.115148
-1.3432 0.116551
-1.33736 0.118152
-1.33152 0.121446
-1.32568 0.12418
-1.31984 0.12308
-1.314 0.125051
-1.30816 0.124442
-1.30232 0.127629
-1.29648 0.127653
-1.29064 0.131067
-1.2848 0.133433
-1.27896 0.132283
-1.27312 0.134545
-1.26728 0.135939
-1.26144 0.133765
-1.2556 0.135731
-1.24976 0.137628
-1.24392 0.138872
-1.23808 0.139728
-1.23224 0.141814
-1.2264 0.14241
-1.22056 0.143695
-1.21472 0.146167
-1.20888 0.146197
-1.20304 0.147894
-1.1972 0.148451
-1.19136 0.150344
-1.18552 0.152256
-1.17968 0.151544
-1.17384 0.152595
-1.168 0.159113
-1.16216 0.157702
-1.15632 0.158927
-1.15048 0.160235
-1.14464 0.161316
-1.1388 0.162284
-1.13296 0.163596
-1.12712 0.16239
-1.12128 0.163742
-1.11544 0.166518
-1.1096 0.166898
-1.10376 0.169686
-1.09792 0.16988
-1.09208 0.16932
-1.08624 0.173027
-1.0804 0.171348
-1.07456 0.173848
-1.06872 0.172799
-1.06288 0.175576
-1.05704 0.177218
-1.0512 0.177809
-1.04536 0.175016
-1.03952 0.174665
-1.03368 0.176497
-1.02784 0.178761
-1.022 0.1777
-1.01616 0.178232
-1.01032 0.179585
-1.00448 0.179929
-0.99864 0.180261
-0.9928 0.180155
-0.98696 0.181881
-0.98112 0.179472
-0.97528 0.181113
-0.96944 0.181546
-0.9636 0.179547
-0.95776 0.182036
-0.95192 0.182741
-0.94608 0.182693
-0.94024 0.182821
-0.9344 0.182769
-0.92856 0.182486
-0.92272 0.182889
-0.91688 0.183767
-0.91104 0.182832
-0.9052 0.182244
-0.89936 0.183694
-0.89352 0.185252
-0.88768 0.186338
-0.88184 0.185284
-0.876 0.186318
-0.87016 0.184773
-0.86432 0.186633
-0.85848 0.186909
-0.85264 0.188155
-0.8468 0.188241
-0.84096 0.187271
-0.83512 0.188946
-0.82928 0.188797
-0.82344 0.188334
-0.8176 0.189047
-0.81176 0.188915
-0.80592 0.189583
-0.80008 0.189849
-0.79424 0.189966
-0.7884 0.191222
-0.78256 0.191711
-0.77672 0.191846
-0.77088 0.192726
-0.76504 0.192532
-0.7592 0.192844
-0.75336 0.19381
-0.74752 0.1945
-0.74168 0.195058
-0.73584 0.195554
-0.73 0.196303
-0.72416 0.196607
-0.71832 0.197207
-0.71248 0.197718
-0.70664 0.198698
-0.7008 0.198939
-0.69496 0.200166
-0.68912 0.200352
-0.68328 0.200954
-0.67744 0.202853
-0.6716 0.20376
-0.66576 0.204465
-0.65992 0.20525
-0.65408 0.205255
-0.64824 0.20591
-0.6424 0.207025
-0.63656 0.207638
-0.63072 0.207995
-0.62488 0.2086
-0.61904 0.208655
-0.6132 0.208668
-0.60736 0.208552
-0.60152 0.208767
-0.59568 0.208767
-0.58984 0.208767
-0.584 0.208767
-0.57816 0.208767
-0.57232 0.208767
-0.56648 0.208767
-0.56064 0.208767
-0.5548 0.208767
-0.54896 0.208767
-0.54312 0.208767
-0.53728 0.208767
-0.53144 0.208767
-0.5256 0.208767
-0.51976 0.208767
-0.51392 0.208767
-0.50808 0.208767
-0.50224 0.208767
-0.4964 0.208767
-0.49056 0.208767
-0.48472 0.208767
-0.47888 0.208767
-0.47304 0.208767
-0.4672 0.208767
-0.46136 0.208767
-0.45552 0.208767
-0.44968 0.208767
-0.44384 0.208767
-0.438 0.208767
-0.43216 0.208767
-0.42632 0.208767
-0.42048 0.208767
-0.41464 0.208767
-0.4088 0.208767
-0.40296 0.208767
-0.39712 0.208767
-0.39128 0.208767
-0.38544 0.208767
-0.3796 0.208767
-0.37376 0.208767
-0.36792 0.208767
-0.36208 0.208767
-0.35624 0.208767
-0.3504 0.208767
-0.34456 0.208767
-0.33872 0.208767
-0.33288 0.208767
-0.32704 0.208767
-0.3212 0.208767
-0.31536 0.208767
-0.30952 0.208767
-0.30368 0.208767
-0.29784 0.208767
-0.292 0.208767
-0.28616 0.208767
-0.28032 0.208767
-0.27448 0.208767
-0.26864 0.208767
-0.2628 0.208767
-0.25696 0.208767
-0.25112 0.208767
-0.24528 0.208767
-0.23944 0.208767
-0.2336 0.208767
-0.22776 0.208767
-0.22192 0.208767
-0.21608 0.208767
-0.21024 0.208767
-0.2044 0.208767
-0.19856 0.208767
-0.19272 0.208767
-0.18688 0.208767
-0.18104 0.208767
-0.1752 0.208767
-0.16936 0.208767
-0.16352 0.208767
-0.15768 0.208767
-0.15184 0.208767
-0.146 0.208767
-0.14016 0.208767
-0.13432 0.208767
-0.12848 0.208767
-0.12264 0.208767
-0.1168 0.208767
-0.11096 0.208767
-0.10512 0.208767
-0.09928 0.208767
-0.09344 0.208767
-0.0876 0.208767
-0.08176 0.208767
-0.07592 0.208767
-0.07008 0.208767
-0.06424 0.208767
-0.0584 0.208767
-0.05256 0.208767
-0.04672 0.208767
-0.04088 0.208767
-0.03504 0.208767
-0.0292 0.208767
-0.02336 0.208767
-0.01752 0.208767
-0.01168 0.208767
-0.00584 0.208767
