-2.92 0.149256
-2.91416 0.149256
-2.90832 0.149256
-2.90248 0.149256
-2.89664 0.149256
-2.8908 0.149256
-2.88496 0.149256
-2.87912 0.149256
-2.87328 0.149256
-2.86744 0.149256
-2.8616 0.149256
-2.85576 0.149256
-2.84992 0.149256
-2.84408 0.149256
-2.83824 0.149256
-2.8324 0.149256
-2.82656 0.149256
-2.82072 0.149256
-2.81488 0.149256
-2.80904 0.149256
-2.8032 0.149256
-2.79736 0.149256
-2.79152 0.149256
-2.78568 0.149256
-2.77984 0.149256
-2.774 0.149256
-2.76816 0.149256
-2.76232 0.149256
-2.75648 0.149256
-2.75064 0.149256
-2.7448 0.149256
-2.73896 0.149256
-2.73312 0.149256
-2.72728 0.149256
-2.72144 0.149256
-2.7156 0.149256
-2.70976 0.149256
-2.70392 0.149256
-2.69808 0.149256
-2.69224 0.149256
-2.6864 0.149256
-2.68056 0.149256
-2.67472 0.149256
-2.66888 0.149256
-2.66304 0.149256
-2.6572 0.149256
-2.65136 0.149256
-2.64552 0.149256
-2.63968 0.149256
-2.63384 0.149256
-2.628 0.149256
-2.62216 0.149256
-2.61632 0.149256
-2.61048 0.149256
-2.60464 0.149256
-2.5988 0.149256
-2.59296 0.149168
-2.58712 0.148904
-2.58128 0.148595
-2.57544 0.148198
-2.5696 0.14767
-2.56376 0.147097
-2.55792 0.146525
-2.55208 0.145952
-2.54624 0.145379
-2.5404 0.144807
-2.53456 0.144234
-2.52872 0.143617
-2.52288 0.143043
-2.51704 0.142425
-2.5112 0.141808
-2.50536 0.141192
-2.49952 0.14062
-2.49368 0.140091
-2.48784 0.139563
-2.482 0.139078
-2.47616 0.138417
-2.47032 0.137713
-2.46448 0.137009
-2.45864 0.136304
-2.4528 0.135557
-2.44696 0.134766
-2.44112 0.133974
-2.43528 0.133139
-2.42944 0.13226
-2.4236 0.131379
-2.41776 0.130499
-2.41192 0.129619
-2.40608 0.128738
-2.40024 0.127902
-2.3944 0.127021
-2.38856 0.126141
-2.38272 0.125261
-2.37688 0.12438
-2.37104 0.123457
-2.3652 0.122488
-2.35936 0.12152
-2.35352 0.120641
-2.34768 0.119628
-2.34184 0.118659
-2.336 0.117645
-2.33016 0.116587
-2.32432 0.11553
-2.31848 0.114473
-2.31264 0.113459
-2.3068 0.112401
-2.30096 0.111387
-2.29512 0.11033
-2.28928 0.109317
-2.28344 0.108304
-2.2776 0.107335
-2.27176 0.10641
-2.26592 0.105529
-2.26008 0.104559
-2.25424 0.103502
-2.2484 0.102445
-2.24256 0.101387
-2.23672 0.100373
-2.23088 0.0993157
-2.22504 0.0982583
-2.2192 0.0972008
-2.21336 0.0961434
-2.20752 0.095086
-2.20168 0.0940286
-2.19584 0.0929712
-2.19 0.0918704
-2.18416 0.0907696
-2.17832 0.0897122
-2.17248 0.0886559
-2.16664 0.0875997
-2.1608 0.0865435
-2.15496 0.0854427
-2.14912 0.0843419
-2.14328 0.0832411
-2.13744 0.0821849
-2.1316 0.0811286
-2.12576 0.0800278
-2.11992 0.078927
-2.11408 0.0778262
-2.10824 0.0766819
-2.1024 0.0755377
-2.09656 0.0744369
-2.09072 0.073336
-2.08488 0.0722352
-2.07904 0.0710909
-2.0732 0.0699466
-2.06736 0.0688468
-2.06152 0.0678352
-2.05568 0.0668659
-2.04984 0.0658977
-2.044 0.064973
-2.03816 0.0638722
-2.03232 0.0627714
-2.02648 0.0616706
-2.02064 0.0606131
-2.0148 0.0595123
-2.00896 0.0584115
-2.00312 0.0573107
-1.99728 0.0562099
-1.99144 0.0551091
-1.9856 0.0540083
-1.97976 0.0529509
-1.97392 0.0518935
-1.96808 0.0511333
-1.96224 0.050459
-1.9564 0.0498688
-1.95056 0.0493687
-1.94472 0.048565
-1.93888 0.0472125
-1.93304 0.0459013
-1.9272 0.0446315
-1.92136 0.0435306
-1.91552 0.0423086
-1.90968 0.0412849
-1.90384 0.0399835
-1.898 0.0387551
-1.89216 0.0377837
-1.88632 0.0368526
-1.88048 0.035965
-1.87464 0.0348662
-1.8688 0.0338086
-1.86296 0.0330506
-1.85712 0.0318648
-1.85128 0.0308095
-1.84544 0.0297139
-1.8396 0.0287494
-1.83376 0.0284213
-1.82792 0.0275018
-1.82208 0.0270462
-1.81624 0.0256544
-1.8104 0.0247741
-1.80456 0.024276
-1.79872 0.0232684
-1.79288 0.022389
-1.78704 0.021379
-1.7812 0.020414
-1.77536 0.0197038
-1.76952 0.0192481
-1.76368 0.0180276
-1.75784 0.0171083
-1.752 0.016571
-1.74616 0.0159934
-1.74032 0.0151608
-1.73448 0.0148781
-1.72864 0.0138787
-1.7228 0.0134709
-1.71696 0.0124911
-1.71112 0.0117666
-1.70528 0.0115716
-1.69944 0.0106988
-1.6936 0.0102514
-1.68776 0.00937719
-1.68192 0.00880666
-1.67608 0.00810156
-1.67024 0.00871474
-1.6644 0.00906938
-1.65856 0.00900189
-1.65272 0.0108445
-1.64688 0.0102237
-1.64104 0.0116397
-1.6352 0.0139468
-1.62936 0.0145169
-1.62352 0.0151365
-1.61768 0.0189769
-1.61184 0.0173192
-1.606 0.0178235
-1.60016 0.0184956
-1.59432 0.0179028
-1.58848 0.0190097
-1.58264 0.019354
-1.5768 0.0197431
-1.57096 0.0214869
-1.56512 0.0215829
-1.55928 0.0222319
-1.55344 0.0224571
-1.5476 0.0249653
-1.54176 0.0256583
-1.53592 0.0260553
-1.53008 0.0261334
-1.52424 0.0264538
-1.5184 0.0263418
-1.51256 0.0277149
-1.50672 0.028997
-1.50088 0.0285495
-1.49504 0.0314759
-1.4892 0.0323421
-1.48336 0.0340224
-1.47752 0.0346668
-1.47168 0.0359924
-1.46584 0.0368727
-1.46 0.0367643
-1.45416 0.0383932
-1.44832 0.0399042
-1.44248 0.0425092
-1.43664 0.0430459
-1.4308 0.043833
-1.42496 0.0437732
-1.41912 0.0447268
-1.41328 0.0467439
-1.40744 0.048548
-1.4016 0.0487489
-1.39576 0.0499567
-1.38992 0.0505745
-1.38408 0.0502704
-1.37824 0.050936
-1.3724 0.0524099
-1.36656 0.0534165
-1.36072 0.0551371
-1.35488 0.0571102
-1.34904 0.058155
-1.3432 0.0599684
-1.33736 0.0599995
-1.33152 0.0626517
-1.32568 0.0653114
-1.31984 0.0654305
-1.314 0.0653015
-1.30816 0.0676203
-1.30232 0.0671144
-1.29648 0.0684222
-1.29064 0.0698104
-1.2848 0.0717964
-1.27896 0.075174
-1.27312 0.0756117
-1.26728 0.07701
-1.26144 0.078393
-1.2556 0.0798255
-1.24976 0.0815033
-1.24392 0.0820095
-1.23808 0.0830599
-1.23224 0.0848786
-1.2264 0.0860893
-1.22056 0.0881983
-1.21472 0.0892962
-1.20888 0.0891175
-1.20304 0.0907639
-1.1972 0.0927939
-1.19136 0.0940907
-1.18552 0.0943099
-1.17968 0.0981038
-1.17384 0.0973457
-1.168 0.0983847
-1.16216 0.0982621
-1.15632 0.0991473
-1.15048 0.100241
-1.14464 0.102562
-1.1388 0.103327
-1.13296 0.105138
-1.12712 0.106231
-1.12128 0.107539
-1.11544 0.109056
-1.1096 0.112013
-1.10376 0.11264
-1.09792 0.113404
-1.09208 0.114575
-1.08624 0.114156
-1.0804 0.114831
-1.07456 0.116733
-1.06872 0.11765
-1.06288 0.118334
-1.05704 0.122665
-1.0512 0.124059
-1.04536 0.125375
-1.03952 0.126076
-1.03368 0.128274
-1.02784 0.128603
-1.022 0.129446
-1.01616 0.130702
-1.01032 0.131715
-1.00448 0.135012
-0.99864 0.135218
-0.9928 0.135723
-0.98696 0.136094
-0.98112 0.13693
-0.97528 0.138151
-0.96944 0.140083
-0.9636 0.139871
-0.95776 0.141724
-0.95192 0.142603
-0.94608 0.14214
-0.94024 0.141962
-0.9344 0.142891
-0.92856 0.143818
-0.92272 0.145244
-0.91688 0.146714
-0.91104 0.147807
-0.9052 0.148986
-0.89936 0.149907
-0.89352 0.150871
-0.88768 0.153025
-0.88184 0.153692
-0.876 0.153182
-0.87016 0.155077
-0.86432 0.154953
-0.85848 0.154902
-0.85264 0.156244
-0.8468 0.156404
-0.84096 0.159597
-0.83512 0.159883
-0.82928 0.160004
-0.82344 0.161299
-0.8176 0.162094
-0.81176 0.162669
-0.80592 0.163125
-0.80008 0.163447
-0.79424 0.164072
-0.7884 0.164939
-0.78256 0.166196
-0.77672 0.166263
-0.77088 0.167007
-0.76504 0.167292
-0.7592 0.168206
-0.75336 0.168695
-0.74752 0.169532
-0.74168 0.170397
-0.73584 0.170252
-0.73 0.171371
-0.72416 0.170127
-0.71832 0.171085
-0.71248 0.171483
-0.70664 0.17205
-0.7008 0.172578
-0.69496 0.172805
-0.68912 0.173455
-0.68328 0.173855
-0.67744 0.174462
-0.6716 0.175113
-0.66576 0.175842
-0.65992 0.176411
-0.65408 0.177336
-0.64824 0.177018
-0.6424 0.177583
-0.63656 0.178101
-0.63072 0.178575
-0.62488 0.179007
-0.61904 0.179852
-0.6132 0.179899
-0.60736 0.180073
-0.60152 0.179992
-0.59568 0.179992
-0.58984 0.179992
-0.584 0.179992
-0.57816 0.179992
-0.57232 0.179992
-0.56648 0.179992
-0.56064 0.179992
-0.5548 0.179992
-0.54896 0.179992
-0.54312 0.179992
-0.53728 0.179992
-0.53144 0.179992
-0.5256 0.179992
-0.51976 0.179992
-0.51392 0.179992
-0.50808 0.179992
-0.50224 0.179992
-0.4964 0.179992
-0.49056 0.179992
-0.48472 0.179992
-0.47888 0.179992
-0.47304 0.179992
-0.4672 0.179992
-0.46136 0.179992
-0.45552 0.179992
-0.44968 0.179992
-0.44384 0.179992
-0.438 0.179992
-0.43216 0.179992
-0.42632 0.179992
-0.42048 0.179992
-0.41464 0.179992
-0.4088 0.179992
-0.40296 0.179992
-0.39712 0.179992
-0.39128 0.179992
-0.38544 0.179992
-0.3796 0.179992
-0.37376 0.179992
-0.36792 0.179992
-0.36208 0.179992
-0.35624 0.179992
-0.3504 0.179992
-0.34456 0.179992
-0.33872 0.179992
-0.33288 0.179992
-0.32704 0.179992
-0.3212 0.179992
-0.31536 0.179992
-0.30952 0.179992
-0.30368 0.179992
-0.29784 0.179992
-0.292 0.179992
-0.28616 0.179992
-0.28032 0.179992
-0.27448 0.179992
-0.26864 0.179992
-0.2628 0.179992
-0.25696 0.179992
-0.25112 0.179992
-0.24528 0.179992
-0.23944 0.179992
-0.2336 0.179992
-0.22776 0.179992
-0.22192 0.179992
-0.21608 0.179992
-0.21024 0.179992
-0.2044 0.179992
-0.19856 0.179992
-0.19272 0.179992
-0.18688 0.179992
-0.18104 0.179992
-0.1752 0.179992
-0.16936 0.179992
-0.16352 0.179992
-0.15768 0.179992
-0.15184 0.179992
-0.146 0.179992
-0.14016 0.179992
-0.13432 0.179992
-0.12848 0.179992
-0.12264 0.179992
-0.1168 0.179992
-0.11096 0.179992
-0.10512 0.179992
-0.09928 0.179992
-0.09344 0.179992
-0.0876 0.179992
-0.08176 0.179992
-0.07592 0.179992
-0.07008 0.179992
-0.06424 0.179992
-0.0584 0.179992
-0.05256 0.179992
-0.04672 0.179992
-0.04088 0.179992
-0.03504 0.179992
-0.0292 0.179992
-0.02336 0.179992
-0.01752 0.179992
-0.01168 0.179992
-0.00584 0.179992
