-2.92 0.144366
-2.91416 0.144366
-2.90832 0.144366
-2.90248 0.144366
-2.89664 0.144366
-2.8908 0.144366
-2.88496 0.144366
-2.87912 0.144366
-2.87328 0.144366
-2.86744 0.144366
-2.8616 0.144366
-2.85576 0.144366
-2.84992 0.144366
-2.84408 0.144366
-2.83824 0.144366
-2.8324 0.144366
-2.82656 0.144366
-2.82072 0.144366
-2.81488 0.144366
-2.80904 0.144366
-2.8032 0.144366
-2.79736 0.144366
-2.79152 0.144366
-2.78568 0.144366
-2.77984 0.144366
-2.774 0.144366
-2.76816 0.144366
-2.76232 0.144366
-2.75648 0.144366
-2.75064 0.144366
-2.7448 0.144366
-2.73896 0.144366
-2.73312 0.144366
-2.72728 0.144366
-2.72144 0.144366
-2.7156 0.144366
-2.70976 0.144366
-2.70392 0.144366
-2.69808 0.144366
-2.69224 0.144366
-2.6864 0.144366
-2.68056 0.144366
-2.67472 0.144366
-2.66888 0.144366
-2.66304 0.144366
-2.6572 0.144366
-2.65136 0.144366
-2.64552 0.144366
-2.63968 0.144366
-2.63384 0.144366
-2.628 0.144366
-2.62216 0.144366
-2.61632 0.144366
-2.61048 0.144366
-2.60464 0.144366
-2.5988 0.144366
-2.59296 0.144277
-2.58712 0.144057
-2.58128 0.143835
-2.57544 0.143525
-2.5696 0.143085
-2.56376 0.142602
-2.55792 0.142118
-2.55208 0.141635
-2.54624 0.14115
-2.5404 0.140622
-2.53456 0.140094
-2.52872 0.139566
-2.52288 0.139038
-2.51704 0.138553
-2.5112 0.138025
-2.50536 0.137453
-2.49952 0.13697
-2.49368 0.136398
-2.48784 0.13574
-2.482 0.135214
-2.47616 0.134511
-2.47032 0.133808
-2.46448 0.133105
-2.45864 0.132358
-2.4528 0.13161
-2.44696 0.130863
-2.44112 0.130115
-2.43528 0.129368
-2.42944 0.12862
-2.4236 0.127873
-2.41776 0.127125
-2.41192 0.126334
-2.40608 0.125543
-2.40024 0.124753
-2.3944 0.123917
-2.38856 0.123082
-2.38272 0.122246
-2.37688 0.121455
-2.37104 0.12062
-2.3652 0.119828
-2.35936 0.118948
-2.35352 0.118111
-2.34768 0.117186
-2.34184 0.116306
-2.336 0.115382
-2.33016 0.114457
-2.32432 0.11349
-2.31848 0.112522
-2.31264 0.111509
-2.3068 0.110497
-2.30096 0.109528
-2.29512 0.108515
-2.28928 0.107546
-2.28344 0.106576
-2.2776 0.105606
-2.27176 0.104637
-2.26592 0.103668
-2.26008 0.102656
-2.25424 0.101555
-2.2484 0.100453
-2.24256 0.099351
-2.23672 0.0982492
-2.23088 0.0971463
-2.22504 0.0960434
-2.2192 0.0949405
-2.21336 0.0938811
-2.20752 0.0927793
-2.20168 0.0916764
-2.19584 0.0906616
-2.19 0.0895587
-2.18416 0.0884569
-2.17832 0.0873975
-2.17248 0.0863392
-2.16664 0.0852809
-2.1608 0.084178
-2.15496 0.0831197
-2.14912 0.0820614
-2.14328 0.0809585
-2.13744 0.0798556
-2.1316 0.0787961
-2.12576 0.0776932
-2.11992 0.0766349
-2.11408 0.075532
-2.10824 0.0744726
-2.1024 0.0733709
-2.09656 0.0723115
-2.09072 0.0712086
-2.08488 0.0701057
-2.07904 0.0690463
-2.0732 0.0679434
-2.06736 0.0668839
-2.06152 0.0659125
-2.05568 0.0648977
-2.04984 0.0638828
-2.044 0.062957
-2.03816 0.0618542
-2.03232 0.0607513
-2.02648 0.0596484
-2.02064 0.0585476
-2.0148 0.0574437
-2.00896 0.0563438
-2.00312 0.0552379
-1.99728 0.054134
-1.99144 0.0530766
-1.9856 0.0519758
-1.97976 0.0509184
-1.97392 0.0498581
-1.96808 0.0490551
-1.96224 0.0483295
-1.9564 0.0475636
-1.95056 0.0470167
-1.94472 0.0462973
-1.93888 0.0458356
-1.93304 0.0454501
-1.9272 0.0455366
-1.92136 0.0446453
-1.91552 0.0441398
-1.90968 0.0433775
-1.90384 0.0424464
-1.898 0.0434178
-1.89216 0.0431288
-1.88632 0.042875
-1.88048 0.0428019
-1.87464 0.0422563
-1.8688 0.0421685
-1.86296 0.0433083
-1.85712 0.0424363
-1.85128 0.0425297
-1.84544 0.0424106
-1.8396 0.0426793
-1.83376 0.0433528
-1.82792 0.0432765
-1.82208 0.045154
-1.81624 0.0439434
-1.8104 0.0443287
-1.80456 0.0446441
-1.79872 0.0457131
-1.79288 0.0463522
-1.78704 0.0456947
-1.7812 0.0450784
-1.77536 0.0444201
-1.76952 0.046455
-1.76368 0.0474802
-1.75784 0.0482205
-1.752 0.0476406
-1.74616 0.049717
-1.74032 0.0502003
-1.73448 0.049878
-1.72864 0.0500966
-1.7228 0.0507953
-1.71696 0.0498806
-1.71112 0.0523562
-1.70528 0.0527094
-1.69944 0.0527297
-1.6936 0.0531614
-1.68776 0.0546205
-1.68192 0.0535422
-1.67608 0.0557625
-1.67024 0.0550302
-1.6644 0.0565694
-1.65856 0.0564065
-1.65272 0.0559789
-1.64688 0.0568954
-1.64104 0.0583848
-1.6352 0.0579539
-1.62936 0.057553
-1.62352 0.0580591
-1.61768 0.05871
-1.61184 0.0597314
-1.606 0.0617109
-1.60016 0.0626107
-1.59432 0.0639573
-1.58848 0.0636082
-1.58264 0.0647665
-1.5768 0.0671484
-1.57096 0.0680368
-1.56512 0.0674782
-1.55928 0.0690991
-1.55344 0.0710588
-1.5476 0.0715782
-1.54176 0.0727412
-1.53592 0.0737287
-1.53008 0.0738507
-1.52424 0.0754456
-1.5184 0.0765599
-1.51256 0.078145
-1.50672 0.0793461
-1.50088 0.0791219
-1.49504 0.0813329
-1.4892 0.0833856
-1.48336 0.0832563
-1.47752 0.0841627
-1.47168 0.0850024
-1.46584 0.0830703
-1.46 0.0877007
-1.45416 0.0884539
-1.44832 0.0901081
-1.44248 0.0908222
-1.43664 0.0905467
-1.4308 0.0918793
-1.42496 0.0954696
-1.41912 0.0930019
-1.41328 0.0960728
-1.40744 0.095042
-1.4016 0.0963831
-1.39576 0.0985102
-1.38992 0.0989094
-1.38408 0.102886
-1.37824 0.103179
-1.3724 0.104262
-1.36656 0.105788
-1.36072 0.106277
-1.35488 0.109313
-1.34904 0.105841
-1.3432 0.107114
-1.33736 0.108836
-1.33152 0.11152
-1.32568 0.114679
-1.31984 0.113541
-1.314 0.114656
-1.30816 0.115695
-1.30232 0.118593
-1.29648 0.119405
-1.29064 0.120358
-1.2848 0.12264
-1.27896 0.12179
-1.27312 0.12466
-1.26728 0.126255
-1.26144 0.123909
-1.2556 0.124076
-1.24976 0.127017
-1.24392 0.127653
-1.23808 0.129712
-1.23224 0.129465
-1.2264 0.130852
-1.22056 0.130921
-1.21472 0.131985
-1.20888 0.132588
-1.20304 0.136495
-1.1972 0.136461
-1.19136 0.136105
-1.18552 0.137984
-1.17968 0.139021
-1.17384 0.14021
-1.168 0.144057
-1.16216 0.142842
-1.15632 0.145077
-1.15048 0.144267
-1.14464 0.146045
-1.1388 0.147646
-1.13296 0.148779
-1.12712 0.147565
-1.12128 0.148457
-1.11544 0.151327
-1.1096 0.151946
-1.10376 0.151657
-1.09792 0.152629
-1.09208 0.153682
-1.08624 0.154025
-1.0804 0.154902
-1.07456 0.156381
-1.06872 0.157308
-1.06288 0.156415
-1.05704 0.158151
-1.0512 0.159329
-1.04536 0.15938
-1.03952 0.158915
-1.03368 0.160489
-1.02784 0.157687
-1.022 0.160086
-1.01616 0.160516
-1.01032 0.159114
-1.00448 0.160429
-0.99864 0.158599
-0.9928 0.15919
-0.98696 0.160425
-0.98112 0.157963
-0.97528 0.159996
-0.96944 0.158714
-0.9636 0.158245
-0.95776 0.159089
-0.95192 0.158567
-0.94608 0.16077
-0.94024 0.159574
-0.9344 0.16021
-0.92856 0.160083
-0.92272 0.15999
-0.91688 0.160412
-0.91104 0.158594
-0.9052 0.158004
-0.89936 0.158541
-0.89352 0.16005
-0.88768 0.16081
-0.88184 0.160218
-0.876 0.160692
-0.87016 0.15949
-0.86432 0.160994
-0.85848 0.16065
-0.85264 0.160602
-0.8468 0.160972
-0.84096 0.160704
-0.83512 0.160148
-0.82928 0.161068
-0.82344 0.158445
-0.8176 0.15987
-0.81176 0.159648
-0.80592 0.159383
-0.80008 0.160212
-0.79424 0.159143
-0.7884 0.159802
-0.78256 0.159698
-0.77672 0.159257
-0.77088 0.15874
-0.76504 0.159438
-0.7592 0.159209
-0.75336 0.158892
-0.74752 0.159471
-0.74168 0.159327
-0.73584 0.159859
-0.73 0.160304
-0.72416 0.160245
-0.71832 0.160736
-0.71248 0.160885
-0.70664 0.161248
-0.7008 0.161735
-0.69496 0.162221
-0.68912 0.161998
-0.68328 0.16282
-0.67744 0.164068
-0.6716 0.164594
-0.66576 0.165247
-0.65992 0.165438
-0.65408 0.165483
-0.64824 0.165669
-0.6424 0.166653
-0.63656 0.167346
-0.63072 0.167864
-0.62488 0.167921
-0.61904 0.167975
-0.6132 0.167904
-0.60736 0.167785
-0.60152 0.167957
-0.59568 0.167957
-0.58984 0.167957
-0.584 0.167957
-0.57816 0.167957
-0.57232 0.167957
-0.56648 0.167957
-0.56064 0.167957
-0.5548 0.167957
-0.54896 0.167957
-0.54312 0.167957
-0.53728 0.167957
-0.53144 0.167957
-0.5256 0.167957
-0.51976 0.167957
-0.51392 0.167957
-0.50808 0.167957
-0.50224 0.167957
-0.4964 0.167957
-0.49056 0.167957
-0.48472 0.167957
-0.47888 0.167957
-0.47304 0.167957
-0.4672 0.167957
-0.46136 0.167957
-0.45552 0.167957
-0.44968 0.167957
-0.44384 0.167957
-0.438 0.167957
-0.43216 0.167957
-0.42632 0.167957
-0.42048 0.167957
-0.41464 0.167957
-0.4088 0.167957
-0.40296 0.167957
-0.39712 0.167957
-0.39128 0.167957
-0.38544 0.167957
-0.3796 0.167957
-0.37376 0.167957
-0.36792 0.167957
-0.36208 0.167957
-0.35624 0.167957
-0.3504 0.167957
-0.34456 0.167957
-0.33872 0.167957
-0.33288 0.167957
-0.32704 0.167957
-0.3212 0.167957
-0.31536 0.167957
-0.30952 0.167957
-0.30368 0.167957
-0.29784 0.167957
-0.292 0.167957
-0.28616 0.167957
-0.28032 0.167957
-0.27448 0.167957
-0.26864 0.167957
-0.2628 0.167957
-0.25696 0.167957
-0.25112 0.167957
-0.24528 0.167957
-0.23944 0.167957
-0.2336 0.167957
-0.22776 0.167957
-0.22192 0.167957
-0.21608 0.167957
-0.21024 0.167957
-0.2044 0.167957
-0.19856 0.167957
-0.19272 0.167957
-0.18688 0.167957
-0.18104 0.167957
-0.1752 0.167957
-0.16936 0.167957
-0.16352 0.167957
-0.15768 0.167957
-0.15184 0.167957
-0.146 0.167957
-0.14016 0.167957
-0.13432 0.167957
-0.12848 0.167957
-0.12264 0.167957
-0.1168 0.167957
-0.11096 0.167957
-0.10512 0.167957
-0.09928 0.167957
-0.09344 0.167957
-0.0876 0.167957
-0.08176 0.167957
-0.07592 0.167957
-0.07008 0.167957
-0.06424 0.167957
-0.0584 0.167957
-0.05256 0.167957
-0.04672 0.167957
-0.04088 0.167957
-0.03504 0.167957
-0.0292 0.167957
-0.02336 0.167957
-0.01752 0.167957
-0.01168 0.167957
-0.00584 0.167957
