-2.92 0.18602
-2.91416 0.18602
-2.90832 0.18602
-2.90248 0.18602
-2.89664 0.18602
-2.8908 0.18602
-2.88496 0.18602
-2.87912 0.18602
-2.87328 0.18602
-2.86744 0.18602
-2.8616 0.18602
-2.85576 0.18602
-2.84992 0.18602
-2.84408 0.18602
-2.83824 0.18602
-2.8324 0.18602
-2.82656 0.18602
-2.82072 0.18602
-2.81488 0.18602
-2.80904 0.18602
-2.8032 0.18602
-2.79736 0.18602
-2.79152 0.18602
-2.78568 0.18602
-2.77984 0.18602
-2.774 0.18602
-2.76816 0.18602
-2.76232 0.18602
-2.75648 0.18602
-2.75064 0.18602
-2.7448 0.18602
-2.73896 0.18602
-2.73312 0.18602
-2.72728 0.18602
-2.72144 0.18602
-2.7156 0.18602
-2.70976 0.18602
-2.70392 0.18602
-2.69808 0.18602
-2.69224 0.18602
-2.6864 0.18602
-2.68056 0.18602
-2.67472 0.18602
-2.66888 0.18602
-2.66304 0.18602
-2.6572 0.18602
-2.65136 0.18602
-2.64552 0.18602
-2.63968 0.18602
-2.63384 0.18602
-2.628 0.18602
-2.62216 0.18602
-2.61632 0.18602
-2.61048 0.18602
-2.60464 0.18602
-2.5988 0.18602
-2.59296 0.185755
-2.58712 0.185402
-2.58128 0.184959
-2.57544 0.184428
-2.5696 0.183896
-2.56376 0.183276
-2.55792 0.182568
-2.55208 0.181771
-2.54624 0.180972
-2.5404 0.18013
-2.53456 0.179329
-2.52872 0.178484
-2.52288 0.177642
-2.51704 0.176797
-2.5112 0.175955
-2.50536 0.175154
-2.49952 0.174355
-2.49368 0.173556
-2.48784 0.172799
-2.482 0.172175
-2.47616 0.171242
-2.47032 0.170308
-2.46448 0.169331
-2.45864 0.168354
-2.4528 0.167377
-2.44696 0.166355
-2.44112 0.165334
-2.43528 0.164312
-2.42944 0.163247
-2.4236 0.162181
-2.41776 0.161071
-2.41192 0.159961
-2.40608 0.158852
-2.40024 0.157742
-2.3944 0.156588
-2.38856 0.155433
-2.38272 0.154279
-2.37688 0.153169
-2.37104 0.152015
-2.3652 0.150948
-2.35936 0.149792
-2.35352 0.148682
-2.34768 0.147526
-2.34184 0.146413
-2.336 0.145257
-2.33016 0.144144
-2.32432 0.142943
-2.31848 0.141743
-2.31264 0.140585
-2.3068 0.139428
-2.30096 0.138272
-2.29512 0.137117
-2.28928 0.136004
-2.28344 0.134849
-2.2776 0.133605
-2.27176 0.132495
-2.26592 0.131426
-2.26008 0.130403
-2.25424 0.129159
-2.2484 0.127871
-2.24256 0.126583
-2.23672 0.125293
-2.23088 0.124003
-2.22504 0.122669
-2.2192 0.121336
-2.21336 0.120004
-2.20752 0.118714
-2.20168 0.117381
-2.19584 0.116091
-2.19 0.114757
-2.18416 0.113468
-2.17832 0.112136
-2.17248 0.110804
-2.16664 0.10947
-2.1608 0.108181
-2.15496 0.106804
-2.14912 0.105472
-2.14328 0.104138
-2.13744 0.102761
-2.1316 0.101429
-2.12576 0.100052
-2.11992 0.0987184
-2.11408 0.097386
-2.10824 0.096009
-2.1024 0.0946754
-2.09656 0.0933429
-2.09072 0.0920093
-2.08488 0.0906345
-2.07904 0.089301
-2.0732 0.0879697
-2.06736 0.0866808
-2.06152 0.085394
-2.05568 0.0841062
-2.04984 0.0828618
-2.044 0.0817946
-2.03816 0.0804176
-2.03232 0.0790406
-2.02648 0.0776637
-2.02064 0.0763301
-2.0148 0.0749966
-2.00896 0.0736631
-2.00312 0.0723306
-1.99728 0.0709961
-1.99144 0.0697082
-1.9856 0.0683747
-1.97976 0.0670847
-1.97392 0.0657522
-1.96808 0.0646313
-1.96224 0.0631731
-1.9564 0.0617963
-1.95056 0.0605916
-1.94472 0.0593005
-1.93888 0.0580571
-1.93304 0.0568971
-1.9272 0.055614
-1.92136 0.0546652
-1.91552 0.0533808
-1.90968 0.0521786
-1.90384 0.0511487
-1.898 0.0497764
-1.89216 0.0486187
-1.88632 0.0473752
-1.88048 0.0461778
-1.87464 0.0450614
-1.8688 0.0442408
-1.86296 0.0434246
-1.85712 0.0417187
-1.85128 0.0410319
-1.84544 0.040047
-1.8396 0.0387235
-1.83376 0.0374925
-1.82792 0.0368084
-1.82208 0.0361705
-1.81624 0.0349724
-1.8104 0.0337343
-1.80456 0.032709
-1.79872 0.0313421
-1.79288 0.0308229
-1.78704 0.0299255
-1.7812 0.0286049
-1.77536 0.027494
-1.76952 0.0264252
-1.76368 0.0254465
-1.75784 0.024553
-1.752 0.0232759
-1.74616 0.0228866
-1.74032 0.0219079
-1.73448 0.0205948
-1.72864 0.019659
-1.7228 0.0188946
-1.71696 0.0176639
-1.71112 0.0170273
-1.70528 0.0163478
-1.69944 0.0149513
-1.6936 0.0147831
-1.68776 0.0133443
-1.68192 0.0131723
-1.67608 0.011735
-1.67024 0.012237
-1.6644 0.0129118
-1.65856 0.0131146
-1.65272 0.0134104
-1.64688 0.0145095
-1.64104 0.0161181
-1.6352 0.017139
-1.62936 0.0180307
-1.62352 0.0200741
-1.61768 0.0215677
-1.61184 0.0235731
-1.606 0.0230666
-1.60016 0.0240604
-1.59432 0.0241948
-1.58848 0.0241608
-1.58264 0.0260276
-1.5768 0.0243907
-1.57096 0.0268155
-1.56512 0.0274216
-1.55928 0.0269323
-1.55344 0.0283434
-1.5476 0.0291246
-1.54176 0.0299877
-1.53592 0.0314478
-1.53008 0.0310608
-1.52424 0.031848
-1.5184 0.0318853
-1.51256 0.0338496
-1.50672 0.03308
-1.50088 0.0357632
-1.49504 0.0352501
-1.4892 0.037963
-1.48336 0.0372026
-1.47752 0.0396291
-1.47168 0.039535
-1.46584 0.0409163
-1.46 0.0424657
-1.45416 0.0465834
-1.44832 0.0466608
-1.44248 0.0485067
-1.43664 0.0487892
-1.4308 0.050603
-1.42496 0.0508837
-1.41912 0.052572
-1.41328 0.0537428
-1.40744 0.0554177
-1.4016 0.0565576
-1.39576 0.0569829
-1.38992 0.0592504
-1.38408 0.0597935
-1.37824 0.0606387
-1.3724 0.0626636
-1.36656 0.064134
-1.36072 0.0666049
-1.35488 0.0651426
-1.34904 0.0658691
-1.3432 0.0682591
-1.33736 0.0689757
-1.33152 0.0694784
-1.32568 0.0710331
-1.31984 0.0722544
-1.314 0.0725053
-1.30816 0.0758183
-1.30232 0.0755824
-1.29648 0.0761338
-1.29064 0.0774816
-1.2848 0.0783664
-1.27896 0.079168
-1.27312 0.079544
-1.26728 0.0826575
-1.26144 0.0831982
-1.2556 0.0845918
-1.24976 0.0864936
-1.24392 0.0884332
-1.23808 0.0904954
-1.23224 0.0918092
-1.2264 0.0947142
-1.22056 0.0952237
-1.21472 0.0961115
-1.20888 0.0978449
-1.20304 0.0981414
-1.1972 0.100675
-1.19136 0.101725
-1.18552 0.103752
-1.17968 0.104561
-1.17384 0.107096
-1.168 0.108235
-1.16216 0.108282
-1.15632 0.109971
-1.15048 0.110735
-1.14464 0.113899
-1.1388 0.111339
-1.13296 0.114
-1.12712 0.115052
-1.12128 0.115861
-1.11544 0.116959
-1.1096 0.118444
-1.10376 0.119071
-1.09792 0.121054
-1.09208 0.12134
-1.08624 0.122776
-1.0804 0.122339
-1.07456 0.12403
-1.06872 0.123939
-1.06288 0.127793
-1.05704 0.126657
-1.0512 0.130142
-1.04536 0.129643
-1.03952 0.132044
-1.03368 0.13226
-1.02784 0.134285
-1.022 0.135346
-1.01616 0.139598
-1.01032 0.139474
-1.00448 0.140868
-0.99864 0.141242
-0.9928 0.142394
-0.98696 0.143189
-0.98112 0.14459
-0.97528 0.144758
-0.96944 0.146691
-0.9636 0.14788
-0.95776 0.148434
-0.95192 0.149782
-0.94608 0.149827
-0.94024 0.150972
-0.9344 0.152656
-0.92856 0.153708
-0.92272 0.155304
-0.91688 0.153543
-0.91104 0.15398
-0.9052 0.154897
-0.89936 0.155108
-0.89352 0.155701
-0.88768 0.15717
-0.88184 0.157002
-0.876 0.157589
-0.87016 0.160105
-0.86432 0.158729
-0.85848 0.159067
-0.85264 0.159695
-0.8468 0.160244
-0.84096 0.16134
-0.83512 0.161883
-0.82928 0.16478
-0.82344 0.165066
-0.8176 0.165743
-0.81176 0.166884
-0.80592 0.167936
-0.80008 0.169572
-0.79424 0.170537
-0.7884 0.171709
-0.78256 0.172044
-0.77672 0.172669
-0.77088 0.173088
-0.76504 0.17384
-0.7592 0.174637
-0.75336 0.175303
-0.74752 0.175879
-0.74168 0.176423
-0.73584 0.177427
-0.73 0.177628
-0.72416 0.177997
-0.71832 0.178747
-0.71248 0.17966
-0.70664 0.180327
-0.7008 0.179728
-0.69496 0.180344
-0.68912 0.181173
-0.68328 0.1815
-0.67744 0.18228
-0.6716 0.183115
-0.66576 0.183808
-0.65992 0.184548
-0.65408 0.185513
-0.64824 0.186001
-0.6424 0.185859
-0.63656 0.186468
-0.63072 0.18703
-0.62488 0.187506
-0.61904 0.187894
-0.6132 0.188533
-0.60736 0.18871
-0.60152 0.188757
-0.59568 0.188757
-0.58984 0.188757
-0.584 0.188757
-0.57816 0.188757
-0.57232 0.188757
-0.56648 0.188757
-0.56064 0.188757
-0.5548 0.188757
-0.54896 0.188757
-0.54312 0.188757
-0.53728 0.188757
-0.53144 0.188757
-0.5256 0.188757
-0.51976 0.188757
-0.51392 0.188757
-0.50808 0.188757
-0.50224 0.188757
-0.4964 0.188757
-0.49056 0.188757
-0.48472 0.188757
-0.47888 0.188757
-0.47304 0.188757
-0.4672 0.188757
-0.46136 0.188757
-0.45552 0.188757
-0.44968 0.188757
-0.44384 0.188757
-0.438 0.188757
-0.43216 0.188757
-0.42632 0.188757
-0.42048 0.188757
-0.41464 0.188757
-0.4088 0.188757
-0.40296 0.188757
-0.39712 0.188757
-0.39128 0.188757
-0.38544 0.188757
-0.3796 0.188757
-0.37376 0.188757
-0.36792 0.188757
-0.36208 0.188757
-0.35624 0.188757
-0.3504 0.188757
-0.34456 0.188757
-0.33872 0.188757
-0.33288 0.188757
-0.32704 0.188757
-0.3212 0.188757
-0.31536 0.188757
-0.30952 0.188757
-0.30368 0.188757
-0.29784 0.188757
-0.292 0.188757
-0.28616 0.188757
-0.28032 0.188757
-0.27448 0.188757
-0.26864 0.188757
-0.2628 0.188757
-0.25696 0.188757
-0.25112 0.188757
-0.24528 0.188757
-0.23944 0.188757
-0.2336 0.188757
-0.22776 0.188757
-0.22192 0.188757
-0.21608 0.188757
-0.21024 0.188757
-0.2044 0.188757
-0.19856 0.188757
-0.19272 0.188757
-0.18688 0.188757
-0.18104 0.188757
-0.1752 0.188757
-0.16936 0.188757
-0.16352 0.188757
-0.15768 0.188757
-0.15184 0.188757
-0.146 0.188757
-0.14016 0.188757
-0.13432 0.188757
-0.12848 0.188757
-0.12264 0.188757
-0.1168 0.188757
-0.11096 0.188757
-0.10512 0.188757
-0.09928 0.188757
-0.09344 0.188757
-0.0876 0.188757
-0.08176 0.188757
-0.07592 0.188757
-0.07008 0.188757
-0.06424 0.188757
-0.0584 0.188757
-0.05256 0.188757
-0.04672 0.188757
-0.04088 0.188757
-0.03504 0.188757
-0.0292 0.188757
-0.02336 0.188757
-0.01752 0.188757
-0.01168 0.188757
-0.00584 0.188757
