-2.92 0.208454
-2.91416 0.208454
-2.90832 0.208454
-2.90248 0.208454
-2.89664 0.208454
-2.8908 0.208454
-2.88496 0.208454
-2.87912 0.208454
-2.87328 0.208454
-2.86744 0.208454
-2.8616 0.208454
-2.85576 0.208454
-2.84992 0.208454
-2.84408 0.208454
-2.83824 0.208454
-2.8324 0.208454
-2.82656 0.208454
-2.82072 0.208454
-2.81488 0.208454
-2.80904 0.208454
-2.8032 0.208454
-2.79736 0.208454
-2.79152 0.208454
-2.78568 0.208454
-2.77984 0.208454
-2.774 0.208454
-2.76816 0.208454
-2.76232 0.208454
-2.75648 0.208454
-2.75064 0.208454
-2.7448 0.208454
-2.73896 0.208454
-2.73312 0.208454
-2.72728 0.208454
-2.72144 0.208454
-2.7156 0.208454
-2.70976 0.208454
-2.70392 0.208454
-2.69808 0.208454
-2.69224 0.208454
-2.6864 0.208454
-2.68056 0.208454
-2.67472 0.208454
-2.66888 0.208454
-2.66304 0.208454
-2.6572 0.208454
-2.65136 0.208454
-2.64552 0.208454
-2.63968 0.208454
-2.63384 0.208454
-2.628 0.208454
-2.62216 0.208454
-2.61632 0.208454
-2.61048 0.208454
-2.60464 0.208454
-2.5988 0.208454
-2.59296 0.208277
-2.58712 0.208012
-2.58128 0.207658
-2.57544 0.207085
-2.5696 0.206513
-2.56376 0.20594
-2.55792 0.205324
-2.55208 0.204665
-2.54624 0.203917
-2.5404 0.203124
-2.53456 0.202288
-2.52872 0.201494
-2.52288 0.200701
-2.51704 0.199865
-2.5112 0.199069
-2.50536 0.198232
-2.49952 0.197349
-2.49368 0.196556
-2.48784 0.195717
-2.482 0.194924
-2.47616 0.19391
-2.47032 0.192895
-2.46448 0.191836
-2.45864 0.190778
-2.4528 0.18972
-2.44696 0.188661
-2.44112 0.1876
-2.43528 0.18654
-2.42944 0.185479
-2.4236 0.184419
-2.41776 0.183357
-2.41192 0.182252
-2.40608 0.181103
-2.40024 0.179911
-2.3944 0.178719
-2.38856 0.177615
-2.38272 0.176423
-2.37688 0.175233
-2.37104 0.173998
-2.3652 0.172718
-2.35936 0.171437
-2.35352 0.170157
-2.34768 0.168833
-2.34184 0.167508
-2.336 0.16614
-2.33016 0.164771
-2.32432 0.163402
-2.31848 0.161988
-2.31264 0.160575
-2.3068 0.159206
-2.30096 0.157836
-2.29512 0.15651
-2.28928 0.155184
-2.28344 0.153639
-2.2776 0.152182
-2.27176 0.150726
-2.26592 0.149312
-2.26008 0.1479
-2.25424 0.14631
-2.2484 0.14472
-2.24256 0.143131
-2.23672 0.141541
-2.23088 0.13995
-2.22504 0.138448
-2.2192 0.136857
-2.21336 0.135311
-2.20752 0.133765
-2.20168 0.132174
-2.19584 0.130673
-2.19 0.129081
-2.18416 0.127489
-2.17832 0.125898
-2.17248 0.12435
-2.16664 0.122803
-2.1608 0.121211
-2.15496 0.119622
-2.14912 0.11803
-2.14328 0.116438
-2.13744 0.114891
-2.1316 0.113299
-2.12576 0.111794
-2.11992 0.110246
-2.11408 0.108655
-2.10824 0.107108
-2.1024 0.105516
-2.09656 0.103925
-2.09072 0.102333
-2.08488 0.100829
-2.07904 0.0992822
-2.0732 0.0978208
-2.06736 0.0963614
-2.06152 0.0948131
-2.05568 0.093355
-2.04984 0.0918513
-2.044 0.0904801
-2.03816 0.0889318
-2.03232 0.08734
-2.02648 0.0857494
-2.02064 0.0841587
-2.0148 0.082567
-2.00896 0.0810197
-2.00312 0.0794714
-1.99728 0.0778807
-1.99144 0.0763792
-1.9856 0.0747885
-1.97976 0.0732424
-1.97392 0.0716962
-1.96808 0.0704437
-1.96224 0.0687262
-1.9564 0.0669241
-1.95056 0.0654215
-1.94472 0.0638728
-1.93888 0.0622433
-1.93304 0.0606537
-1.9272 0.0590642
-1.92136 0.0574757
-1.91552 0.0559738
-1.90968 0.0544301
-1.90384 0.0529719
-1.898 0.0514714
-1.89216 0.0500552
-1.88632 0.0486413
-1.88048 0.0470578
-1.87464 0.0456862
-1.8688 0.0443185
-1.86296 0.043035
-1.85712 0.0417953
-1.85128 0.0405164
-1.84544 0.0391473
-1.8396 0.0378673
-1.83376 0.036632
-1.82792 0.0356086
-1.82208 0.0344216
-1.81624 0.0331416
-1.8104 0.0319483
-1.80456 0.0307563
-1.79872 0.0296067
-1.79288 0.0284984
-1.78704 0.0273068
-1.7812 0.0260321
-1.77536 0.0249266
-1.76952 0.023823
-1.76368 0.0229727
-1.75784 0.0217862
-1.752 0.0206835
-1.74616 0.019793
-1.74032 0.0185244
-1.73448 0.0176343
-1.72864 0.0166183
-1.7228 0.0153925
-1.71696 0.0146312
-1.71112 0.0134493
-1.70528 0.0125607
-1.69944 0.0117619
-1.6936 0.0106672
-1.68776 0.00974097
-1.68192 0.00877312
-1.67608 0.0084815
-1.67024 0.00848547
-1.6644 0.00924612
-1.65856 0.00938188
-1.65272 0.00972325
-1.64688 0.0111709
-1.64104 0.012281
-1.6352 0.0135171
-1.62936 0.015305
-1.62352 0.0164228
-1.61768 0.0184621
-1.61184 0.0186202
-1.606 0.021102
-1.60016 0.0223438
-1.59432 0.0219737
-1.58848 0.0231636
-1.58264 0.0233848
-1.5768 0.0228507
-1.57096 0.0230778
-1.56512 0.0241354
-1.55928 0.024411
-1.55344 0.0262315
-1.5476 0.0263274
-1.54176 0.0260137
-1.53592 0.0272113
-1.53008 0.0277521
-1.52424 0.02883
-1.5184 0.0302886
-1.51256 0.0275785
-1.50672 0.0290692
-1.50088 0.0300618
-1.49504 0.0314295
-1.4892 0.0326223
-1.48336 0.0339115
-1.47752 0.0339371
-1.47168 0.0338708
-1.46584 0.0365937
-1.46 0.0383839
-1.45416 0.0413559
-1.44832 0.0407969
-1.44248 0.0419081
-1.43664 0.0417695
-1.4308 0.0421803
-1.42496 0.0454448
-1.41912 0.0457274
-1.41328 0.0471378
-1.40744 0.0482313
-1.4016 0.0484752
-1.39576 0.0492643
-1.38992 0.0508079
-1.38408 0.0518956
-1.37824 0.0532348
-1.3724 0.0539793
-1.36656 0.0548978
-1.36072 0.0576652
-1.35488 0.0556435
-1.34904 0.0567201
-1.3432 0.0567986
-1.33736 0.0593171
-1.33152 0.0595291
-1.32568 0.0612012
-1.31984 0.0609386
-1.314 0.0616511
-1.30816 0.0645456
-1.30232 0.0633685
-1.29648 0.0650378
-1.29064 0.0665103
-1.2848 0.0661734
-1.27896 0.0686026
-1.27312 0.0681376
-1.26728 0.0711143
-1.26144 0.0732929
-1.2556 0.0726224
-1.24976 0.074629
-1.24392 0.0769755
-1.23808 0.079337
-1.23224 0.0801747
-1.2264 0.0816015
-1.22056 0.0829054
-1.21472 0.0831866
-1.20888 0.0844501
-1.20304 0.0853623
-1.1972 0.0860837
-1.19136 0.0876801
-1.18552 0.0888899
-1.17968 0.0900747
-1.17384 0.090619
-1.168 0.0927972
-1.16216 0.0940958
-1.15632 0.0953979
-1.15048 0.0959421
-1.14464 0.0965769
-1.1388 0.0955295
-1.13296 0.0961186
-1.12712 0.0974955
-1.12128 0.098428
-1.11544 0.100863
-1.1096 0.101109
-1.10376 0.101398
-1.09792 0.102546
-1.09208 0.104757
-1.08624 0.105721
-1.0804 0.106538
-1.07456 0.104853
-1.06872 0.106366
-1.06288 0.107498
-1.05704 0.108754
-1.0512 0.111005
-1.04536 0.112694
-1.03952 0.11214
-1.03368 0.113103
-1.02784 0.116008
-1.022 0.11815
-1.01616 0.12113
-1.01032 0.120584
-1.00448 0.121204
-0.99864 0.121708
-0.9928 0.122588
-0.98696 0.124095
-0.98112 0.125228
-0.97528 0.125594
-0.96944 0.127367
-0.9636 0.126901
-0.95776 0.128747
-0.95192 0.128949
-0.94608 0.129283
-0.94024 0.130844
-0.9344 0.131592
-0.92856 0.132349
-0.92272 0.13394
-0.91688 0.131375
-0.91104 0.132627
-0.9052 0.132541
-0.89936 0.13312
-0.89352 0.133541
-0.88768 0.134415
-0.88184 0.13407
-0.876 0.133768
-0.87016 0.13633
-0.86432 0.134773
-0.85848 0.135726
-0.85264 0.136398
-0.8468 0.13656
-0.84096 0.137771
-0.83512 0.137844
-0.82928 0.140481
-0.82344 0.141308
-0.8176 0.141386
-0.81176 0.142004
-0.80592 0.143044
-0.80008 0.144723
-0.79424 0.145173
-0.7884 0.145543
-0.78256 0.14608
-0.77672 0.145939
-0.77088 0.146177
-0.76504 0.146703
-0.7592 0.146951
-0.75336 0.147521
-0.74752 0.148054
-0.74168 0.148129
-0.73584 0.148739
-0.73 0.14943
-0.72416 0.149375
-0.71832 0.149941
-0.71248 0.150597
-0.70664 0.150286
-0.7008 0.149514
-0.69496 0.150129
-0.68912 0.15053
-0.68328 0.150927
-0.67744 0.151534
-0.6716 0.152145
-0.66576 0.152754
-0.65992 0.153236
-0.65408 0.154363
-0.64824 0.154761
-0.6424 0.154281
-0.63656 0.154674
-0.63072 0.155022
-0.62488 0.155367
-0.61904 0.15571
-0.6132 0.156432
-0.60736 0.156524
-0.60152 0.156531
-0.59568 0.156531
-0.58984 0.156531
-0.584 0.156531
-0.57816 0.156531
-0.57232 0.156531
-0.56648 0.156531
-0.56064 0.156531
-0.5548 0.156531
-0.54896 0.156531
-0.54312 0.156531
-0.53728 0.156531
-0.53144 0.156531
-0.5256 0.156531
-0.51976 0.156531
-0.51392 0.156531
-0.50808 0.156531
-0.50224 0.156531
-0.4964 0.156531
-0.49056 0.156531
-0.48472 0.156531
-0.47888 0.156531
-0.47304 0.156531
-0.4672 0.156531
-0.46136 0.156531
-0.45552 0.156531
-0.44968 0.156531
-0.44384 0.156531
-0.438 0.156531
-0.43216 0.156531
-0.42632 0.156531
-0.42048 0.156531
-0.41464 0.156531
-0.4088 0.156531
-0.40296 0.156531
-0.39712 0.156531
-0.39128 0.156531
-0.38544 0.156531
-0.3796 0.156531
-0.37376 0.156531
-0.36792 0.156531
-0.36208 0.156531
-0.35624 0.156531
-0.3504 0.156531
-0.34456 0.156531
-0.33872 0.156531
-0.33288 0.156531
-0.32704 0.156531
-0.3212 0.156531
-0.31536 0.156531
-0.30952 0.156531
-0.30368 0.156531
-0.29784 0.156531
-0.292 0.156531
-0.28616 0.156531
-0.28032 0.156531
-0.27448 0.156531
-0.26864 0.156531
-0.2628 0.156531
-0.25696 0.156531
-0.25112 0.156531
-0.24528 0.156531
-0.23944 0.156531
-0.2336 0.156531
-0.22776 0.156531
-0.22192 0.156531
-0.21608 0.156531
-0.21024 0.156531
-0.2044 0.156531
-0.19856 0.156531
-0.19272 0.156531
-0.18688 0.156531
-0.18104 0.156531
-0.1752 0.156531
-0.16936 0.156531
-0.16352 0.156531
-0.15768 0.156531
-0.15184 0.156531
-0.146 0.156531
-0.14016 0.156531
-0.13432 0.156531
-0.12848 0.156531
-0.12264 0.156531
-0.1168 0.156531
-0.11096 0.156531
-0.10512 0.156531
-0.09928 0.156531
-0.09344 0.156531
-0.0876 0.156531
-0.08176 0.156531
-0.07592 0.156531
-0.07008 0.156531
-0.06424 0.156531
-0.0584 0.156531
-0.05256 0.156531
-0.04672 0.156531
-0.04088 0.156531
-0.03504 0.156531
-0.0292 0.156531
-0.02336 0.156531
-0.01752 0.156531
-0.01168 0.156531
-0.00584 0.156531
