-2.92 0.168785
-2.91416 0.168785
-2.90832 0.168785
-2.90248 0.168785
-2.89664 0.168785
-2.8908 0.168785
-2.88496 0.168785
-2.87912 0.168785
-2.87328 0.168785
-2.86744 0.168785
-2.8616 0.168785
-2.85576 0.168785
-2.84992 0.168785
-2.84408 0.168785
-2.83824 0.168785
-2.8324 0.168785
-2.82656 0.168785
-2.82072 0.168785
-2.81488 0.168785
-2.80904 0.168785
-2.8032 0.168785
-2.79736 0.168785
-2.79152 0.168785
-2.78568 0.168785
-2.77984 0.168785
-2.774 0.168785
-2.76816 0.168785
-2.76232 0.168785
-2.75648 0.168785
-2.75064 0.168785
-2.7448 0.168785
-2.73896 0.168785
-2.73312 0.168785
-2.72728 0.168785
-2.72144 0.168785
-2.7156 0.168785
-2.70976 0.168785
-2.70392 0.168785
-2.69808 0.168785
-2.69224 0.168785
-2.6864 0.168785
-2.68056 0.168785
-2.67472 0.168785
-2.66888 0.168785
-2.66304 0.168785
-2.6572 0.168785
-2.65136 0.168785
-2.64552 0.168785
-2.63968 0.168785
-2.63384 0.168785
-2.628 0.168785
-2.62216 0.168785
-2.61632 0.168785
-2.61048 0.168785
-2.60464 0.168785
-2.5988 0.168785
-2.59296 0.16861
-2.58712 0.168258
-2.58128 0.167819
-2.57544 0.167335
-2.5696 0.166808
-2.56376 0.166195
-2.55792 0.165538
-2.55208 0.164836
-2.54624 0.164089
-2.5404 0.163299
-2.53456 0.162509
-2.52872 0.161762
-2.52288 0.161016
-2.51704 0.16027
-2.5112 0.159524
-2.50536 0.15882
-2.49952 0.157986
-2.49368 0.157237
-2.48784 0.156446
-2.482 0.155831
-2.47616 0.154908
-2.47032 0.153985
-2.46448 0.153017
-2.45864 0.152007
-2.4528 0.150996
-2.44696 0.149985
-2.44112 0.148975
-2.43528 0.147964
-2.42944 0.146953
-2.4236 0.145943
-2.41776 0.144932
-2.41192 0.143921
-2.40608 0.142911
-2.40024 0.141899
-2.3944 0.140887
-2.38856 0.139918
-2.38272 0.138905
-2.37688 0.137849
-2.37104 0.136793
-2.3652 0.135823
-2.35936 0.134766
-2.35352 0.133752
-2.34768 0.132652
-2.34184 0.131551
-2.336 0.130495
-2.33016 0.129394
-2.32432 0.128294
-2.31848 0.127193
-2.31264 0.126093
-2.3068 0.125036
-2.30096 0.124023
-2.29512 0.122967
-2.28928 0.121953
-2.28344 0.120895
-2.2776 0.119838
-2.27176 0.118823
-2.26592 0.117942
-2.26008 0.116928
-2.25424 0.115783
-2.2484 0.114637
-2.24256 0.113537
-2.23672 0.11239
-2.23088 0.111244
-2.22504 0.110097
-2.2192 0.108951
-2.21336 0.107805
-2.20752 0.106703
-2.20168 0.105556
-2.19584 0.104454
-2.19 0.103265
-2.18416 0.102075
-2.17832 0.100885
-2.17248 0.0997384
-2.16664 0.0985485
-2.1608 0.0973586
-2.15496 0.0961688
-2.14912 0.0950224
-2.14328 0.093877
-2.13744 0.0926871
-2.1316 0.0915407
-2.12576 0.0903509
-2.11992 0.089161
-2.11408 0.0880157
-2.10824 0.0868258
-2.1024 0.085636
-2.09656 0.0844472
-2.09072 0.0833008
-2.08488 0.0821555
-2.07904 0.0810091
-2.0732 0.0798638
-2.06736 0.078762
-2.06152 0.0776166
-2.05568 0.0765572
-2.04984 0.0754553
-2.044 0.0745296
-2.03816 0.0733843
-2.03232 0.0721944
-2.02648 0.0710491
-2.02064 0.0698593
-2.0148 0.0686694
-2.00896 0.0674795
-2.00312 0.0662897
-1.99728 0.0650998
-1.99144 0.0639545
-1.9856 0.0628081
-1.97976 0.0616617
-1.97392 0.0605597
-1.96808 0.059836
-1.96224 0.0586473
-1.9564 0.0571206
-1.95056 0.0560176
-1.94472 0.0548712
-1.93888 0.0537668
-1.93304 0.0525795
-1.9272 0.0515222
-1.92136 0.0504203
-1.91552 0.049362
-1.90968 0.0482602
-1.90384 0.0471584
-1.898 0.0461011
-1.89216 0.0450834
-1.88632 0.0439407
-1.88048 0.0428399
-1.87464 0.0416983
-1.8688 0.0406421
-1.86296 0.0396284
-1.85712 0.0385723
-1.85128 0.0376437
-1.84544 0.0365444
-1.8396 0.0356564
-1.83376 0.0344759
-1.82792 0.0336392
-1.82208 0.0327135
-1.81624 0.0317415
-1.8104 0.0306433
-1.80456 0.0295884
-1.79872 0.0286598
-1.79288 0.0277322
-1.78704 0.0265943
-1.7812 0.0255415
-1.77536 0.0247412
-1.76952 0.0236464
-1.76368 0.0226358
-1.75784 0.0217092
-1.752 0.0206144
-1.74616 0.0196457
-1.74032 0.0187192
-1.73448 0.017794
-1.72864 0.0167006
-1.7228 0.0156927
-1.71696 0.01477
-1.71112 0.0140587
-1.70528 0.0131784
-1.69944 0.0123003
-1.6936 0.0112949
-1.68776 0.0104167
-1.68192 0.00987994
-1.67608 0.00938374
-1.67024 0.00985639
-1.6644 0.00999249
-1.65856 0.00991611
-1.65272 0.0108532
-1.64688 0.0120489
-1.64104 0.0132814
-1.6352 0.0139315
-1.62936 0.0153824
-1.62352 0.0177201
-1.61768 0.0193831
-1.61184 0.0210112
-1.606 0.0211789
-1.60016 0.023309
-1.59432 0.0228183
-1.58848 0.0246381
-1.58264 0.025873
-1.5768 0.0251337
-1.57096 0.0273826
-1.56512 0.0268523
-1.55928 0.0277119
-1.55344 0.028619
-1.5476 0.028378
-1.54176 0.0286928
-1.53592 0.0299014
-1.53008 0.0315826
-1.52424 0.0329918
-1.5184 0.0308845
-1.51256 0.0328933
-1.50672 0.0329655
-1.50088 0.0348021
-1.49504 0.0350814
-1.4892 0.0368236
-1.48336 0.0374492
-1.47752 0.0385699
-1.47168 0.0395693
-1.46584 0.0419159
-1.46 0.0430399
-1.45416 0.0458897
-1.44832 0.0446205
-1.44248 0.0457899
-1.43664 0.0477658
-1.4308 0.0492337
-1.42496 0.0503482
-1.41912 0.0519045
-1.41328 0.0515938
-1.40744 0.0533157
-1.4016 0.0554208
-1.39576 0.0564664
-1.38992 0.0566596
-1.38408 0.0586372
-1.37824 0.060017
-1.3724 0.0596835
-1.36656 0.0619071
-1.36072 0.0630758
-1.35488 0.0611506
-1.34904 0.0625781
-1.3432 0.064716
-1.33736 0.0661054
-1.33152 0.0668205
-1.32568 0.0675323
-1.31984 0.0685817
-1.314 0.0682813
-1.30816 0.0715919
-1.30232 0.0714387
-1.29648 0.0709842
-1.29064 0.0725006
-1.2848 0.0737566
-1.27896 0.0753958
-1.27312 0.0759064
-1.26728 0.0790029
-1.26144 0.0808552
-1.2556 0.0810762
-1.24976 0.0824197
-1.24392 0.0859631
-1.23808 0.0869267
-1.23224 0.0891985
-1.2264 0.0912666
-1.22056 0.0896316
-1.21472 0.0938358
-1.20888 0.0940135
-1.20304 0.0955421
-1.1972 0.0960797
-1.19136 0.0974826
-1.18552 0.0990437
-1.17968 0.101143
-1.17384 0.102242
-1.168 0.103174
-1.16216 0.104733
-1.15632 0.103525
-1.15048 0.106426
-1.14464 0.107612
-1.1388 0.107203
-1.13296 0.109519
-1.12712 0.10839
-1.12128 0.110879
-1.11544 0.112111
-1.1096 0.112225
-1.10376 0.113158
-1.09792 0.114765
-1.09208 0.116785
-1.08624 0.118754
-1.0804 0.115877
-1.07456 0.118531
-1.06872 0.119206
-1.06288 0.120564
-1.05704 0.121241
-1.0512 0.12447
-1.04536 0.124732
-1.03952 0.126629
-1.03368 0.127095
-1.02784 0.130085
-1.022 0.131594
-1.01616 0.133203
-1.01032 0.133087
-1.00448 0.134769
-0.99864 0.136753
-0.9928 0.137772
-0.98696 0.138436
-0.98112 0.139999
-0.97528 0.139579
-0.96944 0.14135
-0.9636 0.143002
-0.95776 0.1438
-0.95192 0.144633
-0.94608 0.145947
-0.94024 0.146155
-0.9344 0.146627
-0.92856 0.14793
-0.92272 0.148605
-0.91688 0.145968
-0.91104 0.147691
-0.9052 0.148233
-0.89936 0.148909
-0.89352 0.149879
-0.88768 0.149665
-0.88184 0.150587
-0.876 0.150205
-0.87016 0.152762
-0.86432 0.151558
-0.85848 0.151515
-0.85264 0.152394
-0.8468 0.152759
-0.84096 0.154109
-0.83512 0.154436
-0.82928 0.156362
-0.82344 0.157907
-0.8176 0.157448
-0.81176 0.158193
-0.80592 0.159497
-0.80008 0.161419
-0.79424 0.161333
-0.7884 0.162714
-0.78256 0.162246
-0.77672 0.164007
-0.77088 0.164284
-0.76504 0.163951
-0.7592 0.165033
-0.75336 0.16528
-0.74752 0.165985
-0.74168 0.166729
-0.73584 0.167056
-0.73 0.16767
-0.72416 0.168296
-0.71832 0.168114
-0.71248 0.168987
-0.70664 0.169102
-0.7008 0.168591
-0.69496 0.16912
-0.68912 0.169693
-0.68328 0.170141
-0.67744 0.170844
-0.6716 0.171539
-0.66576 0.172196
-0.65992 0.172806
-0.65408 0.173978
-0.64824 0.174505
-0.6424 0.174031
-0.63656 0.174553
-0.63072 0.175031
-0.62488 0.175464
-0.61904 0.175897
-0.6132 0.176788
-0.60736 0.17701
-0.60152 0.176978
-0.59568 0.176978
-0.58984 0.176978
-0.584 0.176978
-0.57816 0.176978
-0.57232 0.176978
-0.56648 0.176978
-0.56064 0.176978
-0.5548 0.176978
-0.54896 0.176978
-0.54312 0.176978
-0.53728 0.176978
-0.53144 0.176978
-0.5256 0.176978
-0.51976 0.176978
-0.51392 0.176978
-0.50808 0.176978
-0.50224 0.176978
-0.4964 0.176978
-0.49056 0.176978
-0.48472 0.176978
-0.47888 0.176978
-0.47304 0.176978
-0.4672 0.176978
-0.46136 0.176978
-0.45552 0.176978
-0.44968 0.176978
-0.44384 0.176978
-0.438 0.176978
-0.43216 0.176978
-0.42632 0.176978
-0.42048 0.176978
-0.41464 0.176978
-0.4088 0.176978
-0.40296 0.176978
-0.39712 0.176978
-0.39128 0.176978
-0.38544 0.176978
-0.3796 0.176978
-0.37376 0.176978
-0.36792 0.176978
-0.36208 0.176978
-0.35624 0.176978
-0.3504 0.176978
-0.34456 0.176978
-0.33872 0.176978
-0.33288 0.176978
-0.32704 0.176978
-0.3212 0.176978
-0.31536 0.176978
-0.30952 0.176978
-0.30368 0.176978
-0.29784 0.176978
-0.292 0.176978
-0.28616 0.176978
-0.28032 0.176978
-0.27448 0.176978
-0.26864 0.176978
-0.2628 0.176978
-0.25696 0.176978
-0.25112 0.176978
-0.24528 0.176978
-0.23944 0.176978
-0.2336 0.176978
-0.22776 0.176978
-0.22192 0.176978
-0.21608 0.176978
-0.21024 0.176978
-0.2044 0.176978
-0.19856 0.176978
-0.19272 0.176978
-0.18688 0.176978
-0.18104 0.176978
-0.1752 0.176978
-0.16936 0.176978
-0.16352 0.176978
-0.15768 0.176978
-0.15184 0.176978
-0.146 0.176978
-0.14016 0.176978
-0.13432 0.176978
-0.12848 0.176978
-0.12264 0.176978
-0.1168 0.176978
-0.11096 0.176978
-0.10512 0.176978
-0.09928 0.176978
-0.09344 0.176978
-0.0876 0.176978
-0.08176 0.176978
-0.07592 0.176978
-0.07008 0.176978
-0.06424 0.176978
-0.0584 0.176978
-0.05256 0.176978
-0.04672 0.176978
-0.04088 0.176978
-0.03504 0.176978
-0.0292 0.176978
-0.02336 0.176978
-0.01752 0.176978
-0.01168 0.176978
-0.00584 0.176978
