-2.92 0.226767
-2.91416 0.226767
-2.90832 0.226767
-2.90248 0.226767
-2.89664 0.226767
-2.8908 0.226767
-2.88496 0.226767
-2.87912 0.226767
-2.87328 0.226767
-2.86744 0.226767
-2.8616 0.226767
-2.85576 0.226767
-2.84992 0.226767
-2.84408 0.226767
-2.83824 0.226767
-2.8324 0.226767
-2.82656 0.226767
-2.82072 0.226767
-2.81488 0.226767
-2.80904 0.226767
-2.8032 0.226767
-2.79736 0.226767
-2.79152 0.226767
-2.78568 0.226767
-2.77984 0.226767
-2.774 0.226767
-2.76816 0.226767
-2.76232 0.226767
-2.75648 0.226767
-2.75064 0.226767
-2.7448 0.226767
-2.73896 0.226767
-2.73312 0.226767
-2.72728 0.226767
-2.72144 0.226767
-2.7156 0.226767
-2.70976 0.226767
-2.70392 0.226767
-2.69808 0.226767
-2.69224 0.226767
-2.6864 0.226767
-2.68056 0.226767
-2.67472 0.226767
-2.66888 0.226767
-2.66304 0.226767
-2.6572 0.226767
-2.65136 0.226767
-2.64552 0.226767
-2.63968 0.226767
-2.63384 0.226767
-2.628 0.226767
-2.62216 0.226767
-2.61632 0.226767
-2.61048 0.226767
-2.60464 0.226767
-2.5988 0.226767
-2.59296 0.226458
-2.58712 0.226018
-2.58128 0.225534
-2.57544 0.225006
-2.5696 0.224434
-2.56376 0.223774
-2.55792 0.223071
-2.55208 0.222323
-2.54624 0.221489
-2.5404 0.220698
-2.53456 0.219907
-2.52872 0.219116
-2.52288 0.218325
-2.51704 0.217491
-2.5112 0.216658
-2.50536 0.215779
-2.49952 0.214813
-2.49368 0.213935
-2.48784 0.213057
-2.482 0.212355
-2.47616 0.211298
-2.47032 0.210199
-2.46448 0.209055
-2.45864 0.207867
-2.4528 0.206677
-2.44696 0.205443
-2.44112 0.204211
-2.43528 0.202978
-2.42944 0.201747
-2.4236 0.200425
-2.41776 0.199149
-2.41192 0.197826
-2.40608 0.196548
-2.40024 0.195269
-2.3944 0.193947
-2.38856 0.192669
-2.38272 0.19126
-2.37688 0.189895
-2.37104 0.188442
-2.3652 0.187033
-2.35936 0.185623
-2.35352 0.184257
-2.34768 0.18276
-2.34184 0.181263
-2.336 0.179765
-2.33016 0.178268
-2.32432 0.176814
-2.31848 0.17536
-2.31264 0.173863
-2.3068 0.172409
-2.30096 0.170956
-2.29512 0.16946
-2.28928 0.168006
-2.28344 0.166422
-2.2776 0.164881
-2.27176 0.163428
-2.26592 0.161978
-2.26008 0.160658
-2.25424 0.159074
-2.2484 0.157489
-2.24256 0.155862
-2.23672 0.154234
-2.23088 0.152605
-2.22504 0.150934
-2.2192 0.149218
-2.21336 0.147505
-2.20752 0.145877
-2.20168 0.14416
-2.19584 0.142488
-2.19 0.140771
-2.18416 0.1391
-2.17832 0.137427
-2.17248 0.135756
-2.16664 0.134039
-2.1608 0.132322
-2.15496 0.130694
-2.14912 0.12902
-2.14328 0.127347
-2.13744 0.125675
-2.1316 0.124045
-2.12576 0.122371
-2.11992 0.120655
-2.11408 0.118938
-2.10824 0.117221
-2.1024 0.115591
-2.09656 0.113918
-2.09072 0.112288
-2.08488 0.110658
-2.07904 0.108986
-2.0732 0.107314
-2.06736 0.105684
-2.06152 0.103967
-2.05568 0.102338
-2.04984 0.100753
-2.044 0.0993449
-2.03816 0.0976727
-2.03232 0.0959559
-2.02648 0.0942391
-2.02064 0.0925223
-2.0148 0.0908056
-2.00896 0.0890888
-2.00312 0.0874166
-1.99728 0.0856998
-1.99144 0.0840298
-1.9856 0.0823564
-1.97976 0.0806842
-1.97392 0.0795602
-1.96808 0.0779715
-1.96224 0.076555
-1.9564 0.0743322
-1.95056 0.0724509
-1.94472 0.0705674
-1.93888 0.0689831
-1.93304 0.0674409
-1.9272 0.0658582
-1.92136 0.0643173
-1.91552 0.0628211
-1.90968 0.061363
-1.90384 0.0597367
-1.898 0.0581525
-1.89216 0.0566537
-1.88632 0.0550724
-1.88048 0.0537433
-1.87464 0.0520778
-1.8688 0.0507921
-1.86296 0.0494248
-1.85712 0.047972
-1.85128 0.0466036
-1.84544 0.0449801
-1.8396 0.0436945
-1.83376 0.0421603
-1.82792 0.0408822
-1.82208 0.0396094
-1.81624 0.0382406
-1.8104 0.0366618
-1.80456 0.0356309
-1.79872 0.0340545
-1.79288 0.0328116
-1.78704 0.0314505
-1.7812 0.0304223
-1.77536 0.0287656
-1.76952 0.0274446
-1.76368 0.0264598
-1.75784 0.025142
-1.752 0.0239479
-1.74616 0.0228011
-1.74032 0.0215692
-1.73448 0.0202547
-1.72864 0.0191908
-1.7228 0.0180887
-1.71696 0.0170321
-1.71112 0.0161897
-1.70528 0.0152181
-1.69944 0.0142123
-1.6936 0.013332
-1.68776 0.0125342
-1.68192 0.0114855
-1.67608 0.0112796
-1.67024 0.0114964
-1.6644 0.0113348
-1.65856 0.0121457
-1.65272 0.0127437
-1.64688 0.0135516
-1.64104 0.013899
-1.6352 0.0158468
-1.62936 0.0166539
-1.62352 0.0184846
-1.61768 0.0212504
-1.61184 0.0212743
-1.606 0.022064
-1.60016 0.0248669
-1.59432 0.0263112
-1.58848 0.0270328
-1.58264 0.0302511
-1.5768 0.0299965
-1.57096 0.0313239
-1.56512 0.0331269
-1.55928 0.0347191
-1.55344 0.0360919
-1.5476 0.0395262
-1.54176 0.0392751
-1.53592 0.041589
-1.53008 0.0434573
-1.52424 0.0453432
-1.5184 0.0457362
-1.51256 0.0470313
-1.50672 0.0487329
-1.50088 0.0491456
-1.49504 0.0506625
-1.4892 0.054981
-1.48336 0.0548585
-1.47752 0.0575086
-1.47168 0.0592012
-1.46584 0.0615636
-1.46 0.0650976
-1.45416 0.066956
-1.44832 0.0684487
-1.44248 0.0724511
-1.43664 0.0725528
-1.4308 0.0734922
-1.42496 0.0746776
-1.41912 0.0798309
-1.41328 0.0803281
-1.40744 0.082151
-1.4016 0.0838517
-1.39576 0.0874899
-1.38992 0.0888648
-1.38408 0.0911959
-1.37824 0.0924802
-1.3724 0.0938877
-1.36656 0.0970578
-1.36072 0.096045
-1.35488 0.0984668
-1.34904 0.0995823
-1.3432 0.10268
-1.33736 0.103893
-1.33152 0.104622
-1.32568 0.107849
-1.31984 0.110747
-1.314 0.110846
-1.30816 0.115967
-1.30232 0.113914
-1.29648 0.116292
-1.29064 0.118564
-1.2848 0.120103
-1.27896 0.122015
-1.27312 0.123736
-1.26728 0.128466
-1.26144 0.131823
-1.2556 0.133784
-1.24976 0.135208
-1.24392 0.138894
-1.23808 0.143435
-1.23224 0.143706
-1.2264 0.147151
-1.22056 0.148999
-1.21472 0.151417
-1.20888 0.153845
-1.20304 0.154138
-1.1972 0.157766
-1.19136 0.161448
-1.18552 0.161409
-1.17968 0.165279
-1.17384 0.16585
-1.168 0.168073
-1.16216 0.171233
-1.15632 0.172349
-1.15048 0.175483
-1.14464 0.178043
-1.1388 0.176204
-1.13296 0.17673
-1.12712 0.178992
-1.12128 0.181685
-1.11544 0.184446
-1.1096 0.187377
-1.10376 0.187334
-1.09792 0.190559
-1.09208 0.193564
-1.08624 0.195365
-1.0804 0.194241
-1.07456 0.196926
-1.06872 0.197767
-1.06288 0.200149
-1.05704 0.201482
-1.0512 0.207348
-1.04536 0.207381
-1.03952 0.210935
-1.03368 0.212785
-1.02784 0.216096
-1.022 0.218811
-1.01616 0.221277
-1.01032 0.222091
-1.00448 0.226568
-0.99864 0.226597
-0.9928 0.228602
-0.98696 0.229088
-0.98112 0.234043
-0.97528 0.234082
-0.96944 0.235331
-0.9636 0.238009
-0.95776 0.240981
-0.95192 0.242702
-0.94608 0.243702
-0.94024 0.245031
-0.9344 0.246195
-0.92856 0.248331
-0.92272 0.247735
-0.91688 0.249118
-0.91104 0.249862
-0.9052 0.251907
-0.89936 0.252736
-0.89352 0.254816
-0.88768 0.255185
-0.88184 0.257824
-0.876 0.256585
-0.87016 0.260525
-0.86432 0.25906
-0.85848 0.260045
-0.85264 0.261053
-0.8468 0.262587
-0.84096 0.263532
-0.83512 0.265198
-0.82928 0.26891
-0.82344 0.270027
-0.8176 0.271221
-0.81176 0.272091
-0.80592 0.274968
-0.80008 0.2771
-0.79424 0.277326
-0.7884 0.279576
-0.78256 0.280607
-0.77672 0.28184
-0.77088 0.282948
-0.76504 0.284066
-0.7592 0.285085
-0.75336 0.286638
-0.74752 0.286452
-0.74168 0.288358
-0.73584 0.289203
-0.73 0.289965
-0.72416 0.29073
-0.71832 0.291957
-0.71248 0.292795
-0.70664 0.29309
-0.7008 0.292174
-0.69496 0.293392
-0.68912 0.294527
-0.68328 0.294987
-0.67744 0.29612
-0.6716 0.297251
-0.66576 0.298335
-0.65992 0.299421
-0.65408 0.300966
-0.64824 0.301927
-0.6424 0.301466
-0.63656 0.302509
-0.63072 0.303422
-0.62488 0.304287
-0.61904 0.305107
-0.6132 0.306597
-0.60736 0.306867
-0.60152 0.306878
-0.59568 0.306878
-0.58984 0.306878
-0.584 0.306878
-0.57816 0.306878
-0.57232 0.306878
-0.56648 0.306878
-0.56064 0.306878
-0.5548 0.306878
-0.54896 0.306878
-0.54312 0.306878
-0.53728 0.306878
-0.53144 0.306878
-0.5256 0.306878
-0.51976 0.306878
-0.51392 0.306878
-0.50808 0.306878
-0.50224 0.306878
-0.4964 0.306878
-0.49056 0.306878
-0.48472 0.306878
-0.47888 0.306878
-0.47304 0.306878
-0.4672 0.306878
-0.46136 0.306878
-0.45552 0.306878
-0.44968 0.306878
-0.44384 0.306878
-0.438 0.306878
-0.43216 0.306878
-0.42632 0.306878
-0.42048 0.306878
-0.41464 0.306878
-0.4088 0.306878
-0.40296 0.306878
-0.39712 0.306878
-0.39128 0.306878
-0.38544 0.306878
-0.3796 0.306878
-0.37376 0.306878
-0.36792 0.306878
-0.36208 0.306878
-0.35624 0.306878
-0.3504 0.306878
-0.34456 0.306878
-0.33872 0.306878
-0.33288 0.306878
-0.32704 0.306878
-0.3212 0.306878
-0.31536 0.306878
-0.30952 0.306878
-0.30368 0.306878
-0.29784 0.306878
-0.292 0.306878
-0.28616 0.306878
-0.28032 0.306878
-0.27448 0.306878
-0.26864 0.306878
-0.2628 0.306878
-0.25696 0.306878
-0.25112 0.306878
-0.24528 0.306878
-0.23944 0.306878
-0.2336 0.306878
-0.22776 0.306878
-0.22192 0.306878
-0.21608 0.306878
-0.21024 0.306878
-0.2044 0.306878
-0.19856 0.306878
-0.19272 0.306878
-0.18688 0.306878
-0.18104 0.306878
-0.1752 0.306878
-0.16936 0.306878
-0.16352 0.306878
-0.15768 0.306878
-0.15184 0.306878
-0.146 0.306878
-0.14016 0.306878
-0.13432 0.306878
-0.12848 0.306878
-0.12264 0.306878
-0.1168 0.306878
-0.11096 0.306878
-0.10512 0.306878
-0.09928 0.306878
-0.09344 0.306878
-0.0876 0.306878
-0.08176 0.306878
-0.07592 0.306878
-0.07008 0.306878
-0.06424 0.306878
-0.0584 0.306878
-0.05256 0.306878
-0.04672 0.306878
-0.04088 0.306878
-0.03504 0.306878
-0.0292 0.306878
-0.02336 0.306878
-0.01752 0.306878
-0.01168 0.306878
-0.00584 0.306878
