-2.92 0.485905
-2.91416 0.485905
-2.90832 0.485905
-2.90248 0.485905
-2.89664 0.485905
-2.8908 0.485905
-2.88496 0.485905
-2.87912 0.485905
-2.87328 0.485905
-2.86744 0.485905
-2.8616 0.485905
-2.85576 0.485905
-2.84992 0.485905
-2.84408 0.485905
-2.83824 0.485905
-2.8324 0.485905
-2.82656 0.485905
-2.82072 0.485905
-2.81488 0.485905
-2.80904 0.485905
-2.8032 0.485905
-2.79736 0.485905
-2.79152 0.485905
-2.78568 0.485905
-2.77984 0.485905
-2.774 0.485905
-2.76816 0.485905
-2.76232 0.485905
-2.75648 0.485905
-2.75064 0.485905
-2.7448 0.485905
-2.73896 0.485905
-2.73312 0.485905
-2.72728 0.485905
-2.72144 0.485905
-2.7156 0.485905
-2.70976 0.485905
-2.70392 0.485905
-2.69808 0.485905
-2.69224 0.485905
-2.6864 0.485905
-2.68056 0.485905
-2.67472 0.485905
-2.66888 0.485905
-2.66304 0.485905
-2.6572 0.485905
-2.65136 0.485905
-2.64552 0.485905
-2.63968 0.485905
-2.63384 0.485905
-2.628 0.485905
-2.62216 0.485905
-2.61632 0.485905
-2.61048 0.485905
-2.60464 0.485905
-2.5988 0.485905
-2.59296 0.485463
-2.58712 0.484714
-2.58128 0.483876
-2.57544 0.482948
-2.5696 0.481887
-2.56376 0.480693
-2.55792 0.479411
-2.55208 0.47804
-2.54624 0.47667
-2.5404 0.475258
-2.53456 0.473712
-2.52872 0.472078
-2.52288 0.470401
-2.51704 0.468639
-2.5112 0.466747
-2.50536 0.464895
-2.49952 0.463368
-2.49368 0.461587
-2.48784 0.46055
-2.482 0.459599
-2.47616 0.457479
-2.47032 0.45692
-2.46448 0.455128
-2.45864 0.453539
-2.4528 0.450622
-2.44696 0.449564
-2.44112 0.44842
-2.43528 0.445708
-2.42944 0.443328
-2.4236 0.442097
-2.41776 0.440662
-2.41192 0.438441
-2.40608 0.43746
-2.40024 0.435568
-2.3944 0.433054
-2.38856 0.431994
-2.38272 0.428476
-2.37688 0.426747
-2.37104 0.424802
-2.3652 0.423692
-2.35936 0.420372
-2.35352 0.41897
-2.34768 0.41648
-2.34184 0.415319
-2.336 0.412077
-2.33016 0.41042
-2.32432 0.407969
-2.31848 0.403841
-2.31264 0.402424
-2.3068 0.399504
-2.30096 0.395246
-2.29512 0.391913
-2.28928 0.388576
-2.28344 0.384818
-2.2776 0.382054
-2.27176 0.379128
-2.26592 0.375294
-2.26008 0.372959
-2.25424 0.368436
-2.2484 0.36422
-2.24256 0.361378
-2.23672 0.357276
-2.23088 0.355712
-2.22504 0.349358
-2.2192 0.346335
-2.21336 0.343644
-2.20752 0.339294
-2.20168 0.334762
-2.19584 0.331998
-2.19 0.327805
-2.18416 0.322321
-2.17832 0.318259
-2.17248 0.314526
-2.16664 0.310375
-2.1608 0.306847
-2.15496 0.301987
-2.14912 0.298626
-2.14328 0.294682
-2.13744 0.291325
-2.1316 0.286754
-2.12576 0.281763
-2.11992 0.279157
-2.11408 0.27371
-2.10824 0.270474
-2.1024 0.267575
-2.09656 0.264554
-2.09072 0.259517
-2.08488 0.255863
-2.07904 0.251618
-2.0732 0.248011
-2.06736 0.245067
-2.06152 0.240702
-2.05568 0.237257
-2.04984 0.233944
-2.044 0.230633
-2.03816 0.227107
-2.03232 0.224374
-2.02648 0.219381
-2.02064 0.216653
-2.0148 0.213121
-2.00896 0.208963
-2.00312 0.206274
-1.99728 0.203924
-1.99144 0.201465
-1.9856 0.199829
-1.97976 0.198241
-1.97392 0.195902
-1.96808 0.195239
-1.96224 0.192852
-1.9564 0.191852
-1.95056 0.19004
-1.94472 0.190609
-1.93888 0.187904
-1.93304 0.187766
-1.9272 0.186894
-1.92136 0.185944
-1.91552 0.185182
-1.90968 0.183477
-1.90384 0.183511
-1.898 0.184938
-1.89216 0.183899
-1.88632 0.181094
-1.88048 0.182172
-1.87464 0.182357
-1.8688 0.181748
-1.86296 0.18383
-1.85712 0.1817
-1.85128 0.182488
-1.84544 0.183037
-1.8396 0.184519
-1.83376 0.183334
-1.82792 0.182888
-1.82208 0.185474
-1.81624 0.184395
-1.8104 0.184951
-1.80456 0.184083
-1.79872 0.186282
-1.79288 0.186508
-1.78704 0.186919
-1.7812 0.188609
-1.77536 0.187553
-1.76952 0.192567
-1.76368 0.190801
-1.75784 0.192181
-1.752 0.193909
-1.74616 0.191495
-1.74032 0.194345
-1.73448 0.194304
-1.72864 0.197805
-1.7228 0.199067
-1.71696 0.199773
-1.71112 0.202137
-1.70528 0.201611
-1.69944 0.203974
-1.6936 0.205225
-1.68776 0.206172
-1.68192 0.207796
-1.67608 0.207164
-1.67024 0.205954
-1.6644 0.206453
-1.65856 0.207001
-1.65272 0.209148
-1.64688 0.207052
-1.64104 0.210973
-1.6352 0.209604
-1.62936 0.211145
-1.62352 0.211103
-1.61768 0.210936
-1.61184 0.212056
-1.606 0.216762
-1.60016 0.219329
-1.59432 0.221095
-1.58848 0.222739
-1.58264 0.22388
-1.5768 0.224012
-1.57096 0.227881
-1.56512 0.230652
-1.55928 0.228761
-1.55344 0.233429
-1.5476 0.238115
-1.54176 0.242427
-1.53592 0.244056
-1.53008 0.24375
-1.52424 0.248275
-1.5184 0.25037
-1.51256 0.250917
-1.50672 0.254808
-1.50088 0.260325
-1.49504 0.258279
-1.4892 0.263384
-1.48336 0.265737
-1.47752 0.265861
-1.47168 0.273712
-1.46584 0.270297
-1.46 0.275621
-1.45416 0.276647
-1.44832 0.280494
-1.44248 0.280094
-1.43664 0.282914
-1.4308 0.284334
-1.42496 0.293047
-1.41912 0.292445
-1.41328 0.288013
-1.40744 0.295415
-1.4016 0.303889
-1.39576 0.30163
-1.38992 0.306146
-1.38408 0.306745
-1.37824 0.310217
-1.3724 0.311012
-1.36656 0.312691
-1.36072 0.316011
-1.35488 0.314026
-1.34904 0.316256
-1.3432 0.322428
-1.33736 0.326464
-1.33152 0.333134
-1.32568 0.333827
-1.31984 0.33807
-1.314 0.342627
-1.30816 0.336267
-1.30232 0.345149
-1.29648 0.346136
-1.29064 0.353753
-1.2848 0.351966
-1.27896 0.355604
-1.27312 0.359432
-1.26728 0.35887
-1.26144 0.360604
-1.2556 0.366715
-1.24976 0.366865
-1.24392 0.369854
-1.23808 0.372128
-1.23224 0.373321
-1.2264 0.376414
-1.22056 0.377925
-1.21472 0.380979
-1.20888 0.382475
-1.20304 0.387401
-1.1972 0.393785
-1.19136 0.389857
-1.18552 0.394621
-1.17968 0.396693
-1.17384 0.396064
-1.168 0.402996
-1.16216 0.405023
-1.15632 0.40482
-1.15048 0.406524
-1.14464 0.406252
-1.1388 0.406395
-1.13296 0.40849
-1.12712 0.411611
-1.12128 0.411336
-1.11544 0.413737
-1.1096 0.419204
-1.10376 0.422248
-1.09792 0.422156
-1.09208 0.419494
-1.08624 0.420982
-1.0804 0.42592
-1.07456 0.422939
-1.06872 0.427449
-1.06288 0.432806
-1.05704 0.427424
-1.0512 0.429753
-1.04536 0.429011
-1.03952 0.426049
-1.03368 0.429053
-1.02784 0.42539
-1.022 0.425315
-1.01616 0.424065
-1.01032 0.424942
-1.00448 0.422209
-0.99864 0.420824
-0.9928 0.420651
-0.98696 0.42355
-0.98112 0.420475
-0.97528 0.414852
-0.96944 0.418672
-0.9636 0.421045
-0.95776 0.419636
-0.95192 0.419248
-0.94608 0.417569
-0.94024 0.419078
-0.9344 0.414501
-0.92856 0.413194
-0.92272 0.411833
-0.91688 0.408554
-0.91104 0.407823
-0.9052 0.408325
-0.89936 0.410389
-0.89352 0.411247
-0.88768 0.408645
-0.88184 0.410138
-0.876 0.409386
-0.87016 0.404694
-0.86432 0.407668
-0.85848 0.407297
-0.85264 0.407989
-0.8468 0.404097
-0.84096 0.405799
-0.83512 0.406024
-0.82928 0.401347
-0.82344 0.400223
-0.8176 0.40129
-0.81176 0.398245
-0.80592 0.399705
-0.80008 0.397138
-0.79424 0.397512
-0.7884 0.396801
-0.78256 0.39751
-0.77672 0.397048
-0.77088 0.395938
-0.76504 0.397241
-0.7592 0.396964
-0.75336 0.395225
-0.74752 0.395863
-0.74168 0.395224
-0.73584 0.395799
-0.73 0.397072
-0.72416 0.397509
-0.71832 0.397685
-0.71248 0.39717
-0.70664 0.397541
-0.7008 0.398
-0.69496 0.398511
-0.68912 0.398609
-0.68328 0.399938
-0.67744 0.403444
-0.6716 0.404704
-0.66576 0.405843
-0.65992 0.406298
-0.65408 0.406755
-0.64824 0.407219
-0.6424 0.40944
-0.63656 0.409935
-0.63072 0.410048
-0.62488 0.410239
-0.61904 0.40971
-0.6132 0.408934
-0.60736 0.408024
-0.60152 0.408285
-0.59568 0.408285
-0.58984 0.408285
-0.584 0.408285
-0.57816 0.408285
-0.57232 0.408285
-0.56648 0.408285
-0.56064 0.408285
-0.5548 0.408285
-0.54896 0.408285
-0.54312 0.408285
-0.53728 0.408285
-0.53144 0.408285
-0.5256 0.408285
-0.51976 0.408285
-0.51392 0.408285
-0.50808 0.408285
-0.50224 0.408285
-0.4964 0.408285
-0.49056 0.408285
-0.48472 0.408285
-0.47888 0.408285
-0.47304 0.408285
-0.4672 0.408285
-0.46136 0.408285
-0.45552 0.408285
-0.44968 0.408285
-0.44384 0.408285
-0.438 0.408285
-0.43216 0.408285
-0.42632 0.408285
-0.42048 0.408285
-0.41464 0.408285
-0.4088 0.408285
-0.40296 0.408285
-0.39712 0.408285
-0.39128 0.408285
-0.38544 0.408285
-0.3796 0.408285
-0.37376 0.408285
-0.36792 0.408285
-0.36208 0.408285
-0.35624 0.408285
-0.3504 0.408285
-0.34456 0.408285
-0.33872 0.408285
-0.33288 0.408285
-0.32704 0.408285
-0.3212 0.408285
-0.31536 0.408285
-0.30952 0.408285
-0.30368 0.408285
-0.29784 0.408285
-0.292 0.408285
-0.28616 0.408285
-0.28032 0.408285
-0.27448 0.408285
-0.26864 0.408285
-0.2628 0.408285
-0.25696 0.408285
-0.25112 0.408285
-0.24528 0.408285
-0.23944 0.408285
-0.2336 0.408285
-0.22776 0.408285
-0.22192 0.408285
-0.21608 0.408285
-0.21024 0.408285
-0.2044 0.408285
-0.19856 0.408285
-0.19272 0.408285
-0.18688 0.408285
-0.18104 0.408285
-0.1752 0.408285
-0.16936 0.408285
-0.16352 0.408285
-0.15768 0.408285
-0.15184 0.408285
-0.146 0.408285
-0.14016 0.408285
-0.13432 0.408285
-0.12848 0.408285
-0.12264 0.408285
-0.1168 0.408285
-0.11096 0.408285
-0.10512 0.408285
-0.09928 0.408285
-0.09344 0.408285
-0.0876 0.408285
-0.08176 0.408285
-0.07592 0.408285
-0.07008 0.408285
-0.06424 0.408285
-0.0584 0.408285
-0.05256 0.408285
-0.04672 0.408285
-0.04088 0.408285
-0.03504 0.408285
-0.0292 0.408285
-0.02336 0.408285
-0.01752 0.408285
-0.01168 0.408285
-0.00584 0.408285
