-2.92 0.477832
-2.91416 0.477832
-2.90832 0.477832
-2.90248 0.477832
-2.89664 0.477832
-2.8908 0.477832
-2.88496 0.477832
-2.87912 0.477832
-2.87328 0.477832
-2.86744 0.477832
-2.8616 0.477832
-2.85576 0.477832
-2.84992 0.477832
-2.84408 0.477832
-2.83824 0.477832
-2.8324 0.477832
-2.82656 0.477832
-2.82072 0.477832
-2.81488 0.477832
-2.80904 0.477832
-2.8032 0.477832
-2.79736 0.477832
-2.79152 0.477832
-2.78568 0.477832
-2.77984 0.477832
-2.774 0.477832
-2.76816 0.477832
-2.76232 0.477832
-2.75648 0.477832
-2.75064 0.477832
-2.7448 0.477832
-2.73896 0.477832
-2.73312 0.477832
-2.72728 0.477832
-2.72144 0.477832
-2.7156 0.477832
-2.70976 0.477832
-2.70392 0.477832
-2.69808 0.477832
-2.69224 0.477832
-2.6864 0.477832
-2.68056 0.477832
-2.67472 0.477832
-2.66888 0.477832
-2.66304 0.477832
-2.6572 0.477832
-2.65136 0.477832
-2.64552 0.477832
-2.63968 0.477832
-2.63384 0.477832
-2.628 0.477832
-2.62216 0.477832
-2.61632 0.477832
-2.61048 0.477832
-2.60464 0.477832
-2.5988 0.477832
-2.59296 0.477436
-2.58712 0.476732
-2.58128 0.475939
-2.57544 0.474969
-2.5696 0.473866
-2.56376 0.472763
-2.55792 0.471573
-2.55208 0.470338
-2.54624 0.469061
-2.5404 0.467563
-2.53456 0.465979
-2.52872 0.464393
-2.52288 0.46272
-2.51704 0.461002
-2.5112 0.459239
-2.50536 0.457388
-2.49952 0.455861
-2.49368 0.454835
-2.48784 0.453763
-2.482 0.452538
-2.47616 0.450963
-2.47032 0.45043
-2.46448 0.449561
-2.45864 0.447732
-2.4528 0.445571
-2.44696 0.443993
-2.44112 0.441284
-2.43528 0.439027
-2.42944 0.436939
-2.4236 0.433807
-2.41776 0.430751
-2.41192 0.428157
-2.40608 0.425515
-2.40024 0.422037
-2.3944 0.419351
-2.38856 0.416585
-2.38272 0.412896
-2.37688 0.41071
-2.37104 0.407098
-2.3652 0.403989
-2.35936 0.400952
-2.35352 0.397415
-2.34768 0.394551
-2.34184 0.391891
-2.336 0.388727
-2.33016 0.386155
-2.32432 0.382699
-2.31848 0.379866
-2.31264 0.376908
-2.3068 0.37399
-2.30096 0.370945
-2.29512 0.368408
-2.28928 0.365156
-2.28344 0.36223
-2.2776 0.358548
-2.27176 0.355376
-2.26592 0.353001
-2.26008 0.350502
-2.25424 0.34673
-2.2484 0.343424
-2.24256 0.340491
-2.23672 0.336934
-2.23088 0.333457
-2.22504 0.330733
-2.2192 0.327294
-2.21336 0.32411
-2.20752 0.320547
-2.20168 0.317735
-2.19584 0.314254
-2.19 0.311487
-2.18416 0.307708
-2.17832 0.303798
-2.17248 0.300312
-2.16664 0.297201
-2.1608 0.294595
-2.15496 0.290477
-2.14912 0.287703
-2.14328 0.284129
-2.13744 0.280893
-2.1316 0.27698
-2.12576 0.273451
-2.11992 0.269789
-2.11408 0.266857
-2.10824 0.263326
-2.1024 0.259331
-2.09656 0.256637
-2.09072 0.253061
-2.08488 0.250153
-2.07904 0.245095
-2.0732 0.242239
-2.06736 0.239171
-2.06152 0.23407
-2.05568 0.232143
-2.04984 0.228941
-2.044 0.224364
-2.03816 0.220994
-2.03232 0.217746
-2.02648 0.214381
-2.02064 0.210418
-2.0148 0.206339
-2.00896 0.203646
-2.00312 0.200282
-1.99728 0.196068
-1.99144 0.193849
-1.9856 0.190911
-1.97976 0.187501
-1.97392 0.184944
-1.96808 0.183404
-1.96224 0.181327
-1.9564 0.18089
-1.95056 0.178753
-1.94472 0.177934
-1.93888 0.177169
-1.93304 0.17386
-1.9272 0.173637
-1.92136 0.173329
-1.91552 0.172313
-1.90968 0.172728
-1.90384 0.170225
-1.898 0.170641
-1.89216 0.171626
-1.88632 0.168877
-1.88048 0.169722
-1.87464 0.167352
-1.8688 0.171218
-1.86296 0.170042
-1.85712 0.170134
-1.85128 0.171374
-1.84544 0.170753
-1.8396 0.170587
-1.83376 0.170083
-1.82792 0.17313
-1.82208 0.172861
-1.81624 0.172196
-1.8104 0.171736
-1.80456 0.173682
-1.79872 0.173997
-1.79288 0.175948
-1.78704 0.172911
-1.7812 0.176636
-1.77536 0.175947
-1.76952 0.175544
-1.76368 0.180211
-1.75784 0.177529
-1.752 0.17906
-1.74616 0.182774
-1.74032 0.182054
-1.73448 0.186295
-1.72864 0.186806
-1.7228 0.184113
-1.71696 0.19085
-1.71112 0.188682
-1.70528 0.191709
-1.69944 0.193914
-1.6936 0.195345
-1.68776 0.195478
-1.68192 0.198402
-1.67608 0.201756
-1.67024 0.202251
-1.6644 0.199057
-1.65856 0.200685
-1.65272 0.202661
-1.64688 0.201139
-1.64104 0.200088
-1.6352 0.204019
-1.62936 0.205735
-1.62352 0.204462
-1.61768 0.204835
-1.61184 0.203481
-1.606 0.206497
-1.60016 0.210574
-1.59432 0.209044
-1.58848 0.215257
-1.58264 0.216096
-1.5768 0.219879
-1.57096 0.221751
-1.56512 0.225636
-1.55928 0.225232
-1.55344 0.224956
-1.5476 0.228028
-1.54176 0.229572
-1.53592 0.23346
-1.53008 0.236218
-1.52424 0.238512
-1.5184 0.243987
-1.51256 0.242961
-1.50672 0.248469
-1.50088 0.252999
-1.49504 0.249016
-1.4892 0.257191
-1.48336 0.259948
-1.47752 0.261203
-1.47168 0.262165
-1.46584 0.262567
-1.46 0.265584
-1.45416 0.267192
-1.44832 0.264
-1.44248 0.270457
-1.43664 0.267615
-1.4308 0.276039
-1.42496 0.275772
-1.41912 0.280225
-1.41328 0.280552
-1.40744 0.284895
-1.4016 0.284996
-1.39576 0.286717
-1.38992 0.286348
-1.38408 0.291302
-1.37824 0.293333
-1.3724 0.295304
-1.36656 0.30199
-1.36072 0.302165
-1.35488 0.307306
-1.34904 0.306399
-1.3432 0.309285
-1.33736 0.310184
-1.33152 0.311852
-1.32568 0.31716
-1.31984 0.317148
-1.314 0.318125
-1.30816 0.320323
-1.30232 0.325783
-1.29648 0.329673
-1.29064 0.334489
-1.2848 0.33024
-1.27896 0.340205
-1.27312 0.33472
-1.26728 0.333986
-1.26144 0.340759
-1.2556 0.336982
-1.24976 0.339585
-1.24392 0.341635
-1.23808 0.343551
-1.23224 0.346235
-1.2264 0.347381
-1.22056 0.347501
-1.21472 0.350937
-1.20888 0.35097
-1.20304 0.349286
-1.1972 0.355175
-1.19136 0.357551
-1.18552 0.35741
-1.17968 0.359378
-1.17384 0.357585
-1.168 0.360807
-1.16216 0.36537
-1.15632 0.364744
-1.15048 0.368124
-1.14464 0.371049
-1.1388 0.372301
-1.13296 0.374433
-1.12712 0.375985
-1.12128 0.375781
-1.11544 0.37363
-1.1096 0.374615
-1.10376 0.376889
-1.09792 0.378821
-1.09208 0.379059
-1.08624 0.379195
-1.0804 0.385937
-1.07456 0.38137
-1.06872 0.387495
-1.06288 0.388395
-1.05704 0.380082
-1.0512 0.383559
-1.04536 0.384848
-1.03952 0.384662
-1.03368 0.382463
-1.02784 0.380358
-1.022 0.379507
-1.01616 0.376453
-1.01032 0.371864
-1.00448 0.371338
-0.99864 0.36837
-0.9928 0.372359
-0.98696 0.367602
-0.98112 0.366907
-0.97528 0.364512
-0.96944 0.364146
-0.9636 0.36299
-0.95776 0.358194
-0.95192 0.356474
-0.94608 0.358233
-0.94024 0.355935
-0.9344 0.356706
-0.92856 0.3555
-0.92272 0.353256
-0.91688 0.355609
-0.91104 0.351229
-0.9052 0.349806
-0.89936 0.346047
-0.89352 0.34818
-0.88768 0.346046
-0.88184 0.34601
-0.876 0.342827
-0.87016 0.34231
-0.86432 0.341325
-0.85848 0.341816
-0.85264 0.340892
-0.8468 0.338911
-0.84096 0.339566
-0.83512 0.333999
-0.82928 0.331808
-0.82344 0.332027
-0.8176 0.330518
-0.81176 0.32751
-0.80592 0.326624
-0.80008 0.324065
-0.79424 0.321944
-0.7884 0.321438
-0.78256 0.319719
-0.77672 0.319853
-0.77088 0.317291
-0.76504 0.316694
-0.7592 0.316562
-0.75336 0.315886
-0.74752 0.314161
-0.74168 0.314457
-0.73584 0.313817
-0.73 0.313022
-0.72416 0.313457
-0.71832 0.313239
-0.71248 0.313956
-0.70664 0.315614
-0.7008 0.315911
-0.69496 0.317223
-0.68912 0.317737
-0.68328 0.319009
-0.67744 0.320242
-0.6716 0.321302
-0.66576 0.322141
-0.65992 0.322726
-0.65408 0.322217
-0.64824 0.323265
-0.6424 0.324598
-0.63656 0.325764
-0.63072 0.325623
-0.62488 0.326322
-0.61904 0.323768
-0.6132 0.323533
-0.60736 0.323251
-0.60152 0.323559
-0.59568 0.323559
-0.58984 0.323559
-0.584 0.323559
-0.57816 0.323559
-0.57232 0.323559
-0.56648 0.323559
-0.56064 0.323559
-0.5548 0.323559
-0.54896 0.323559
-0.54312 0.323559
-0.53728 0.323559
-0.53144 0.323559
-0.5256 0.323559
-0.51976 0.323559
-0.51392 0.323559
-0.50808 0.323559
-0.50224 0.323559
-0.4964 0.323559
-0.49056 0.323559
-0.48472 0.323559
-0.47888 0.323559
-0.47304 0.323559
-0.4672 0.323559
-0.46136 0.323559
-0.45552 0.323559
-0.44968 0.323559
-0.44384 0.323559
-0.438 0.323559
-0.43216 0.323559
-0.42632 0.323559
-0.42048 0.323559
-0.41464 0.323559
-0.4088 0.323559
-0.40296 0.323559
-0.39712 0.323559
-0.39128 0.323559
-0.38544 0.323559
-0.3796 0.323559
-0.37376 0.323559
-0.36792 0.323559
-0.36208 0.323559
-0.35624 0.323559
-0.3504 0.323559
-0.34456 0.323559
-0.33872 0.323559
-0.33288 0.323559
-0.32704 0.323559
-0.3212 0.323559
-0.31536 0.323559
-0.30952 0.323559
-0.30368 0.323559
-0.29784 0.323559
-0.292 0.323559
-0.28616 0.323559
-0.28032 0.323559
-0.27448 0.323559
-0.26864 0.323559
-0.2628 0.323559
-0.25696 0.323559
-0.25112 0.323559
-0.24528 0.323559
-0.23944 0.323559
-0.2336 0.323559
-0.22776 0.323559
-0.22192 0.323559
-0.21608 0.323559
-0.21024 0.323559
-0.2044 0.323559
-0.19856 0.323559
-0.19272 0.323559
-0.18688 0.323559
-0.18104 0.323559
-0.1752 0.323559
-0.16936 0.323559
-0.16352 0.323559
-0.15768 0.323559
-0.15184 0.323559
-0.146 0.323559
-0.14016 0.323559
-0.13432 0.323559
-0.12848 0.323559
-0.12264 0.323559
-0.1168 0.323559
-0.11096 0.323559
-0.10512 0.323559
-0.09928 0.323559
-0.09344 0.323559
-0.0876 0.323559
-0.08176 0.323559
-0.07592 0.323559
-0.07008 0.323559
-0.06424 0.323559
-0.0584 0.323559
-0.05256 0.323559
-0.04672 0.323559
-0.04088 0.323559
-0.03504 0.323559
-0.0292 0.323559
-0.02336 0.323559
-0.01752 0.323559
-0.01168 0.323559
-0.00584 0.323559
