-2.92 0.426728
-2.91416 0.426728
-2.90832 0.426728
-2.90248 0.426728
-2.89664 0.426728
-2.8908 0.426728
-2.88496 0.426728
-2.87912 0.426728
-2.87328 0.426728
-2.86744 0.426728
-2.8616 0.426728
-2.85576 0.426728
-2.84992 0.426728
-2.84408 0.426728
-2.83824 0.426728
-2.8324 0.426728
-2.82656 0.426728
-2.82072 0.426728
-2.81488 0.426728
-2.80904 0.426728
-2.8032 0.426728
-2.79736 0.426728
-2.79152 0.426728
-2.78568 0.426728
-2.77984 0.426728
-2.774 0.426728
-2.76816 0.426728
-2.76232 0.426728
-2.75648 0.426728
-2.75064 0.426728
-2.7448 0.426728
-2.73896 0.426728
-2.73312 0.426728
-2.72728 0.426728
-2.72144 0.426728
-2.7156 0.426728
-2.70976 0.426728
-2.70392 0.426728
-2.69808 0.426728
-2.69224 0.426728
-2.6864 0.426728
-2.68056 0.426728
-2.67472 0.426728
-2.66888 0.426728
-2.66304 0.426728
-2.6572 0.426728
-2.65136 0.426728
-2.64552 0.426728
-2.63968 0.426728
-2.63384 0.426728
-2.628 0.426728
-2.62216 0.426728
-2.61632 0.426728
-2.61048 0.426728
-2.60464 0.426728
-2.5988 0.426728
-2.59296 0.426196
-2.58712 0.425443
-2.58128 0.424601
-2.57544 0.42363
-2.5696 0.422656
-2.56376 0.421506
-2.55792 0.420222
-2.55208 0.418939
-2.54624 0.417656
-2.5404 0.416326
-2.53456 0.414952
-2.52872 0.413448
-2.52288 0.411899
-2.51704 0.410304
-2.5112 0.408624
-2.50536 0.406944
-2.49952 0.405308
-2.49368 0.403672
-2.48784 0.401858
-2.482 0.400349
-2.47616 0.39832
-2.47032 0.396454
-2.46448 0.394299
-2.45864 0.39227
-2.4528 0.390194
-2.44696 0.388159
-2.44112 0.386077
-2.43528 0.383741
-2.42944 0.381486
-2.4236 0.379188
-2.41776 0.376974
-2.41192 0.37472
-2.40608 0.372252
-2.40024 0.370076
-2.3944 0.367606
-2.38856 0.365473
-2.38272 0.363085
-2.37688 0.36053
-2.37104 0.358346
-2.3652 0.355915
-2.35936 0.353187
-2.35352 0.350833
-2.34768 0.348227
-2.34184 0.34604
-2.336 0.343394
-2.33016 0.341161
-2.32432 0.338519
-2.31848 0.336451
-2.31264 0.333722
-2.3068 0.331029
-2.30096 0.329293
-2.29512 0.326517
-2.28928 0.32462
-2.28344 0.3218
-2.2776 0.318679
-2.27176 0.316237
-2.26592 0.314043
-2.26008 0.310968
-2.25424 0.30936
-2.2484 0.305899
-2.24256 0.302943
-2.23672 0.301252
-2.23088 0.299048
-2.22504 0.295794
-2.2192 0.293469
-2.21336 0.291773
-2.20752 0.288269
-2.20168 0.286776
-2.19584 0.28327
-2.19 0.281273
-2.18416 0.276962
-2.17832 0.274841
-2.17248 0.272336
-2.16664 0.270426
-2.1608 0.266577
-2.15496 0.264955
-2.14912 0.262959
-2.14328 0.258896
-2.13744 0.256477
-2.1316 0.255284
-2.12576 0.252908
-2.11992 0.249688
-2.11408 0.246127
-2.10824 0.243797
-2.1024 0.242222
-2.09656 0.239686
-2.09072 0.235074
-2.08488 0.233967
-2.07904 0.231211
-2.0732 0.2296
-2.06736 0.226169
-2.06152 0.222277
-2.05568 0.220671
-2.04984 0.219141
-2.044 0.215891
-2.03816 0.214111
-2.03232 0.209031
-2.02648 0.208347
-2.02064 0.205255
-2.0148 0.203683
-2.00896 0.200006
-2.00312 0.19813
-1.99728 0.197147
-1.99144 0.19501
-1.9856 0.194091
-1.97976 0.191846
-1.97392 0.190324
-1.96808 0.192807
-1.96224 0.190722
-1.9564 0.18763
-1.95056 0.187153
-1.94472 0.18518
-1.93888 0.187017
-1.93304 0.186467
-1.9272 0.186719
-1.92136 0.186148
-1.91552 0.185205
-1.90968 0.185654
-1.90384 0.183424
-1.898 0.183615
-1.89216 0.181963
-1.88632 0.184443
-1.88048 0.182371
-1.87464 0.184475
-1.8688 0.18613
-1.86296 0.186003
-1.85712 0.18322
-1.85128 0.184694
-1.84544 0.187944
-1.8396 0.18635
-1.83376 0.187291
-1.82792 0.188406
-1.82208 0.188529
-1.81624 0.186463
-1.8104 0.189368
-1.80456 0.187312
-1.79872 0.192811
-1.79288 0.187675
-1.78704 0.189654
-1.7812 0.190189
-1.77536 0.189075
-1.76952 0.191978
-1.76368 0.192593
-1.75784 0.192528
-1.752 0.195895
-1.74616 0.19649
-1.74032 0.19991
-1.73448 0.198359
-1.72864 0.198784
-1.7228 0.201482
-1.71696 0.202074
-1.71112 0.202667
-1.70528 0.201568
-1.69944 0.199542
-1.6936 0.201857
-1.68776 0.205062
-1.68192 0.20368
-1.67608 0.203069
-1.67024 0.206872
-1.6644 0.204531
-1.65856 0.207196
-1.65272 0.208438
-1.64688 0.205483
-1.64104 0.206363
-1.6352 0.203678
-1.62936 0.206842
-1.62352 0.206559
-1.61768 0.205586
-1.61184 0.202381
-1.606 0.210075
-1.60016 0.21221
-1.59432 0.212499
-1.58848 0.215731
-1.58264 0.219888
-1.5768 0.220505
-1.57096 0.21897
-1.56512 0.21835
-1.55928 0.22261
-1.55344 0.23015
-1.5476 0.224578
-1.54176 0.230557
-1.53592 0.237437
-1.53008 0.2341
-1.52424 0.238759
-1.5184 0.239366
-1.51256 0.241917
-1.50672 0.242949
-1.50088 0.24862
-1.49504 0.254599
-1.4892 0.25257
-1.48336 0.25095
-1.47752 0.254002
-1.47168 0.256197
-1.46584 0.261401
-1.46 0.262051
-1.45416 0.263007
-1.44832 0.267146
-1.44248 0.272466
-1.43664 0.274543
-1.4308 0.273413
-1.42496 0.278687
-1.41912 0.276623
-1.41328 0.28364
-1.40744 0.286941
-1.4016 0.288021
-1.39576 0.289503
-1.38992 0.292226
-1.38408 0.294543
-1.37824 0.297585
-1.3724 0.302241
-1.36656 0.297749
-1.36072 0.306581
-1.35488 0.303878
-1.34904 0.306393
-1.3432 0.310414
-1.33736 0.316821
-1.33152 0.323057
-1.32568 0.322548
-1.31984 0.32236
-1.314 0.327896
-1.30816 0.326232
-1.30232 0.335554
-1.29648 0.333511
-1.29064 0.340441
-1.2848 0.345253
-1.27896 0.346748
-1.27312 0.350135
-1.26728 0.348835
-1.26144 0.345263
-1.2556 0.353049
-1.24976 0.351994
-1.24392 0.358259
-1.23808 0.358355
-1.23224 0.362387
-1.2264 0.365894
-1.22056 0.368236
-1.21472 0.374392
-1.20888 0.373207
-1.20304 0.376749
-1.1972 0.380784
-1.19136 0.38387
-1.18552 0.385066
-1.17968 0.38462
-1.17384 0.385683
-1.168 0.394303
-1.16216 0.395934
-1.15632 0.398101
-1.15048 0.396898
-1.14464 0.404627
-1.1388 0.402146
-1.13296 0.399927
-1.12712 0.399157
-1.12128 0.404355
-1.11544 0.413657
-1.1096 0.407763
-1.10376 0.41269
-1.09792 0.418697
-1.09208 0.414873
-1.08624 0.417283
-1.0804 0.417948
-1.07456 0.419076
-1.06872 0.42116
-1.06288 0.423383
-1.05704 0.430218
-1.0512 0.426412
-1.04536 0.419741
-1.03952 0.422815
-1.03368 0.421312
-1.02784 0.424197
-1.022 0.422713
-1.01616 0.420817
-1.01032 0.420316
-1.00448 0.423281
-0.99864 0.421268
-0.9928 0.418744
-0.98696 0.422147
-0.98112 0.417367
-0.97528 0.419555
-0.96944 0.421267
-0.9636 0.420002
-0.95776 0.420055
-0.95192 0.419111
-0.94608 0.4181
-0.94024 0.418276
-0.9344 0.417704
-0.92856 0.413205
-0.92272 0.415721
-0.91688 0.413657
-0.91104 0.411895
-0.9052 0.413794
-0.89936 0.414329
-0.89352 0.415861
-0.88768 0.415243
-0.88184 0.413597
-0.876 0.415528
-0.87016 0.410473
-0.86432 0.414874
-0.85848 0.413289
-0.85264 0.414195
-0.8468 0.412398
-0.84096 0.412485
-0.83512 0.414008
-0.82928 0.410012
-0.82344 0.408704
-0.8176 0.409041
-0.81176 0.406908
-0.80592 0.406352
-0.80008 0.406246
-0.79424 0.40594
-0.7884 0.406141
-0.78256 0.405739
-0.77672 0.405608
-0.77088 0.405881
-0.76504 0.405157
-0.7592 0.405367
-0.75336 0.404831
-0.74752 0.405378
-0.74168 0.405015
-0.73584 0.406295
-0.73 0.407295
-0.72416 0.407963
-0.71832 0.408119
-0.71248 0.408156
-0.70664 0.409422
-0.7008 0.409902
-0.69496 0.410304
-0.68912 0.411672
-0.68328 0.41288
-0.67744 0.416842
-0.6716 0.418828
-0.66576 0.419993
-0.65992 0.421523
-0.65408 0.421186
-0.64824 0.422056
-0.6424 0.424619
-0.63656 0.426196
-0.63072 0.426383
-0.62488 0.427328
-0.61904 0.42748
-0.6132 0.426688
-0.60736 0.426086
-0.60152 0.426694
-0.59568 0.426694
-0.58984 0.426694
-0.584 0.426694
-0.57816 0.426694
-0.57232 0.426694
-0.56648 0.426694
-0.56064 0.426694
-0.5548 0.426694
-0.54896 0.426694
-0.54312 0.426694
-0.53728 0.426694
-0.53144 0.426694
-0.5256 0.426694
-0.51976 0.426694
-0.51392 0.426694
-0.50808 0.426694
-0.50224 0.426694
-0.4964 0.426694
-0.49056 0.426694
-0.48472 0.426694
-0.47888 0.426694
-0.47304 0.426694
-0.4672 0.426694
-0.46136 0.426694
-0.45552 0.426694
-0.44968 0.426694
-0.44384 0.426694
-0.438 0.426694
-0.43216 0.426694
-0.42632 0.426694
-0.42048 0.426694
-0.41464 0.426694
-0.4088 0.426694
-0.40296 0.426694
-0.39712 0.426694
-0.39128 0.426694
-0.38544 0.426694
-0.3796 0.426694
-0.37376 0.426694
-0.36792 0.426694
-0.36208 0.426694
-0.35624 0.426694
-0.3504 0.426694
-0.34456 0.426694
-0.33872 0.426694
-0.33288 0.426694
-0.32704 0.426694
-0.3212 0.426694
-0.31536 0.426694
-0.30952 0.426694
-0.30368 0.426694
-0.29784 0.426694
-0.292 0.426694
-0.28616 0.426694
-0.28032 0.426694
-0.27448 0.426694
-0.26864 0.426694
-0.2628 0.426694
-0.25696 0.426694
-0.25112 0.426694
-0.24528 0.426694
-0.23944 0.426694
-0.2336 0.426694
-0.22776 0.426694
-0.22192 0.426694
-0.21608 0.426694
-0.21024 0.426694
-0.2044 0.426694
-0.19856 0.426694
-0.19272 0.426694
-0.18688 0.426694
-0.18104 0.426694
-0.1752 0.426694
-0.16936 0.426694
-0.16352 0.426694
-0.15768 0.426694
-0.15184 0.426694
-0.146 0.426694
-0.14016 0.426694
-0.13432 0.426694
-0.12848 0.426694
-0.12264 0.426694
-0.1168 0.426694
-0.11096 0.426694
-0.10512 0.426694
-0.09928 0.426694
-0.09344 0.426694
-0.0876 0.426694
-0.08176 0.426694
-0.07592 0.426694
-0.07008 0.426694
-0.06424 0.426694
-0.0584 0.426694
-0.05256 0.426694
-0.04672 0.426694
-0.04088 0.426694
-0.03504 0.426694
-0.0292 0.426694
-0.02336 0.426694
-0.01752 0.426694
-0.01168 0.426694
-0.00584 0.426694
