-2.92 0.477825
-2.91416 0.477825
-2.90832 0.477825
-2.90248 0.477825
-2.89664 0.477825
-2.8908 0.477825
-2.88496 0.477825
-2.87912 0.477825
-2.87328 0.477825
-2.86744 0.477825
-2.8616 0.477825
-2.85576 0.477825
-2.84992 0.477825
-2.84408 0.477825
-2.83824 0.477825
-2.8324 0.477825
-2.82656 0.477825
-2.82072 0.477825
-2.81488 0.477825
-2.80904 0.477825
-2.8032 0.477825
-2.79736 0.477825
-2.79152 0.477825
-2.78568 0.477825
-2.77984 0.477825
-2.774 0.477825
-2.76816 0.477825
-2.76232 0.477825
-2.75648 0.477825
-2.75064 0.477825
-2.7448 0.477825
-2.73896 0.477825
-2.73312 0.477825
-2.72728 0.477825
-2.72144 0.477825
-2.7156 0.477825
-2.70976 0.477825
-2.70392 0.477825
-2.69808 0.477825
-2.69224 0.477825
-2.6864 0.477825
-2.68056 0.477825
-2.67472 0.477825
-2.66888 0.477825
-2.66304 0.477825
-2.6572 0.477825
-2.65136 0.477825
-2.64552 0.477825
-2.63968 0.477825
-2.63384 0.477825
-2.628 0.477825
-2.62216 0.477825
-2.61632 0.477825
-2.61048 0.477825
-2.60464 0.477825
-2.5988 0.477825
-2.59296 0.477297
-2.58712 0.476547
-2.58128 0.475754
-2.57544 0.474915
-2.5696 0.473989
-2.56376 0.472885
-2.55792 0.471779
-2.55208 0.470586
-2.54624 0.469348
-2.5404 0.467932
-2.53456 0.466385
-2.52872 0.464794
-2.52288 0.463203
-2.51704 0.461611
-2.5112 0.459887
-2.50536 0.458076
-2.49952 0.456626
-2.49368 0.455343
-2.48784 0.454063
-2.482 0.454332
-2.47616 0.453464
-2.47032 0.45255
-2.46448 0.451178
-2.45864 0.451466
-2.4528 0.449878
-2.44696 0.447364
-2.44112 0.446598
-2.43528 0.445374
-2.42944 0.444065
-2.4236 0.442756
-2.41776 0.441618
-2.41192 0.438844
-2.40608 0.438613
-2.40024 0.436253
-2.3944 0.434517
-2.38856 0.432153
-2.38272 0.432587
-2.37688 0.429432
-2.37104 0.429028
-2.3652 0.426331
-2.35936 0.424291
-2.35352 0.424019
-2.34768 0.421651
-2.34184 0.419867
-2.336 0.420298
-2.33016 0.417435
-2.32432 0.413811
-2.31848 0.415498
-2.31264 0.412788
-2.3068 0.410804
-2.30096 0.407753
-2.29512 0.405899
-2.28928 0.405665
-2.28344 0.40271
-2.2776 0.401091
-2.27176 0.401666
-2.26592 0.399516
-2.26008 0.396774
-2.25424 0.396883
-2.2484 0.3943
-2.24256 0.391895
-2.23672 0.390821
-2.23088 0.388688
-2.22504 0.385851
-2.2192 0.387725
-2.21336 0.384009
-2.20752 0.381584
-2.20168 0.380428
-2.19584 0.379111
-2.19 0.376267
-2.18416 0.376761
-2.17832 0.37405
-2.17248 0.37263
-2.16664 0.37249
-2.1608 0.369645
-2.15496 0.366431
-2.14912 0.366842
-2.14328 0.363311
-2.13744 0.361449
-2.1316 0.359863
-2.12576 0.35904
-2.11992 0.359018
-2.11408 0.356568
-2.10824 0.352714
-2.1024 0.35185
-2.09656 0.350734
-2.09072 0.349279
-2.08488 0.34526
-2.07904 0.342676
-2.0732 0.345059
-2.06736 0.34121
-2.06152 0.338958
-2.05568 0.337495
-2.04984 0.337085
-2.044 0.334414
-2.03816 0.332036
-2.03232 0.329695
-2.02648 0.330109
-2.02064 0.329048
-2.0148 0.327246
-2.00896 0.324537
-2.00312 0.323431
-1.99728 0.322921
-1.99144 0.319354
-1.9856 0.317727
-1.97976 0.316839
-1.97392 0.315105
-1.96808 0.313036
-1.96224 0.308864
-1.9564 0.308844
-1.95056 0.306393
-1.94472 0.30634
-1.93888 0.305709
-1.93304 0.303128
-1.9272 0.303581
-1.92136 0.299862
-1.91552 0.294456
-1.90968 0.292258
-1.90384 0.290027
-1.898 0.285946
-1.89216 0.28078
-1.88632 0.277803
-1.88048 0.277503
-1.87464 0.271496
-1.8688 0.26993
-1.86296 0.265719
-1.85712 0.263049
-1.85128 0.256675
-1.84544 0.254805
-1.8396 0.249985
-1.83376 0.248527
-1.82792 0.242384
-1.82208 0.241024
-1.81624 0.237875
-1.8104 0.236351
-1.80456 0.230406
-1.79872 0.226539
-1.79288 0.225034
-1.78704 0.220159
-1.7812 0.216382
-1.77536 0.211865
-1.76952 0.211954
-1.76368 0.203329
-1.75784 0.200754
-1.752 0.195054
-1.74616 0.191847
-1.74032 0.188469
-1.73448 0.18533
-1.72864 0.18175
-1.7228 0.17888
-1.71696 0.1712
-1.71112 0.171799
-1.70528 0.16576
-1.69944 0.160796
-1.6936 0.154291
-1.68776 0.153279
-1.68192 0.151042
-1.67608 0.147685
-1.67024 0.145713
-1.6644 0.142181
-1.65856 0.142502
-1.65272 0.13485
-1.64688 0.137677
-1.64104 0.135569
-1.6352 0.135714
-1.62936 0.135297
-1.62352 0.132095
-1.61768 0.133171
-1.61184 0.132129
-1.606 0.128846
-1.60016 0.131406
-1.59432 0.131293
-1.58848 0.131706
-1.58264 0.129221
-1.5768 0.128249
-1.57096 0.129955
-1.56512 0.128901
-1.55928 0.12867
-1.55344 0.127942
-1.5476 0.129907
-1.54176 0.128792
-1.53592 0.131027
-1.53008 0.132088
-1.52424 0.128917
-1.5184 0.127754
-1.51256 0.127482
-1.50672 0.128171
-1.50088 0.127134
-1.49504 0.12825
-1.4892 0.133796
-1.48336 0.130612
-1.47752 0.131487
-1.47168 0.129272
-1.46584 0.129385
-1.46 0.129789
-1.45416 0.128948
-1.44832 0.130817
-1.44248 0.134758
-1.43664 0.132337
-1.4308 0.133513
-1.42496 0.134797
-1.41912 0.131539
-1.41328 0.132499
-1.40744 0.132952
-1.4016 0.134382
-1.39576 0.13176
-1.38992 0.133632
-1.38408 0.129763
-1.37824 0.13044
-1.3724 0.130329
-1.36656 0.130449
-1.36072 0.130044
-1.35488 0.12855
-1.34904 0.129954
-1.3432 0.131766
-1.33736 0.134369
-1.33152 0.135127
-1.32568 0.136419
-1.31984 0.138927
-1.314 0.140535
-1.30816 0.142611
-1.30232 0.142407
-1.29648 0.146291
-1.29064 0.147119
-1.2848 0.15108
-1.27896 0.15845
-1.27312 0.160422
-1.26728 0.163191
-1.26144 0.167283
-1.2556 0.168938
-1.24976 0.175233
-1.24392 0.176527
-1.23808 0.177502
-1.23224 0.181458
-1.2264 0.184453
-1.22056 0.185979
-1.21472 0.18893
-1.20888 0.19321
-1.20304 0.195578
-1.1972 0.197906
-1.19136 0.200006
-1.18552 0.201587
-1.17968 0.205184
-1.17384 0.208672
-1.168 0.208498
-1.16216 0.209665
-1.15632 0.211021
-1.15048 0.214367
-1.14464 0.215808
-1.1388 0.216953
-1.13296 0.223671
-1.12712 0.225178
-1.12128 0.22927
-1.11544 0.231604
-1.1096 0.236133
-1.10376 0.238459
-1.09792 0.241461
-1.09208 0.243634
-1.08624 0.242379
-1.0804 0.246138
-1.07456 0.248842
-1.06872 0.250751
-1.06288 0.252285
-1.05704 0.258317
-1.0512 0.262719
-1.04536 0.265254
-1.03952 0.266315
-1.03368 0.269287
-1.02784 0.27137
-1.022 0.272249
-1.01616 0.276612
-1.01032 0.27839
-1.00448 0.283083
-0.99864 0.284742
-0.9928 0.287065
-0.98696 0.291221
-0.98112 0.291099
-0.97528 0.293713
-0.96944 0.296046
-0.9636 0.299595
-0.95776 0.299606
-0.95192 0.30261
-0.94608 0.300932
-0.94024 0.305041
-0.9344 0.306142
-0.92856 0.307883
-0.92272 0.310085
-0.91688 0.312284
-0.91104 0.314699
-0.9052 0.317907
-0.89936 0.32213
-0.89352 0.322507
-0.88768 0.325723
-0.88184 0.330166
-0.876 0.329259
-0.87016 0.332422
-0.86432 0.331559
-0.85848 0.334344
-0.85264 0.335514
-0.8468 0.336869
-0.84096 0.343272
-0.83512 0.344021
-0.82928 0.346542
-0.82344 0.348643
-0.8176 0.349302
-0.81176 0.352545
-0.80592 0.353043
-0.80008 0.35461
-0.79424 0.355574
-0.7884 0.357789
-0.78256 0.357268
-0.77672 0.358893
-0.77088 0.362164
-0.76504 0.361932
-0.7592 0.362547
-0.75336 0.360454
-0.74752 0.360806
-0.74168 0.361081
-0.73584 0.361479
-0.73 0.360646
-0.72416 0.358816
-0.71832 0.357598
-0.71248 0.358752
-0.70664 0.357584
-0.7008 0.358186
-0.69496 0.35777
-0.68912 0.358283
-0.68328 0.357737
-0.67744 0.358598
-0.6716 0.359694
-0.66576 0.360916
-0.65992 0.360063
-0.65408 0.361905
-0.64824 0.35925
-0.6424 0.36004
-0.63656 0.359348
-0.63072 0.360214
-0.62488 0.361039
-0.61904 0.362534
-0.6132 0.3631
-0.60736 0.363536
-0.60152 0.363003
-0.59568 0.363003
-0.58984 0.363003
-0.584 0.363003
-0.57816 0.363003
-0.57232 0.363003
-0.56648 0.363003
-0.56064 0.363003
-0.5548 0.363003
-0.54896 0.363003
-0.54312 0.363003
-0.53728 0.363003
-0.53144 0.363003
-0.5256 0.363003
-0.51976 0.363003
-0.51392 0.363003
-0.50808 0.363003
-0.50224 0.363003
-0.4964 0.363003
-0.49056 0.363003
-0.48472 0.363003
-0.47888 0.363003
-0.47304 0.363003
-0.4672 0.363003
-0.46136 0.363003
-0.45552 0.363003
-0.44968 0.363003
-0.44384 0.363003
-0.438 0.363003
-0.43216 0.363003
-0.42632 0.363003
-0.42048 0.363003
-0.41464 0.363003
-0.4088 0.363003
-0.40296 0.363003
-0.39712 0.363003
-0.39128 0.363003
-0.38544 0.363003
-0.3796 0.363003
-0.37376 0.363003
-0.36792 0.363003
-0.36208 0.363003
-0.35624 0.363003
-0.3504 0.363003
-0.34456 0.363003
-0.33872 0.363003
-0.33288 0.363003
-0.32704 0.363003
-0.3212 0.363003
-0.31536 0.363003
-0.30952 0.363003
-0.30368 0.363003
-0.29784 0.363003
-0.292 0.363003
-0.28616 0.363003
-0.28032 0.363003
-0.27448 0.363003
-0.26864 0.363003
-0.2628 0.363003
-0.25696 0.363003
-0.25112 0.363003
-0.24528 0.363003
-0.23944 0.363003
-0.2336 0.363003
-0.22776 0.363003
-0.22192 0.363003
-0.21608 0.363003
-0.21024 0.363003
-0.2044 0.363003
-0.19856 0.363003
-0.19272 0.363003
-0.18688 0.363003
-0.18104 0.363003
-0.1752 0.363003
-0.16936 0.363003
-0.16352 0.363003
-0.15768 0.363003
-0.15184 0.363003
-0.146 0.363003
-0.14016 0.363003
-0.13432 0.363003
-0.12848 0.363003
-0.12264 0.363003
-0.1168 0.363003
-0.11096 0.363003
-0.10512 0.363003
-0.09928 0.363003
-0.09344 0.363003
-0.0876 0.363003
-0.08176 0.363003
-0.07592 0.363003
-0.07008 0.363003
-0.06424 0.363003
-0.0584 0.363003
-0.05256 0.363003
-0.04672 0.363003
-0.04088 0.363003
-0.03504 0.363003
-0.0292 0.363003
-0.02336 0.363003
-0.01752 0.363003
-0.01168 0.363003
-0.00584 0.363003
