-2.92 0.498466
-2.91416 0.498466
-2.90832 0.498466
-2.90248 0.498466
-2.89664 0.498466
-2.8908 0.498466
-2.88496 0.498466
-2.87912 0.498466
-2.87328 0.498466
-2.86744 0.498466
-2.8616 0.498466
-2.85576 0.498466
-2.84992 0.498466
-2.84408 0.498466
-2.83824 0.498466
-2.8324 0.498466
-2.82656 0.498466
-2.82072 0.498466
-2.81488 0.498466
-2.80904 0.498466
-2.8032 0.498466
-2.79736 0.498466
-2.79152 0.498466
-2.78568 0.498466
-2.77984 0.498466
-2.774 0.498466
-2.76816 0.498466
-2.76232 0.498466
-2.75648 0.498466
-2.75064 0.498466
-2.7448 0.498466
-2.73896 0.498466
-2.73312 0.498466
-2.72728 0.498466
-2.72144 0.498466
-2.7156 0.498466
-2.70976 0.498466
-2.70392 0.498466
-2.69808 0.498466
-2.69224 0.498466
-2.6864 0.498466
-2.68056 0.498466
-2.67472 0.498466
-2.66888 0.498466
-2.66304 0.498466
-2.6572 0.498466
-2.65136 0.498466
-2.64552 0.498466
-2.63968 0.498466
-2.63384 0.498466
-2.628 0.498466
-2.62216 0.498466
-2.61632 0.498466
-2.61048 0.498466
-2.60464 0.498466
-2.5988 0.498466
-2.59296 0.497978
-2.58712 0.497049
-2.58128 0.496032
-2.57544 0.494838
-2.5696 0.493467
-2.56376 0.491829
-2.55792 0.490103
-2.55208 0.488376
-2.54624 0.486516
-2.5404 0.484526
-2.53456 0.48249
-2.52872 0.480323
-2.52288 0.478243
-2.51704 0.476075
-2.5112 0.473954
-2.50536 0.471742
-2.49952 0.469941
-2.49368 0.468309
-2.48784 0.467042
-2.482 0.465539
-2.47616 0.463319
-2.47032 0.462579
-2.46448 0.460851
-2.45864 0.459244
-2.4528 0.457751
-2.44696 0.455516
-2.44112 0.453106
-2.43528 0.450452
-2.42944 0.448754
-2.4236 0.446841
-2.41776 0.444308
-2.41192 0.442184
-2.40608 0.440678
-2.40024 0.435943
-2.3944 0.434639
-2.38856 0.431348
-2.38272 0.427685
-2.37688 0.425682
-2.37104 0.422721
-2.3652 0.42014
-2.35936 0.416179
-2.35352 0.412389
-2.34768 0.40955
-2.34184 0.406091
-2.336 0.403205
-2.33016 0.400073
-2.32432 0.394904
-2.31848 0.393552
-2.31264 0.389461
-2.3068 0.385418
-2.30096 0.381118
-2.29512 0.379021
-2.28928 0.37484
-2.28344 0.370656
-2.2776 0.367802
-2.27176 0.364542
-2.26592 0.361439
-2.26008 0.357722
-2.25424 0.354116
-2.2484 0.350547
-2.24256 0.347608
-2.23672 0.344293
-2.23088 0.340264
-2.22504 0.336861
-2.2192 0.333667
-2.21336 0.330683
-2.20752 0.327574
-2.20168 0.323328
-2.19584 0.321095
-2.19 0.316686
-2.18416 0.312902
-2.17832 0.310412
-2.17248 0.307087
-2.16664 0.304133
-2.1608 0.300354
-2.15496 0.296233
-2.14912 0.293915
-2.14328 0.291053
-2.13744 0.286261
-2.1316 0.283523
-2.12576 0.279905
-2.11992 0.276998
-2.11408 0.273375
-2.10824 0.268873
-2.1024 0.26642
-2.09656 0.262716
-2.09072 0.260641
-2.08488 0.256601
-2.07904 0.252856
-2.0732 0.250281
-2.06736 0.245778
-2.06152 0.243207
-2.05568 0.239842
-2.04984 0.235881
-2.044 0.232775
-2.03816 0.229238
-2.03232 0.225655
-2.02648 0.222198
-2.02064 0.21832
-2.0148 0.215709
-2.00896 0.212881
-2.00312 0.209718
-1.99728 0.207493
-1.99144 0.205594
-1.9856 0.203496
-1.97976 0.202328
-1.97392 0.199245
-1.96808 0.198157
-1.96224 0.196
-1.9564 0.195032
-1.95056 0.19451
-1.94472 0.193331
-1.93888 0.192206
-1.93304 0.19173
-1.9272 0.191541
-1.92136 0.190367
-1.91552 0.188773
-1.90968 0.18783
-1.90384 0.189339
-1.898 0.190735
-1.89216 0.186703
-1.88632 0.187407
-1.88048 0.186661
-1.87464 0.186622
-1.8688 0.185734
-1.86296 0.190333
-1.85712 0.186654
-1.85128 0.188277
-1.84544 0.189
-1.8396 0.188798
-1.83376 0.18835
-1.82792 0.190639
-1.82208 0.189277
-1.81624 0.190904
-1.8104 0.190372
-1.80456 0.190072
-1.79872 0.191834
-1.79288 0.19268
-1.78704 0.194074
-1.7812 0.194599
-1.77536 0.194761
-1.76952 0.19331
-1.76368 0.196149
-1.75784 0.199169
-1.752 0.199227
-1.74616 0.199087
-1.74032 0.197307
-1.73448 0.201482
-1.72864 0.202072
-1.7228 0.202399
-1.71696 0.203141
-1.71112 0.203187
-1.70528 0.205556
-1.69944 0.209613
-1.6936 0.207402
-1.68776 0.208323
-1.68192 0.209483
-1.67608 0.210264
-1.67024 0.210183
-1.6644 0.207769
-1.65856 0.210271
-1.65272 0.211388
-1.64688 0.212556
-1.64104 0.210405
-1.6352 0.21135
-1.62936 0.209166
-1.62352 0.208844
-1.61768 0.210571
-1.61184 0.214125
-1.606 0.21508
-1.60016 0.22111
-1.59432 0.222446
-1.58848 0.221777
-1.58264 0.227747
-1.5768 0.227675
-1.57096 0.22243
-1.56512 0.232463
-1.55928 0.23142
-1.55344 0.240032
-1.5476 0.238058
-1.54176 0.247038
-1.53592 0.243518
-1.53008 0.249573
-1.52424 0.248645
-1.5184 0.250439
-1.51256 0.259286
-1.50672 0.262242
-1.50088 0.262774
-1.49504 0.267682
-1.4892 0.270488
-1.48336 0.272429
-1.47752 0.268973
-1.47168 0.274908
-1.46584 0.278405
-1.46 0.277712
-1.45416 0.280752
-1.44832 0.28619
-1.44248 0.287562
-1.43664 0.29051
-1.4308 0.292583
-1.42496 0.301179
-1.41912 0.29889
-1.41328 0.304163
-1.40744 0.306898
-1.4016 0.310416
-1.39576 0.312658
-1.38992 0.31754
-1.38408 0.320602
-1.37824 0.323402
-1.3724 0.321921
-1.36656 0.325977
-1.36072 0.326803
-1.35488 0.328457
-1.34904 0.332494
-1.3432 0.335441
-1.33736 0.340561
-1.33152 0.343265
-1.32568 0.345974
-1.31984 0.351352
-1.314 0.353387
-1.30816 0.355588
-1.30232 0.356217
-1.29648 0.364333
-1.29064 0.364216
-1.2848 0.368605
-1.27896 0.369252
-1.27312 0.369956
-1.26728 0.371308
-1.26144 0.375007
-1.2556 0.374467
-1.24976 0.376747
-1.24392 0.380518
-1.23808 0.384504
-1.23224 0.387274
-1.2264 0.389537
-1.22056 0.391557
-1.21472 0.394923
-1.20888 0.398249
-1.20304 0.398803
-1.1972 0.404589
-1.19136 0.401705
-1.18552 0.405598
-1.17968 0.407036
-1.17384 0.411379
-1.168 0.410997
-1.16216 0.417864
-1.15632 0.416355
-1.15048 0.416691
-1.14464 0.421776
-1.1388 0.419044
-1.13296 0.413535
-1.12712 0.420712
-1.12128 0.422098
-1.11544 0.429503
-1.1096 0.42507
-1.10376 0.432115
-1.09792 0.431705
-1.09208 0.432235
-1.08624 0.428929
-1.0804 0.434256
-1.07456 0.43942
-1.06872 0.436765
-1.06288 0.438374
-1.05704 0.440513
-1.0512 0.44239
-1.04536 0.439179
-1.03952 0.433253
-1.03368 0.437852
-1.02784 0.437393
-1.022 0.432942
-1.01616 0.431724
-1.01032 0.432369
-1.00448 0.430017
-0.99864 0.428711
-0.9928 0.428561
-0.98696 0.431826
-0.98112 0.426056
-0.97528 0.427925
-0.96944 0.426751
-0.9636 0.425468
-0.95776 0.42644
-0.95192 0.424407
-0.94608 0.425633
-0.94024 0.422759
-0.9344 0.422712
-0.92856 0.422373
-0.92272 0.415993
-0.91688 0.417151
-0.91104 0.417395
-0.9052 0.416902
-0.89936 0.416101
-0.89352 0.416751
-0.88768 0.41669
-0.88184 0.416775
-0.876 0.41457
-0.87016 0.414235
-0.86432 0.414996
-0.85848 0.416979
-0.85264 0.415941
-0.8468 0.412115
-0.84096 0.413284
-0.83512 0.411878
-0.82928 0.409949
-0.82344 0.409315
-0.8176 0.407618
-0.81176 0.408273
-0.80592 0.409495
-0.80008 0.406207
-0.79424 0.406584
-0.7884 0.407433
-0.78256 0.406822
-0.77672 0.406022
-0.77088 0.407155
-0.76504 0.406493
-0.7592 0.408079
-0.75336 0.406863
-0.74752 0.407596
-0.74168 0.406981
-0.73584 0.409207
-0.73 0.409108
-0.72416 0.411161
-0.71832 0.410263
-0.71248 0.411488
-0.70664 0.412219
-0.7008 0.412079
-0.69496 0.412656
-0.68912 0.413601
-0.68328 0.414932
-0.67744 0.418942
-0.6716 0.420565
-0.66576 0.421697
-0.65992 0.423114
-0.65408 0.422773
-0.64824 0.423669
-0.6424 0.426443
-0.63656 0.427523
-0.63072 0.427402
-0.62488 0.427536
-0.61904 0.427521
-0.6132 0.427335
-0.60736 0.42631
-0.60152 0.426877
-0.59568 0.426877
-0.58984 0.426877
-0.584 0.426877
-0.57816 0.426877
-0.57232 0.426877
-0.56648 0.426877
-0.56064 0.426877
-0.5548 0.426877
-0.54896 0.426877
-0.54312 0.426877
-0.53728 0.426877
-0.53144 0.426877
-0.5256 0.426877
-0.51976 0.426877
-0.51392 0.426877
-0.50808 0.426877
-0.50224 0.426877
-0.4964 0.426877
-0.49056 0.426877
-0.48472 0.426877
-0.47888 0.426877
-0.47304 0.426877
-0.4672 0.426877
-0.46136 0.426877
-0.45552 0.426877
-0.44968 0.426877
-0.44384 0.426877
-0.438 0.426877
-0.43216 0.426877
-0.42632 0.426877
-0.42048 0.426877
-0.41464 0.426877
-0.4088 0.426877
-0.40296 0.426877
-0.39712 0.426877
-0.39128 0.426877
-0.38544 0.426877
-0.3796 0.426877
-0.37376 0.426877
-0.36792 0.426877
-0.36208 0.426877
-0.35624 0.426877
-0.3504 0.426877
-0.34456 0.426877
-0.33872 0.426877
-0.33288 0.426877
-0.32704 0.426877
-0.3212 0.426877
-0.31536 0.426877
-0.30952 0.426877
-0.30368 0.426877
-0.29784 0.426877
-0.292 0.426877
-0.28616 0.426877
-0.28032 0.426877
-0.27448 0.426877
-0.26864 0.426877
-0.2628 0.426877
-0.25696 0.426877
-0.25112 0.426877
-0.24528 0.426877
-0.23944 0.426877
-0.2336 0.426877
-0.22776 0.426877
-0.22192 0.426877
-0.21608 0.426877
-0.21024 0.426877
-0.2044 0.426877
-0.19856 0.426877
-0.19272 0.426877
-0.18688 0.426877
-0.18104 0.426877
-0.1752 0.426877
-0.16936 0.426877
-0.16352 0.426877
-0.15768 0.426877
-0.15184 0.426877
-0.146 0.426877
-0.14016 0.426877
-0.13432 0.426877
-0.12848 0.426877
-0.12264 0.426877
-0.1168 0.426877
-0.11096 0.426877
-0.10512 0.426877
-0.09928 0.426877
-0.09344 0.426877
-0.0876 0.426877
-0.08176 0.426877
-0.07592 0.426877
-0.07008 0.426877
-0.06424 0.426877
-0.0584 0.426877
-0.05256 0.426877
-0.04672 0.426877
-0.04088 0.426877
-0.03504 0.426877
-0.0292 0.426877
-0.02336 0.426877
-0.01752 0.426877
-0.01168 0.426877
-0.00584 0.426877
