-2.92 0.450361
-2.91416 0.450361
-2.90832 0.450361
-2.90248 0.450361
-2.89664 0.450361
-2.8908 0.450361
-2.88496 0.450361
-2.87912 0.450361
-2.87328 0.450361
-2.86744 0.450361
-2.8616 0.450361
-2.85576 0.450361
-2.84992 0.450361
-2.84408 0.450361
-2.83824 0.450361
-2.8324 0.450361
-2.82656 0.450361
-2.82072 0.450361
-2.81488 0.450361
-2.80904 0.450361
-2.8032 0.450361
-2.79736 0.450361
-2.79152 0.450361
-2.78568 0.450361
-2.77984 0.450361
-2.774 0.450361
-2.76816 0.450361
-2.76232 0.450361
-2.75648 0.450361
-2.75064 0.450361
-2.7448 0.450361
-2.73896 0.450361
-2.73312 0.450361
-2.72728 0.450361
-2.72144 0.450361
-2.7156 0.450361
-2.70976 0.450361
-2.70392 0.450361
-2.69808 0.450361
-2.69224 0.450361
-2.6864 0.450361
-2.68056 0.450361
-2.67472 0.450361
-2.66888 0.450361
-2.66304 0.450361
-2.6572 0.450361
-2.65136 0.450361
-2.64552 0.450361
-2.63968 0.450361
-2.63384 0.450361
-2.628 0.450361
-2.62216 0.450361
-2.61632 0.450361
-2.61048 0.450361
-2.60464 0.450361
-2.5988 0.450361
-2.59296 0.449876
-2.58712 0.449217
-2.58128 0.448467
-2.57544 0.447628
-2.5696 0.446658
-2.56376 0.445596
-2.55792 0.444488
-2.55208 0.443336
-2.54624 0.442094
-2.5404 0.440851
-2.53456 0.439563
-2.52872 0.438232
-2.52288 0.436856
-2.51704 0.435349
-2.5112 0.433711
-2.50536 0.432075
-2.49952 0.430975
-2.49368 0.430252
-2.48784 0.429319
-2.482 0.429089
-2.47616 0.428101
-2.47032 0.42819
-2.46448 0.427698
-2.45864 0.427453
-2.4528 0.425211
-2.44696 0.424263
-2.44112 0.423388
-2.43528 0.421513
-2.42944 0.420714
-2.4236 0.418871
-2.41776 0.417075
-2.41192 0.416735
-2.40608 0.41464
-2.40024 0.413557
-2.3944 0.410411
-2.38856 0.409114
-2.38272 0.407349
-2.37688 0.404787
-2.37104 0.404531
-2.3652 0.40171
-2.35936 0.399975
-2.35352 0.396922
-2.34768 0.396071
-2.34184 0.393167
-2.336 0.390925
-2.33016 0.387436
-2.32432 0.386161
-2.31848 0.384472
-2.31264 0.382322
-2.3068 0.378951
-2.30096 0.377594
-2.29512 0.375323
-2.28928 0.372865
-2.28344 0.371811
-2.2776 0.369322
-2.27176 0.366961
-2.26592 0.366447
-2.26008 0.363041
-2.25424 0.361802
-2.2484 0.359566
-2.24256 0.355767
-2.23672 0.355333
-2.23088 0.354736
-2.22504 0.351445
-2.2192 0.348518
-2.21336 0.346457
-2.20752 0.347072
-2.20168 0.345802
-2.19584 0.341202
-2.19 0.340052
-2.18416 0.338318
-2.17832 0.334809
-2.17248 0.334334
-2.16664 0.332131
-2.1608 0.330064
-2.15496 0.329509
-2.14912 0.326289
-2.14328 0.328851
-2.13744 0.323927
-2.1316 0.322182
-2.12576 0.322434
-2.11992 0.320813
-2.11408 0.318867
-2.10824 0.317595
-2.1024 0.313234
-2.09656 0.313114
-2.09072 0.312639
-2.08488 0.31077
-2.07904 0.308864
-2.0732 0.306503
-2.06736 0.306037
-2.06152 0.306379
-2.05568 0.302869
-2.04984 0.302415
-2.044 0.300849
-2.03816 0.298479
-2.03232 0.2978
-2.02648 0.295733
-2.02064 0.294203
-2.0148 0.293567
-2.00896 0.290101
-2.00312 0.28905
-1.99728 0.290441
-1.99144 0.28658
-1.9856 0.287989
-1.97976 0.282915
-1.97392 0.283217
-1.96808 0.27873
-1.96224 0.279802
-1.9564 0.279674
-1.95056 0.276804
-1.94472 0.277482
-1.93888 0.273974
-1.93304 0.272626
-1.9272 0.268468
-1.92136 0.263779
-1.91552 0.261788
-1.90968 0.260457
-1.90384 0.259439
-1.898 0.254918
-1.89216 0.254411
-1.88632 0.247965
-1.88048 0.24738
-1.87464 0.242951
-1.8688 0.241022
-1.86296 0.238272
-1.85712 0.234866
-1.85128 0.233915
-1.84544 0.228993
-1.8396 0.227474
-1.83376 0.224126
-1.82792 0.219102
-1.82208 0.218926
-1.81624 0.213444
-1.8104 0.212312
-1.80456 0.207932
-1.79872 0.203637
-1.79288 0.204387
-1.78704 0.197219
-1.7812 0.19348
-1.77536 0.19255
-1.76952 0.188902
-1.76368 0.185734
-1.75784 0.182598
-1.752 0.181917
-1.74616 0.179211
-1.74032 0.173193
-1.73448 0.168906
-1.72864 0.169949
-1.7228 0.162389
-1.71696 0.161613
-1.71112 0.159906
-1.70528 0.153797
-1.69944 0.154959
-1.6936 0.151616
-1.68776 0.148827
-1.68192 0.147108
-1.67608 0.14522
-1.67024 0.14201
-1.6644 0.140152
-1.65856 0.137852
-1.65272 0.137567
-1.64688 0.136795
-1.64104 0.136827
-1.6352 0.137419
-1.62936 0.139012
-1.62352 0.137278
-1.61768 0.136626
-1.61184 0.135335
-1.606 0.135187
-1.60016 0.136931
-1.59432 0.136852
-1.58848 0.135053
-1.58264 0.13362
-1.5768 0.135047
-1.57096 0.139094
-1.56512 0.138119
-1.55928 0.141501
-1.55344 0.14287
-1.5476 0.146213
-1.54176 0.143806
-1.53592 0.148782
-1.53008 0.148405
-1.52424 0.144627
-1.5184 0.143069
-1.51256 0.146518
-1.50672 0.143669
-1.50088 0.146043
-1.49504 0.152879
-1.4892 0.149989
-1.48336 0.150954
-1.47752 0.152885
-1.47168 0.155306
-1.46584 0.154942
-1.46 0.154558
-1.45416 0.152508
-1.44832 0.154002
-1.44248 0.157123
-1.43664 0.159303
-1.4308 0.156426
-1.42496 0.156821
-1.41912 0.157191
-1.41328 0.159554
-1.40744 0.159636
-1.4016 0.159398
-1.39576 0.160171
-1.38992 0.161433
-1.38408 0.157995
-1.37824 0.156052
-1.3724 0.1619
-1.36656 0.161688
-1.36072 0.161424
-1.35488 0.163925
-1.34904 0.162021
-1.3432 0.164367
-1.33736 0.163653
-1.33152 0.167268
-1.32568 0.171689
-1.31984 0.16923
-1.314 0.17321
-1.30816 0.177048
-1.30232 0.173902
-1.29648 0.178599
-1.29064 0.179043
-1.2848 0.183446
-1.27896 0.190811
-1.27312 0.188919
-1.26728 0.194073
-1.26144 0.197944
-1.2556 0.199236
-1.24976 0.200772
-1.24392 0.203354
-1.23808 0.208069
-1.23224 0.208615
-1.2264 0.211772
-1.22056 0.215753
-1.21472 0.218381
-1.20888 0.216898
-1.20304 0.221808
-1.1972 0.223336
-1.19136 0.225405
-1.18552 0.226684
-1.17968 0.230146
-1.17384 0.232984
-1.168 0.232231
-1.16216 0.236369
-1.15632 0.235994
-1.15048 0.238142
-1.14464 0.238316
-1.1388 0.240556
-1.13296 0.245012
-1.12712 0.246221
-1.12128 0.251064
-1.11544 0.253254
-1.1096 0.256793
-1.10376 0.257391
-1.09792 0.261758
-1.09208 0.261554
-1.08624 0.261114
-1.0804 0.260764
-1.07456 0.265562
-1.06872 0.267755
-1.06288 0.266159
-1.05704 0.274929
-1.0512 0.278102
-1.04536 0.278278
-1.03952 0.278318
-1.03368 0.283516
-1.02784 0.283167
-1.022 0.284593
-1.01616 0.283459
-1.01032 0.287779
-1.00448 0.289594
-0.99864 0.292768
-0.9928 0.291922
-0.98696 0.29445
-0.98112 0.295935
-0.97528 0.298682
-0.96944 0.297819
-0.9636 0.30131
-0.95776 0.301085
-0.95192 0.301258
-0.94608 0.301734
-0.94024 0.302621
-0.9344 0.305835
-0.92856 0.308299
-0.92272 0.308196
-0.91688 0.312093
-0.91104 0.313087
-0.9052 0.315288
-0.89936 0.317569
-0.89352 0.319597
-0.88768 0.32204
-0.88184 0.324243
-0.876 0.325317
-0.87016 0.327006
-0.86432 0.326343
-0.85848 0.32854
-0.85264 0.329454
-0.8468 0.331016
-0.84096 0.336864
-0.83512 0.335926
-0.82928 0.337658
-0.82344 0.339709
-0.8176 0.341643
-0.81176 0.343025
-0.80592 0.344117
-0.80008 0.345075
-0.79424 0.347259
-0.7884 0.348767
-0.78256 0.350445
-0.77672 0.350852
-0.77088 0.352742
-0.76504 0.354375
-0.7592 0.354786
-0.75336 0.355265
-0.74752 0.354242
-0.74168 0.35603
-0.73584 0.355373
-0.73 0.35298
-0.72416 0.353167
-0.71832 0.352669
-0.71248 0.352859
-0.70664 0.352526
-0.7008 0.354409
-0.69496 0.353278
-0.68912 0.354851
-0.68328 0.354516
-0.67744 0.35605
-0.6716 0.35694
-0.66576 0.357906
-0.65992 0.357566
-0.65408 0.359959
-0.64824 0.357177
-0.6424 0.358351
-0.63656 0.358595
-0.63072 0.359549
-0.62488 0.360504
-0.61904 0.362799
-0.6132 0.36307
-0.60736 0.36355
-0.60152 0.363351
-0.59568 0.363351
-0.58984 0.363351
-0.584 0.363351
-0.57816 0.363351
-0.57232 0.363351
-0.56648 0.363351
-0.56064 0.363351
-0.5548 0.363351
-0.54896 0.363351
-0.54312 0.363351
-0.53728 0.363351
-0.53144 0.363351
-0.5256 0.363351
-0.51976 0.363351
-0.51392 0.363351
-0.50808 0.363351
-0.50224 0.363351
-0.4964 0.363351
-0.49056 0.363351
-0.48472 0.363351
-0.47888 0.363351
-0.47304 0.363351
-0.4672 0.363351
-0.46136 0.363351
-0.45552 0.363351
-0.44968 0.363351
-0.44384 0.363351
-0.438 0.363351
-0.43216 0.363351
-0.42632 0.363351
-0.42048 0.363351
-0.41464 0.363351
-0.4088 0.363351
-0.40296 0.363351
-0.39712 0.363351
-0.39128 0.363351
-0.38544 0.363351
-0.3796 0.363351
-0.37376 0.363351
-0.36792 0.363351
-0.36208 0.363351
-0.35624 0.363351
-0.3504 0.363351
-0.34456 0.363351
-0.33872 0.363351
-0.33288 0.363351
-0.32704 0.363351
-0.3212 0.363351
-0.31536 0.363351
-0.30952 0.363351
-0.30368 0.363351
-0.29784 0.363351
-0.292 0.363351
-0.28616 0.363351
-0.28032 0.363351
-0.27448 0.363351
-0.26864 0.363351
-0.2628 0.363351
-0.25696 0.363351
-0.25112 0.363351
-0.24528 0.363351
-0.23944 0.363351
-0.2336 0.363351
-0.22776 0.363351
-0.22192 0.363351
-0.21608 0.363351
-0.21024 0.363351
-0.2044 0.363351
-0.19856 0.363351
-0.19272 0.363351
-0.18688 0.363351
-0.18104 0.363351
-0.1752 0.363351
-0.16936 0.363351
-0.16352 0.363351
-0.15768 0.363351
-0.15184 0.363351
-0.146 0.363351
-0.14016 0.363351
-0.13432 0.363351
-0.12848 0.363351
-0.12264 0.363351
-0.1168 0.363351
-0.11096 0.363351
-0.10512 0.363351
-0.09928 0.363351
-0.09344 0.363351
-0.0876 0.363351
-0.08176 0.363351
-0.07592 0.363351
-0.07008 0.363351
-0.06424 0.363351
-0.0584 0.363351
-0.05256 0.363351
-0.04672 0.363351
-0.04088 0.363351
-0.03504 0.363351
-0.0292 0.363351
-0.02336 0.363351
-0.01752 0.363351
-0.01168 0.363351
-0.00584 0.363351
