-2.92 0.418087
-2.91416 0.418087
-2.90832 0.418087
-2.90248 0.418087
-2.89664 0.418087
-2.8908 0.418087
-2.88496 0.418087
-2.87912 0.418087
-2.87328 0.418087
-2.86744 0.418087
-2.8616 0.418087
-2.85576 0.418087
-2.84992 0.418087
-2.84408 0.418087
-2.83824 0.418087
-2.8324 0.418087
-2.82656 0.418087
-2.82072 0.418087
-2.81488 0.418087
-2.80904 0.418087
-2.8032 0.418087
-2.79736 0.418087
-2.79152 0.418087
-2.78568 0.418087
-2.77984 0.418087
-2.774 0.418087
-2.76816 0.418087
-2.76232 0.418087
-2.75648 0.418087
-2.75064 0.418087
-2.7448 0.418087
-2.73896 0.418087
-2.73312 0.418087
-2.72728 0.418087
-2.72144 0.418087
-2.7156 0.418087
-2.70976 0.418087
-2.70392 0.418087
-2.69808 0.418087
-2.69224 0.418087
-2.6864 0.418087
-2.68056 0.418087
-2.67472 0.418087
-2.66888 0.418087
-2.66304 0.418087
-2.6572 0.418087
-2.65136 0.418087
-2.64552 0.418087
-2.63968 0.418087
-2.63384 0.418087
-2.628 0.418087
-2.62216 0.418087
-2.61632 0.418087
-2.61048 0.418087
-2.60464 0.418087
-2.5988 0.418087
-2.59296 0.417688
-2.58712 0.417113
-2.58128 0.41645
-2.57544 0.415743
-2.5696 0.414773
-2.56376 0.41376
-2.55792 0.412657
-2.55208 0.41151
-2.54624 0.410275
-2.5404 0.408999
-2.53456 0.407676
-2.52872 0.406309
-2.52288 0.404943
-2.51704 0.4034
-2.5112 0.401813
-2.50536 0.400137
-2.49952 0.399086
-2.49368 0.3982
-2.48784 0.397898
-2.482 0.397058
-2.47616 0.396662
-2.47032 0.39614
-2.46448 0.39582
-2.45864 0.394918
-2.4528 0.39473
-2.44696 0.393163
-2.44112 0.392295
-2.43528 0.391514
-2.42944 0.389569
-2.4236 0.388613
-2.41776 0.389038
-2.41192 0.386715
-2.40608 0.386512
-2.40024 0.384021
-2.3944 0.383486
-2.38856 0.382786
-2.38272 0.381293
-2.37688 0.380174
-2.37104 0.378093
-2.3652 0.377355
-2.35936 0.376186
-2.35352 0.375607
-2.34768 0.373572
-2.34184 0.372284
-2.336 0.371074
-2.33016 0.371379
-2.32432 0.369037
-2.31848 0.365313
-2.31264 0.368002
-2.3068 0.365489
-2.30096 0.364237
-2.29512 0.3613
-2.28928 0.359743
-2.28344 0.361174
-2.2776 0.357773
-2.27176 0.355381
-2.26592 0.355726
-2.26008 0.355104
-2.25424 0.352708
-2.2484 0.350813
-2.24256 0.349851
-2.23672 0.348928
-2.23088 0.347385
-2.22504 0.346341
-2.2192 0.343435
-2.21336 0.340994
-2.20752 0.341715
-2.20168 0.338144
-2.19584 0.338277
-2.19 0.336938
-2.18416 0.335838
-2.17832 0.335517
-2.17248 0.334128
-2.16664 0.332317
-2.1608 0.329418
-2.15496 0.328318
-2.14912 0.327191
-2.14328 0.326598
-2.13744 0.325473
-2.1316 0.322485
-2.12576 0.321891
-2.11992 0.318446
-2.11408 0.318918
-2.10824 0.318759
-2.1024 0.316112
-2.09656 0.315149
-2.09072 0.314055
-2.08488 0.311073
-2.07904 0.31244
-2.0732 0.309537
-2.06736 0.30341
-2.06152 0.307579
-2.05568 0.306358
-2.04984 0.304127
-2.044 0.303262
-2.03816 0.301462
-2.03232 0.298725
-2.02648 0.29908
-2.02064 0.298416
-2.0148 0.296653
-2.00896 0.29473
-2.00312 0.293073
-1.99728 0.292338
-1.99144 0.289945
-1.9856 0.28805
-1.97976 0.286377
-1.97392 0.283646
-1.96808 0.281974
-1.96224 0.284733
-1.9564 0.280997
-1.95056 0.281522
-1.94472 0.277763
-1.93888 0.277771
-1.93304 0.276282
-1.9272 0.272264
-1.92136 0.271182
-1.91552 0.266574
-1.90968 0.26756
-1.90384 0.262617
-1.898 0.258538
-1.89216 0.257583
-1.88632 0.253394
-1.88048 0.253136
-1.87464 0.251138
-1.8688 0.245001
-1.86296 0.245239
-1.85712 0.240255
-1.85128 0.237782
-1.84544 0.235481
-1.8396 0.232959
-1.83376 0.228041
-1.82792 0.226256
-1.82208 0.223859
-1.81624 0.220584
-1.8104 0.220957
-1.80456 0.214465
-1.79872 0.213047
-1.79288 0.208097
-1.78704 0.203862
-1.7812 0.202924
-1.77536 0.199157
-1.76952 0.198027
-1.76368 0.19738
-1.75784 0.190278
-1.752 0.187725
-1.74616 0.185776
-1.74032 0.181229
-1.73448 0.181432
-1.72864 0.176822
-1.7228 0.176147
-1.71696 0.169126
-1.71112 0.166536
-1.70528 0.167153
-1.69944 0.159107
-1.6936 0.160084
-1.68776 0.157331
-1.68192 0.157688
-1.67608 0.152848
-1.67024 0.149228
-1.6644 0.146541
-1.65856 0.14468
-1.65272 0.143764
-1.64688 0.142905
-1.64104 0.14179
-1.6352 0.141752
-1.62936 0.141841
-1.62352 0.144062
-1.61768 0.143126
-1.61184 0.143589
-1.606 0.141663
-1.60016 0.14504
-1.59432 0.142856
-1.58848 0.139374
-1.58264 0.142939
-1.5768 0.142375
-1.57096 0.137071
-1.56512 0.141382
-1.55928 0.143343
-1.55344 0.143876
-1.5476 0.142294
-1.54176 0.146893
-1.53592 0.145338
-1.53008 0.146232
-1.52424 0.145953
-1.5184 0.146187
-1.51256 0.146249
-1.50672 0.146585
-1.50088 0.144879
-1.49504 0.1505
-1.4892 0.150166
-1.48336 0.153999
-1.47752 0.151516
-1.47168 0.154328
-1.46584 0.155185
-1.46 0.154188
-1.45416 0.158555
-1.44832 0.154716
-1.44248 0.158648
-1.43664 0.159927
-1.4308 0.158257
-1.42496 0.158726
-1.41912 0.160853
-1.41328 0.164296
-1.40744 0.162768
-1.4016 0.164809
-1.39576 0.166882
-1.38992 0.164345
-1.38408 0.161608
-1.37824 0.165856
-1.3724 0.166678
-1.36656 0.167286
-1.36072 0.167739
-1.35488 0.17064
-1.34904 0.17078
-1.3432 0.174826
-1.33736 0.175446
-1.33152 0.177047
-1.32568 0.182113
-1.31984 0.180936
-1.314 0.179515
-1.30816 0.190371
-1.30232 0.191384
-1.29648 0.19089
-1.29064 0.194296
-1.2848 0.198692
-1.27896 0.204842
-1.27312 0.205644
-1.26728 0.214473
-1.26144 0.210903
-1.2556 0.214389
-1.24976 0.219231
-1.24392 0.221794
-1.23808 0.226466
-1.23224 0.229234
-1.2264 0.233339
-1.22056 0.236288
-1.21472 0.238256
-1.20888 0.243851
-1.20304 0.243989
-1.1972 0.249382
-1.19136 0.250876
-1.18552 0.25482
-1.17968 0.25719
-1.17384 0.264164
-1.168 0.261635
-1.16216 0.264187
-1.15632 0.268037
-1.15048 0.266864
-1.14464 0.275106
-1.1388 0.274195
-1.13296 0.278555
-1.12712 0.284181
-1.12128 0.287929
-1.11544 0.292042
-1.1096 0.295439
-1.10376 0.301166
-1.09792 0.301686
-1.09208 0.306907
-1.08624 0.304434
-1.0804 0.307239
-1.07456 0.308946
-1.06872 0.311425
-1.06288 0.315274
-1.05704 0.319588
-1.0512 0.324522
-1.04536 0.327564
-1.03952 0.327437
-1.03368 0.332365
-1.02784 0.33342
-1.022 0.335896
-1.01616 0.338342
-1.01032 0.338869
-1.00448 0.344551
-0.99864 0.345753
-0.9928 0.346001
-0.98696 0.347872
-0.98112 0.351855
-0.97528 0.356865
-0.96944 0.355261
-0.9636 0.359915
-0.95776 0.363615
-0.95192 0.360907
-0.94608 0.360463
-0.94024 0.364328
-0.9344 0.36552
-0.92856 0.366629
-0.92272 0.369082
-0.91688 0.372985
-0.91104 0.374129
-0.9052 0.378534
-0.89936 0.37866
-0.89352 0.382764
-0.88768 0.385251
-0.88184 0.387203
-0.876 0.386935
-0.87016 0.392178
-0.86432 0.393349
-0.85848 0.393597
-0.85264 0.394654
-0.8468 0.398837
-0.84096 0.402367
-0.83512 0.40423
-0.82928 0.406901
-0.82344 0.407696
-0.8176 0.407142
-0.81176 0.411072
-0.80592 0.412374
-0.80008 0.415583
-0.79424 0.415579
-0.7884 0.418356
-0.78256 0.420797
-0.77672 0.420665
-0.77088 0.423099
-0.76504 0.42487
-0.7592 0.426215
-0.75336 0.424804
-0.74752 0.426774
-0.74168 0.4268
-0.73584 0.42751
-0.73 0.427533
-0.72416 0.426503
-0.71832 0.426567
-0.71248 0.427004
-0.70664 0.427574
-0.7008 0.428398
-0.69496 0.427897
-0.68912 0.429266
-0.68328 0.429191
-0.67744 0.430557
-0.6716 0.431667
-0.66576 0.432515
-0.65992 0.432342
-0.65408 0.434275
-0.64824 0.432001
-0.6424 0.43305
-0.63656 0.432877
-0.63072 0.433873
-0.62488 0.434702
-0.61904 0.436914
-0.6132 0.437229
-0.60736 0.437455
-0.60152 0.43709
-0.59568 0.43709
-0.58984 0.43709
-0.584 0.43709
-0.57816 0.43709
-0.57232 0.43709
-0.56648 0.43709
-0.56064 0.43709
-0.5548 0.43709
-0.54896 0.43709
-0.54312 0.43709
-0.53728 0.43709
-0.53144 0.43709
-0.5256 0.43709
-0.51976 0.43709
-0.51392 0.43709
-0.50808 0.43709
-0.50224 0.43709
-0.4964 0.43709
-0.49056 0.43709
-0.48472 0.43709
-0.47888 0.43709
-0.47304 0.43709
-0.4672 0.43709
-0.46136 0.43709
-0.45552 0.43709
-0.44968 0.43709
-0.44384 0.43709
-0.438 0.43709
-0.43216 0.43709
-0.42632 0.43709
-0.42048 0.43709
-0.41464 0.43709
-0.4088 0.43709
-0.40296 0.43709
-0.39712 0.43709
-0.39128 0.43709
-0.38544 0.43709
-0.3796 0.43709
-0.37376 0.43709
-0.36792 0.43709
-0.36208 0.43709
-0.35624 0.43709
-0.3504 0.43709
-0.34456 0.43709
-0.33872 0.43709
-0.33288 0.43709
-0.32704 0.43709
-0.3212 0.43709
-0.31536 0.43709
-0.30952 0.43709
-0.30368 0.43709
-0.29784 0.43709
-0.292 0.43709
-0.28616 0.43709
-0.28032 0.43709
-0.27448 0.43709
-0.26864 0.43709
-0.2628 0.43709
-0.25696 0.43709
-0.25112 0.43709
-0.24528 0.43709
-0.23944 0.43709
-0.2336 0.43709
-0.22776 0.43709
-0.22192 0.43709
-0.21608 0.43709
-0.21024 0.43709
-0.2044 0.43709
-0.19856 0.43709
-0.19272 0.43709
-0.18688 0.43709
-0.18104 0.43709
-0.1752 0.43709
-0.16936 0.43709
-0.16352 0.43709
-0.15768 0.43709
-0.15184 0.43709
-0.146 0.43709
-0.14016 0.43709
-0.13432 0.43709
-0.12848 0.43709
-0.12264 0.43709
-0.1168 0.43709
-0.11096 0.43709
-0.10512 0.43709
-0.09928 0.43709
-0.09344 0.43709
-0.0876 0.43709
-0.08176 0.43709
-0.07592 0.43709
-0.07008 0.43709
-0.06424 0.43709
-0.0584 0.43709
-0.05256 0.43709
-0.04672 0.43709
-0.04088 0.43709
-0.03504 0.43709
-0.0292 0.43709
-0.02336 0.43709
-0.01752 0.43709
-0.01168 0.43709
-0.00584 0.43709
