-2.92 0.448986
-2.91416 0.448986
-2.90832 0.448986
-2.90248 0.448986
-2.89664 0.448986
-2.8908 0.448986
-2.88496 0.448986
-2.87912 0.448986
-2.87328 0.448986
-2.86744 0.448986
-2.8616 0.448986
-2.85576 0.448986
-2.84992 0.448986
-2.84408 0.448986
-2.83824 0.448986
-2.8324 0.448986
-2.82656 0.448986
-2.82072 0.448986
-2.81488 0.448986
-2.80904 0.448986
-2.8032 0.448986
-2.79736 0.448986
-2.79152 0.448986
-2.78568 0.448986
-2.77984 0.448986
-2.774 0.448986
-2.76816 0.448986
-2.76232 0.448986
-2.75648 0.448986
-2.75064 0.448986
-2.7448 0.448986
-2.73896 0.448986
-2.73312 0.448986
-2.72728 0.448986
-2.72144 0.448986
-2.7156 0.448986
-2.70976 0.448986
-2.70392 0.448986
-2.69808 0.448986
-2.69224 0.448986
-2.6864 0.448986
-2.68056 0.448986
-2.67472 0.448986
-2.66888 0.448986
-2.66304 0.448986
-2.6572 0.448986
-2.65136 0.448986
-2.64552 0.448986
-2.63968 0.448986
-2.63384 0.448986
-2.628 0.448986
-2.62216 0.448986
-2.61632 0.448986
-2.61048 0.448986
-2.60464 0.448986
-2.5988 0.448986
-2.59296 0.448498
-2.58712 0.44779
-2.58128 0.447039
-2.57544 0.446201
-2.5696 0.4451
-2.56376 0.443823
-2.55792 0.442502
-2.55208 0.441181
-2.54624 0.439772
-2.5404 0.438318
-2.53456 0.436778
-2.52872 0.435192
-2.52288 0.433605
-2.51704 0.432018
-2.5112 0.430343
-2.50536 0.428623
-2.49952 0.426905
-2.49368 0.425185
-2.48784 0.423421
-2.482 0.421702
-2.47616 0.419717
-2.47032 0.417731
-2.46448 0.415655
-2.45864 0.413579
-2.4528 0.411418
-2.44696 0.409337
-2.44112 0.407086
-2.43528 0.404742
-2.42944 0.402489
-2.4236 0.400102
-2.41776 0.39797
-2.41192 0.395538
-2.40608 0.39298
-2.40024 0.390585
-2.3944 0.388102
-2.38856 0.385493
-2.38272 0.383387
-2.37688 0.380616
-2.37104 0.378421
-2.3652 0.376024
-2.35936 0.37383
-2.35352 0.371848
-2.34768 0.369406
-2.34184 0.367464
-2.336 0.364979
-2.33016 0.36308
-2.32432 0.360213
-2.31848 0.358726
-2.31264 0.355437
-2.3068 0.354168
-2.30096 0.351341
-2.29512 0.349436
-2.28928 0.3469
-2.28344 0.344148
-2.2776 0.341481
-2.27176 0.339244
-2.26592 0.336247
-2.26008 0.333919
-2.25424 0.331747
-2.2484 0.327641
-2.24256 0.326653
-2.23672 0.322592
-2.23088 0.321726
-2.22504 0.318793
-2.2192 0.317167
-2.21336 0.312973
-2.20752 0.311468
-2.20168 0.308534
-2.19584 0.305312
-2.19 0.303976
-2.18416 0.301465
-2.17832 0.298143
-2.17248 0.293437
-2.16664 0.289865
-2.1608 0.287641
-2.15496 0.285509
-2.14912 0.280712
-2.14328 0.279048
-2.13744 0.276059
-2.1316 0.273581
-2.12576 0.269795
-2.11992 0.266142
-2.11408 0.26734
-2.10824 0.260558
-2.1024 0.257362
-2.09656 0.254124
-2.09072 0.251566
-2.08488 0.247196
-2.07904 0.245655
-2.0732 0.24271
-2.06736 0.240032
-2.06152 0.235483
-2.05568 0.232884
-2.04984 0.229576
-2.044 0.226559
-2.03816 0.224165
-2.03232 0.220169
-2.02648 0.219716
-2.02064 0.21281
-2.0148 0.211941
-2.00896 0.208032
-2.00312 0.204539
-1.99728 0.203579
-1.99144 0.20157
-1.9856 0.200266
-1.97976 0.198957
-1.97392 0.19752
-1.96808 0.197721
-1.96224 0.195064
-1.9564 0.194395
-1.95056 0.192882
-1.94472 0.188086
-1.93888 0.189768
-1.93304 0.190351
-1.9272 0.188145
-1.92136 0.187366
-1.91552 0.186195
-1.90968 0.186912
-1.90384 0.18696
-1.898 0.186315
-1.89216 0.185321
-1.88632 0.185085
-1.88048 0.18613
-1.87464 0.184743
-1.8688 0.184979
-1.86296 0.185084
-1.85712 0.184233
-1.85128 0.186679
-1.84544 0.186407
-1.8396 0.185223
-1.83376 0.187295
-1.82792 0.187293
-1.82208 0.185641
-1.81624 0.190104
-1.8104 0.189267
-1.80456 0.188752
-1.79872 0.187649
-1.79288 0.189303
-1.78704 0.187686
-1.7812 0.190358
-1.77536 0.189254
-1.76952 0.189014
-1.76368 0.19048
-1.75784 0.190702
-1.752 0.195261
-1.74616 0.193544
-1.74032 0.191969
-1.73448 0.193026
-1.72864 0.191179
-1.7228 0.196702
-1.71696 0.194865
-1.71112 0.196122
-1.70528 0.200409
-1.69944 0.199564
-1.6936 0.202265
-1.68776 0.202192
-1.68192 0.198351
-1.67608 0.200819
-1.67024 0.198805
-1.6644 0.20221
-1.65856 0.200247
-1.65272 0.198238
-1.64688 0.200447
-1.64104 0.201716
-1.6352 0.201604
-1.62936 0.199862
-1.62352 0.200061
-1.61768 0.199191
-1.61184 0.203937
-1.606 0.205396
-1.60016 0.209047
-1.59432 0.206844
-1.58848 0.213602
-1.58264 0.211164
-1.5768 0.21242
-1.57096 0.219478
-1.56512 0.218383
-1.55928 0.221169
-1.55344 0.226362
-1.5476 0.227774
-1.54176 0.225567
-1.53592 0.23259
-1.53008 0.228835
-1.52424 0.233756
-1.5184 0.240352
-1.51256 0.239593
-1.50672 0.241961
-1.50088 0.242404
-1.49504 0.250489
-1.4892 0.250376
-1.48336 0.245901
-1.47752 0.251285
-1.47168 0.256057
-1.46584 0.255792
-1.46 0.260119
-1.45416 0.258951
-1.44832 0.263446
-1.44248 0.266081
-1.43664 0.264518
-1.4308 0.271419
-1.42496 0.272404
-1.41912 0.273522
-1.41328 0.276081
-1.40744 0.282842
-1.4016 0.283151
-1.39576 0.284567
-1.38992 0.283783
-1.38408 0.288569
-1.37824 0.292235
-1.3724 0.292611
-1.36656 0.294127
-1.36072 0.294619
-1.35488 0.301351
-1.34904 0.29447
-1.3432 0.305265
-1.33736 0.303953
-1.33152 0.309241
-1.32568 0.310274
-1.31984 0.313046
-1.314 0.319102
-1.30816 0.316223
-1.30232 0.322042
-1.29648 0.322664
-1.29064 0.32672
-1.2848 0.331114
-1.27896 0.330916
-1.27312 0.335725
-1.26728 0.339366
-1.26144 0.337552
-1.2556 0.339192
-1.24976 0.344913
-1.24392 0.346941
-1.23808 0.349241
-1.23224 0.346251
-1.2264 0.353387
-1.22056 0.350245
-1.21472 0.356186
-1.20888 0.358335
-1.20304 0.361654
-1.1972 0.364649
-1.19136 0.36539
-1.18552 0.36669
-1.17968 0.369426
-1.17384 0.373534
-1.168 0.372554
-1.16216 0.377159
-1.15632 0.375184
-1.15048 0.38131
-1.14464 0.380503
-1.1388 0.382388
-1.13296 0.386007
-1.12712 0.385795
-1.12128 0.389859
-1.11544 0.393145
-1.1096 0.394872
-1.10376 0.393729
-1.09792 0.399498
-1.09208 0.394658
-1.08624 0.398008
-1.0804 0.405156
-1.07456 0.404595
-1.06872 0.405242
-1.06288 0.403342
-1.05704 0.407757
-1.0512 0.406853
-1.04536 0.401656
-1.03952 0.404192
-1.03368 0.40602
-1.02784 0.401033
-1.022 0.402414
-1.01616 0.400721
-1.01032 0.401595
-1.00448 0.399685
-0.99864 0.396935
-0.9928 0.397467
-0.98696 0.396381
-0.98112 0.398045
-0.97528 0.394954
-0.96944 0.395738
-0.9636 0.397396
-0.95776 0.39425
-0.95192 0.391282
-0.94608 0.392032
-0.94024 0.392135
-0.9344 0.390239
-0.92856 0.387526
-0.92272 0.388673
-0.91688 0.390268
-0.91104 0.381981
-0.9052 0.3876
-0.89936 0.385565
-0.89352 0.385373
-0.88768 0.383651
-0.88184 0.385298
-0.876 0.384196
-0.87016 0.380322
-0.86432 0.381781
-0.85848 0.382341
-0.85264 0.382071
-0.8468 0.380526
-0.84096 0.381989
-0.83512 0.381796
-0.82928 0.379485
-0.82344 0.376394
-0.8176 0.375363
-0.81176 0.375775
-0.80592 0.374606
-0.80008 0.376152
-0.79424 0.375262
-0.7884 0.376155
-0.78256 0.374644
-0.77672 0.375944
-0.77088 0.375884
-0.76504 0.374221
-0.7592 0.37616
-0.75336 0.37595
-0.74752 0.376189
-0.74168 0.375709
-0.73584 0.377032
-0.73 0.376908
-0.72416 0.377371
-0.71832 0.378564
-0.71248 0.378869
-0.70664 0.379893
-0.7008 0.379615
-0.69496 0.379941
-0.68912 0.381022
-0.68328 0.382619
-0.67744 0.386027
-0.6716 0.38798
-0.66576 0.388445
-0.65992 0.389826
-0.65408 0.389749
-0.64824 0.390485
-0.6424 0.392555
-0.63656 0.393413
-0.63072 0.393363
-0.62488 0.393944
-0.61904 0.394561
-0.6132 0.394444
-0.60736 0.393422
-0.60152 0.393989
-0.59568 0.393989
-0.58984 0.393989
-0.584 0.393989
-0.57816 0.393989
-0.57232 0.393989
-0.56648 0.393989
-0.56064 0.393989
-0.5548 0.393989
-0.54896 0.393989
-0.54312 0.393989
-0.53728 0.393989
-0.53144 0.393989
-0.5256 0.393989
-0.51976 0.393989
-0.51392 0.393989
-0.50808 0.393989
-0.50224 0.393989
-0.4964 0.393989
-0.49056 0.393989
-0.48472 0.393989
-0.47888 0.393989
-0.47304 0.393989
-0.4672 0.393989
-0.46136 0.393989
-0.45552 0.393989
-0.44968 0.393989
-0.44384 0.393989
-0.438 0.393989
-0.43216 0.393989
-0.42632 0.393989
-0.42048 0.393989
-0.41464 0.393989
-0.4088 0.393989
-0.40296 0.393989
-0.39712 0.393989
-0.39128 0.393989
-0.38544 0.393989
-0.3796 0.393989
-0.37376 0.393989
-0.36792 0.393989
-0.36208 0.393989
-0.35624 0.393989
-0.3504 0.393989
-0.34456 0.393989
-0.33872 0.393989
-0.33288 0.393989
-0.32704 0.393989
-0.3212 0.393989
-0.31536 0.393989
-0.30952 0.393989
-0.30368 0.393989
-0.29784 0.393989
-0.292 0.393989
-0.28616 0.393989
-0.28032 0.393989
-0.27448 0.393989
-0.26864 0.393989
-0.2628 0.393989
-0.25696 0.393989
-0.25112 0.393989
-0.24528 0.393989
-0.23944 0.393989
-0.2336 0.393989
-0.22776 0.393989
-0.22192 0.393989
-0.21608 0.393989
-0.21024 0.393989
-0.2044 0.393989
-0.19856 0.393989
-0.19272 0.393989
-0.18688 0.393989
-0.18104 0.393989
-0.1752 0.393989
-0.16936 0.393989
-0.16352 0.393989
-0.15768 0.393989
-0.15184 0.393989
-0.146 0.393989
-0.14016 0.393989
-0.13432 0.393989
-0.12848 0.393989
-0.12264 0.393989
-0.1168 0.393989
-0.11096 0.393989
-0.10512 0.393989
-0.09928 0.393989
-0.09344 0.393989
-0.0876 0.393989
-0.08176 0.393989
-0.07592 0.393989
-0.07008 0.393989
-0.06424 0.393989
-0.0584 0.393989
-0.05256 0.393989
-0.04672 0.393989
-0.04088 0.393989
-0.03504 0.393989
-0.0292 0.393989
-0.02336 0.393989
-0.01752 0.393989
-0.01168 0.393989
-0.00584 0.393989
