-2.92 0.41011
-2.91416 0.41011
-2.90832 0.41011
-2.90248 0.41011
-2.89664 0.41011
-2.8908 0.41011
-2.88496 0.41011
-2.87912 0.41011
-2.87328 0.41011
-2.86744 0.41011
-2.8616 0.41011
-2.85576 0.41011
-2.84992 0.41011
-2.84408 0.41011
-2.83824 0.41011
-2.8324 0.41011
-2.82656 0.41011
-2.82072 0.41011
-2.81488 0.41011
-2.80904 0.41011
-2.8032 0.41011
-2.79736 0.41011
-2.79152 0.41011
-2.78568 0.41011
-2.77984 0.41011
-2.774 0.41011
-2.76816 0.41011
-2.76232 0.41011
-2.75648 0.41011
-2.75064 0.41011
-2.7448 0.41011
-2.73896 0.41011
-2.73312 0.41011
-2.72728 0.41011
-2.72144 0.41011
-2.7156 0.41011
-2.70976 0.41011
-2.70392 0.41011
-2.69808 0.41011
-2.69224 0.41011
-2.6864 0.41011
-2.68056 0.41011
-2.67472 0.41011
-2.66888 0.41011
-2.66304 0.41011
-2.6572 0.41011
-2.65136 0.41011
-2.64552 0.41011
-2.63968 0.41011
-2.63384 0.41011
-2.628 0.41011
-2.62216 0.41011
-2.61632 0.41011
-2.61048 0.41011
-2.60464 0.41011
-2.5988 0.41011
-2.59296 0.409847
-2.58712 0.409406
-2.58128 0.408921
-2.57544 0.408303
-2.5696 0.407509
-2.56376 0.406716
-2.55792 0.405836
-2.55208 0.404824
-2.54624 0.403854
-2.5404 0.402706
-2.53456 0.401515
-2.52872 0.400148
-2.52288 0.398826
-2.51704 0.397371
-2.5112 0.395917
-2.50536 0.394376
-2.49952 0.393292
-2.49368 0.391996
-2.48784 0.391406
-2.482 0.390696
-2.47616 0.389851
-2.47032 0.389172
-2.46448 0.38811
-2.45864 0.387629
-2.4528 0.386066
-2.44696 0.38446
-2.44112 0.383228
-2.43528 0.381538
-2.42944 0.380814
-2.4236 0.379999
-2.41776 0.377642
-2.41192 0.377412
-2.40608 0.374836
-2.40024 0.373722
-2.3944 0.37273
-2.38856 0.372743
-2.38272 0.371213
-2.37688 0.367504
-2.37104 0.367307
-2.3652 0.364099
-2.35936 0.364483
-2.35352 0.362186
-2.34768 0.360312
-2.34184 0.359483
-2.336 0.358027
-2.33016 0.355855
-2.32432 0.354235
-2.31848 0.352477
-2.31264 0.351474
-2.3068 0.348757
-2.30096 0.346988
-2.29512 0.345317
-2.28928 0.341914
-2.28344 0.341001
-2.2776 0.338522
-2.27176 0.336256
-2.26592 0.33171
-2.26008 0.330328
-2.25424 0.328765
-2.2484 0.325572
-2.24256 0.322623
-2.23672 0.319212
-2.23088 0.31765
-2.22504 0.311888
-2.2192 0.310999
-2.21336 0.307043
-2.20752 0.305015
-2.20168 0.302738
-2.19584 0.299196
-2.19 0.295989
-2.18416 0.29337
-2.17832 0.288274
-2.17248 0.285567
-2.16664 0.281469
-2.1608 0.279483
-2.15496 0.275016
-2.14912 0.273611
-2.14328 0.268462
-2.13744 0.26361
-2.1316 0.262625
-2.12576 0.257725
-2.11992 0.255227
-2.11408 0.250832
-2.10824 0.247621
-2.1024 0.244236
-2.09656 0.240307
-2.09072 0.23722
-2.08488 0.232491
-2.07904 0.2286
-2.0732 0.226646
-2.06736 0.221202
-2.06152 0.218077
-2.05568 0.21419
-2.04984 0.210634
-2.044 0.208735
-2.03816 0.203958
-2.03232 0.200916
-2.02648 0.197786
-2.02064 0.194687
-2.0148 0.191181
-2.00896 0.188009
-2.00312 0.186988
-1.99728 0.182131
-1.99144 0.179431
-1.9856 0.176032
-1.97976 0.175195
-1.97392 0.172281
-1.96808 0.169494
-1.96224 0.170056
-1.9564 0.168797
-1.95056 0.166222
-1.94472 0.166278
-1.93888 0.166462
-1.93304 0.165926
-1.9272 0.164832
-1.92136 0.163954
-1.91552 0.164737
-1.90968 0.163108
-1.90384 0.163127
-1.898 0.162765
-1.89216 0.160993
-1.88632 0.162467
-1.88048 0.1651
-1.87464 0.162376
-1.8688 0.163409
-1.86296 0.163537
-1.85712 0.165144
-1.85128 0.164294
-1.84544 0.159848
-1.8396 0.166436
-1.83376 0.164384
-1.82792 0.165576
-1.82208 0.166434
-1.81624 0.168217
-1.8104 0.167338
-1.80456 0.167753
-1.79872 0.169336
-1.79288 0.168835
-1.78704 0.169089
-1.7812 0.170354
-1.77536 0.172069
-1.76952 0.169827
-1.76368 0.176152
-1.75784 0.176394
-1.752 0.178719
-1.74616 0.177379
-1.74032 0.177444
-1.73448 0.181725
-1.72864 0.181121
-1.7228 0.187034
-1.71696 0.185548
-1.71112 0.185836
-1.70528 0.190547
-1.69944 0.191568
-1.6936 0.19202
-1.68776 0.193705
-1.68192 0.196594
-1.67608 0.196151
-1.67024 0.198023
-1.6644 0.196552
-1.65856 0.193719
-1.65272 0.200473
-1.64688 0.198197
-1.64104 0.198001
-1.6352 0.197356
-1.62936 0.200375
-1.62352 0.202111
-1.61768 0.202901
-1.61184 0.202181
-1.606 0.205117
-1.60016 0.207716
-1.59432 0.207865
-1.58848 0.20921
-1.58264 0.214994
-1.5768 0.219336
-1.57096 0.214286
-1.56512 0.222483
-1.55928 0.224094
-1.55344 0.224813
-1.5476 0.225893
-1.54176 0.22952
-1.53592 0.234622
-1.53008 0.235315
-1.52424 0.240284
-1.5184 0.245306
-1.51256 0.246192
-1.50672 0.245908
-1.50088 0.252259
-1.49504 0.255682
-1.4892 0.257595
-1.48336 0.261422
-1.47752 0.262915
-1.47168 0.265095
-1.46584 0.266939
-1.46 0.271077
-1.45416 0.267909
-1.44832 0.27273
-1.44248 0.27829
-1.43664 0.279841
-1.4308 0.282917
-1.42496 0.284045
-1.41912 0.287327
-1.41328 0.292901
-1.40744 0.2928
-1.4016 0.296437
-1.39576 0.2961
-1.38992 0.30232
-1.38408 0.306784
-1.37824 0.306056
-1.3724 0.308842
-1.36656 0.316382
-1.36072 0.321737
-1.35488 0.319642
-1.34904 0.322495
-1.3432 0.327385
-1.33736 0.328876
-1.33152 0.32948
-1.32568 0.336428
-1.31984 0.341688
-1.314 0.343014
-1.30816 0.344504
-1.30232 0.348664
-1.29648 0.354301
-1.29064 0.356286
-1.2848 0.360483
-1.27896 0.360634
-1.27312 0.361503
-1.26728 0.365738
-1.26144 0.368152
-1.2556 0.368802
-1.24976 0.373441
-1.24392 0.376077
-1.23808 0.374928
-1.23224 0.376158
-1.2264 0.381217
-1.22056 0.378171
-1.21472 0.385782
-1.20888 0.384643
-1.20304 0.385271
-1.1972 0.386186
-1.19136 0.393921
-1.18552 0.394451
-1.17968 0.397141
-1.17384 0.399299
-1.168 0.401971
-1.16216 0.405392
-1.15632 0.405132
-1.15048 0.410252
-1.14464 0.414913
-1.1388 0.420026
-1.13296 0.415447
-1.12712 0.421465
-1.12128 0.42465
-1.11544 0.424782
-1.1096 0.424533
-1.10376 0.426093
-1.09792 0.428802
-1.09208 0.429019
-1.08624 0.435601
-1.0804 0.43859
-1.07456 0.43675
-1.06872 0.435369
-1.06288 0.440474
-1.05704 0.440272
-1.0512 0.441392
-1.04536 0.443038
-1.03952 0.441898
-1.03368 0.440325
-1.02784 0.441466
-1.022 0.441337
-1.01616 0.437605
-1.01032 0.436474
-1.00448 0.437154
-0.99864 0.436768
-0.9928 0.437011
-0.98696 0.43692
-0.98112 0.434882
-0.97528 0.438182
-0.96944 0.434574
-0.9636 0.433793
-0.95776 0.430034
-0.95192 0.430559
-0.94608 0.430978
-0.94024 0.427101
-0.9344 0.428968
-0.92856 0.433438
-0.92272 0.431904
-0.91688 0.42922
-0.91104 0.429273
-0.9052 0.429782
-0.89936 0.430116
-0.89352 0.429433
-0.88768 0.430509
-0.88184 0.429954
-0.876 0.428232
-0.87016 0.426834
-0.86432 0.429389
-0.85848 0.427977
-0.85264 0.428858
-0.8468 0.429103
-0.84096 0.426827
-0.83512 0.424129
-0.82928 0.424017
-0.82344 0.425286
-0.8176 0.423594
-0.81176 0.422484
-0.80592 0.422734
-0.80008 0.421647
-0.79424 0.420446
-0.7884 0.420721
-0.78256 0.41994
-0.77672 0.418854
-0.77088 0.419935
-0.76504 0.418846
-0.7592 0.418487
-0.75336 0.41889
-0.74752 0.418787
-0.74168 0.419346
-0.73584 0.41944
-0.73 0.420104
-0.72416 0.420773
-0.71832 0.420115
-0.71248 0.421302
-0.70664 0.423475
-0.7008 0.424158
-0.69496 0.425305
-0.68912 0.427474
-0.68328 0.42875
-0.67744 0.429811
-0.6716 0.43176
-0.66576 0.432903
-0.65992 0.434591
-0.65408 0.43379
-0.64824 0.435264
-0.6424 0.438159
-0.63656 0.4387
-0.63072 0.438939
-0.62488 0.439298
-0.61904 0.438012
-0.6132 0.437815
-0.60736 0.437699
-0.60152 0.438129
-0.59568 0.438129
-0.58984 0.438129
-0.584 0.438129
-0.57816 0.438129
-0.57232 0.438129
-0.56648 0.438129
-0.56064 0.438129
-0.5548 0.438129
-0.54896 0.438129
-0.54312 0.438129
-0.53728 0.438129
-0.53144 0.438129
-0.5256 0.438129
-0.51976 0.438129
-0.51392 0.438129
-0.50808 0.438129
-0.50224 0.438129
-0.4964 0.438129
-0.49056 0.438129
-0.48472 0.438129
-0.47888 0.438129
-0.47304 0.438129
-0.4672 0.438129
-0.46136 0.438129
-0.45552 0.438129
-0.44968 0.438129
-0.44384 0.438129
-0.438 0.438129
-0.43216 0.438129
-0.42632 0.438129
-0.42048 0.438129
-0.41464 0.438129
-0.4088 0.438129
-0.40296 0.438129
-0.39712 0.438129
-0.39128 0.438129
-0.38544 0.438129
-0.3796 0.438129
-0.37376 0.438129
-0.36792 0.438129
-0.36208 0.438129
-0.35624 0.438129
-0.3504 0.438129
-0.34456 0.438129
-0.33872 0.438129
-0.33288 0.438129
-0.32704 0.438129
-0.3212 0.438129
-0.31536 0.438129
-0.30952 0.438129
-0.30368 0.438129
-0.29784 0.438129
-0.292 0.438129
-0.28616 0.438129
-0.28032 0.438129
-0.27448 0.438129
-0.26864 0.438129
-0.2628 0.438129
-0.25696 0.438129
-0.25112 0.438129
-0.24528 0.438129
-0.23944 0.438129
-0.2336 0.438129
-0.22776 0.438129
-0.22192 0.438129
-0.21608 0.438129
-0.21024 0.438129
-0.2044 0.438129
-0.19856 0.438129
-0.19272 0.438129
-0.18688 0.438129
-0.18104 0.438129
-0.1752 0.438129
-0.16936 0.438129
-0.16352 0.438129
-0.15768 0.438129
-0.15184 0.438129
-0.146 0.438129
-0.14016 0.438129
-0.13432 0.438129
-0.12848 0.438129
-0.12264 0.438129
-0.1168 0.438129
-0.11096 0.438129
-0.10512 0.438129
-0.09928 0.438129
-0.09344 0.438129
-0.0876 0.438129
-0.08176 0.438129
-0.07592 0.438129
-0.07008 0.438129
-0.06424 0.438129
-0.0584 0.438129
-0.05256 0.438129
-0.04672 0.438129
-0.04088 0.438129
-0.03504 0.438129
-0.0292 0.438129
-0.02336 0.438129
-0.01752 0.438129
-0.01168 0.438129
-0.00584 0.438129
