-2.92 0.452546
-2.91416 0.452546
-2.90832 0.452546
-2.90248 0.452546
-2.89664 0.452546
-2.8908 0.452546
-2.88496 0.452546
-2.87912 0.452546
-2.87328 0.452546
-2.86744 0.452546
-2.8616 0.452546
-2.85576 0.452546
-2.84992 0.452546
-2.84408 0.452546
-2.83824 0.452546
-2.8324 0.452546
-2.82656 0.452546
-2.82072 0.452546
-2.81488 0.452546
-2.80904 0.452546
-2.8032 0.452546
-2.79736 0.452546
-2.79152 0.452546
-2.78568 0.452546
-2.77984 0.452546
-2.774 0.452546
-2.76816 0.452546
-2.76232 0.452546
-2.75648 0.452546
-2.75064 0.452546
-2.7448 0.452546
-2.73896 0.452546
-2.73312 0.452546
-2.72728 0.452546
-2.72144 0.452546
-2.7156 0.452546
-2.70976 0.452546
-2.70392 0.452546
-2.69808 0.452546
-2.69224 0.452546
-2.6864 0.452546
-2.68056 0.452546
-2.67472 0.452546
-2.66888 0.452546
-2.66304 0.452546
-2.6572 0.452546
-2.65136 0.452546
-2.64552 0.452546
-2.63968 0.452546
-2.63384 0.452546
-2.628 0.452546
-2.62216 0.452546
-2.61632 0.452546
-2.61048 0.452546
-2.60464 0.452546
-2.5988 0.452546
-2.59296 0.452192
-2.58712 0.451619
-2.58128 0.451001
-2.57544 0.450251
-2.5696 0.449414
-2.56376 0.44836
-2.55792 0.447217
-2.55208 0.446075
-2.54624 0.444843
-2.5404 0.443389
-2.53456 0.441848
-2.52872 0.440218
-2.52288 0.438544
-2.51704 0.436869
-2.5112 0.435149
-2.50536 0.433296
-2.49952 0.431565
-2.49368 0.429786
-2.48784 0.428089
-2.482 0.426236
-2.47616 0.424619
-2.47032 0.422708
-2.46448 0.421085
-2.45864 0.419003
-2.4528 0.41725
-2.44696 0.415042
-2.44112 0.413283
-2.43528 0.411527
-2.42944 0.410359
-2.4236 0.407355
-2.41776 0.406978
-2.41192 0.404802
-2.40608 0.403624
-2.40024 0.401948
-2.3944 0.400058
-2.38856 0.39955
-2.38272 0.399414
-2.37688 0.396724
-2.37104 0.396178
-2.3652 0.395703
-2.35936 0.394218
-2.35352 0.393415
-2.34768 0.392399
-2.34184 0.391338
-2.336 0.391661
-2.33016 0.390023
-2.32432 0.388202
-2.31848 0.386551
-2.31264 0.38595
-2.3068 0.384973
-2.30096 0.384535
-2.29512 0.382725
-2.28928 0.382339
-2.28344 0.380353
-2.2776 0.379876
-2.27176 0.377561
-2.26592 0.375327
-2.26008 0.373936
-2.25424 0.373887
-2.2484 0.372362
-2.24256 0.371763
-2.23672 0.369471
-2.23088 0.368189
-2.22504 0.366584
-2.2192 0.364344
-2.21336 0.362313
-2.20752 0.362429
-2.20168 0.359887
-2.19584 0.36156
-2.19 0.357635
-2.18416 0.355147
-2.17832 0.355891
-2.17248 0.353143
-2.16664 0.349887
-2.1608 0.349713
-2.15496 0.34772
-2.14912 0.347248
-2.14328 0.344627
-2.13744 0.345212
-2.1316 0.343432
-2.12576 0.339794
-2.11992 0.338766
-2.11408 0.338681
-2.10824 0.336574
-2.1024 0.335175
-2.09656 0.332501
-2.09072 0.33199
-2.08488 0.330646
-2.07904 0.329038
-2.0732 0.327854
-2.06736 0.326934
-2.06152 0.327272
-2.05568 0.325451
-2.04984 0.32211
-2.044 0.323884
-2.03816 0.322622
-2.03232 0.323597
-2.02648 0.319828
-2.02064 0.314511
-2.0148 0.313792
-2.00896 0.315439
-2.00312 0.312563
-1.99728 0.308205
-1.99144 0.308202
-1.9856 0.310375
-1.97976 0.308595
-1.97392 0.304322
-1.96808 0.30428
-1.96224 0.303273
-1.9564 0.30291
-1.95056 0.301014
-1.94472 0.298853
-1.93888 0.29842
-1.93304 0.294733
-1.9272 0.292838
-1.92136 0.288684
-1.91552 0.285677
-1.90968 0.285569
-1.90384 0.279437
-1.898 0.278379
-1.89216 0.273237
-1.88632 0.274017
-1.88048 0.267074
-1.87464 0.264565
-1.8688 0.264319
-1.86296 0.260361
-1.85712 0.257076
-1.85128 0.252388
-1.84544 0.250396
-1.8396 0.246058
-1.83376 0.241605
-1.82792 0.238463
-1.82208 0.236858
-1.81624 0.229938
-1.8104 0.227404
-1.80456 0.224263
-1.79872 0.220359
-1.79288 0.219226
-1.78704 0.213906
-1.7812 0.210993
-1.77536 0.205636
-1.76952 0.203096
-1.76368 0.20072
-1.75784 0.196865
-1.752 0.195113
-1.74616 0.190647
-1.74032 0.186718
-1.73448 0.184273
-1.72864 0.179837
-1.7228 0.177408
-1.71696 0.171495
-1.71112 0.167326
-1.70528 0.164812
-1.69944 0.159432
-1.6936 0.159232
-1.68776 0.154721
-1.68192 0.151447
-1.67608 0.146012
-1.67024 0.144038
-1.6644 0.140049
-1.65856 0.13874
-1.65272 0.138122
-1.64688 0.135854
-1.64104 0.132929
-1.6352 0.132763
-1.62936 0.134335
-1.62352 0.133081
-1.61768 0.133837
-1.61184 0.130758
-1.606 0.127298
-1.60016 0.128957
-1.59432 0.12733
-1.58848 0.127965
-1.58264 0.125708
-1.5768 0.127547
-1.57096 0.12971
-1.56512 0.129872
-1.55928 0.12808
-1.55344 0.127567
-1.5476 0.131593
-1.54176 0.131436
-1.53592 0.133723
-1.53008 0.13297
-1.52424 0.130921
-1.5184 0.129686
-1.51256 0.129624
-1.50672 0.13245
-1.50088 0.131765
-1.49504 0.136067
-1.4892 0.133376
-1.48336 0.136441
-1.47752 0.136116
-1.47168 0.139092
-1.46584 0.135341
-1.46 0.137087
-1.45416 0.136038
-1.44832 0.138884
-1.44248 0.13859
-1.43664 0.137721
-1.4308 0.140683
-1.42496 0.143359
-1.41912 0.141505
-1.41328 0.141198
-1.40744 0.143318
-1.4016 0.141676
-1.39576 0.14318
-1.38992 0.141452
-1.38408 0.139709
-1.37824 0.139467
-1.3724 0.139697
-1.36656 0.139568
-1.36072 0.140239
-1.35488 0.142014
-1.34904 0.142758
-1.3432 0.142998
-1.33736 0.145669
-1.33152 0.145287
-1.32568 0.149087
-1.31984 0.151249
-1.314 0.149895
-1.30816 0.157327
-1.30232 0.156787
-1.29648 0.157903
-1.29064 0.161877
-1.2848 0.165859
-1.27896 0.171951
-1.27312 0.174301
-1.26728 0.176153
-1.26144 0.18024
-1.2556 0.181756
-1.24976 0.185351
-1.24392 0.18752
-1.23808 0.190541
-1.23224 0.192029
-1.2264 0.193944
-1.22056 0.197354
-1.21472 0.200203
-1.20888 0.20321
-1.20304 0.207048
-1.1972 0.206588
-1.19136 0.210655
-1.18552 0.216779
-1.17968 0.216698
-1.17384 0.22007
-1.168 0.219106
-1.16216 0.221585
-1.15632 0.223126
-1.15048 0.226593
-1.14464 0.225832
-1.1388 0.233052
-1.13296 0.235458
-1.12712 0.238896
-1.12128 0.241016
-1.11544 0.244014
-1.1096 0.246965
-1.10376 0.251075
-1.09792 0.254299
-1.09208 0.25839
-1.08624 0.254701
-1.0804 0.257541
-1.07456 0.259998
-1.06872 0.263818
-1.06288 0.266128
-1.05704 0.273638
-1.0512 0.274664
-1.04536 0.278268
-1.03952 0.282085
-1.03368 0.284408
-1.02784 0.284599
-1.022 0.287818
-1.01616 0.29058
-1.01032 0.293761
-1.00448 0.295085
-0.99864 0.297034
-0.9928 0.300301
-0.98696 0.304069
-0.98112 0.305975
-0.97528 0.307754
-0.96944 0.311996
-0.9636 0.31204
-0.95776 0.313877
-0.95192 0.316305
-0.94608 0.31501
-0.94024 0.316916
-0.9344 0.318614
-0.92856 0.320868
-0.92272 0.323031
-0.91688 0.326711
-0.91104 0.329128
-0.9052 0.330154
-0.89936 0.333676
-0.89352 0.335833
-0.88768 0.340321
-0.88184 0.342696
-0.876 0.340993
-0.87016 0.346269
-0.86432 0.345419
-0.85848 0.346611
-0.85264 0.348825
-0.8468 0.35119
-0.84096 0.357383
-0.83512 0.357852
-0.82928 0.359344
-0.82344 0.363097
-0.8176 0.364155
-0.81176 0.366102
-0.80592 0.368289
-0.80008 0.369262
-0.79424 0.369719
-0.7884 0.371496
-0.78256 0.37419
-0.77672 0.37545
-0.77088 0.376369
-0.76504 0.379324
-0.7592 0.378468
-0.75336 0.37921
-0.74752 0.380981
-0.74168 0.379942
-0.73584 0.379597
-0.73 0.37924
-0.72416 0.377706
-0.71832 0.376673
-0.71248 0.378132
-0.70664 0.376964
-0.7008 0.378631
-0.69496 0.378092
-0.68912 0.379967
-0.68328 0.378589
-0.67744 0.380288
-0.6716 0.381777
-0.66576 0.383048
-0.65992 0.383043
-0.65408 0.384509
-0.64824 0.382196
-0.6424 0.38333
-0.63656 0.383148
-0.63072 0.384272
-0.62488 0.385226
-0.61904 0.387271
-0.6132 0.387837
-0.60736 0.388106
-0.60152 0.387866
-0.59568 0.387866
-0.58984 0.387866
-0.584 0.387866
-0.57816 0.387866
-0.57232 0.387866
-0.56648 0.387866
-0.56064 0.387866
-0.5548 0.387866
-0.54896 0.387866
-0.54312 0.387866
-0.53728 0.387866
-0.53144 0.387866
-0.5256 0.387866
-0.51976 0.387866
-0.51392 0.387866
-0.50808 0.387866
-0.50224 0.387866
-0.4964 0.387866
-0.49056 0.387866
-0.48472 0.387866
-0.47888 0.387866
-0.47304 0.387866
-0.4672 0.387866
-0.46136 0.387866
-0.45552 0.387866
-0.44968 0.387866
-0.44384 0.387866
-0.438 0.387866
-0.43216 0.387866
-0.42632 0.387866
-0.42048 0.387866
-0.41464 0.387866
-0.4088 0.387866
-0.40296 0.387866
-0.39712 0.387866
-0.39128 0.387866
-0.38544 0.387866
-0.3796 0.387866
-0.37376 0.387866
-0.36792 0.387866
-0.36208 0.387866
-0.35624 0.387866
-0.3504 0.387866
-0.34456 0.387866
-0.33872 0.387866
-0.33288 0.387866
-0.32704 0.387866
-0.3212 0.387866
-0.31536 0.387866
-0.30952 0.387866
-0.30368 0.387866
-0.29784 0.387866
-0.292 0.387866
-0.28616 0.387866
-0.28032 0.387866
-0.27448 0.387866
-0.26864 0.387866
-0.2628 0.387866
-0.25696 0.387866
-0.25112 0.387866
-0.24528 0.387866
-0.23944 0.387866
-0.2336 0.387866
-0.22776 0.387866
-0.22192 0.387866
-0.21608 0.387866
-0.21024 0.387866
-0.2044 0.387866
-0.19856 0.387866
-0.19272 0.387866
-0.18688 0.387866
-0.18104 0.387866
-0.1752 0.387866
-0.16936 0.387866
-0.16352 0.387866
-0.15768 0.387866
-0.15184 0.387866
-0.146 0.387866
-0.14016 0.387866
-0.13432 0.387866
-0.12848 0.387866
-0.12264 0.387866
-0.1168 0.387866
-0.11096 0.387866
-0.10512 0.387866
-0.09928 0.387866
-0.09344 0.387866
-0.0876 0.387866
-0.08176 0.387866
-0.07592 0.387866
-0.07008 0.387866
-0.06424 0.387866
-0.0584 0.387866
-0.05256 0.387866
-0.04672 0.387866
-0.04088 0.387866
-0.03504 0.387866
-0.0292 0.387866
-0.02336 0.387866
-0.01752 0.387866
-0.01168 0.387866
-0.00584 0.387866
