-2.92 0.453047
-2.91416 0.453047
-2.90832 0.453047
-2.90248 0.453047
-2.89664 0.453047
-2.8908 0.453047
-2.88496 0.453047
-2.87912 0.453047
-2.87328 0.453047
-2.86744 0.453047
-2.8616 0.453047
-2.85576 0.453047
-2.84992 0.453047
-2.84408 0.453047
-2.83824 0.453047
-2.8324 0.453047
-2.82656 0.453047
-2.82072 0.453047
-2.81488 0.453047
-2.80904 0.453047
-2.8032 0.453047
-2.79736 0.453047
-2.79152 0.453047
-2.78568 0.453047
-2.77984 0.453047
-2.774 0.453047
-2.76816 0.453047
-2.76232 0.453047
-2.75648 0.453047
-2.75064 0.453047
-2.7448 0.453047
-2.73896 0.453047
-2.73312 0.453047
-2.72728 0.453047
-2.72144 0.453047
-2.7156 0.453047
-2.70976 0.453047
-2.70392 0.453047
-2.69808 0.453047
-2.69224 0.453047
-2.6864 0.453047
-2.68056 0.453047
-2.67472 0.453047
-2.66888 0.453047
-2.66304 0.453047
-2.6572 0.453047
-2.65136 0.453047
-2.64552 0.453047
-2.63968 0.453047
-2.63384 0.453047
-2.628 0.453047
-2.62216 0.453047
-2.61632 0.453047
-2.61048 0.453047
-2.60464 0.453047
-2.5988 0.453047
-2.59296 0.452561
-2.58712 0.451765
-2.58128 0.450835
-2.57544 0.449862
-2.5696 0.448758
-2.56376 0.447565
-2.55792 0.44624
-2.55208 0.444917
-2.54624 0.443593
-2.5404 0.442048
-2.53456 0.440373
-2.52872 0.438697
-2.52288 0.437023
-2.51704 0.435258
-2.5112 0.433404
-2.50536 0.431551
-2.49952 0.429696
-2.49368 0.427843
-2.48784 0.425944
-2.482 0.424133
-2.47616 0.422055
-2.47032 0.419934
-2.46448 0.417599
-2.45864 0.415387
-2.4528 0.413093
-2.44696 0.410837
-2.44112 0.408622
-2.43528 0.406111
-2.42944 0.403942
-2.4236 0.40206
-2.41776 0.399798
-2.41192 0.397499
-2.40608 0.395234
-2.40024 0.393257
-2.3944 0.391025
-2.38856 0.388467
-2.38272 0.386862
-2.37688 0.384128
-2.37104 0.382058
-2.3652 0.379574
-2.35936 0.377584
-2.35352 0.374051
-2.34768 0.372403
-2.34184 0.369997
-2.336 0.368514
-2.33016 0.365735
-2.32432 0.362994
-2.31848 0.362727
-2.31264 0.358812
-2.3068 0.355692
-2.30096 0.353999
-2.29512 0.350291
-2.28928 0.348177
-2.28344 0.347781
-2.2776 0.344828
-2.27176 0.342297
-2.26592 0.33901
-2.26008 0.335888
-2.25424 0.334605
-2.2484 0.331307
-2.24256 0.328475
-2.23672 0.32497
-2.23088 0.32428
-2.22504 0.319426
-2.2192 0.319114
-2.21336 0.314883
-2.20752 0.312302
-2.20168 0.310681
-2.19584 0.306666
-2.19 0.303242
-2.18416 0.300524
-2.17832 0.298234
-2.17248 0.294591
-2.16664 0.292336
-2.1608 0.288224
-2.15496 0.285051
-2.14912 0.283007
-2.14328 0.278937
-2.13744 0.277193
-2.1316 0.273511
-2.12576 0.27109
-2.11992 0.269426
-2.11408 0.267566
-2.10824 0.262534
-2.1024 0.262732
-2.09656 0.26099
-2.09072 0.257473
-2.08488 0.255567
-2.07904 0.253187
-2.0732 0.252163
-2.06736 0.248608
-2.06152 0.245729
-2.05568 0.245903
-2.04984 0.244957
-2.044 0.242499
-2.03816 0.240558
-2.03232 0.24152
-2.02648 0.2391
-2.02064 0.236717
-2.0148 0.236804
-2.00896 0.234473
-2.00312 0.230955
-1.99728 0.230986
-1.99144 0.228149
-1.9856 0.229065
-1.97976 0.228823
-1.97392 0.229376
-1.96808 0.227077
-1.96224 0.224657
-1.9564 0.221969
-1.95056 0.222041
-1.94472 0.223224
-1.93888 0.222593
-1.93304 0.217411
-1.9272 0.216344
-1.92136 0.21438
-1.91552 0.214163
-1.90968 0.211218
-1.90384 0.209678
-1.898 0.208044
-1.89216 0.208845
-1.88632 0.204187
-1.88048 0.202116
-1.87464 0.197736
-1.8688 0.196604
-1.86296 0.191841
-1.85712 0.192733
-1.85128 0.191378
-1.84544 0.189996
-1.8396 0.185348
-1.83376 0.184435
-1.82792 0.183262
-1.82208 0.183559
-1.81624 0.181262
-1.8104 0.17756
-1.80456 0.176751
-1.79872 0.169709
-1.79288 0.172112
-1.78704 0.168605
-1.7812 0.163573
-1.77536 0.166969
-1.76952 0.160031
-1.76368 0.15923
-1.75784 0.160811
-1.752 0.159185
-1.74616 0.156571
-1.74032 0.150685
-1.73448 0.15141
-1.72864 0.149349
-1.7228 0.146105
-1.71696 0.143619
-1.71112 0.142519
-1.70528 0.138091
-1.69944 0.135811
-1.6936 0.140114
-1.68776 0.134201
-1.68192 0.13309
-1.67608 0.132534
-1.67024 0.129063
-1.6644 0.127903
-1.65856 0.12838
-1.65272 0.12735
-1.64688 0.127447
-1.64104 0.125003
-1.6352 0.126337
-1.62936 0.126963
-1.62352 0.12736
-1.61768 0.127676
-1.61184 0.12768
-1.606 0.127172
-1.60016 0.132848
-1.59432 0.130636
-1.58848 0.130785
-1.58264 0.131573
-1.5768 0.133823
-1.57096 0.135405
-1.56512 0.135302
-1.55928 0.138214
-1.55344 0.137024
-1.5476 0.142137
-1.54176 0.146039
-1.53592 0.144781
-1.53008 0.147334
-1.52424 0.143851
-1.5184 0.148384
-1.51256 0.151126
-1.50672 0.154383
-1.50088 0.154167
-1.49504 0.153308
-1.4892 0.159915
-1.48336 0.162128
-1.47752 0.162372
-1.47168 0.163441
-1.46584 0.16656
-1.46 0.168817
-1.45416 0.168061
-1.44832 0.171495
-1.44248 0.173419
-1.43664 0.177198
-1.4308 0.177507
-1.42496 0.178711
-1.41912 0.182107
-1.41328 0.18203
-1.40744 0.184253
-1.4016 0.183684
-1.39576 0.185696
-1.38992 0.188153
-1.38408 0.187814
-1.37824 0.186939
-1.3724 0.189172
-1.36656 0.191461
-1.36072 0.188951
-1.35488 0.194514
-1.34904 0.195844
-1.3432 0.197102
-1.33736 0.200278
-1.33152 0.203592
-1.32568 0.205457
-1.31984 0.210027
-1.314 0.208217
-1.30816 0.213884
-1.30232 0.213556
-1.29648 0.219636
-1.29064 0.220597
-1.2848 0.222819
-1.27896 0.230894
-1.27312 0.233468
-1.26728 0.235663
-1.26144 0.235226
-1.2556 0.243292
-1.24976 0.246904
-1.24392 0.250743
-1.23808 0.252602
-1.23224 0.254217
-1.2264 0.259192
-1.22056 0.26058
-1.21472 0.265311
-1.20888 0.264507
-1.20304 0.268996
-1.1972 0.272101
-1.19136 0.274784
-1.18552 0.280315
-1.17968 0.279686
-1.17384 0.281103
-1.168 0.28253
-1.16216 0.286933
-1.15632 0.286541
-1.15048 0.288627
-1.14464 0.289252
-1.1388 0.295894
-1.13296 0.296212
-1.12712 0.300088
-1.12128 0.302442
-1.11544 0.305271
-1.1096 0.310715
-1.10376 0.309779
-1.09792 0.313408
-1.09208 0.316166
-1.08624 0.314238
-1.0804 0.318492
-1.07456 0.320908
-1.06872 0.324634
-1.06288 0.326776
-1.05704 0.331386
-1.0512 0.334619
-1.04536 0.33803
-1.03952 0.337273
-1.03368 0.341819
-1.02784 0.343462
-1.022 0.345493
-1.01616 0.347882
-1.01032 0.351369
-1.00448 0.353475
-0.99864 0.356155
-0.9928 0.358551
-0.98696 0.359294
-0.98112 0.36338
-0.97528 0.365895
-0.96944 0.367046
-0.9636 0.370181
-0.95776 0.37301
-0.95192 0.373976
-0.94608 0.373514
-0.94024 0.375838
-0.9344 0.377936
-0.92856 0.382525
-0.92272 0.38123
-0.91688 0.385766
-0.91104 0.388891
-0.9052 0.391554
-0.89936 0.394712
-0.89352 0.398747
-0.88768 0.40135
-0.88184 0.404338
-0.876 0.404213
-0.87016 0.408511
-0.86432 0.40716
-0.85848 0.410055
-0.85264 0.411386
-0.8468 0.415572
-0.84096 0.421539
-0.83512 0.424254
-0.82928 0.42648
-0.82344 0.427409
-0.8176 0.430043
-0.81176 0.432295
-0.80592 0.434931
-0.80008 0.435538
-0.79424 0.43864
-0.7884 0.43986
-0.78256 0.441463
-0.77672 0.444626
-0.77088 0.445558
-0.76504 0.448273
-0.7592 0.448745
-0.75336 0.449534
-0.74752 0.452333
-0.74168 0.451053
-0.73584 0.451852
-0.73 0.453289
-0.72416 0.451556
-0.71832 0.450908
-0.71248 0.453525
-0.70664 0.453129
-0.7008 0.455195
-0.69496 0.454981
-0.68912 0.456049
-0.68328 0.456445
-0.67744 0.458368
-0.6716 0.459649
-0.66576 0.461059
-0.65992 0.460777
-0.65408 0.462872
-0.64824 0.460442
-0.6424 0.461833
-0.63656 0.462134
-0.63072 0.463314
-0.62488 0.464617
-0.61904 0.46709
-0.6132 0.467631
-0.60736 0.468031
-0.60152 0.467751
-0.59568 0.467751
-0.58984 0.467751
-0.584 0.467751
-0.57816 0.467751
-0.57232 0.467751
-0.56648 0.467751
-0.56064 0.467751
-0.5548 0.467751
-0.54896 0.467751
-0.54312 0.467751
-0.53728 0.467751
-0.53144 0.467751
-0.5256 0.467751
-0.51976 0.467751
-0.51392 0.467751
-0.50808 0.467751
-0.50224 0.467751
-0.4964 0.467751
-0.49056 0.467751
-0.48472 0.467751
-0.47888 0.467751
-0.47304 0.467751
-0.4672 0.467751
-0.46136 0.467751
-0.45552 0.467751
-0.44968 0.467751
-0.44384 0.467751
-0.438 0.467751
-0.43216 0.467751
-0.42632 0.467751
-0.42048 0.467751
-0.41464 0.467751
-0.4088 0.467751
-0.40296 0.467751
-0.39712 0.467751
-0.39128 0.467751
-0.38544 0.467751
-0.3796 0.467751
-0.37376 0.467751
-0.36792 0.467751
-0.36208 0.467751
-0.35624 0.467751
-0.3504 0.467751
-0.34456 0.467751
-0.33872 0.467751
-0.33288 0.467751
-0.32704 0.467751
-0.3212 0.467751
-0.31536 0.467751
-0.30952 0.467751
-0.30368 0.467751
-0.29784 0.467751
-0.292 0.467751
-0.28616 0.467751
-0.28032 0.467751
-0.27448 0.467751
-0.26864 0.467751
-0.2628 0.467751
-0.25696 0.467751
-0.25112 0.467751
-0.24528 0.467751
-0.23944 0.467751
-0.2336 0.467751
-0.22776 0.467751
-0.22192 0.467751
-0.21608 0.467751
-0.21024 0.467751
-0.2044 0.467751
-0.19856 0.467751
-0.19272 0.467751
-0.18688 0.467751
-0.18104 0.467751
-0.1752 0.467751
-0.16936 0.467751
-0.16352 0.467751
-0.15768 0.467751
-0.15184 0.467751
-0.146 0.467751
-0.14016 0.467751
-0.13432 0.467751
-0.12848 0.467751
-0.12264 0.467751
-0.1168 0.467751
-0.11096 0.467751
-0.10512 0.467751
-0.09928 0.467751
-0.09344 0.467751
-0.0876 0.467751
-0.08176 0.467751
-0.07592 0.467751
-0.07008 0.467751
-0.06424 0.467751
-0.0584 0.467751
-0.05256 0.467751
-0.04672 0.467751
-0.04088 0.467751
-0.03504 0.467751
-0.0292 0.467751
-0.02336 0.467751
-0.01752 0.467751
-0.01168 0.467751
-0.00584 0.467751
