-2.92 0.419888
-2.91416 0.419888
-2.90832 0.419888
-2.90248 0.419888
-2.89664 0.419888
-2.8908 0.419888
-2.88496 0.419888
-2.87912 0.419888
-2.87328 0.419888
-2.86744 0.419888
-2.8616 0.419888
-2.85576 0.419888
-2.84992 0.419888
-2.84408 0.419888
-2.83824 0.419888
-2.8324 0.419888
-2.82656 0.419888
-2.82072 0.419888
-2.81488 0.419888
-2.80904 0.419888
-2.8032 0.419888
-2.79736 0.419888
-2.79152 0.419888
-2.78568 0.419888
-2.77984 0.419888
-2.774 0.419888
-2.76816 0.419888
-2.76232 0.419888
-2.75648 0.419888
-2.75064 0.419888
-2.7448 0.419888
-2.73896 0.419888
-2.73312 0.419888
-2.72728 0.419888
-2.72144 0.419888
-2.7156 0.419888
-2.70976 0.419888
-2.70392 0.419888
-2.69808 0.419888
-2.69224 0.419888
-2.6864 0.419888
-2.68056 0.419888
-2.67472 0.419888
-2.66888 0.419888
-2.66304 0.419888
-2.6572 0.419888
-2.65136 0.419888
-2.64552 0.419888
-2.63968 0.419888
-2.63384 0.419888
-2.628 0.419888
-2.62216 0.419888
-2.61632 0.419888
-2.61048 0.419888
-2.60464 0.419888
-2.5988 0.419888
-2.59296 0.419398
-2.58712 0.41869
-2.58128 0.417892
-2.57544 0.416963
-2.5696 0.415945
-2.56376 0.414838
-2.55792 0.413685
-2.55208 0.41249
-2.54624 0.411249
-2.5404 0.409874
-2.53456 0.408412
-2.52872 0.40695
-2.52288 0.405531
-2.51704 0.404068
-2.5112 0.402473
-2.50536 0.40079
-2.49952 0.399105
-2.49368 0.397378
-2.48784 0.395864
-2.482 0.394306
-2.47616 0.392608
-2.47032 0.390904
-2.46448 0.389652
-2.45864 0.386941
-2.4528 0.385982
-2.44696 0.383522
-2.44112 0.381932
-2.43528 0.379465
-2.42944 0.378671
-2.4236 0.375913
-2.41776 0.375823
-2.41192 0.372774
-2.40608 0.370347
-2.40024 0.368799
-2.3944 0.366077
-2.38856 0.364737
-2.38272 0.362768
-2.37688 0.359874
-2.37104 0.358152
-2.3652 0.355429
-2.35936 0.354163
-2.35352 0.352652
-2.34768 0.349875
-2.34184 0.347057
-2.336 0.345997
-2.33016 0.343393
-2.32432 0.341196
-2.31848 0.339464
-2.31264 0.337309
-2.3068 0.33528
-2.30096 0.332291
-2.29512 0.329891
-2.28928 0.328744
-2.28344 0.32726
-2.2776 0.325225
-2.27176 0.322495
-2.26592 0.322527
-2.26008 0.319368
-2.25424 0.317339
-2.2484 0.318159
-2.24256 0.316001
-2.23672 0.313722
-2.23088 0.313966
-2.22504 0.313318
-2.2192 0.309989
-2.21336 0.310267
-2.20752 0.309844
-2.20168 0.308061
-2.19584 0.306118
-2.19 0.305692
-2.18416 0.304037
-2.17832 0.30356
-2.17248 0.303598
-2.16664 0.300252
-2.1608 0.301047
-2.15496 0.299102
-2.14912 0.29842
-2.14328 0.295587
-2.13744 0.295954
-2.1316 0.294472
-2.12576 0.292982
-2.11992 0.294031
-2.11408 0.293475
-2.10824 0.29249
-2.1024 0.291084
-2.09656 0.289469
-2.09072 0.288146
-2.08488 0.288734
-2.07904 0.289364
-2.0732 0.288001
-2.06736 0.28605
-2.06152 0.288024
-2.05568 0.284298
-2.04984 0.286927
-2.044 0.28756
-2.03816 0.283789
-2.03232 0.282901
-2.02648 0.282423
-2.02064 0.282292
-2.0148 0.280806
-2.00896 0.280092
-2.00312 0.282275
-1.99728 0.280412
-1.99144 0.280417
-1.9856 0.281161
-1.97976 0.279515
-1.97392 0.27726
-1.96808 0.278791
-1.96224 0.276796
-1.9564 0.273967
-1.95056 0.276966
-1.94472 0.27385
-1.93888 0.272351
-1.93304 0.270589
-1.9272 0.271359
-1.92136 0.26678
-1.91552 0.263862
-1.90968 0.263982
-1.90384 0.262004
-1.898 0.259049
-1.89216 0.25715
-1.88632 0.255111
-1.88048 0.251181
-1.87464 0.251521
-1.8688 0.250296
-1.86296 0.242378
-1.85712 0.242298
-1.85128 0.241091
-1.84544 0.237159
-1.8396 0.234612
-1.83376 0.230855
-1.82792 0.227347
-1.82208 0.223472
-1.81624 0.220088
-1.8104 0.220332
-1.80456 0.216351
-1.79872 0.215042
-1.79288 0.210275
-1.78704 0.207582
-1.7812 0.205645
-1.77536 0.201689
-1.76952 0.197552
-1.76368 0.194494
-1.75784 0.193697
-1.752 0.191579
-1.74616 0.18433
-1.74032 0.184446
-1.73448 0.180117
-1.72864 0.175726
-1.7228 0.172133
-1.71696 0.171285
-1.71112 0.164396
-1.70528 0.163765
-1.69944 0.160896
-1.6936 0.15832
-1.68776 0.156597
-1.68192 0.150487
-1.67608 0.146567
-1.67024 0.14788
-1.6644 0.144052
-1.65856 0.141157
-1.65272 0.142612
-1.64688 0.14027
-1.64104 0.135985
-1.6352 0.139414
-1.62936 0.138434
-1.62352 0.138253
-1.61768 0.134589
-1.61184 0.139552
-1.606 0.135743
-1.60016 0.134972
-1.59432 0.13665
-1.58848 0.135161
-1.58264 0.136525
-1.5768 0.136754
-1.57096 0.133551
-1.56512 0.135778
-1.55928 0.137586
-1.55344 0.138634
-1.5476 0.139124
-1.54176 0.138892
-1.53592 0.138694
-1.53008 0.141322
-1.52424 0.139804
-1.5184 0.139123
-1.51256 0.139425
-1.50672 0.140833
-1.50088 0.139759
-1.49504 0.144036
-1.4892 0.145324
-1.48336 0.14383
-1.47752 0.145177
-1.47168 0.145849
-1.46584 0.144028
-1.46 0.148374
-1.45416 0.149215
-1.44832 0.145443
-1.44248 0.150248
-1.43664 0.151491
-1.4308 0.150199
-1.42496 0.151141
-1.41912 0.152447
-1.41328 0.153612
-1.40744 0.152165
-1.4016 0.151939
-1.39576 0.154582
-1.38992 0.156784
-1.38408 0.148232
-1.37824 0.151925
-1.3724 0.153576
-1.36656 0.154075
-1.36072 0.1566
-1.35488 0.154871
-1.34904 0.154324
-1.3432 0.156353
-1.33736 0.158517
-1.33152 0.161281
-1.32568 0.166629
-1.31984 0.166119
-1.314 0.167301
-1.30816 0.166634
-1.30232 0.171765
-1.29648 0.17579
-1.29064 0.175624
-1.2848 0.179999
-1.27896 0.184728
-1.27312 0.186303
-1.26728 0.19361
-1.26144 0.193313
-1.2556 0.196711
-1.24976 0.200727
-1.24392 0.207027
-1.23808 0.203408
-1.23224 0.208685
-1.2264 0.212383
-1.22056 0.21645
-1.21472 0.215345
-1.20888 0.220749
-1.20304 0.22234
-1.1972 0.225695
-1.19136 0.231546
-1.18552 0.233172
-1.17968 0.235117
-1.17384 0.237664
-1.168 0.240561
-1.16216 0.238559
-1.15632 0.242096
-1.15048 0.244425
-1.14464 0.244945
-1.1388 0.247174
-1.13296 0.249673
-1.12712 0.255466
-1.12128 0.258254
-1.11544 0.261074
-1.1096 0.264236
-1.10376 0.268323
-1.09792 0.269606
-1.09208 0.274469
-1.08624 0.272527
-1.0804 0.274962
-1.07456 0.279159
-1.06872 0.278179
-1.06288 0.282911
-1.05704 0.292018
-1.0512 0.292659
-1.04536 0.293234
-1.03952 0.295654
-1.03368 0.298214
-1.02784 0.300642
-1.022 0.304613
-1.01616 0.30596
-1.01032 0.306274
-1.00448 0.313394
-0.99864 0.314446
-0.9928 0.315986
-0.98696 0.317374
-0.98112 0.320755
-0.97528 0.323463
-0.96944 0.32479
-0.9636 0.325624
-0.95776 0.331028
-0.95192 0.332779
-0.94608 0.327824
-0.94024 0.332025
-0.9344 0.33604
-0.92856 0.337162
-0.92272 0.339798
-0.91688 0.340018
-0.91104 0.342855
-0.9052 0.346378
-0.89936 0.349826
-0.89352 0.35219
-0.88768 0.356422
-0.88184 0.356721
-0.876 0.358197
-0.87016 0.35882
-0.86432 0.359356
-0.85848 0.362955
-0.85264 0.36406
-0.8468 0.367066
-0.84096 0.371144
-0.83512 0.372844
-0.82928 0.374617
-0.82344 0.376185
-0.8176 0.377747
-0.81176 0.379823
-0.80592 0.38349
-0.80008 0.382439
-0.79424 0.384756
-0.7884 0.386691
-0.78256 0.388374
-0.77672 0.388843
-0.77088 0.391614
-0.76504 0.393002
-0.7592 0.394224
-0.75336 0.394494
-0.74752 0.394527
-0.74168 0.394681
-0.73584 0.395151
-0.73 0.392701
-0.72416 0.391632
-0.71832 0.391226
-0.71248 0.392722
-0.70664 0.39101
-0.7008 0.393365
-0.69496 0.392509
-0.68912 0.394278
-0.68328 0.392642
-0.67744 0.395271
-0.6716 0.396339
-0.66576 0.396895
-0.65992 0.396685
-0.65408 0.398481
-0.64824 0.396262
-0.6424 0.397098
-0.63656 0.397129
-0.63072 0.398135
-0.62488 0.399129
-0.61904 0.401134
-0.6132 0.401529
-0.60736 0.401753
-0.60152 0.401429
-0.59568 0.401429
-0.58984 0.401429
-0.584 0.401429
-0.57816 0.401429
-0.57232 0.401429
-0.56648 0.401429
-0.56064 0.401429
-0.5548 0.401429
-0.54896 0.401429
-0.54312 0.401429
-0.53728 0.401429
-0.53144 0.401429
-0.5256 0.401429
-0.51976 0.401429
-0.51392 0.401429
-0.50808 0.401429
-0.50224 0.401429
-0.4964 0.401429
-0.49056 0.401429
-0.48472 0.401429
-0.47888 0.401429
-0.47304 0.401429
-0.4672 0.401429
-0.46136 0.401429
-0.45552 0.401429
-0.44968 0.401429
-0.44384 0.401429
-0.438 0.401429
-0.43216 0.401429
-0.42632 0.401429
-0.42048 0.401429
-0.41464 0.401429
-0.4088 0.401429
-0.40296 0.401429
-0.39712 0.401429
-0.39128 0.401429
-0.38544 0.401429
-0.3796 0.401429
-0.37376 0.401429
-0.36792 0.401429
-0.36208 0.401429
-0.35624 0.401429
-0.3504 0.401429
-0.34456 0.401429
-0.33872 0.401429
-0.33288 0.401429
-0.32704 0.401429
-0.3212 0.401429
-0.31536 0.401429
-0.30952 0.401429
-0.30368 0.401429
-0.29784 0.401429
-0.292 0.401429
-0.28616 0.401429
-0.28032 0.401429
-0.27448 0.401429
-0.26864 0.401429
-0.2628 0.401429
-0.25696 0.401429
-0.25112 0.401429
-0.24528 0.401429
-0.23944 0.401429
-0.2336 0.401429
-0.22776 0.401429
-0.22192 0.401429
-0.21608 0.401429
-0.21024 0.401429
-0.2044 0.401429
-0.19856 0.401429
-0.19272 0.401429
-0.18688 0.401429
-0.18104 0.401429
-0.1752 0.401429
-0.16936 0.401429
-0.16352 0.401429
-0.15768 0.401429
-0.15184 0.401429
-0.146 0.401429
-0.14016 0.401429
-0.13432 0.401429
-0.12848 0.401429
-0.12264 0.401429
-0.1168 0.401429
-0.11096 0.401429
-0.10512 0.401429
-0.09928 0.401429
-0.09344 0.401429
-0.0876 0.401429
-0.08176 0.401429
-0.07592 0.401429
-0.07008 0.401429
-0.06424 0.401429
-0.0584 0.401429
-0.05256 0.401429
-0.04672 0.401429
-0.04088 0.401429
-0.03504 0.401429
-0.0292 0.401429
-0.02336 0.401429
-0.01752 0.401429
-0.01168 0.401429
-0.00584 0.401429
