-2.92 0.504506
-2.91416 0.504506
-2.90832 0.504506
-2.90248 0.504506
-2.89664 0.504506
-2.8908 0.504506
-2.88496 0.504506
-2.87912 0.504506
-2.87328 0.504506
-2.86744 0.504506
-2.8616 0.504506
-2.85576 0.504506
-2.84992 0.504506
-2.84408 0.504506
-2.83824 0.504506
-2.8324 0.504506
-2.82656 0.504506
-2.82072 0.504506
-2.81488 0.504506
-2.80904 0.504506
-2.8032 0.504506
-2.79736 0.504506
-2.79152 0.504506
-2.78568 0.504506
-2.77984 0.504506
-2.774 0.504506
-2.76816 0.504506
-2.76232 0.504506
-2.75648 0.504506
-2.75064 0.504506
-2.7448 0.504506
-2.73896 0.504506
-2.73312 0.504506
-2.72728 0.504506
-2.72144 0.504506
-2.7156 0.504506
-2.70976 0.504506
-2.70392 0.504506
-2.69808 0.504506
-2.69224 0.504506
-2.6864 0.504506
-2.68056 0.504506
-2.67472 0.504506
-2.66888 0.504506
-2.66304 0.504506
-2.6572 0.504506
-2.65136 0.504506
-2.64552 0.504506
-2.63968 0.504506
-2.63384 0.504506
-2.628 0.504506
-2.62216 0.504506
-2.61632 0.504506
-2.61048 0.504506
-2.60464 0.504506
-2.5988 0.504506
-2.59296 0.503931
-2.58712 0.50322
-2.58128 0.50242
-2.57544 0.501486
-2.5696 0.50042
-2.56376 0.499305
-2.55792 0.498056
-2.55208 0.496765
-2.54624 0.495473
-2.5404 0.493959
-2.53456 0.492357
-2.52872 0.490626
-2.52288 0.488984
-2.51704 0.487124
-2.5112 0.485267
-2.50536 0.483281
-2.49952 0.481748
-2.49368 0.480954
-2.48784 0.479498
-2.482 0.478299
-2.47616 0.478156
-2.47032 0.476198
-2.46448 0.475553
-2.45864 0.473262
-2.4528 0.471505
-2.44696 0.46942
-2.44112 0.468114
-2.43528 0.466179
-2.42944 0.463424
-2.4236 0.461734
-2.41776 0.459716
-2.41192 0.457773
-2.40608 0.455623
-2.40024 0.453185
-2.3944 0.450946
-2.38856 0.449587
-2.38272 0.446188
-2.37688 0.444661
-2.37104 0.440843
-2.3652 0.43955
-2.35936 0.437964
-2.35352 0.434636
-2.34768 0.434014
-2.34184 0.430724
-2.336 0.428561
-2.33016 0.429606
-2.32432 0.423564
-2.31848 0.422838
-2.31264 0.421085
-2.3068 0.417617
-2.30096 0.415529
-2.29512 0.414104
-2.28928 0.409598
-2.28344 0.409039
-2.2776 0.405604
-2.27176 0.40289
-2.26592 0.400471
-2.26008 0.396828
-2.25424 0.394605
-2.2484 0.391248
-2.24256 0.387972
-2.23672 0.38549
-2.23088 0.382839
-2.22504 0.379112
-2.2192 0.374324
-2.21336 0.371301
-2.20752 0.369607
-2.20168 0.364944
-2.19584 0.360746
-2.19 0.356957
-2.18416 0.354637
-2.17832 0.351476
-2.17248 0.347225
-2.16664 0.342641
-2.1608 0.34007
-2.15496 0.337119
-2.14912 0.332488
-2.14328 0.32564
-2.13744 0.32302
-2.1316 0.319099
-2.12576 0.31527
-2.11992 0.310893
-2.11408 0.307518
-2.10824 0.302178
-2.1024 0.299595
-2.09656 0.295346
-2.09072 0.28971
-2.08488 0.285369
-2.07904 0.282914
-2.0732 0.278411
-2.06736 0.273823
-2.06152 0.268574
-2.05568 0.264991
-2.04984 0.26045
-2.044 0.255238
-2.03816 0.251065
-2.03232 0.246349
-2.02648 0.241585
-2.02064 0.238798
-2.0148 0.233405
-2.00896 0.229545
-2.00312 0.226387
-1.99728 0.22335
-1.99144 0.220546
-1.9856 0.216125
-1.97976 0.215275
-1.97392 0.212383
-1.96808 0.209824
-1.96224 0.208547
-1.9564 0.203499
-1.95056 0.204914
-1.94472 0.202248
-1.93888 0.20095
-1.93304 0.201714
-1.9272 0.198931
-1.92136 0.198305
-1.91552 0.195055
-1.90968 0.19562
-1.90384 0.193869
-1.898 0.193779
-1.89216 0.192414
-1.88632 0.194016
-1.88048 0.194457
-1.87464 0.192212
-1.8688 0.193302
-1.86296 0.19055
-1.85712 0.192997
-1.85128 0.19107
-1.84544 0.191279
-1.8396 0.190063
-1.83376 0.189854
-1.82792 0.190453
-1.82208 0.191617
-1.81624 0.189582
-1.8104 0.194896
-1.80456 0.190355
-1.79872 0.191246
-1.79288 0.191969
-1.78704 0.192847
-1.7812 0.193427
-1.77536 0.196749
-1.76952 0.199251
-1.76368 0.197791
-1.75784 0.194775
-1.752 0.197094
-1.74616 0.200368
-1.74032 0.199066
-1.73448 0.20104
-1.72864 0.201145
-1.7228 0.20256
-1.71696 0.204076
-1.71112 0.203288
-1.70528 0.207317
-1.69944 0.2082
-1.6936 0.206381
-1.68776 0.208421
-1.68192 0.211725
-1.67608 0.207728
-1.67024 0.212308
-1.6644 0.210753
-1.65856 0.210199
-1.65272 0.212897
-1.64688 0.211704
-1.64104 0.210577
-1.6352 0.213194
-1.62936 0.21087
-1.62352 0.212804
-1.61768 0.213786
-1.61184 0.213044
-1.606 0.222502
-1.60016 0.219799
-1.59432 0.222817
-1.58848 0.228422
-1.58264 0.226009
-1.5768 0.229249
-1.57096 0.22958
-1.56512 0.234962
-1.55928 0.23437
-1.55344 0.239589
-1.5476 0.243487
-1.54176 0.250021
-1.53592 0.248511
-1.53008 0.249634
-1.52424 0.252306
-1.5184 0.25823
-1.51256 0.263142
-1.50672 0.26233
-1.50088 0.26591
-1.49504 0.270048
-1.4892 0.272059
-1.48336 0.270713
-1.47752 0.273787
-1.47168 0.277377
-1.46584 0.277877
-1.46 0.281417
-1.45416 0.287299
-1.44832 0.29184
-1.44248 0.296809
-1.43664 0.296663
-1.4308 0.299837
-1.42496 0.299445
-1.41912 0.302024
-1.41328 0.306874
-1.40744 0.308243
-1.4016 0.312537
-1.39576 0.315736
-1.38992 0.318055
-1.38408 0.324845
-1.37824 0.322084
-1.3724 0.327714
-1.36656 0.325294
-1.36072 0.326368
-1.35488 0.330895
-1.34904 0.333559
-1.3432 0.334206
-1.33736 0.341645
-1.33152 0.350739
-1.32568 0.351404
-1.31984 0.350512
-1.314 0.355802
-1.30816 0.35491
-1.30232 0.361541
-1.29648 0.362546
-1.29064 0.369308
-1.2848 0.370791
-1.27896 0.373413
-1.27312 0.372705
-1.26728 0.378693
-1.26144 0.378737
-1.2556 0.379286
-1.24976 0.384121
-1.24392 0.388207
-1.23808 0.387434
-1.23224 0.393826
-1.2264 0.394968
-1.22056 0.397428
-1.21472 0.401216
-1.20888 0.402668
-1.20304 0.404886
-1.1972 0.409742
-1.19136 0.409218
-1.18552 0.411289
-1.17968 0.411849
-1.17384 0.414791
-1.168 0.424717
-1.16216 0.42327
-1.15632 0.424282
-1.15048 0.426987
-1.14464 0.425059
-1.1388 0.426626
-1.13296 0.427548
-1.12712 0.430663
-1.12128 0.431841
-1.11544 0.43466
-1.1096 0.438564
-1.10376 0.44146
-1.09792 0.440869
-1.09208 0.440295
-1.08624 0.440984
-1.0804 0.445078
-1.07456 0.449839
-1.06872 0.444848
-1.06288 0.447491
-1.05704 0.452309
-1.0512 0.451193
-1.04536 0.445842
-1.03952 0.448623
-1.03368 0.446895
-1.02784 0.445591
-1.022 0.443374
-1.01616 0.447144
-1.01032 0.44712
-1.00448 0.448591
-0.99864 0.442399
-0.9928 0.443829
-0.98696 0.438912
-0.98112 0.438585
-0.97528 0.443262
-0.96944 0.439481
-0.9636 0.438314
-0.95776 0.438454
-0.95192 0.440142
-0.94608 0.441687
-0.94024 0.435251
-0.9344 0.436918
-0.92856 0.433008
-0.92272 0.432596
-0.91688 0.432354
-0.91104 0.429515
-0.9052 0.428541
-0.89936 0.432645
-0.89352 0.433609
-0.88768 0.4311
-0.88184 0.431683
-0.876 0.432833
-0.87016 0.429082
-0.86432 0.432592
-0.85848 0.430539
-0.85264 0.431594
-0.8468 0.430105
-0.84096 0.42891
-0.83512 0.428846
-0.82928 0.426698
-0.82344 0.425309
-0.8176 0.423941
-0.81176 0.425356
-0.80592 0.42456
-0.80008 0.423632
-0.79424 0.423762
-0.7884 0.423344
-0.78256 0.424663
-0.77672 0.425121
-0.77088 0.424755
-0.76504 0.424757
-0.7592 0.42508
-0.75336 0.424829
-0.74752 0.424303
-0.74168 0.424501
-0.73584 0.425963
-0.73 0.426511
-0.72416 0.428551
-0.71832 0.428471
-0.71248 0.42949
-0.70664 0.430206
-0.7008 0.430249
-0.69496 0.431199
-0.68912 0.432445
-0.68328 0.433657
-0.67744 0.437928
-0.6716 0.43956
-0.66576 0.44047
-0.65992 0.442015
-0.65408 0.441465
-0.64824 0.443373
-0.6424 0.446226
-0.63656 0.446908
-0.63072 0.447201
-0.62488 0.447404
-0.61904 0.448014
-0.6132 0.446779
-0.60736 0.446006
-0.60152 0.446529
-0.59568 0.446529
-0.58984 0.446529
-0.584 0.446529
-0.57816 0.446529
-0.57232 0.446529
-0.56648 0.446529
-0.56064 0.446529
-0.5548 0.446529
-0.54896 0.446529
-0.54312 0.446529
-0.53728 0.446529
-0.53144 0.446529
-0.5256 0.446529
-0.51976 0.446529
-0.51392 0.446529
-0.50808 0.446529
-0.50224 0.446529
-0.4964 0.446529
-0.49056 0.446529
-0.48472 0.446529
-0.47888 0.446529
-0.47304 0.446529
-0.4672 0.446529
-0.46136 0.446529
-0.45552 0.446529
-0.44968 0.446529
-0.44384 0.446529
-0.438 0.446529
-0.43216 0.446529
-0.42632 0.446529
-0.42048 0.446529
-0.41464 0.446529
-0.4088 0.446529
-0.40296 0.446529
-0.39712 0.446529
-0.39128 0.446529
-0.38544 0.446529
-0.3796 0.446529
-0.37376 0.446529
-0.36792 0.446529
-0.36208 0.446529
-0.35624 0.446529
-0.3504 0.446529
-0.34456 0.446529
-0.33872 0.446529
-0.33288 0.446529
-0.32704 0.446529
-0.3212 0.446529
-0.31536 0.446529
-0.30952 0.446529
-0.30368 0.446529
-0.29784 0.446529
-0.292 0.446529
-0.28616 0.446529
-0.28032 0.446529
-0.27448 0.446529
-0.26864 0.446529
-0.2628 0.446529
-0.25696 0.446529
-0.25112 0.446529
-0.24528 0.446529
-0.23944 0.446529
-0.2336 0.446529
-0.22776 0.446529
-0.22192 0.446529
-0.21608 0.446529
-0.21024 0.446529
-0.2044 0.446529
-0.19856 0.446529
-0.19272 0.446529
-0.18688 0.446529
-0.18104 0.446529
-0.1752 0.446529
-0.16936 0.446529
-0.16352 0.446529
-0.15768 0.446529
-0.15184 0.446529
-0.146 0.446529
-0.14016 0.446529
-0.13432 0.446529
-0.12848 0.446529
-0.12264 0.446529
-0.1168 0.446529
-0.11096 0.446529
-0.10512 0.446529
-0.09928 0.446529
-0.09344 0.446529
-0.0876 0.446529
-0.08176 0.446529
-0.07592 0.446529
-0.07008 0.446529
-0.06424 0.446529
-0.0584 0.446529
-0.05256 0.446529
-0.04672 0.446529
-0.04088 0.446529
-0.03504 0.446529
-0.0292 0.446529
-0.02336 0.446529
-0.01752 0.446529
-0.01168 0.446529
-0.00584 0.446529
