-2.92 0.473612
-2.91416 0.473612
-2.90832 0.473612
-2.90248 0.473612
-2.89664 0.473612
-2.8908 0.473612
-2.88496 0.473612
-2.87912 0.473612
-2.87328 0.473612
-2.86744 0.473612
-2.8616 0.473612
-2.85576 0.473612
-2.84992 0.473612
-2.84408 0.473612
-2.83824 0.473612
-2.8324 0.473612
-2.82656 0.473612
-2.82072 0.473612
-2.81488 0.473612
-2.80904 0.473612
-2.8032 0.473612
-2.79736 0.473612
-2.79152 0.473612
-2.78568 0.473612
-2.77984 0.473612
-2.774 0.473612
-2.76816 0.473612
-2.76232 0.473612
-2.75648 0.473612
-2.75064 0.473612
-2.7448 0.473612
-2.73896 0.473612
-2.73312 0.473612
-2.72728 0.473612
-2.72144 0.473612
-2.7156 0.473612
-2.70976 0.473612
-2.70392 0.473612
-2.69808 0.473612
-2.69224 0.473612
-2.6864 0.473612
-2.68056 0.473612
-2.67472 0.473612
-2.66888 0.473612
-2.66304 0.473612
-2.6572 0.473612
-2.65136 0.473612
-2.64552 0.473612
-2.63968 0.473612
-2.63384 0.473612
-2.628 0.473612
-2.62216 0.473612
-2.61632 0.473612
-2.61048 0.473612
-2.60464 0.473612
-2.5988 0.473612
-2.59296 0.473039
-2.58712 0.472333
-2.58128 0.471627
-2.57544 0.470701
-2.5696 0.469643
-2.56376 0.468408
-2.55792 0.467041
-2.55208 0.465718
-2.54624 0.464262
-2.5404 0.462673
-2.53456 0.460998
-2.52872 0.459322
-2.52288 0.457514
-2.51704 0.455661
-2.5112 0.453808
-2.50536 0.451824
-2.49952 0.450374
-2.49368 0.448887
-2.48784 0.44819
-2.482 0.447749
-2.47616 0.446294
-2.47032 0.445664
-2.46448 0.444406
-2.45864 0.444103
-2.4528 0.442971
-2.44696 0.440418
-2.44112 0.438985
-2.43528 0.437215
-2.42944 0.436494
-2.4236 0.433976
-2.41776 0.432622
-2.41192 0.431647
-2.40608 0.429544
-2.40024 0.426936
-2.3944 0.42637
-2.38856 0.423474
-2.38272 0.423627
-2.37688 0.421942
-2.37104 0.419959
-2.3652 0.418185
-2.35936 0.416579
-2.35352 0.414128
-2.34768 0.412952
-2.34184 0.411133
-2.336 0.409194
-2.33016 0.407969
-2.32432 0.406272
-2.31848 0.403402
-2.31264 0.40339
-2.3068 0.39965
-2.30096 0.399127
-2.29512 0.396637
-2.28928 0.396756
-2.28344 0.394011
-2.2776 0.394666
-2.27176 0.390091
-2.26592 0.38815
-2.26008 0.386933
-2.25424 0.388223
-2.2484 0.380983
-2.24256 0.382447
-2.23672 0.380418
-2.23088 0.378342
-2.22504 0.37383
-2.2192 0.37145
-2.21336 0.370778
-2.20752 0.369122
-2.20168 0.365956
-2.19584 0.365786
-2.19 0.360123
-2.18416 0.360953
-2.17832 0.358249
-2.17248 0.357144
-2.16664 0.356709
-2.1608 0.353068
-2.15496 0.349865
-2.14912 0.348292
-2.14328 0.346011
-2.13744 0.345233
-2.1316 0.344809
-2.12576 0.340962
-2.11992 0.340222
-2.11408 0.335716
-2.10824 0.332538
-2.1024 0.332744
-2.09656 0.331048
-2.09072 0.328223
-2.08488 0.325802
-2.07904 0.325034
-2.0732 0.321821
-2.06736 0.319594
-2.06152 0.31659
-2.05568 0.316853
-2.04984 0.315115
-2.044 0.310433
-2.03816 0.307897
-2.03232 0.308826
-2.02648 0.307178
-2.02064 0.306378
-2.0148 0.303718
-2.00896 0.301098
-2.00312 0.299616
-1.99728 0.29932
-1.99144 0.296272
-1.9856 0.292549
-1.97976 0.292164
-1.97392 0.290685
-1.96808 0.28697
-1.96224 0.289133
-1.9564 0.288112
-1.95056 0.283969
-1.94472 0.283473
-1.93888 0.280717
-1.93304 0.276667
-1.9272 0.275273
-1.92136 0.274414
-1.91552 0.270567
-1.90968 0.264142
-1.90384 0.26337
-1.898 0.262272
-1.89216 0.257841
-1.88632 0.256053
-1.88048 0.254437
-1.87464 0.250552
-1.8688 0.248175
-1.86296 0.243153
-1.85712 0.240457
-1.85128 0.236371
-1.84544 0.236546
-1.8396 0.232046
-1.83376 0.229881
-1.82792 0.224945
-1.82208 0.222154
-1.81624 0.221212
-1.8104 0.217411
-1.80456 0.211073
-1.79872 0.21229
-1.79288 0.206065
-1.78704 0.20345
-1.7812 0.201651
-1.77536 0.198607
-1.76952 0.196047
-1.76368 0.193907
-1.75784 0.19012
-1.752 0.188402
-1.74616 0.183891
-1.74032 0.182027
-1.73448 0.176553
-1.72864 0.174538
-1.7228 0.172282
-1.71696 0.167235
-1.71112 0.164911
-1.70528 0.160716
-1.69944 0.158259
-1.6936 0.154058
-1.68776 0.150555
-1.68192 0.148281
-1.67608 0.143262
-1.67024 0.143012
-1.6644 0.139354
-1.65856 0.141388
-1.65272 0.135246
-1.64688 0.13752
-1.64104 0.137091
-1.6352 0.137849
-1.62936 0.137518
-1.62352 0.134781
-1.61768 0.134568
-1.61184 0.135548
-1.606 0.135481
-1.60016 0.13449
-1.59432 0.137381
-1.58848 0.139428
-1.58264 0.139017
-1.5768 0.137766
-1.57096 0.138418
-1.56512 0.140496
-1.55928 0.140568
-1.55344 0.14273
-1.5476 0.144551
-1.54176 0.14572
-1.53592 0.147559
-1.53008 0.146857
-1.52424 0.14284
-1.5184 0.144967
-1.51256 0.149466
-1.50672 0.148151
-1.50088 0.148781
-1.49504 0.15367
-1.4892 0.152841
-1.48336 0.153641
-1.47752 0.157397
-1.47168 0.154262
-1.46584 0.156093
-1.46 0.157527
-1.45416 0.158167
-1.44832 0.157575
-1.44248 0.1614
-1.43664 0.161192
-1.4308 0.162491
-1.42496 0.164533
-1.41912 0.167984
-1.41328 0.167324
-1.40744 0.168821
-1.4016 0.170691
-1.39576 0.169669
-1.38992 0.170055
-1.38408 0.172722
-1.37824 0.173361
-1.3724 0.17424
-1.36656 0.176325
-1.36072 0.172775
-1.35488 0.176395
-1.34904 0.178456
-1.3432 0.180239
-1.33736 0.1825
-1.33152 0.185003
-1.32568 0.18863
-1.31984 0.190707
-1.314 0.189441
-1.30816 0.193855
-1.30232 0.196274
-1.29648 0.200287
-1.29064 0.201832
-1.2848 0.206442
-1.27896 0.210223
-1.27312 0.213928
-1.26728 0.218277
-1.26144 0.218632
-1.2556 0.223118
-1.24976 0.226744
-1.24392 0.226364
-1.23808 0.233348
-1.23224 0.234233
-1.2264 0.23601
-1.22056 0.239272
-1.21472 0.239907
-1.20888 0.244952
-1.20304 0.245059
-1.1972 0.250425
-1.19136 0.253344
-1.18552 0.256463
-1.17968 0.259425
-1.17384 0.25984
-1.168 0.263464
-1.16216 0.262203
-1.15632 0.267114
-1.15048 0.27145
-1.14464 0.272135
-1.1388 0.275144
-1.13296 0.27934
-1.12712 0.28141
-1.12128 0.28408
-1.11544 0.288043
-1.1096 0.291712
-1.10376 0.29472
-1.09792 0.300878
-1.09208 0.30005
-1.08624 0.2994
-1.0804 0.299428
-1.07456 0.30589
-1.06872 0.307109
-1.06288 0.309149
-1.05704 0.315358
-1.0512 0.317051
-1.04536 0.318241
-1.03952 0.324223
-1.03368 0.322942
-1.02784 0.325632
-1.022 0.327897
-1.01616 0.33088
-1.01032 0.331525
-1.00448 0.335807
-0.99864 0.33758
-0.9928 0.339398
-0.98696 0.343312
-0.98112 0.344744
-0.97528 0.345637
-0.96944 0.348813
-0.9636 0.350812
-0.95776 0.352417
-0.95192 0.35419
-0.94608 0.355195
-0.94024 0.357699
-0.9344 0.359726
-0.92856 0.362315
-0.92272 0.361897
-0.91688 0.365533
-0.91104 0.368797
-0.9052 0.370991
-0.89936 0.374046
-0.89352 0.37676
-0.88768 0.380393
-0.88184 0.382633
-0.876 0.381054
-0.87016 0.384775
-0.86432 0.383536
-0.85848 0.387079
-0.85264 0.38962
-0.8468 0.391783
-0.84096 0.395062
-0.83512 0.399045
-0.82928 0.400292
-0.82344 0.400839
-0.8176 0.40324
-0.81176 0.405602
-0.80592 0.407114
-0.80008 0.40973
-0.79424 0.410355
-0.7884 0.41141
-0.78256 0.413721
-0.77672 0.41642
-0.77088 0.418848
-0.76504 0.41889
-0.7592 0.421107
-0.75336 0.42228
-0.74752 0.420581
-0.74168 0.421272
-0.73584 0.42189
-0.73 0.422085
-0.72416 0.42123
-0.71832 0.422098
-0.71248 0.422038
-0.70664 0.421593
-0.7008 0.422832
-0.69496 0.423008
-0.68912 0.424248
-0.68328 0.423416
-0.67744 0.425883
-0.6716 0.426779
-0.66576 0.428508
-0.65992 0.428637
-0.65408 0.429384
-0.64824 0.427491
-0.6424 0.429091
-0.63656 0.428572
-0.63072 0.42987
-0.62488 0.431085
-0.61904 0.43343
-0.6132 0.434
-0.60736 0.434313
-0.60152 0.434118
-0.59568 0.434118
-0.58984 0.434118
-0.584 0.434118
-0.57816 0.434118
-0.57232 0.434118
-0.56648 0.434118
-0.56064 0.434118
-0.5548 0.434118
-0.54896 0.434118
-0.54312 0.434118
-0.53728 0.434118
-0.53144 0.434118
-0.5256 0.434118
-0.51976 0.434118
-0.51392 0.434118
-0.50808 0.434118
-0.50224 0.434118
-0.4964 0.434118
-0.49056 0.434118
-0.48472 0.434118
-0.47888 0.434118
-0.47304 0.434118
-0.4672 0.434118
-0.46136 0.434118
-0.45552 0.434118
-0.44968 0.434118
-0.44384 0.434118
-0.438 0.434118
-0.43216 0.434118
-0.42632 0.434118
-0.42048 0.434118
-0.41464 0.434118
-0.4088 0.434118
-0.40296 0.434118
-0.39712 0.434118
-0.39128 0.434118
-0.38544 0.434118
-0.3796 0.434118
-0.37376 0.434118
-0.36792 0.434118
-0.36208 0.434118
-0.35624 0.434118
-0.3504 0.434118
-0.34456 0.434118
-0.33872 0.434118
-0.33288 0.434118
-0.32704 0.434118
-0.3212 0.434118
-0.31536 0.434118
-0.30952 0.434118
-0.30368 0.434118
-0.29784 0.434118
-0.292 0.434118
-0.28616 0.434118
-0.28032 0.434118
-0.27448 0.434118
-0.26864 0.434118
-0.2628 0.434118
-0.25696 0.434118
-0.25112 0.434118
-0.24528 0.434118
-0.23944 0.434118
-0.2336 0.434118
-0.22776 0.434118
-0.22192 0.434118
-0.21608 0.434118
-0.21024 0.434118
-0.2044 0.434118
-0.19856 0.434118
-0.19272 0.434118
-0.18688 0.434118
-0.18104 0.434118
-0.1752 0.434118
-0.16936 0.434118
-0.16352 0.434118
-0.15768 0.434118
-0.15184 0.434118
-0.146 0.434118
-0.14016 0.434118
-0.13432 0.434118
-0.12848 0.434118
-0.12264 0.434118
-0.1168 0.434118
-0.11096 0.434118
-0.10512 0.434118
-0.09928 0.434118
-0.09344 0.434118
-0.0876 0.434118
-0.08176 0.434118
-0.07592 0.434118
-0.07008 0.434118
-0.06424 0.434118
-0.0584 0.434118
-0.05256 0.434118
-0.04672 0.434118
-0.04088 0.434118
-0.03504 0.434118
-0.0292 0.434118
-0.02336 0.434118
-0.01752 0.434118
-0.01168 0.434118
-0.00584 0.434118
