-2.92 0.479121
-2.91416 0.479121
-2.90832 0.479121
-2.90248 0.479121
-2.89664 0.479121
-2.8908 0.479121
-2.88496 0.479121
-2.87912 0.479121
-2.87328 0.479121
-2.86744 0.479121
-2.8616 0.479121
-2.85576 0.479121
-2.84992 0.479121
-2.84408 0.479121
-2.83824 0.479121
-2.8324 0.479121
-2.82656 0.479121
-2.82072 0.479121
-2.81488 0.479121
-2.80904 0.479121
-2.8032 0.479121
-2.79736 0.479121
-2.79152 0.479121
-2.78568 0.479121
-2.77984 0.479121
-2.774 0.479121
-2.76816 0.479121
-2.76232 0.479121
-2.75648 0.479121
-2.75064 0.479121
-2.7448 0.479121
-2.73896 0.479121
-2.73312 0.479121
-2.72728 0.479121
-2.72144 0.479121
-2.7156 0.479121
-2.70976 0.479121
-2.70392 0.479121
-2.69808 0.479121
-2.69224 0.479121
-2.6864 0.479121
-2.68056 0.479121
-2.67472 0.479121
-2.66888 0.479121
-2.66304 0.479121
-2.6572 0.479121
-2.65136 0.479121
-2.64552 0.479121
-2.63968 0.479121
-2.63384 0.479121
-2.628 0.479121
-2.62216 0.479121
-2.61632 0.479121
-2.61048 0.479121
-2.60464 0.479121
-2.5988 0.479121
-2.59296 0.478638
-2.58712 0.478021
-2.58128 0.477362
-2.57544 0.476525
-2.5696 0.475553
-2.56376 0.474407
-2.55792 0.473216
-2.55208 0.471979
-2.54624 0.470611
-2.5404 0.469067
-2.53456 0.467476
-2.52872 0.465761
-2.52288 0.464001
-2.51704 0.4622
-2.5112 0.460267
-2.50536 0.458377
-2.49952 0.456769
-2.49368 0.455738
-2.48784 0.454288
-2.482 0.453835
-2.47616 0.45217
-2.47032 0.451612
-2.46448 0.45023
-2.45864 0.448846
-2.4528 0.44763
-2.44696 0.446623
-2.44112 0.443668
-2.43528 0.442278
-2.42944 0.440149
-2.4236 0.43769
-2.41776 0.43634
-2.41192 0.435484
-2.40608 0.43144
-2.40024 0.430371
-2.3944 0.428146
-2.38856 0.426547
-2.38272 0.422589
-2.37688 0.421148
-2.37104 0.418171
-2.3652 0.417943
-2.35936 0.413805
-2.35352 0.41208
-2.34768 0.408897
-2.34184 0.406463
-2.336 0.404809
-2.33016 0.402073
-2.32432 0.400845
-2.31848 0.399025
-2.31264 0.395918
-2.3068 0.394716
-2.30096 0.389696
-2.29512 0.389452
-2.28928 0.386851
-2.28344 0.385615
-2.2776 0.384131
-2.27176 0.381781
-2.26592 0.378968
-2.26008 0.377358
-2.25424 0.376918
-2.2484 0.373173
-2.24256 0.371211
-2.23672 0.37015
-2.23088 0.367603
-2.22504 0.364022
-2.2192 0.35993
-2.21336 0.359355
-2.20752 0.356309
-2.20168 0.352255
-2.19584 0.350339
-2.19 0.346409
-2.18416 0.344482
-2.17832 0.341018
-2.17248 0.337594
-2.16664 0.335303
-2.1608 0.332088
-2.15496 0.328236
-2.14912 0.325155
-2.14328 0.321387
-2.13744 0.316618
-2.1316 0.31293
-2.12576 0.311196
-2.11992 0.307376
-2.11408 0.305666
-2.10824 0.30043
-2.1024 0.295032
-2.09656 0.291843
-2.09072 0.288499
-2.08488 0.288246
-2.07904 0.28397
-2.0732 0.280192
-2.06736 0.274377
-2.06152 0.270099
-2.05568 0.267391
-2.04984 0.261478
-2.044 0.259444
-2.03816 0.255546
-2.03232 0.249879
-2.02648 0.249005
-2.02064 0.243942
-2.0148 0.23925
-2.00896 0.234631
-2.00312 0.231465
-1.99728 0.228425
-1.99144 0.226338
-1.9856 0.22339
-1.97976 0.218906
-1.97392 0.21822
-1.96808 0.214585
-1.96224 0.215801
-1.9564 0.212819
-1.95056 0.209717
-1.94472 0.210101
-1.93888 0.207525
-1.93304 0.205403
-1.9272 0.204526
-1.92136 0.203736
-1.91552 0.202698
-1.90968 0.199453
-1.90384 0.196847
-1.898 0.20087
-1.89216 0.200588
-1.88632 0.198941
-1.88048 0.197029
-1.87464 0.195505
-1.8688 0.194556
-1.86296 0.196416
-1.85712 0.194042
-1.85128 0.195345
-1.84544 0.194188
-1.8396 0.192902
-1.83376 0.193589
-1.82792 0.196292
-1.82208 0.195244
-1.81624 0.195399
-1.8104 0.195585
-1.80456 0.194637
-1.79872 0.196605
-1.79288 0.197635
-1.78704 0.198077
-1.7812 0.193783
-1.77536 0.197776
-1.76952 0.197845
-1.76368 0.197866
-1.75784 0.198803
-1.752 0.198005
-1.74616 0.199983
-1.74032 0.201991
-1.73448 0.203036
-1.72864 0.204189
-1.7228 0.202632
-1.71696 0.205358
-1.71112 0.207621
-1.70528 0.207992
-1.69944 0.20782
-1.6936 0.20764
-1.68776 0.21029
-1.68192 0.209119
-1.67608 0.209774
-1.67024 0.205678
-1.6644 0.210686
-1.65856 0.209446
-1.65272 0.206108
-1.64688 0.210193
-1.64104 0.21124
-1.6352 0.208592
-1.62936 0.20672
-1.62352 0.20611
-1.61768 0.210406
-1.61184 0.211589
-1.606 0.216987
-1.60016 0.21372
-1.59432 0.220307
-1.58848 0.219304
-1.58264 0.221901
-1.5768 0.224579
-1.57096 0.227309
-1.56512 0.226136
-1.55928 0.231881
-1.55344 0.238231
-1.5476 0.239025
-1.54176 0.238784
-1.53592 0.241125
-1.53008 0.244202
-1.52424 0.245247
-1.5184 0.248452
-1.51256 0.249762
-1.50672 0.252936
-1.50088 0.25656
-1.49504 0.256526
-1.4892 0.264988
-1.48336 0.263741
-1.47752 0.265693
-1.47168 0.271933
-1.46584 0.266288
-1.46 0.276107
-1.45416 0.276446
-1.44832 0.282516
-1.44248 0.282822
-1.43664 0.284479
-1.4308 0.288699
-1.42496 0.293926
-1.41912 0.291402
-1.41328 0.297271
-1.40744 0.296412
-1.4016 0.301223
-1.39576 0.304901
-1.38992 0.304276
-1.38408 0.313085
-1.37824 0.312473
-1.3724 0.315963
-1.36656 0.319758
-1.36072 0.318227
-1.35488 0.32185
-1.34904 0.32104
-1.3432 0.322194
-1.33736 0.328529
-1.33152 0.331936
-1.32568 0.337797
-1.31984 0.338075
-1.314 0.342547
-1.30816 0.342063
-1.30232 0.349161
-1.29648 0.351311
-1.29064 0.351132
-1.2848 0.357508
-1.27896 0.35748
-1.27312 0.360794
-1.26728 0.364194
-1.26144 0.362099
-1.2556 0.36271
-1.24976 0.368844
-1.24392 0.369358
-1.23808 0.370204
-1.23224 0.374419
-1.2264 0.377218
-1.22056 0.380066
-1.21472 0.378514
-1.20888 0.384637
-1.20304 0.389214
-1.1972 0.387648
-1.19136 0.389645
-1.18552 0.391294
-1.17968 0.393593
-1.17384 0.396099
-1.168 0.403332
-1.16216 0.398736
-1.15632 0.402092
-1.15048 0.402448
-1.14464 0.401924
-1.1388 0.405054
-1.13296 0.407244
-1.12712 0.404823
-1.12128 0.40993
-1.11544 0.418028
-1.1096 0.418026
-1.10376 0.415083
-1.09792 0.416472
-1.09208 0.416911
-1.08624 0.418285
-1.0804 0.420057
-1.07456 0.421229
-1.06872 0.42253
-1.06288 0.422916
-1.05704 0.422164
-1.0512 0.42606
-1.04536 0.422031
-1.03952 0.422244
-1.03368 0.42664
-1.02784 0.418401
-1.022 0.423556
-1.01616 0.419647
-1.01032 0.422196
-1.00448 0.419233
-0.99864 0.419499
-0.9928 0.417726
-0.98696 0.418684
-0.98112 0.41344
-0.97528 0.416977
-0.96944 0.412179
-0.9636 0.412574
-0.95776 0.413419
-0.95192 0.410793
-0.94608 0.414473
-0.94024 0.411438
-0.9344 0.410953
-0.92856 0.410881
-0.92272 0.406404
-0.91688 0.406217
-0.91104 0.401875
-0.9052 0.401426
-0.89936 0.404782
-0.89352 0.405817
-0.88768 0.40698
-0.88184 0.404421
-0.876 0.405048
-0.87016 0.401092
-0.86432 0.403333
-0.85848 0.402618
-0.85264 0.401422
-0.8468 0.401389
-0.84096 0.400509
-0.83512 0.400057
-0.82928 0.40056
-0.82344 0.394663
-0.8176 0.397023
-0.81176 0.396432
-0.80592 0.395794
-0.80008 0.395812
-0.79424 0.39431
-0.7884 0.394794
-0.78256 0.394352
-0.77672 0.393863
-0.77088 0.391787
-0.76504 0.394152
-0.7592 0.393778
-0.75336 0.393576
-0.74752 0.393744
-0.74168 0.393816
-0.73584 0.394344
-0.73 0.395188
-0.72416 0.395723
-0.71832 0.396267
-0.71248 0.396766
-0.70664 0.397122
-0.7008 0.398119
-0.69496 0.398795
-0.68912 0.399741
-0.68328 0.400645
-0.67744 0.405379
-0.6716 0.406528
-0.66576 0.407599
-0.65992 0.407876
-0.65408 0.407965
-0.64824 0.409105
-0.6424 0.411548
-0.63656 0.41264
-0.63072 0.413728
-0.62488 0.41347
-0.61904 0.412952
-0.6132 0.412603
-0.60736 0.411657
-0.60152 0.41218
-0.59568 0.41218
-0.58984 0.41218
-0.584 0.41218
-0.57816 0.41218
-0.57232 0.41218
-0.56648 0.41218
-0.56064 0.41218
-0.5548 0.41218
-0.54896 0.41218
-0.54312 0.41218
-0.53728 0.41218
-0.53144 0.41218
-0.5256 0.41218
-0.51976 0.41218
-0.51392 0.41218
-0.50808 0.41218
-0.50224 0.41218
-0.4964 0.41218
-0.49056 0.41218
-0.48472 0.41218
-0.47888 0.41218
-0.47304 0.41218
-0.4672 0.41218
-0.46136 0.41218
-0.45552 0.41218
-0.44968 0.41218
-0.44384 0.41218
-0.438 0.41218
-0.43216 0.41218
-0.42632 0.41218
-0.42048 0.41218
-0.41464 0.41218
-0.4088 0.41218
-0.40296 0.41218
-0.39712 0.41218
-0.39128 0.41218
-0.38544 0.41218
-0.3796 0.41218
-0.37376 0.41218
-0.36792 0.41218
-0.36208 0.41218
-0.35624 0.41218
-0.3504 0.41218
-0.34456 0.41218
-0.33872 0.41218
-0.33288 0.41218
-0.32704 0.41218
-0.3212 0.41218
-0.31536 0.41218
-0.30952 0.41218
-0.30368 0.41218
-0.29784 0.41218
-0.292 0.41218
-0.28616 0.41218
-0.28032 0.41218
-0.27448 0.41218
-0.26864 0.41218
-0.2628 0.41218
-0.25696 0.41218
-0.25112 0.41218
-0.24528 0.41218
-0.23944 0.41218
-0.2336 0.41218
-0.22776 0.41218
-0.22192 0.41218
-0.21608 0.41218
-0.21024 0.41218
-0.2044 0.41218
-0.19856 0.41218
-0.19272 0.41218
-0.18688 0.41218
-0.18104 0.41218
-0.1752 0.41218
-0.16936 0.41218
-0.16352 0.41218
-0.15768 0.41218
-0.15184 0.41218
-0.146 0.41218
-0.14016 0.41218
-0.13432 0.41218
-0.12848 0.41218
-0.12264 0.41218
-0.1168 0.41218
-0.11096 0.41218
-0.10512 0.41218
-0.09928 0.41218
-0.09344 0.41218
-0.0876 0.41218
-0.08176 0.41218
-0.07592 0.41218
-0.07008 0.41218
-0.06424 0.41218
-0.0584 0.41218
-0.05256 0.41218
-0.04672 0.41218
-0.04088 0.41218
-0.03504 0.41218
-0.0292 0.41218
-0.02336 0.41218
-0.01752 0.41218
-0.01168 0.41218
-0.00584 0.41218
