-2.92 0.519268
-2.91416 0.519268
-2.90832 0.519268
-2.90248 0.519268
-2.89664 0.519268
-2.8908 0.519268
-2.88496 0.519268
-2.87912 0.519268
-2.87328 0.519268
-2.86744 0.519268
-2.8616 0.519268
-2.85576 0.519268
-2.84992 0.519268
-2.84408 0.519268
-2.83824 0.519268
-2.8324 0.519268
-2.82656 0.519268
-2.82072 0.519268
-2.81488 0.519268
-2.80904 0.519268
-2.8032 0.519268
-2.79736 0.519268
-2.79152 0.519268
-2.78568 0.519268
-2.77984 0.519268
-2.774 0.519268
-2.76816 0.519268
-2.76232 0.519268
-2.75648 0.519268
-2.75064 0.519268
-2.7448 0.519268
-2.73896 0.519268
-2.73312 0.519268
-2.72728 0.519268
-2.72144 0.519268
-2.7156 0.519268
-2.70976 0.519268
-2.70392 0.519268
-2.69808 0.519268
-2.69224 0.519268
-2.6864 0.519268
-2.68056 0.519268
-2.67472 0.519268
-2.66888 0.519268
-2.66304 0.519268
-2.6572 0.519268
-2.65136 0.519268
-2.64552 0.519268
-2.63968 0.519268
-2.63384 0.519268
-2.628 0.519268
-2.62216 0.519268
-2.61632 0.519268
-2.61048 0.519268
-2.60464 0.519268
-2.5988 0.519268
-2.59296 0.518471
-2.58712 0.517409
-2.58128 0.516301
-2.57544 0.515059
-2.5696 0.513729
-2.56376 0.512266
-2.55792 0.510714
-2.55208 0.509207
-2.54624 0.507609
-2.5404 0.506012
-2.53456 0.504368
-2.52872 0.502723
-2.52288 0.500994
-2.51704 0.499173
-2.5112 0.497266
-2.50536 0.495226
-2.49952 0.493638
-2.49368 0.492465
-2.48784 0.491291
-2.482 0.490166
-2.47616 0.489345
-2.47032 0.488848
-2.46448 0.486741
-2.45864 0.485996
-2.4528 0.483844
-2.44696 0.482808
-2.44112 0.480774
-2.43528 0.48014
-2.42944 0.477726
-2.4236 0.475471
-2.41776 0.474336
-2.41192 0.473153
-2.40608 0.470696
-2.40024 0.468521
-2.3944 0.466921
-2.38856 0.464199
-2.38272 0.462895
-2.37688 0.461955
-2.37104 0.458567
-2.3652 0.458927
-2.35936 0.455702
-2.35352 0.453801
-2.34768 0.451116
-2.34184 0.449224
-2.336 0.448359
-2.33016 0.447049
-2.32432 0.443611
-2.31848 0.439959
-2.31264 0.43864
-2.3068 0.436452
-2.30096 0.435135
-2.29512 0.431395
-2.28928 0.427829
-2.28344 0.425958
-2.2776 0.425055
-2.27176 0.423654
-2.26592 0.420755
-2.26008 0.418194
-2.25424 0.414064
-2.2484 0.415203
-2.24256 0.410754
-2.23672 0.407879
-2.23088 0.405754
-2.22504 0.403809
-2.2192 0.399843
-2.21336 0.398019
-2.20752 0.396901
-2.20168 0.393655
-2.19584 0.392612
-2.19 0.387081
-2.18416 0.386593
-2.17832 0.383588
-2.17248 0.381094
-2.16664 0.377584
-2.1608 0.37408
-2.15496 0.373053
-2.14912 0.37022
-2.14328 0.368916
-2.13744 0.365023
-2.1316 0.363874
-2.12576 0.359103
-2.11992 0.356886
-2.11408 0.355417
-2.10824 0.352209
-2.1024 0.351222
-2.09656 0.349942
-2.09072 0.345257
-2.08488 0.343403
-2.07904 0.340194
-2.0732 0.339721
-2.06736 0.335103
-2.06152 0.335358
-2.05568 0.335687
-2.04984 0.328187
-2.044 0.327398
-2.03816 0.326169
-2.03232 0.322756
-2.02648 0.323353
-2.02064 0.318186
-2.0148 0.31799
-2.00896 0.31489
-2.00312 0.313899
-1.99728 0.311287
-1.99144 0.309801
-1.9856 0.310258
-1.97976 0.304092
-1.97392 0.304333
-1.96808 0.300121
-1.96224 0.298767
-1.9564 0.296109
-1.95056 0.292938
-1.94472 0.291619
-1.93888 0.286266
-1.93304 0.283721
-1.9272 0.280259
-1.92136 0.279714
-1.91552 0.27718
-1.90968 0.270753
-1.90384 0.266472
-1.898 0.260516
-1.89216 0.263142
-1.88632 0.256282
-1.88048 0.255905
-1.87464 0.251214
-1.8688 0.248637
-1.86296 0.242903
-1.85712 0.24298
-1.85128 0.238727
-1.84544 0.231645
-1.8396 0.227616
-1.83376 0.229004
-1.82792 0.226767
-1.82208 0.222658
-1.81624 0.215757
-1.8104 0.210343
-1.80456 0.211018
-1.79872 0.205029
-1.79288 0.201116
-1.78704 0.200738
-1.7812 0.197149
-1.77536 0.193655
-1.76952 0.189968
-1.76368 0.186343
-1.75784 0.182679
-1.752 0.179711
-1.74616 0.174325
-1.74032 0.172691
-1.73448 0.167598
-1.72864 0.165517
-1.7228 0.16045
-1.71696 0.158633
-1.71112 0.153081
-1.70528 0.15063
-1.69944 0.14828
-1.6936 0.147412
-1.68776 0.14406
-1.68192 0.139502
-1.67608 0.136133
-1.67024 0.135613
-1.6644 0.134721
-1.65856 0.13226
-1.65272 0.130686
-1.64688 0.132782
-1.64104 0.129579
-1.6352 0.129854
-1.62936 0.125623
-1.62352 0.126335
-1.61768 0.126881
-1.61184 0.12741
-1.606 0.12876
-1.60016 0.127414
-1.59432 0.13108
-1.58848 0.126587
-1.58264 0.131055
-1.5768 0.128756
-1.57096 0.130548
-1.56512 0.130679
-1.55928 0.132078
-1.55344 0.132744
-1.5476 0.1372
-1.54176 0.134729
-1.53592 0.137591
-1.53008 0.133273
-1.52424 0.136654
-1.5184 0.133302
-1.51256 0.135763
-1.50672 0.136511
-1.50088 0.137427
-1.49504 0.13557
-1.4892 0.142693
-1.48336 0.139319
-1.47752 0.14151
-1.47168 0.140309
-1.46584 0.144543
-1.46 0.145502
-1.45416 0.145568
-1.44832 0.14912
-1.44248 0.148882
-1.43664 0.14812
-1.4308 0.148173
-1.42496 0.151164
-1.41912 0.151754
-1.41328 0.153415
-1.40744 0.153771
-1.4016 0.154124
-1.39576 0.1542
-1.38992 0.155607
-1.38408 0.158441
-1.37824 0.157872
-1.3724 0.156515
-1.36656 0.160858
-1.36072 0.163611
-1.35488 0.159017
-1.34904 0.160818
-1.3432 0.164273
-1.33736 0.165489
-1.33152 0.168775
-1.32568 0.172863
-1.31984 0.178362
-1.314 0.17652
-1.30816 0.181963
-1.30232 0.182614
-1.29648 0.183024
-1.29064 0.186826
-1.2848 0.189958
-1.27896 0.193228
-1.27312 0.197924
-1.26728 0.201706
-1.26144 0.203104
-1.2556 0.207427
-1.24976 0.210543
-1.24392 0.212935
-1.23808 0.220466
-1.23224 0.220793
-1.2264 0.225333
-1.22056 0.229632
-1.21472 0.231664
-1.20888 0.235407
-1.20304 0.235877
-1.1972 0.238359
-1.19136 0.240905
-1.18552 0.243367
-1.17968 0.246405
-1.17384 0.249334
-1.168 0.252813
-1.16216 0.253562
-1.15632 0.257862
-1.15048 0.25811
-1.14464 0.260023
-1.1388 0.259577
-1.13296 0.264585
-1.12712 0.263448
-1.12128 0.269876
-1.11544 0.270575
-1.1096 0.275872
-1.10376 0.276749
-1.09792 0.280188
-1.09208 0.277999
-1.08624 0.283637
-1.0804 0.281854
-1.07456 0.287472
-1.06872 0.287121
-1.06288 0.29163
-1.05704 0.291581
-1.0512 0.299661
-1.04536 0.299181
-1.03952 0.302579
-1.03368 0.305272
-1.02784 0.309526
-1.022 0.311025
-1.01616 0.314831
-1.01032 0.318155
-1.00448 0.320076
-0.99864 0.320622
-0.9928 0.320677
-0.98696 0.324312
-0.98112 0.327223
-0.97528 0.328623
-0.96944 0.330413
-0.9636 0.333557
-0.95776 0.33484
-0.95192 0.338079
-0.94608 0.339526
-0.94024 0.340188
-0.9344 0.343022
-0.92856 0.346506
-0.92272 0.349346
-0.91688 0.346641
-0.91104 0.3479
-0.9052 0.349628
-0.89936 0.351413
-0.89352 0.354048
-0.88768 0.357724
-0.88184 0.359182
-0.876 0.357853
-0.87016 0.364391
-0.86432 0.363293
-0.85848 0.36335
-0.85264 0.365803
-0.8468 0.367753
-0.84096 0.370457
-0.83512 0.372237
-0.82928 0.376235
-0.82344 0.376828
-0.8176 0.380546
-0.81176 0.382528
-0.80592 0.385235
-0.80008 0.387967
-0.79424 0.388782
-0.7884 0.391888
-0.78256 0.393404
-0.77672 0.395378
-0.77088 0.397198
-0.76504 0.395885
-0.7592 0.396645
-0.75336 0.397139
-0.74752 0.397844
-0.74168 0.396208
-0.73584 0.398677
-0.73 0.396846
-0.72416 0.397596
-0.71832 0.397749
-0.71248 0.398569
-0.70664 0.397665
-0.7008 0.396344
-0.69496 0.395733
-0.68912 0.396884
-0.68328 0.395691
-0.67744 0.397468
-0.6716 0.3969
-0.66576 0.398288
-0.65992 0.397909
-0.65408 0.399113
-0.64824 0.399152
-0.6424 0.398702
-0.63656 0.399955
-0.63072 0.401169
-0.62488 0.402126
-0.61904 0.403082
-0.6132 0.404955
-0.60736 0.405104
-0.60152 0.405037
-0.59568 0.405037
-0.58984 0.405037
-0.584 0.405037
-0.57816 0.405037
-0.57232 0.405037
-0.56648 0.405037
-0.56064 0.405037
-0.5548 0.405037
-0.54896 0.405037
-0.54312 0.405037
-0.53728 0.405037
-0.53144 0.405037
-0.5256 0.405037
-0.51976 0.405037
-0.51392 0.405037
-0.50808 0.405037
-0.50224 0.405037
-0.4964 0.405037
-0.49056 0.405037
-0.48472 0.405037
-0.47888 0.405037
-0.47304 0.405037
-0.4672 0.405037
-0.46136 0.405037
-0.45552 0.405037
-0.44968 0.405037
-0.44384 0.405037
-0.438 0.405037
-0.43216 0.405037
-0.42632 0.405037
-0.42048 0.405037
-0.41464 0.405037
-0.4088 0.405037
-0.40296 0.405037
-0.39712 0.405037
-0.39128 0.405037
-0.38544 0.405037
-0.3796 0.405037
-0.37376 0.405037
-0.36792 0.405037
-0.36208 0.405037
-0.35624 0.405037
-0.3504 0.405037
-0.34456 0.405037
-0.33872 0.405037
-0.33288 0.405037
-0.32704 0.405037
-0.3212 0.405037
-0.31536 0.405037
-0.30952 0.405037
-0.30368 0.405037
-0.29784 0.405037
-0.292 0.405037
-0.28616 0.405037
-0.28032 0.405037
-0.27448 0.405037
-0.26864 0.405037
-0.2628 0.405037
-0.25696 0.405037
-0.25112 0.405037
-0.24528 0.405037
-0.23944 0.405037
-0.2336 0.405037
-0.22776 0.405037
-0.22192 0.405037
-0.21608 0.405037
-0.21024 0.405037
-0.2044 0.405037
-0.19856 0.405037
-0.19272 0.405037
-0.18688 0.405037
-0.18104 0.405037
-0.1752 0.405037
-0.16936 0.405037
-0.16352 0.405037
-0.15768 0.405037
-0.15184 0.405037
-0.146 0.405037
-0.14016 0.405037
-0.13432 0.405037
-0.12848 0.405037
-0.12264 0.405037
-0.1168 0.405037
-0.11096 0.405037
-0.10512 0.405037
-0.09928 0.405037
-0.09344 0.405037
-0.0876 0.405037
-0.08176 0.405037
-0.07592 0.405037
-0.07008 0.405037
-0.06424 0.405037
-0.0584 0.405037
-0.05256 0.405037
-0.04672 0.405037
-0.04088 0.405037
-0.03504 0.405037
-0.0292 0.405037
-0.02336 0.405037
-0.01752 0.405037
-0.01168 0.405037
-0.00584 0.405037
