-2.92 0.466577
-2.91416 0.466577
-2.90832 0.466577
-2.90248 0.466577
-2.89664 0.466577
-2.8908 0.466577
-2.88496 0.466577
-2.87912 0.466577
-2.87328 0.466577
-2.86744 0.466577
-2.8616 0.466577
-2.85576 0.466577
-2.84992 0.466577
-2.84408 0.466577
-2.83824 0.466577
-2.8324 0.466577
-2.82656 0.466577
-2.82072 0.466577
-2.81488 0.466577
-2.80904 0.466577
-2.8032 0.466577
-2.79736 0.466577
-2.79152 0.466577
-2.78568 0.466577
-2.77984 0.466577
-2.774 0.466577
-2.76816 0.466577
-2.76232 0.466577
-2.75648 0.466577
-2.75064 0.466577
-2.7448 0.466577
-2.73896 0.466577
-2.73312 0.466577
-2.72728 0.466577
-2.72144 0.466577
-2.7156 0.466577
-2.70976 0.466577
-2.70392 0.466577
-2.69808 0.466577
-2.69224 0.466577
-2.6864 0.466577
-2.68056 0.466577
-2.67472 0.466577
-2.66888 0.466577
-2.66304 0.466577
-2.6572 0.466577
-2.65136 0.466577
-2.64552 0.466577
-2.63968 0.466577
-2.63384 0.466577
-2.628 0.466577
-2.62216 0.466577
-2.61632 0.466577
-2.61048 0.466577
-2.60464 0.466577
-2.5988 0.466577
-2.59296 0.466222
-2.58712 0.465603
-2.58128 0.464894
-2.57544 0.46414
-2.5696 0.46325
-2.56376 0.46223
-2.55792 0.461119
-2.55208 0.460052
-2.54624 0.458897
-2.5404 0.457564
-2.53456 0.45623
-2.52872 0.454808
-2.52288 0.453386
-2.51704 0.451832
-2.5112 0.450188
-2.50536 0.448459
-2.49952 0.446848
-2.49368 0.445406
-2.48784 0.443918
-2.482 0.442269
-2.47616 0.440938
-2.47032 0.439599
-2.46448 0.438132
-2.45864 0.436745
-2.4528 0.435396
-2.44696 0.434953
-2.44112 0.433355
-2.43528 0.431961
-2.42944 0.43127
-2.4236 0.430039
-2.41776 0.428557
-2.41192 0.428488
-2.40608 0.42721
-2.40024 0.427217
-2.3944 0.425929
-2.38856 0.42481
-2.38272 0.423853
-2.37688 0.421773
-2.37104 0.420726
-2.3652 0.42002
-2.35936 0.418723
-2.35352 0.41602
-2.34768 0.414928
-2.34184 0.414839
-2.336 0.413993
-2.33016 0.411787
-2.32432 0.410274
-2.31848 0.407687
-2.31264 0.407473
-2.3068 0.406348
-2.30096 0.404887
-2.29512 0.404354
-2.28928 0.401047
-2.28344 0.40071
-2.2776 0.399958
-2.27176 0.397255
-2.26592 0.396954
-2.26008 0.395092
-2.25424 0.392655
-2.2484 0.391732
-2.24256 0.38859
-2.23672 0.387331
-2.23088 0.387532
-2.22504 0.383257
-2.2192 0.383955
-2.21336 0.380648
-2.20752 0.379561
-2.20168 0.377751
-2.19584 0.376275
-2.19 0.374686
-2.18416 0.372128
-2.17832 0.369437
-2.17248 0.369133
-2.16664 0.364991
-2.1608 0.366163
-2.15496 0.360822
-2.14912 0.360988
-2.14328 0.361695
-2.13744 0.355188
-2.1316 0.35679
-2.12576 0.35267
-2.11992 0.353867
-2.11408 0.351518
-2.10824 0.347411
-2.1024 0.345333
-2.09656 0.344
-2.09072 0.343029
-2.08488 0.341311
-2.07904 0.337575
-2.0732 0.336468
-2.06736 0.336511
-2.06152 0.331387
-2.05568 0.330383
-2.04984 0.327477
-2.044 0.328083
-2.03816 0.327664
-2.03232 0.323714
-2.02648 0.321945
-2.02064 0.31825
-2.0148 0.316695
-2.00896 0.315612
-2.00312 0.316649
-1.99728 0.310427
-1.99144 0.310592
-1.9856 0.308801
-1.97976 0.307285
-1.97392 0.307058
-1.96808 0.304443
-1.96224 0.304021
-1.9564 0.301343
-1.95056 0.298704
-1.94472 0.295747
-1.93888 0.288888
-1.93304 0.290214
-1.9272 0.28591
-1.92136 0.281551
-1.91552 0.281761
-1.90968 0.276096
-1.90384 0.275258
-1.898 0.271376
-1.89216 0.264487
-1.88632 0.26397
-1.88048 0.260645
-1.87464 0.258286
-1.8688 0.252518
-1.86296 0.254247
-1.85712 0.246565
-1.85128 0.24169
-1.84544 0.238862
-1.8396 0.238931
-1.83376 0.233535
-1.82792 0.232764
-1.82208 0.227872
-1.81624 0.224201
-1.8104 0.222945
-1.80456 0.219129
-1.79872 0.215644
-1.79288 0.210249
-1.78704 0.203953
-1.7812 0.202891
-1.77536 0.201203
-1.76952 0.199243
-1.76368 0.193458
-1.75784 0.190052
-1.752 0.185718
-1.74616 0.182141
-1.74032 0.178927
-1.73448 0.17677
-1.72864 0.174528
-1.7228 0.168797
-1.71696 0.168539
-1.71112 0.164152
-1.70528 0.16286
-1.69944 0.155314
-1.6936 0.155105
-1.68776 0.151701
-1.68192 0.148946
-1.67608 0.146068
-1.67024 0.142762
-1.6644 0.1433
-1.65856 0.13953
-1.65272 0.141264
-1.64688 0.138186
-1.64104 0.136219
-1.6352 0.139554
-1.62936 0.136685
-1.62352 0.137879
-1.61768 0.140521
-1.61184 0.136639
-1.606 0.134728
-1.60016 0.136252
-1.59432 0.137383
-1.58848 0.136398
-1.58264 0.137354
-1.5768 0.132676
-1.57096 0.134419
-1.56512 0.134066
-1.55928 0.133686
-1.55344 0.134034
-1.5476 0.136914
-1.54176 0.133709
-1.53592 0.134572
-1.53008 0.135762
-1.52424 0.136428
-1.5184 0.133862
-1.51256 0.134015
-1.50672 0.136574
-1.50088 0.13109
-1.49504 0.132854
-1.4892 0.137849
-1.48336 0.13646
-1.47752 0.137198
-1.47168 0.138788
-1.46584 0.138425
-1.46 0.138757
-1.45416 0.141054
-1.44832 0.144058
-1.44248 0.143509
-1.43664 0.142269
-1.4308 0.14546
-1.42496 0.143935
-1.41912 0.146822
-1.41328 0.145278
-1.40744 0.145629
-1.4016 0.146956
-1.39576 0.148683
-1.38992 0.148646
-1.38408 0.148249
-1.37824 0.150979
-1.3724 0.150545
-1.36656 0.149202
-1.36072 0.15102
-1.35488 0.148168
-1.34904 0.148511
-1.3432 0.151303
-1.33736 0.153422
-1.33152 0.157457
-1.32568 0.158485
-1.31984 0.162515
-1.314 0.161988
-1.30816 0.167968
-1.30232 0.166063
-1.29648 0.170251
-1.29064 0.173526
-1.2848 0.17344
-1.27896 0.177646
-1.27312 0.18085
-1.26728 0.183929
-1.26144 0.186104
-1.2556 0.188865
-1.24976 0.192573
-1.24392 0.198447
-1.23808 0.199327
-1.23224 0.203446
-1.2264 0.204452
-1.22056 0.206758
-1.21472 0.210261
-1.20888 0.213289
-1.20304 0.212825
-1.1972 0.215217
-1.19136 0.21868
-1.18552 0.22145
-1.17968 0.225621
-1.17384 0.22483
-1.168 0.228194
-1.16216 0.230568
-1.15632 0.236371
-1.15048 0.235028
-1.14464 0.235736
-1.1388 0.235531
-1.13296 0.238287
-1.12712 0.240423
-1.12128 0.242632
-1.11544 0.244247
-1.1096 0.250502
-1.10376 0.248779
-1.09792 0.250616
-1.09208 0.257419
-1.08624 0.25998
-1.0804 0.257817
-1.07456 0.256827
-1.06872 0.262089
-1.06288 0.261669
-1.05704 0.261411
-1.0512 0.269141
-1.04536 0.270261
-1.03952 0.272707
-1.03368 0.276923
-1.02784 0.277926
-1.022 0.280447
-1.01616 0.284199
-1.01032 0.285958
-1.00448 0.286677
-0.99864 0.288704
-0.9928 0.290472
-0.98696 0.290676
-0.98112 0.295301
-0.97528 0.295253
-0.96944 0.29761
-0.9636 0.298316
-0.95776 0.299919
-0.95192 0.301897
-0.94608 0.302621
-0.94024 0.305855
-0.9344 0.305882
-0.92856 0.305615
-0.92272 0.308932
-0.91688 0.30635
-0.91104 0.307772
-0.9052 0.311223
-0.89936 0.311008
-0.89352 0.314679
-0.88768 0.315551
-0.88184 0.317357
-0.876 0.317797
-0.87016 0.320869
-0.86432 0.318694
-0.85848 0.320795
-0.85264 0.321704
-0.8468 0.322746
-0.84096 0.324624
-0.83512 0.326135
-0.82928 0.326819
-0.82344 0.33068
-0.8176 0.331181
-0.81176 0.333346
-0.80592 0.335997
-0.80008 0.337777
-0.79424 0.339372
-0.7884 0.34036
-0.78256 0.342991
-0.77672 0.342976
-0.77088 0.344895
-0.76504 0.343736
-0.7592 0.344268
-0.75336 0.344153
-0.74752 0.344895
-0.74168 0.345291
-0.73584 0.344594
-0.73 0.344062
-0.72416 0.34425
-0.71832 0.344006
-0.71248 0.345071
-0.70664 0.344364
-0.7008 0.342694
-0.69496 0.342067
-0.68912 0.342713
-0.68328 0.342385
-0.67744 0.344025
-0.6716 0.342979
-0.66576 0.344031
-0.65992 0.343728
-0.65408 0.345349
-0.64824 0.345005
-0.6424 0.344295
-0.63656 0.345416
-0.63072 0.346326
-0.62488 0.347363
-0.61904 0.348269
-0.6132 0.349968
-0.60736 0.350319
-0.60152 0.350084
-0.59568 0.350084
-0.58984 0.350084
-0.584 0.350084
-0.57816 0.350084
-0.57232 0.350084
-0.56648 0.350084
-0.56064 0.350084
-0.5548 0.350084
-0.54896 0.350084
-0.54312 0.350084
-0.53728 0.350084
-0.53144 0.350084
-0.5256 0.350084
-0.51976 0.350084
-0.51392 0.350084
-0.50808 0.350084
-0.50224 0.350084
-0.4964 0.350084
-0.49056 0.350084
-0.48472 0.350084
-0.47888 0.350084
-0.47304 0.350084
-0.4672 0.350084
-0.46136 0.350084
-0.45552 0.350084
-0.44968 0.350084
-0.44384 0.350084
-0.438 0.350084
-0.43216 0.350084
-0.42632 0.350084
-0.42048 0.350084
-0.41464 0.350084
-0.4088 0.350084
-0.40296 0.350084
-0.39712 0.350084
-0.39128 0.350084
-0.38544 0.350084
-0.3796 0.350084
-0.37376 0.350084
-0.36792 0.350084
-0.36208 0.350084
-0.35624 0.350084
-0.3504 0.350084
-0.34456 0.350084
-0.33872 0.350084
-0.33288 0.350084
-0.32704 0.350084
-0.3212 0.350084
-0.31536 0.350084
-0.30952 0.350084
-0.30368 0.350084
-0.29784 0.350084
-0.292 0.350084
-0.28616 0.350084
-0.28032 0.350084
-0.27448 0.350084
-0.26864 0.350084
-0.2628 0.350084
-0.25696 0.350084
-0.25112 0.350084
-0.24528 0.350084
-0.23944 0.350084
-0.2336 0.350084
-0.22776 0.350084
-0.22192 0.350084
-0.21608 0.350084
-0.21024 0.350084
-0.2044 0.350084
-0.19856 0.350084
-0.19272 0.350084
-0.18688 0.350084
-0.18104 0.350084
-0.1752 0.350084
-0.16936 0.350084
-0.16352 0.350084
-0.15768 0.350084
-0.15184 0.350084
-0.146 0.350084
-0.14016 0.350084
-0.13432 0.350084
-0.12848 0.350084
-0.12264 0.350084
-0.1168 0.350084
-0.11096 0.350084
-0.10512 0.350084
-0.09928 0.350084
-0.09344 0.350084
-0.0876 0.350084
-0.08176 0.350084
-0.07592 0.350084
-0.07008 0.350084
-0.06424 0.350084
-0.0584 0.350084
-0.05256 0.350084
-0.04672 0.350084
-0.04088 0.350084
-0.03504 0.350084
-0.0292 0.350084
-0.02336 0.350084
-0.01752 0.350084
-0.01168 0.350084
-0.00584 0.350084
