-2.92 0.504665
-2.91416 0.504665
-2.90832 0.504665
-2.90248 0.504665
-2.89664 0.504665
-2.8908 0.504665
-2.88496 0.504665
-2.87912 0.504665
-2.87328 0.504665
-2.86744 0.504665
-2.8616 0.504665
-2.85576 0.504665
-2.84992 0.504665
-2.84408 0.504665
-2.83824 0.504665
-2.8324 0.504665
-2.82656 0.504665
-2.82072 0.504665
-2.81488 0.504665
-2.80904 0.504665
-2.8032 0.504665
-2.79736 0.504665
-2.79152 0.504665
-2.78568 0.504665
-2.77984 0.504665
-2.774 0.504665
-2.76816 0.504665
-2.76232 0.504665
-2.75648 0.504665
-2.75064 0.504665
-2.7448 0.504665
-2.73896 0.504665
-2.73312 0.504665
-2.72728 0.504665
-2.72144 0.504665
-2.7156 0.504665
-2.70976 0.504665
-2.70392 0.504665
-2.69808 0.504665
-2.69224 0.504665
-2.6864 0.504665
-2.68056 0.504665
-2.67472 0.504665
-2.66888 0.504665
-2.66304 0.504665
-2.6572 0.504665
-2.65136 0.504665
-2.64552 0.504665
-2.63968 0.504665
-2.63384 0.504665
-2.628 0.504665
-2.62216 0.504665
-2.61632 0.504665
-2.61048 0.504665
-2.60464 0.504665
-2.5988 0.504665
-2.59296 0.504045
-2.58712 0.503072
-2.58128 0.502012
-2.57544 0.500775
-2.5696 0.499315
-2.56376 0.497766
-2.55792 0.496128
-2.55208 0.494448
-2.54624 0.492725
-2.5404 0.490823
-2.53456 0.488878
-2.52872 0.486802
-2.52288 0.484726
-2.51704 0.482561
-2.5112 0.480393
-2.50536 0.478227
-2.49952 0.476055
-2.49368 0.474178
-2.48784 0.47192
-2.482 0.470119
-2.47616 0.468011
-2.47032 0.46549
-2.46448 0.463417
-2.45864 0.461878
-2.4528 0.45931
-2.44696 0.456825
-2.44112 0.45409
-2.43528 0.451882
-2.42944 0.44911
-2.4236 0.446988
-2.41776 0.444459
-2.41192 0.442836
-2.40608 0.441124
-2.40024 0.438632
-2.3944 0.43741
-2.38856 0.43529
-2.38272 0.433241
-2.37688 0.43158
-2.37104 0.429359
-2.3652 0.428774
-2.35936 0.426762
-2.35352 0.425591
-2.34768 0.423089
-2.34184 0.422789
-2.336 0.421158
-2.33016 0.419774
-2.32432 0.417479
-2.31848 0.417232
-2.31264 0.415096
-2.3068 0.414387
-2.30096 0.413048
-2.29512 0.412826
-2.28928 0.410782
-2.28344 0.40873
-2.2776 0.406931
-2.27176 0.407554
-2.26592 0.405213
-2.26008 0.406336
-2.25424 0.402786
-2.2484 0.400527
-2.24256 0.400348
-2.23672 0.397918
-2.23088 0.397696
-2.22504 0.394387
-2.2192 0.391329
-2.21336 0.391129
-2.20752 0.388571
-2.20168 0.388975
-2.19584 0.387201
-2.19 0.384702
-2.18416 0.384991
-2.17832 0.381717
-2.17248 0.379949
-2.16664 0.377549
-2.1608 0.374987
-2.15496 0.374812
-2.14912 0.370446
-2.14328 0.37043
-2.13744 0.370459
-2.1316 0.369457
-2.12576 0.364643
-2.11992 0.363784
-2.11408 0.359008
-2.10824 0.357862
-2.1024 0.357888
-2.09656 0.35626
-2.09072 0.35323
-2.08488 0.35298
-2.07904 0.348984
-2.0732 0.347388
-2.06736 0.345728
-2.06152 0.344089
-2.05568 0.342205
-2.04984 0.340651
-2.044 0.340499
-2.03816 0.339403
-2.03232 0.33386
-2.02648 0.333054
-2.02064 0.332562
-2.0148 0.328556
-2.00896 0.327103
-2.00312 0.325318
-1.99728 0.32576
-1.99144 0.323226
-1.9856 0.320681
-1.97976 0.320982
-1.97392 0.315691
-1.96808 0.316989
-1.96224 0.313049
-1.9564 0.312166
-1.95056 0.307354
-1.94472 0.303704
-1.93888 0.303952
-1.93304 0.296804
-1.9272 0.298909
-1.92136 0.292581
-1.91552 0.28837
-1.90968 0.288398
-1.90384 0.286348
-1.898 0.278218
-1.89216 0.276327
-1.88632 0.274516
-1.88048 0.267573
-1.87464 0.264955
-1.8688 0.262038
-1.86296 0.259816
-1.85712 0.251454
-1.85128 0.252126
-1.84544 0.245325
-1.8396 0.24298
-1.83376 0.237802
-1.82792 0.235324
-1.82208 0.232438
-1.81624 0.230397
-1.8104 0.22771
-1.80456 0.223009
-1.79872 0.216346
-1.79288 0.212504
-1.78704 0.209588
-1.7812 0.206705
-1.77536 0.199913
-1.76952 0.195664
-1.76368 0.192236
-1.75784 0.187107
-1.752 0.183273
-1.74616 0.177972
-1.74032 0.177877
-1.73448 0.172366
-1.72864 0.170271
-1.7228 0.163539
-1.71696 0.160687
-1.71112 0.153776
-1.70528 0.152956
-1.69944 0.149696
-1.6936 0.145521
-1.68776 0.142523
-1.68192 0.139215
-1.67608 0.132277
-1.67024 0.130483
-1.6644 0.12979
-1.65856 0.126059
-1.65272 0.125075
-1.64688 0.122119
-1.64104 0.122355
-1.6352 0.121325
-1.62936 0.118365
-1.62352 0.117105
-1.61768 0.118576
-1.61184 0.114871
-1.606 0.117271
-1.60016 0.114143
-1.59432 0.117761
-1.58848 0.117862
-1.58264 0.114781
-1.5768 0.115584
-1.57096 0.114959
-1.56512 0.11623
-1.55928 0.112362
-1.55344 0.115659
-1.5476 0.116043
-1.54176 0.116598
-1.53592 0.114951
-1.53008 0.117851
-1.52424 0.115968
-1.5184 0.115603
-1.51256 0.112775
-1.50672 0.114864
-1.50088 0.113108
-1.49504 0.116213
-1.4892 0.120937
-1.48336 0.117838
-1.47752 0.121892
-1.47168 0.120667
-1.46584 0.124471
-1.46 0.124619
-1.45416 0.128119
-1.44832 0.130158
-1.44248 0.127412
-1.43664 0.128276
-1.4308 0.128031
-1.42496 0.131164
-1.41912 0.129611
-1.41328 0.131291
-1.40744 0.13423
-1.4016 0.136008
-1.39576 0.132123
-1.38992 0.135562
-1.38408 0.135037
-1.37824 0.138658
-1.3724 0.135461
-1.36656 0.136786
-1.36072 0.13702
-1.35488 0.137397
-1.34904 0.137428
-1.3432 0.137267
-1.33736 0.141275
-1.33152 0.142683
-1.32568 0.147474
-1.31984 0.148677
-1.314 0.149883
-1.30816 0.154663
-1.30232 0.155161
-1.29648 0.159693
-1.29064 0.161303
-1.2848 0.16283
-1.27896 0.165342
-1.27312 0.168411
-1.26728 0.175012
-1.26144 0.180091
-1.2556 0.18102
-1.24976 0.183843
-1.24392 0.187733
-1.23808 0.191905
-1.23224 0.194484
-1.2264 0.196606
-1.22056 0.199445
-1.21472 0.201552
-1.20888 0.205306
-1.20304 0.208696
-1.1972 0.211461
-1.19136 0.213666
-1.18552 0.216361
-1.17968 0.218574
-1.17384 0.220992
-1.168 0.224334
-1.16216 0.226707
-1.15632 0.231316
-1.15048 0.234615
-1.14464 0.234923
-1.1388 0.234134
-1.13296 0.236443
-1.12712 0.238981
-1.12128 0.241283
-1.11544 0.244889
-1.1096 0.247381
-1.10376 0.249296
-1.09792 0.252428
-1.09208 0.255543
-1.08624 0.258197
-1.0804 0.258149
-1.07456 0.257713
-1.06872 0.261507
-1.06288 0.2627
-1.05704 0.26697
-1.0512 0.271844
-1.04536 0.27515
-1.03952 0.281559
-1.03368 0.279696
-1.02784 0.285388
-1.022 0.289026
-1.01616 0.293783
-1.01032 0.297093
-1.00448 0.297816
-0.99864 0.29874
-0.9928 0.299972
-0.98696 0.304983
-0.98112 0.306319
-0.97528 0.310061
-0.96944 0.313671
-0.9636 0.315038
-0.95776 0.315846
-0.95192 0.318734
-0.94608 0.32162
-0.94024 0.325468
-0.9344 0.325323
-0.92856 0.328153
-0.92272 0.329474
-0.91688 0.330513
-0.91104 0.333136
-0.9052 0.332951
-0.89936 0.337668
-0.89352 0.337311
-0.88768 0.341748
-0.88184 0.342394
-0.876 0.343095
-0.87016 0.348065
-0.86432 0.347891
-0.85848 0.350625
-0.85264 0.352201
-0.8468 0.353974
-0.84096 0.356095
-0.83512 0.356645
-0.82928 0.362958
-0.82344 0.366284
-0.8176 0.366545
-0.81176 0.369281
-0.80592 0.372268
-0.80008 0.374811
-0.79424 0.3767
-0.7884 0.378969
-0.78256 0.379779
-0.77672 0.381321
-0.77088 0.383337
-0.76504 0.382954
-0.7592 0.38325
-0.75336 0.383704
-0.74752 0.384323
-0.74168 0.383693
-0.73584 0.384825
-0.73 0.384765
-0.72416 0.385518
-0.71832 0.385676
-0.71248 0.387299
-0.70664 0.385861
-0.7008 0.3843
-0.69496 0.384497
-0.68912 0.385781
-0.68328 0.384583
-0.67744 0.386569
-0.6716 0.38634
-0.66576 0.387615
-0.65992 0.38691
-0.65408 0.388864
-0.64824 0.388746
-0.6424 0.388302
-0.63656 0.389608
-0.63072 0.390783
-0.62488 0.391952
-0.61904 0.392992
-0.6132 0.39461
-0.60736 0.395134
-0.60152 0.394985
-0.59568 0.394985
-0.58984 0.394985
-0.584 0.394985
-0.57816 0.394985
-0.57232 0.394985
-0.56648 0.394985
-0.56064 0.394985
-0.5548 0.394985
-0.54896 0.394985
-0.54312 0.394985
-0.53728 0.394985
-0.53144 0.394985
-0.5256 0.394985
-0.51976 0.394985
-0.51392 0.394985
-0.50808 0.394985
-0.50224 0.394985
-0.4964 0.394985
-0.49056 0.394985
-0.48472 0.394985
-0.47888 0.394985
-0.47304 0.394985
-0.4672 0.394985
-0.46136 0.394985
-0.45552 0.394985
-0.44968 0.394985
-0.44384 0.394985
-0.438 0.394985
-0.43216 0.394985
-0.42632 0.394985
-0.42048 0.394985
-0.41464 0.394985
-0.4088 0.394985
-0.40296 0.394985
-0.39712 0.394985
-0.39128 0.394985
-0.38544 0.394985
-0.3796 0.394985
-0.37376 0.394985
-0.36792 0.394985
-0.36208 0.394985
-0.35624 0.394985
-0.3504 0.394985
-0.34456 0.394985
-0.33872 0.394985
-0.33288 0.394985
-0.32704 0.394985
-0.3212 0.394985
-0.31536 0.394985
-0.30952 0.394985
-0.30368 0.394985
-0.29784 0.394985
-0.292 0.394985
-0.28616 0.394985
-0.28032 0.394985
-0.27448 0.394985
-0.26864 0.394985
-0.2628 0.394985
-0.25696 0.394985
-0.25112 0.394985
-0.24528 0.394985
-0.23944 0.394985
-0.2336 0.394985
-0.22776 0.394985
-0.22192 0.394985
-0.21608 0.394985
-0.21024 0.394985
-0.2044 0.394985
-0.19856 0.394985
-0.19272 0.394985
-0.18688 0.394985
-0.18104 0.394985
-0.1752 0.394985
-0.16936 0.394985
-0.16352 0.394985
-0.15768 0.394985
-0.15184 0.394985
-0.146 0.394985
-0.14016 0.394985
-0.13432 0.394985
-0.12848 0.394985
-0.12264 0.394985
-0.1168 0.394985
-0.11096 0.394985
-0.10512 0.394985
-0.09928 0.394985
-0.09344 0.394985
-0.0876 0.394985
-0.08176 0.394985
-0.07592 0.394985
-0.07008 0.394985
-0.06424 0.394985
-0.0584 0.394985
-0.05256 0.394985
-0.04672 0.394985
-0.04088 0.394985
-0.03504 0.394985
-0.0292 0.394985
-0.02336 0.394985
-0.01752 0.394985
-0.01168 0.394985
-0.00584 0.394985
