-2.92 0.407506
-2.91416 0.407506
-2.90832 0.407506
-2.90248 0.407506
-2.89664 0.407506
-2.8908 0.407506
-2.88496 0.407506
-2.87912 0.407506
-2.87328 0.407506
-2.86744 0.407506
-2.8616 0.407506
-2.85576 0.407506
-2.84992 0.407506
-2.84408 0.407506
-2.83824 0.407506
-2.8324 0.407506
-2.82656 0.407506
-2.82072 0.407506
-2.81488 0.407506
-2.80904 0.407506
-2.8032 0.407506
-2.79736 0.407506
-2.79152 0.407506
-2.78568 0.407506
-2.77984 0.407506
-2.774 0.407506
-2.76816 0.407506
-2.76232 0.407506
-2.75648 0.407506
-2.75064 0.407506
-2.7448 0.407506
-2.73896 0.407506
-2.73312 0.407506
-2.72728 0.407506
-2.72144 0.407506
-2.7156 0.407506
-2.70976 0.407506
-2.70392 0.407506
-2.69808 0.407506
-2.69224 0.407506
-2.6864 0.407506
-2.68056 0.407506
-2.67472 0.407506
-2.66888 0.407506
-2.66304 0.407506
-2.6572 0.407506
-2.65136 0.407506
-2.64552 0.407506
-2.63968 0.407506
-2.63384 0.407506
-2.628 0.407506
-2.62216 0.407506
-2.61632 0.407506
-2.61048 0.407506
-2.60464 0.407506
-2.5988 0.407506
-2.59296 0.406847
-2.58712 0.406099
-2.58128 0.405308
-2.57544 0.404384
-2.5696 0.403415
-2.56376 0.402269
-2.55792 0.400991
-2.55208 0.399757
-2.54624 0.398434
-2.5404 0.396978
-2.53456 0.395435
-2.52872 0.393847
-2.52288 0.392259
-2.51704 0.390669
-2.5112 0.389036
-2.50536 0.3874
-2.49952 0.385629
-2.49368 0.384151
-2.48784 0.3828
-2.482 0.38137
-2.47616 0.379799
-2.47032 0.377638
-2.46448 0.375892
-2.45864 0.37476
-2.4528 0.371975
-2.44696 0.370349
-2.44112 0.369625
-2.43528 0.367627
-2.42944 0.365752
-2.4236 0.363048
-2.41776 0.361372
-2.41192 0.360446
-2.40608 0.357572
-2.40024 0.355606
-2.3944 0.354306
-2.38856 0.352921
-2.38272 0.351665
-2.37688 0.350654
-2.37104 0.348731
-2.3652 0.346843
-2.35936 0.345499
-2.35352 0.344856
-2.34768 0.344012
-2.34184 0.342333
-2.336 0.342738
-2.33016 0.341192
-2.32432 0.340133
-2.31848 0.339036
-2.31264 0.3379
-2.3068 0.337896
-2.30096 0.336844
-2.29512 0.33575
-2.28928 0.336195
-2.28344 0.335895
-2.2776 0.334252
-2.27176 0.333661
-2.26592 0.333566
-2.26008 0.332598
-2.25424 0.333378
-2.2484 0.332454
-2.24256 0.331441
-2.23672 0.332158
-2.23088 0.329176
-2.22504 0.329444
-2.2192 0.327418
-2.21336 0.328071
-2.20752 0.326675
-2.20168 0.325316
-2.19584 0.324383
-2.19 0.322311
-2.18416 0.322994
-2.17832 0.322533
-2.17248 0.322186
-2.16664 0.321533
-2.1608 0.320065
-2.15496 0.319821
-2.14912 0.319315
-2.14328 0.316442
-2.13744 0.314176
-2.1316 0.314075
-2.12576 0.314311
-2.11992 0.312845
-2.11408 0.313245
-2.10824 0.310172
-2.1024 0.307396
-2.09656 0.307884
-2.09072 0.30783
-2.08488 0.306728
-2.07904 0.304629
-2.0732 0.304199
-2.06736 0.303061
-2.06152 0.298866
-2.05568 0.302168
-2.04984 0.298955
-2.044 0.29809
-2.03816 0.299558
-2.03232 0.298039
-2.02648 0.295361
-2.02064 0.296242
-2.0148 0.294312
-2.00896 0.293049
-2.00312 0.292453
-1.99728 0.292144
-1.99144 0.289224
-1.9856 0.288536
-1.97976 0.286089
-1.97392 0.283652
-1.96808 0.288967
-1.96224 0.281553
-1.9564 0.284453
-1.95056 0.279337
-1.94472 0.282313
-1.93888 0.274538
-1.93304 0.27184
-1.9272 0.267864
-1.92136 0.269556
-1.91552 0.265966
-1.90968 0.260443
-1.90384 0.25924
-1.898 0.255798
-1.89216 0.254946
-1.88632 0.250987
-1.88048 0.247256
-1.87464 0.245432
-1.8688 0.242984
-1.86296 0.238805
-1.85712 0.237895
-1.85128 0.233058
-1.84544 0.229733
-1.8396 0.227915
-1.83376 0.222952
-1.82792 0.220006
-1.82208 0.215989
-1.81624 0.213816
-1.8104 0.210838
-1.80456 0.207363
-1.79872 0.207591
-1.79288 0.20563
-1.78704 0.197161
-1.7812 0.196761
-1.77536 0.191892
-1.76952 0.191344
-1.76368 0.184676
-1.75784 0.1826
-1.752 0.177117
-1.74616 0.172439
-1.74032 0.171087
-1.73448 0.168367
-1.72864 0.164061
-1.7228 0.163231
-1.71696 0.157325
-1.71112 0.15769
-1.70528 0.150187
-1.69944 0.150057
-1.6936 0.146115
-1.68776 0.141518
-1.68192 0.138799
-1.67608 0.134728
-1.67024 0.134956
-1.6644 0.13125
-1.65856 0.128982
-1.65272 0.128844
-1.64688 0.127018
-1.64104 0.125517
-1.6352 0.12419
-1.62936 0.12367
-1.62352 0.122726
-1.61768 0.123431
-1.61184 0.123133
-1.606 0.122659
-1.60016 0.12041
-1.59432 0.119867
-1.58848 0.12321
-1.58264 0.123422
-1.5768 0.121994
-1.57096 0.123363
-1.56512 0.120646
-1.55928 0.121974
-1.55344 0.121401
-1.5476 0.119502
-1.54176 0.119075
-1.53592 0.119476
-1.53008 0.121879
-1.52424 0.12166
-1.5184 0.11636
-1.51256 0.120181
-1.50672 0.117438
-1.50088 0.120793
-1.49504 0.119268
-1.4892 0.119184
-1.48336 0.121938
-1.47752 0.123343
-1.47168 0.122154
-1.46584 0.124043
-1.46 0.126008
-1.45416 0.127523
-1.44832 0.126018
-1.44248 0.125882
-1.43664 0.126147
-1.4308 0.127494
-1.42496 0.12986
-1.41912 0.127279
-1.41328 0.128232
-1.40744 0.127579
-1.4016 0.131729
-1.39576 0.130554
-1.38992 0.130099
-1.38408 0.131341
-1.37824 0.132213
-1.3724 0.129569
-1.36656 0.132253
-1.36072 0.131731
-1.35488 0.129253
-1.34904 0.127836
-1.3432 0.131356
-1.33736 0.133532
-1.33152 0.133987
-1.32568 0.136093
-1.31984 0.138384
-1.314 0.139431
-1.30816 0.14338
-1.30232 0.14437
-1.29648 0.14789
-1.29064 0.148187
-1.2848 0.149636
-1.27896 0.150296
-1.27312 0.157863
-1.26728 0.160479
-1.26144 0.163665
-1.2556 0.164735
-1.24976 0.16898
-1.24392 0.173854
-1.23808 0.17726
-1.23224 0.180985
-1.2264 0.182043
-1.22056 0.181715
-1.21472 0.187234
-1.20888 0.190466
-1.20304 0.19118
-1.1972 0.192784
-1.19136 0.195045
-1.18552 0.197474
-1.17968 0.200357
-1.17384 0.205812
-1.168 0.206286
-1.16216 0.208569
-1.15632 0.2091
-1.15048 0.212989
-1.14464 0.213859
-1.1388 0.214806
-1.13296 0.217397
-1.12712 0.217582
-1.12128 0.22114
-1.11544 0.223262
-1.1096 0.223791
-1.10376 0.227964
-1.09792 0.229119
-1.09208 0.232917
-1.08624 0.236223
-1.0804 0.23334
-1.07456 0.236086
-1.06872 0.238364
-1.06288 0.242136
-1.05704 0.241491
-1.0512 0.248298
-1.04536 0.250758
-1.03952 0.254649
-1.03368 0.256442
-1.02784 0.258973
-1.022 0.262731
-1.01616 0.266501
-1.01032 0.265892
-1.00448 0.271415
-0.99864 0.27171
-0.9928 0.274821
-0.98696 0.277141
-0.98112 0.279393
-0.97528 0.279282
-0.96944 0.282028
-0.9636 0.28533
-0.95776 0.287946
-0.95192 0.288136
-0.94608 0.290752
-0.94024 0.292982
-0.9344 0.293982
-0.92856 0.297368
-0.92272 0.296621
-0.91688 0.296896
-0.91104 0.298061
-0.9052 0.30075
-0.89936 0.302657
-0.89352 0.303636
-0.88768 0.305031
-0.88184 0.307695
-0.876 0.307429
-0.87016 0.310453
-0.86432 0.311078
-0.85848 0.311975
-0.85264 0.314133
-0.8468 0.315392
-0.84096 0.316455
-0.83512 0.319105
-0.82928 0.322952
-0.82344 0.324467
-0.8176 0.32608
-0.81176 0.327411
-0.80592 0.331247
-0.80008 0.332594
-0.79424 0.335027
-0.7884 0.336547
-0.78256 0.336201
-0.77672 0.339563
-0.77088 0.340437
-0.76504 0.340896
-0.7592 0.338773
-0.75336 0.339192
-0.74752 0.339183
-0.74168 0.340552
-0.73584 0.339956
-0.73 0.340023
-0.72416 0.340257
-0.71832 0.338684
-0.71248 0.339636
-0.70664 0.339538
-0.7008 0.338428
-0.69496 0.33723
-0.68912 0.337076
-0.68328 0.337174
-0.67744 0.33799
-0.6716 0.337662
-0.66576 0.338217
-0.65992 0.338175
-0.65408 0.339969
-0.64824 0.339454
-0.6424 0.33858
-0.63656 0.339621
-0.63072 0.340533
-0.62488 0.341401
-0.61904 0.342228
-0.6132 0.344009
-0.60736 0.344364
-0.60152 0.34392
-0.59568 0.34392
-0.58984 0.34392
-0.584 0.34392
-0.57816 0.34392
-0.57232 0.34392
-0.56648 0.34392
-0.56064 0.34392
-0.5548 0.34392
-0.54896 0.34392
-0.54312 0.34392
-0.53728 0.34392
-0.53144 0.34392
-0.5256 0.34392
-0.51976 0.34392
-0.51392 0.34392
-0.50808 0.34392
-0.50224 0.34392
-0.4964 0.34392
-0.49056 0.34392
-0.48472 0.34392
-0.47888 0.34392
-0.47304 0.34392
-0.4672 0.34392
-0.46136 0.34392
-0.45552 0.34392
-0.44968 0.34392
-0.44384 0.34392
-0.438 0.34392
-0.43216 0.34392
-0.42632 0.34392
-0.42048 0.34392
-0.41464 0.34392
-0.4088 0.34392
-0.40296 0.34392
-0.39712 0.34392
-0.39128 0.34392
-0.38544 0.34392
-0.3796 0.34392
-0.37376 0.34392
-0.36792 0.34392
-0.36208 0.34392
-0.35624 0.34392
-0.3504 0.34392
-0.34456 0.34392
-0.33872 0.34392
-0.33288 0.34392
-0.32704 0.34392
-0.3212 0.34392
-0.31536 0.34392
-0.30952 0.34392
-0.30368 0.34392
-0.29784 0.34392
-0.292 0.34392
-0.28616 0.34392
-0.28032 0.34392
-0.27448 0.34392
-0.26864 0.34392
-0.2628 0.34392
-0.25696 0.34392
-0.25112 0.34392
-0.24528 0.34392
-0.23944 0.34392
-0.2336 0.34392
-0.22776 0.34392
-0.22192 0.34392
-0.21608 0.34392
-0.21024 0.34392
-0.2044 0.34392
-0.19856 0.34392
-0.19272 0.34392
-0.18688 0.34392
-0.18104 0.34392
-0.1752 0.34392
-0.16936 0.34392
-0.16352 0.34392
-0.15768 0.34392
-0.15184 0.34392
-0.146 0.34392
-0.14016 0.34392
-0.13432 0.34392
-0.12848 0.34392
-0.12264 0.34392
-0.1168 0.34392
-0.11096 0.34392
-0.10512 0.34392
-0.09928 0.34392
-0.09344 0.34392
-0.0876 0.34392
-0.08176 0.34392
-0.07592 0.34392
-0.07008 0.34392
-0.06424 0.34392
-0.0584 0.34392
-0.05256 0.34392
-0.04672 0.34392
-0.04088 0.34392
-0.03504 0.34392
-0.0292 0.34392
-0.02336 0.34392
-0.01752 0.34392
-0.01168 0.34392
-0.00584 0.34392
