-2.92 0.408974
-2.91416 0.408974
-2.90832 0.408974
-2.90248 0.408974
-2.89664 0.408974
-2.8908 0.408974
-2.88496 0.408974
-2.87912 0.408974
-2.87328 0.408974
-2.86744 0.408974
-2.8616 0.408974
-2.85576 0.408974
-2.84992 0.408974
-2.84408 0.408974
-2.83824 0.408974
-2.8324 0.408974
-2.82656 0.408974
-2.82072 0.408974
-2.81488 0.408974
-2.80904 0.408974
-2.8032 0.408974
-2.79736 0.408974
-2.79152 0.408974
-2.78568 0.408974
-2.77984 0.408974
-2.774 0.408974
-2.76816 0.408974
-2.76232 0.408974
-2.75648 0.408974
-2.75064 0.408974
-2.7448 0.408974
-2.73896 0.408974
-2.73312 0.408974
-2.72728 0.408974
-2.72144 0.408974
-2.7156 0.408974
-2.70976 0.408974
-2.70392 0.408974
-2.69808 0.408974
-2.69224 0.408974
-2.6864 0.408974
-2.68056 0.408974
-2.67472 0.408974
-2.66888 0.408974
-2.66304 0.408974
-2.6572 0.408974
-2.65136 0.408974
-2.64552 0.408974
-2.63968 0.408974
-2.63384 0.408974
-2.628 0.408974
-2.62216 0.408974
-2.61632 0.408974
-2.61048 0.408974
-2.60464 0.408974
-2.5988 0.408974
-2.59296 0.408399
-2.58712 0.407692
-2.58128 0.406897
-2.57544 0.406012
-2.5696 0.405127
-2.56376 0.404109
-2.55792 0.402959
-2.55208 0.401764
-2.54624 0.40057
-2.5404 0.399243
-2.53456 0.397872
-2.52872 0.396455
-2.52288 0.394994
-2.51704 0.393534
-2.5112 0.392028
-2.50536 0.390478
-2.49952 0.3888
-2.49368 0.38712
-2.48784 0.385396
-2.482 0.384013
-2.47616 0.382274
-2.47032 0.380535
-2.46448 0.378539
-2.45864 0.377
-2.4528 0.375376
-2.44696 0.373422
-2.44112 0.371754
-2.43528 0.370172
-2.42944 0.367761
-2.4236 0.366959
-2.41776 0.36525
-2.41192 0.363751
-2.40608 0.361125
-2.40024 0.36023
-2.3944 0.358518
-2.38856 0.356256
-2.38272 0.354537
-2.37688 0.352691
-2.37104 0.349388
-2.3652 0.348829
-2.35936 0.344856
-2.35352 0.344919
-2.34768 0.342273
-2.34184 0.34109
-2.336 0.33936
-2.33016 0.338543
-2.32432 0.336018
-2.31848 0.334794
-2.31264 0.332263
-2.3068 0.332046
-2.30096 0.33103
-2.29512 0.329508
-2.28928 0.327655
-2.28344 0.328474
-2.2776 0.32711
-2.27176 0.324638
-2.26592 0.32526
-2.26008 0.323833
-2.25424 0.324194
-2.2484 0.322632
-2.24256 0.321102
-2.23672 0.320877
-2.23088 0.319815
-2.22504 0.319382
-2.2192 0.319728
-2.21336 0.317699
-2.20752 0.315553
-2.20168 0.314158
-2.19584 0.312917
-2.19 0.316026
-2.18416 0.314642
-2.17832 0.312907
-2.17248 0.31327
-2.16664 0.312836
-2.1608 0.312066
-2.15496 0.312879
-2.14912 0.311259
-2.14328 0.311263
-2.13744 0.308397
-2.1316 0.308921
-2.12576 0.308945
-2.11992 0.309516
-2.11408 0.308929
-2.10824 0.307193
-2.1024 0.303301
-2.09656 0.302292
-2.09072 0.303216
-2.08488 0.304106
-2.07904 0.304822
-2.0732 0.300711
-2.06736 0.300106
-2.06152 0.299466
-2.05568 0.297274
-2.04984 0.299064
-2.044 0.297528
-2.03816 0.294875
-2.03232 0.295404
-2.02648 0.293212
-2.02064 0.292213
-2.0148 0.293675
-2.00896 0.289966
-2.00312 0.291478
-1.99728 0.290534
-1.99144 0.290153
-1.9856 0.287417
-1.97976 0.285854
-1.97392 0.285983
-1.96808 0.286137
-1.96224 0.286632
-1.9564 0.28209
-1.95056 0.279507
-1.94472 0.2773
-1.93888 0.273311
-1.93304 0.271641
-1.9272 0.270935
-1.92136 0.269048
-1.91552 0.26529
-1.90968 0.264895
-1.90384 0.260309
-1.898 0.256678
-1.89216 0.257785
-1.88632 0.251436
-1.88048 0.249317
-1.87464 0.246274
-1.8688 0.244755
-1.86296 0.238345
-1.85712 0.234168
-1.85128 0.234664
-1.84544 0.228564
-1.8396 0.224771
-1.83376 0.223459
-1.82792 0.221866
-1.82208 0.216302
-1.81624 0.212792
-1.8104 0.210263
-1.80456 0.212629
-1.79872 0.204513
-1.79288 0.201623
-1.78704 0.198396
-1.7812 0.191515
-1.77536 0.190446
-1.76952 0.185954
-1.76368 0.181189
-1.75784 0.180783
-1.752 0.178451
-1.74616 0.171779
-1.74032 0.169651
-1.73448 0.166433
-1.72864 0.163069
-1.7228 0.159035
-1.71696 0.158179
-1.71112 0.151263
-1.70528 0.149738
-1.69944 0.147738
-1.6936 0.146497
-1.68776 0.141052
-1.68192 0.136094
-1.67608 0.132484
-1.67024 0.13002
-1.6644 0.132445
-1.65856 0.126367
-1.65272 0.127351
-1.64688 0.124163
-1.64104 0.12411
-1.6352 0.125896
-1.62936 0.124556
-1.62352 0.123569
-1.61768 0.12218
-1.61184 0.122895
-1.606 0.12092
-1.60016 0.118886
-1.59432 0.12229
-1.58848 0.120578
-1.58264 0.120522
-1.5768 0.119941
-1.57096 0.120705
-1.56512 0.121888
-1.55928 0.120188
-1.55344 0.118951
-1.5476 0.121588
-1.54176 0.120328
-1.53592 0.119938
-1.53008 0.119994
-1.52424 0.121962
-1.5184 0.116459
-1.51256 0.119962
-1.50672 0.119615
-1.50088 0.119654
-1.49504 0.116386
-1.4892 0.118864
-1.48336 0.120693
-1.47752 0.121322
-1.47168 0.119032
-1.46584 0.119538
-1.46 0.121841
-1.45416 0.124257
-1.44832 0.123531
-1.44248 0.123645
-1.43664 0.124017
-1.4308 0.124624
-1.42496 0.123896
-1.41912 0.123932
-1.41328 0.125598
-1.40744 0.125257
-1.4016 0.125825
-1.39576 0.126989
-1.38992 0.124703
-1.38408 0.126621
-1.37824 0.125166
-1.3724 0.126697
-1.36656 0.126141
-1.36072 0.127663
-1.35488 0.123251
-1.34904 0.121233
-1.3432 0.125271
-1.33736 0.127118
-1.33152 0.126589
-1.32568 0.130206
-1.31984 0.131214
-1.314 0.13186
-1.30816 0.137576
-1.30232 0.136133
-1.29648 0.137868
-1.29064 0.139599
-1.2848 0.143691
-1.27896 0.145947
-1.27312 0.14843
-1.26728 0.152112
-1.26144 0.158369
-1.2556 0.158859
-1.24976 0.160861
-1.24392 0.163162
-1.23808 0.169862
-1.23224 0.170742
-1.2264 0.173064
-1.22056 0.176348
-1.21472 0.17704
-1.20888 0.177304
-1.20304 0.184523
-1.1972 0.185986
-1.19136 0.186583
-1.18552 0.188305
-1.17968 0.193191
-1.17384 0.193897
-1.168 0.195708
-1.16216 0.197815
-1.15632 0.201699
-1.15048 0.202597
-1.14464 0.203759
-1.1388 0.20272
-1.13296 0.20273
-1.12712 0.209099
-1.12128 0.209522
-1.11544 0.21215
-1.1096 0.214184
-1.10376 0.217573
-1.09792 0.218106
-1.09208 0.222343
-1.08624 0.223913
-1.0804 0.224487
-1.07456 0.224814
-1.06872 0.228865
-1.06288 0.229507
-1.05704 0.230223
-1.0512 0.235217
-1.04536 0.239103
-1.03952 0.242303
-1.03368 0.241856
-1.02784 0.245118
-1.022 0.249947
-1.01616 0.253704
-1.01032 0.254021
-1.00448 0.256423
-0.99864 0.258874
-0.9928 0.260279
-0.98696 0.26276
-0.98112 0.264065
-0.97528 0.266358
-0.96944 0.268128
-0.9636 0.270707
-0.95776 0.273254
-0.95192 0.273846
-0.94608 0.277405
-0.94024 0.27816
-0.9344 0.280557
-0.92856 0.281405
-0.92272 0.283977
-0.91688 0.280585
-0.91104 0.281849
-0.9052 0.285596
-0.89936 0.287288
-0.89352 0.287335
-0.88768 0.289094
-0.88184 0.291712
-0.876 0.29245
-0.87016 0.296767
-0.86432 0.294267
-0.85848 0.296792
-0.85264 0.297332
-0.8468 0.299807
-0.84096 0.300456
-0.83512 0.302256
-0.82928 0.305728
-0.82344 0.308961
-0.8176 0.310041
-0.81176 0.310846
-0.80592 0.312888
-0.80008 0.316091
-0.79424 0.317952
-0.7884 0.318507
-0.78256 0.319456
-0.77672 0.32029
-0.77088 0.320663
-0.76504 0.323033
-0.7592 0.321422
-0.75336 0.322039
-0.74752 0.320968
-0.74168 0.322625
-0.73584 0.320885
-0.73 0.320218
-0.72416 0.320248
-0.71832 0.322326
-0.71248 0.320491
-0.70664 0.320961
-0.7008 0.317337
-0.69496 0.317024
-0.68912 0.318081
-0.68328 0.316705
-0.67744 0.318233
-0.6716 0.317061
-0.66576 0.318363
-0.65992 0.317554
-0.65408 0.319061
-0.64824 0.318923
-0.6424 0.317959
-0.63656 0.318914
-0.63072 0.319827
-0.62488 0.320692
-0.61904 0.321471
-0.6132 0.323007
-0.60736 0.323482
-0.60152 0.323205
-0.59568 0.323205
-0.58984 0.323205
-0.584 0.323205
-0.57816 0.323205
-0.57232 0.323205
-0.56648 0.323205
-0.56064 0.323205
-0.5548 0.323205
-0.54896 0.323205
-0.54312 0.323205
-0.53728 0.323205
-0.53144 0.323205
-0.5256 0.323205
-0.51976 0.323205
-0.51392 0.323205
-0.50808 0.323205
-0.50224 0.323205
-0.4964 0.323205
-0.49056 0.323205
-0.48472 0.323205
-0.47888 0.323205
-0.47304 0.323205
-0.4672 0.323205
-0.46136 0.323205
-0.45552 0.323205
-0.44968 0.323205
-0.44384 0.323205
-0.438 0.323205
-0.43216 0.323205
-0.42632 0.323205
-0.42048 0.323205
-0.41464 0.323205
-0.4088 0.323205
-0.40296 0.323205
-0.39712 0.323205
-0.39128 0.323205
-0.38544 0.323205
-0.3796 0.323205
-0.37376 0.323205
-0.36792 0.323205
-0.36208 0.323205
-0.35624 0.323205
-0.3504 0.323205
-0.34456 0.323205
-0.33872 0.323205
-0.33288 0.323205
-0.32704 0.323205
-0.3212 0.323205
-0.31536 0.323205
-0.30952 0.323205
-0.30368 0.323205
-0.29784 0.323205
-0.292 0.323205
-0.28616 0.323205
-0.28032 0.323205
-0.27448 0.323205
-0.26864 0.323205
-0.2628 0.323205
-0.25696 0.323205
-0.25112 0.323205
-0.24528 0.323205
-0.23944 0.323205
-0.2336 0.323205
-0.22776 0.323205
-0.22192 0.323205
-0.21608 0.323205
-0.21024 0.323205
-0.2044 0.323205
-0.19856 0.323205
-0.19272 0.323205
-0.18688 0.323205
-0.18104 0.323205
-0.1752 0.323205
-0.16936 0.323205
-0.16352 0.323205
-0.15768 0.323205
-0.15184 0.323205
-0.146 0.323205
-0.14016 0.323205
-0.13432 0.323205
-0.12848 0.323205
-0.12264 0.323205
-0.1168 0.323205
-0.11096 0.323205
-0.10512 0.323205
-0.09928 0.323205
-0.09344 0.323205
-0.0876 0.323205
-0.08176 0.323205
-0.07592 0.323205
-0.07008 0.323205
-0.06424 0.323205
-0.0584 0.323205
-0.05256 0.323205
-0.04672 0.323205
-0.04088 0.323205
-0.03504 0.323205
-0.0292 0.323205
-0.02336 0.323205
-0.01752 0.323205
-0.01168 0.323205
-0.00584 0.323205
