-2.92 0.445468
-2.91416 0.445468
-2.90832 0.445468
-2.90248 0.445468
-2.89664 0.445468
-2.8908 0.445468
-2.88496 0.445468
-2.87912 0.445468
-2.87328 0.445468
-2.86744 0.445468
-2.8616 0.445468
-2.85576 0.445468
-2.84992 0.445468
-2.84408 0.445468
-2.83824 0.445468
-2.8324 0.445468
-2.82656 0.445468
-2.82072 0.445468
-2.81488 0.445468
-2.80904 0.445468
-2.8032 0.445468
-2.79736 0.445468
-2.79152 0.445468
-2.78568 0.445468
-2.77984 0.445468
-2.774 0.445468
-2.76816 0.445468
-2.76232 0.445468
-2.75648 0.445468
-2.75064 0.445468
-2.7448 0.445468
-2.73896 0.445468
-2.73312 0.445468
-2.72728 0.445468
-2.72144 0.445468
-2.7156 0.445468
-2.70976 0.445468
-2.70392 0.445468
-2.69808 0.445468
-2.69224 0.445468
-2.6864 0.445468
-2.68056 0.445468
-2.67472 0.445468
-2.66888 0.445468
-2.66304 0.445468
-2.6572 0.445468
-2.65136 0.445468
-2.64552 0.445468
-2.63968 0.445468
-2.63384 0.445468
-2.628 0.445468
-2.62216 0.445468
-2.61632 0.445468
-2.61048 0.445468
-2.60464 0.445468
-2.5988 0.445468
-2.59296 0.444982
-2.58712 0.444322
-2.58128 0.443572
-2.57544 0.442733
-2.5696 0.441806
-2.56376 0.440786
-2.55792 0.439721
-2.55208 0.43861
-2.54624 0.437412
-2.5404 0.436209
-2.53456 0.434915
-2.52872 0.433577
-2.52288 0.432239
-2.51704 0.430727
-2.5112 0.429127
-2.50536 0.427529
-2.49952 0.426467
-2.49368 0.425783
-2.48784 0.424847
-2.482 0.424697
-2.47616 0.42383
-2.47032 0.423789
-2.46448 0.423499
-2.45864 0.423083
-2.4528 0.422206
-2.44696 0.42213
-2.44112 0.421954
-2.43528 0.421152
-2.42944 0.420927
-2.4236 0.420576
-2.41776 0.419727
-2.41192 0.420752
-2.40608 0.419561
-2.40024 0.419509
-2.3944 0.417311
-2.38856 0.418208
-2.38272 0.417396
-2.37688 0.415534
-2.37104 0.41864
-2.3652 0.415775
-2.35936 0.415612
-2.35352 0.414888
-2.34768 0.415279
-2.34184 0.415288
-2.336 0.413832
-2.33016 0.412264
-2.32432 0.413187
-2.31848 0.411905
-2.31264 0.41034
-2.3068 0.408926
-2.30096 0.407648
-2.29512 0.406834
-2.28928 0.404209
-2.28344 0.403331
-2.2776 0.400088
-2.27176 0.398987
-2.26592 0.397005
-2.26008 0.394983
-2.25424 0.393996
-2.2484 0.390762
-2.24256 0.387424
-2.23672 0.385648
-2.23088 0.38544
-2.22504 0.383068
-2.2192 0.379858
-2.21336 0.376962
-2.20752 0.377821
-2.20168 0.376922
-2.19584 0.370156
-2.19 0.371011
-2.18416 0.367144
-2.17832 0.365229
-2.17248 0.361317
-2.16664 0.362763
-2.1608 0.35827
-2.15496 0.355607
-2.14912 0.353815
-2.14328 0.35492
-2.13744 0.348011
-2.1316 0.346907
-2.12576 0.347958
-2.11992 0.344536
-2.11408 0.344391
-2.10824 0.34345
-2.1024 0.338761
-2.09656 0.33822
-2.09072 0.336492
-2.08488 0.334335
-2.07904 0.330778
-2.0732 0.329941
-2.06736 0.329542
-2.06152 0.330338
-2.05568 0.325025
-2.04984 0.325376
-2.044 0.325746
-2.03816 0.322196
-2.03232 0.322396
-2.02648 0.321296
-2.02064 0.319515
-2.0148 0.31904
-2.00896 0.314966
-2.00312 0.314075
-1.99728 0.314943
-1.99144 0.312716
-1.9856 0.313554
-1.97976 0.307814
-1.97392 0.308443
-1.96808 0.304765
-1.96224 0.307322
-1.9564 0.306605
-1.95056 0.306152
-1.94472 0.304611
-1.93888 0.300826
-1.93304 0.300518
-1.9272 0.294378
-1.92136 0.290069
-1.91552 0.289957
-1.90968 0.287859
-1.90384 0.289443
-1.898 0.284045
-1.89216 0.282702
-1.88632 0.276257
-1.88048 0.275905
-1.87464 0.271679
-1.8688 0.269999
-1.86296 0.266714
-1.85712 0.262963
-1.85128 0.262908
-1.84544 0.257852
-1.8396 0.25643
-1.83376 0.252574
-1.82792 0.246743
-1.82208 0.24576
-1.81624 0.241591
-1.8104 0.239339
-1.80456 0.23649
-1.79872 0.233921
-1.79288 0.231547
-1.78704 0.225275
-1.7812 0.221535
-1.77536 0.220335
-1.76952 0.216027
-1.76368 0.2131
-1.75784 0.211715
-1.752 0.210807
-1.74616 0.207382
-1.74032 0.201208
-1.73448 0.199095
-1.72864 0.196497
-1.7228 0.19189
-1.71696 0.189495
-1.71112 0.188454
-1.70528 0.182029
-1.69944 0.181395
-1.6936 0.178549
-1.68776 0.177591
-1.68192 0.174081
-1.67608 0.173878
-1.67024 0.169558
-1.6644 0.166256
-1.65856 0.165756
-1.65272 0.165165
-1.64688 0.164348
-1.64104 0.162259
-1.6352 0.166421
-1.62936 0.166726
-1.62352 0.164534
-1.61768 0.163016
-1.61184 0.163309
-1.606 0.161802
-1.60016 0.163784
-1.59432 0.165072
-1.58848 0.161915
-1.58264 0.160356
-1.5768 0.161638
-1.57096 0.165964
-1.56512 0.164031
-1.55928 0.16744
-1.55344 0.169556
-1.5476 0.17107
-1.54176 0.169826
-1.53592 0.174437
-1.53008 0.175596
-1.52424 0.168059
-1.5184 0.168899
-1.51256 0.172383
-1.50672 0.169593
-1.50088 0.170699
-1.49504 0.178963
-1.4892 0.175468
-1.48336 0.176489
-1.47752 0.178205
-1.47168 0.178448
-1.46584 0.178855
-1.46 0.178719
-1.45416 0.177794
-1.44832 0.177225
-1.44248 0.180925
-1.43664 0.182379
-1.4308 0.180086
-1.42496 0.180666
-1.41912 0.180348
-1.41328 0.183469
-1.40744 0.181938
-1.4016 0.183181
-1.39576 0.181723
-1.38992 0.182519
-1.38408 0.178969
-1.37824 0.177984
-1.3724 0.182352
-1.36656 0.182049
-1.36072 0.182304
-1.35488 0.183633
-1.34904 0.182073
-1.3432 0.185905
-1.33736 0.182515
-1.33152 0.186114
-1.32568 0.190906
-1.31984 0.185908
-1.314 0.190687
-1.30816 0.191489
-1.30232 0.186525
-1.29648 0.190974
-1.29064 0.188449
-1.2848 0.190228
-1.27896 0.19611
-1.27312 0.192611
-1.26728 0.195047
-1.26144 0.197781
-1.2556 0.199086
-1.24976 0.200963
-1.24392 0.20449
-1.23808 0.207979
-1.23224 0.209124
-1.2264 0.211905
-1.22056 0.214445
-1.21472 0.217884
-1.20888 0.216706
-1.20304 0.220651
-1.1972 0.222645
-1.19136 0.225711
-1.18552 0.226816
-1.17968 0.228883
-1.17384 0.231558
-1.168 0.231488
-1.16216 0.236398
-1.15632 0.235304
-1.15048 0.237164
-1.14464 0.238405
-1.1388 0.240053
-1.13296 0.244393
-1.12712 0.246245
-1.12128 0.250115
-1.11544 0.25413
-1.1096 0.255948
-1.10376 0.257352
-1.09792 0.260111
-1.09208 0.261571
-1.08624 0.260284
-1.0804 0.260788
-1.07456 0.265043
-1.06872 0.266266
-1.06288 0.265355
-1.05704 0.27422
-1.0512 0.277223
-1.04536 0.278505
-1.03952 0.277621
-1.03368 0.282949
-1.02784 0.282524
-1.022 0.284763
-1.01616 0.28363
-1.01032 0.286817
-1.00448 0.289314
-0.99864 0.292454
-0.9928 0.292124
-0.98696 0.294321
-0.98112 0.295054
-0.97528 0.298398
-0.96944 0.297365
-0.9636 0.301326
-0.95776 0.300262
-0.95192 0.300782
-0.94608 0.301091
-0.94024 0.302534
-0.9344 0.304955
-0.92856 0.307377
-0.92272 0.307708
-0.91688 0.311354
-0.91104 0.31248
-0.9052 0.315066
-0.89936 0.316973
-0.89352 0.319257
-0.88768 0.321537
-0.88184 0.323066
-0.876 0.325709
-0.87016 0.32682
-0.86432 0.326031
-0.85848 0.328534
-0.85264 0.328648
-0.8468 0.330639
-0.84096 0.336709
-0.83512 0.335605
-0.82928 0.33738
-0.82344 0.339777
-0.8176 0.341252
-0.81176 0.342597
-0.80592 0.343946
-0.80008 0.344865
-0.79424 0.346761
-0.7884 0.34865
-0.78256 0.349737
-0.77672 0.350444
-0.77088 0.351958
-0.76504 0.353762
-0.7592 0.354306
-0.75336 0.357333
-0.74752 0.356187
-0.74168 0.356877
-0.73584 0.357199
-0.73 0.354392
-0.72416 0.355136
-0.71832 0.353885
-0.71248 0.354251
-0.70664 0.353929
-0.7008 0.355481
-0.69496 0.354441
-0.68912 0.355175
-0.68328 0.355735
-0.67744 0.355073
-0.6716 0.35791
-0.66576 0.357061
-0.65992 0.358374
-0.65408 0.358993
-0.64824 0.35782
-0.6424 0.35747
-0.63656 0.359152
-0.63072 0.358539
-0.62488 0.359453
-0.61904 0.361707
-0.6132 0.361935
-0.60736 0.362374
-0.60152 0.362132
-0.59568 0.362132
-0.58984 0.362132
-0.584 0.362132
-0.57816 0.362132
-0.57232 0.362132
-0.56648 0.362132
-0.56064 0.362132
-0.5548 0.362132
-0.54896 0.362132
-0.54312 0.362132
-0.53728 0.362132
-0.53144 0.362132
-0.5256 0.362132
-0.51976 0.362132
-0.51392 0.362132
-0.50808 0.362132
-0.50224 0.362132
-0.4964 0.362132
-0.49056 0.362132
-0.48472 0.362132
-0.47888 0.362132
-0.47304 0.362132
-0.4672 0.362132
-0.46136 0.362132
-0.45552 0.362132
-0.44968 0.362132
-0.44384 0.362132
-0.438 0.362132
-0.43216 0.362132
-0.42632 0.362132
-0.42048 0.362132
-0.41464 0.362132
-0.4088 0.362132
-0.40296 0.362132
-0.39712 0.362132
-0.39128 0.362132
-0.38544 0.362132
-0.3796 0.362132
-0.37376 0.362132
-0.36792 0.362132
-0.36208 0.362132
-0.35624 0.362132
-0.3504 0.362132
-0.34456 0.362132
-0.33872 0.362132
-0.33288 0.362132
-0.32704 0.362132
-0.3212 0.362132
-0.31536 0.362132
-0.30952 0.362132
-0.30368 0.362132
-0.29784 0.362132
-0.292 0.362132
-0.28616 0.362132
-0.28032 0.362132
-0.27448 0.362132
-0.26864 0.362132
-0.2628 0.362132
-0.25696 0.362132
-0.25112 0.362132
-0.24528 0.362132
-0.23944 0.362132
-0.2336 0.362132
-0.22776 0.362132
-0.22192 0.362132
-0.21608 0.362132
-0.21024 0.362132
-0.2044 0.362132
-0.19856 0.362132
-0.19272 0.362132
-0.18688 0.362132
-0.18104 0.362132
-0.1752 0.362132
-0.16936 0.362132
-0.16352 0.362132
-0.15768 0.362132
-0.15184 0.362132
-0.146 0.362132
-0.14016 0.362132
-0.13432 0.362132
-0.12848 0.362132
-0.12264 0.362132
-0.1168 0.362132
-0.11096 0.362132
-0.10512 0.362132
-0.09928 0.362132
-0.09344 0.362132
-0.0876 0.362132
-0.08176 0.362132
-0.07592 0.362132
-0.07008 0.362132
-0.06424 0.362132
-0.0584 0.362132
-0.05256 0.362132
-0.04672 0.362132
-0.04088 0.362132
-0.03504 0.362132
-0.0292 0.362132
-0.02336 0.362132
-0.01752 0.362132
-0.01168 0.362132
-0.00584 0.362132
