-2.92 0.464133
-2.91416 0.464133
-2.90832 0.464133
-2.90248 0.464133
-2.89664 0.464133
-2.8908 0.464133
-2.88496 0.464133
-2.87912 0.464133
-2.87328 0.464133
-2.86744 0.464133
-2.8616 0.464133
-2.85576 0.464133
-2.84992 0.464133
-2.84408 0.464133
-2.83824 0.464133
-2.8324 0.464133
-2.82656 0.464133
-2.82072 0.464133
-2.81488 0.464133
-2.80904 0.464133
-2.8032 0.464133
-2.79736 0.464133
-2.79152 0.464133
-2.78568 0.464133
-2.77984 0.464133
-2.774 0.464133
-2.76816 0.464133
-2.76232 0.464133
-2.75648 0.464133
-2.75064 0.464133
-2.7448 0.464133
-2.73896 0.464133
-2.73312 0.464133
-2.72728 0.464133
-2.72144 0.464133
-2.7156 0.464133
-2.70976 0.464133
-2.70392 0.464133
-2.69808 0.464133
-2.69224 0.464133
-2.6864 0.464133
-2.68056 0.464133
-2.67472 0.464133
-2.66888 0.464133
-2.66304 0.464133
-2.6572 0.464133
-2.65136 0.464133
-2.64552 0.464133
-2.63968 0.464133
-2.63384 0.464133
-2.628 0.464133
-2.62216 0.464133
-2.61632 0.464133
-2.61048 0.464133
-2.60464 0.464133
-2.5988 0.464133
-2.59296 0.463645
-2.58712 0.462939
-2.58128 0.462189
-2.57544 0.461352
-2.5696 0.460252
-2.56376 0.458975
-2.55792 0.457655
-2.55208 0.456334
-2.54624 0.454926
-2.5404 0.453386
-2.53456 0.451759
-2.52872 0.450087
-2.52288 0.44846
-2.51704 0.446789
-2.5112 0.445074
-2.50536 0.443272
-2.49952 0.441515
-2.49368 0.439755
-2.48784 0.43791
-2.482 0.436109
-2.47616 0.434043
-2.47032 0.431975
-2.46448 0.429818
-2.45864 0.427661
-2.4528 0.425332
-2.44696 0.423209
-2.44112 0.420876
-2.43528 0.418367
-2.42944 0.415947
-2.4236 0.413394
-2.41776 0.411053
-2.41192 0.40879
-2.40608 0.405942
-2.40024 0.403461
-2.3944 0.400605
-2.38856 0.398202
-2.38272 0.395851
-2.37688 0.393081
-2.37104 0.39089
-2.3652 0.388206
-2.35936 0.386013
-2.35352 0.384484
-2.34768 0.381468
-2.34184 0.379406
-2.336 0.377046
-2.33016 0.375274
-2.32432 0.372202
-2.31848 0.370797
-2.31264 0.367601
-2.3068 0.366663
-2.30096 0.363216
-2.29512 0.361106
-2.28928 0.358328
-2.28344 0.355661
-2.2776 0.353127
-2.27176 0.350643
-2.26592 0.348115
-2.26008 0.345956
-2.25424 0.343588
-2.2484 0.338692
-2.24256 0.337716
-2.23672 0.334198
-2.23088 0.333047
-2.22504 0.329795
-2.2192 0.328297
-2.21336 0.32361
-2.20752 0.32232
-2.20168 0.319853
-2.19584 0.316229
-2.19 0.315566
-2.18416 0.312691
-2.17832 0.310464
-2.17248 0.305342
-2.16664 0.301284
-2.1608 0.299451
-2.15496 0.297615
-2.14912 0.292825
-2.14328 0.29167
-2.13744 0.288898
-2.1316 0.285631
-2.12576 0.283198
-2.11992 0.27905
-2.11408 0.280294
-2.10824 0.273649
-2.1024 0.270536
-2.09656 0.267772
-2.09072 0.266146
-2.08488 0.262708
-2.07904 0.260335
-2.0732 0.257734
-2.06736 0.256156
-2.06152 0.251952
-2.05568 0.24898
-2.04984 0.245349
-2.044 0.242631
-2.03816 0.240201
-2.03232 0.235541
-2.02648 0.23586
-2.02064 0.228254
-2.0148 0.227295
-2.00896 0.223184
-2.00312 0.221817
-1.99728 0.221561
-1.99144 0.219604
-1.9856 0.217756
-1.97976 0.21726
-1.97392 0.216233
-1.96808 0.216361
-1.96224 0.21268
-1.9564 0.212429
-1.95056 0.211841
-1.94472 0.207975
-1.93888 0.208573
-1.93304 0.209691
-1.9272 0.20739
-1.92136 0.206809
-1.91552 0.204373
-1.90968 0.206871
-1.90384 0.205768
-1.898 0.203884
-1.89216 0.204063
-1.88632 0.203517
-1.88048 0.205073
-1.87464 0.203067
-1.8688 0.203269
-1.86296 0.20303
-1.85712 0.201626
-1.85128 0.204453
-1.84544 0.204798
-1.8396 0.203131
-1.83376 0.204616
-1.82792 0.205557
-1.82208 0.201737
-1.81624 0.207515
-1.8104 0.205698
-1.80456 0.205948
-1.79872 0.203652
-1.79288 0.206253
-1.78704 0.204798
-1.7812 0.205919
-1.77536 0.205092
-1.76952 0.205093
-1.76368 0.205689
-1.75784 0.205304
-1.752 0.209917
-1.74616 0.208819
-1.74032 0.206091
-1.73448 0.208865
-1.72864 0.205275
-1.7228 0.21129
-1.71696 0.208226
-1.71112 0.20806
-1.70528 0.212953
-1.69944 0.211847
-1.6936 0.213657
-1.68776 0.215829
-1.68192 0.21139
-1.67608 0.212354
-1.67024 0.2101
-1.6644 0.21364
-1.65856 0.211316
-1.65272 0.210617
-1.64688 0.212625
-1.64104 0.215038
-1.6352 0.211882
-1.62936 0.211309
-1.62352 0.212167
-1.61768 0.209402
-1.61184 0.215276
-1.606 0.216901
-1.60016 0.218797
-1.59432 0.216603
-1.58848 0.225472
-1.58264 0.222386
-1.5768 0.222735
-1.57096 0.230853
-1.56512 0.229727
-1.55928 0.230258
-1.55344 0.235233
-1.5476 0.23711
-1.54176 0.235719
-1.53592 0.241954
-1.53008 0.239326
-1.52424 0.244387
-1.5184 0.250032
-1.51256 0.248165
-1.50672 0.249559
-1.50088 0.251211
-1.49504 0.260076
-1.4892 0.26007
-1.48336 0.254828
-1.47752 0.26058
-1.47168 0.26415
-1.46584 0.263423
-1.46 0.267593
-1.45416 0.268386
-1.44832 0.273061
-1.44248 0.275863
-1.43664 0.273112
-1.4308 0.280009
-1.42496 0.279975
-1.41912 0.279709
-1.41328 0.283645
-1.40744 0.289881
-1.4016 0.290202
-1.39576 0.291779
-1.38992 0.290886
-1.38408 0.296557
-1.37824 0.299002
-1.3724 0.299566
-1.36656 0.30156
-1.36072 0.301496
-1.35488 0.30699
-1.34904 0.300587
-1.3432 0.309345
-1.33736 0.308066
-1.33152 0.315369
-1.32568 0.314986
-1.31984 0.317226
-1.314 0.322607
-1.30816 0.319142
-1.30232 0.325265
-1.29648 0.324512
-1.29064 0.327045
-1.2848 0.332165
-1.27896 0.330405
-1.27312 0.334303
-1.26728 0.338745
-1.26144 0.336103
-1.2556 0.337633
-1.24976 0.34375
-1.24392 0.34459
-1.23808 0.346961
-1.23224 0.344262
-1.2264 0.351126
-1.22056 0.347861
-1.21472 0.353127
-1.20888 0.35664
-1.20304 0.359258
-1.1972 0.361288
-1.19136 0.362543
-1.18552 0.364603
-1.17968 0.366848
-1.17384 0.371145
-1.168 0.36971
-1.16216 0.373581
-1.15632 0.371417
-1.15048 0.377036
-1.14464 0.377673
-1.1388 0.378285
-1.13296 0.382466
-1.12712 0.381614
-1.12128 0.384822
-1.11544 0.38917
-1.1096 0.390364
-1.10376 0.388755
-1.09792 0.395034
-1.09208 0.39048
-1.08624 0.393296
-1.0804 0.401123
-1.07456 0.398873
-1.06872 0.399595
-1.06288 0.397456
-1.05704 0.402345
-1.0512 0.40275
-1.04536 0.395223
-1.03952 0.39899
-1.03368 0.399776
-1.02784 0.395171
-1.022 0.395602
-1.01616 0.395216
-1.01032 0.395843
-1.00448 0.394899
-0.99864 0.390105
-0.9928 0.391068
-0.98696 0.390021
-0.98112 0.391024
-0.97528 0.387629
-0.96944 0.389367
-0.9636 0.390778
-0.95776 0.3873
-0.95192 0.38334
-0.94608 0.385493
-0.94024 0.385057
-0.9344 0.383292
-0.92856 0.380698
-0.92272 0.381108
-0.91688 0.381968
-0.91104 0.37435
-0.9052 0.379805
-0.89936 0.377165
-0.89352 0.378238
-0.88768 0.37626
-0.88184 0.37743
-0.876 0.376519
-0.87016 0.373121
-0.86432 0.373779
-0.85848 0.373982
-0.85264 0.373761
-0.8468 0.371649
-0.84096 0.373108
-0.83512 0.373074
-0.82928 0.370793
-0.82344 0.3676
-0.8176 0.365834
-0.81176 0.367139
-0.80592 0.365397
-0.80008 0.366613
-0.79424 0.365777
-0.7884 0.366715
-0.78256 0.36554
-0.77672 0.366395
-0.77088 0.366138
-0.76504 0.364657
-0.7592 0.366118
-0.75336 0.366183
-0.74752 0.366975
-0.74168 0.365738
-0.73584 0.36744
-0.73 0.366711
-0.72416 0.367601
-0.71832 0.368454
-0.71248 0.368933
-0.70664 0.369918
-0.7008 0.369386
-0.69496 0.369713
-0.68912 0.370792
-0.68328 0.372479
-0.67744 0.375422
-0.6716 0.377667
-0.66576 0.377862
-0.65992 0.379514
-0.65408 0.379223
-0.64824 0.380002
-0.6424 0.382025
-0.63656 0.382927
-0.63072 0.382836
-0.62488 0.383374
-0.61904 0.383991
-0.6132 0.383875
-0.60736 0.382852
-0.60152 0.383422
-0.59568 0.383422
-0.58984 0.383422
-0.584 0.383422
-0.57816 0.383422
-0.57232 0.383422
-0.56648 0.383422
-0.56064 0.383422
-0.5548 0.383422
-0.54896 0.383422
-0.54312 0.383422
-0.53728 0.383422
-0.53144 0.383422
-0.5256 0.383422
-0.51976 0.383422
-0.51392 0.383422
-0.50808 0.383422
-0.50224 0.383422
-0.4964 0.383422
-0.49056 0.383422
-0.48472 0.383422
-0.47888 0.383422
-0.47304 0.383422
-0.4672 0.383422
-0.46136 0.383422
-0.45552 0.383422
-0.44968 0.383422
-0.44384 0.383422
-0.438 0.383422
-0.43216 0.383422
-0.42632 0.383422
-0.42048 0.383422
-0.41464 0.383422
-0.4088 0.383422
-0.40296 0.383422
-0.39712 0.383422
-0.39128 0.383422
-0.38544 0.383422
-0.3796 0.383422
-0.37376 0.383422
-0.36792 0.383422
-0.36208 0.383422
-0.35624 0.383422
-0.3504 0.383422
-0.34456 0.383422
-0.33872 0.383422
-0.33288 0.383422
-0.32704 0.383422
-0.3212 0.383422
-0.31536 0.383422
-0.30952 0.383422
-0.30368 0.383422
-0.29784 0.383422
-0.292 0.383422
-0.28616 0.383422
-0.28032 0.383422
-0.27448 0.383422
-0.26864 0.383422
-0.2628 0.383422
-0.25696 0.383422
-0.25112 0.383422
-0.24528 0.383422
-0.23944 0.383422
-0.2336 0.383422
-0.22776 0.383422
-0.22192 0.383422
-0.21608 0.383422
-0.21024 0.383422
-0.2044 0.383422
-0.19856 0.383422
-0.19272 0.383422
-0.18688 0.383422
-0.18104 0.383422
-0.1752 0.383422
-0.16936 0.383422
-0.16352 0.383422
-0.15768 0.383422
-0.15184 0.383422
-0.146 0.383422
-0.14016 0.383422
-0.13432 0.383422
-0.12848 0.383422
-0.12264 0.383422
-0.1168 0.383422
-0.11096 0.383422
-0.10512 0.383422
-0.09928 0.383422
-0.09344 0.383422
-0.0876 0.383422
-0.08176 0.383422
-0.07592 0.383422
-0.07008 0.383422
-0.06424 0.383422
-0.0584 0.383422
-0.05256 0.383422
-0.04672 0.383422
-0.04088 0.383422
-0.03504 0.383422
-0.0292 0.383422
-0.02336 0.383422
-0.01752 0.383422
-0.01168 0.383422
-0.00584 0.383422
