-2.92 0.435963
-2.91416 0.435963
-2.90832 0.435963
-2.90248 0.435963
-2.89664 0.435963
-2.8908 0.435963
-2.88496 0.435963
-2.87912 0.435963
-2.87328 0.435963
-2.86744 0.435963
-2.8616 0.435963
-2.85576 0.435963
-2.84992 0.435963
-2.84408 0.435963
-2.83824 0.435963
-2.8324 0.435963
-2.82656 0.435963
-2.82072 0.435963
-2.81488 0.435963
-2.80904 0.435963
-2.8032 0.435963
-2.79736 0.435963
-2.79152 0.435963
-2.78568 0.435963
-2.77984 0.435963
-2.774 0.435963
-2.76816 0.435963
-2.76232 0.435963
-2.75648 0.435963
-2.75064 0.435963
-2.7448 0.435963
-2.73896 0.435963
-2.73312 0.435963
-2.72728 0.435963
-2.72144 0.435963
-2.7156 0.435963
-2.70976 0.435963
-2.70392 0.435963
-2.69808 0.435963
-2.69224 0.435963
-2.6864 0.435963
-2.68056 0.435963
-2.67472 0.435963
-2.66888 0.435963
-2.66304 0.435963
-2.6572 0.435963
-2.65136 0.435963
-2.64552 0.435963
-2.63968 0.435963
-2.63384 0.435963
-2.628 0.435963
-2.62216 0.435963
-2.61632 0.435963
-2.61048 0.435963
-2.60464 0.435963
-2.5988 0.435963
-2.59296 0.435656
-2.58712 0.435126
-2.58128 0.434552
-2.57544 0.433844
-2.5696 0.432961
-2.56376 0.43208
-2.55792 0.431109
-2.55208 0.430006
-2.54624 0.428947
-2.5404 0.427669
-2.53456 0.426391
-2.52872 0.424893
-2.52288 0.423441
-2.51704 0.421855
-2.5112 0.420225
-2.50536 0.41855
-2.49952 0.41729
-2.49368 0.415817
-2.48784 0.415136
-2.482 0.414125
-2.47616 0.412893
-2.47032 0.412165
-2.46448 0.411094
-2.45864 0.4104
-2.4528 0.409577
-2.44696 0.408132
-2.44112 0.407725
-2.43528 0.406525
-2.42944 0.40654
-2.4236 0.405757
-2.41776 0.404677
-2.41192 0.40569
-2.40608 0.403322
-2.40024 0.402292
-2.3944 0.402536
-2.38856 0.4028
-2.38272 0.401801
-2.37688 0.399922
-2.37104 0.400094
-2.3652 0.39772
-2.35936 0.398925
-2.35352 0.397881
-2.34768 0.396499
-2.34184 0.396588
-2.336 0.395625
-2.33016 0.395737
-2.32432 0.393655
-2.31848 0.393141
-2.31264 0.391425
-2.3068 0.390369
-2.30096 0.388603
-2.29512 0.387636
-2.28928 0.384479
-2.28344 0.381769
-2.2776 0.380249
-2.27176 0.378192
-2.26592 0.373557
-2.26008 0.371664
-2.25424 0.369895
-2.2484 0.365284
-2.24256 0.363544
-2.23672 0.360427
-2.23088 0.358524
-2.22504 0.35297
-2.2192 0.350703
-2.21336 0.346789
-2.20752 0.345099
-2.20168 0.344401
-2.19584 0.340027
-2.19 0.336488
-2.18416 0.332813
-2.17832 0.328559
-2.17248 0.324096
-2.16664 0.32129
-2.1608 0.318172
-2.15496 0.315341
-2.14912 0.313438
-2.14328 0.308712
-2.13744 0.303865
-2.1316 0.303675
-2.12576 0.297013
-2.11992 0.294511
-2.11408 0.291302
-2.10824 0.287338
-2.1024 0.285597
-2.09656 0.27919
-2.09072 0.277865
-2.08488 0.273515
-2.07904 0.269075
-2.0732 0.265942
-2.06736 0.262357
-2.06152 0.256746
-2.05568 0.253407
-2.04984 0.25089
-2.044 0.246013
-2.03816 0.242669
-2.03232 0.238783
-2.02648 0.234635
-2.02064 0.229769
-2.0148 0.227106
-2.00896 0.223306
-2.00312 0.220821
-1.99728 0.215157
-1.99144 0.213061
-1.9856 0.208753
-1.97976 0.208231
-1.97392 0.204864
-1.96808 0.200959
-1.96224 0.201966
-1.9564 0.200433
-1.95056 0.195514
-1.94472 0.194968
-1.93888 0.195038
-1.93304 0.193981
-1.9272 0.195308
-1.92136 0.191772
-1.91552 0.19111
-1.90968 0.187705
-1.90384 0.189071
-1.898 0.187241
-1.89216 0.185875
-1.88632 0.186185
-1.88048 0.190286
-1.87464 0.185056
-1.8688 0.186055
-1.86296 0.185074
-1.85712 0.186087
-1.85128 0.184587
-1.84544 0.18021
-1.8396 0.185574
-1.83376 0.184201
-1.82792 0.183423
-1.82208 0.18487
-1.81624 0.184723
-1.8104 0.185636
-1.80456 0.185116
-1.79872 0.185511
-1.79288 0.184822
-1.78704 0.184797
-1.7812 0.186944
-1.77536 0.186991
-1.76952 0.185607
-1.76368 0.189773
-1.75784 0.190766
-1.752 0.19225
-1.74616 0.191324
-1.74032 0.190603
-1.73448 0.194572
-1.72864 0.194554
-1.7228 0.199514
-1.71696 0.198561
-1.71112 0.19808
-1.70528 0.201384
-1.69944 0.201759
-1.6936 0.20352
-1.68776 0.204668
-1.68192 0.206911
-1.67608 0.205657
-1.67024 0.207959
-1.6644 0.207115
-1.65856 0.202976
-1.65272 0.208793
-1.64688 0.207048
-1.64104 0.207288
-1.6352 0.205185
-1.62936 0.208534
-1.62352 0.208654
-1.61768 0.210778
-1.61184 0.209599
-1.606 0.212412
-1.60016 0.214063
-1.59432 0.215951
-1.58848 0.216413
-1.58264 0.222367
-1.5768 0.227346
-1.57096 0.223187
-1.56512 0.230727
-1.55928 0.232876
-1.55344 0.232445
-1.5476 0.232494
-1.54176 0.237409
-1.53592 0.244453
-1.53008 0.242842
-1.52424 0.248123
-1.5184 0.253309
-1.51256 0.254048
-1.50672 0.253866
-1.50088 0.259903
-1.49504 0.262697
-1.4892 0.265016
-1.48336 0.270144
-1.47752 0.269852
-1.47168 0.273271
-1.46584 0.274723
-1.46 0.27788
-1.45416 0.276643
-1.44832 0.280009
-1.44248 0.285894
-1.43664 0.287092
-1.4308 0.291276
-1.42496 0.293154
-1.41912 0.294672
-1.41328 0.301678
-1.40744 0.301865
-1.4016 0.303862
-1.39576 0.30593
-1.38992 0.309547
-1.38408 0.315358
-1.37824 0.314554
-1.3724 0.317007
-1.36656 0.324244
-1.36072 0.329246
-1.35488 0.327361
-1.34904 0.329971
-1.3432 0.33416
-1.33736 0.337381
-1.33152 0.339493
-1.32568 0.343004
-1.31984 0.348775
-1.314 0.349207
-1.30816 0.351386
-1.30232 0.354968
-1.29648 0.360461
-1.29064 0.361129
-1.2848 0.366135
-1.27896 0.365193
-1.27312 0.366912
-1.26728 0.369836
-1.26144 0.37197
-1.2556 0.374076
-1.24976 0.377902
-1.24392 0.37894
-1.23808 0.378147
-1.23224 0.379748
-1.2264 0.385786
-1.22056 0.382024
-1.21472 0.388974
-1.20888 0.388105
-1.20304 0.388472
-1.1972 0.389706
-1.19136 0.397193
-1.18552 0.397172
-1.17968 0.399539
-1.17384 0.401274
-1.168 0.405991
-1.16216 0.407257
-1.15632 0.407941
-1.15048 0.413785
-1.14464 0.417219
-1.1388 0.42303
-1.13296 0.419085
-1.12712 0.424776
-1.12128 0.42818
-1.11544 0.427634
-1.1096 0.427232
-1.10376 0.42825
-1.09792 0.433034
-1.09208 0.432194
-1.08624 0.4373
-1.0804 0.442249
-1.07456 0.440283
-1.06872 0.438193
-1.06288 0.44294
-1.05704 0.442988
-1.0512 0.443402
-1.04536 0.446445
-1.03952 0.444887
-1.03368 0.443613
-1.02784 0.444042
-1.022 0.443537
-1.01616 0.44024
-1.01032 0.438729
-1.00448 0.439672
-0.99864 0.438114
-0.9928 0.440435
-0.98696 0.440408
-0.98112 0.43774
-0.97528 0.440826
-0.96944 0.437268
-0.9636 0.436455
-0.95776 0.43329
-0.95192 0.432851
-0.94608 0.434424
-0.94024 0.430299
-0.9344 0.431658
-0.92856 0.436391
-0.92272 0.435035
-0.91688 0.432147
-0.91104 0.431108
-0.9052 0.431832
-0.89936 0.432813
-0.89352 0.432223
-0.88768 0.432884
-0.88184 0.432841
-0.876 0.430952
-0.87016 0.429655
-0.86432 0.432001
-0.85848 0.43151
-0.85264 0.431361
-0.8468 0.432211
-0.84096 0.429648
-0.83512 0.426911
-0.82928 0.427063
-0.82344 0.428219
-0.8176 0.426487
-0.81176 0.425726
-0.80592 0.425736
-0.80008 0.424656
-0.79424 0.42363
-0.7884 0.423872
-0.78256 0.422972
-0.77672 0.422065
-0.77088 0.423237
-0.76504 0.422368
-0.7592 0.422226
-0.75336 0.422381
-0.74752 0.422534
-0.74168 0.423224
-0.73584 0.423281
-0.73 0.423995
-0.72416 0.424585
-0.71832 0.424061
-0.71248 0.425295
-0.70664 0.427641
-0.7008 0.428205
-0.69496 0.429398
-0.68912 0.43132
-0.68328 0.43277
-0.67744 0.433787
-0.6716 0.435734
-0.66576 0.436878
-0.65992 0.438566
-0.65408 0.437763
-0.64824 0.439238
-0.6424 0.442093
-0.63656 0.442765
-0.63072 0.442967
-0.62488 0.44341
-0.61904 0.442123
-0.6132 0.441929
-0.60736 0.441812
-0.60152 0.442243
-0.59568 0.442243
-0.58984 0.442243
-0.584 0.442243
-0.57816 0.442243
-0.57232 0.442243
-0.56648 0.442243
-0.56064 0.442243
-0.5548 0.442243
-0.54896 0.442243
-0.54312 0.442243
-0.53728 0.442243
-0.53144 0.442243
-0.5256 0.442243
-0.51976 0.442243
-0.51392 0.442243
-0.50808 0.442243
-0.50224 0.442243
-0.4964 0.442243
-0.49056 0.442243
-0.48472 0.442243
-0.47888 0.442243
-0.47304 0.442243
-0.4672 0.442243
-0.46136 0.442243
-0.45552 0.442243
-0.44968 0.442243
-0.44384 0.442243
-0.438 0.442243
-0.43216 0.442243
-0.42632 0.442243
-0.42048 0.442243
-0.41464 0.442243
-0.4088 0.442243
-0.40296 0.442243
-0.39712 0.442243
-0.39128 0.442243
-0.38544 0.442243
-0.3796 0.442243
-0.37376 0.442243
-0.36792 0.442243
-0.36208 0.442243
-0.35624 0.442243
-0.3504 0.442243
-0.34456 0.442243
-0.33872 0.442243
-0.33288 0.442243
-0.32704 0.442243
-0.3212 0.442243
-0.31536 0.442243
-0.30952 0.442243
-0.30368 0.442243
-0.29784 0.442243
-0.292 0.442243
-0.28616 0.442243
-0.28032 0.442243
-0.27448 0.442243
-0.26864 0.442243
-0.2628 0.442243
-0.25696 0.442243
-0.25112 0.442243
-0.24528 0.442243
-0.23944 0.442243
-0.2336 0.442243
-0.22776 0.442243
-0.22192 0.442243
-0.21608 0.442243
-0.21024 0.442243
-0.2044 0.442243
-0.19856 0.442243
-0.19272 0.442243
-0.18688 0.442243
-0.18104 0.442243
-0.1752 0.442243
-0.16936 0.442243
-0.16352 0.442243
-0.15768 0.442243
-0.15184 0.442243
-0.146 0.442243
-0.14016 0.442243
-0.13432 0.442243
-0.12848 0.442243
-0.12264 0.442243
-0.1168 0.442243
-0.11096 0.442243
-0.10512 0.442243
-0.09928 0.442243
-0.09344 0.442243
-0.0876 0.442243
-0.08176 0.442243
-0.07592 0.442243
-0.07008 0.442243
-0.06424 0.442243
-0.0584 0.442243
-0.05256 0.442243
-0.04672 0.442243
-0.04088 0.442243
-0.03504 0.442243
-0.0292 0.442243
-0.02336 0.442243
-0.01752 0.442243
-0.01168 0.442243
-0.00584 0.442243
