-2.92 0.43748
-2.91416 0.43748
-2.90832 0.43748
-2.90248 0.43748
-2.89664 0.43748
-2.8908 0.43748
-2.88496 0.43748
-2.87912 0.43748
-2.87328 0.43748
-2.86744 0.43748
-2.8616 0.43748
-2.85576 0.43748
-2.84992 0.43748
-2.84408 0.43748
-2.83824 0.43748
-2.8324 0.43748
-2.82656 0.43748
-2.82072 0.43748
-2.81488 0.43748
-2.80904 0.43748
-2.8032 0.43748
-2.79736 0.43748
-2.79152 0.43748
-2.78568 0.43748
-2.77984 0.43748
-2.774 0.43748
-2.76816 0.43748
-2.76232 0.43748
-2.75648 0.43748
-2.75064 0.43748
-2.7448 0.43748
-2.73896 0.43748
-2.73312 0.43748
-2.72728 0.43748
-2.72144 0.43748
-2.7156 0.43748
-2.70976 0.43748
-2.70392 0.43748
-2.69808 0.43748
-2.69224 0.43748
-2.6864 0.43748
-2.68056 0.43748
-2.67472 0.43748
-2.66888 0.43748
-2.66304 0.43748
-2.6572 0.43748
-2.65136 0.43748
-2.64552 0.43748
-2.63968 0.43748
-2.63384 0.43748
-2.628 0.43748
-2.62216 0.43748
-2.61632 0.43748
-2.61048 0.43748
-2.60464 0.43748
-2.5988 0.43748
-2.59296 0.43699
-2.58712 0.436281
-2.58128 0.435438
-2.57544 0.434509
-2.5696 0.433445
-2.56376 0.432292
-2.55792 0.431095
-2.55208 0.429855
-2.54624 0.428568
-2.5404 0.427146
-2.53456 0.42568
-2.52872 0.424214
-2.52288 0.422792
-2.51704 0.421282
-2.5112 0.41964
-2.50536 0.41791
-2.49952 0.416178
-2.49368 0.414447
-2.48784 0.41293
-2.482 0.411325
-2.47616 0.409622
-2.47032 0.407913
-2.46448 0.406699
-2.45864 0.403941
-2.4528 0.402894
-2.44696 0.400554
-2.44112 0.398834
-2.43528 0.396572
-2.42944 0.395815
-2.4236 0.393133
-2.41776 0.393205
-2.41192 0.390026
-2.40608 0.388174
-2.40024 0.387453
-2.3944 0.384225
-2.38856 0.383335
-2.38272 0.381651
-2.37688 0.378921
-2.37104 0.377236
-2.3652 0.3758
-2.35936 0.374779
-2.35352 0.37289
-2.34768 0.370439
-2.34184 0.368742
-2.336 0.366593
-2.33016 0.36444
-2.32432 0.363365
-2.31848 0.361502
-2.31264 0.360637
-2.3068 0.357604
-2.30096 0.354647
-2.29512 0.353873
-2.28928 0.352844
-2.28344 0.350937
-2.2776 0.350106
-2.27176 0.347289
-2.26592 0.346728
-2.26008 0.344065
-2.25424 0.341855
-2.2484 0.34272
-2.24256 0.340175
-2.23672 0.339728
-2.23088 0.337616
-2.22504 0.338797
-2.2192 0.335339
-2.21336 0.337073
-2.20752 0.334588
-2.20168 0.332759
-2.19584 0.330556
-2.19 0.330454
-2.18416 0.328962
-2.17832 0.329654
-2.17248 0.329898
-2.16664 0.323606
-2.1608 0.32594
-2.15496 0.323733
-2.14912 0.321531
-2.14328 0.320539
-2.13744 0.319726
-2.1316 0.319036
-2.12576 0.317833
-2.11992 0.317199
-2.11408 0.315331
-2.10824 0.317066
-2.1024 0.314013
-2.09656 0.312653
-2.09072 0.311825
-2.08488 0.312403
-2.07904 0.311596
-2.0732 0.310476
-2.06736 0.307003
-2.06152 0.310069
-2.05568 0.305412
-2.04984 0.307183
-2.044 0.307803
-2.03816 0.304022
-2.03232 0.303303
-2.02648 0.302403
-2.02064 0.303107
-2.0148 0.301101
-2.00896 0.300251
-2.00312 0.303903
-1.99728 0.300686
-1.99144 0.30195
-1.9856 0.302242
-1.97976 0.300587
-1.97392 0.299143
-1.96808 0.302111
-1.96224 0.298001
-1.9564 0.298519
-1.95056 0.299795
-1.94472 0.296954
-1.93888 0.296759
-1.93304 0.293786
-1.9272 0.295613
-1.92136 0.292412
-1.91552 0.289195
-1.90968 0.291595
-1.90384 0.290049
-1.898 0.284755
-1.89216 0.284439
-1.88632 0.283229
-1.88048 0.279086
-1.87464 0.27959
-1.8688 0.277225
-1.86296 0.271183
-1.85712 0.27077
-1.85128 0.271154
-1.84544 0.265493
-1.8396 0.264397
-1.83376 0.261627
-1.82792 0.260056
-1.82208 0.25318
-1.81624 0.250299
-1.8104 0.253445
-1.80456 0.247197
-1.79872 0.245887
-1.79288 0.24143
-1.78704 0.239573
-1.7812 0.235507
-1.77536 0.233881
-1.76952 0.229097
-1.76368 0.22553
-1.75784 0.223147
-1.752 0.223957
-1.74616 0.216377
-1.74032 0.218093
-1.73448 0.21341
-1.72864 0.208458
-1.7228 0.205485
-1.71696 0.204586
-1.71112 0.196361
-1.70528 0.19647
-1.69944 0.193014
-1.6936 0.189871
-1.68776 0.189401
-1.68192 0.18443
-1.67608 0.178757
-1.67024 0.181055
-1.6644 0.176371
-1.65856 0.174232
-1.65272 0.17483
-1.64688 0.172441
-1.64104 0.168198
-1.6352 0.171169
-1.62936 0.170878
-1.62352 0.168978
-1.61768 0.165655
-1.61184 0.171402
-1.606 0.167921
-1.60016 0.165081
-1.59432 0.169521
-1.58848 0.163439
-1.58264 0.167256
-1.5768 0.166184
-1.57096 0.164519
-1.56512 0.165337
-1.55928 0.168267
-1.55344 0.167886
-1.5476 0.169446
-1.54176 0.168771
-1.53592 0.169064
-1.53008 0.170833
-1.52424 0.170089
-1.5184 0.169494
-1.51256 0.16765
-1.50672 0.169427
-1.50088 0.167941
-1.49504 0.173513
-1.4892 0.17284
-1.48336 0.172744
-1.47752 0.174269
-1.47168 0.175022
-1.46584 0.173485
-1.46 0.176464
-1.45416 0.177872
-1.44832 0.17405
-1.44248 0.180746
-1.43664 0.177871
-1.4308 0.180427
-1.42496 0.177242
-1.41912 0.17995
-1.41328 0.179957
-1.40744 0.18039
-1.4016 0.181164
-1.39576 0.182165
-1.38992 0.18523
-1.38408 0.174626
-1.37824 0.179652
-1.3724 0.180987
-1.36656 0.180537
-1.36072 0.182058
-1.35488 0.181713
-1.34904 0.181244
-1.3432 0.182448
-1.33736 0.184243
-1.33152 0.185539
-1.32568 0.190646
-1.31984 0.189561
-1.314 0.189038
-1.30816 0.186936
-1.30232 0.189697
-1.29648 0.191056
-1.29064 0.191098
-1.2848 0.190682
-1.27896 0.194703
-1.27312 0.193008
-1.26728 0.198405
-1.26144 0.196583
-1.2556 0.199998
-1.24976 0.204902
-1.24392 0.209776
-1.23808 0.207562
-1.23224 0.213305
-1.2264 0.21565
-1.22056 0.220325
-1.21472 0.219597
-1.20888 0.224802
-1.20304 0.225933
-1.1972 0.230479
-1.19136 0.235492
-1.18552 0.235733
-1.17968 0.239497
-1.17384 0.242657
-1.168 0.243818
-1.16216 0.243339
-1.15632 0.246843
-1.15048 0.249042
-1.14464 0.249569
-1.1388 0.251642
-1.13296 0.25482
-1.12712 0.260443
-1.12128 0.262823
-1.11544 0.265143
-1.1096 0.269913
-1.10376 0.272858
-1.09792 0.274707
-1.09208 0.278769
-1.08624 0.277373
-1.0804 0.279234
-1.07456 0.283684
-1.06872 0.283005
-1.06288 0.287702
-1.05704 0.296307
-1.0512 0.296708
-1.04536 0.298171
-1.03952 0.301588
-1.03368 0.303294
-1.02784 0.305954
-1.022 0.309065
-1.01616 0.311477
-1.01032 0.311207
-1.00448 0.317995
-0.99864 0.319813
-0.9928 0.322123
-0.98696 0.322499
-0.98112 0.325843
-0.97528 0.328566
-0.96944 0.330658
-0.9636 0.331408
-0.95776 0.336607
-0.95192 0.338411
-0.94608 0.333037
-0.94024 0.337581
-0.9344 0.342068
-0.92856 0.343069
-0.92272 0.345542
-0.91688 0.345937
-0.91104 0.349286
-0.9052 0.351967
-0.89936 0.355594
-0.89352 0.358041
-0.88768 0.362531
-0.88184 0.363007
-0.876 0.364189
-0.87016 0.365198
-0.86432 0.365485
-0.85848 0.369467
-0.85264 0.370409
-0.8468 0.373376
-0.84096 0.377503
-0.83512 0.379371
-0.82928 0.381492
-0.82344 0.38234
-0.8176 0.384433
-0.81176 0.386198
-0.80592 0.39
-0.80008 0.389124
-0.79424 0.3917
-0.7884 0.393179
-0.78256 0.39567
-0.77672 0.396057
-0.77088 0.398583
-0.76504 0.39989
-0.7592 0.402006
-0.75336 0.404228
-0.74752 0.404818
-0.74168 0.404343
-0.73584 0.405428
-0.73 0.402672
-0.72416 0.402246
-0.71832 0.401589
-0.71248 0.403093
-0.70664 0.401006
-0.7008 0.403236
-0.69496 0.402297
-0.68912 0.403351
-0.68328 0.402648
-0.67744 0.403251
-0.6716 0.406177
-0.66576 0.404876
-0.65992 0.406233
-0.65408 0.406547
-0.64824 0.405852
-0.6424 0.405128
-0.63656 0.406472
-0.63072 0.40617
-0.62488 0.407167
-0.61904 0.409175
-0.6132 0.409574
-0.60736 0.409798
-0.60152 0.409473
-0.59568 0.409473
-0.58984 0.409473
-0.584 0.409473
-0.57816 0.409473
-0.57232 0.409473
-0.56648 0.409473
-0.56064 0.409473
-0.5548 0.409473
-0.54896 0.409473
-0.54312 0.409473
-0.53728 0.409473
-0.53144 0.409473
-0.5256 0.409473
-0.51976 0.409473
-0.51392 0.409473
-0.50808 0.409473
-0.50224 0.409473
-0.4964 0.409473
-0.49056 0.409473
-0.48472 0.409473
-0.47888 0.409473
-0.47304 0.409473
-0.4672 0.409473
-0.46136 0.409473
-0.45552 0.409473
-0.44968 0.409473
-0.44384 0.409473
-0.438 0.409473
-0.43216 0.409473
-0.42632 0.409473
-0.42048 0.409473
-0.41464 0.409473
-0.4088 0.409473
-0.40296 0.409473
-0.39712 0.409473
-0.39128 0.409473
-0.38544 0.409473
-0.3796 0.409473
-0.37376 0.409473
-0.36792 0.409473
-0.36208 0.409473
-0.35624 0.409473
-0.3504 0.409473
-0.34456 0.409473
-0.33872 0.409473
-0.33288 0.409473
-0.32704 0.409473
-0.3212 0.409473
-0.31536 0.409473
-0.30952 0.409473
-0.30368 0.409473
-0.29784 0.409473
-0.292 0.409473
-0.28616 0.409473
-0.28032 0.409473
-0.27448 0.409473
-0.26864 0.409473
-0.2628 0.409473
-0.25696 0.409473
-0.25112 0.409473
-0.24528 0.409473
-0.23944 0.409473
-0.2336 0.409473
-0.22776 0.409473
-0.22192 0.409473
-0.21608 0.409473
-0.21024 0.409473
-0.2044 0.409473
-0.19856 0.409473
-0.19272 0.409473
-0.18688 0.409473
-0.18104 0.409473
-0.1752 0.409473
-0.16936 0.409473
-0.16352 0.409473
-0.15768 0.409473
-0.15184 0.409473
-0.146 0.409473
-0.14016 0.409473
-0.13432 0.409473
-0.12848 0.409473
-0.12264 0.409473
-0.1168 0.409473
-0.11096 0.409473
-0.10512 0.409473
-0.09928 0.409473
-0.09344 0.409473
-0.0876 0.409473
-0.08176 0.409473
-0.07592 0.409473
-0.07008 0.409473
-0.06424 0.409473
-0.0584 0.409473
-0.05256 0.409473
-0.04672 0.409473
-0.04088 0.409473
-0.03504 0.409473
-0.0292 0.409473
-0.02336 0.409473
-0.01752 0.409473
-0.01168 0.409473
-0.00584 0.409473
