-2.92 0.461572
-2.91416 0.461572
-2.90832 0.461572
-2.90248 0.461572
-2.89664 0.461572
-2.8908 0.461572
-2.88496 0.461572
-2.87912 0.461572
-2.87328 0.461572
-2.86744 0.461572
-2.8616 0.461572
-2.85576 0.461572
-2.84992 0.461572
-2.84408 0.461572
-2.83824 0.461572
-2.8324 0.461572
-2.82656 0.461572
-2.82072 0.461572
-2.81488 0.461572
-2.80904 0.461572
-2.8032 0.461572
-2.79736 0.461572
-2.79152 0.461572
-2.78568 0.461572
-2.77984 0.461572
-2.774 0.461572
-2.76816 0.461572
-2.76232 0.461572
-2.75648 0.461572
-2.75064 0.461572
-2.7448 0.461572
-2.73896 0.461572
-2.73312 0.461572
-2.72728 0.461572
-2.72144 0.461572
-2.7156 0.461572
-2.70976 0.461572
-2.70392 0.461572
-2.69808 0.461572
-2.69224 0.461572
-2.6864 0.461572
-2.68056 0.461572
-2.67472 0.461572
-2.66888 0.461572
-2.66304 0.461572
-2.6572 0.461572
-2.65136 0.461572
-2.64552 0.461572
-2.63968 0.461572
-2.63384 0.461572
-2.628 0.461572
-2.62216 0.461572
-2.61632 0.461572
-2.61048 0.461572
-2.60464 0.461572
-2.5988 0.461572
-2.59296 0.46113
-2.58712 0.460425
-2.58128 0.459631
-2.57544 0.458747
-2.5696 0.45773
-2.56376 0.456579
-2.55792 0.455341
-2.55208 0.454013
-2.54624 0.452729
-2.5404 0.45136
-2.53456 0.4499
-2.52872 0.44835
-2.52288 0.446755
-2.51704 0.445076
-2.5112 0.443268
-2.50536 0.441501
-2.49952 0.440056
-2.49368 0.438359
-2.48784 0.437404
-2.482 0.436534
-2.47616 0.434583
-2.47032 0.434194
-2.46448 0.43261
-2.45864 0.431929
-2.4528 0.42955
-2.44696 0.429402
-2.44112 0.428508
-2.43528 0.427118
-2.42944 0.425813
-2.4236 0.425246
-2.41776 0.424642
-2.41192 0.422753
-2.40608 0.423384
-2.40024 0.42166
-2.3944 0.420757
-2.38856 0.420649
-2.38272 0.417956
-2.37688 0.417096
-2.37104 0.41722
-2.3652 0.416929
-2.35936 0.414977
-2.35352 0.414525
-2.34768 0.413322
-2.34184 0.413323
-2.336 0.409879
-2.33016 0.40963
-2.32432 0.409119
-2.31848 0.405712
-2.31264 0.40389
-2.3068 0.40136
-2.30096 0.399064
-2.29512 0.39558
-2.28928 0.391965
-2.28344 0.388671
-2.2776 0.386333
-2.27176 0.384
-2.26592 0.380391
-2.26008 0.375492
-2.25424 0.373676
-2.2484 0.368642
-2.24256 0.366683
-2.23672 0.362922
-2.23088 0.362116
-2.22504 0.354116
-2.2192 0.351648
-2.21336 0.349755
-2.20752 0.345984
-2.20168 0.341307
-2.19584 0.338969
-2.19 0.335867
-2.18416 0.331766
-2.17832 0.327347
-2.17248 0.324238
-2.16664 0.321398
-2.1608 0.316463
-2.15496 0.313653
-2.14912 0.309132
-2.14328 0.30624
-2.13744 0.302177
-2.1316 0.297485
-2.12576 0.29358
-2.11992 0.29007
-2.11408 0.284157
-2.10824 0.281481
-2.1024 0.2767
-2.09656 0.274847
-2.09072 0.269487
-2.08488 0.263536
-2.07904 0.26026
-2.0732 0.256741
-2.06736 0.253466
-2.06152 0.24919
-2.05568 0.245445
-2.04984 0.241598
-2.044 0.236695
-2.03816 0.233296
-2.03232 0.228573
-2.02648 0.223786
-2.02064 0.219726
-2.0148 0.215777
-2.00896 0.211557
-2.00312 0.210579
-1.99728 0.205945
-1.99144 0.204918
-1.9856 0.202482
-1.97976 0.201895
-1.97392 0.200548
-1.96808 0.198418
-1.96224 0.196095
-1.9564 0.195765
-1.95056 0.193968
-1.94472 0.195246
-1.93888 0.192418
-1.93304 0.192382
-1.9272 0.191594
-1.92136 0.190365
-1.91552 0.188687
-1.90968 0.186951
-1.90384 0.188172
-1.898 0.190123
-1.89216 0.189559
-1.88632 0.184101
-1.88048 0.186972
-1.87464 0.184951
-1.8688 0.186309
-1.86296 0.186756
-1.85712 0.185589
-1.85128 0.185647
-1.84544 0.187735
-1.8396 0.188666
-1.83376 0.186546
-1.82792 0.185985
-1.82208 0.188469
-1.81624 0.188336
-1.8104 0.188947
-1.80456 0.188075
-1.79872 0.190746
-1.79288 0.190221
-1.78704 0.192985
-1.7812 0.191579
-1.77536 0.191621
-1.76952 0.196494
-1.76368 0.196107
-1.75784 0.195516
-1.752 0.197783
-1.74616 0.197534
-1.74032 0.198054
-1.73448 0.197275
-1.72864 0.201924
-1.7228 0.203
-1.71696 0.204508
-1.71112 0.207051
-1.70528 0.205475
-1.69944 0.208759
-1.6936 0.211184
-1.68776 0.211574
-1.68192 0.212074
-1.67608 0.212819
-1.67024 0.210427
-1.6644 0.211309
-1.65856 0.211327
-1.65272 0.214926
-1.64688 0.212884
-1.64104 0.215718
-1.6352 0.214621
-1.62936 0.217013
-1.62352 0.217039
-1.61768 0.215699
-1.61184 0.217463
-1.606 0.221249
-1.60016 0.225549
-1.59432 0.225795
-1.58848 0.227849
-1.58264 0.230125
-1.5768 0.229074
-1.57096 0.232497
-1.56512 0.236276
-1.55928 0.233473
-1.55344 0.238306
-1.5476 0.242431
-1.54176 0.246855
-1.53592 0.247976
-1.53008 0.248318
-1.52424 0.253622
-1.5184 0.255742
-1.51256 0.256266
-1.50672 0.261308
-1.50088 0.266055
-1.49504 0.26336
-1.4892 0.267331
-1.48336 0.269008
-1.47752 0.269751
-1.47168 0.276157
-1.46584 0.274417
-1.46 0.278676
-1.45416 0.279809
-1.44832 0.283086
-1.44248 0.28286
-1.43664 0.286918
-1.4308 0.287713
-1.42496 0.295553
-1.41912 0.296186
-1.41328 0.291529
-1.40744 0.300079
-1.4016 0.306552
-1.39576 0.30491
-1.38992 0.308533
-1.38408 0.309269
-1.37824 0.314351
-1.3724 0.314002
-1.36656 0.314516
-1.36072 0.319441
-1.35488 0.316866
-1.34904 0.317771
-1.3432 0.324089
-1.33736 0.328216
-1.33152 0.333764
-1.32568 0.335065
-1.31984 0.339029
-1.314 0.342526
-1.30816 0.336421
-1.30232 0.345959
-1.29648 0.34581
-1.29064 0.35413
-1.2848 0.350804
-1.27896 0.356678
-1.27312 0.35979
-1.26728 0.356858
-1.26144 0.36055
-1.2556 0.366754
-1.24976 0.365912
-1.24392 0.36847
-1.23808 0.372801
-1.23224 0.372742
-1.2264 0.375573
-1.22056 0.37565
-1.21472 0.379936
-1.20888 0.381097
-1.20304 0.385862
-1.1972 0.392309
-1.19136 0.38814
-1.18552 0.394515
-1.17968 0.394945
-1.17384 0.39517
-1.168 0.401541
-1.16216 0.403377
-1.15632 0.403051
-1.15048 0.403816
-1.14464 0.404883
-1.1388 0.404038
-1.13296 0.406193
-1.12712 0.410315
-1.12128 0.408072
-1.11544 0.411178
-1.1096 0.416325
-1.10376 0.419029
-1.09792 0.420424
-1.09208 0.416982
-1.08624 0.418125
-1.0804 0.42336
-1.07456 0.42136
-1.06872 0.424646
-1.06288 0.431145
-1.05704 0.424973
-1.0512 0.42725
-1.04536 0.425963
-1.03952 0.423284
-1.03368 0.426089
-1.02784 0.422366
-1.022 0.421904
-1.01616 0.421247
-1.01032 0.422519
-1.00448 0.419379
-0.99864 0.418358
-0.9928 0.417689
-0.98696 0.419361
-0.98112 0.41721
-0.97528 0.411719
-0.96944 0.415494
-0.9636 0.417774
-0.95776 0.415332
-0.95192 0.415353
-0.94608 0.413224
-0.94024 0.4155
-0.9344 0.410477
-0.92856 0.409041
-0.92272 0.407812
-0.91688 0.404805
-0.91104 0.402926
-0.9052 0.403859
-0.89936 0.405906
-0.89352 0.406786
-0.88768 0.404092
-0.88184 0.406053
-0.876 0.404761
-0.87016 0.400241
-0.86432 0.402931
-0.85848 0.402305
-0.85264 0.403814
-0.8468 0.399454
-0.84096 0.400998
-0.83512 0.401552
-0.82928 0.396504
-0.82344 0.395527
-0.8176 0.396884
-0.81176 0.393501
-0.80592 0.394932
-0.80008 0.392241
-0.79424 0.392791
-0.7884 0.39179
-0.78256 0.392578
-0.77672 0.391926
-0.77088 0.39099
-0.76504 0.391949
-0.7592 0.391762
-0.75336 0.389895
-0.74752 0.390699
-0.74168 0.389894
-0.73584 0.3906
-0.73 0.391795
-0.72416 0.39202
-0.71832 0.39208
-0.71248 0.391684
-0.70664 0.39202
-0.7008 0.392561
-0.69496 0.393032
-0.68912 0.393136
-0.68328 0.39442
-0.67744 0.398049
-0.6716 0.399231
-0.66576 0.400365
-0.65992 0.400777
-0.65408 0.401233
-0.64824 0.401781
-0.6424 0.403874
-0.63656 0.404373
-0.63072 0.404527
-0.62488 0.404722
-0.61904 0.404195
-0.6132 0.403418
-0.60736 0.40251
-0.60152 0.402772
-0.59568 0.402772
-0.58984 0.402772
-0.584 0.402772
-0.57816 0.402772
-0.57232 0.402772
-0.56648 0.402772
-0.56064 0.402772
-0.5548 0.402772
-0.54896 0.402772
-0.54312 0.402772
-0.53728 0.402772
-0.53144 0.402772
-0.5256 0.402772
-0.51976 0.402772
-0.51392 0.402772
-0.50808 0.402772
-0.50224 0.402772
-0.4964 0.402772
-0.49056 0.402772
-0.48472 0.402772
-0.47888 0.402772
-0.47304 0.402772
-0.4672 0.402772
-0.46136 0.402772
-0.45552 0.402772
-0.44968 0.402772
-0.44384 0.402772
-0.438 0.402772
-0.43216 0.402772
-0.42632 0.402772
-0.42048 0.402772
-0.41464 0.402772
-0.4088 0.402772
-0.40296 0.402772
-0.39712 0.402772
-0.39128 0.402772
-0.38544 0.402772
-0.3796 0.402772
-0.37376 0.402772
-0.36792 0.402772
-0.36208 0.402772
-0.35624 0.402772
-0.3504 0.402772
-0.34456 0.402772
-0.33872 0.402772
-0.33288 0.402772
-0.32704 0.402772
-0.3212 0.402772
-0.31536 0.402772
-0.30952 0.402772
-0.30368 0.402772
-0.29784 0.402772
-0.292 0.402772
-0.28616 0.402772
-0.28032 0.402772
-0.27448 0.402772
-0.26864 0.402772
-0.2628 0.402772
-0.25696 0.402772
-0.25112 0.402772
-0.24528 0.402772
-0.23944 0.402772
-0.2336 0.402772
-0.22776 0.402772
-0.22192 0.402772
-0.21608 0.402772
-0.21024 0.402772
-0.2044 0.402772
-0.19856 0.402772
-0.19272 0.402772
-0.18688 0.402772
-0.18104 0.402772
-0.1752 0.402772
-0.16936 0.402772
-0.16352 0.402772
-0.15768 0.402772
-0.15184 0.402772
-0.146 0.402772
-0.14016 0.402772
-0.13432 0.402772
-0.12848 0.402772
-0.12264 0.402772
-0.1168 0.402772
-0.11096 0.402772
-0.10512 0.402772
-0.09928 0.402772
-0.09344 0.402772
-0.0876 0.402772
-0.08176 0.402772
-0.07592 0.402772
-0.07008 0.402772
-0.06424 0.402772
-0.0584 0.402772
-0.05256 0.402772
-0.04672 0.402772
-0.04088 0.402772
-0.03504 0.402772
-0.0292 0.402772
-0.02336 0.402772
-0.01752 0.402772
-0.01168 0.402772
-0.00584 0.402772
