-2.92 0.443787
-2.91416 0.443787
-2.90832 0.443787
-2.90248 0.443787
-2.89664 0.443787
-2.8908 0.443787
-2.88496 0.443787
-2.87912 0.443787
-2.87328 0.443787
-2.86744 0.443787
-2.8616 0.443787
-2.85576 0.443787
-2.84992 0.443787
-2.84408 0.443787
-2.83824 0.443787
-2.8324 0.443787
-2.82656 0.443787
-2.82072 0.443787
-2.81488 0.443787
-2.80904 0.443787
-2.8032 0.443787
-2.79736 0.443787
-2.79152 0.443787
-2.78568 0.443787
-2.77984 0.443787
-2.774 0.443787
-2.76816 0.443787
-2.76232 0.443787
-2.75648 0.443787
-2.75064 0.443787
-2.7448 0.443787
-2.73896 0.443787
-2.73312 0.443787
-2.72728 0.443787
-2.72144 0.443787
-2.7156 0.443787
-2.70976 0.443787
-2.70392 0.443787
-2.69808 0.443787
-2.69224 0.443787
-2.6864 0.443787
-2.68056 0.443787
-2.67472 0.443787
-2.66888 0.443787
-2.66304 0.443787
-2.6572 0.443787
-2.65136 0.443787
-2.64552 0.443787
-2.63968 0.443787
-2.63384 0.443787
-2.628 0.443787
-2.62216 0.443787
-2.61632 0.443787
-2.61048 0.443787
-2.60464 0.443787
-2.5988 0.443787
-2.59296 0.44339
-2.58712 0.442772
-2.58128 0.442065
-2.57544 0.441181
-2.5696 0.440207
-2.56376 0.439234
-2.55792 0.438173
-2.55208 0.437068
-2.54624 0.435874
-2.5404 0.434504
-2.53456 0.433048
-2.52872 0.431591
-2.52288 0.430047
-2.51704 0.428413
-2.5112 0.426778
-2.50536 0.425054
-2.49952 0.423654
-2.49368 0.422754
-2.48784 0.421766
-2.482 0.420708
-2.47616 0.419257
-2.47032 0.418723
-2.46448 0.417854
-2.45864 0.416276
-2.4528 0.414904
-2.44696 0.414033
-2.44112 0.411742
-2.43528 0.411151
-2.42944 0.410106
-2.4236 0.407852
-2.41776 0.405672
-2.41192 0.404954
-2.40608 0.403268
-2.40024 0.401209
-2.3944 0.398653
-2.38856 0.397306
-2.38272 0.394869
-2.37688 0.393601
-2.37104 0.391909
-2.3652 0.388101
-2.35936 0.387399
-2.35352 0.384615
-2.34768 0.383005
-2.34184 0.380805
-2.336 0.378064
-2.33016 0.375579
-2.32432 0.37375
-2.31848 0.372003
-2.31264 0.369465
-2.3068 0.365639
-2.30096 0.36227
-2.29512 0.358157
-2.28928 0.356704
-2.28344 0.35229
-2.2776 0.34736
-2.27176 0.344114
-2.26592 0.341578
-2.26008 0.33846
-2.25424 0.334198
-2.2484 0.329268
-2.24256 0.326134
-2.23672 0.321749
-2.23088 0.318447
-2.22504 0.3154
-2.2192 0.311344
-2.21336 0.308627
-2.20752 0.304324
-2.20168 0.302438
-2.19584 0.298048
-2.19 0.295244
-2.18416 0.291472
-2.17832 0.288162
-2.17248 0.283932
-2.16664 0.28187
-2.1608 0.278978
-2.15496 0.274448
-2.14912 0.271936
-2.14328 0.268744
-2.13744 0.265348
-2.1316 0.262117
-2.12576 0.258338
-2.11992 0.254768
-2.11408 0.251635
-2.10824 0.2484
-2.1024 0.244374
-2.09656 0.242108
-2.09072 0.238487
-2.08488 0.236723
-2.07904 0.231755
-2.0732 0.228402
-2.06736 0.226553
-2.06152 0.221333
-2.05568 0.219504
-2.04984 0.216467
-2.044 0.213077
-2.03816 0.20921
-2.03232 0.205335
-2.02648 0.20395
-2.02064 0.199112
-2.0148 0.195131
-2.00896 0.193151
-2.00312 0.19014
-1.99728 0.185639
-1.99144 0.184574
-1.9856 0.182554
-1.97976 0.18026
-1.97392 0.177782
-1.96808 0.177274
-1.96224 0.175641
-1.9564 0.174929
-1.95056 0.173945
-1.94472 0.173757
-1.93888 0.173179
-1.93304 0.170359
-1.9272 0.169756
-1.92136 0.170534
-1.91552 0.16879
-1.90968 0.170791
-1.90384 0.167782
-1.898 0.167916
-1.89216 0.169908
-1.88632 0.166665
-1.88048 0.168455
-1.87464 0.165975
-1.8688 0.169973
-1.86296 0.169255
-1.85712 0.168704
-1.85128 0.170222
-1.84544 0.169663
-1.8396 0.169978
-1.83376 0.17017
-1.82792 0.172959
-1.82208 0.171597
-1.81624 0.172647
-1.8104 0.171647
-1.80456 0.173934
-1.79872 0.172704
-1.79288 0.176659
-1.78704 0.172102
-1.7812 0.178289
-1.77536 0.176122
-1.76952 0.176443
-1.76368 0.180861
-1.75784 0.179053
-1.752 0.180076
-1.74616 0.183609
-1.74032 0.182416
-1.73448 0.186946
-1.72864 0.188605
-1.7228 0.185566
-1.71696 0.191881
-1.71112 0.190765
-1.70528 0.193019
-1.69944 0.19528
-1.6936 0.19685
-1.68776 0.197741
-1.68192 0.200759
-1.67608 0.203605
-1.67024 0.204397
-1.6644 0.202297
-1.65856 0.202852
-1.65272 0.206829
-1.64688 0.204483
-1.64104 0.203559
-1.6352 0.207608
-1.62936 0.208364
-1.62352 0.20853
-1.61768 0.209379
-1.61184 0.206687
-1.606 0.211594
-1.60016 0.214425
-1.59432 0.21401
-1.58848 0.218725
-1.58264 0.220034
-1.5768 0.22479
-1.57096 0.226425
-1.56512 0.228614
-1.55928 0.231048
-1.55344 0.229685
-1.5476 0.231096
-1.54176 0.235368
-1.53592 0.239019
-1.53008 0.241109
-1.52424 0.243407
-1.5184 0.248606
-1.51256 0.248306
-1.50672 0.25349
-1.50088 0.25727
-1.49504 0.252707
-1.4892 0.260751
-1.48336 0.264687
-1.47752 0.264799
-1.47168 0.265123
-1.46584 0.266734
-1.46 0.268591
-1.45416 0.271992
-1.44832 0.268454
-1.44248 0.272351
-1.43664 0.271829
-1.4308 0.279591
-1.42496 0.278828
-1.41912 0.282639
-1.41328 0.28397
-1.40744 0.288238
-1.4016 0.289271
-1.39576 0.289725
-1.38992 0.289659
-1.38408 0.294183
-1.37824 0.295602
-1.3724 0.297617
-1.36656 0.30414
-1.36072 0.304819
-1.35488 0.309981
-1.34904 0.310208
-1.3432 0.311865
-1.33736 0.311306
-1.33152 0.31241
-1.32568 0.320006
-1.31984 0.319792
-1.314 0.320988
-1.30816 0.322389
-1.30232 0.326324
-1.29648 0.329575
-1.29064 0.334734
-1.2848 0.331809
-1.27896 0.341513
-1.27312 0.334467
-1.26728 0.334167
-1.26144 0.340855
-1.2556 0.336374
-1.24976 0.339482
-1.24392 0.341032
-1.23808 0.342534
-1.23224 0.345297
-1.2264 0.346666
-1.22056 0.347375
-1.21472 0.349708
-1.20888 0.350216
-1.20304 0.349048
-1.1972 0.353799
-1.19136 0.355872
-1.18552 0.357143
-1.17968 0.359612
-1.17384 0.356518
-1.168 0.360726
-1.16216 0.364651
-1.15632 0.363935
-1.15048 0.367153
-1.14464 0.370179
-1.1388 0.3725
-1.13296 0.373687
-1.12712 0.374237
-1.12128 0.37551
-1.11544 0.373106
-1.1096 0.372586
-1.10376 0.376889
-1.09792 0.377343
-1.09208 0.378428
-1.08624 0.377811
-1.0804 0.384854
-1.07456 0.380792
-1.06872 0.385962
-1.06288 0.387246
-1.05704 0.37847
-1.0512 0.382242
-1.04536 0.383147
-1.03952 0.383354
-1.03368 0.381496
-1.02784 0.378885
-1.022 0.377358
-1.01616 0.376097
-1.01032 0.370653
-1.00448 0.368903
-0.99864 0.367344
-0.9928 0.370948
-0.98696 0.366029
-0.98112 0.364199
-0.97528 0.361672
-0.96944 0.36225
-0.9636 0.361945
-0.95776 0.357321
-0.95192 0.354835
-0.94608 0.356477
-0.94024 0.354054
-0.9344 0.35441
-0.92856 0.35328
-0.92272 0.352314
-0.91688 0.353791
-0.91104 0.349111
-0.9052 0.347785
-0.89936 0.344671
-0.89352 0.346589
-0.88768 0.34492
-0.88184 0.344891
-0.876 0.340867
-0.87016 0.341282
-0.86432 0.339831
-0.85848 0.339648
-0.85264 0.338942
-0.8468 0.337938
-0.84096 0.338003
-0.83512 0.332696
-0.82928 0.329998
-0.82344 0.33043
-0.8176 0.328889
-0.81176 0.325807
-0.80592 0.324627
-0.80008 0.322157
-0.79424 0.319864
-0.7884 0.319453
-0.78256 0.318077
-0.77672 0.317453
-0.77088 0.315467
-0.76504 0.314814
-0.7592 0.314432
-0.75336 0.313764
-0.74752 0.312335
-0.74168 0.312471
-0.73584 0.311793
-0.73 0.310921
-0.72416 0.311356
-0.71832 0.31093
-0.71248 0.311651
-0.70664 0.313353
-0.7008 0.313608
-0.69496 0.314755
-0.68912 0.315098
-0.68328 0.316284
-0.67744 0.317513
-0.6716 0.318485
-0.66576 0.319281
-0.65992 0.319866
-0.65408 0.319358
-0.64824 0.320407
-0.6424 0.321782
-0.63656 0.322951
-0.63072 0.322769
-0.62488 0.323469
-0.61904 0.320914
-0.6132 0.32068
-0.60736 0.320399
-0.60152 0.320709
-0.59568 0.320709
-0.58984 0.320709
-0.584 0.320709
-0.57816 0.320709
-0.57232 0.320709
-0.56648 0.320709
-0.56064 0.320709
-0.5548 0.320709
-0.54896 0.320709
-0.54312 0.320709
-0.53728 0.320709
-0.53144 0.320709
-0.5256 0.320709
-0.51976 0.320709
-0.51392 0.320709
-0.50808 0.320709
-0.50224 0.320709
-0.4964 0.320709
-0.49056 0.320709
-0.48472 0.320709
-0.47888 0.320709
-0.47304 0.320709
-0.4672 0.320709
-0.46136 0.320709
-0.45552 0.320709
-0.44968 0.320709
-0.44384 0.320709
-0.438 0.320709
-0.43216 0.320709
-0.42632 0.320709
-0.42048 0.320709
-0.41464 0.320709
-0.4088 0.320709
-0.40296 0.320709
-0.39712 0.320709
-0.39128 0.320709
-0.38544 0.320709
-0.3796 0.320709
-0.37376 0.320709
-0.36792 0.320709
-0.36208 0.320709
-0.35624 0.320709
-0.3504 0.320709
-0.34456 0.320709
-0.33872 0.320709
-0.33288 0.320709
-0.32704 0.320709
-0.3212 0.320709
-0.31536 0.320709
-0.30952 0.320709
-0.30368 0.320709
-0.29784 0.320709
-0.292 0.320709
-0.28616 0.320709
-0.28032 0.320709
-0.27448 0.320709
-0.26864 0.320709
-0.2628 0.320709
-0.25696 0.320709
-0.25112 0.320709
-0.24528 0.320709
-0.23944 0.320709
-0.2336 0.320709
-0.22776 0.320709
-0.22192 0.320709
-0.21608 0.320709
-0.21024 0.320709
-0.2044 0.320709
-0.19856 0.320709
-0.19272 0.320709
-0.18688 0.320709
-0.18104 0.320709
-0.1752 0.320709
-0.16936 0.320709
-0.16352 0.320709
-0.15768 0.320709
-0.15184 0.320709
-0.146 0.320709
-0.14016 0.320709
-0.13432 0.320709
-0.12848 0.320709
-0.12264 0.320709
-0.1168 0.320709
-0.11096 0.320709
-0.10512 0.320709
-0.09928 0.320709
-0.09344 0.320709
-0.0876 0.320709
-0.08176 0.320709
-0.07592 0.320709
-0.07008 0.320709
-0.06424 0.320709
-0.0584 0.320709
-0.05256 0.320709
-0.04672 0.320709
-0.04088 0.320709
-0.03504 0.320709
-0.0292 0.320709
-0.02336 0.320709
-0.01752 0.320709
-0.01168 0.320709
-0.00584 0.320709
