-2.92 0.475767
-2.91416 0.475767
-2.90832 0.475767
-2.90248 0.475767
-2.89664 0.475767
-2.8908 0.475767
-2.88496 0.475767
-2.87912 0.475767
-2.87328 0.475767
-2.86744 0.475767
-2.8616 0.475767
-2.85576 0.475767
-2.84992 0.475767
-2.84408 0.475767
-2.83824 0.475767
-2.8324 0.475767
-2.82656 0.475767
-2.82072 0.475767
-2.81488 0.475767
-2.80904 0.475767
-2.8032 0.475767
-2.79736 0.475767
-2.79152 0.475767
-2.78568 0.475767
-2.77984 0.475767
-2.774 0.475767
-2.76816 0.475767
-2.76232 0.475767
-2.75648 0.475767
-2.75064 0.475767
-2.7448 0.475767
-2.73896 0.475767
-2.73312 0.475767
-2.72728 0.475767
-2.72144 0.475767
-2.7156 0.475767
-2.70976 0.475767
-2.70392 0.475767
-2.69808 0.475767
-2.69224 0.475767
-2.6864 0.475767
-2.68056 0.475767
-2.67472 0.475767
-2.66888 0.475767
-2.66304 0.475767
-2.6572 0.475767
-2.65136 0.475767
-2.64552 0.475767
-2.63968 0.475767
-2.63384 0.475767
-2.628 0.475767
-2.62216 0.475767
-2.61632 0.475767
-2.61048 0.475767
-2.60464 0.475767
-2.5988 0.475767
-2.59296 0.475281
-2.58712 0.474486
-2.58128 0.473557
-2.57544 0.472585
-2.5696 0.471483
-2.56376 0.470336
-2.55792 0.469058
-2.55208 0.467779
-2.54624 0.4665
-2.5404 0.464958
-2.53456 0.463283
-2.52872 0.461564
-2.52288 0.459847
-2.51704 0.458041
-2.5112 0.456144
-2.50536 0.454161
-2.49952 0.452221
-2.49368 0.450237
-2.48784 0.448163
-2.482 0.44622
-2.47616 0.443964
-2.47032 0.441709
-2.46448 0.439241
-2.45864 0.436938
-2.4528 0.434469
-2.44696 0.432204
-2.44112 0.429814
-2.43528 0.427047
-2.42944 0.425033
-2.4236 0.422771
-2.41776 0.420542
-2.41192 0.418151
-2.40608 0.415879
-2.40024 0.413772
-2.3944 0.411492
-2.38856 0.408843
-2.38272 0.406937
-2.37688 0.404527
-2.37104 0.402368
-2.3652 0.399755
-2.35936 0.397548
-2.35352 0.394008
-2.34768 0.392643
-2.34184 0.389608
-2.336 0.388034
-2.33016 0.384913
-2.32432 0.382916
-2.31848 0.382184
-2.31264 0.378182
-2.3068 0.375756
-2.30096 0.373684
-2.29512 0.370186
-2.28928 0.367935
-2.28344 0.367834
-2.2776 0.364913
-2.27176 0.362249
-2.26592 0.358913
-2.26008 0.356497
-2.25424 0.355123
-2.2484 0.352326
-2.24256 0.348858
-2.23672 0.3466
-2.23088 0.344605
-2.22504 0.341212
-2.2192 0.340849
-2.21336 0.336945
-2.20752 0.334444
-2.20168 0.332399
-2.19584 0.327998
-2.19 0.325025
-2.18416 0.322383
-2.17832 0.32038
-2.17248 0.317445
-2.16664 0.3148
-2.1608 0.311401
-2.15496 0.309147
-2.14912 0.30605
-2.14328 0.303154
-2.13744 0.300271
-2.1316 0.296367
-2.12576 0.29436
-2.11992 0.293196
-2.11408 0.290492
-2.10824 0.286461
-2.1024 0.287454
-2.09656 0.284991
-2.09072 0.282975
-2.08488 0.281496
-2.07904 0.276415
-2.0732 0.27585
-2.06736 0.274098
-2.06152 0.26907
-2.05568 0.269829
-2.04984 0.268843
-2.044 0.267046
-2.03816 0.262321
-2.03232 0.263317
-2.02648 0.262027
-2.02064 0.258423
-2.0148 0.258078
-2.00896 0.255788
-2.00312 0.252769
-1.99728 0.253728
-1.99144 0.248694
-1.9856 0.250656
-1.97976 0.2501
-1.97392 0.248475
-1.96808 0.247273
-1.96224 0.243702
-1.9564 0.240692
-1.95056 0.24128
-1.94472 0.241701
-1.93888 0.239834
-1.93304 0.234802
-1.9272 0.23406
-1.92136 0.233496
-1.91552 0.233066
-1.90968 0.229218
-1.90384 0.227051
-1.898 0.225607
-1.89216 0.225937
-1.88632 0.222471
-1.88048 0.217925
-1.87464 0.215449
-1.8688 0.213504
-1.86296 0.207485
-1.85712 0.208569
-1.85128 0.206838
-1.84544 0.20346
-1.8396 0.200899
-1.83376 0.199819
-1.82792 0.199954
-1.82208 0.199264
-1.81624 0.196468
-1.8104 0.193012
-1.80456 0.192306
-1.79872 0.183193
-1.79288 0.185889
-1.78704 0.184116
-1.7812 0.178386
-1.77536 0.180434
-1.76952 0.175019
-1.76368 0.173944
-1.75784 0.173658
-1.752 0.172587
-1.74616 0.170644
-1.74032 0.165316
-1.73448 0.165147
-1.72864 0.163236
-1.7228 0.159225
-1.71696 0.157195
-1.71112 0.156055
-1.70528 0.150596
-1.69944 0.150321
-1.6936 0.15241
-1.68776 0.146485
-1.68192 0.147385
-1.67608 0.145357
-1.67024 0.14363
-1.6644 0.141937
-1.65856 0.142796
-1.65272 0.142314
-1.64688 0.142937
-1.64104 0.139348
-1.6352 0.140313
-1.62936 0.142853
-1.62352 0.145224
-1.61768 0.144113
-1.61184 0.14564
-1.606 0.143554
-1.60016 0.15169
-1.59432 0.149605
-1.58848 0.148662
-1.58264 0.150844
-1.5768 0.150393
-1.57096 0.155693
-1.56512 0.152405
-1.55928 0.15625
-1.55344 0.157062
-1.5476 0.162064
-1.54176 0.167377
-1.53592 0.166349
-1.53008 0.167243
-1.52424 0.163932
-1.5184 0.169234
-1.51256 0.172104
-1.50672 0.174493
-1.50088 0.174699
-1.49504 0.174237
-1.4892 0.179861
-1.48336 0.183255
-1.47752 0.184061
-1.47168 0.185301
-1.46584 0.188644
-1.46 0.190543
-1.45416 0.189948
-1.44832 0.192522
-1.44248 0.197165
-1.43664 0.198502
-1.4308 0.20033
-1.42496 0.199385
-1.41912 0.202176
-1.41328 0.202734
-1.40744 0.205118
-1.4016 0.204999
-1.39576 0.204854
-1.38992 0.20744
-1.38408 0.20685
-1.37824 0.206947
-1.3724 0.210381
-1.36656 0.212547
-1.36072 0.208047
-1.35488 0.215209
-1.34904 0.216659
-1.3432 0.216005
-1.33736 0.220586
-1.33152 0.224851
-1.32568 0.223104
-1.31984 0.227655
-1.314 0.225156
-1.30816 0.229019
-1.30232 0.228094
-1.29648 0.229756
-1.29064 0.23001
-1.2848 0.2292
-1.27896 0.236036
-1.27312 0.237775
-1.26728 0.238272
-1.26144 0.23691
-1.2556 0.244353
-1.24976 0.247466
-1.24392 0.252292
-1.23808 0.253393
-1.23224 0.255081
-1.2264 0.260208
-1.22056 0.260059
-1.21472 0.265796
-1.20888 0.265936
-1.20304 0.27005
-1.1972 0.272994
-1.19136 0.275726
-1.18552 0.281011
-1.17968 0.280946
-1.17384 0.282616
-1.168 0.28303
-1.16216 0.28838
-1.15632 0.287576
-1.15048 0.288963
-1.14464 0.290299
-1.1388 0.296321
-1.13296 0.297105
-1.12712 0.300188
-1.12128 0.30249
-1.11544 0.305561
-1.1096 0.310623
-1.10376 0.309997
-1.09792 0.314055
-1.09208 0.315645
-1.08624 0.315153
-1.0804 0.319674
-1.07456 0.32074
-1.06872 0.324601
-1.06288 0.327129
-1.05704 0.332254
-1.0512 0.335114
-1.04536 0.337951
-1.03952 0.337371
-1.03368 0.341807
-1.02784 0.34425
-1.022 0.345524
-1.01616 0.348173
-1.01032 0.351419
-1.00448 0.354718
-0.99864 0.356684
-0.9928 0.359513
-0.98696 0.35959
-0.98112 0.363473
-0.97528 0.36582
-0.96944 0.367787
-0.9636 0.370296
-0.95776 0.373012
-0.95192 0.374997
-0.94608 0.373739
-0.94024 0.375903
-0.9344 0.378646
-0.92856 0.383155
-0.92272 0.381571
-0.91688 0.386583
-0.91104 0.390054
-0.9052 0.391835
-0.89936 0.395218
-0.89352 0.399192
-0.88768 0.401953
-0.88184 0.404696
-0.876 0.405114
-0.87016 0.409296
-0.86432 0.407655
-0.85848 0.410471
-0.85264 0.411767
-0.8468 0.415372
-0.84096 0.421676
-0.83512 0.424317
-0.82928 0.426424
-0.82344 0.427521
-0.8176 0.430164
-0.81176 0.432172
-0.80592 0.434513
-0.80008 0.435549
-0.79424 0.438678
-0.7884 0.439671
-0.78256 0.441282
-0.77672 0.444161
-0.77088 0.445781
-0.76504 0.448455
-0.7592 0.449489
-0.75336 0.451682
-0.74752 0.454998
-0.74168 0.45339
-0.73584 0.45462
-0.73 0.455266
-0.72416 0.454218
-0.71832 0.452648
-0.71248 0.45548
-0.70664 0.455089
-0.7008 0.457245
-0.69496 0.456658
-0.68912 0.457185
-0.68328 0.458003
-0.67744 0.458242
-0.6716 0.46134
-0.66576 0.460937
-0.65992 0.46239
-0.65408 0.462582
-0.64824 0.461762
-0.6424 0.461679
-0.63656 0.463167
-0.63072 0.463164
-0.62488 0.464467
-0.61904 0.466941
-0.6132 0.467483
-0.60736 0.467886
-0.60152 0.46761
-0.59568 0.46761
-0.58984 0.46761
-0.584 0.46761
-0.57816 0.46761
-0.57232 0.46761
-0.56648 0.46761
-0.56064 0.46761
-0.5548 0.46761
-0.54896 0.46761
-0.54312 0.46761
-0.53728 0.46761
-0.53144 0.46761
-0.5256 0.46761
-0.51976 0.46761
-0.51392 0.46761
-0.50808 0.46761
-0.50224 0.46761
-0.4964 0.46761
-0.49056 0.46761
-0.48472 0.46761
-0.47888 0.46761
-0.47304 0.46761
-0.4672 0.46761
-0.46136 0.46761
-0.45552 0.46761
-0.44968 0.46761
-0.44384 0.46761
-0.438 0.46761
-0.43216 0.46761
-0.42632 0.46761
-0.42048 0.46761
-0.41464 0.46761
-0.4088 0.46761
-0.40296 0.46761
-0.39712 0.46761
-0.39128 0.46761
-0.38544 0.46761
-0.3796 0.46761
-0.37376 0.46761
-0.36792 0.46761
-0.36208 0.46761
-0.35624 0.46761
-0.3504 0.46761
-0.34456 0.46761
-0.33872 0.46761
-0.33288 0.46761
-0.32704 0.46761
-0.3212 0.46761
-0.31536 0.46761
-0.30952 0.46761
-0.30368 0.46761
-0.29784 0.46761
-0.292 0.46761
-0.28616 0.46761
-0.28032 0.46761
-0.27448 0.46761
-0.26864 0.46761
-0.2628 0.46761
-0.25696 0.46761
-0.25112 0.46761
-0.24528 0.46761
-0.23944 0.46761
-0.2336 0.46761
-0.22776 0.46761
-0.22192 0.46761
-0.21608 0.46761
-0.21024 0.46761
-0.2044 0.46761
-0.19856 0.46761
-0.19272 0.46761
-0.18688 0.46761
-0.18104 0.46761
-0.1752 0.46761
-0.16936 0.46761
-0.16352 0.46761
-0.15768 0.46761
-0.15184 0.46761
-0.146 0.46761
-0.14016 0.46761
-0.13432 0.46761
-0.12848 0.46761
-0.12264 0.46761
-0.1168 0.46761
-0.11096 0.46761
-0.10512 0.46761
-0.09928 0.46761
-0.09344 0.46761
-0.0876 0.46761
-0.08176 0.46761
-0.07592 0.46761
-0.07008 0.46761
-0.06424 0.46761
-0.0584 0.46761
-0.05256 0.46761
-0.04672 0.46761
-0.04088 0.46761
-0.03504 0.46761
-0.0292 0.46761
-0.02336 0.46761
-0.01752 0.46761
-0.01168 0.46761
-0.00584 0.46761
