-2.92 0.504782
-2.91416 0.504782
-2.90832 0.504782
-2.90248 0.504782
-2.89664 0.504782
-2.8908 0.504782
-2.88496 0.504782
-2.87912 0.504782
-2.87328 0.504782
-2.86744 0.504782
-2.8616 0.504782
-2.85576 0.504782
-2.84992 0.504782
-2.84408 0.504782
-2.83824 0.504782
-2.8324 0.504782
-2.82656 0.504782
-2.82072 0.504782
-2.81488 0.504782
-2.80904 0.504782
-2.8032 0.504782
-2.79736 0.504782
-2.79152 0.504782
-2.78568 0.504782
-2.77984 0.504782
-2.774 0.504782
-2.76816 0.504782
-2.76232 0.504782
-2.75648 0.504782
-2.75064 0.504782
-2.7448 0.504782
-2.73896 0.504782
-2.73312 0.504782
-2.72728 0.504782
-2.72144 0.504782
-2.7156 0.504782
-2.70976 0.504782
-2.70392 0.504782
-2.69808 0.504782
-2.69224 0.504782
-2.6864 0.504782
-2.68056 0.504782
-2.67472 0.504782
-2.66888 0.504782
-2.66304 0.504782
-2.6572 0.504782
-2.65136 0.504782
-2.64552 0.504782
-2.63968 0.504782
-2.63384 0.504782
-2.628 0.504782
-2.62216 0.504782
-2.61632 0.504782
-2.61048 0.504782
-2.60464 0.504782
-2.5988 0.504782
-2.59296 0.504471
-2.58712 0.503808
-2.58128 0.503057
-2.57544 0.502233
-2.5696 0.501198
-2.56376 0.500072
-2.55792 0.498816
-2.55208 0.497515
-2.54624 0.496213
-2.5404 0.494781
-2.53456 0.493258
-2.52872 0.491602
-2.52288 0.48999
-2.51704 0.488247
-2.5112 0.486414
-2.50536 0.484581
-2.49952 0.482658
-2.49368 0.480646
-2.48784 0.478714
-2.482 0.476707
-2.47616 0.474728
-2.47032 0.472495
-2.46448 0.470306
-2.45864 0.468113
-2.4528 0.465951
-2.44696 0.463627
-2.44112 0.461009
-2.43528 0.458797
-2.42944 0.456625
-2.4236 0.454001
-2.41776 0.451786
-2.41192 0.449368
-2.40608 0.446986
-2.40024 0.444515
-2.3944 0.441835
-2.38856 0.439058
-2.38272 0.436793
-2.37688 0.434156
-2.37104 0.431346
-2.3652 0.428653
-2.35936 0.426491
-2.35352 0.423394
-2.34768 0.420417
-2.34184 0.417722
-2.336 0.414403
-2.33016 0.412281
-2.32432 0.409458
-2.31848 0.406131
-2.31264 0.403833
-2.3068 0.399856
-2.30096 0.396566
-2.29512 0.393361
-2.28928 0.39
-2.28344 0.386092
-2.2776 0.382587
-2.27176 0.37975
-2.26592 0.375302
-2.26008 0.373295
-2.25424 0.369417
-2.2484 0.365741
-2.24256 0.36153
-2.23672 0.358474
-2.23088 0.354885
-2.22504 0.351758
-2.2192 0.347867
-2.21336 0.344391
-2.20752 0.341874
-2.20168 0.337738
-2.19584 0.333847
-2.19 0.329908
-2.18416 0.326017
-2.17832 0.322492
-2.17248 0.31882
-2.16664 0.315644
-2.1608 0.312492
-2.15496 0.308507
-2.14912 0.304813
-2.14328 0.301161
-2.13744 0.297515
-2.1316 0.293695
-2.12576 0.289955
-2.11992 0.286509
-2.11408 0.283403
-2.10824 0.279036
-2.1024 0.274966
-2.09656 0.271688
-2.09072 0.268073
-2.08488 0.263461
-2.07904 0.260144
-2.0732 0.255896
-2.06736 0.253085
-2.06152 0.248215
-2.05568 0.244351
-2.04984 0.241783
-2.044 0.238265
-2.03816 0.234323
-2.03232 0.229696
-2.02648 0.227596
-2.02064 0.223099
-2.0148 0.218437
-2.00896 0.217691
-2.00312 0.213683
-1.99728 0.21214
-1.99144 0.210366
-1.9856 0.208024
-1.97976 0.206843
-1.97392 0.205342
-1.96808 0.203845
-1.96224 0.202452
-1.9564 0.201012
-1.95056 0.198469
-1.94472 0.197757
-1.93888 0.195964
-1.93304 0.196214
-1.9272 0.192514
-1.92136 0.194584
-1.91552 0.19216
-1.90968 0.191069
-1.90384 0.188779
-1.898 0.189562
-1.89216 0.188769
-1.88632 0.188932
-1.88048 0.187637
-1.87464 0.186019
-1.8688 0.188494
-1.86296 0.18587
-1.85712 0.185223
-1.85128 0.187737
-1.84544 0.186443
-1.8396 0.185935
-1.83376 0.185707
-1.82792 0.185725
-1.82208 0.188565
-1.81624 0.191116
-1.8104 0.188811
-1.80456 0.18775
-1.79872 0.18944
-1.79288 0.190348
-1.78704 0.19041
-1.7812 0.189623
-1.77536 0.190332
-1.76952 0.191658
-1.76368 0.189841
-1.75784 0.194426
-1.752 0.1932
-1.74616 0.194145
-1.74032 0.196319
-1.73448 0.196861
-1.72864 0.195957
-1.7228 0.199209
-1.71696 0.202615
-1.71112 0.202012
-1.70528 0.201588
-1.69944 0.204758
-1.6936 0.205457
-1.68776 0.20444
-1.68192 0.2076
-1.67608 0.204877
-1.67024 0.207907
-1.6644 0.206147
-1.65856 0.208997
-1.65272 0.208786
-1.64688 0.205549
-1.64104 0.210668
-1.6352 0.211433
-1.62936 0.210323
-1.62352 0.211563
-1.61768 0.21391
-1.61184 0.213368
-1.606 0.216638
-1.60016 0.22369
-1.59432 0.219928
-1.58848 0.225425
-1.58264 0.231646
-1.5768 0.226005
-1.57096 0.229794
-1.56512 0.231533
-1.55928 0.235857
-1.55344 0.236962
-1.5476 0.247568
-1.54176 0.249536
-1.53592 0.251769
-1.53008 0.252359
-1.52424 0.252392
-1.5184 0.260404
-1.51256 0.262481
-1.50672 0.264974
-1.50088 0.266311
-1.49504 0.271618
-1.4892 0.270501
-1.48336 0.277329
-1.47752 0.276317
-1.47168 0.278161
-1.46584 0.281852
-1.46 0.287219
-1.45416 0.288197
-1.44832 0.290943
-1.44248 0.293062
-1.43664 0.296299
-1.4308 0.298993
-1.42496 0.304116
-1.41912 0.305034
-1.41328 0.305139
-1.40744 0.30796
-1.4016 0.312738
-1.39576 0.315776
-1.38992 0.320155
-1.38408 0.326606
-1.37824 0.327759
-1.3724 0.327155
-1.36656 0.328234
-1.36072 0.332343
-1.35488 0.335781
-1.34904 0.334957
-1.3432 0.33756
-1.33736 0.340619
-1.33152 0.347877
-1.32568 0.347338
-1.31984 0.349836
-1.314 0.355271
-1.30816 0.354462
-1.30232 0.36023
-1.29648 0.363131
-1.29064 0.367406
-1.2848 0.370235
-1.27896 0.372324
-1.27312 0.374636
-1.26728 0.37052
-1.26144 0.375365
-1.2556 0.37986
-1.24976 0.378306
-1.24392 0.386469
-1.23808 0.386905
-1.23224 0.388282
-1.2264 0.390604
-1.22056 0.392349
-1.21472 0.396118
-1.20888 0.395526
-1.20304 0.403378
-1.1972 0.403247
-1.19136 0.404927
-1.18552 0.407329
-1.17968 0.411548
-1.17384 0.413097
-1.168 0.415585
-1.16216 0.420823
-1.15632 0.414678
-1.15048 0.419081
-1.14464 0.423119
-1.1388 0.419767
-1.13296 0.421454
-1.12712 0.420818
-1.12128 0.427281
-1.11544 0.426354
-1.1096 0.433715
-1.10376 0.434859
-1.09792 0.436022
-1.09208 0.43358
-1.08624 0.431042
-1.0804 0.439397
-1.07456 0.438811
-1.06872 0.440534
-1.06288 0.439101
-1.05704 0.444567
-1.0512 0.439979
-1.04536 0.44168
-1.03952 0.439752
-1.03368 0.438796
-1.02784 0.437617
-1.022 0.438276
-1.01616 0.437034
-1.01032 0.433546
-1.00448 0.431729
-0.99864 0.431858
-0.9928 0.433401
-0.98696 0.435644
-0.98112 0.431766
-0.97528 0.429601
-0.96944 0.429052
-0.9636 0.429218
-0.95776 0.42842
-0.95192 0.42926
-0.94608 0.431463
-0.94024 0.427719
-0.9344 0.427235
-0.92856 0.425926
-0.92272 0.423647
-0.91688 0.42211
-0.91104 0.419824
-0.9052 0.418835
-0.89936 0.422158
-0.89352 0.423224
-0.88768 0.42041
-0.88184 0.420541
-0.876 0.42173
-0.87016 0.41814
-0.86432 0.421011
-0.85848 0.420765
-0.85264 0.422106
-0.8468 0.420527
-0.84096 0.421954
-0.83512 0.420577
-0.82928 0.416284
-0.82344 0.415556
-0.8176 0.414217
-0.81176 0.414967
-0.80592 0.416365
-0.80008 0.413614
-0.79424 0.415151
-0.7884 0.414042
-0.78256 0.413756
-0.77672 0.414446
-0.77088 0.414253
-0.76504 0.415661
-0.7592 0.413881
-0.75336 0.414386
-0.74752 0.413596
-0.74168 0.415571
-0.73584 0.416287
-0.73 0.416958
-0.72416 0.417216
-0.71832 0.417062
-0.71248 0.417689
-0.70664 0.418674
-0.7008 0.419059
-0.69496 0.419313
-0.68912 0.420155
-0.68328 0.421821
-0.67744 0.426103
-0.6716 0.426848
-0.66576 0.428311
-0.65992 0.429169
-0.65408 0.430025
-0.64824 0.430101
-0.6424 0.433142
-0.63656 0.433841
-0.63072 0.434338
-0.62488 0.434185
-0.61904 0.434351
-0.6132 0.433637
-0.60736 0.432525
-0.60152 0.433092
-0.59568 0.433092
-0.58984 0.433092
-0.584 0.433092
-0.57816 0.433092
-0.57232 0.433092
-0.56648 0.433092
-0.56064 0.433092
-0.5548 0.433092
-0.54896 0.433092
-0.54312 0.433092
-0.53728 0.433092
-0.53144 0.433092
-0.5256 0.433092
-0.51976 0.433092
-0.51392 0.433092
-0.50808 0.433092
-0.50224 0.433092
-0.4964 0.433092
-0.49056 0.433092
-0.48472 0.433092
-0.47888 0.433092
-0.47304 0.433092
-0.4672 0.433092
-0.46136 0.433092
-0.45552 0.433092
-0.44968 0.433092
-0.44384 0.433092
-0.438 0.433092
-0.43216 0.433092
-0.42632 0.433092
-0.42048 0.433092
-0.41464 0.433092
-0.4088 0.433092
-0.40296 0.433092
-0.39712 0.433092
-0.39128 0.433092
-0.38544 0.433092
-0.3796 0.433092
-0.37376 0.433092
-0.36792 0.433092
-0.36208 0.433092
-0.35624 0.433092
-0.3504 0.433092
-0.34456 0.433092
-0.33872 0.433092
-0.33288 0.433092
-0.32704 0.433092
-0.3212 0.433092
-0.31536 0.433092
-0.30952 0.433092
-0.30368 0.433092
-0.29784 0.433092
-0.292 0.433092
-0.28616 0.433092
-0.28032 0.433092
-0.27448 0.433092
-0.26864 0.433092
-0.2628 0.433092
-0.25696 0.433092
-0.25112 0.433092
-0.24528 0.433092
-0.23944 0.433092
-0.2336 0.433092
-0.22776 0.433092
-0.22192 0.433092
-0.21608 0.433092
-0.21024 0.433092
-0.2044 0.433092
-0.19856 0.433092
-0.19272 0.433092
-0.18688 0.433092
-0.18104 0.433092
-0.1752 0.433092
-0.16936 0.433092
-0.16352 0.433092
-0.15768 0.433092
-0.15184 0.433092
-0.146 0.433092
-0.14016 0.433092
-0.13432 0.433092
-0.12848 0.433092
-0.12264 0.433092
-0.1168 0.433092
-0.11096 0.433092
-0.10512 0.433092
-0.09928 0.433092
-0.09344 0.433092
-0.0876 0.433092
-0.08176 0.433092
-0.07592 0.433092
-0.07008 0.433092
-0.06424 0.433092
-0.0584 0.433092
-0.05256 0.433092
-0.04672 0.433092
-0.04088 0.433092
-0.03504 0.433092
-0.0292 0.433092
-0.02336 0.433092
-0.01752 0.433092
-0.01168 0.433092
-0.00584 0.433092
