-2.92 0.533402
-2.91416 0.533402
-2.90832 0.533402
-2.90248 0.533402
-2.89664 0.533402
-2.8908 0.533402
-2.88496 0.533402
-2.87912 0.533402
-2.87328 0.533402
-2.86744 0.533402
-2.8616 0.533402
-2.85576 0.533402
-2.84992 0.533402
-2.84408 0.533402
-2.83824 0.533402
-2.8324 0.533402
-2.82656 0.533402
-2.82072 0.533402
-2.81488 0.533402
-2.80904 0.533402
-2.8032 0.533402
-2.79736 0.533402
-2.79152 0.533402
-2.78568 0.533402
-2.77984 0.533402
-2.774 0.533402
-2.76816 0.533402
-2.76232 0.533402
-2.75648 0.533402
-2.75064 0.533402
-2.7448 0.533402
-2.73896 0.533402
-2.73312 0.533402
-2.72728 0.533402
-2.72144 0.533402
-2.7156 0.533402
-2.70976 0.533402
-2.70392 0.533402
-2.69808 0.533402
-2.69224 0.533402
-2.6864 0.533402
-2.68056 0.533402
-2.67472 0.533402
-2.66888 0.533402
-2.66304 0.533402
-2.6572 0.533402
-2.65136 0.533402
-2.64552 0.533402
-2.63968 0.533402
-2.63384 0.533402
-2.628 0.533402
-2.62216 0.533402
-2.61632 0.533402
-2.61048 0.533402
-2.60464 0.533402
-2.5988 0.533402
-2.59296 0.532783
-2.58712 0.532027
-2.58128 0.531183
-2.57544 0.530205
-2.5696 0.529093
-2.56376 0.527933
-2.55792 0.526596
-2.55208 0.525217
-2.54624 0.523792
-2.5404 0.522146
-2.53456 0.520368
-2.52872 0.518459
-2.52288 0.516552
-2.51704 0.514471
-2.5112 0.512304
-2.50536 0.510009
-2.49952 0.508166
-2.49368 0.50715
-2.48784 0.505384
-2.482 0.503875
-2.47616 0.503381
-2.47032 0.501238
-2.46448 0.500161
-2.45864 0.498633
-2.4528 0.496979
-2.44696 0.495246
-2.44112 0.494295
-2.43528 0.493332
-2.42944 0.491345
-2.4236 0.491122
-2.41776 0.489668
-2.41192 0.488329
-2.40608 0.486493
-2.40024 0.485233
-2.3944 0.48541
-2.38856 0.484781
-2.38272 0.481529
-2.37688 0.480939
-2.37104 0.477027
-2.3652 0.477664
-2.35936 0.477962
-2.35352 0.475614
-2.34768 0.474688
-2.34184 0.472384
-2.336 0.472978
-2.33016 0.472857
-2.32432 0.468252
-2.31848 0.467686
-2.31264 0.466512
-2.3068 0.462864
-2.30096 0.461683
-2.29512 0.459599
-2.28928 0.454677
-2.28344 0.453448
-2.2776 0.448398
-2.27176 0.44592
-2.26592 0.444001
-2.26008 0.440031
-2.25424 0.435351
-2.2484 0.434186
-2.24256 0.42961
-2.23672 0.426431
-2.23088 0.423148
-2.22504 0.419451
-2.2192 0.414541
-2.21336 0.409727
-2.20752 0.408657
-2.20168 0.404528
-2.19584 0.398827
-2.19 0.396163
-2.18416 0.39313
-2.17832 0.387931
-2.17248 0.385336
-2.16664 0.379832
-2.1608 0.377595
-2.15496 0.376352
-2.14912 0.370421
-2.14328 0.363076
-2.13744 0.36121
-2.1316 0.358027
-2.12576 0.353698
-2.11992 0.350103
-2.11408 0.345684
-2.10824 0.34089
-2.1024 0.337806
-2.09656 0.334338
-2.09072 0.328077
-2.08488 0.324064
-2.07904 0.320659
-2.0732 0.31782
-2.06736 0.312426
-2.06152 0.307347
-2.05568 0.304294
-2.04984 0.299838
-2.044 0.294413
-2.03816 0.291532
-2.03232 0.286979
-2.02648 0.280285
-2.02064 0.278709
-2.0148 0.271391
-2.00896 0.26787
-2.00312 0.265725
-1.99728 0.263774
-1.99144 0.25969
-1.9856 0.25504
-1.97976 0.253954
-1.97392 0.25165
-1.96808 0.248906
-1.96224 0.247884
-1.9564 0.241676
-1.95056 0.243486
-1.94472 0.23938
-1.93888 0.238185
-1.93304 0.237902
-1.9272 0.234414
-1.92136 0.231063
-1.91552 0.227913
-1.90968 0.226032
-1.90384 0.224207
-1.898 0.223638
-1.89216 0.222794
-1.88632 0.222997
-1.88048 0.221034
-1.87464 0.220855
-1.8688 0.218333
-1.86296 0.215982
-1.85712 0.218777
-1.85128 0.216152
-1.84544 0.214414
-1.8396 0.214142
-1.83376 0.212744
-1.82792 0.212763
-1.82208 0.213228
-1.81624 0.209207
-1.8104 0.212969
-1.80456 0.210361
-1.79872 0.210824
-1.79288 0.210642
-1.78704 0.211731
-1.7812 0.209894
-1.77536 0.213691
-1.76952 0.216021
-1.76368 0.214635
-1.75784 0.211839
-1.752 0.212434
-1.74616 0.214383
-1.74032 0.212591
-1.73448 0.213831
-1.72864 0.214473
-1.7228 0.216814
-1.71696 0.216251
-1.71112 0.215265
-1.70528 0.21853
-1.69944 0.218353
-1.6936 0.217176
-1.68776 0.21786
-1.68192 0.219557
-1.67608 0.216537
-1.67024 0.219885
-1.6644 0.218583
-1.65856 0.217955
-1.65272 0.220475
-1.64688 0.217634
-1.64104 0.216374
-1.6352 0.219175
-1.62936 0.21744
-1.62352 0.218907
-1.61768 0.219498
-1.61184 0.219888
-1.606 0.227457
-1.60016 0.225479
-1.59432 0.228481
-1.58848 0.233314
-1.58264 0.232126
-1.5768 0.233831
-1.57096 0.234771
-1.56512 0.240052
-1.55928 0.239221
-1.55344 0.246302
-1.5476 0.248495
-1.54176 0.256354
-1.53592 0.253669
-1.53008 0.254267
-1.52424 0.256201
-1.5184 0.263115
-1.51256 0.268391
-1.50672 0.266136
-1.50088 0.271111
-1.49504 0.275185
-1.4892 0.276078
-1.48336 0.276165
-1.47752 0.278451
-1.47168 0.281958
-1.46584 0.282498
-1.46 0.284778
-1.45416 0.292236
-1.44832 0.295236
-1.44248 0.300169
-1.43664 0.300035
-1.4308 0.303714
-1.42496 0.305506
-1.41912 0.305945
-1.41328 0.312578
-1.40744 0.311622
-1.4016 0.31804
-1.39576 0.31851
-1.38992 0.322622
-1.38408 0.331285
-1.37824 0.325372
-1.3724 0.331518
-1.36656 0.328824
-1.36072 0.329348
-1.35488 0.334285
-1.34904 0.336623
-1.3432 0.336475
-1.33736 0.343742
-1.33152 0.353995
-1.32568 0.352877
-1.31984 0.351578
-1.314 0.356562
-1.30816 0.356684
-1.30232 0.362801
-1.29648 0.364105
-1.29064 0.368234
-1.2848 0.371853
-1.27896 0.373322
-1.27312 0.373349
-1.26728 0.377763
-1.26144 0.380089
-1.2556 0.380332
-1.24976 0.38244
-1.24392 0.387601
-1.23808 0.386604
-1.23224 0.393214
-1.2264 0.394073
-1.22056 0.395885
-1.21472 0.401646
-1.20888 0.402144
-1.20304 0.405156
-1.1972 0.408607
-1.19136 0.408057
-1.18552 0.410143
-1.17968 0.411345
-1.17384 0.414086
-1.168 0.422304
-1.16216 0.422799
-1.15632 0.422411
-1.15048 0.425095
-1.14464 0.424545
-1.1388 0.424894
-1.13296 0.425679
-1.12712 0.429906
-1.12128 0.430173
-1.11544 0.433687
-1.1096 0.437453
-1.10376 0.440844
-1.09792 0.440172
-1.09208 0.439572
-1.08624 0.439401
-1.0804 0.443965
-1.07456 0.447976
-1.06872 0.444105
-1.06288 0.446074
-1.05704 0.450616
-1.0512 0.449436
-1.04536 0.444536
-1.03952 0.44634
-1.03368 0.444837
-1.02784 0.444282
-1.022 0.440803
-1.01616 0.445353
-1.01032 0.444165
-1.00448 0.445885
-0.99864 0.440596
-0.9928 0.440857
-0.98696 0.436776
-0.98112 0.436901
-0.97528 0.441215
-0.96944 0.437418
-0.9636 0.436402
-0.95776 0.435696
-0.95192 0.437955
-0.94608 0.439785
-0.94024 0.43275
-0.9344 0.433659
-0.92856 0.430142
-0.92272 0.429299
-0.91688 0.429078
-0.91104 0.426623
-0.9052 0.425384
-0.89936 0.429117
-0.89352 0.430047
-0.88768 0.427739
-0.88184 0.428269
-0.876 0.429736
-0.87016 0.426495
-0.86432 0.429133
-0.85848 0.427079
-0.85264 0.427662
-0.8468 0.426473
-0.84096 0.425318
-0.83512 0.425757
-0.82928 0.422868
-0.82344 0.422188
-0.8176 0.420824
-0.81176 0.422215
-0.80592 0.420918
-0.80008 0.420163
-0.79424 0.42017
-0.7884 0.419921
-0.78256 0.421496
-0.77672 0.4215
-0.77088 0.42101
-0.76504 0.4214
-0.7592 0.422068
-0.75336 0.421771
-0.74752 0.421169
-0.74168 0.421151
-0.73584 0.422447
-0.73 0.423129
-0.72416 0.42551
-0.71832 0.425134
-0.71248 0.426203
-0.70664 0.42696
-0.7008 0.426757
-0.69496 0.427968
-0.68912 0.429095
-0.68328 0.430308
-0.67744 0.434583
-0.6716 0.436219
-0.66576 0.437136
-0.65992 0.438768
-0.65408 0.43809
-0.64824 0.44013
-0.6424 0.442948
-0.63656 0.443717
-0.63072 0.443932
-0.62488 0.444182
-0.61904 0.444794
-0.6132 0.44356
-0.60736 0.442787
-0.60152 0.44331
-0.59568 0.44331
-0.58984 0.44331
-0.584 0.44331
-0.57816 0.44331
-0.57232 0.44331
-0.56648 0.44331
-0.56064 0.44331
-0.5548 0.44331
-0.54896 0.44331
-0.54312 0.44331
-0.53728 0.44331
-0.53144 0.44331
-0.5256 0.44331
-0.51976 0.44331
-0.51392 0.44331
-0.50808 0.44331
-0.50224 0.44331
-0.4964 0.44331
-0.49056 0.44331
-0.48472 0.44331
-0.47888 0.44331
-0.47304 0.44331
-0.4672 0.44331
-0.46136 0.44331
-0.45552 0.44331
-0.44968 0.44331
-0.44384 0.44331
-0.438 0.44331
-0.43216 0.44331
-0.42632 0.44331
-0.42048 0.44331
-0.41464 0.44331
-0.4088 0.44331
-0.40296 0.44331
-0.39712 0.44331
-0.39128 0.44331
-0.38544 0.44331
-0.3796 0.44331
-0.37376 0.44331
-0.36792 0.44331
-0.36208 0.44331
-0.35624 0.44331
-0.3504 0.44331
-0.34456 0.44331
-0.33872 0.44331
-0.33288 0.44331
-0.32704 0.44331
-0.3212 0.44331
-0.31536 0.44331
-0.30952 0.44331
-0.30368 0.44331
-0.29784 0.44331
-0.292 0.44331
-0.28616 0.44331
-0.28032 0.44331
-0.27448 0.44331
-0.26864 0.44331
-0.2628 0.44331
-0.25696 0.44331
-0.25112 0.44331
-0.24528 0.44331
-0.23944 0.44331
-0.2336 0.44331
-0.22776 0.44331
-0.22192 0.44331
-0.21608 0.44331
-0.21024 0.44331
-0.2044 0.44331
-0.19856 0.44331
-0.19272 0.44331
-0.18688 0.44331
-0.18104 0.44331
-0.1752 0.44331
-0.16936 0.44331
-0.16352 0.44331
-0.15768 0.44331
-0.15184 0.44331
-0.146 0.44331
-0.14016 0.44331
-0.13432 0.44331
-0.12848 0.44331
-0.12264 0.44331
-0.1168 0.44331
-0.11096 0.44331
-0.10512 0.44331
-0.09928 0.44331
-0.09344 0.44331
-0.0876 0.44331
-0.08176 0.44331
-0.07592 0.44331
-0.07008 0.44331
-0.06424 0.44331
-0.0584 0.44331
-0.05256 0.44331
-0.04672 0.44331
-0.04088 0.44331
-0.03504 0.44331
-0.0292 0.44331
-0.02336 0.44331
-0.01752 0.44331
-0.01168 0.44331
-0.00584 0.44331
