-2.92 0.492577
-2.91416 0.492577
-2.90832 0.492577
-2.90248 0.492577
-2.89664 0.492577
-2.8908 0.492577
-2.88496 0.492577
-2.87912 0.492577
-2.87328 0.492577
-2.86744 0.492577
-2.8616 0.492577
-2.85576 0.492577
-2.84992 0.492577
-2.84408 0.492577
-2.83824 0.492577
-2.8324 0.492577
-2.82656 0.492577
-2.82072 0.492577
-2.81488 0.492577
-2.80904 0.492577
-2.8032 0.492577
-2.79736 0.492577
-2.79152 0.492577
-2.78568 0.492577
-2.77984 0.492577
-2.774 0.492577
-2.76816 0.492577
-2.76232 0.492577
-2.75648 0.492577
-2.75064 0.492577
-2.7448 0.492577
-2.73896 0.492577
-2.73312 0.492577
-2.72728 0.492577
-2.72144 0.492577
-2.7156 0.492577
-2.70976 0.492577
-2.70392 0.492577
-2.69808 0.492577
-2.69224 0.492577
-2.6864 0.492577
-2.68056 0.492577
-2.67472 0.492577
-2.66888 0.492577
-2.66304 0.492577
-2.6572 0.492577
-2.65136 0.492577
-2.64552 0.492577
-2.63968 0.492577
-2.63384 0.492577
-2.628 0.492577
-2.62216 0.492577
-2.61632 0.492577
-2.61048 0.492577
-2.60464 0.492577
-2.5988 0.492577
-2.59296 0.492089
-2.58712 0.491203
-2.58128 0.490229
-2.57544 0.489167
-2.5696 0.487928
-2.56376 0.48642
-2.55792 0.484823
-2.55208 0.483182
-2.54624 0.481408
-2.5404 0.479546
-2.53456 0.477552
-2.52872 0.47547
-2.52288 0.473431
-2.51704 0.471349
-2.5112 0.469313
-2.50536 0.467185
-2.49952 0.465469
-2.49368 0.463923
-2.48784 0.4627
-2.482 0.461237
-2.47616 0.459014
-2.47032 0.458191
-2.46448 0.45675
-2.45864 0.456131
-2.4528 0.454888
-2.44696 0.453309
-2.44112 0.451598
-2.43528 0.449314
-2.42944 0.448976
-2.4236 0.447433
-2.41776 0.445642
-2.41192 0.444057
-2.40608 0.44317
-2.40024 0.440002
-2.3944 0.439772
-2.38856 0.436357
-2.38272 0.434794
-2.37688 0.433937
-2.37104 0.42982
-2.3652 0.429709
-2.35936 0.426906
-2.35352 0.424681
-2.34768 0.423037
-2.34184 0.4197
-2.336 0.417146
-2.33016 0.415373
-2.32432 0.41095
-2.31848 0.411291
-2.31264 0.408358
-2.3068 0.403491
-2.30096 0.400346
-2.29512 0.39582
-2.28928 0.394325
-2.28344 0.390067
-2.2776 0.386849
-2.27176 0.382142
-2.26592 0.380002
-2.26008 0.378226
-2.25424 0.371151
-2.2484 0.369449
-2.24256 0.365228
-2.23672 0.360597
-2.23088 0.357938
-2.22504 0.353668
-2.2192 0.349398
-2.21336 0.345092
-2.20752 0.341537
-2.20168 0.337041
-2.19584 0.333653
-2.19 0.328912
-2.18416 0.324094
-2.17832 0.320611
-2.17248 0.31634
-2.16664 0.313092
-2.1608 0.309439
-2.15496 0.304447
-2.14912 0.301337
-2.14328 0.296862
-2.13744 0.292483
-2.1316 0.289414
-2.12576 0.285335
-2.11992 0.282145
-2.11408 0.277488
-2.10824 0.273153
-2.1024 0.269699
-2.09656 0.266342
-2.09072 0.264678
-2.08488 0.260505
-2.07904 0.258064
-2.0732 0.254075
-2.06736 0.249696
-2.06152 0.246632
-2.05568 0.242843
-2.04984 0.238303
-2.044 0.235445
-2.03816 0.232162
-2.03232 0.228617
-2.02648 0.224698
-2.02064 0.22103
-2.0148 0.218302
-2.00896 0.216661
-2.00312 0.212526
-1.99728 0.211406
-1.99144 0.209427
-1.9856 0.208462
-1.97976 0.207979
-1.97392 0.20533
-1.96808 0.203048
-1.96224 0.201518
-1.9564 0.200073
-1.95056 0.200952
-1.94472 0.199619
-1.93888 0.199189
-1.93304 0.198391
-1.9272 0.197441
-1.92136 0.19738
-1.91552 0.195408
-1.90968 0.195048
-1.90384 0.196443
-1.898 0.197252
-1.89216 0.193861
-1.88632 0.194094
-1.88048 0.193635
-1.87464 0.193532
-1.8688 0.192289
-1.86296 0.1955
-1.85712 0.193298
-1.85128 0.193931
-1.84544 0.194646
-1.8396 0.194259
-1.83376 0.195213
-1.82792 0.19686
-1.82208 0.194865
-1.81624 0.19693
-1.8104 0.196325
-1.80456 0.194924
-1.79872 0.197493
-1.79288 0.199415
-1.78704 0.199769
-1.7812 0.199788
-1.77536 0.199787
-1.76952 0.198283
-1.76368 0.200215
-1.75784 0.203357
-1.752 0.203704
-1.74616 0.203605
-1.74032 0.20241
-1.73448 0.20571
-1.72864 0.20668
-1.7228 0.208356
-1.71696 0.207571
-1.71112 0.206978
-1.70528 0.208519
-1.69944 0.212727
-1.6936 0.21116
-1.68776 0.212379
-1.68192 0.212951
-1.67608 0.213964
-1.67024 0.214693
-1.6644 0.210825
-1.65856 0.214193
-1.65272 0.215827
-1.64688 0.216185
-1.64104 0.215091
-1.6352 0.215733
-1.62936 0.214011
-1.62352 0.21242
-1.61768 0.214728
-1.61184 0.218977
-1.606 0.220838
-1.60016 0.225665
-1.59432 0.226168
-1.58848 0.226491
-1.58264 0.231533
-1.5768 0.233038
-1.57096 0.228167
-1.56512 0.237026
-1.55928 0.237219
-1.55344 0.245077
-1.5476 0.24309
-1.54176 0.25145
-1.53592 0.248853
-1.53008 0.254942
-1.52424 0.253586
-1.5184 0.255364
-1.51256 0.265261
-1.50672 0.26717
-1.50088 0.268893
-1.49504 0.2731
-1.4892 0.274903
-1.48336 0.277436
-1.47752 0.27415
-1.47168 0.281326
-1.46584 0.282832
-1.46 0.28323
-1.45416 0.286495
-1.44832 0.291545
-1.44248 0.292775
-1.43664 0.29641
-1.4308 0.298113
-1.42496 0.306845
-1.41912 0.301962
-1.41328 0.308278
-1.40744 0.312914
-1.4016 0.315626
-1.39576 0.318578
-1.38992 0.322911
-1.38408 0.325324
-1.37824 0.329222
-1.3724 0.328424
-1.36656 0.330463
-1.36072 0.331504
-1.35488 0.334667
-1.34904 0.337754
-1.3432 0.339153
-1.33736 0.345057
-1.33152 0.347004
-1.32568 0.349638
-1.31984 0.354073
-1.314 0.35718
-1.30816 0.358474
-1.30232 0.359491
-1.29648 0.367666
-1.29064 0.366522
-1.2848 0.371742
-1.27896 0.373004
-1.27312 0.372148
-1.26728 0.374411
-1.26144 0.378543
-1.2556 0.378264
-1.24976 0.380716
-1.24392 0.383737
-1.23808 0.387542
-1.23224 0.390471
-1.2264 0.392407
-1.22056 0.395423
-1.21472 0.3974
-1.20888 0.400854
-1.20304 0.40248
-1.1972 0.408764
-1.19136 0.405972
-1.18552 0.408917
-1.17968 0.410719
-1.17384 0.415358
-1.168 0.41617
-1.16216 0.421293
-1.15632 0.419716
-1.15048 0.421301
-1.14464 0.425475
-1.1388 0.423265
-1.13296 0.41657
-1.12712 0.42491
-1.12128 0.42698
-1.11544 0.43431
-1.1096 0.429335
-1.10376 0.435571
-1.09792 0.436632
-1.09208 0.437059
-1.08624 0.433549
-1.0804 0.43823
-1.07456 0.44443
-1.06872 0.44132
-1.06288 0.443489
-1.05704 0.445271
-1.0512 0.447241
-1.04536 0.443718
-1.03952 0.438386
-1.03368 0.442405
-1.02784 0.442167
-1.022 0.437809
-1.01616 0.436961
-1.01032 0.437069
-1.00448 0.43532
-0.99864 0.434158
-0.9928 0.434498
-0.98696 0.437217
-0.98112 0.430186
-0.97528 0.433156
-0.96944 0.432835
-0.9636 0.431595
-0.95776 0.432005
-0.95192 0.430646
-0.94608 0.430962
-0.94024 0.429071
-0.9344 0.428924
-0.92856 0.427894
-0.92272 0.421789
-0.91688 0.423466
-0.91104 0.42343
-0.9052 0.42289
-0.89936 0.422706
-0.89352 0.423262
-0.88768 0.422801
-0.88184 0.422772
-0.876 0.421185
-0.87016 0.420199
-0.86432 0.421692
-0.85848 0.42312
-0.85264 0.421998
-0.8468 0.418486
-0.84096 0.419874
-0.83512 0.418648
-0.82928 0.416857
-0.82344 0.415854
-0.8176 0.414636
-0.81176 0.41518
-0.80592 0.416548
-0.80008 0.413136
-0.79424 0.413688
-0.7884 0.414492
-0.78256 0.413554
-0.77672 0.413263
-0.77088 0.414083
-0.76504 0.413658
-0.7592 0.415369
-0.75336 0.41425
-0.74752 0.414736
-0.74168 0.414167
-0.73584 0.416227
-0.73 0.416301
-0.72416 0.418184
-0.71832 0.417504
-0.71248 0.418651
-0.70664 0.419467
-0.7008 0.419259
-0.69496 0.419917
-0.68912 0.420956
-0.68328 0.422336
-0.67744 0.426353
-0.6716 0.42802
-0.66576 0.429116
-0.65992 0.430705
-0.65408 0.430404
-0.64824 0.431302
-0.6424 0.434044
-0.63656 0.43512
-0.63072 0.435
-0.62488 0.435138
-0.61904 0.43508
-0.6132 0.434939
-0.60736 0.433913
-0.60152 0.43448
-0.59568 0.43448
-0.58984 0.43448
-0.584 0.43448
-0.57816 0.43448
-0.57232 0.43448
-0.56648 0.43448
-0.56064 0.43448
-0.5548 0.43448
-0.54896 0.43448
-0.54312 0.43448
-0.53728 0.43448
-0.53144 0.43448
-0.5256 0.43448
-0.51976 0.43448
-0.51392 0.43448
-0.50808 0.43448
-0.50224 0.43448
-0.4964 0.43448
-0.49056 0.43448
-0.48472 0.43448
-0.47888 0.43448
-0.47304 0.43448
-0.4672 0.43448
-0.46136 0.43448
-0.45552 0.43448
-0.44968 0.43448
-0.44384 0.43448
-0.438 0.43448
-0.43216 0.43448
-0.42632 0.43448
-0.42048 0.43448
-0.41464 0.43448
-0.4088 0.43448
-0.40296 0.43448
-0.39712 0.43448
-0.39128 0.43448
-0.38544 0.43448
-0.3796 0.43448
-0.37376 0.43448
-0.36792 0.43448
-0.36208 0.43448
-0.35624 0.43448
-0.3504 0.43448
-0.34456 0.43448
-0.33872 0.43448
-0.33288 0.43448
-0.32704 0.43448
-0.3212 0.43448
-0.31536 0.43448
-0.30952 0.43448
-0.30368 0.43448
-0.29784 0.43448
-0.292 0.43448
-0.28616 0.43448
-0.28032 0.43448
-0.27448 0.43448
-0.26864 0.43448
-0.2628 0.43448
-0.25696 0.43448
-0.25112 0.43448
-0.24528 0.43448
-0.23944 0.43448
-0.2336 0.43448
-0.22776 0.43448
-0.22192 0.43448
-0.21608 0.43448
-0.21024 0.43448
-0.2044 0.43448
-0.19856 0.43448
-0.19272 0.43448
-0.18688 0.43448
-0.18104 0.43448
-0.1752 0.43448
-0.16936 0.43448
-0.16352 0.43448
-0.15768 0.43448
-0.15184 0.43448
-0.146 0.43448
-0.14016 0.43448
-0.13432 0.43448
-0.12848 0.43448
-0.12264 0.43448
-0.1168 0.43448
-0.11096 0.43448
-0.10512 0.43448
-0.09928 0.43448
-0.09344 0.43448
-0.0876 0.43448
-0.08176 0.43448
-0.07592 0.43448
-0.07008 0.43448
-0.06424 0.43448
-0.0584 0.43448
-0.05256 0.43448
-0.04672 0.43448
-0.04088 0.43448
-0.03504 0.43448
-0.0292 0.43448
-0.02336 0.43448
-0.01752 0.43448
-0.01168 0.43448
-0.00584 0.43448
