-2.92 0.453572
-2.91416 0.453572
-2.90832 0.453572
-2.90248 0.453572
-2.89664 0.453572
-2.8908 0.453572
-2.88496 0.453572
-2.87912 0.453572
-2.87328 0.453572
-2.86744 0.453572
-2.8616 0.453572
-2.85576 0.453572
-2.84992 0.453572
-2.84408 0.453572
-2.83824 0.453572
-2.8324 0.453572
-2.82656 0.453572
-2.82072 0.453572
-2.81488 0.453572
-2.80904 0.453572
-2.8032 0.453572
-2.79736 0.453572
-2.79152 0.453572
-2.78568 0.453572
-2.77984 0.453572
-2.774 0.453572
-2.76816 0.453572
-2.76232 0.453572
-2.75648 0.453572
-2.75064 0.453572
-2.7448 0.453572
-2.73896 0.453572
-2.73312 0.453572
-2.72728 0.453572
-2.72144 0.453572
-2.7156 0.453572
-2.70976 0.453572
-2.70392 0.453572
-2.69808 0.453572
-2.69224 0.453572
-2.6864 0.453572
-2.68056 0.453572
-2.67472 0.453572
-2.66888 0.453572
-2.66304 0.453572
-2.6572 0.453572
-2.65136 0.453572
-2.64552 0.453572
-2.63968 0.453572
-2.63384 0.453572
-2.628 0.453572
-2.62216 0.453572
-2.61632 0.453572
-2.61048 0.453572
-2.60464 0.453572
-2.5988 0.453572
-2.59296 0.452999
-2.58712 0.452292
-2.58128 0.451585
-2.57544 0.450745
-2.5696 0.449774
-2.56376 0.448625
-2.55792 0.447344
-2.55208 0.446106
-2.54624 0.44478
-2.5404 0.443321
-2.53456 0.441776
-2.52872 0.440231
-2.52288 0.438553
-2.51704 0.43683
-2.5112 0.435061
-2.50536 0.433204
-2.49952 0.431878
-2.49368 0.4306
-2.48784 0.429861
-2.482 0.429837
-2.47616 0.428547
-2.47032 0.428085
-2.46448 0.427246
-2.45864 0.426987
-2.4528 0.42702
-2.44696 0.425468
-2.44112 0.425288
-2.43528 0.424147
-2.42944 0.425052
-2.4236 0.423912
-2.41776 0.424145
-2.41192 0.423715
-2.40608 0.42307
-2.40024 0.422678
-2.3944 0.422784
-2.38856 0.421979
-2.38272 0.423426
-2.37688 0.424787
-2.37104 0.422849
-2.3652 0.424415
-2.35936 0.423984
-2.35352 0.42187
-2.34768 0.42378
-2.34184 0.424379
-2.336 0.42328
-2.33016 0.423643
-2.32432 0.423161
-2.31848 0.422422
-2.31264 0.422419
-2.3068 0.42006
-2.30096 0.42196
-2.29512 0.419863
-2.28928 0.420226
-2.28344 0.416115
-2.2776 0.419825
-2.27176 0.41459
-2.26592 0.410943
-2.26008 0.411068
-2.25424 0.413074
-2.2484 0.40589
-2.24256 0.406515
-2.23672 0.405164
-2.23088 0.404723
-2.22504 0.397906
-2.2192 0.396888
-2.21336 0.397431
-2.20752 0.395566
-2.20168 0.392122
-2.19584 0.391277
-2.19 0.387844
-2.18416 0.387755
-2.17832 0.385561
-2.17248 0.382489
-2.16664 0.382059
-2.1608 0.37876
-2.15496 0.376147
-2.14912 0.373791
-2.14328 0.372101
-2.13744 0.370776
-2.1316 0.371112
-2.12576 0.366596
-2.11992 0.365696
-2.11408 0.363465
-2.10824 0.359042
-2.1024 0.357936
-2.09656 0.357132
-2.09072 0.356327
-2.08488 0.352611
-2.07904 0.352435
-2.0732 0.349605
-2.06736 0.348936
-2.06152 0.343995
-2.05568 0.345016
-2.04984 0.343924
-2.044 0.339287
-2.03816 0.335746
-2.03232 0.337557
-2.02648 0.335371
-2.02064 0.334023
-2.0148 0.331991
-2.00896 0.330473
-2.00312 0.327368
-1.99728 0.326787
-1.99144 0.325825
-1.9856 0.320958
-1.97976 0.321478
-1.97392 0.320231
-1.96808 0.315543
-1.96224 0.317507
-1.9564 0.317369
-1.95056 0.314589
-1.94472 0.310827
-1.93888 0.309985
-1.93304 0.305021
-1.9272 0.305
-1.92136 0.301971
-1.91552 0.298104
-1.90968 0.292282
-1.90384 0.291256
-1.898 0.289657
-1.89216 0.286802
-1.88632 0.284172
-1.88048 0.280206
-1.87464 0.278801
-1.8688 0.274638
-1.86296 0.269742
-1.85712 0.267114
-1.85128 0.261811
-1.84544 0.262082
-1.8396 0.259177
-1.83376 0.255848
-1.82792 0.253906
-1.82208 0.249163
-1.81624 0.2474
-1.8104 0.243414
-1.80456 0.238391
-1.79872 0.237773
-1.79288 0.2325
-1.78704 0.230949
-1.7812 0.229363
-1.77536 0.226008
-1.76952 0.223564
-1.76368 0.221679
-1.75784 0.216299
-1.752 0.213803
-1.74616 0.209238
-1.74032 0.208846
-1.73448 0.202706
-1.72864 0.198274
-1.7228 0.200259
-1.71696 0.194298
-1.71112 0.192116
-1.70528 0.187754
-1.69944 0.185069
-1.6936 0.181985
-1.68776 0.176874
-1.68192 0.176805
-1.67608 0.17142
-1.67024 0.171236
-1.6644 0.166704
-1.65856 0.170293
-1.65272 0.161633
-1.64688 0.165617
-1.64104 0.165604
-1.6352 0.164922
-1.62936 0.165581
-1.62352 0.163981
-1.61768 0.160891
-1.61184 0.161426
-1.606 0.164892
-1.60016 0.159688
-1.59432 0.164687
-1.58848 0.168156
-1.58264 0.166412
-1.5768 0.164781
-1.57096 0.165717
-1.56512 0.16752
-1.55928 0.167252
-1.55344 0.168933
-1.5476 0.171047
-1.54176 0.173018
-1.53592 0.173962
-1.53008 0.17247
-1.52424 0.169721
-1.5184 0.173011
-1.51256 0.174054
-1.50672 0.174831
-1.50088 0.173719
-1.49504 0.178662
-1.4892 0.179136
-1.48336 0.178503
-1.47752 0.183977
-1.47168 0.180675
-1.46584 0.182093
-1.46 0.184236
-1.45416 0.183161
-1.44832 0.183649
-1.44248 0.187822
-1.43664 0.187117
-1.4308 0.187642
-1.42496 0.188438
-1.41912 0.191935
-1.41328 0.190633
-1.40744 0.191475
-1.4016 0.195299
-1.39576 0.192803
-1.38992 0.193806
-1.38408 0.197294
-1.37824 0.194897
-1.3724 0.194873
-1.36656 0.196656
-1.36072 0.194833
-1.35488 0.198316
-1.34904 0.201208
-1.3432 0.202571
-1.33736 0.204427
-1.33152 0.207161
-1.32568 0.209569
-1.31984 0.209912
-1.314 0.209815
-1.30816 0.210723
-1.30232 0.210181
-1.29648 0.213289
-1.29064 0.212774
-1.2848 0.21457
-1.27896 0.215597
-1.27312 0.218893
-1.26728 0.22047
-1.26144 0.220587
-1.2556 0.225538
-1.24976 0.227173
-1.24392 0.228695
-1.23808 0.234325
-1.23224 0.234872
-1.2264 0.237247
-1.22056 0.239927
-1.21472 0.240222
-1.20888 0.246584
-1.20304 0.246019
-1.1972 0.250415
-1.19136 0.254741
-1.18552 0.257774
-1.17968 0.259003
-1.17384 0.259927
-1.168 0.264447
-1.16216 0.262098
-1.15632 0.267267
-1.15048 0.272062
-1.14464 0.272625
-1.1388 0.275346
-1.13296 0.278314
-1.12712 0.28205
-1.12128 0.284516
-1.11544 0.288343
-1.1096 0.291676
-1.10376 0.294778
-1.09792 0.300565
-1.09208 0.300162
-1.08624 0.298631
-1.0804 0.299466
-1.07456 0.305431
-1.06872 0.306183
-1.06288 0.308563
-1.05704 0.314603
-1.0512 0.316429
-1.04536 0.317754
-1.03952 0.323733
-1.03368 0.322299
-1.02784 0.325033
-1.022 0.32709
-1.01616 0.328928
-1.01032 0.330692
-1.00448 0.335429
-0.99864 0.336746
-0.9928 0.337714
-0.98696 0.341808
-0.98112 0.342943
-0.97528 0.344853
-0.96944 0.347741
-0.9636 0.349745
-0.95776 0.350635
-0.95192 0.352451
-0.94608 0.353959
-0.94024 0.355413
-0.9344 0.358079
-0.92856 0.360373
-0.92272 0.359831
-0.91688 0.363852
-0.91104 0.36712
-0.9052 0.369148
-0.89936 0.372579
-0.89352 0.37492
-0.88768 0.378558
-0.88184 0.380715
-0.876 0.379813
-0.87016 0.383028
-0.86432 0.381032
-0.85848 0.385211
-0.85264 0.387715
-0.8468 0.389629
-0.84096 0.392571
-0.83512 0.396937
-0.82928 0.397726
-0.82344 0.398783
-0.8176 0.401401
-0.81176 0.402962
-0.80592 0.404775
-0.80008 0.407441
-0.79424 0.408447
-0.7884 0.409337
-0.78256 0.411235
-0.77672 0.414021
-0.77088 0.416452
-0.76504 0.417176
-0.7592 0.419566
-0.75336 0.422014
-0.74752 0.421409
-0.74168 0.421138
-0.73584 0.422515
-0.73 0.422164
-0.72416 0.421776
-0.71832 0.422856
-0.71248 0.422839
-0.70664 0.422145
-0.7008 0.423258
-0.69496 0.423147
-0.68912 0.424265
-0.68328 0.423822
-0.67744 0.424262
-0.6716 0.426851
-0.66576 0.42672
-0.65992 0.428456
-0.65408 0.427891
-0.64824 0.42752
-0.6424 0.427426
-0.63656 0.428347
-0.63072 0.428251
-0.62488 0.429465
-0.61904 0.431767
-0.6132 0.432382
-0.60736 0.432695
-0.60152 0.4325
-0.59568 0.4325
-0.58984 0.4325
-0.584 0.4325
-0.57816 0.4325
-0.57232 0.4325
-0.56648 0.4325
-0.56064 0.4325
-0.5548 0.4325
-0.54896 0.4325
-0.54312 0.4325
-0.53728 0.4325
-0.53144 0.4325
-0.5256 0.4325
-0.51976 0.4325
-0.51392 0.4325
-0.50808 0.4325
-0.50224 0.4325
-0.4964 0.4325
-0.49056 0.4325
-0.48472 0.4325
-0.47888 0.4325
-0.47304 0.4325
-0.4672 0.4325
-0.46136 0.4325
-0.45552 0.4325
-0.44968 0.4325
-0.44384 0.4325
-0.438 0.4325
-0.43216 0.4325
-0.42632 0.4325
-0.42048 0.4325
-0.41464 0.4325
-0.4088 0.4325
-0.40296 0.4325
-0.39712 0.4325
-0.39128 0.4325
-0.38544 0.4325
-0.3796 0.4325
-0.37376 0.4325
-0.36792 0.4325
-0.36208 0.4325
-0.35624 0.4325
-0.3504 0.4325
-0.34456 0.4325
-0.33872 0.4325
-0.33288 0.4325
-0.32704 0.4325
-0.3212 0.4325
-0.31536 0.4325
-0.30952 0.4325
-0.30368 0.4325
-0.29784 0.4325
-0.292 0.4325
-0.28616 0.4325
-0.28032 0.4325
-0.27448 0.4325
-0.26864 0.4325
-0.2628 0.4325
-0.25696 0.4325
-0.25112 0.4325
-0.24528 0.4325
-0.23944 0.4325
-0.2336 0.4325
-0.22776 0.4325
-0.22192 0.4325
-0.21608 0.4325
-0.21024 0.4325
-0.2044 0.4325
-0.19856 0.4325
-0.19272 0.4325
-0.18688 0.4325
-0.18104 0.4325
-0.1752 0.4325
-0.16936 0.4325
-0.16352 0.4325
-0.15768 0.4325
-0.15184 0.4325
-0.146 0.4325
-0.14016 0.4325
-0.13432 0.4325
-0.12848 0.4325
-0.12264 0.4325
-0.1168 0.4325
-0.11096 0.4325
-0.10512 0.4325
-0.09928 0.4325
-0.09344 0.4325
-0.0876 0.4325
-0.08176 0.4325
-0.07592 0.4325
-0.07008 0.4325
-0.06424 0.4325
-0.0584 0.4325
-0.05256 0.4325
-0.04672 0.4325
-0.04088 0.4325
-0.03504 0.4325
-0.0292 0.4325
-0.02336 0.4325
-0.01752 0.4325
-0.01168 0.4325
-0.00584 0.4325
