-2.92 0.427046
-2.91416 0.427046
-2.90832 0.427046
-2.90248 0.427046
-2.89664 0.427046
-2.8908 0.427046
-2.88496 0.427046
-2.87912 0.427046
-2.87328 0.427046
-2.86744 0.427046
-2.8616 0.427046
-2.85576 0.427046
-2.84992 0.427046
-2.84408 0.427046
-2.83824 0.427046
-2.8324 0.427046
-2.82656 0.427046
-2.82072 0.427046
-2.81488 0.427046
-2.80904 0.427046
-2.8032 0.427046
-2.79736 0.427046
-2.79152 0.427046
-2.78568 0.427046
-2.77984 0.427046
-2.774 0.427046
-2.76816 0.427046
-2.76232 0.427046
-2.75648 0.427046
-2.75064 0.427046
-2.7448 0.427046
-2.73896 0.427046
-2.73312 0.427046
-2.72728 0.427046
-2.72144 0.427046
-2.7156 0.427046
-2.70976 0.427046
-2.70392 0.427046
-2.69808 0.427046
-2.69224 0.427046
-2.6864 0.427046
-2.68056 0.427046
-2.67472 0.427046
-2.66888 0.427046
-2.66304 0.427046
-2.6572 0.427046
-2.65136 0.427046
-2.64552 0.427046
-2.63968 0.427046
-2.63384 0.427046
-2.628 0.427046
-2.62216 0.427046
-2.61632 0.427046
-2.61048 0.427046
-2.60464 0.427046
-2.5988 0.427046
-2.59296 0.426513
-2.58712 0.425759
-2.58128 0.424917
-2.57544 0.423944
-2.5696 0.42297
-2.56376 0.421866
-2.55792 0.420628
-2.55208 0.419391
-2.54624 0.418153
-2.5404 0.416869
-2.53456 0.415499
-2.52872 0.414041
-2.52288 0.41254
-2.51704 0.410993
-2.5112 0.40936
-2.50536 0.407729
-2.49952 0.40614
-2.49368 0.404504
-2.48784 0.402736
-2.482 0.40123
-2.47616 0.399203
-2.47032 0.397337
-2.46448 0.395183
-2.45864 0.393112
-2.4528 0.391079
-2.44696 0.389004
-2.44112 0.387006
-2.43528 0.384634
-2.42944 0.382466
-2.4236 0.380336
-2.41776 0.37829
-2.41192 0.376081
-2.40608 0.373659
-2.40024 0.371445
-2.3944 0.369188
-2.38856 0.367144
-2.38272 0.364846
-2.37688 0.362337
-2.37104 0.360198
-2.3652 0.35831
-2.35936 0.355462
-2.35352 0.353362
-2.34768 0.350806
-2.34184 0.348622
-2.336 0.345982
-2.33016 0.343997
-2.32432 0.341975
-2.31848 0.339867
-2.31264 0.337057
-2.3068 0.334118
-2.30096 0.332508
-2.29512 0.329651
-2.28928 0.328004
-2.28344 0.325349
-2.2776 0.322353
-2.27176 0.31908
-2.26592 0.317217
-2.26008 0.313774
-2.25424 0.312415
-2.2484 0.309164
-2.24256 0.306004
-2.23672 0.304266
-2.23088 0.302729
-2.22504 0.299063
-2.2192 0.296368
-2.21336 0.294261
-2.20752 0.291501
-2.20168 0.289805
-2.19584 0.286093
-2.19 0.284397
-2.18416 0.279673
-2.17832 0.277668
-2.17248 0.276043
-2.16664 0.274097
-2.1608 0.269536
-2.15496 0.268413
-2.14912 0.266843
-2.14328 0.262199
-2.13744 0.259609
-2.1316 0.258126
-2.12576 0.255966
-2.11992 0.252662
-2.11408 0.249147
-2.10824 0.246983
-2.1024 0.245327
-2.09656 0.242588
-2.09072 0.238775
-2.08488 0.237799
-2.07904 0.234283
-2.0732 0.233352
-2.06736 0.230261
-2.06152 0.226203
-2.05568 0.224681
-2.04984 0.22257
-2.044 0.219694
-2.03816 0.21872
-2.03232 0.214523
-2.02648 0.212917
-2.02064 0.209575
-2.0148 0.207039
-2.00896 0.204406
-2.00312 0.204741
-1.99728 0.203542
-1.99144 0.202085
-1.9856 0.201452
-1.97976 0.199648
-1.97392 0.197871
-1.96808 0.201878
-1.96224 0.200094
-1.9564 0.195989
-1.95056 0.19616
-1.94472 0.195106
-1.93888 0.196699
-1.93304 0.197374
-1.9272 0.196756
-1.92136 0.19673
-1.91552 0.194924
-1.90968 0.195166
-1.90384 0.193447
-1.898 0.194955
-1.89216 0.191453
-1.88632 0.195562
-1.88048 0.19431
-1.87464 0.195403
-1.8688 0.195551
-1.86296 0.196648
-1.85712 0.194504
-1.85128 0.195318
-1.84544 0.199302
-1.8396 0.196632
-1.83376 0.197375
-1.82792 0.198561
-1.82208 0.200235
-1.81624 0.197419
-1.8104 0.20101
-1.80456 0.198367
-1.79872 0.202952
-1.79288 0.200181
-1.78704 0.201046
-1.7812 0.1992
-1.77536 0.199993
-1.76952 0.20184
-1.76368 0.203124
-1.75784 0.203526
-1.752 0.206171
-1.74616 0.206731
-1.74032 0.210349
-1.73448 0.207236
-1.72864 0.20768
-1.7228 0.21043
-1.71696 0.213872
-1.71112 0.212659
-1.70528 0.212335
-1.69944 0.21039
-1.6936 0.212194
-1.68776 0.214973
-1.68192 0.213476
-1.67608 0.213096
-1.67024 0.215166
-1.6644 0.215161
-1.65856 0.217091
-1.65272 0.219564
-1.64688 0.215306
-1.64104 0.216714
-1.6352 0.214544
-1.62936 0.217729
-1.62352 0.216325
-1.61768 0.216152
-1.61184 0.21219
-1.606 0.219509
-1.60016 0.221705
-1.59432 0.220779
-1.58848 0.225782
-1.58264 0.228319
-1.5768 0.230039
-1.57096 0.229313
-1.56512 0.228496
-1.55928 0.231713
-1.55344 0.239006
-1.5476 0.234938
-1.54176 0.238204
-1.53592 0.244057
-1.53008 0.242614
-1.52424 0.248329
-1.5184 0.248609
-1.51256 0.251018
-1.50672 0.251011
-1.50088 0.25953
-1.49504 0.263178
-1.4892 0.261623
-1.48336 0.260049
-1.47752 0.262694
-1.47168 0.264748
-1.46584 0.270084
-1.46 0.270197
-1.45416 0.272426
-1.44832 0.276344
-1.44248 0.282994
-1.43664 0.283959
-1.4308 0.283601
-1.42496 0.287442
-1.41912 0.287356
-1.41328 0.292069
-1.40744 0.29562
-1.4016 0.296447
-1.39576 0.298336
-1.38992 0.301175
-1.38408 0.302732
-1.37824 0.305787
-1.3724 0.311395
-1.36656 0.305866
-1.36072 0.316422
-1.35488 0.31339
-1.34904 0.315379
-1.3432 0.318133
-1.33736 0.324585
-1.33152 0.331037
-1.32568 0.330405
-1.31984 0.328698
-1.314 0.334968
-1.30816 0.333139
-1.30232 0.341572
-1.29648 0.339117
-1.29064 0.346194
-1.2848 0.350748
-1.27896 0.352457
-1.27312 0.35348
-1.26728 0.353242
-1.26144 0.350005
-1.2556 0.35666
-1.24976 0.354353
-1.24392 0.36137
-1.23808 0.360813
-1.23224 0.365061
-1.2264 0.368945
-1.22056 0.370761
-1.21472 0.377877
-1.20888 0.377173
-1.20304 0.380216
-1.1972 0.383615
-1.19136 0.386719
-1.18552 0.388808
-1.17968 0.388664
-1.17384 0.388972
-1.168 0.397184
-1.16216 0.398904
-1.15632 0.400913
-1.15048 0.400591
-1.14464 0.407828
-1.1388 0.404563
-1.13296 0.403113
-1.12712 0.402645
-1.12128 0.408267
-1.11544 0.416053
-1.1096 0.411221
-1.10376 0.416594
-1.09792 0.421338
-1.09208 0.417514
-1.08624 0.421965
-1.0804 0.42208
-1.07456 0.4228
-1.06872 0.423968
-1.06288 0.427077
-1.05704 0.433525
-1.0512 0.430173
-1.04536 0.423792
-1.03952 0.426244
-1.03368 0.425465
-1.02784 0.428143
-1.022 0.426634
-1.01616 0.42364
-1.01032 0.424673
-1.00448 0.428826
-0.99864 0.425456
-0.9928 0.422783
-0.98696 0.426611
-0.98112 0.421629
-0.97528 0.422849
-0.96944 0.425623
-0.9636 0.424453
-0.95776 0.423961
-0.95192 0.423192
-0.94608 0.421685
-0.94024 0.422959
-0.9344 0.421554
-0.92856 0.417442
-0.92272 0.421106
-0.91688 0.41757
-0.91104 0.416116
-0.9052 0.418311
-0.89936 0.419531
-0.89352 0.42073
-0.88768 0.4202
-0.88184 0.418106
-0.876 0.420418
-0.87016 0.415372
-0.86432 0.419736
-0.85848 0.418162
-0.85264 0.419667
-0.8468 0.417579
-0.84096 0.417252
-0.83512 0.418905
-0.82928 0.415674
-0.82344 0.413993
-0.8176 0.414845
-0.81176 0.41157
-0.80592 0.411995
-0.80008 0.411723
-0.79424 0.411336
-0.7884 0.411671
-0.78256 0.411399
-0.77672 0.411276
-0.77088 0.41172
-0.76504 0.410962
-0.7592 0.411429
-0.75336 0.410943
-0.74752 0.411448
-0.74168 0.411343
-0.73584 0.412284
-0.73 0.413584
-0.72416 0.414044
-0.71832 0.414204
-0.71248 0.414586
-0.70664 0.415641
-0.7008 0.416037
-0.69496 0.416485
-0.68912 0.417816
-0.68328 0.41898
-0.67744 0.422861
-0.6716 0.424973
-0.66576 0.425886
-0.65992 0.427539
-0.65408 0.427244
-0.64824 0.428113
-0.6424 0.430548
-0.63656 0.432296
-0.63072 0.432398
-0.62488 0.433342
-0.61904 0.433454
-0.6132 0.432703
-0.60736 0.432102
-0.60152 0.432709
-0.59568 0.432709
-0.58984 0.432709
-0.584 0.432709
-0.57816 0.432709
-0.57232 0.432709
-0.56648 0.432709
-0.56064 0.432709
-0.5548 0.432709
-0.54896 0.432709
-0.54312 0.432709
-0.53728 0.432709
-0.53144 0.432709
-0.5256 0.432709
-0.51976 0.432709
-0.51392 0.432709
-0.50808 0.432709
-0.50224 0.432709
-0.4964 0.432709
-0.49056 0.432709
-0.48472 0.432709
-0.47888 0.432709
-0.47304 0.432709
-0.4672 0.432709
-0.46136 0.432709
-0.45552 0.432709
-0.44968 0.432709
-0.44384 0.432709
-0.438 0.432709
-0.43216 0.432709
-0.42632 0.432709
-0.42048 0.432709
-0.41464 0.432709
-0.4088 0.432709
-0.40296 0.432709
-0.39712 0.432709
-0.39128 0.432709
-0.38544 0.432709
-0.3796 0.432709
-0.37376 0.432709
-0.36792 0.432709
-0.36208 0.432709
-0.35624 0.432709
-0.3504 0.432709
-0.34456 0.432709
-0.33872 0.432709
-0.33288 0.432709
-0.32704 0.432709
-0.3212 0.432709
-0.31536 0.432709
-0.30952 0.432709
-0.30368 0.432709
-0.29784 0.432709
-0.292 0.432709
-0.28616 0.432709
-0.28032 0.432709
-0.27448 0.432709
-0.26864 0.432709
-0.2628 0.432709
-0.25696 0.432709
-0.25112 0.432709
-0.24528 0.432709
-0.23944 0.432709
-0.2336 0.432709
-0.22776 0.432709
-0.22192 0.432709
-0.21608 0.432709
-0.21024 0.432709
-0.2044 0.432709
-0.19856 0.432709
-0.19272 0.432709
-0.18688 0.432709
-0.18104 0.432709
-0.1752 0.432709
-0.16936 0.432709
-0.16352 0.432709
-0.15768 0.432709
-0.15184 0.432709
-0.146 0.432709
-0.14016 0.432709
-0.13432 0.432709
-0.12848 0.432709
-0.12264 0.432709
-0.1168 0.432709
-0.11096 0.432709
-0.10512 0.432709
-0.09928 0.432709
-0.09344 0.432709
-0.0876 0.432709
-0.08176 0.432709
-0.07592 0.432709
-0.07008 0.432709
-0.06424 0.432709
-0.0584 0.432709
-0.05256 0.432709
-0.04672 0.432709
-0.04088 0.432709
-0.03504 0.432709
-0.0292 0.432709
-0.02336 0.432709
-0.01752 0.432709
-0.01168 0.432709
-0.00584 0.432709
