-2.92 0.416294
-2.91416 0.416294
-2.90832 0.416294
-2.90248 0.416294
-2.89664 0.416294
-2.8908 0.416294
-2.88496 0.416294
-2.87912 0.416294
-2.87328 0.416294
-2.86744 0.416294
-2.8616 0.416294
-2.85576 0.416294
-2.84992 0.416294
-2.84408 0.416294
-2.83824 0.416294
-2.8324 0.416294
-2.82656 0.416294
-2.82072 0.416294
-2.81488 0.416294
-2.80904 0.416294
-2.8032 0.416294
-2.79736 0.416294
-2.79152 0.416294
-2.78568 0.416294
-2.77984 0.416294
-2.774 0.416294
-2.76816 0.416294
-2.76232 0.416294
-2.75648 0.416294
-2.75064 0.416294
-2.7448 0.416294
-2.73896 0.416294
-2.73312 0.416294
-2.72728 0.416294
-2.72144 0.416294
-2.7156 0.416294
-2.70976 0.416294
-2.70392 0.416294
-2.69808 0.416294
-2.69224 0.416294
-2.6864 0.416294
-2.68056 0.416294
-2.67472 0.416294
-2.66888 0.416294
-2.66304 0.416294
-2.6572 0.416294
-2.65136 0.416294
-2.64552 0.416294
-2.63968 0.416294
-2.63384 0.416294
-2.628 0.416294
-2.62216 0.416294
-2.61632 0.416294
-2.61048 0.416294
-2.60464 0.416294
-2.5988 0.416294
-2.59296 0.415939
-2.58712 0.415321
-2.58128 0.414614
-2.57544 0.413907
-2.5696 0.412981
-2.56376 0.412053
-2.55792 0.411035
-2.55208 0.409974
-2.54624 0.408782
-2.5404 0.407545
-2.53456 0.406307
-2.52872 0.404979
-2.52288 0.403652
-2.51704 0.402193
-2.5112 0.400644
-2.50536 0.399007
-2.49952 0.397954
-2.49368 0.397107
-2.48784 0.396968
-2.482 0.396083
-2.47616 0.395724
-2.47032 0.395243
-2.46448 0.394714
-2.45864 0.394103
-2.4528 0.394616
-2.44696 0.393832
-2.44112 0.394208
-2.43528 0.393875
-2.42944 0.393671
-2.4236 0.393623
-2.41776 0.395545
-2.41192 0.393631
-2.40608 0.394919
-2.40024 0.395005
-2.3944 0.395171
-2.38856 0.395386
-2.38272 0.395222
-2.37688 0.395182
-2.37104 0.394258
-2.3652 0.39581
-2.35936 0.396262
-2.35352 0.397088
-2.34768 0.398088
-2.34184 0.397547
-2.336 0.397364
-2.33016 0.399373
-2.32432 0.398688
-2.31848 0.395919
-2.31264 0.399758
-2.3068 0.39741
-2.30096 0.399917
-2.29512 0.396895
-2.28928 0.394628
-2.28344 0.395477
-2.2776 0.392272
-2.27176 0.391179
-2.26592 0.391732
-2.26008 0.391438
-2.25424 0.387026
-2.2484 0.385928
-2.24256 0.386837
-2.23672 0.385169
-2.23088 0.382906
-2.22504 0.38395
-2.2192 0.37966
-2.21336 0.377637
-2.20752 0.379107
-2.20168 0.375952
-2.19584 0.376581
-2.19 0.37297
-2.18416 0.373169
-2.17832 0.372935
-2.17248 0.37175
-2.16664 0.370727
-2.1608 0.367488
-2.15496 0.366218
-2.14912 0.365848
-2.14328 0.36752
-2.13744 0.363207
-2.1316 0.361014
-2.12576 0.358903
-2.11992 0.356077
-2.11408 0.355883
-2.10824 0.35757
-2.1024 0.354125
-2.09656 0.353402
-2.09072 0.351596
-2.08488 0.349409
-2.07904 0.350346
-2.0732 0.347114
-2.06736 0.340766
-2.06152 0.343619
-2.05568 0.343545
-2.04984 0.34135
-2.044 0.341323
-2.03816 0.338891
-2.03232 0.333568
-2.02648 0.335994
-2.02064 0.335907
-2.0148 0.334767
-2.00896 0.332806
-2.00312 0.331368
-1.99728 0.328405
-1.99144 0.32872
-1.9856 0.325754
-1.97976 0.324242
-1.97392 0.320437
-1.96808 0.320352
-1.96224 0.324162
-1.9564 0.320631
-1.95056 0.319806
-1.94472 0.317298
-1.93888 0.31659
-1.93304 0.313543
-1.9272 0.310427
-1.92136 0.309117
-1.91552 0.304922
-1.90968 0.306862
-1.90384 0.301458
-1.898 0.297086
-1.89216 0.29601
-1.88632 0.29203
-1.88048 0.292153
-1.87464 0.290631
-1.8688 0.28346
-1.86296 0.284154
-1.85712 0.278639
-1.85128 0.275633
-1.84544 0.273069
-1.8396 0.270751
-1.83376 0.265654
-1.82792 0.264869
-1.82208 0.261688
-1.81624 0.257506
-1.8104 0.254941
-1.80456 0.253141
-1.79872 0.248768
-1.79288 0.245608
-1.78704 0.238996
-1.7812 0.238975
-1.77536 0.236661
-1.76952 0.23568
-1.76368 0.233021
-1.75784 0.22603
-1.752 0.223449
-1.74616 0.220204
-1.74032 0.216267
-1.73448 0.214833
-1.72864 0.211462
-1.7228 0.209607
-1.71696 0.204742
-1.71112 0.200682
-1.70528 0.199931
-1.69944 0.19392
-1.6936 0.193486
-1.68776 0.191397
-1.68192 0.19161
-1.67608 0.184745
-1.67024 0.182478
-1.6644 0.18048
-1.65856 0.177198
-1.65272 0.175213
-1.64688 0.175085
-1.64104 0.174352
-1.6352 0.174382
-1.62936 0.173752
-1.62352 0.176988
-1.61768 0.175776
-1.61184 0.175425
-1.606 0.173955
-1.60016 0.173913
-1.59432 0.172483
-1.58848 0.16961
-1.58264 0.173815
-1.5768 0.172542
-1.57096 0.168314
-1.56512 0.170928
-1.55928 0.17333
-1.55344 0.1733
-1.5476 0.172025
-1.54176 0.17535
-1.53592 0.173059
-1.53008 0.175517
-1.52424 0.173902
-1.5184 0.173042
-1.51256 0.174643
-1.50672 0.173773
-1.50088 0.17112
-1.49504 0.177998
-1.4892 0.175979
-1.48336 0.17943
-1.47752 0.177175
-1.47168 0.181787
-1.46584 0.17968
-1.46 0.1793
-1.45416 0.185224
-1.44832 0.180369
-1.44248 0.18359
-1.43664 0.184192
-1.4308 0.181886
-1.42496 0.181829
-1.41912 0.18533
-1.41328 0.186505
-1.40744 0.186042
-1.4016 0.189826
-1.39576 0.189719
-1.38992 0.187316
-1.38408 0.183518
-1.37824 0.188452
-1.3724 0.1882
-1.36656 0.18903
-1.36072 0.190692
-1.35488 0.191947
-1.34904 0.191048
-1.3432 0.195496
-1.33736 0.196672
-1.33152 0.196296
-1.32568 0.202215
-1.31984 0.199016
-1.314 0.196154
-1.30816 0.205046
-1.30232 0.205015
-1.29648 0.201235
-1.29064 0.202737
-1.2848 0.204964
-1.27896 0.209292
-1.27312 0.208584
-1.26728 0.214562
-1.26144 0.210021
-1.2556 0.212462
-1.24976 0.218538
-1.24392 0.22095
-1.23808 0.225113
-1.23224 0.227603
-1.2264 0.232265
-1.22056 0.233997
-1.21472 0.236087
-1.20888 0.240891
-1.20304 0.242355
-1.1972 0.247582
-1.19136 0.247595
-1.18552 0.252697
-1.17968 0.255211
-1.17384 0.261374
-1.168 0.258652
-1.16216 0.260818
-1.15632 0.263912
-1.15048 0.264239
-1.14464 0.272192
-1.1388 0.270616
-1.13296 0.276075
-1.12712 0.281167
-1.12128 0.284207
-1.11544 0.289003
-1.1096 0.291769
-1.10376 0.297551
-1.09792 0.297608
-1.09208 0.302752
-1.08624 0.299819
-1.0804 0.303743
-1.07456 0.304312
-1.06872 0.307517
-1.06288 0.310403
-1.05704 0.315987
-1.0512 0.320219
-1.04536 0.322382
-1.03952 0.323063
-1.03368 0.328678
-1.02784 0.328684
-1.022 0.331078
-1.01616 0.333991
-1.01032 0.335002
-1.00448 0.339759
-0.99864 0.340381
-0.9928 0.340933
-0.98696 0.343026
-0.98112 0.346888
-0.97528 0.351186
-0.96944 0.349591
-0.9636 0.354469
-0.95776 0.358556
-0.95192 0.355685
-0.94608 0.35508
-0.94024 0.358321
-0.9344 0.359472
-0.92856 0.360417
-0.92272 0.363554
-0.91688 0.367134
-0.91104 0.367983
-0.9052 0.372524
-0.89936 0.372914
-0.89352 0.375963
-0.88768 0.378583
-0.88184 0.380629
-0.876 0.380155
-0.87016 0.385444
-0.86432 0.387046
-0.85848 0.387179
-0.85264 0.388282
-0.8468 0.391928
-0.84096 0.395979
-0.83512 0.397544
-0.82928 0.400856
-0.82344 0.401145
-0.8176 0.401061
-0.81176 0.404949
-0.80592 0.405964
-0.80008 0.409211
-0.79424 0.409553
-0.7884 0.411786
-0.78256 0.414017
-0.77672 0.413888
-0.77088 0.416666
-0.76504 0.418562
-0.7592 0.420167
-0.75336 0.419691
-0.74752 0.422633
-0.74168 0.422532
-0.73584 0.42371
-0.73 0.422976
-0.72416 0.422202
-0.71832 0.421633
-0.71248 0.422835
-0.70664 0.422773
-0.7008 0.423851
-0.69496 0.423014
-0.68912 0.423749
-0.68328 0.424521
-0.67744 0.423855
-0.6716 0.426526
-0.66576 0.425597
-0.65992 0.427196
-0.65408 0.42748
-0.64824 0.426431
-0.6424 0.426124
-0.63656 0.427093
-0.63072 0.426862
-0.62488 0.427648
-0.61904 0.429903
-0.6132 0.430092
-0.60736 0.430274
-0.60152 0.429867
-0.59568 0.429867
-0.58984 0.429867
-0.584 0.429867
-0.57816 0.429867
-0.57232 0.429867
-0.56648 0.429867
-0.56064 0.429867
-0.5548 0.429867
-0.54896 0.429867
-0.54312 0.429867
-0.53728 0.429867
-0.53144 0.429867
-0.5256 0.429867
-0.51976 0.429867
-0.51392 0.429867
-0.50808 0.429867
-0.50224 0.429867
-0.4964 0.429867
-0.49056 0.429867
-0.48472 0.429867
-0.47888 0.429867
-0.47304 0.429867
-0.4672 0.429867
-0.46136 0.429867
-0.45552 0.429867
-0.44968 0.429867
-0.44384 0.429867
-0.438 0.429867
-0.43216 0.429867
-0.42632 0.429867
-0.42048 0.429867
-0.41464 0.429867
-0.4088 0.429867
-0.40296 0.429867
-0.39712 0.429867
-0.39128 0.429867
-0.38544 0.429867
-0.3796 0.429867
-0.37376 0.429867
-0.36792 0.429867
-0.36208 0.429867
-0.35624 0.429867
-0.3504 0.429867
-0.34456 0.429867
-0.33872 0.429867
-0.33288 0.429867
-0.32704 0.429867
-0.3212 0.429867
-0.31536 0.429867
-0.30952 0.429867
-0.30368 0.429867
-0.29784 0.429867
-0.292 0.429867
-0.28616 0.429867
-0.28032 0.429867
-0.27448 0.429867
-0.26864 0.429867
-0.2628 0.429867
-0.25696 0.429867
-0.25112 0.429867
-0.24528 0.429867
-0.23944 0.429867
-0.2336 0.429867
-0.22776 0.429867
-0.22192 0.429867
-0.21608 0.429867
-0.21024 0.429867
-0.2044 0.429867
-0.19856 0.429867
-0.19272 0.429867
-0.18688 0.429867
-0.18104 0.429867
-0.1752 0.429867
-0.16936 0.429867
-0.16352 0.429867
-0.15768 0.429867
-0.15184 0.429867
-0.146 0.429867
-0.14016 0.429867
-0.13432 0.429867
-0.12848 0.429867
-0.12264 0.429867
-0.1168 0.429867
-0.11096 0.429867
-0.10512 0.429867
-0.09928 0.429867
-0.09344 0.429867
-0.0876 0.429867
-0.08176 0.429867
-0.07592 0.429867
-0.07008 0.429867
-0.06424 0.429867
-0.0584 0.429867
-0.05256 0.429867
-0.04672 0.429867
-0.04088 0.429867
-0.03504 0.429867
-0.0292 0.429867
-0.02336 0.429867
-0.01752 0.429867
-0.01168 0.429867
-0.00584 0.429867
