-2.92 0.470099
-2.91416 0.470099
-2.90832 0.470099
-2.90248 0.470099
-2.89664 0.470099
-2.8908 0.470099
-2.88496 0.470099
-2.87912 0.470099
-2.87328 0.470099
-2.86744 0.470099
-2.8616 0.470099
-2.85576 0.470099
-2.84992 0.470099
-2.84408 0.470099
-2.83824 0.470099
-2.8324 0.470099
-2.82656 0.470099
-2.82072 0.470099
-2.81488 0.470099
-2.80904 0.470099
-2.8032 0.470099
-2.79736 0.470099
-2.79152 0.470099
-2.78568 0.470099
-2.77984 0.470099
-2.774 0.470099
-2.76816 0.470099
-2.76232 0.470099
-2.75648 0.470099
-2.75064 0.470099
-2.7448 0.470099
-2.73896 0.470099
-2.73312 0.470099
-2.72728 0.470099
-2.72144 0.470099
-2.7156 0.470099
-2.70976 0.470099
-2.70392 0.470099
-2.69808 0.470099
-2.69224 0.470099
-2.6864 0.470099
-2.68056 0.470099
-2.67472 0.470099
-2.66888 0.470099
-2.66304 0.470099
-2.6572 0.470099
-2.65136 0.470099
-2.64552 0.470099
-2.63968 0.470099
-2.63384 0.470099
-2.628 0.470099
-2.62216 0.470099
-2.61632 0.470099
-2.61048 0.470099
-2.60464 0.470099
-2.5988 0.470099
-2.59296 0.469571
-2.58712 0.468821
-2.58128 0.468029
-2.57544 0.46719
-2.5696 0.466265
-2.56376 0.465162
-2.55792 0.464057
-2.55208 0.462864
-2.54624 0.461626
-2.5404 0.4603
-2.53456 0.458843
-2.52872 0.457342
-2.52288 0.455841
-2.51704 0.454293
-2.5112 0.452657
-2.50536 0.450932
-2.49952 0.449527
-2.49368 0.448331
-2.48784 0.447057
-2.482 0.447327
-2.47616 0.446256
-2.47032 0.445595
-2.46448 0.444436
-2.45864 0.444645
-2.4528 0.443976
-2.44696 0.442382
-2.44112 0.442202
-2.43528 0.442313
-2.42944 0.441632
-2.4236 0.441826
-2.41776 0.442106
-2.41192 0.440833
-2.40608 0.441481
-2.40024 0.440167
-2.3944 0.439722
-2.38856 0.439611
-2.38272 0.44005
-2.37688 0.439187
-2.37104 0.439365
-2.3652 0.437504
-2.35936 0.437891
-2.35352 0.43862
-2.34768 0.438424
-2.34184 0.438312
-2.336 0.438706
-2.33016 0.438007
-2.32432 0.436519
-2.31848 0.438582
-2.31264 0.438714
-2.3068 0.435198
-2.30096 0.435114
-2.29512 0.433804
-2.28928 0.433488
-2.28344 0.429877
-2.2776 0.428483
-2.27176 0.428817
-2.26592 0.426721
-2.26008 0.426283
-2.25424 0.424979
-2.2484 0.424125
-2.24256 0.41993
-2.23672 0.42197
-2.23088 0.419644
-2.22504 0.41786
-2.2192 0.41938
-2.21336 0.415264
-2.20752 0.412602
-2.20168 0.412155
-2.19584 0.411062
-2.19 0.408271
-2.18416 0.408572
-2.17832 0.406042
-2.17248 0.404889
-2.16664 0.407942
-2.1608 0.40185
-2.15496 0.400399
-2.14912 0.398478
-2.14328 0.396557
-2.13744 0.395206
-2.1316 0.393872
-2.12576 0.39245
-2.11992 0.393356
-2.11408 0.390549
-2.10824 0.387464
-2.1024 0.386405
-2.09656 0.387231
-2.09072 0.383773
-2.08488 0.379968
-2.07904 0.378379
-2.0732 0.381431
-2.06736 0.377049
-2.06152 0.376369
-2.05568 0.373939
-2.04984 0.374393
-2.044 0.370099
-2.03816 0.366254
-2.03232 0.364511
-2.02648 0.366749
-2.02064 0.364314
-2.0148 0.362347
-2.00896 0.360843
-2.00312 0.359615
-1.99728 0.35816
-1.99144 0.356173
-1.9856 0.354664
-1.97976 0.354762
-1.97392 0.353115
-1.96808 0.352082
-1.96224 0.346295
-1.9564 0.346212
-1.95056 0.342837
-1.94472 0.343016
-1.93888 0.344527
-1.93304 0.340798
-1.9272 0.339301
-1.92136 0.336819
-1.91552 0.332339
-1.90968 0.330545
-1.90384 0.328395
-1.898 0.325446
-1.89216 0.319225
-1.88632 0.316178
-1.88048 0.315308
-1.87464 0.31127
-1.8688 0.308806
-1.86296 0.306552
-1.85712 0.299612
-1.85128 0.297012
-1.84544 0.293934
-1.8396 0.288601
-1.83376 0.287077
-1.82792 0.283104
-1.82208 0.27993
-1.81624 0.276131
-1.8104 0.274064
-1.80456 0.267407
-1.79872 0.263949
-1.79288 0.260217
-1.78704 0.2565
-1.7812 0.251928
-1.77536 0.250387
-1.76952 0.250224
-1.76368 0.240626
-1.75784 0.237557
-1.752 0.230957
-1.74616 0.229134
-1.74032 0.225214
-1.73448 0.220634
-1.72864 0.217021
-1.7228 0.215322
-1.71696 0.207554
-1.71112 0.207852
-1.70528 0.200865
-1.69944 0.19756
-1.6936 0.189805
-1.68776 0.187198
-1.68192 0.186043
-1.67608 0.182389
-1.67024 0.180618
-1.6644 0.173628
-1.65856 0.177818
-1.65272 0.169597
-1.64688 0.170259
-1.64104 0.170397
-1.6352 0.170389
-1.62936 0.168419
-1.62352 0.166983
-1.61768 0.166433
-1.61184 0.165573
-1.606 0.163838
-1.60016 0.164874
-1.59432 0.161852
-1.58848 0.164374
-1.58264 0.161562
-1.5768 0.161665
-1.57096 0.162869
-1.56512 0.161331
-1.55928 0.161591
-1.55344 0.15991
-1.5476 0.163332
-1.54176 0.161324
-1.53592 0.163772
-1.53008 0.162312
-1.52424 0.159434
-1.5184 0.159293
-1.51256 0.158324
-1.50672 0.158296
-1.50088 0.157418
-1.49504 0.158988
-1.4892 0.163788
-1.48336 0.161469
-1.47752 0.161298
-1.47168 0.159515
-1.46584 0.159283
-1.46 0.158717
-1.45416 0.158081
-1.44832 0.158481
-1.44248 0.16381
-1.43664 0.160204
-1.4308 0.162172
-1.42496 0.162794
-1.41912 0.160609
-1.41328 0.159673
-1.40744 0.160093
-1.4016 0.161361
-1.39576 0.15805
-1.38992 0.158301
-1.38408 0.155002
-1.37824 0.155581
-1.3724 0.155759
-1.36656 0.156356
-1.36072 0.153799
-1.35488 0.151965
-1.34904 0.155171
-1.3432 0.156812
-1.33736 0.1581
-1.33152 0.157569
-1.32568 0.159071
-1.31984 0.159608
-1.314 0.160064
-1.30816 0.159019
-1.30232 0.15725
-1.29648 0.15822
-1.29064 0.15799
-1.2848 0.158105
-1.27896 0.163569
-1.27312 0.164736
-1.26728 0.163873
-1.26144 0.165933
-1.2556 0.167936
-1.24976 0.172676
-1.24392 0.175522
-1.23808 0.175817
-1.23224 0.179404
-1.2264 0.182152
-1.22056 0.183489
-1.21472 0.187246
-1.20888 0.190644
-1.20304 0.192903
-1.1972 0.194774
-1.19136 0.196381
-1.18552 0.198974
-1.17968 0.202331
-1.17384 0.205832
-1.168 0.205547
-1.16216 0.205914
-1.15632 0.20783
-1.15048 0.210632
-1.14464 0.21187
-1.1388 0.213911
-1.13296 0.219289
-1.12712 0.222318
-1.12128 0.225664
-1.11544 0.227326
-1.1096 0.232544
-1.10376 0.23488
-1.09792 0.238022
-1.09208 0.24049
-1.08624 0.237848
-1.0804 0.242213
-1.07456 0.244248
-1.06872 0.246039
-1.06288 0.248256
-1.05704 0.25396
-1.0512 0.257693
-1.04536 0.260786
-1.03952 0.261776
-1.03368 0.264286
-1.02784 0.266293
-1.022 0.26689
-1.01616 0.271435
-1.01032 0.273473
-1.00448 0.277751
-0.99864 0.279419
-0.9928 0.281284
-0.98696 0.286171
-0.98112 0.285556
-0.97528 0.288519
-0.96944 0.290191
-0.9636 0.29387
-0.95776 0.294229
-0.95192 0.296399
-0.94608 0.295236
-0.94024 0.29906
-0.9344 0.30038
-0.92856 0.30146
-0.92272 0.303541
-0.91688 0.305538
-0.91104 0.30814
-0.9052 0.312072
-0.89936 0.315716
-0.89352 0.315761
-0.88768 0.319878
-0.88184 0.322808
-0.876 0.322705
-0.87016 0.325831
-0.86432 0.324226
-0.85848 0.327062
-0.85264 0.328621
-0.8468 0.329807
-0.84096 0.336264
-0.83512 0.33694
-0.82928 0.339722
-0.82344 0.341622
-0.8176 0.342458
-0.81176 0.344907
-0.80592 0.346345
-0.80008 0.346699
-0.79424 0.347798
-0.7884 0.349892
-0.78256 0.349553
-0.77672 0.351107
-0.77088 0.35443
-0.76504 0.354119
-0.7592 0.355418
-0.75336 0.354945
-0.74752 0.356109
-0.74168 0.355716
-0.73584 0.356626
-0.73 0.355378
-0.72416 0.353804
-0.71832 0.351964
-0.71248 0.352998
-0.70664 0.351324
-0.7008 0.352097
-0.69496 0.351557
-0.68912 0.351566
-0.68328 0.351437
-0.67744 0.350354
-0.6716 0.35318
-0.66576 0.352498
-0.65992 0.353465
-0.65408 0.353573
-0.64824 0.352189
-0.6424 0.351624
-0.63656 0.352202
-0.63072 0.351675
-0.62488 0.352461
-0.61904 0.353915
-0.6132 0.354481
-0.60736 0.354875
-0.60152 0.354384
-0.59568 0.354384
-0.58984 0.354384
-0.584 0.354384
-0.57816 0.354384
-0.57232 0.354384
-0.56648 0.354384
-0.56064 0.354384
-0.5548 0.354384
-0.54896 0.354384
-0.54312 0.354384
-0.53728 0.354384
-0.53144 0.354384
-0.5256 0.354384
-0.51976 0.354384
-0.51392 0.354384
-0.50808 0.354384
-0.50224 0.354384
-0.4964 0.354384
-0.49056 0.354384
-0.48472 0.354384
-0.47888 0.354384
-0.47304 0.354384
-0.4672 0.354384
-0.46136 0.354384
-0.45552 0.354384
-0.44968 0.354384
-0.44384 0.354384
-0.438 0.354384
-0.43216 0.354384
-0.42632 0.354384
-0.42048 0.354384
-0.41464 0.354384
-0.4088 0.354384
-0.40296 0.354384
-0.39712 0.354384
-0.39128 0.354384
-0.38544 0.354384
-0.3796 0.354384
-0.37376 0.354384
-0.36792 0.354384
-0.36208 0.354384
-0.35624 0.354384
-0.3504 0.354384
-0.34456 0.354384
-0.33872 0.354384
-0.33288 0.354384
-0.32704 0.354384
-0.3212 0.354384
-0.31536 0.354384
-0.30952 0.354384
-0.30368 0.354384
-0.29784 0.354384
-0.292 0.354384
-0.28616 0.354384
-0.28032 0.354384
-0.27448 0.354384
-0.26864 0.354384
-0.2628 0.354384
-0.25696 0.354384
-0.25112 0.354384
-0.24528 0.354384
-0.23944 0.354384
-0.2336 0.354384
-0.22776 0.354384
-0.22192 0.354384
-0.21608 0.354384
-0.21024 0.354384
-0.2044 0.354384
-0.19856 0.354384
-0.19272 0.354384
-0.18688 0.354384
-0.18104 0.354384
-0.1752 0.354384
-0.16936 0.354384
-0.16352 0.354384
-0.15768 0.354384
-0.15184 0.354384
-0.146 0.354384
-0.14016 0.354384
-0.13432 0.354384
-0.12848 0.354384
-0.12264 0.354384
-0.1168 0.354384
-0.11096 0.354384
-0.10512 0.354384
-0.09928 0.354384
-0.09344 0.354384
-0.0876 0.354384
-0.08176 0.354384
-0.07592 0.354384
-0.07008 0.354384
-0.06424 0.354384
-0.0584 0.354384
-0.05256 0.354384
-0.04672 0.354384
-0.04088 0.354384
-0.03504 0.354384
-0.0292 0.354384
-0.02336 0.354384
-0.01752 0.354384
-0.01168 0.354384
-0.00584 0.354384
