-2.92 0.479503
-2.91416 0.479503
-2.90832 0.479503
-2.90248 0.479503
-2.89664 0.479503
-2.8908 0.479503
-2.88496 0.479503
-2.87912 0.479503
-2.87328 0.479503
-2.86744 0.479503
-2.8616 0.479503
-2.85576 0.479503
-2.84992 0.479503
-2.84408 0.479503
-2.83824 0.479503
-2.8324 0.479503
-2.82656 0.479503
-2.82072 0.479503
-2.81488 0.479503
-2.80904 0.479503
-2.8032 0.479503
-2.79736 0.479503
-2.79152 0.479503
-2.78568 0.479503
-2.77984 0.479503
-2.774 0.479503
-2.76816 0.479503
-2.76232 0.479503
-2.75648 0.479503
-2.75064 0.479503
-2.7448 0.479503
-2.73896 0.479503
-2.73312 0.479503
-2.72728 0.479503
-2.72144 0.479503
-2.7156 0.479503
-2.70976 0.479503
-2.70392 0.479503
-2.69808 0.479503
-2.69224 0.479503
-2.6864 0.479503
-2.68056 0.479503
-2.67472 0.479503
-2.66888 0.479503
-2.66304 0.479503
-2.6572 0.479503
-2.65136 0.479503
-2.64552 0.479503
-2.63968 0.479503
-2.63384 0.479503
-2.628 0.479503
-2.62216 0.479503
-2.61632 0.479503
-2.61048 0.479503
-2.60464 0.479503
-2.5988 0.479503
-2.59296 0.479019
-2.58712 0.478403
-2.58128 0.477743
-2.57544 0.476906
-2.5696 0.475934
-2.56376 0.474787
-2.55792 0.473596
-2.55208 0.47236
-2.54624 0.471035
-2.5404 0.469536
-2.53456 0.46799
-2.52872 0.466318
-2.52288 0.464602
-2.51704 0.462845
-2.5112 0.460913
-2.50536 0.459025
-2.49952 0.457418
-2.49368 0.456387
-2.48784 0.454938
-2.482 0.454486
-2.47616 0.452781
-2.47032 0.452226
-2.46448 0.450845
-2.45864 0.450328
-2.4528 0.449981
-2.44696 0.449838
-2.44112 0.44746
-2.43528 0.446772
-2.42944 0.445797
-2.4236 0.444363
-2.41776 0.44442
-2.41192 0.444553
-2.40608 0.44113
-2.40024 0.440803
-2.3944 0.441137
-2.38856 0.439828
-2.38272 0.437149
-2.37688 0.437276
-2.37104 0.435953
-2.3652 0.436925
-2.35936 0.433361
-2.35352 0.433908
-2.34768 0.431472
-2.34184 0.430067
-2.336 0.429658
-2.33016 0.429145
-2.32432 0.428673
-2.31848 0.42793
-2.31264 0.424409
-2.3068 0.425484
-2.30096 0.419484
-2.29512 0.419124
-2.28928 0.416327
-2.28344 0.416043
-2.2776 0.412584
-2.27176 0.410522
-2.26592 0.407334
-2.26008 0.405773
-2.25424 0.404885
-2.2484 0.401802
-2.24256 0.398725
-2.23672 0.397253
-2.23088 0.394796
-2.22504 0.391351
-2.2192 0.38635
-2.21336 0.38549
-2.20752 0.381241
-2.20168 0.378775
-2.19584 0.375459
-2.19 0.371241
-2.18416 0.368899
-2.17832 0.365726
-2.17248 0.362556
-2.16664 0.359604
-2.1608 0.356021
-2.15496 0.353089
-2.14912 0.348841
-2.14328 0.344333
-2.13744 0.339577
-2.1316 0.335502
-2.12576 0.334363
-2.11992 0.331131
-2.11408 0.328325
-2.10824 0.32327
-2.1024 0.317695
-2.09656 0.31389
-2.09072 0.310424
-2.08488 0.309876
-2.07904 0.307347
-2.0732 0.303532
-2.06736 0.296384
-2.06152 0.29341
-2.05568 0.289468
-2.04984 0.284251
-2.044 0.282504
-2.03816 0.278918
-2.03232 0.274073
-2.02648 0.273949
-2.02064 0.267513
-2.0148 0.264576
-2.00896 0.259052
-2.00312 0.258203
-1.99728 0.256047
-1.99144 0.253894
-1.9856 0.251548
-1.97976 0.249261
-1.97392 0.247599
-1.96808 0.244225
-1.96224 0.247363
-1.9564 0.242513
-1.95056 0.241737
-1.94472 0.241658
-1.93888 0.238222
-1.93304 0.236188
-1.9272 0.236309
-1.92136 0.234956
-1.91552 0.234042
-1.90968 0.230303
-1.90384 0.226119
-1.898 0.232057
-1.89216 0.229649
-1.88632 0.228616
-1.88048 0.226479
-1.87464 0.223044
-1.8688 0.221043
-1.86296 0.22337
-1.85712 0.219691
-1.85128 0.218837
-1.84544 0.219103
-1.8396 0.215981
-1.83376 0.214527
-1.82792 0.217039
-1.82208 0.21704
-1.81624 0.216683
-1.8104 0.215344
-1.80456 0.212868
-1.79872 0.215251
-1.79288 0.215501
-1.78704 0.214521
-1.7812 0.211792
-1.77536 0.214086
-1.76952 0.214629
-1.76368 0.213418
-1.75784 0.214158
-1.752 0.211508
-1.74616 0.214853
-1.74032 0.215352
-1.73448 0.217484
-1.72864 0.217158
-1.7228 0.214437
-1.71696 0.216759
-1.71112 0.218455
-1.70528 0.219469
-1.69944 0.218009
-1.6936 0.218389
-1.68776 0.221377
-1.68192 0.21976
-1.67608 0.219012
-1.67024 0.21539
-1.6644 0.2179
-1.65856 0.2177
-1.65272 0.216329
-1.64688 0.219518
-1.64104 0.218251
-1.6352 0.216785
-1.62936 0.216719
-1.62352 0.215961
-1.61768 0.219575
-1.61184 0.221507
-1.606 0.224906
-1.60016 0.221791
-1.59432 0.22729
-1.58848 0.225935
-1.58264 0.229291
-1.5768 0.233008
-1.57096 0.234886
-1.56512 0.234616
-1.55928 0.238703
-1.55344 0.244193
-1.5476 0.245659
-1.54176 0.245638
-1.53592 0.248322
-1.53008 0.249933
-1.52424 0.25162
-1.5184 0.253169
-1.51256 0.256502
-1.50672 0.259728
-1.50088 0.26171
-1.49504 0.262572
-1.4892 0.267756
-1.48336 0.269734
-1.47752 0.271429
-1.47168 0.276813
-1.46584 0.270861
-1.46 0.279749
-1.45416 0.279797
-1.44832 0.287906
-1.44248 0.288518
-1.43664 0.289561
-1.4308 0.292637
-1.42496 0.298303
-1.41912 0.294584
-1.41328 0.301651
-1.40744 0.299287
-1.4016 0.304155
-1.39576 0.306864
-1.38992 0.309103
-1.38408 0.315458
-1.37824 0.315636
-1.3724 0.317006
-1.36656 0.321226
-1.36072 0.320167
-1.35488 0.322635
-1.34904 0.322603
-1.3432 0.323686
-1.33736 0.329232
-1.33152 0.332687
-1.32568 0.337364
-1.31984 0.338985
-1.314 0.34175
-1.30816 0.340754
-1.30232 0.34738
-1.29648 0.349798
-1.29064 0.350195
-1.2848 0.353279
-1.27896 0.355007
-1.27312 0.358616
-1.26728 0.361067
-1.26144 0.358262
-1.2556 0.359506
-1.24976 0.366942
-1.24392 0.36656
-1.23808 0.367976
-1.23224 0.370561
-1.2264 0.374632
-1.22056 0.376292
-1.21472 0.376033
-1.20888 0.381715
-1.20304 0.384628
-1.1972 0.384554
-1.19136 0.386116
-1.18552 0.386836
-1.17968 0.390918
-1.17384 0.394244
-1.168 0.398865
-1.16216 0.394666
-1.15632 0.398257
-1.15048 0.398514
-1.14464 0.398322
-1.1388 0.400762
-1.13296 0.402772
-1.12712 0.40104
-1.12128 0.40612
-1.11544 0.411991
-1.1096 0.414236
-1.10376 0.410478
-1.09792 0.412029
-1.09208 0.411134
-1.08624 0.413805
-1.0804 0.414545
-1.07456 0.416562
-1.06872 0.418063
-1.06288 0.417331
-1.05704 0.416931
-1.0512 0.419535
-1.04536 0.417902
-1.03952 0.41635
-1.03368 0.421358
-1.02784 0.412551
-1.022 0.417897
-1.01616 0.413397
-1.01032 0.417167
-1.00448 0.413855
-0.99864 0.413184
-0.9928 0.410722
-0.98696 0.412662
-0.98112 0.406892
-0.97528 0.410292
-0.96944 0.406045
-0.9636 0.406754
-0.95776 0.407967
-0.95192 0.40463
-0.94608 0.407947
-0.94024 0.404801
-0.9344 0.403808
-0.92856 0.403794
-0.92272 0.399088
-0.91688 0.399101
-0.91104 0.394151
-0.9052 0.394428
-0.89936 0.39742
-0.89352 0.398271
-0.88768 0.399333
-0.88184 0.396856
-0.876 0.397653
-0.87016 0.393488
-0.86432 0.395857
-0.85848 0.39503
-0.85264 0.394352
-0.8468 0.39384
-0.84096 0.392981
-0.83512 0.392327
-0.82928 0.392242
-0.82344 0.386602
-0.8176 0.389009
-0.81176 0.387626
-0.80592 0.387673
-0.80008 0.38706
-0.79424 0.385568
-0.7884 0.386216
-0.78256 0.385537
-0.77672 0.385221
-0.77088 0.382996
-0.76504 0.385355
-0.7592 0.384945
-0.75336 0.38483
-0.74752 0.38496
-0.74168 0.384943
-0.73584 0.385441
-0.73 0.386121
-0.72416 0.386615
-0.71832 0.386955
-0.71248 0.387419
-0.70664 0.387727
-0.7008 0.388737
-0.69496 0.38928
-0.68912 0.39015
-0.68328 0.391267
-0.67744 0.395837
-0.6716 0.397149
-0.66576 0.398097
-0.65992 0.398542
-0.65408 0.398589
-0.64824 0.399772
-0.6424 0.402212
-0.63656 0.403262
-0.63072 0.404435
-0.62488 0.404095
-0.61904 0.403579
-0.6132 0.403232
-0.60736 0.402289
-0.60152 0.402813
-0.59568 0.402813
-0.58984 0.402813
-0.584 0.402813
-0.57816 0.402813
-0.57232 0.402813
-0.56648 0.402813
-0.56064 0.402813
-0.5548 0.402813
-0.54896 0.402813
-0.54312 0.402813
-0.53728 0.402813
-0.53144 0.402813
-0.5256 0.402813
-0.51976 0.402813
-0.51392 0.402813
-0.50808 0.402813
-0.50224 0.402813
-0.4964 0.402813
-0.49056 0.402813
-0.48472 0.402813
-0.47888 0.402813
-0.47304 0.402813
-0.4672 0.402813
-0.46136 0.402813
-0.45552 0.402813
-0.44968 0.402813
-0.44384 0.402813
-0.438 0.402813
-0.43216 0.402813
-0.42632 0.402813
-0.42048 0.402813
-0.41464 0.402813
-0.4088 0.402813
-0.40296 0.402813
-0.39712 0.402813
-0.39128 0.402813
-0.38544 0.402813
-0.3796 0.402813
-0.37376 0.402813
-0.36792 0.402813
-0.36208 0.402813
-0.35624 0.402813
-0.3504 0.402813
-0.34456 0.402813
-0.33872 0.402813
-0.33288 0.402813
-0.32704 0.402813
-0.3212 0.402813
-0.31536 0.402813
-0.30952 0.402813
-0.30368 0.402813
-0.29784 0.402813
-0.292 0.402813
-0.28616 0.402813
-0.28032 0.402813
-0.27448 0.402813
-0.26864 0.402813
-0.2628 0.402813
-0.25696 0.402813
-0.25112 0.402813
-0.24528 0.402813
-0.23944 0.402813
-0.2336 0.402813
-0.22776 0.402813
-0.22192 0.402813
-0.21608 0.402813
-0.21024 0.402813
-0.2044 0.402813
-0.19856 0.402813
-0.19272 0.402813
-0.18688 0.402813
-0.18104 0.402813
-0.1752 0.402813
-0.16936 0.402813
-0.16352 0.402813
-0.15768 0.402813
-0.15184 0.402813
-0.146 0.402813
-0.14016 0.402813
-0.13432 0.402813
-0.12848 0.402813
-0.12264 0.402813
-0.1168 0.402813
-0.11096 0.402813
-0.10512 0.402813
-0.09928 0.402813
-0.09344 0.402813
-0.0876 0.402813
-0.08176 0.402813
-0.07592 0.402813
-0.07008 0.402813
-0.06424 0.402813
-0.0584 0.402813
-0.05256 0.402813
-0.04672 0.402813
-0.04088 0.402813
-0.03504 0.402813
-0.0292 0.402813
-0.02336 0.402813
-0.01752 0.402813
-0.01168 0.402813
-0.00584 0.402813
