-2.92 0.530612
-2.91416 0.530612
-2.90832 0.530612
-2.90248 0.530612
-2.89664 0.530612
-2.8908 0.530612
-2.88496 0.530612
-2.87912 0.530612
-2.87328 0.530612
-2.86744 0.530612
-2.8616 0.530612
-2.85576 0.530612
-2.84992 0.530612
-2.84408 0.530612
-2.83824 0.530612
-2.8324 0.530612
-2.82656 0.530612
-2.82072 0.530612
-2.81488 0.530612
-2.80904 0.530612
-2.8032 0.530612
-2.79736 0.530612
-2.79152 0.530612
-2.78568 0.530612
-2.77984 0.530612
-2.774 0.530612
-2.76816 0.530612
-2.76232 0.530612
-2.75648 0.530612
-2.75064 0.530612
-2.7448 0.530612
-2.73896 0.530612
-2.73312 0.530612
-2.72728 0.530612
-2.72144 0.530612
-2.7156 0.530612
-2.70976 0.530612
-2.70392 0.530612
-2.69808 0.530612
-2.69224 0.530612
-2.6864 0.530612
-2.68056 0.530612
-2.67472 0.530612
-2.66888 0.530612
-2.66304 0.530612
-2.6572 0.530612
-2.65136 0.530612
-2.64552 0.530612
-2.63968 0.530612
-2.63384 0.530612
-2.628 0.530612
-2.62216 0.530612
-2.61632 0.530612
-2.61048 0.530612
-2.60464 0.530612
-2.5988 0.530612
-2.59296 0.529815
-2.58712 0.528796
-2.58128 0.527732
-2.57544 0.526533
-2.5696 0.525203
-2.56376 0.523739
-2.55792 0.522185
-2.55208 0.520676
-2.54624 0.519076
-2.5404 0.517476
-2.53456 0.515831
-2.52872 0.51414
-2.52288 0.512365
-2.51704 0.510454
-2.5112 0.5085
-2.50536 0.506412
-2.49952 0.504778
-2.49368 0.503599
-2.48784 0.502378
-2.482 0.501164
-2.47616 0.500337
-2.47032 0.49971
-2.46448 0.497638
-2.45864 0.497134
-2.4528 0.495758
-2.44696 0.495333
-2.44112 0.494115
-2.43528 0.494174
-2.42944 0.493032
-2.4236 0.491101
-2.41776 0.492229
-2.41192 0.490919
-2.40608 0.48953
-2.40024 0.489494
-2.3944 0.488469
-2.38856 0.48702
-2.38272 0.487485
-2.37688 0.486331
-2.37104 0.483928
-2.3652 0.485685
-2.35936 0.483981
-2.35352 0.484182
-2.34768 0.482607
-2.34184 0.481204
-2.336 0.480666
-2.33016 0.481832
-2.32432 0.479544
-2.31848 0.477752
-2.31264 0.477215
-2.3068 0.475191
-2.30096 0.474041
-2.29512 0.471212
-2.28928 0.46736
-2.28344 0.468427
-2.2776 0.464707
-2.27176 0.465216
-2.26592 0.460498
-2.26008 0.460256
-2.25424 0.456499
-2.2484 0.458099
-2.24256 0.453235
-2.23672 0.451521
-2.23088 0.448191
-2.22504 0.445965
-2.2192 0.441626
-2.21336 0.440761
-2.20752 0.438311
-2.20168 0.437226
-2.19584 0.4339
-2.19 0.429033
-2.18416 0.42901
-2.17832 0.425255
-2.17248 0.422205
-2.16664 0.419331
-2.1608 0.417781
-2.15496 0.414929
-2.14912 0.411625
-2.14328 0.410419
-2.13744 0.405574
-2.1316 0.405959
-2.12576 0.401977
-2.11992 0.398307
-2.11408 0.397959
-2.10824 0.394641
-2.1024 0.391812
-2.09656 0.390401
-2.09072 0.386292
-2.08488 0.384647
-2.07904 0.381382
-2.0732 0.379695
-2.06736 0.375657
-2.06152 0.374065
-2.05568 0.375542
-2.04984 0.367864
-2.044 0.363983
-2.03816 0.365035
-2.03232 0.360988
-2.02648 0.362517
-2.02064 0.355458
-2.0148 0.355808
-2.00896 0.349564
-2.00312 0.349363
-1.99728 0.347028
-1.99144 0.344096
-1.9856 0.346982
-1.97976 0.340404
-1.97392 0.338753
-1.96808 0.336441
-1.96224 0.334569
-1.9564 0.332739
-1.95056 0.329114
-1.94472 0.327455
-1.93888 0.319987
-1.93304 0.31805
-1.9272 0.314204
-1.92136 0.315511
-1.91552 0.311405
-1.90968 0.305257
-1.90384 0.300594
-1.898 0.294909
-1.89216 0.295921
-1.88632 0.289305
-1.88048 0.289277
-1.87464 0.28359
-1.8688 0.280562
-1.86296 0.276132
-1.85712 0.274029
-1.85128 0.270125
-1.84544 0.26284
-1.8396 0.262079
-1.83376 0.260791
-1.82792 0.256264
-1.82208 0.256044
-1.81624 0.246761
-1.8104 0.242339
-1.80456 0.241275
-1.79872 0.235852
-1.79288 0.230208
-1.78704 0.23043
-1.7812 0.224618
-1.77536 0.223389
-1.76952 0.21987
-1.76368 0.215918
-1.75784 0.211795
-1.752 0.208669
-1.74616 0.203567
-1.74032 0.201671
-1.73448 0.196235
-1.72864 0.192326
-1.7228 0.189929
-1.71696 0.187588
-1.71112 0.180178
-1.70528 0.178003
-1.69944 0.178305
-1.6936 0.176274
-1.68776 0.172096
-1.68192 0.166735
-1.67608 0.164028
-1.67024 0.163997
-1.6644 0.162124
-1.65856 0.159148
-1.65272 0.158575
-1.64688 0.159308
-1.64104 0.156602
-1.6352 0.157069
-1.62936 0.152023
-1.62352 0.153549
-1.61768 0.155453
-1.61184 0.153603
-1.606 0.155406
-1.60016 0.154505
-1.59432 0.157512
-1.58848 0.153707
-1.58264 0.15808
-1.5768 0.152702
-1.57096 0.155715
-1.56512 0.157305
-1.55928 0.159353
-1.55344 0.157458
-1.5476 0.163631
-1.54176 0.160161
-1.53592 0.164064
-1.53008 0.157653
-1.52424 0.161159
-1.5184 0.1597
-1.51256 0.16148
-1.50672 0.161021
-1.50088 0.162963
-1.49504 0.159951
-1.4892 0.169006
-1.48336 0.164568
-1.47752 0.167663
-1.47168 0.164758
-1.46584 0.169107
-1.46 0.170344
-1.45416 0.171916
-1.44832 0.175028
-1.44248 0.172116
-1.43664 0.17337
-1.4308 0.17411
-1.42496 0.175411
-1.41912 0.178343
-1.41328 0.178291
-1.40744 0.177647
-1.4016 0.179807
-1.39576 0.179477
-1.38992 0.181243
-1.38408 0.184376
-1.37824 0.18126
-1.3724 0.181652
-1.36656 0.185819
-1.36072 0.188838
-1.35488 0.184041
-1.34904 0.185032
-1.3432 0.183988
-1.33736 0.183459
-1.33152 0.185085
-1.32568 0.188981
-1.31984 0.191764
-1.314 0.189462
-1.30816 0.191497
-1.30232 0.19097
-1.29648 0.190508
-1.29064 0.192076
-1.2848 0.195507
-1.27896 0.19903
-1.27312 0.202441
-1.26728 0.207105
-1.26144 0.209723
-1.2556 0.212118
-1.24976 0.216089
-1.24392 0.218646
-1.23808 0.22525
-1.23224 0.22597
-1.2264 0.231768
-1.22056 0.234099
-1.21472 0.238711
-1.20888 0.241052
-1.20304 0.240998
-1.1972 0.243439
-1.19136 0.246664
-1.18552 0.249419
-1.17968 0.252048
-1.17384 0.255362
-1.168 0.258659
-1.16216 0.259455
-1.15632 0.263249
-1.15048 0.262331
-1.14464 0.267114
-1.1388 0.265409
-1.13296 0.270341
-1.12712 0.269161
-1.12128 0.275054
-1.11544 0.276289
-1.1096 0.280545
-1.10376 0.282177
-1.09792 0.285828
-1.09208 0.282426
-1.08624 0.288421
-1.0804 0.286918
-1.07456 0.29209
-1.06872 0.292188
-1.06288 0.29747
-1.05704 0.296745
-1.0512 0.305261
-1.04536 0.304735
-1.03952 0.308234
-1.03368 0.310837
-1.02784 0.314965
-1.022 0.316264
-1.01616 0.320368
-1.01032 0.322976
-1.00448 0.324989
-0.99864 0.326127
-0.9928 0.325889
-0.98696 0.328813
-0.98112 0.332787
-0.97528 0.334565
-0.96944 0.336445
-0.9636 0.33834
-0.95776 0.340592
-0.95192 0.343499
-0.94608 0.345532
-0.94024 0.345359
-0.9344 0.34875
-0.92856 0.35228
-0.92272 0.355882
-0.91688 0.35255
-0.91104 0.354069
-0.9052 0.355589
-0.89936 0.35663
-0.89352 0.360105
-0.88768 0.363833
-0.88184 0.364666
-0.876 0.364438
-0.87016 0.370434
-0.86432 0.370358
-0.85848 0.369959
-0.85264 0.372343
-0.8468 0.373963
-0.84096 0.377185
-0.83512 0.378969
-0.82928 0.382815
-0.82344 0.384008
-0.8176 0.387015
-0.81176 0.390271
-0.80592 0.392785
-0.80008 0.395397
-0.79424 0.397028
-0.7884 0.399852
-0.78256 0.401499
-0.77672 0.403611
-0.77088 0.405362
-0.76504 0.405955
-0.7592 0.407941
-0.75336 0.408653
-0.74752 0.409154
-0.74168 0.407483
-0.73584 0.409912
-0.73 0.408265
-0.72416 0.408933
-0.71832 0.409215
-0.71248 0.409372
-0.70664 0.409193
-0.7008 0.407373
-0.69496 0.40724
-0.68912 0.407721
-0.68328 0.407171
-0.67744 0.407267
-0.6716 0.40792
-0.66576 0.408175
-0.65992 0.409398
-0.65408 0.409001
-0.64824 0.410516
-0.6424 0.408636
-0.63656 0.409935
-0.63072 0.411151
-0.62488 0.41215
-0.61904 0.413105
-0.6132 0.414979
-0.60736 0.41513
-0.60152 0.415064
-0.59568 0.415064
-0.58984 0.415064
-0.584 0.415064
-0.57816 0.415064
-0.57232 0.415064
-0.56648 0.415064
-0.56064 0.415064
-0.5548 0.415064
-0.54896 0.415064
-0.54312 0.415064
-0.53728 0.415064
-0.53144 0.415064
-0.5256 0.415064
-0.51976 0.415064
-0.51392 0.415064
-0.50808 0.415064
-0.50224 0.415064
-0.4964 0.415064
-0.49056 0.415064
-0.48472 0.415064
-0.47888 0.415064
-0.47304 0.415064
-0.4672 0.415064
-0.46136 0.415064
-0.45552 0.415064
-0.44968 0.415064
-0.44384 0.415064
-0.438 0.415064
-0.43216 0.415064
-0.42632 0.415064
-0.42048 0.415064
-0.41464 0.415064
-0.4088 0.415064
-0.40296 0.415064
-0.39712 0.415064
-0.39128 0.415064
-0.38544 0.415064
-0.3796 0.415064
-0.37376 0.415064
-0.36792 0.415064
-0.36208 0.415064
-0.35624 0.415064
-0.3504 0.415064
-0.34456 0.415064
-0.33872 0.415064
-0.33288 0.415064
-0.32704 0.415064
-0.3212 0.415064
-0.31536 0.415064
-0.30952 0.415064
-0.30368 0.415064
-0.29784 0.415064
-0.292 0.415064
-0.28616 0.415064
-0.28032 0.415064
-0.27448 0.415064
-0.26864 0.415064
-0.2628 0.415064
-0.25696 0.415064
-0.25112 0.415064
-0.24528 0.415064
-0.23944 0.415064
-0.2336 0.415064
-0.22776 0.415064
-0.22192 0.415064
-0.21608 0.415064
-0.21024 0.415064
-0.2044 0.415064
-0.19856 0.415064
-0.19272 0.415064
-0.18688 0.415064
-0.18104 0.415064
-0.1752 0.415064
-0.16936 0.415064
-0.16352 0.415064
-0.15768 0.415064
-0.15184 0.415064
-0.146 0.415064
-0.14016 0.415064
-0.13432 0.415064
-0.12848 0.415064
-0.12264 0.415064
-0.1168 0.415064
-0.11096 0.415064
-0.10512 0.415064
-0.09928 0.415064
-0.09344 0.415064
-0.0876 0.415064
-0.08176 0.415064
-0.07592 0.415064
-0.07008 0.415064
-0.06424 0.415064
-0.0584 0.415064
-0.05256 0.415064
-0.04672 0.415064
-0.04088 0.415064
-0.03504 0.415064
-0.0292 0.415064
-0.02336 0.415064
-0.01752 0.415064
-0.01168 0.415064
-0.00584 0.415064
