-2.92 0.468198
-2.91416 0.468198
-2.90832 0.468198
-2.90248 0.468198
-2.89664 0.468198
-2.8908 0.468198
-2.88496 0.468198
-2.87912 0.468198
-2.87328 0.468198
-2.86744 0.468198
-2.8616 0.468198
-2.85576 0.468198
-2.84992 0.468198
-2.84408 0.468198
-2.83824 0.468198
-2.8324 0.468198
-2.82656 0.468198
-2.82072 0.468198
-2.81488 0.468198
-2.80904 0.468198
-2.8032 0.468198
-2.79736 0.468198
-2.79152 0.468198
-2.78568 0.468198
-2.77984 0.468198
-2.774 0.468198
-2.76816 0.468198
-2.76232 0.468198
-2.75648 0.468198
-2.75064 0.468198
-2.7448 0.468198
-2.73896 0.468198
-2.73312 0.468198
-2.72728 0.468198
-2.72144 0.468198
-2.7156 0.468198
-2.70976 0.468198
-2.70392 0.468198
-2.69808 0.468198
-2.69224 0.468198
-2.6864 0.468198
-2.68056 0.468198
-2.67472 0.468198
-2.66888 0.468198
-2.66304 0.468198
-2.6572 0.468198
-2.65136 0.468198
-2.64552 0.468198
-2.63968 0.468198
-2.63384 0.468198
-2.628 0.468198
-2.62216 0.468198
-2.61632 0.468198
-2.61048 0.468198
-2.60464 0.468198
-2.5988 0.468198
-2.59296 0.467843
-2.58712 0.467224
-2.58128 0.466514
-2.57544 0.46576
-2.5696 0.464826
-2.56376 0.463761
-2.55792 0.46256
-2.55208 0.461405
-2.54624 0.46016
-2.5404 0.458694
-2.53456 0.457226
-2.52872 0.455671
-2.52288 0.45416
-2.51704 0.452515
-2.5112 0.450781
-2.50536 0.448962
-2.49952 0.447261
-2.49368 0.445729
-2.48784 0.444151
-2.482 0.442453
-2.47616 0.441071
-2.47032 0.4396
-2.46448 0.438002
-2.45864 0.436569
-2.4528 0.435418
-2.44696 0.434926
-2.44112 0.433485
-2.43528 0.432208
-2.42944 0.432131
-2.4236 0.430894
-2.41776 0.42994
-2.41192 0.429497
-2.40608 0.429372
-2.40024 0.429421
-2.3944 0.428295
-2.38856 0.428001
-2.38272 0.426632
-2.37688 0.426616
-2.37104 0.425322
-2.3652 0.425811
-2.35936 0.424102
-2.35352 0.423141
-2.34768 0.422343
-2.34184 0.424033
-2.336 0.423641
-2.33016 0.42301
-2.32432 0.422116
-2.31848 0.421188
-2.31264 0.421715
-2.3068 0.422253
-2.30096 0.421819
-2.29512 0.421667
-2.28928 0.418032
-2.28344 0.419311
-2.2776 0.420131
-2.27176 0.417883
-2.26592 0.417832
-2.26008 0.417589
-2.25424 0.415159
-2.2484 0.415485
-2.24256 0.413173
-2.23672 0.412825
-2.23088 0.413078
-2.22504 0.409182
-2.2192 0.413373
-2.21336 0.408578
-2.20752 0.408375
-2.20168 0.407062
-2.19584 0.406256
-2.19 0.405224
-2.18416 0.403381
-2.17832 0.401273
-2.17248 0.399534
-2.16664 0.395273
-2.1608 0.399355
-2.15496 0.393034
-2.14912 0.393949
-2.14328 0.393923
-2.13744 0.388319
-2.1316 0.391799
-2.12576 0.386482
-2.11992 0.388026
-2.11408 0.387481
-2.10824 0.381364
-2.1024 0.379181
-2.09656 0.379397
-2.09072 0.378534
-2.08488 0.376556
-2.07904 0.374097
-2.0732 0.373164
-2.06736 0.373509
-2.06152 0.366984
-2.05568 0.366563
-2.04984 0.363848
-2.044 0.365159
-2.03816 0.363255
-2.03232 0.360142
-2.02648 0.357807
-2.02064 0.355158
-2.0148 0.35412
-2.00896 0.353867
-2.00312 0.354199
-1.99728 0.347136
-1.99144 0.348942
-1.9856 0.345054
-1.97976 0.345255
-1.97392 0.345582
-1.96808 0.342962
-1.96224 0.342153
-1.9564 0.3394
-1.95056 0.336441
-1.94472 0.334805
-1.93888 0.327029
-1.93304 0.328257
-1.9272 0.323762
-1.92136 0.319636
-1.91552 0.320543
-1.90968 0.315599
-1.90384 0.316437
-1.898 0.309604
-1.89216 0.304774
-1.88632 0.302992
-1.88048 0.29952
-1.87464 0.296563
-1.8688 0.290723
-1.86296 0.291492
-1.85712 0.284143
-1.85128 0.277848
-1.84544 0.276625
-1.8396 0.278672
-1.83376 0.271574
-1.82792 0.270012
-1.82208 0.263772
-1.81624 0.26102
-1.8104 0.260287
-1.80456 0.257727
-1.79872 0.251654
-1.79288 0.2466
-1.78704 0.241605
-1.7812 0.238614
-1.77536 0.238965
-1.76952 0.235084
-1.76368 0.229961
-1.75784 0.224968
-1.752 0.222665
-1.74616 0.215827
-1.74032 0.213337
-1.73448 0.212709
-1.72864 0.210168
-1.7228 0.202022
-1.71696 0.201759
-1.71112 0.198206
-1.70528 0.195495
-1.69944 0.188035
-1.6936 0.189521
-1.68776 0.1855
-1.68192 0.181609
-1.67608 0.17979
-1.67024 0.174092
-1.6644 0.175616
-1.65856 0.169948
-1.65272 0.172689
-1.64688 0.169731
-1.64104 0.167053
-1.6352 0.170064
-1.62936 0.166087
-1.62352 0.167894
-1.61768 0.169548
-1.61184 0.165608
-1.606 0.16528
-1.60016 0.166433
-1.59432 0.168242
-1.58848 0.166044
-1.58264 0.16576
-1.5768 0.159909
-1.57096 0.164225
-1.56512 0.162672
-1.55928 0.162135
-1.55344 0.1625
-1.5476 0.165389
-1.54176 0.161458
-1.53592 0.163449
-1.53008 0.16335
-1.52424 0.165743
-1.5184 0.161916
-1.51256 0.160413
-1.50672 0.163266
-1.50088 0.156256
-1.49504 0.157951
-1.4892 0.16418
-1.48336 0.161898
-1.47752 0.162304
-1.47168 0.163479
-1.46584 0.161802
-1.46 0.162759
-1.45416 0.164507
-1.44832 0.167236
-1.44248 0.167795
-1.43664 0.165668
-1.4308 0.168566
-1.42496 0.166544
-1.41912 0.169412
-1.41328 0.167044
-1.40744 0.167907
-1.4016 0.170094
-1.39576 0.168882
-1.38992 0.168825
-1.38408 0.169954
-1.37824 0.172778
-1.3724 0.170527
-1.36656 0.168984
-1.36072 0.171263
-1.35488 0.16801
-1.34904 0.166585
-1.3432 0.167279
-1.33736 0.169134
-1.33152 0.171029
-1.32568 0.170157
-1.31984 0.171414
-1.314 0.170287
-1.30816 0.172927
-1.30232 0.171411
-1.29648 0.172306
-1.29064 0.174286
-1.2848 0.173818
-1.27896 0.177076
-1.27312 0.180339
-1.26728 0.18466
-1.26144 0.186446
-1.2556 0.190702
-1.24976 0.193852
-1.24392 0.199152
-1.23808 0.20079
-1.23224 0.20512
-1.2264 0.206051
-1.22056 0.206838
-1.21472 0.212452
-1.20888 0.213681
-1.20304 0.21473
-1.1972 0.217723
-1.19136 0.220596
-1.18552 0.223936
-1.17968 0.227471
-1.17384 0.226385
-1.168 0.230176
-1.16216 0.231888
-1.15632 0.23863
-1.15048 0.236784
-1.14464 0.237214
-1.1388 0.237682
-1.13296 0.241248
-1.12712 0.243485
-1.12128 0.245518
-1.11544 0.247812
-1.1096 0.253742
-1.10376 0.252366
-1.09792 0.254464
-1.09208 0.260979
-1.08624 0.263798
-1.0804 0.26203
-1.07456 0.259997
-1.06872 0.26665
-1.06288 0.265945
-1.05704 0.265863
-1.0512 0.273726
-1.04536 0.275607
-1.03952 0.27752
-1.03368 0.28145
-1.02784 0.282882
-1.022 0.285575
-1.01616 0.289161
-1.01032 0.290551
-1.00448 0.291865
-0.99864 0.294661
-0.9928 0.295966
-0.98696 0.296809
-0.98112 0.301477
-0.97528 0.300553
-0.96944 0.303758
-0.9636 0.303748
-0.95776 0.305742
-0.95192 0.307672
-0.94608 0.309543
-0.94024 0.312235
-0.9344 0.313406
-0.92856 0.311877
-0.92272 0.315623
-0.91688 0.313086
-0.91104 0.31481
-0.9052 0.317675
-0.89936 0.318004
-0.89352 0.321473
-0.88768 0.32201
-0.88184 0.324457
-0.876 0.324686
-0.87016 0.328519
-0.86432 0.326007
-0.85848 0.327813
-0.85264 0.328689
-0.8468 0.330656
-0.84096 0.331942
-0.83512 0.333416
-0.82928 0.33452
-0.82344 0.338088
-0.8176 0.339389
-0.81176 0.341341
-0.80592 0.34396
-0.80008 0.345029
-0.79424 0.347089
-0.7884 0.348254
-0.78256 0.350383
-0.77672 0.35079
-0.77088 0.352504
-0.76504 0.353249
-0.7592 0.35382
-0.75336 0.355354
-0.74752 0.354628
-0.74168 0.354771
-0.73584 0.354412
-0.73 0.353426
-0.72416 0.353779
-0.71832 0.353918
-0.71248 0.355228
-0.70664 0.353684
-0.7008 0.351715
-0.69496 0.350915
-0.68912 0.351813
-0.68328 0.351274
-0.67744 0.350976
-0.6716 0.351778
-0.66576 0.350931
-0.65992 0.35214
-0.65408 0.352246
-0.64824 0.353286
-0.6424 0.351102
-0.63656 0.352181
-0.63072 0.353091
-0.62488 0.354085
-0.61904 0.355033
-0.6132 0.356733
-0.60736 0.357086
-0.60152 0.35685
-0.59568 0.35685
-0.58984 0.35685
-0.584 0.35685
-0.57816 0.35685
-0.57232 0.35685
-0.56648 0.35685
-0.56064 0.35685
-0.5548 0.35685
-0.54896 0.35685
-0.54312 0.35685
-0.53728 0.35685
-0.53144 0.35685
-0.5256 0.35685
-0.51976 0.35685
-0.51392 0.35685
-0.50808 0.35685
-0.50224 0.35685
-0.4964 0.35685
-0.49056 0.35685
-0.48472 0.35685
-0.47888 0.35685
-0.47304 0.35685
-0.4672 0.35685
-0.46136 0.35685
-0.45552 0.35685
-0.44968 0.35685
-0.44384 0.35685
-0.438 0.35685
-0.43216 0.35685
-0.42632 0.35685
-0.42048 0.35685
-0.41464 0.35685
-0.4088 0.35685
-0.40296 0.35685
-0.39712 0.35685
-0.39128 0.35685
-0.38544 0.35685
-0.3796 0.35685
-0.37376 0.35685
-0.36792 0.35685
-0.36208 0.35685
-0.35624 0.35685
-0.3504 0.35685
-0.34456 0.35685
-0.33872 0.35685
-0.33288 0.35685
-0.32704 0.35685
-0.3212 0.35685
-0.31536 0.35685
-0.30952 0.35685
-0.30368 0.35685
-0.29784 0.35685
-0.292 0.35685
-0.28616 0.35685
-0.28032 0.35685
-0.27448 0.35685
-0.26864 0.35685
-0.2628 0.35685
-0.25696 0.35685
-0.25112 0.35685
-0.24528 0.35685
-0.23944 0.35685
-0.2336 0.35685
-0.22776 0.35685
-0.22192 0.35685
-0.21608 0.35685
-0.21024 0.35685
-0.2044 0.35685
-0.19856 0.35685
-0.19272 0.35685
-0.18688 0.35685
-0.18104 0.35685
-0.1752 0.35685
-0.16936 0.35685
-0.16352 0.35685
-0.15768 0.35685
-0.15184 0.35685
-0.146 0.35685
-0.14016 0.35685
-0.13432 0.35685
-0.12848 0.35685
-0.12264 0.35685
-0.1168 0.35685
-0.11096 0.35685
-0.10512 0.35685
-0.09928 0.35685
-0.09344 0.35685
-0.0876 0.35685
-0.08176 0.35685
-0.07592 0.35685
-0.07008 0.35685
-0.06424 0.35685
-0.0584 0.35685
-0.05256 0.35685
-0.04672 0.35685
-0.04088 0.35685
-0.03504 0.35685
-0.0292 0.35685
-0.02336 0.35685
-0.01752 0.35685
-0.01168 0.35685
-0.00584 0.35685
