-2.92 0.507166
-2.91416 0.507166
-2.90832 0.507166
-2.90248 0.507166
-2.89664 0.507166
-2.8908 0.507166
-2.88496 0.507166
-2.87912 0.507166
-2.87328 0.507166
-2.86744 0.507166
-2.8616 0.507166
-2.85576 0.507166
-2.84992 0.507166
-2.84408 0.507166
-2.83824 0.507166
-2.8324 0.507166
-2.82656 0.507166
-2.82072 0.507166
-2.81488 0.507166
-2.80904 0.507166
-2.8032 0.507166
-2.79736 0.507166
-2.79152 0.507166
-2.78568 0.507166
-2.77984 0.507166
-2.774 0.507166
-2.76816 0.507166
-2.76232 0.507166
-2.75648 0.507166
-2.75064 0.507166
-2.7448 0.507166
-2.73896 0.507166
-2.73312 0.507166
-2.72728 0.507166
-2.72144 0.507166
-2.7156 0.507166
-2.70976 0.507166
-2.70392 0.507166
-2.69808 0.507166
-2.69224 0.507166
-2.6864 0.507166
-2.68056 0.507166
-2.67472 0.507166
-2.66888 0.507166
-2.66304 0.507166
-2.6572 0.507166
-2.65136 0.507166
-2.64552 0.507166
-2.63968 0.507166
-2.63384 0.507166
-2.628 0.507166
-2.62216 0.507166
-2.61632 0.507166
-2.61048 0.507166
-2.60464 0.507166
-2.5988 0.507166
-2.59296 0.506591
-2.58712 0.505706
-2.58128 0.504733
-2.57544 0.503672
-2.5696 0.502342
-2.56376 0.500924
-2.55792 0.49933
-2.55208 0.497737
-2.54624 0.4961
-2.5404 0.494329
-2.53456 0.492472
-2.52872 0.490438
-2.52288 0.488405
-2.51704 0.486328
-2.5112 0.484245
-2.50536 0.482122
-2.49952 0.479904
-2.49368 0.478025
-2.48784 0.475806
-2.482 0.473963
-2.47616 0.471814
-2.47032 0.469293
-2.46448 0.467134
-2.45864 0.465675
-2.4528 0.463063
-2.44696 0.460778
-2.44112 0.458245
-2.43528 0.456077
-2.42944 0.453383
-2.4236 0.451628
-2.41776 0.448975
-2.41192 0.448051
-2.40608 0.446534
-2.40024 0.444495
-2.3944 0.442734
-2.38856 0.441434
-2.38272 0.439994
-2.37688 0.438908
-2.37104 0.436809
-2.3652 0.435716
-2.35936 0.434115
-2.35352 0.433224
-2.34768 0.430518
-2.34184 0.431156
-2.336 0.430182
-2.33016 0.429499
-2.32432 0.427085
-2.31848 0.427529
-2.31264 0.424032
-2.3068 0.42509
-2.30096 0.423207
-2.29512 0.42448
-2.28928 0.421359
-2.28344 0.420133
-2.2776 0.417721
-2.27176 0.418418
-2.26592 0.417078
-2.26008 0.417819
-2.25424 0.41622
-2.2484 0.413463
-2.24256 0.413371
-2.23672 0.412193
-2.23088 0.410967
-2.22504 0.409116
-2.2192 0.407891
-2.21336 0.407275
-2.20752 0.405638
-2.20168 0.408447
-2.19584 0.406551
-2.19 0.403104
-2.18416 0.404308
-2.17832 0.402492
-2.17248 0.400903
-2.16664 0.400716
-2.1608 0.39904
-2.15496 0.399279
-2.14912 0.395915
-2.14328 0.396816
-2.13744 0.396648
-2.1316 0.396234
-2.12576 0.390852
-2.11992 0.391405
-2.11408 0.387091
-2.10824 0.386708
-2.1024 0.38729
-2.09656 0.38698
-2.09072 0.384382
-2.08488 0.383636
-2.07904 0.379946
-2.0732 0.377111
-2.06736 0.376635
-2.06152 0.374622
-2.05568 0.374977
-2.04984 0.372979
-2.044 0.37333
-2.03816 0.370811
-2.03232 0.365688
-2.02648 0.365986
-2.02064 0.367292
-2.0148 0.361902
-2.00896 0.360546
-2.00312 0.358025
-1.99728 0.358781
-1.99144 0.356498
-1.9856 0.354766
-1.97976 0.353825
-1.97392 0.352204
-1.96808 0.350101
-1.96224 0.346704
-1.9564 0.347238
-1.95056 0.342014
-1.94472 0.336573
-1.93888 0.337175
-1.93304 0.332618
-1.9272 0.333297
-1.92136 0.327666
-1.91552 0.321504
-1.90968 0.321448
-1.90384 0.321211
-1.898 0.313025
-1.89216 0.309796
-1.88632 0.307917
-1.88048 0.303504
-1.87464 0.298755
-1.8688 0.296986
-1.86296 0.293003
-1.85712 0.287583
-1.85128 0.286186
-1.84544 0.279367
-1.8396 0.275091
-1.83376 0.273255
-1.82792 0.269175
-1.82208 0.266079
-1.81624 0.263601
-1.8104 0.260579
-1.80456 0.255491
-1.79872 0.249904
-1.79288 0.2458
-1.78704 0.240366
-1.7812 0.237587
-1.77536 0.231084
-1.76952 0.227365
-1.76368 0.2238
-1.75784 0.218774
-1.752 0.21507
-1.74616 0.209685
-1.74032 0.209311
-1.73448 0.202422
-1.72864 0.202972
-1.7228 0.19522
-1.71696 0.19273
-1.71112 0.183959
-1.70528 0.184066
-1.69944 0.180026
-1.6936 0.177433
-1.68776 0.174197
-1.68192 0.168312
-1.67608 0.161037
-1.67024 0.157854
-1.6644 0.15946
-1.65856 0.154804
-1.65272 0.155637
-1.64688 0.151584
-1.64104 0.150652
-1.6352 0.148573
-1.62936 0.146935
-1.62352 0.146853
-1.61768 0.145236
-1.61184 0.142316
-1.606 0.144753
-1.60016 0.14228
-1.59432 0.144569
-1.58848 0.143112
-1.58264 0.142682
-1.5768 0.140859
-1.57096 0.142627
-1.56512 0.142509
-1.55928 0.141125
-1.55344 0.142947
-1.5476 0.14167
-1.54176 0.143255
-1.53592 0.141259
-1.53008 0.14415
-1.52424 0.14266
-1.5184 0.142926
-1.51256 0.139576
-1.50672 0.140409
-1.50088 0.138294
-1.49504 0.140988
-1.4892 0.146976
-1.48336 0.143791
-1.47752 0.147109
-1.47168 0.144473
-1.46584 0.149527
-1.46 0.150953
-1.45416 0.153781
-1.44832 0.154143
-1.44248 0.152166
-1.43664 0.153207
-1.4308 0.152507
-1.42496 0.155771
-1.41912 0.15563
-1.41328 0.154503
-1.40744 0.159098
-1.4016 0.159461
-1.39576 0.156306
-1.38992 0.15838
-1.38408 0.159004
-1.37824 0.162028
-1.3724 0.160182
-1.36656 0.160155
-1.36072 0.160292
-1.35488 0.159305
-1.34904 0.160028
-1.3432 0.157896
-1.33736 0.160957
-1.33152 0.161539
-1.32568 0.162853
-1.31984 0.162392
-1.314 0.161276
-1.30816 0.164319
-1.30232 0.163891
-1.29648 0.164968
-1.29064 0.165234
-1.2848 0.166186
-1.27896 0.16878
-1.27312 0.171468
-1.26728 0.177783
-1.26144 0.182205
-1.2556 0.184138
-1.24976 0.187058
-1.24392 0.191215
-1.23808 0.196514
-1.23224 0.198732
-1.2264 0.200899
-1.22056 0.203288
-1.21472 0.205653
-1.20888 0.209206
-1.20304 0.213655
-1.1972 0.215956
-1.19136 0.218259
-1.18552 0.221081
-1.17968 0.223518
-1.17384 0.226079
-1.168 0.229593
-1.16216 0.232043
-1.15632 0.236923
-1.15048 0.240051
-1.14464 0.239321
-1.1388 0.239972
-1.13296 0.241272
-1.12712 0.244916
-1.12128 0.247014
-1.11544 0.250708
-1.1096 0.253083
-1.10376 0.255684
-1.09792 0.258233
-1.09208 0.261512
-1.08624 0.263925
-1.0804 0.264344
-1.07456 0.264089
-1.06872 0.267639
-1.06288 0.269851
-1.05704 0.274173
-1.0512 0.278836
-1.04536 0.282275
-1.03952 0.288734
-1.03368 0.286419
-1.02784 0.292536
-1.022 0.295803
-1.01616 0.301242
-1.01032 0.30406
-1.00448 0.305294
-0.99864 0.306142
-0.9928 0.307719
-0.98696 0.312529
-0.98112 0.314329
-0.97528 0.318086
-0.96944 0.321659
-0.9636 0.323241
-0.95776 0.324142
-0.95192 0.327585
-0.94608 0.329671
-0.94024 0.333361
-0.9344 0.334148
-0.92856 0.336521
-0.92272 0.337854
-0.91688 0.33961
-0.91104 0.341944
-0.9052 0.341092
-0.89936 0.346275
-0.89352 0.346426
-0.88768 0.351042
-0.88184 0.351357
-0.876 0.352351
-0.87016 0.357658
-0.86432 0.357071
-0.85848 0.360187
-0.85264 0.361343
-0.8468 0.363758
-0.84096 0.36592
-0.83512 0.366641
-0.82928 0.373
-0.82344 0.376155
-0.8176 0.37684
-0.81176 0.379411
-0.80592 0.38249
-0.80008 0.385699
-0.79424 0.387515
-0.7884 0.389493
-0.78256 0.390177
-0.77672 0.392065
-0.77088 0.394634
-0.76504 0.395228
-0.7592 0.396703
-0.75336 0.398678
-0.74752 0.397789
-0.74168 0.39729
-0.73584 0.397922
-0.73 0.397704
-0.72416 0.399253
-0.71832 0.398578
-0.71248 0.400878
-0.70664 0.399403
-0.7008 0.397679
-0.69496 0.39792
-0.68912 0.399001
-0.68328 0.397761
-0.67744 0.398029
-0.6716 0.399736
-0.66576 0.399289
-0.65992 0.400142
-0.65408 0.400581
-0.64824 0.401896
-0.6424 0.400107
-0.63656 0.401414
-0.63072 0.402591
-0.62488 0.40372
-0.61904 0.404721
-0.6132 0.406299
-0.60736 0.406781
-0.60152 0.40659
-0.59568 0.40659
-0.58984 0.40659
-0.584 0.40659
-0.57816 0.40659
-0.57232 0.40659
-0.56648 0.40659
-0.56064 0.40659
-0.5548 0.40659
-0.54896 0.40659
-0.54312 0.40659
-0.53728 0.40659
-0.53144 0.40659
-0.5256 0.40659
-0.51976 0.40659
-0.51392 0.40659
-0.50808 0.40659
-0.50224 0.40659
-0.4964 0.40659
-0.49056 0.40659
-0.48472 0.40659
-0.47888 0.40659
-0.47304 0.40659
-0.4672 0.40659
-0.46136 0.40659
-0.45552 0.40659
-0.44968 0.40659
-0.44384 0.40659
-0.438 0.40659
-0.43216 0.40659
-0.42632 0.40659
-0.42048 0.40659
-0.41464 0.40659
-0.4088 0.40659
-0.40296 0.40659
-0.39712 0.40659
-0.39128 0.40659
-0.38544 0.40659
-0.3796 0.40659
-0.37376 0.40659
-0.36792 0.40659
-0.36208 0.40659
-0.35624 0.40659
-0.3504 0.40659
-0.34456 0.40659
-0.33872 0.40659
-0.33288 0.40659
-0.32704 0.40659
-0.3212 0.40659
-0.31536 0.40659
-0.30952 0.40659
-0.30368 0.40659
-0.29784 0.40659
-0.292 0.40659
-0.28616 0.40659
-0.28032 0.40659
-0.27448 0.40659
-0.26864 0.40659
-0.2628 0.40659
-0.25696 0.40659
-0.25112 0.40659
-0.24528 0.40659
-0.23944 0.40659
-0.2336 0.40659
-0.22776 0.40659
-0.22192 0.40659
-0.21608 0.40659
-0.21024 0.40659
-0.2044 0.40659
-0.19856 0.40659
-0.19272 0.40659
-0.18688 0.40659
-0.18104 0.40659
-0.1752 0.40659
-0.16936 0.40659
-0.16352 0.40659
-0.15768 0.40659
-0.15184 0.40659
-0.146 0.40659
-0.14016 0.40659
-0.13432 0.40659
-0.12848 0.40659
-0.12264 0.40659
-0.1168 0.40659
-0.11096 0.40659
-0.10512 0.40659
-0.09928 0.40659
-0.09344 0.40659
-0.0876 0.40659
-0.08176 0.40659
-0.07592 0.40659
-0.07008 0.40659
-0.06424 0.40659
-0.0584 0.40659
-0.05256 0.40659
-0.04672 0.40659
-0.04088 0.40659
-0.03504 0.40659
-0.0292 0.40659
-0.02336 0.40659
-0.01752 0.40659
-0.01168 0.40659
-0.00584 0.40659
