-2.92 0.390945
-2.91416 0.390945
-2.90832 0.390945
-2.90248 0.390945
-2.89664 0.390945
-2.8908 0.390945
-2.88496 0.390945
-2.87912 0.390945
-2.87328 0.390945
-2.86744 0.390945
-2.8616 0.390945
-2.85576 0.390945
-2.84992 0.390945
-2.84408 0.390945
-2.83824 0.390945
-2.8324 0.390945
-2.82656 0.390945
-2.82072 0.390945
-2.81488 0.390945
-2.80904 0.390945
-2.8032 0.390945
-2.79736 0.390945
-2.79152 0.390945
-2.78568 0.390945
-2.77984 0.390945
-2.774 0.390945
-2.76816 0.390945
-2.76232 0.390945
-2.75648 0.390945
-2.75064 0.390945
-2.7448 0.390945
-2.73896 0.390945
-2.73312 0.390945
-2.72728 0.390945
-2.72144 0.390945
-2.7156 0.390945
-2.70976 0.390945
-2.70392 0.390945
-2.69808 0.390945
-2.69224 0.390945
-2.6864 0.390945
-2.68056 0.390945
-2.67472 0.390945
-2.66888 0.390945
-2.66304 0.390945
-2.6572 0.390945
-2.65136 0.390945
-2.64552 0.390945
-2.63968 0.390945
-2.63384 0.390945
-2.628 0.390945
-2.62216 0.390945
-2.61632 0.390945
-2.61048 0.390945
-2.60464 0.390945
-2.5988 0.390945
-2.59296 0.390417
-2.58712 0.389799
-2.58128 0.389094
-2.57544 0.388257
-2.5696 0.387375
-2.56376 0.386357
-2.55792 0.385165
-2.55208 0.384018
-2.54624 0.382782
-2.5404 0.38137
-2.53456 0.379825
-2.52872 0.378236
-2.52288 0.376648
-2.51704 0.375012
-2.5112 0.373334
-2.50536 0.371698
-2.49952 0.369886
-2.49368 0.368365
-2.48784 0.366971
-2.482 0.365502
-2.47616 0.363891
-2.47032 0.361901
-2.46448 0.360159
-2.45864 0.35899
-2.4528 0.356501
-2.44696 0.354795
-2.44112 0.354198
-2.43528 0.352367
-2.42944 0.350457
-2.4236 0.348294
-2.41776 0.347079
-2.41192 0.346039
-2.40608 0.343914
-2.40024 0.342279
-2.3944 0.341272
-2.38856 0.340881
-2.38272 0.338926
-2.37688 0.339201
-2.37104 0.337201
-2.3652 0.334908
-2.35936 0.334438
-2.35352 0.33454
-2.34768 0.333422
-2.34184 0.332989
-2.336 0.333237
-2.33016 0.331907
-2.32432 0.331808
-2.31848 0.331374
-2.31264 0.331363
-2.3068 0.331534
-2.30096 0.330823
-2.29512 0.329984
-2.28928 0.330936
-2.28344 0.330061
-2.2776 0.328967
-2.27176 0.328512
-2.26592 0.329119
-2.26008 0.328215
-2.25424 0.329249
-2.2484 0.3285
-2.24256 0.3287
-2.23672 0.329818
-2.23088 0.326252
-2.22504 0.328116
-2.2192 0.325601
-2.21336 0.328553
-2.20752 0.326272
-2.20168 0.326623
-2.19584 0.325654
-2.19 0.324504
-2.18416 0.325252
-2.17832 0.324887
-2.17248 0.325847
-2.16664 0.324995
-2.1608 0.325672
-2.15496 0.324858
-2.14912 0.326444
-2.14328 0.324661
-2.13744 0.323289
-2.1316 0.323531
-2.12576 0.324818
-2.11992 0.32399
-2.11408 0.322962
-2.10824 0.323378
-2.1024 0.32071
-2.09656 0.322425
-2.09072 0.323128
-2.08488 0.323091
-2.07904 0.320488
-2.0732 0.320638
-2.06736 0.321464
-2.06152 0.317657
-2.05568 0.320006
-2.04984 0.319299
-2.044 0.319092
-2.03816 0.321184
-2.03232 0.318569
-2.02648 0.31619
-2.02064 0.318599
-2.0148 0.317785
-2.00896 0.31593
-2.00312 0.31534
-1.99728 0.31571
-1.99144 0.313108
-1.9856 0.313521
-1.97976 0.311252
-1.97392 0.310551
-1.96808 0.314941
-1.96224 0.30742
-1.9564 0.30917
-1.95056 0.3053
-1.94472 0.3091
-1.93888 0.300943
-1.93304 0.300554
-1.9272 0.29572
-1.92136 0.297961
-1.91552 0.292802
-1.90968 0.289376
-1.90384 0.286564
-1.898 0.286521
-1.89216 0.285562
-1.88632 0.281153
-1.88048 0.278267
-1.87464 0.276084
-1.8688 0.271085
-1.86296 0.270795
-1.85712 0.269823
-1.85128 0.264241
-1.84544 0.260457
-1.8396 0.25729
-1.83376 0.255037
-1.82792 0.249847
-1.82208 0.247459
-1.81624 0.246891
-1.8104 0.242253
-1.80456 0.237909
-1.79872 0.238886
-1.79288 0.237468
-1.78704 0.228537
-1.7812 0.227559
-1.77536 0.222499
-1.76952 0.222283
-1.76368 0.217229
-1.75784 0.215888
-1.752 0.208017
-1.74616 0.203758
-1.74032 0.202739
-1.73448 0.198911
-1.72864 0.196143
-1.7228 0.196333
-1.71696 0.189121
-1.71112 0.187897
-1.70528 0.180901
-1.69944 0.179337
-1.6936 0.177376
-1.68776 0.172138
-1.68192 0.169545
-1.67608 0.165197
-1.67024 0.166051
-1.6644 0.161381
-1.65856 0.159109
-1.65272 0.160841
-1.64688 0.156747
-1.64104 0.155475
-1.6352 0.153066
-1.62936 0.153176
-1.62352 0.154108
-1.61768 0.15405
-1.61184 0.151173
-1.606 0.151113
-1.60016 0.150189
-1.59432 0.148605
-1.58848 0.151377
-1.58264 0.150715
-1.5768 0.150475
-1.57096 0.152136
-1.56512 0.148978
-1.55928 0.149937
-1.55344 0.149891
-1.5476 0.147314
-1.54176 0.147044
-1.53592 0.146937
-1.53008 0.150041
-1.52424 0.150456
-1.5184 0.144172
-1.51256 0.147555
-1.50672 0.143676
-1.50088 0.147694
-1.49504 0.143766
-1.4892 0.145534
-1.48336 0.14836
-1.47752 0.147944
-1.47168 0.145299
-1.46584 0.149229
-1.46 0.150922
-1.45416 0.150804
-1.44832 0.150861
-1.44248 0.150655
-1.43664 0.151311
-1.4308 0.151592
-1.42496 0.151514
-1.41912 0.151154
-1.41328 0.15078
-1.40744 0.150394
-1.4016 0.154315
-1.39576 0.152413
-1.38992 0.150591
-1.38408 0.152177
-1.37824 0.152365
-1.3724 0.149169
-1.36656 0.150084
-1.36072 0.151045
-1.35488 0.147939
-1.34904 0.145182
-1.3432 0.150454
-1.33736 0.148433
-1.33152 0.14787
-1.32568 0.147093
-1.31984 0.147688
-1.314 0.145954
-1.30816 0.148759
-1.30232 0.146625
-1.29648 0.14821
-1.29064 0.146645
-1.2848 0.147171
-1.27896 0.146726
-1.27312 0.153595
-1.26728 0.157634
-1.26144 0.160112
-1.2556 0.161278
-1.24976 0.165068
-1.24392 0.169972
-1.23808 0.173679
-1.23224 0.176818
-1.2264 0.178
-1.22056 0.177899
-1.21472 0.181647
-1.20888 0.186862
-1.20304 0.186683
-1.1972 0.188126
-1.19136 0.189881
-1.18552 0.19254
-1.17968 0.19589
-1.17384 0.200737
-1.168 0.200771
-1.16216 0.203092
-1.15632 0.20426
-1.15048 0.206806
-1.14464 0.207546
-1.1388 0.209167
-1.13296 0.212005
-1.12712 0.212691
-1.12128 0.215577
-1.11544 0.218331
-1.1096 0.218318
-1.10376 0.221738
-1.09792 0.223144
-1.09208 0.227529
-1.08624 0.231013
-1.0804 0.226904
-1.07456 0.229616
-1.06872 0.231769
-1.06288 0.236117
-1.05704 0.234889
-1.0512 0.242046
-1.04536 0.244164
-1.03952 0.247516
-1.03368 0.248675
-1.02784 0.252167
-1.022 0.256196
-1.01616 0.259838
-1.01032 0.258683
-1.00448 0.264003
-0.99864 0.264134
-0.9928 0.267578
-0.98696 0.2699
-0.98112 0.270982
-0.97528 0.27221
-0.96944 0.273623
-0.9636 0.277521
-0.95776 0.279719
-0.95192 0.280249
-0.94608 0.283708
-0.94024 0.284853
-0.9344 0.285227
-0.92856 0.289237
-0.92272 0.288872
-0.91688 0.288442
-0.91104 0.289053
-0.9052 0.292384
-0.89936 0.293871
-0.89352 0.294981
-0.88768 0.29646
-0.88184 0.299083
-0.876 0.29798
-0.87016 0.301801
-0.86432 0.301963
-0.85848 0.303034
-0.85264 0.30481
-0.8468 0.306319
-0.84096 0.306709
-0.83512 0.309397
-0.82928 0.31358
-0.82344 0.31472
-0.8176 0.316203
-0.81176 0.317207
-0.80592 0.320909
-0.80008 0.322551
-0.79424 0.324434
-0.7884 0.326081
-0.78256 0.325314
-0.77672 0.328719
-0.77088 0.329459
-0.76504 0.33064
-0.7592 0.33007
-0.75336 0.331122
-0.74752 0.329508
-0.74168 0.331337
-0.73584 0.330193
-0.73 0.329001
-0.72416 0.330497
-0.71832 0.327662
-0.71248 0.329373
-0.70664 0.328429
-0.7008 0.327906
-0.69496 0.326669
-0.68912 0.326095
-0.68328 0.326485
-0.67744 0.325869
-0.6716 0.326171
-0.66576 0.325545
-0.65992 0.327103
-0.65408 0.327214
-0.64824 0.328047
-0.6424 0.32596
-0.63656 0.32705
-0.63072 0.328007
-0.62488 0.328876
-0.61904 0.329703
-0.6132 0.331486
-0.60736 0.331841
-0.60152 0.331398
-0.59568 0.331398
-0.58984 0.331398
-0.584 0.331398
-0.57816 0.331398
-0.57232 0.331398
-0.56648 0.331398
-0.56064 0.331398
-0.5548 0.331398
-0.54896 0.331398
-0.54312 0.331398
-0.53728 0.331398
-0.53144 0.331398
-0.5256 0.331398
-0.51976 0.331398
-0.51392 0.331398
-0.50808 0.331398
-0.50224 0.331398
-0.4964 0.331398
-0.49056 0.331398
-0.48472 0.331398
-0.47888 0.331398
-0.47304 0.331398
-0.4672 0.331398
-0.46136 0.331398
-0.45552 0.331398
-0.44968 0.331398
-0.44384 0.331398
-0.438 0.331398
-0.43216 0.331398
-0.42632 0.331398
-0.42048 0.331398
-0.41464 0.331398
-0.4088 0.331398
-0.40296 0.331398
-0.39712 0.331398
-0.39128 0.331398
-0.38544 0.331398
-0.3796 0.331398
-0.37376 0.331398
-0.36792 0.331398
-0.36208 0.331398
-0.35624 0.331398
-0.3504 0.331398
-0.34456 0.331398
-0.33872 0.331398
-0.33288 0.331398
-0.32704 0.331398
-0.3212 0.331398
-0.31536 0.331398
-0.30952 0.331398
-0.30368 0.331398
-0.29784 0.331398
-0.292 0.331398
-0.28616 0.331398
-0.28032 0.331398
-0.27448 0.331398
-0.26864 0.331398
-0.2628 0.331398
-0.25696 0.331398
-0.25112 0.331398
-0.24528 0.331398
-0.23944 0.331398
-0.2336 0.331398
-0.22776 0.331398
-0.22192 0.331398
-0.21608 0.331398
-0.21024 0.331398
-0.2044 0.331398
-0.19856 0.331398
-0.19272 0.331398
-0.18688 0.331398
-0.18104 0.331398
-0.1752 0.331398
-0.16936 0.331398
-0.16352 0.331398
-0.15768 0.331398
-0.15184 0.331398
-0.146 0.331398
-0.14016 0.331398
-0.13432 0.331398
-0.12848 0.331398
-0.12264 0.331398
-0.1168 0.331398
-0.11096 0.331398
-0.10512 0.331398
-0.09928 0.331398
-0.09344 0.331398
-0.0876 0.331398
-0.08176 0.331398
-0.07592 0.331398
-0.07008 0.331398
-0.06424 0.331398
-0.0584 0.331398
-0.05256 0.331398
-0.04672 0.331398
-0.04088 0.331398
-0.03504 0.331398
-0.0292 0.331398
-0.02336 0.331398
-0.01752 0.331398
-0.01168 0.331398
-0.00584 0.331398
