-2.92 0.427145
-2.91416 0.427145
-2.90832 0.427145
-2.90248 0.427145
-2.89664 0.427145
-2.8908 0.427145
-2.88496 0.427145
-2.87912 0.427145
-2.87328 0.427145
-2.86744 0.427145
-2.8616 0.427145
-2.85576 0.427145
-2.84992 0.427145
-2.84408 0.427145
-2.83824 0.427145
-2.8324 0.427145
-2.82656 0.427145
-2.82072 0.427145
-2.81488 0.427145
-2.80904 0.427145
-2.8032 0.427145
-2.79736 0.427145
-2.79152 0.427145
-2.78568 0.427145
-2.77984 0.427145
-2.774 0.427145
-2.76816 0.427145
-2.76232 0.427145
-2.75648 0.427145
-2.75064 0.427145
-2.7448 0.427145
-2.73896 0.427145
-2.73312 0.427145
-2.72728 0.427145
-2.72144 0.427145
-2.7156 0.427145
-2.70976 0.427145
-2.70392 0.427145
-2.69808 0.427145
-2.69224 0.427145
-2.6864 0.427145
-2.68056 0.427145
-2.67472 0.427145
-2.66888 0.427145
-2.66304 0.427145
-2.6572 0.427145
-2.65136 0.427145
-2.64552 0.427145
-2.63968 0.427145
-2.63384 0.427145
-2.628 0.427145
-2.62216 0.427145
-2.61632 0.427145
-2.61048 0.427145
-2.60464 0.427145
-2.5988 0.427145
-2.59296 0.426528
-2.58712 0.425735
-2.58128 0.424853
-2.57544 0.423883
-2.5696 0.422912
-2.56376 0.421808
-2.55792 0.420574
-2.55208 0.419295
-2.54624 0.418016
-2.5404 0.416604
-2.53456 0.415193
-2.52872 0.41369
-2.52288 0.412142
-2.51704 0.410596
-2.5112 0.409005
-2.50536 0.407412
-2.49952 0.405605
-2.49368 0.403796
-2.48784 0.401943
-2.482 0.40043
-2.47616 0.398563
-2.47032 0.396651
-2.46448 0.394483
-2.45864 0.392812
-2.4528 0.391016
-2.44696 0.388807
-2.44112 0.387008
-2.43528 0.385211
-2.42944 0.382712
-2.4236 0.381903
-2.41776 0.379854
-2.41192 0.378181
-2.40608 0.375592
-2.40024 0.374935
-2.3944 0.37268
-2.38856 0.370782
-2.38272 0.368771
-2.37688 0.367128
-2.37104 0.36415
-2.3652 0.363214
-2.35936 0.360065
-2.35352 0.359045
-2.34768 0.357142
-2.34184 0.35682
-2.336 0.354466
-2.33016 0.353684
-2.32432 0.351074
-2.31848 0.351092
-2.31264 0.34703
-2.3068 0.349279
-2.30096 0.347154
-2.29512 0.346047
-2.28928 0.344854
-2.28344 0.347122
-2.2776 0.34555
-2.27176 0.342835
-2.26592 0.343455
-2.26008 0.342485
-2.25424 0.343127
-2.2484 0.341158
-2.24256 0.339707
-2.23672 0.34117
-2.23088 0.337587
-2.22504 0.339474
-2.2192 0.340244
-2.21336 0.336135
-2.20752 0.336108
-2.20168 0.334007
-2.19584 0.333058
-2.19 0.336543
-2.18416 0.334495
-2.17832 0.334088
-2.17248 0.333949
-2.16664 0.332443
-2.1608 0.331725
-2.15496 0.335942
-2.14912 0.332707
-2.14328 0.331581
-2.13744 0.329764
-2.1316 0.329257
-2.12576 0.330868
-2.11992 0.331782
-2.11408 0.331114
-2.10824 0.329836
-2.1024 0.325864
-2.09656 0.325729
-2.09072 0.327754
-2.08488 0.329692
-2.07904 0.327105
-2.0732 0.326066
-2.06736 0.326591
-2.06152 0.326501
-2.05568 0.32469
-2.04984 0.327558
-2.044 0.326291
-2.03816 0.323393
-2.03232 0.324525
-2.02648 0.324783
-2.02064 0.321332
-2.0148 0.324367
-2.00896 0.321468
-2.00312 0.325507
-1.99728 0.323526
-1.99144 0.324226
-1.9856 0.320651
-1.97976 0.319813
-1.97392 0.319296
-1.96808 0.320937
-1.96224 0.322106
-1.9564 0.317261
-1.95056 0.315765
-1.94472 0.314278
-1.93888 0.311754
-1.93304 0.308346
-1.9272 0.30868
-1.92136 0.306615
-1.91552 0.302834
-1.90968 0.301012
-1.90384 0.296387
-1.898 0.294886
-1.89216 0.295349
-1.88632 0.290605
-1.88048 0.286993
-1.87464 0.28441
-1.8688 0.282261
-1.86296 0.276193
-1.85712 0.272129
-1.85128 0.274005
-1.84544 0.268879
-1.8396 0.264888
-1.83376 0.259677
-1.82792 0.259146
-1.82208 0.255607
-1.81624 0.251203
-1.8104 0.248589
-1.80456 0.249971
-1.79872 0.241427
-1.79288 0.239064
-1.78704 0.234324
-1.7812 0.228656
-1.77536 0.226806
-1.76952 0.22302
-1.76368 0.216691
-1.75784 0.214829
-1.752 0.212211
-1.74616 0.208611
-1.74032 0.204724
-1.73448 0.20406
-1.72864 0.195629
-1.7228 0.193673
-1.71696 0.190739
-1.71112 0.185052
-1.70528 0.183083
-1.69944 0.181604
-1.6936 0.179729
-1.68776 0.173893
-1.68192 0.16807
-1.67608 0.163406
-1.67024 0.163365
-1.6644 0.16354
-1.65856 0.158112
-1.65272 0.157072
-1.64688 0.155106
-1.64104 0.155716
-1.6352 0.156725
-1.62936 0.154102
-1.62352 0.154098
-1.61768 0.1526
-1.61184 0.15171
-1.606 0.15073
-1.60016 0.147606
-1.59432 0.150136
-1.58848 0.148184
-1.58264 0.148308
-1.5768 0.14712
-1.57096 0.146049
-1.56512 0.149805
-1.55928 0.145775
-1.55344 0.146029
-1.5476 0.147603
-1.54176 0.145631
-1.53592 0.147183
-1.53008 0.147498
-1.52424 0.148558
-1.5184 0.142374
-1.51256 0.145881
-1.50672 0.144316
-1.50088 0.142929
-1.49504 0.141048
-1.4892 0.14308
-1.48336 0.143589
-1.47752 0.145894
-1.47168 0.143879
-1.46584 0.142641
-1.46 0.144645
-1.45416 0.147982
-1.44832 0.145823
-1.44248 0.14591
-1.43664 0.144844
-1.4308 0.144922
-1.42496 0.147701
-1.41912 0.145156
-1.41328 0.148274
-1.40744 0.14753
-1.4016 0.148072
-1.39576 0.147559
-1.38992 0.146902
-1.38408 0.147967
-1.37824 0.145457
-1.3724 0.149131
-1.36656 0.146804
-1.36072 0.149724
-1.35488 0.144436
-1.34904 0.142265
-1.3432 0.145885
-1.33736 0.144374
-1.33152 0.14243
-1.32568 0.144515
-1.31984 0.144999
-1.314 0.141078
-1.30816 0.146141
-1.30232 0.142401
-1.29648 0.143765
-1.29064 0.141711
-1.2848 0.145142
-1.27896 0.146185
-1.27312 0.148975
-1.26728 0.151902
-1.26144 0.158552
-1.2556 0.159255
-1.24976 0.16131
-1.24392 0.164594
-1.23808 0.170417
-1.23224 0.170923
-1.2264 0.173673
-1.22056 0.176956
-1.21472 0.177354
-1.20888 0.177971
-1.20304 0.184604
-1.1972 0.186464
-1.19136 0.187399
-1.18552 0.189254
-1.17968 0.193319
-1.17384 0.19423
-1.168 0.196654
-1.16216 0.197246
-1.15632 0.202817
-1.15048 0.203214
-1.14464 0.204312
-1.1388 0.203145
-1.13296 0.202991
-1.12712 0.209711
-1.12128 0.209802
-1.11544 0.212032
-1.1096 0.214364
-1.10376 0.218555
-1.09792 0.218427
-1.09208 0.223621
-1.08624 0.224449
-1.0804 0.224657
-1.07456 0.225446
-1.06872 0.229887
-1.06288 0.229608
-1.05704 0.230041
-1.0512 0.236261
-1.04536 0.239193
-1.03952 0.24298
-1.03368 0.243314
-1.02784 0.245055
-1.022 0.249992
-1.01616 0.254546
-1.01032 0.254034
-1.00448 0.256776
-0.99864 0.259323
-0.9928 0.260776
-0.98696 0.263765
-0.98112 0.265004
-0.97528 0.266917
-0.96944 0.269046
-0.9636 0.271538
-0.95776 0.273505
-0.95192 0.275121
-0.94608 0.278139
-0.94024 0.279067
-0.9344 0.281098
-0.92856 0.282077
-0.92272 0.285047
-0.91688 0.281617
-0.91104 0.282386
-0.9052 0.286522
-0.89936 0.288216
-0.89352 0.288237
-0.88768 0.289835
-0.88184 0.292882
-0.876 0.293373
-0.87016 0.298028
-0.86432 0.295542
-0.85848 0.298085
-0.85264 0.298286
-0.8468 0.301318
-0.84096 0.301848
-0.83512 0.303654
-0.82928 0.307134
-0.82344 0.310291
-0.8176 0.311415
-0.81176 0.312357
-0.80592 0.314663
-0.80008 0.317961
-0.79424 0.319785
-0.7884 0.32056
-0.78256 0.321309
-0.77672 0.322569
-0.77088 0.322915
-0.76504 0.325541
-0.7592 0.325414
-0.75336 0.326834
-0.74752 0.32497
-0.74168 0.326632
-0.73584 0.324779
-0.73 0.322641
-0.72416 0.32431
-0.71832 0.325006
-0.71248 0.324353
-0.70664 0.32327
-0.7008 0.320572
-0.69496 0.319634
-0.68912 0.321237
-0.68328 0.319821
-0.67744 0.320594
-0.6716 0.320011
-0.66576 0.319547
-0.65992 0.320172
-0.65408 0.320246
-0.64824 0.321415
-0.6424 0.319024
-0.63656 0.319898
-0.63072 0.320816
-0.62488 0.32164
-0.61904 0.322378
-0.6132 0.323873
-0.60736 0.324307
-0.60152 0.323987
-0.59568 0.323987
-0.58984 0.323987
-0.584 0.323987
-0.57816 0.323987
-0.57232 0.323987
-0.56648 0.323987
-0.56064 0.323987
-0.5548 0.323987
-0.54896 0.323987
-0.54312 0.323987
-0.53728 0.323987
-0.53144 0.323987
-0.5256 0.323987
-0.51976 0.323987
-0.51392 0.323987
-0.50808 0.323987
-0.50224 0.323987
-0.4964 0.323987
-0.49056 0.323987
-0.48472 0.323987
-0.47888 0.323987
-0.47304 0.323987
-0.4672 0.323987
-0.46136 0.323987
-0.45552 0.323987
-0.44968 0.323987
-0.44384 0.323987
-0.438 0.323987
-0.43216 0.323987
-0.42632 0.323987
-0.42048 0.323987
-0.41464 0.323987
-0.4088 0.323987
-0.40296 0.323987
-0.39712 0.323987
-0.39128 0.323987
-0.38544 0.323987
-0.3796 0.323987
-0.37376 0.323987
-0.36792 0.323987
-0.36208 0.323987
-0.35624 0.323987
-0.3504 0.323987
-0.34456 0.323987
-0.33872 0.323987
-0.33288 0.323987
-0.32704 0.323987
-0.3212 0.323987
-0.31536 0.323987
-0.30952 0.323987
-0.30368 0.323987
-0.29784 0.323987
-0.292 0.323987
-0.28616 0.323987
-0.28032 0.323987
-0.27448 0.323987
-0.26864 0.323987
-0.2628 0.323987
-0.25696 0.323987
-0.25112 0.323987
-0.24528 0.323987
-0.23944 0.323987
-0.2336 0.323987
-0.22776 0.323987
-0.22192 0.323987
-0.21608 0.323987
-0.21024 0.323987
-0.2044 0.323987
-0.19856 0.323987
-0.19272 0.323987
-0.18688 0.323987
-0.18104 0.323987
-0.1752 0.323987
-0.16936 0.323987
-0.16352 0.323987
-0.15768 0.323987
-0.15184 0.323987
-0.146 0.323987
-0.14016 0.323987
-0.13432 0.323987
-0.12848 0.323987
-0.12264 0.323987
-0.1168 0.323987
-0.11096 0.323987
-0.10512 0.323987
-0.09928 0.323987
-0.09344 0.323987
-0.0876 0.323987
-0.08176 0.323987
-0.07592 0.323987
-0.07008 0.323987
-0.06424 0.323987
-0.0584 0.323987
-0.05256 0.323987
-0.04672 0.323987
-0.04088 0.323987
-0.03504 0.323987
-0.0292 0.323987
-0.02336 0.323987
-0.01752 0.323987
-0.01168 0.323987
-0.00584 0.323987
