-2.92 0.512448
-2.91416 0.512448
-2.90832 0.512448
-2.90248 0.512448
-2.89664 0.512448
-2.8908 0.512448
-2.88496 0.512448
-2.87912 0.512448
-2.87328 0.512448
-2.86744 0.512448
-2.8616 0.512448
-2.85576 0.512448
-2.84992 0.512448
-2.84408 0.512448
-2.83824 0.512448
-2.8324 0.512448
-2.82656 0.512448
-2.82072 0.512448
-2.81488 0.512448
-2.80904 0.512448
-2.8032 0.512448
-2.79736 0.512448
-2.79152 0.512448
-2.78568 0.512448
-2.77984 0.512448
-2.774 0.512448
-2.76816 0.512448
-2.76232 0.512448
-2.75648 0.512448
-2.75064 0.512448
-2.7448 0.512448
-2.73896 0.512448
-2.73312 0.512448
-2.72728 0.512448
-2.72144 0.512448
-2.7156 0.512448
-2.70976 0.512448
-2.70392 0.512448
-2.69808 0.512448
-2.69224 0.512448
-2.6864 0.512448
-2.68056 0.512448
-2.67472 0.512448
-2.66888 0.512448
-2.66304 0.512448
-2.6572 0.512448
-2.65136 0.512448
-2.64552 0.512448
-2.63968 0.512448
-2.63384 0.512448
-2.628 0.512448
-2.62216 0.512448
-2.61632 0.512448
-2.61048 0.512448
-2.60464 0.512448
-2.5988 0.512448
-2.59296 0.51192
-2.58712 0.511173
-2.58128 0.510338
-2.57544 0.509371
-2.5696 0.508184
-2.56376 0.506819
-2.55792 0.505278
-2.55208 0.503693
-2.54624 0.501977
-2.5404 0.500259
-2.53456 0.498409
-2.52872 0.496515
-2.52288 0.494578
-2.51704 0.492553
-2.5112 0.490396
-2.50536 0.488236
-2.49952 0.485988
-2.49368 0.483872
-2.48784 0.481756
-2.482 0.479727
-2.47616 0.477478
-2.47032 0.475185
-2.46448 0.472888
-2.45864 0.470547
-2.4528 0.468037
-2.44696 0.465691
-2.44112 0.463138
-2.43528 0.460665
-2.42944 0.458192
-2.4236 0.455716
-2.41776 0.453403
-2.41192 0.450639
-2.40608 0.448282
-2.40024 0.445765
-2.3944 0.443106
-2.38856 0.441159
-2.38272 0.438591
-2.37688 0.435635
-2.37104 0.433467
-2.3652 0.430725
-2.35936 0.427756
-2.35352 0.42542
-2.34768 0.422706
-2.34184 0.420531
-2.336 0.417103
-2.33016 0.414975
-2.32432 0.412094
-2.31848 0.409167
-2.31264 0.406857
-2.3068 0.40448
-2.30096 0.401674
-2.29512 0.398285
-2.28928 0.395931
-2.28344 0.393568
-2.2776 0.390623
-2.27176 0.386894
-2.26592 0.38462
-2.26008 0.382115
-2.25424 0.379698
-2.2484 0.375593
-2.24256 0.372188
-2.23672 0.368919
-2.23088 0.366998
-2.22504 0.363662
-2.2192 0.359094
-2.21336 0.356611
-2.20752 0.355117
-2.20168 0.352101
-2.19584 0.34884
-2.19 0.348456
-2.18416 0.344095
-2.17832 0.341654
-2.17248 0.339788
-2.16664 0.337863
-2.1608 0.334583
-2.15496 0.333656
-2.14912 0.33097
-2.14328 0.3309
-2.13744 0.327606
-2.1316 0.327487
-2.12576 0.326566
-2.11992 0.323851
-2.11408 0.322162
-2.10824 0.319216
-2.1024 0.320634
-2.09656 0.316684
-2.09072 0.317125
-2.08488 0.31415
-2.07904 0.311877
-2.0732 0.309271
-2.06736 0.308751
-2.06152 0.309135
-2.05568 0.306554
-2.04984 0.306128
-2.044 0.307524
-2.03816 0.302244
-2.03232 0.303502
-2.02648 0.3013
-2.02064 0.301207
-2.0148 0.297815
-2.00896 0.296604
-2.00312 0.297288
-1.99728 0.295766
-1.99144 0.294072
-1.9856 0.293084
-1.97976 0.293461
-1.97392 0.289497
-1.96808 0.29063
-1.96224 0.286927
-1.9564 0.284659
-1.95056 0.286252
-1.94472 0.282395
-1.93888 0.278369
-1.93304 0.278829
-1.9272 0.271438
-1.92136 0.27356
-1.91552 0.271982
-1.90968 0.268234
-1.90384 0.265
-1.898 0.260193
-1.89216 0.261664
-1.88632 0.258699
-1.88048 0.255413
-1.87464 0.252635
-1.8688 0.251858
-1.86296 0.247324
-1.85712 0.242129
-1.85128 0.243123
-1.84544 0.242734
-1.8396 0.235193
-1.83376 0.233786
-1.82792 0.232206
-1.82208 0.23144
-1.81624 0.226273
-1.8104 0.222461
-1.80456 0.223343
-1.79872 0.217965
-1.79288 0.215187
-1.78704 0.21219
-1.7812 0.211552
-1.77536 0.210184
-1.76952 0.203039
-1.76368 0.199595
-1.75784 0.198595
-1.752 0.198029
-1.74616 0.189765
-1.74032 0.189439
-1.73448 0.1885
-1.72864 0.185186
-1.7228 0.183264
-1.71696 0.181298
-1.71112 0.177626
-1.70528 0.174155
-1.69944 0.170589
-1.6936 0.169541
-1.68776 0.168865
-1.68192 0.160346
-1.67608 0.161083
-1.67024 0.159765
-1.6644 0.157752
-1.65856 0.154907
-1.65272 0.152926
-1.64688 0.155389
-1.64104 0.152894
-1.6352 0.153635
-1.62936 0.150019
-1.62352 0.15184
-1.61768 0.152015
-1.61184 0.152591
-1.606 0.152859
-1.60016 0.149747
-1.59432 0.15267
-1.58848 0.151002
-1.58264 0.155305
-1.5768 0.152142
-1.57096 0.152562
-1.56512 0.15457
-1.55928 0.155015
-1.55344 0.155254
-1.5476 0.153671
-1.54176 0.153466
-1.53592 0.15514
-1.53008 0.154889
-1.52424 0.155962
-1.5184 0.15325
-1.51256 0.157652
-1.50672 0.157613
-1.50088 0.153356
-1.49504 0.157552
-1.4892 0.161495
-1.48336 0.159278
-1.47752 0.160078
-1.47168 0.161574
-1.46584 0.162025
-1.46 0.164039
-1.45416 0.167909
-1.44832 0.168004
-1.44248 0.168244
-1.43664 0.16751
-1.4308 0.170939
-1.42496 0.167755
-1.41912 0.171036
-1.41328 0.170198
-1.40744 0.175788
-1.4016 0.171583
-1.39576 0.172975
-1.38992 0.174217
-1.38408 0.176305
-1.37824 0.175294
-1.3724 0.176109
-1.36656 0.179602
-1.36072 0.173106
-1.35488 0.175732
-1.34904 0.17329
-1.3432 0.175171
-1.33736 0.176944
-1.33152 0.175451
-1.32568 0.178025
-1.31984 0.176912
-1.314 0.178538
-1.30816 0.179294
-1.30232 0.17419
-1.29648 0.177644
-1.29064 0.179048
-1.2848 0.175963
-1.27896 0.17749
-1.27312 0.180267
-1.26728 0.187129
-1.26144 0.188294
-1.2556 0.191854
-1.24976 0.194225
-1.24392 0.19596
-1.23808 0.201158
-1.23224 0.201338
-1.2264 0.207257
-1.22056 0.20704
-1.21472 0.209733
-1.20888 0.212746
-1.20304 0.213009
-1.1972 0.218522
-1.19136 0.219926
-1.18552 0.221641
-1.17968 0.224874
-1.17384 0.22749
-1.168 0.229652
-1.16216 0.232881
-1.15632 0.235391
-1.15048 0.236344
-1.14464 0.239335
-1.1388 0.238221
-1.13296 0.240284
-1.12712 0.241946
-1.12128 0.246409
-1.11544 0.245083
-1.1096 0.248534
-1.10376 0.249073
-1.09792 0.252118
-1.09208 0.255047
-1.08624 0.256658
-1.0804 0.256602
-1.07456 0.257926
-1.06872 0.26045
-1.06288 0.264598
-1.05704 0.266103
-1.0512 0.27217
-1.04536 0.272351
-1.03952 0.274016
-1.03368 0.276344
-1.02784 0.27931
-1.022 0.282888
-1.01616 0.285391
-1.01032 0.2871
-1.00448 0.291156
-0.99864 0.290853
-0.9928 0.294883
-0.98696 0.29304
-0.98112 0.297654
-0.97528 0.299363
-0.96944 0.301002
-0.9636 0.302709
-0.95776 0.307064
-0.95192 0.308661
-0.94608 0.310985
-0.94024 0.310763
-0.9344 0.314696
-0.92856 0.315981
-0.92272 0.31506
-0.91688 0.315593
-0.91104 0.316317
-0.9052 0.319746
-0.89936 0.321126
-0.89352 0.322369
-0.88768 0.324336
-0.88184 0.327963
-0.876 0.3277
-0.87016 0.332466
-0.86432 0.329489
-0.85848 0.33299
-0.85264 0.334407
-0.8468 0.335009
-0.84096 0.336745
-0.83512 0.338458
-0.82928 0.343462
-0.82344 0.345888
-0.8176 0.346857
-0.81176 0.347887
-0.80592 0.350586
-0.80008 0.354447
-0.79424 0.354536
-0.7884 0.358337
-0.78256 0.358063
-0.77672 0.359323
-0.77088 0.361982
-0.76504 0.362205
-0.7592 0.365639
-0.75336 0.367956
-0.74752 0.365836
-0.74168 0.36703
-0.73584 0.366012
-0.73 0.366992
-0.72416 0.368264
-0.71832 0.366787
-0.71248 0.367872
-0.70664 0.367903
-0.7008 0.36649
-0.69496 0.365672
-0.68912 0.367257
-0.68328 0.366862
-0.67744 0.367138
-0.6716 0.367994
-0.66576 0.3665
-0.65992 0.36835
-0.65408 0.368502
-0.64824 0.369812
-0.6424 0.367854
-0.63656 0.369238
-0.63072 0.370206
-0.62488 0.371208
-0.61904 0.372209
-0.6132 0.374088
-0.60736 0.374662
-0.60152 0.374472
-0.59568 0.374472
-0.58984 0.374472
-0.584 0.374472
-0.57816 0.374472
-0.57232 0.374472
-0.56648 0.374472
-0.56064 0.374472
-0.5548 0.374472
-0.54896 0.374472
-0.54312 0.374472
-0.53728 0.374472
-0.53144 0.374472
-0.5256 0.374472
-0.51976 0.374472
-0.51392 0.374472
-0.50808 0.374472
-0.50224 0.374472
-0.4964 0.374472
-0.49056 0.374472
-0.48472 0.374472
-0.47888 0.374472
-0.47304 0.374472
-0.4672 0.374472
-0.46136 0.374472
-0.45552 0.374472
-0.44968 0.374472
-0.44384 0.374472
-0.438 0.374472
-0.43216 0.374472
-0.42632 0.374472
-0.42048 0.374472
-0.41464 0.374472
-0.4088 0.374472
-0.40296 0.374472
-0.39712 0.374472
-0.39128 0.374472
-0.38544 0.374472
-0.3796 0.374472
-0.37376 0.374472
-0.36792 0.374472
-0.36208 0.374472
-0.35624 0.374472
-0.3504 0.374472
-0.34456 0.374472
-0.33872 0.374472
-0.33288 0.374472
-0.32704 0.374472
-0.3212 0.374472
-0.31536 0.374472
-0.30952 0.374472
-0.30368 0.374472
-0.29784 0.374472
-0.292 0.374472
-0.28616 0.374472
-0.28032 0.374472
-0.27448 0.374472
-0.26864 0.374472
-0.2628 0.374472
-0.25696 0.374472
-0.25112 0.374472
-0.24528 0.374472
-0.23944 0.374472
-0.2336 0.374472
-0.22776 0.374472
-0.22192 0.374472
-0.21608 0.374472
-0.21024 0.374472
-0.2044 0.374472
-0.19856 0.374472
-0.19272 0.374472
-0.18688 0.374472
-0.18104 0.374472
-0.1752 0.374472
-0.16936 0.374472
-0.16352 0.374472
-0.15768 0.374472
-0.15184 0.374472
-0.146 0.374472
-0.14016 0.374472
-0.13432 0.374472
-0.12848 0.374472
-0.12264 0.374472
-0.1168 0.374472
-0.11096 0.374472
-0.10512 0.374472
-0.09928 0.374472
-0.09344 0.374472
-0.0876 0.374472
-0.08176 0.374472
-0.07592 0.374472
-0.07008 0.374472
-0.06424 0.374472
-0.0584 0.374472
-0.05256 0.374472
-0.04672 0.374472
-0.04088 0.374472
-0.03504 0.374472
-0.0292 0.374472
-0.02336 0.374472
-0.01752 0.374472
-0.01168 0.374472
-0.00584 0.374472
