-2.92 0.350349
-2.91416 0.350349
-2.90832 0.350349
-2.90248 0.350349
-2.89664 0.350349
-2.8908 0.350349
-2.88496 0.350349
-2.87912 0.350349
-2.87328 0.350349
-2.86744 0.350349
-2.8616 0.350349
-2.85576 0.350349
-2.84992 0.350349
-2.84408 0.350349
-2.83824 0.350349
-2.8324 0.350349
-2.82656 0.350349
-2.82072 0.350349
-2.81488 0.350349
-2.80904 0.350349
-2.8032 0.350349
-2.79736 0.350349
-2.79152 0.350349
-2.78568 0.350349
-2.77984 0.350349
-2.774 0.350349
-2.76816 0.350349
-2.76232 0.350349
-2.75648 0.350349
-2.75064 0.350349
-2.7448 0.350349
-2.73896 0.350349
-2.73312 0.350349
-2.72728 0.350349
-2.72144 0.350349
-2.7156 0.350349
-2.70976 0.350349
-2.70392 0.350349
-2.69808 0.350349
-2.69224 0.350349
-2.6864 0.350349
-2.68056 0.350349
-2.67472 0.350349
-2.66888 0.350349
-2.66304 0.350349
-2.6572 0.350349
-2.65136 0.350349
-2.64552 0.350349
-2.63968 0.350349
-2.63384 0.350349
-2.628 0.350349
-2.62216 0.350349
-2.61632 0.350349
-2.61048 0.350349
-2.60464 0.350349
-2.5988 0.350349
-2.59296 0.349996
-2.58712 0.349333
-2.58128 0.348625
-2.57544 0.347916
-2.5696 0.347117
-2.56376 0.346318
-2.55792 0.345385
-2.55208 0.344411
-2.54624 0.343388
-2.5404 0.342275
-2.53456 0.341161
-2.52872 0.340001
-2.52288 0.338841
-2.51704 0.337637
-2.5112 0.336433
-2.50536 0.335142
-2.49952 0.33385
-2.49368 0.332512
-2.48784 0.331086
-2.482 0.329749
-2.47616 0.32819
-2.47032 0.326545
-2.46448 0.324811
-2.45864 0.32312
-2.4528 0.321341
-2.44696 0.319606
-2.44112 0.317786
-2.43528 0.315878
-2.42944 0.314063
-2.4236 0.312116
-2.41776 0.310124
-2.41192 0.308001
-2.40608 0.30588
-2.40024 0.303716
-2.3944 0.301508
-2.38856 0.299386
-2.38272 0.297223
-2.37688 0.295017
-2.37104 0.292812
-2.3652 0.290517
-2.35936 0.288181
-2.35352 0.28589
-2.34768 0.283685
-2.34184 0.281393
-2.336 0.279015
-2.33016 0.276682
-2.32432 0.274346
-2.31848 0.271923
-2.31264 0.269588
-2.3068 0.267292
-2.30096 0.264869
-2.29512 0.262622
-2.28928 0.260327
-2.28344 0.257947
-2.2776 0.255863
-2.27176 0.25336
-2.26592 0.251155
-2.26008 0.248607
-2.25424 0.24614
-2.2484 0.243754
-2.24256 0.241115
-2.23672 0.238771
-2.23088 0.236298
-2.22504 0.233795
-2.2192 0.231369
-2.21336 0.228943
-2.20752 0.226474
-2.20168 0.224085
-2.19584 0.221697
-2.19 0.218971
-2.18416 0.216586
-2.17832 0.214325
-2.17248 0.2116
-2.16664 0.20917
-2.1608 0.2067
-2.15496 0.204272
-2.14912 0.201755
-2.14328 0.199616
-2.13744 0.196887
-2.1316 0.194329
-2.12576 0.191774
-2.11992 0.189549
-2.11408 0.186823
-2.10824 0.184392
-2.1024 0.182254
-2.09656 0.179526
-2.09072 0.17726
-2.08488 0.174533
-2.07904 0.172311
-2.0732 0.170341
-2.06736 0.167491
-2.06152 0.165228
-2.05568 0.162296
-2.04984 0.160581
-2.044 0.158158
-2.03816 0.155429
-2.03232 0.15245
-2.02648 0.151151
-2.02064 0.147918
-2.0148 0.145652
-2.00896 0.143434
-2.00312 0.141422
-1.99728 0.138527
-1.99144 0.137284
-1.9856 0.135403
-1.97976 0.134113
-1.97392 0.133498
-1.96808 0.131536
-1.96224 0.130713
-1.9564 0.128796
-1.95056 0.128817
-1.94472 0.127031
-1.93888 0.125701
-1.93304 0.126311
-1.9272 0.12393
-1.92136 0.124285
-1.91552 0.122417
-1.90968 0.122859
-1.90384 0.121338
-1.898 0.12077
-1.89216 0.120327
-1.88632 0.120435
-1.88048 0.121102
-1.87464 0.120707
-1.8688 0.12014
-1.86296 0.118517
-1.85712 0.119869
-1.85128 0.119512
-1.84544 0.119447
-1.8396 0.119129
-1.83376 0.117669
-1.82792 0.119038
-1.82208 0.119295
-1.81624 0.117685
-1.8104 0.121134
-1.80456 0.118259
-1.79872 0.118036
-1.79288 0.119156
-1.78704 0.11952
-1.7812 0.11951
-1.77536 0.119263
-1.76952 0.122803
-1.76368 0.121894
-1.75784 0.12099
-1.752 0.122754
-1.74616 0.121856
-1.74032 0.122901
-1.73448 0.124513
-1.72864 0.123885
-1.7228 0.126455
-1.71696 0.124388
-1.71112 0.125458
-1.70528 0.128332
-1.69944 0.129852
-1.6936 0.128435
-1.68776 0.130394
-1.68192 0.134914
-1.67608 0.129847
-1.67024 0.132553
-1.6644 0.131464
-1.65856 0.132062
-1.65272 0.134179
-1.64688 0.132564
-1.64104 0.134044
-1.6352 0.134954
-1.62936 0.131375
-1.62352 0.133642
-1.61768 0.13449
-1.61184 0.135057
-1.606 0.140321
-1.60016 0.140448
-1.59432 0.141191
-1.58848 0.14589
-1.58264 0.146602
-1.5768 0.148106
-1.57096 0.149536
-1.56512 0.154773
-1.55928 0.15361
-1.55344 0.156368
-1.5476 0.159947
-1.54176 0.164087
-1.53592 0.165154
-1.53008 0.168142
-1.52424 0.169148
-1.5184 0.171672
-1.51256 0.176491
-1.50672 0.176978
-1.50088 0.180999
-1.49504 0.186064
-1.4892 0.186421
-1.48336 0.186651
-1.47752 0.189801
-1.47168 0.194839
-1.46584 0.194725
-1.46 0.196094
-1.45416 0.203299
-1.44832 0.207464
-1.44248 0.211171
-1.43664 0.210369
-1.4308 0.215501
-1.42496 0.213664
-1.41912 0.21988
-1.41328 0.225367
-1.40744 0.225249
-1.4016 0.23032
-1.39576 0.231468
-1.38992 0.235976
-1.38408 0.243305
-1.37824 0.239447
-1.3724 0.2467
-1.36656 0.245131
-1.36072 0.248201
-1.35488 0.251998
-1.34904 0.255108
-1.3432 0.256231
-1.33736 0.262704
-1.33152 0.270006
-1.32568 0.269424
-1.31984 0.273094
-1.314 0.274968
-1.30816 0.277233
-1.30232 0.28123
-1.29648 0.282424
-1.29064 0.287993
-1.2848 0.291929
-1.27896 0.292103
-1.27312 0.293156
-1.26728 0.299092
-1.26144 0.301792
-1.2556 0.3016
-1.24976 0.305234
-1.24392 0.311471
-1.23808 0.309792
-1.23224 0.316496
-1.2264 0.3173
-1.22056 0.321672
-1.21472 0.325651
-1.20888 0.328195
-1.20304 0.330289
-1.1972 0.334029
-1.19136 0.333699
-1.18552 0.338119
-1.17968 0.34134
-1.17384 0.340379
-1.168 0.349534
-1.16216 0.352253
-1.15632 0.353843
-1.15048 0.359064
-1.14464 0.358231
-1.1388 0.359323
-1.13296 0.359986
-1.12712 0.364851
-1.12128 0.364874
-1.11544 0.369598
-1.1096 0.373677
-1.10376 0.376294
-1.09792 0.37846
-1.09208 0.379001
-1.08624 0.380234
-1.0804 0.38281
-1.07456 0.386133
-1.06872 0.386906
-1.06288 0.38954
-1.05704 0.394534
-1.0512 0.393214
-1.04536 0.391425
-1.03952 0.39429
-1.03368 0.396937
-1.02784 0.395527
-1.022 0.393959
-1.01616 0.39871
-1.01032 0.399067
-1.00448 0.401749
-0.99864 0.397657
-0.9928 0.400624
-0.98696 0.397539
-0.98112 0.399564
-0.97528 0.404046
-0.96944 0.403216
-0.9636 0.403115
-0.95776 0.402984
-0.95192 0.405501
-0.94608 0.407941
-0.94024 0.404605
-0.9344 0.407928
-0.92856 0.405271
-0.92272 0.405986
-0.91688 0.406095
-0.91104 0.406024
-0.9052 0.405127
-0.89936 0.409567
-0.89352 0.410116
-0.88768 0.410359
-0.88184 0.411534
-0.876 0.411594
-0.87016 0.410783
-0.86432 0.413864
-0.85848 0.412904
-0.85264 0.414254
-0.8468 0.41459
-0.84096 0.414141
-0.83512 0.414846
-0.82928 0.414847
-0.82344 0.414553
-0.8176 0.414401
-0.81176 0.416309
-0.80592 0.416782
-0.80008 0.415973
-0.79424 0.417209
-0.7884 0.417047
-0.78256 0.41943
-0.77672 0.419932
-0.77088 0.420139
-0.76504 0.420937
-0.7592 0.422272
-0.75336 0.422311
-0.74752 0.4229
-0.74168 0.423677
-0.73584 0.425872
-0.73 0.426534
-0.72416 0.429092
-0.71832 0.42941
-0.71248 0.430786
-0.70664 0.431566
-0.7008 0.432179
-0.69496 0.433674
-0.68912 0.434615
-0.68328 0.435857
-0.67744 0.439406
-0.6716 0.440856
-0.66576 0.441699
-0.65992 0.443134
-0.65408 0.443009
-0.64824 0.44478
-0.6424 0.446915
-0.63656 0.447373
-0.63072 0.447829
-0.62488 0.448197
-0.61904 0.449103
-0.6132 0.448456
-0.60736 0.4481
-0.60152 0.448623
-0.59568 0.448623
-0.58984 0.448623
-0.584 0.448623
-0.57816 0.448623
-0.57232 0.448623
-0.56648 0.448623
-0.56064 0.448623
-0.5548 0.448623
-0.54896 0.448623
-0.54312 0.448623
-0.53728 0.448623
-0.53144 0.448623
-0.5256 0.448623
-0.51976 0.448623
-0.51392 0.448623
-0.50808 0.448623
-0.50224 0.448623
-0.4964 0.448623
-0.49056 0.448623
-0.48472 0.448623
-0.47888 0.448623
-0.47304 0.448623
-0.4672 0.448623
-0.46136 0.448623
-0.45552 0.448623
-0.44968 0.448623
-0.44384 0.448623
-0.438 0.448623
-0.43216 0.448623
-0.42632 0.448623
-0.42048 0.448623
-0.41464 0.448623
-0.4088 0.448623
-0.40296 0.448623
-0.39712 0.448623
-0.39128 0.448623
-0.38544 0.448623
-0.3796 0.448623
-0.37376 0.448623
-0.36792 0.448623
-0.36208 0.448623
-0.35624 0.448623
-0.3504 0.448623
-0.34456 0.448623
-0.33872 0.448623
-0.33288 0.448623
-0.32704 0.448623
-0.3212 0.448623
-0.31536 0.448623
-0.30952 0.448623
-0.30368 0.448623
-0.29784 0.448623
-0.292 0.448623
-0.28616 0.448623
-0.28032 0.448623
-0.27448 0.448623
-0.26864 0.448623
-0.2628 0.448623
-0.25696 0.448623
-0.25112 0.448623
-0.24528 0.448623
-0.23944 0.448623
-0.2336 0.448623
-0.22776 0.448623
-0.22192 0.448623
-0.21608 0.448623
-0.21024 0.448623
-0.2044 0.448623
-0.19856 0.448623
-0.19272 0.448623
-0.18688 0.448623
-0.18104 0.448623
-0.1752 0.448623
-0.16936 0.448623
-0.16352 0.448623
-0.15768 0.448623
-0.15184 0.448623
-0.146 0.448623
-0.14016 0.448623
-0.13432 0.448623
-0.12848 0.448623
-0.12264 0.448623
-0.1168 0.448623
-0.11096 0.448623
-0.10512 0.448623
-0.09928 0.448623
-0.09344 0.448623
-0.0876 0.448623
-0.08176 0.448623
-0.07592 0.448623
-0.07008 0.448623
-0.06424 0.448623
-0.0584 0.448623
-0.05256 0.448623
-0.04672 0.448623
-0.04088 0.448623
-0.03504 0.448623
-0.0292 0.448623
-0.02336 0.448623
-0.01752 0.448623
-0.01168 0.448623
-0.00584 0.448623
