-2.92 0.328601
-2.91416 0.328601
-2.90832 0.328601
-2.90248 0.328601
-2.89664 0.328601
-2.8908 0.328601
-2.88496 0.328601
-2.87912 0.328601
-2.87328 0.328601
-2.86744 0.328601
-2.8616 0.328601
-2.85576 0.328601
-2.84992 0.328601
-2.84408 0.328601
-2.83824 0.328601
-2.8324 0.328601
-2.82656 0.328601
-2.82072 0.328601
-2.81488 0.328601
-2.80904 0.328601
-2.8032 0.328601
-2.79736 0.328601
-2.79152 0.328601
-2.78568 0.328601
-2.77984 0.328601
-2.774 0.328601
-2.76816 0.328601
-2.76232 0.328601
-2.75648 0.328601
-2.75064 0.328601
-2.7448 0.328601
-2.73896 0.328601
-2.73312 0.328601
-2.72728 0.328601
-2.72144 0.328601
-2.7156 0.328601
-2.70976 0.328601
-2.70392 0.328601
-2.69808 0.328601
-2.69224 0.328601
-2.6864 0.328601
-2.68056 0.328601
-2.67472 0.328601
-2.66888 0.328601
-2.66304 0.328601
-2.6572 0.328601
-2.65136 0.328601
-2.64552 0.328601
-2.63968 0.328601
-2.63384 0.328601
-2.628 0.328601
-2.62216 0.328601
-2.61632 0.328601
-2.61048 0.328601
-2.60464 0.328601
-2.5988 0.328601
-2.59296 0.328161
-2.58712 0.327545
-2.58128 0.326882
-2.57544 0.326176
-2.5696 0.32547
-2.56376 0.324763
-2.55792 0.323926
-2.55208 0.323
-2.54624 0.322031
-2.5404 0.320973
-2.53456 0.319871
-2.52872 0.318724
-2.52288 0.317445
-2.51704 0.316167
-2.5112 0.314976
-2.50536 0.313696
-2.49952 0.312373
-2.49368 0.311006
-2.48784 0.309682
-2.482 0.308404
-2.47616 0.306905
-2.47032 0.305361
-2.46448 0.303728
-2.45864 0.302052
-2.4528 0.300375
-2.44696 0.298699
-2.44112 0.296979
-2.43528 0.295171
-2.42944 0.293407
-2.4236 0.291597
-2.41776 0.289743
-2.41192 0.287891
-2.40608 0.286037
-2.40024 0.284097
-2.3944 0.282156
-2.38856 0.280259
-2.38272 0.278317
-2.37688 0.276419
-2.37104 0.274435
-2.3652 0.272451
-2.35936 0.270379
-2.35352 0.268394
-2.34768 0.266322
-2.34184 0.264208
-2.336 0.262092
-2.33016 0.259978
-2.32432 0.257819
-2.31848 0.25566
-2.31264 0.253503
-2.3068 0.25139
-2.30096 0.249232
-2.29512 0.247707
-2.28928 0.245296
-2.28344 0.243727
-2.2776 0.24199
-2.27176 0.240463
-2.26592 0.238519
-2.26008 0.237211
-2.25424 0.236145
-2.2484 0.233556
-2.24256 0.232236
-2.23672 0.230832
-2.23088 0.229047
-2.22504 0.226968
-2.2192 0.22522
-2.21336 0.223899
-2.20752 0.221945
-2.20168 0.220579
-2.19584 0.219551
-2.19 0.217593
-2.18416 0.215806
-2.17832 0.21533
-2.17248 0.213841
-2.16664 0.21332
-2.1608 0.210601
-2.15496 0.209536
-2.14912 0.208296
-2.14328 0.207653
-2.13744 0.205819
-2.1316 0.205006
-2.12576 0.202792
-2.11992 0.202567
-2.11408 0.200611
-2.10824 0.199333
-2.1024 0.198687
-2.09656 0.196983
-2.09072 0.196215
-2.08488 0.193539
-2.07904 0.193067
-2.0732 0.19242
-2.06736 0.192461
-2.06152 0.190035
-2.05568 0.190203
-2.04984 0.188503
-2.044 0.187232
-2.03816 0.184814
-2.03232 0.18523
-2.02648 0.185605
-2.02064 0.184964
-2.0148 0.184274
-2.00896 0.183891
-2.00312 0.183122
-1.99728 0.181255
-1.99144 0.180189
-1.9856 0.179376
-1.97976 0.178777
-1.97392 0.178181
-1.96808 0.175727
-1.96224 0.177582
-1.9564 0.177496
-1.95056 0.176094
-1.94472 0.175671
-1.93888 0.171891
-1.93304 0.171807
-1.9272 0.17075
-1.92136 0.167608
-1.91552 0.166582
-1.90968 0.161538
-1.90384 0.161496
-1.898 0.157979
-1.89216 0.157168
-1.88632 0.154412
-1.88048 0.152001
-1.87464 0.149369
-1.8688 0.147473
-1.86296 0.145268
-1.85712 0.14222
-1.85128 0.137644
-1.84544 0.139436
-1.8396 0.134608
-1.83376 0.131901
-1.82792 0.130894
-1.82208 0.127813
-1.81624 0.125575
-1.8104 0.121594
-1.80456 0.118589
-1.79872 0.117494
-1.79288 0.115594
-1.78704 0.112888
-1.7812 0.110824
-1.77536 0.108033
-1.76952 0.105544
-1.76368 0.102331
-1.75784 0.100857
-1.752 0.0968459
-1.74616 0.0928714
-1.74032 0.0922927
-1.73448 0.0896362
-1.72864 0.0857977
-1.7228 0.0850927
-1.71696 0.0785454
-1.71112 0.0783164
-1.70528 0.0748167
-1.69944 0.0736171
-1.6936 0.0688096
-1.68776 0.0674851
-1.68192 0.0655708
-1.67608 0.0627103
-1.67024 0.0597806
-1.6644 0.0579505
-1.65856 0.058365
-1.65272 0.0573971
-1.64688 0.0579532
-1.64104 0.0574976
-1.6352 0.0583307
-1.62936 0.0585641
-1.62352 0.0572261
-1.61768 0.0583361
-1.61184 0.0561923
-1.606 0.057528
-1.60016 0.0583316
-1.59432 0.0603724
-1.58848 0.0582382
-1.58264 0.0582043
-1.5768 0.0608449
-1.57096 0.0603684
-1.56512 0.0622491
-1.55928 0.0625017
-1.55344 0.0642281
-1.5476 0.066761
-1.54176 0.067716
-1.53592 0.0702571
-1.53008 0.0695174
-1.52424 0.0696722
-1.5184 0.0689686
-1.51256 0.0725851
-1.50672 0.0740472
-1.50088 0.0741802
-1.49504 0.0785751
-1.4892 0.0795504
-1.48336 0.0814223
-1.47752 0.0852313
-1.47168 0.0853233
-1.46584 0.0866565
-1.46 0.0893198
-1.45416 0.0913104
-1.44832 0.0934643
-1.44248 0.0990444
-1.43664 0.0993556
-1.4308 0.102594
-1.42496 0.107276
-1.41912 0.109947
-1.41328 0.111435
-1.40744 0.115695
-1.4016 0.117676
-1.39576 0.12061
-1.38992 0.122389
-1.38408 0.122727
-1.37824 0.126848
-1.3724 0.129626
-1.36656 0.132546
-1.36072 0.132519
-1.35488 0.136045
-1.34904 0.139587
-1.3432 0.143169
-1.33736 0.145288
-1.33152 0.150394
-1.32568 0.154584
-1.31984 0.156647
-1.314 0.157991
-1.30816 0.160508
-1.30232 0.161287
-1.29648 0.166211
-1.29064 0.167632
-1.2848 0.170399
-1.27896 0.174392
-1.27312 0.181559
-1.26728 0.182534
-1.26144 0.185308
-1.2556 0.188539
-1.24976 0.190078
-1.24392 0.192191
-1.23808 0.197334
-1.23224 0.19889
-1.2264 0.198866
-1.22056 0.203313
-1.21472 0.205848
-1.20888 0.209099
-1.20304 0.210592
-1.1972 0.213235
-1.19136 0.219701
-1.18552 0.219963
-1.17968 0.222997
-1.17384 0.223667
-1.168 0.225618
-1.16216 0.226982
-1.15632 0.230733
-1.15048 0.23172
-1.14464 0.233057
-1.1388 0.236946
-1.13296 0.240837
-1.12712 0.242984
-1.12128 0.245008
-1.11544 0.249412
-1.1096 0.253624
-1.10376 0.255057
-1.09792 0.260572
-1.09208 0.260405
-1.08624 0.260011
-1.0804 0.26262
-1.07456 0.266949
-1.06872 0.269766
-1.06288 0.271883
-1.05704 0.278501
-1.0512 0.278195
-1.04536 0.280474
-1.03952 0.286657
-1.03368 0.286175
-1.02784 0.28817
-1.022 0.291107
-1.01616 0.294416
-1.01032 0.295639
-1.00448 0.2994
-0.99864 0.302819
-0.9928 0.303271
-0.98696 0.306786
-0.98112 0.308121
-0.97528 0.30994
-0.96944 0.314035
-0.9636 0.315976
-0.95776 0.318333
-0.95192 0.319251
-0.94608 0.319397
-0.94024 0.322947
-0.9344 0.325046
-0.92856 0.326906
-0.92272 0.327696
-0.91688 0.330056
-0.91104 0.333348
-0.9052 0.33685
-0.89936 0.338281
-0.89352 0.342168
-0.88768 0.345672
-0.88184 0.347524
-0.876 0.346532
-0.87016 0.350958
-0.86432 0.349034
-0.85848 0.352401
-0.85264 0.355945
-0.8468 0.35738
-0.84096 0.360564
-0.83512 0.364448
-0.82928 0.365858
-0.82344 0.367281
-0.8176 0.37002
-0.81176 0.37165
-0.80592 0.373279
-0.80008 0.37483
-0.79424 0.376041
-0.7884 0.376537
-0.78256 0.377404
-0.77672 0.378953
-0.77088 0.381164
-0.76504 0.380308
-0.7592 0.38146
-0.75336 0.383091
-0.74752 0.38248
-0.74168 0.383503
-0.73584 0.38411
-0.73 0.384513
-0.72416 0.383231
-0.71832 0.38557
-0.71248 0.384738
-0.70664 0.385938
-0.7008 0.387003
-0.69496 0.38785
-0.68912 0.388368
-0.68328 0.388924
-0.67744 0.390583
-0.6716 0.392362
-0.66576 0.39367
-0.65992 0.394769
-0.65408 0.395476
-0.64824 0.394471
-0.6424 0.395051
-0.63656 0.396303
-0.63072 0.397512
-0.62488 0.398637
-0.61904 0.400934
-0.6132 0.401588
-0.60736 0.401902
-0.60152 0.401661
-0.59568 0.401661
-0.58984 0.401661
-0.584 0.401661
-0.57816 0.401661
-0.57232 0.401661
-0.56648 0.401661
-0.56064 0.401661
-0.5548 0.401661
-0.54896 0.401661
-0.54312 0.401661
-0.53728 0.401661
-0.53144 0.401661
-0.5256 0.401661
-0.51976 0.401661
-0.51392 0.401661
-0.50808 0.401661
-0.50224 0.401661
-0.4964 0.401661
-0.49056 0.401661
-0.48472 0.401661
-0.47888 0.401661
-0.47304 0.401661
-0.4672 0.401661
-0.46136 0.401661
-0.45552 0.401661
-0.44968 0.401661
-0.44384 0.401661
-0.438 0.401661
-0.43216 0.401661
-0.42632 0.401661
-0.42048 0.401661
-0.41464 0.401661
-0.4088 0.401661
-0.40296 0.401661
-0.39712 0.401661
-0.39128 0.401661
-0.38544 0.401661
-0.3796 0.401661
-0.37376 0.401661
-0.36792 0.401661
-0.36208 0.401661
-0.35624 0.401661
-0.3504 0.401661
-0.34456 0.401661
-0.33872 0.401661
-0.33288 0.401661
-0.32704 0.401661
-0.3212 0.401661
-0.31536 0.401661
-0.30952 0.401661
-0.30368 0.401661
-0.29784 0.401661
-0.292 0.401661
-0.28616 0.401661
-0.28032 0.401661
-0.27448 0.401661
-0.26864 0.401661
-0.2628 0.401661
-0.25696 0.401661
-0.25112 0.401661
-0.24528 0.401661
-0.23944 0.401661
-0.2336 0.401661
-0.22776 0.401661
-0.22192 0.401661
-0.21608 0.401661
-0.21024 0.401661
-0.2044 0.401661
-0.19856 0.401661
-0.19272 0.401661
-0.18688 0.401661
-0.18104 0.401661
-0.1752 0.401661
-0.16936 0.401661
-0.16352 0.401661
-0.15768 0.401661
-0.15184 0.401661
-0.146 0.401661
-0.14016 0.401661
-0.13432 0.401661
-0.12848 0.401661
-0.12264 0.401661
-0.1168 0.401661
-0.11096 0.401661
-0.10512 0.401661
-0.09928 0.401661
-0.09344 0.401661
-0.0876 0.401661
-0.08176 0.401661
-0.07592 0.401661
-0.07008 0.401661
-0.06424 0.401661
-0.0584 0.401661
-0.05256 0.401661
-0.04672 0.401661
-0.04088 0.401661
-0.03504 0.401661
-0.0292 0.401661
-0.02336 0.401661
-0.01752 0.401661
-0.01168 0.401661
-0.00584 0.401661
