-2.92 0.313533
-2.91416 0.313533
-2.90832 0.313533
-2.90248 0.313533
-2.89664 0.313533
-2.8908 0.313533
-2.88496 0.313533
-2.87912 0.313533
-2.87328 0.313533
-2.86744 0.313533
-2.8616 0.313533
-2.85576 0.313533
-2.84992 0.313533
-2.84408 0.313533
-2.83824 0.313533
-2.8324 0.313533
-2.82656 0.313533
-2.82072 0.313533
-2.81488 0.313533
-2.80904 0.313533
-2.8032 0.313533
-2.79736 0.313533
-2.79152 0.313533
-2.78568 0.313533
-2.77984 0.313533
-2.774 0.313533
-2.76816 0.313533
-2.76232 0.313533
-2.75648 0.313533
-2.75064 0.313533
-2.7448 0.313533
-2.73896 0.313533
-2.73312 0.313533
-2.72728 0.313533
-2.72144 0.313533
-2.7156 0.313533
-2.70976 0.313533
-2.70392 0.313533
-2.69808 0.313533
-2.69224 0.313533
-2.6864 0.313533
-2.68056 0.313533
-2.67472 0.313533
-2.66888 0.313533
-2.66304 0.313533
-2.6572 0.313533
-2.65136 0.313533
-2.64552 0.313533
-2.63968 0.313533
-2.63384 0.313533
-2.628 0.313533
-2.62216 0.313533
-2.61632 0.313533
-2.61048 0.313533
-2.60464 0.313533
-2.5988 0.313533
-2.59296 0.313179
-2.58712 0.312603
-2.58128 0.311893
-2.57544 0.311053
-2.5696 0.310169
-2.56376 0.309153
-2.55792 0.308091
-2.55208 0.307029
-2.54624 0.305965
-2.5404 0.304859
-2.53456 0.303796
-2.52872 0.302645
-2.52288 0.301449
-2.51704 0.300167
-2.5112 0.298885
-2.50536 0.297603
-2.49952 0.296322
-2.49368 0.295038
-2.48784 0.293665
-2.482 0.292558
-2.47616 0.29114
-2.47032 0.289677
-2.46448 0.288215
-2.45864 0.286665
-2.4528 0.285115
-2.44696 0.283567
-2.44112 0.281974
-2.43528 0.28025
-2.42944 0.278484
-2.4236 0.276718
-2.41776 0.274951
-2.41192 0.273229
-2.40608 0.271419
-2.40024 0.269607
-2.3944 0.267796
-2.38856 0.266032
-2.38272 0.264177
-2.37688 0.262278
-2.37104 0.260335
-2.3652 0.258437
-2.35936 0.256452
-2.35352 0.254552
-2.34768 0.252608
-2.34184 0.250664
-2.336 0.248675
-2.33016 0.246731
-2.32432 0.244873
-2.31848 0.242886
-2.31264 0.240896
-2.3068 0.238865
-2.30096 0.236834
-2.29512 0.234887
-2.28928 0.232813
-2.28344 0.230824
-2.2776 0.228792
-2.27176 0.226845
-2.26592 0.224814
-2.26008 0.222912
-2.25424 0.221127
-2.2484 0.219003
-2.24256 0.216838
-2.23672 0.214715
-2.23088 0.212633
-2.22504 0.21064
-2.2192 0.208473
-2.21336 0.206814
-2.20752 0.204603
-2.20168 0.202646
-2.19584 0.200267
-2.19 0.198437
-2.18416 0.19623
-2.17832 0.194274
-2.17248 0.192319
-2.16664 0.190407
-2.1608 0.187942
-2.15496 0.185813
-2.14912 0.183856
-2.14328 0.1819
-2.13744 0.179897
-2.1316 0.178366
-2.12576 0.175308
-2.11992 0.174026
-2.11408 0.171308
-2.10824 0.169222
-2.1024 0.167434
-2.09656 0.166239
-2.09072 0.163094
-2.08488 0.162365
-2.07904 0.158756
-2.0732 0.157857
-2.06736 0.15556
-2.06152 0.153055
-2.05568 0.151229
-2.04984 0.148973
-2.044 0.146644
-2.03816 0.146036
-2.03232 0.142468
-2.02648 0.141231
-2.02064 0.1391
-2.0148 0.137227
-2.00896 0.135402
-2.00312 0.132169
-1.99728 0.131144
-1.99144 0.128509
-1.9856 0.128915
-1.97976 0.12734
-1.97392 0.125107
-1.96808 0.124799
-1.96224 0.124809
-1.9564 0.121903
-1.95056 0.12274
-1.94472 0.120486
-1.93888 0.120792
-1.93304 0.119257
-1.9272 0.118944
-1.92136 0.11889
-1.91552 0.117318
-1.90968 0.11694
-1.90384 0.115742
-1.898 0.115492
-1.89216 0.115257
-1.88632 0.116621
-1.88048 0.11572
-1.87464 0.117335
-1.8688 0.116587
-1.86296 0.116387
-1.85712 0.114502
-1.85128 0.114603
-1.84544 0.116553
-1.8396 0.115627
-1.83376 0.116206
-1.82792 0.117305
-1.82208 0.117192
-1.81624 0.116155
-1.8104 0.117376
-1.80456 0.116193
-1.79872 0.11787
-1.79288 0.116869
-1.78704 0.118299
-1.7812 0.118283
-1.77536 0.117634
-1.76952 0.120486
-1.76368 0.120472
-1.75784 0.120882
-1.752 0.122486
-1.74616 0.121191
-1.74032 0.123681
-1.73448 0.123427
-1.72864 0.123258
-1.7228 0.126185
-1.71696 0.123732
-1.71112 0.126397
-1.70528 0.128229
-1.69944 0.126437
-1.6936 0.128976
-1.68776 0.13034
-1.68192 0.130147
-1.67608 0.128621
-1.67024 0.13177
-1.6644 0.130978
-1.65856 0.131842
-1.65272 0.133476
-1.64688 0.131456
-1.64104 0.132031
-1.6352 0.129752
-1.62936 0.132084
-1.62352 0.132223
-1.61768 0.130862
-1.61184 0.129928
-1.606 0.135303
-1.60016 0.13972
-1.59432 0.137255
-1.58848 0.141156
-1.58264 0.142284
-1.5768 0.144965
-1.57096 0.145058
-1.56512 0.145412
-1.55928 0.148301
-1.55344 0.154313
-1.5476 0.153633
-1.54176 0.156658
-1.53592 0.162026
-1.53008 0.161345
-1.52424 0.165272
-1.5184 0.165648
-1.51256 0.168642
-1.50672 0.170169
-1.50088 0.175531
-1.49504 0.181833
-1.4892 0.181316
-1.48336 0.180139
-1.47752 0.183334
-1.47168 0.185002
-1.46584 0.190365
-1.46 0.190051
-1.45416 0.194187
-1.44832 0.196788
-1.44248 0.202962
-1.43664 0.204959
-1.4308 0.204339
-1.42496 0.212334
-1.41912 0.209131
-1.41328 0.212735
-1.40744 0.218602
-1.4016 0.219373
-1.39576 0.222849
-1.38992 0.227249
-1.38408 0.228609
-1.37824 0.23179
-1.3724 0.236361
-1.36656 0.23436
-1.36072 0.242625
-1.35488 0.240213
-1.34904 0.24299
-1.3432 0.246443
-1.33736 0.249806
-1.33152 0.257184
-1.32568 0.258435
-1.31984 0.259413
-1.314 0.264608
-1.30816 0.263537
-1.30232 0.270372
-1.29648 0.268222
-1.29064 0.273393
-1.2848 0.278885
-1.27896 0.280112
-1.27312 0.282878
-1.26728 0.284581
-1.26144 0.283657
-1.2556 0.288415
-1.24976 0.289282
-1.24392 0.296375
-1.23808 0.295445
-1.23224 0.30039
-1.2264 0.30218
-1.22056 0.305373
-1.21472 0.310068
-1.20888 0.309161
-1.20304 0.312334
-1.1972 0.316973
-1.19136 0.319381
-1.18552 0.321159
-1.17968 0.32197
-1.17384 0.323421
-1.168 0.330543
-1.16216 0.335658
-1.15632 0.334862
-1.15048 0.337744
-1.14464 0.340737
-1.1388 0.340251
-1.13296 0.340032
-1.12712 0.340642
-1.12128 0.345374
-1.11544 0.351245
-1.1096 0.347823
-1.10376 0.352555
-1.09792 0.357636
-1.09208 0.355254
-1.08624 0.357286
-1.0804 0.358345
-1.07456 0.360477
-1.06872 0.363168
-1.06288 0.367435
-1.05704 0.37254
-1.0512 0.371134
-1.04536 0.36895
-1.03952 0.37004
-1.03368 0.370545
-1.02784 0.371379
-1.022 0.371906
-1.01616 0.3714
-1.01032 0.372299
-1.00448 0.376483
-0.99864 0.375248
-0.9928 0.374209
-0.98696 0.377365
-0.98112 0.373369
-0.97528 0.375041
-0.96944 0.377817
-0.9636 0.377219
-0.95776 0.378416
-0.95192 0.378146
-0.94608 0.378121
-0.94024 0.378971
-0.9344 0.380068
-0.92856 0.377234
-0.92272 0.381688
-0.91688 0.378133
-0.91104 0.377875
-0.9052 0.37878
-0.89936 0.380709
-0.89352 0.383137
-0.88768 0.383868
-0.88184 0.382576
-0.876 0.384413
-0.87016 0.38177
-0.86432 0.383902
-0.85848 0.384425
-0.85264 0.384647
-0.8468 0.385387
-0.84096 0.38576
-0.83512 0.387423
-0.82928 0.38521
-0.82344 0.384442
-0.8176 0.385751
-0.81176 0.383966
-0.80592 0.385557
-0.80008 0.385302
-0.79424 0.385863
-0.7884 0.386435
-0.78256 0.386077
-0.77672 0.387004
-0.77088 0.388014
-0.76504 0.38728
-0.7592 0.387339
-0.75336 0.388223
-0.74752 0.388164
-0.74168 0.389546
-0.73584 0.390848
-0.73 0.392414
-0.72416 0.393311
-0.71832 0.393424
-0.71248 0.393884
-0.70664 0.395733
-0.7008 0.396313
-0.69496 0.397793
-0.68912 0.398573
-0.68328 0.40018
-0.67744 0.403489
-0.6716 0.405386
-0.66576 0.406636
-0.65992 0.408251
-0.65408 0.408195
-0.64824 0.409418
-0.6424 0.411404
-0.63656 0.413072
-0.63072 0.413348
-0.62488 0.414726
-0.61904 0.414815
-0.6132 0.414589
-0.60736 0.414487
-0.60152 0.415094
-0.59568 0.415094
-0.58984 0.415094
-0.584 0.415094
-0.57816 0.415094
-0.57232 0.415094
-0.56648 0.415094
-0.56064 0.415094
-0.5548 0.415094
-0.54896 0.415094
-0.54312 0.415094
-0.53728 0.415094
-0.53144 0.415094
-0.5256 0.415094
-0.51976 0.415094
-0.51392 0.415094
-0.50808 0.415094
-0.50224 0.415094
-0.4964 0.415094
-0.49056 0.415094
-0.48472 0.415094
-0.47888 0.415094
-0.47304 0.415094
-0.4672 0.415094
-0.46136 0.415094
-0.45552 0.415094
-0.44968 0.415094
-0.44384 0.415094
-0.438 0.415094
-0.43216 0.415094
-0.42632 0.415094
-0.42048 0.415094
-0.41464 0.415094
-0.4088 0.415094
-0.40296 0.415094
-0.39712 0.415094
-0.39128 0.415094
-0.38544 0.415094
-0.3796 0.415094
-0.37376 0.415094
-0.36792 0.415094
-0.36208 0.415094
-0.35624 0.415094
-0.3504 0.415094
-0.34456 0.415094
-0.33872 0.415094
-0.33288 0.415094
-0.32704 0.415094
-0.3212 0.415094
-0.31536 0.415094
-0.30952 0.415094
-0.30368 0.415094
-0.29784 0.415094
-0.292 0.415094
-0.28616 0.415094
-0.28032 0.415094
-0.27448 0.415094
-0.26864 0.415094
-0.2628 0.415094
-0.25696 0.415094
-0.25112 0.415094
-0.24528 0.415094
-0.23944 0.415094
-0.2336 0.415094
-0.22776 0.415094
-0.22192 0.415094
-0.21608 0.415094
-0.21024 0.415094
-0.2044 0.415094
-0.19856 0.415094
-0.19272 0.415094
-0.18688 0.415094
-0.18104 0.415094
-0.1752 0.415094
-0.16936 0.415094
-0.16352 0.415094
-0.15768 0.415094
-0.15184 0.415094
-0.146 0.415094
-0.14016 0.415094
-0.13432 0.415094
-0.12848 0.415094
-0.12264 0.415094
-0.1168 0.415094
-0.11096 0.415094
-0.10512 0.415094
-0.09928 0.415094
-0.09344 0.415094
-0.0876 0.415094
-0.08176 0.415094
-0.07592 0.415094
-0.07008 0.415094
-0.06424 0.415094
-0.0584 0.415094
-0.05256 0.415094
-0.04672 0.415094
-0.04088 0.415094
-0.03504 0.415094
-0.0292 0.415094
-0.02336 0.415094
-0.01752 0.415094
-0.01168 0.415094
-0.00584 0.415094
