-2.92 0.331927
-2.91416 0.331927
-2.90832 0.331927
-2.90248 0.331927
-2.89664 0.331927
-2.8908 0.331927
-2.88496 0.331927
-2.87912 0.331927
-2.87328 0.331927
-2.86744 0.331927
-2.8616 0.331927
-2.85576 0.331927
-2.84992 0.331927
-2.84408 0.331927
-2.83824 0.331927
-2.8324 0.331927
-2.82656 0.331927
-2.82072 0.331927
-2.81488 0.331927
-2.80904 0.331927
-2.8032 0.331927
-2.79736 0.331927
-2.79152 0.331927
-2.78568 0.331927
-2.77984 0.331927
-2.774 0.331927
-2.76816 0.331927
-2.76232 0.331927
-2.75648 0.331927
-2.75064 0.331927
-2.7448 0.331927
-2.73896 0.331927
-2.73312 0.331927
-2.72728 0.331927
-2.72144 0.331927
-2.7156 0.331927
-2.70976 0.331927
-2.70392 0.331927
-2.69808 0.331927
-2.69224 0.331927
-2.6864 0.331927
-2.68056 0.331927
-2.67472 0.331927
-2.66888 0.331927
-2.66304 0.331927
-2.6572 0.331927
-2.65136 0.331927
-2.64552 0.331927
-2.63968 0.331927
-2.63384 0.331927
-2.628 0.331927
-2.62216 0.331927
-2.61632 0.331927
-2.61048 0.331927
-2.60464 0.331927
-2.5988 0.331927
-2.59296 0.33175
-2.58712 0.331395
-2.58128 0.330908
-2.57544 0.330289
-2.5696 0.329626
-2.56376 0.328874
-2.55792 0.328122
-2.55208 0.327255
-2.54624 0.326343
-2.5404 0.32535
-2.53456 0.324226
-2.52872 0.323102
-2.52288 0.32189
-2.51704 0.320721
-2.5112 0.319595
-2.50536 0.318382
-2.49952 0.317167
-2.49368 0.315866
-2.48784 0.314477
-2.482 0.313089
-2.47616 0.311524
-2.47032 0.309913
-2.46448 0.308345
-2.45864 0.306689
-2.4528 0.305033
-2.44696 0.303421
-2.44112 0.301719
-2.43528 0.299928
-2.42944 0.298175
-2.4236 0.296342
-2.41776 0.294508
-2.41192 0.292672
-2.40608 0.290793
-2.40024 0.288871
-2.3944 0.286861
-2.38856 0.284923
-2.38272 0.283
-2.37688 0.280991
-2.37104 0.279068
-2.3652 0.277015
-2.35936 0.274872
-2.35352 0.272773
-2.34768 0.270718
-2.34184 0.268576
-2.336 0.266345
-2.33016 0.264113
-2.32432 0.261928
-2.31848 0.259653
-2.31264 0.257423
-2.3068 0.255281
-2.30096 0.253006
-2.29512 0.250734
-2.28928 0.248417
-2.28344 0.246144
-2.2776 0.243784
-2.27176 0.24147
-2.26592 0.239197
-2.26008 0.236925
-2.25424 0.234561
-2.2484 0.232282
-2.24256 0.229835
-2.23672 0.227425
-2.23088 0.22506
-2.22504 0.222699
-2.2192 0.220248
-2.21336 0.217875
-2.20752 0.215597
-2.20168 0.213185
-2.19584 0.210902
-2.19 0.208449
-2.18416 0.206249
-2.17832 0.203755
-2.17248 0.201286
-2.16664 0.198916
-2.1608 0.196592
-2.15496 0.194222
-2.14912 0.191725
-2.14328 0.189355
-2.13744 0.18707
-2.1316 0.184703
-2.12576 0.181996
-2.11992 0.179414
-2.11408 0.177169
-2.10824 0.174797
-2.1024 0.172175
-2.09656 0.169846
-2.09072 0.167392
-2.08488 0.164939
-2.07904 0.162823
-2.0732 0.160328
-2.06736 0.157871
-2.06152 0.155038
-2.05568 0.152672
-2.04984 0.150471
-2.044 0.148237
-2.03816 0.146036
-2.03232 0.143285
-2.02648 0.141548
-2.02064 0.138462
-2.0148 0.135755
-2.00896 0.134022
-2.00312 0.131058
-1.99728 0.129743
-1.99144 0.127335
-1.9856 0.125766
-1.97976 0.124332
-1.97392 0.124034
-1.96808 0.122643
-1.96224 0.120964
-1.9564 0.12155
-1.95056 0.118987
-1.94472 0.117745
-1.93888 0.117225
-1.93304 0.117413
-1.9272 0.115362
-1.92136 0.114175
-1.91552 0.114165
-1.90968 0.113127
-1.90384 0.111849
-1.898 0.110854
-1.89216 0.111002
-1.88632 0.111394
-1.88048 0.110854
-1.87464 0.110124
-1.8688 0.110424
-1.86296 0.109329
-1.85712 0.109435
-1.85128 0.109686
-1.84544 0.109144
-1.8396 0.108151
-1.83376 0.10959
-1.82792 0.109283
-1.82208 0.109936
-1.81624 0.111212
-1.8104 0.109418
-1.80456 0.109205
-1.79872 0.110412
-1.79288 0.111987
-1.78704 0.112608
-1.7812 0.111728
-1.77536 0.111725
-1.76952 0.111969
-1.76368 0.111426
-1.75784 0.114338
-1.752 0.112389
-1.74616 0.115124
-1.74032 0.115672
-1.73448 0.116183
-1.72864 0.117156
-1.7228 0.117704
-1.71696 0.120408
-1.71112 0.119466
-1.70528 0.120038
-1.69944 0.121488
-1.6936 0.124431
-1.68776 0.12368
-1.68192 0.125025
-1.67608 0.12231
-1.67024 0.12424
-1.6644 0.124405
-1.65856 0.125715
-1.65272 0.126434
-1.64688 0.126317
-1.64104 0.127568
-1.6352 0.130072
-1.62936 0.128516
-1.62352 0.128884
-1.61768 0.130637
-1.61184 0.130496
-1.606 0.132466
-1.60016 0.136699
-1.59432 0.134924
-1.58848 0.139222
-1.58264 0.144883
-1.5768 0.140492
-1.57096 0.143842
-1.56512 0.146265
-1.55928 0.150729
-1.55344 0.151015
-1.5476 0.15673
-1.54176 0.159811
-1.53592 0.160279
-1.53008 0.161426
-1.52424 0.161796
-1.5184 0.167954
-1.51256 0.169363
-1.50672 0.172956
-1.50088 0.172927
-1.49504 0.178755
-1.4892 0.179348
-1.48336 0.18212
-1.47752 0.184695
-1.47168 0.184881
-1.46584 0.18824
-1.46 0.193151
-1.45416 0.193117
-1.44832 0.194873
-1.44248 0.198247
-1.43664 0.2021
-1.4308 0.206636
-1.42496 0.212104
-1.41912 0.214534
-1.41328 0.215394
-1.40744 0.218247
-1.4016 0.220903
-1.39576 0.224941
-1.38992 0.229278
-1.38408 0.23419
-1.37824 0.238366
-1.3724 0.23838
-1.36656 0.241507
-1.36072 0.244801
-1.35488 0.247151
-1.34904 0.248443
-1.3432 0.252103
-1.33736 0.254266
-1.33152 0.259059
-1.32568 0.260624
-1.31984 0.266521
-1.314 0.265847
-1.30816 0.26834
-1.30232 0.275226
-1.29648 0.278812
-1.29064 0.281434
-1.2848 0.284222
-1.27896 0.288572
-1.27312 0.289198
-1.26728 0.2893
-1.26144 0.295691
-1.2556 0.298005
-1.24976 0.299604
-1.24392 0.304883
-1.23808 0.303958
-1.23224 0.308898
-1.2264 0.311097
-1.22056 0.315033
-1.21472 0.31863
-1.20888 0.320382
-1.20304 0.327791
-1.1972 0.329447
-1.19136 0.329696
-1.18552 0.332849
-1.17968 0.338539
-1.17384 0.339744
-1.168 0.342734
-1.16216 0.347017
-1.15632 0.343873
-1.15048 0.349983
-1.14464 0.35566
-1.1388 0.352615
-1.13296 0.355128
-1.12712 0.35843
-1.12128 0.363299
-1.11544 0.36406
-1.1096 0.371097
-1.10376 0.373619
-1.09792 0.374872
-1.09208 0.373421
-1.08624 0.372719
-1.0804 0.380605
-1.07456 0.38122
-1.06872 0.384535
-1.06288 0.385665
-1.05704 0.389438
-1.0512 0.389357
-1.04536 0.390573
-1.03952 0.392981
-1.03368 0.393125
-1.02784 0.392462
-1.022 0.395667
-1.01616 0.394329
-1.01032 0.393709
-1.00448 0.395258
-0.99864 0.397695
-0.9928 0.399049
-0.98696 0.402793
-0.98112 0.402741
-0.97528 0.401909
-0.96944 0.402047
-0.9636 0.403093
-0.95776 0.405052
-0.95192 0.407438
-0.94608 0.408562
-0.94024 0.408814
-0.9344 0.41002
-0.92856 0.410129
-0.92272 0.410209
-0.91688 0.411024
-0.91104 0.40939
-0.9052 0.410474
-0.89936 0.412545
-0.89352 0.415017
-0.88768 0.413737
-0.88184 0.416604
-0.876 0.416721
-0.87016 0.415529
-0.86432 0.418609
-0.85848 0.419315
-0.85264 0.421057
-0.8468 0.421867
-0.84096 0.421939
-0.83512 0.423637
-0.82928 0.422345
-0.82344 0.422738
-0.8176 0.423257
-0.81176 0.423674
-0.80592 0.42549
-0.80008 0.423552
-0.79424 0.426548
-0.7884 0.426468
-0.78256 0.427478
-0.77672 0.427962
-0.77088 0.429144
-0.76504 0.431184
-0.7592 0.430548
-0.75336 0.431424
-0.74752 0.43246
-0.74168 0.434329
-0.73584 0.435257
-0.73 0.436904
-0.72416 0.437606
-0.71832 0.437882
-0.71248 0.439384
-0.70664 0.440322
-0.7008 0.441543
-0.69496 0.441968
-0.68912 0.443159
-0.68328 0.444806
-0.67744 0.448322
-0.6716 0.449324
-0.66576 0.450886
-0.65992 0.451478
-0.65408 0.452373
-0.64824 0.452884
-0.6424 0.455598
-0.63656 0.456562
-0.63072 0.457094
-0.62488 0.457628
-0.61904 0.457822
-0.6132 0.457632
-0.60736 0.457021
-0.60152 0.457584
-0.59568 0.457584
-0.58984 0.457584
-0.584 0.457584
-0.57816 0.457584
-0.57232 0.457584
-0.56648 0.457584
-0.56064 0.457584
-0.5548 0.457584
-0.54896 0.457584
-0.54312 0.457584
-0.53728 0.457584
-0.53144 0.457584
-0.5256 0.457584
-0.51976 0.457584
-0.51392 0.457584
-0.50808 0.457584
-0.50224 0.457584
-0.4964 0.457584
-0.49056 0.457584
-0.48472 0.457584
-0.47888 0.457584
-0.47304 0.457584
-0.4672 0.457584
-0.46136 0.457584
-0.45552 0.457584
-0.44968 0.457584
-0.44384 0.457584
-0.438 0.457584
-0.43216 0.457584
-0.42632 0.457584
-0.42048 0.457584
-0.41464 0.457584
-0.4088 0.457584
-0.40296 0.457584
-0.39712 0.457584
-0.39128 0.457584
-0.38544 0.457584
-0.3796 0.457584
-0.37376 0.457584
-0.36792 0.457584
-0.36208 0.457584
-0.35624 0.457584
-0.3504 0.457584
-0.34456 0.457584
-0.33872 0.457584
-0.33288 0.457584
-0.32704 0.457584
-0.3212 0.457584
-0.31536 0.457584
-0.30952 0.457584
-0.30368 0.457584
-0.29784 0.457584
-0.292 0.457584
-0.28616 0.457584
-0.28032 0.457584
-0.27448 0.457584
-0.26864 0.457584
-0.2628 0.457584
-0.25696 0.457584
-0.25112 0.457584
-0.24528 0.457584
-0.23944 0.457584
-0.2336 0.457584
-0.22776 0.457584
-0.22192 0.457584
-0.21608 0.457584
-0.21024 0.457584
-0.2044 0.457584
-0.19856 0.457584
-0.19272 0.457584
-0.18688 0.457584
-0.18104 0.457584
-0.1752 0.457584
-0.16936 0.457584
-0.16352 0.457584
-0.15768 0.457584
-0.15184 0.457584
-0.146 0.457584
-0.14016 0.457584
-0.13432 0.457584
-0.12848 0.457584
-0.12264 0.457584
-0.1168 0.457584
-0.11096 0.457584
-0.10512 0.457584
-0.09928 0.457584
-0.09344 0.457584
-0.0876 0.457584
-0.08176 0.457584
-0.07592 0.457584
-0.07008 0.457584
-0.06424 0.457584
-0.0584 0.457584
-0.05256 0.457584
-0.04672 0.457584
-0.04088 0.457584
-0.03504 0.457584
-0.0292 0.457584
-0.02336 0.457584
-0.01752 0.457584
-0.01168 0.457584
-0.00584 0.457584
