-2.92 0.294929
-2.91416 0.294929
-2.90832 0.294929
-2.90248 0.294929
-2.89664 0.294929
-2.8908 0.294929
-2.88496 0.294929
-2.87912 0.294929
-2.87328 0.294929
-2.86744 0.294929
-2.8616 0.294929
-2.85576 0.294929
-2.84992 0.294929
-2.84408 0.294929
-2.83824 0.294929
-2.8324 0.294929
-2.82656 0.294929
-2.82072 0.294929
-2.81488 0.294929
-2.80904 0.294929
-2.8032 0.294929
-2.79736 0.294929
-2.79152 0.294929
-2.78568 0.294929
-2.77984 0.294929
-2.774 0.294929
-2.76816 0.294929
-2.76232 0.294929
-2.75648 0.294929
-2.75064 0.294929
-2.7448 0.294929
-2.73896 0.294929
-2.73312 0.294929
-2.72728 0.294929
-2.72144 0.294929
-2.7156 0.294929
-2.70976 0.294929
-2.70392 0.294929
-2.69808 0.294929
-2.69224 0.294929
-2.6864 0.294929
-2.68056 0.294929
-2.67472 0.294929
-2.66888 0.294929
-2.66304 0.294929
-2.6572 0.294929
-2.65136 0.294929
-2.64552 0.294929
-2.63968 0.294929
-2.63384 0.294929
-2.628 0.294929
-2.62216 0.294929
-2.61632 0.294929
-2.61048 0.294929
-2.60464 0.294929
-2.5988 0.294929
-2.59296 0.294484
-2.58712 0.293996
-2.58128 0.293291
-2.57544 0.29254
-2.5696 0.291787
-2.56376 0.291036
-2.55792 0.290154
-2.55208 0.289315
-2.54624 0.288342
-2.5404 0.28728
-2.53456 0.286175
-2.52872 0.285025
-2.52288 0.283919
-2.51704 0.282768
-2.5112 0.281617
-2.50536 0.280422
-2.49952 0.279182
-2.49368 0.277943
-2.48784 0.276747
-2.482 0.275507
-2.47616 0.274133
-2.47032 0.272627
-2.46448 0.271121
-2.45864 0.269572
-2.4528 0.268023
-2.44696 0.266474
-2.44112 0.264968
-2.43528 0.263374
-2.42944 0.261782
-2.4236 0.260145
-2.41776 0.258509
-2.41192 0.256916
-2.40608 0.255233
-2.40024 0.253507
-2.3944 0.251737
-2.38856 0.250055
-2.38272 0.248329
-2.37688 0.246557
-2.37104 0.24483
-2.3652 0.243013
-2.35936 0.241154
-2.35352 0.239382
-2.34768 0.237523
-2.34184 0.235662
-2.336 0.233801
-2.33016 0.232029
-2.32432 0.230168
-2.31848 0.22822
-2.31264 0.226272
-2.3068 0.224367
-2.30096 0.222549
-2.29512 0.221238
-2.28928 0.219119
-2.28344 0.217974
-2.2776 0.216233
-2.27176 0.215137
-2.26592 0.214162
-2.26008 0.212257
-2.25424 0.211444
-2.2484 0.210034
-2.24256 0.20905
-2.23672 0.207308
-2.23088 0.206366
-2.22504 0.205253
-2.2192 0.204525
-2.21336 0.203201
-2.20752 0.202389
-2.20168 0.200433
-2.19584 0.199831
-2.19 0.198383
-2.18416 0.197313
-2.17832 0.196924
-2.17248 0.19721
-2.16664 0.194488
-2.1608 0.194057
-2.15496 0.192524
-2.14912 0.191963
-2.14328 0.190939
-2.13744 0.190248
-2.1316 0.189439
-2.12576 0.188241
-2.11992 0.18781
-2.11408 0.187633
-2.10824 0.186184
-2.1024 0.186423
-2.09656 0.184169
-2.09072 0.182805
-2.08488 0.182753
-2.07904 0.184227
-2.0732 0.182227
-2.06736 0.181287
-2.06152 0.18039
-2.05568 0.179073
-2.04984 0.181693
-2.044 0.179995
-2.03816 0.177451
-2.03232 0.177445
-2.02648 0.17641
-2.02064 0.1759
-2.0148 0.176017
-2.00896 0.175044
-2.00312 0.17461
-1.99728 0.175452
-1.99144 0.175325
-1.9856 0.174682
-1.97976 0.174001
-1.97392 0.171411
-1.96808 0.173611
-1.96224 0.171276
-1.9564 0.172077
-1.95056 0.170508
-1.94472 0.171818
-1.93888 0.169482
-1.93304 0.168595
-1.9272 0.167779
-1.92136 0.165784
-1.91552 0.16273
-1.90968 0.162732
-1.90384 0.160225
-1.898 0.157423
-1.89216 0.156111
-1.88632 0.153756
-1.88048 0.15187
-1.87464 0.150729
-1.8688 0.149285
-1.86296 0.144419
-1.85712 0.143437
-1.85128 0.141374
-1.84544 0.139042
-1.8396 0.136416
-1.83376 0.132448
-1.82792 0.129516
-1.82208 0.128186
-1.81624 0.126616
-1.8104 0.125866
-1.80456 0.122901
-1.79872 0.117136
-1.79288 0.116082
-1.78704 0.114313
-1.7812 0.110758
-1.77536 0.107844
-1.76952 0.104639
-1.76368 0.101932
-1.75784 0.101101
-1.752 0.0988335
-1.74616 0.0928231
-1.74032 0.0925413
-1.73448 0.0886723
-1.72864 0.0870261
-1.7228 0.0853133
-1.71696 0.0826592
-1.71112 0.0778489
-1.70528 0.0763426
-1.69944 0.0741107
-1.6936 0.0711807
-1.68776 0.067977
-1.68192 0.0652834
-1.67608 0.0635498
-1.67024 0.0617917
-1.6644 0.0589863
-1.65856 0.0595314
-1.65272 0.057385
-1.64688 0.0577945
-1.64104 0.056687
-1.6352 0.0559681
-1.62936 0.0557209
-1.62352 0.0560201
-1.61768 0.0543328
-1.61184 0.0554983
-1.606 0.0549255
-1.60016 0.0520705
-1.59432 0.0552558
-1.58848 0.0541623
-1.58264 0.0540865
-1.5768 0.0557257
-1.57096 0.054796
-1.56512 0.0563029
-1.55928 0.0561502
-1.55344 0.057705
-1.5476 0.058998
-1.54176 0.062391
-1.53592 0.0635063
-1.53008 0.0627253
-1.52424 0.0626124
-1.5184 0.064393
-1.51256 0.0666459
-1.50672 0.0633606
-1.50088 0.0666397
-1.49504 0.0720061
-1.4892 0.0737882
-1.48336 0.0751633
-1.47752 0.0761
-1.47168 0.0765891
-1.46584 0.0775813
-1.46 0.0826647
-1.45416 0.0852917
-1.44832 0.0852713
-1.44248 0.0912489
-1.43664 0.0942824
-1.4308 0.0961353
-1.42496 0.0978703
-1.41912 0.101312
-1.41328 0.104719
-1.40744 0.106298
-1.4016 0.107082
-1.39576 0.111677
-1.38992 0.115533
-1.38408 0.110757
-1.37824 0.115764
-1.3724 0.119095
-1.36656 0.121722
-1.36072 0.123869
-1.35488 0.12669
-1.34904 0.128468
-1.3432 0.132951
-1.33736 0.136416
-1.33152 0.13957
-1.32568 0.145857
-1.31984 0.147548
-1.314 0.147504
-1.30816 0.149348
-1.30232 0.152183
-1.29648 0.156313
-1.29064 0.158826
-1.2848 0.161437
-1.27896 0.166499
-1.27312 0.16917
-1.26728 0.175105
-1.26144 0.174851
-1.2556 0.178657
-1.24976 0.182361
-1.24392 0.187595
-1.23808 0.186404
-1.23224 0.190724
-1.2264 0.193263
-1.22056 0.196988
-1.21472 0.198791
-1.20888 0.203768
-1.20304 0.205496
-1.1972 0.209493
-1.19136 0.214738
-1.18552 0.21623
-1.17968 0.217779
-1.17384 0.222473
-1.168 0.222709
-1.16216 0.222254
-1.15632 0.225531
-1.15048 0.228824
-1.14464 0.231334
-1.1388 0.233756
-1.13296 0.236322
-1.12712 0.240721
-1.12128 0.244225
-1.11544 0.24884
-1.1096 0.250149
-1.10376 0.257345
-1.09792 0.259173
-1.09208 0.261207
-1.08624 0.261238
-1.0804 0.263508
-1.07456 0.267609
-1.06872 0.266656
-1.06288 0.270957
-1.05704 0.280268
-1.0512 0.282932
-1.04536 0.285906
-1.03952 0.287174
-1.03368 0.288929
-1.02784 0.290752
-1.022 0.296876
-1.01616 0.299016
-1.01032 0.300662
-1.00448 0.307144
-0.99864 0.308193
-0.9928 0.310859
-0.98696 0.312321
-0.98112 0.315782
-0.97528 0.318951
-0.96944 0.320471
-0.9636 0.322689
-0.95776 0.325804
-0.95192 0.329111
-0.94608 0.326048
-0.94024 0.329567
-0.9344 0.333485
-0.92856 0.335655
-0.92272 0.337515
-0.91688 0.338784
-0.91104 0.341788
-0.9052 0.345633
-0.89936 0.349068
-0.89352 0.350965
-0.88768 0.355573
-0.88184 0.357387
-0.876 0.35815
-0.87016 0.35889
-0.86432 0.360096
-0.85848 0.362838
-0.85264 0.364864
-0.8468 0.367398
-0.84096 0.371386
-0.83512 0.373875
-0.82928 0.376274
-0.82344 0.37623
-0.8176 0.378875
-0.81176 0.38077
-0.80592 0.383849
-0.80008 0.383039
-0.79424 0.385314
-0.7884 0.387154
-0.78256 0.386803
-0.77672 0.387135
-0.77088 0.389908
-0.76504 0.389048
-0.7592 0.391868
-0.75336 0.391502
-0.74752 0.392497
-0.74168 0.393322
-0.73584 0.394385
-0.73 0.393111
-0.72416 0.391193
-0.71832 0.392515
-0.71248 0.39316
-0.70664 0.393808
-0.7008 0.395524
-0.69496 0.395552
-0.68912 0.396975
-0.68328 0.39673
-0.67744 0.398761
-0.6716 0.400203
-0.66576 0.401515
-0.65992 0.402147
-0.65408 0.403315
-0.64824 0.402015
-0.6424 0.40255
-0.63656 0.403802
-0.63072 0.404846
-0.62488 0.405837
-0.61904 0.408052
-0.6132 0.408406
-0.60736 0.408631
-0.60152 0.408304
-0.59568 0.408304
-0.58984 0.408304
-0.584 0.408304
-0.57816 0.408304
-0.57232 0.408304
-0.56648 0.408304
-0.56064 0.408304
-0.5548 0.408304
-0.54896 0.408304
-0.54312 0.408304
-0.53728 0.408304
-0.53144 0.408304
-0.5256 0.408304
-0.51976 0.408304
-0.51392 0.408304
-0.50808 0.408304
-0.50224 0.408304
-0.4964 0.408304
-0.49056 0.408304
-0.48472 0.408304
-0.47888 0.408304
-0.47304 0.408304
-0.4672 0.408304
-0.46136 0.408304
-0.45552 0.408304
-0.44968 0.408304
-0.44384 0.408304
-0.438 0.408304
-0.43216 0.408304
-0.42632 0.408304
-0.42048 0.408304
-0.41464 0.408304
-0.4088 0.408304
-0.40296 0.408304
-0.39712 0.408304
-0.39128 0.408304
-0.38544 0.408304
-0.3796 0.408304
-0.37376 0.408304
-0.36792 0.408304
-0.36208 0.408304
-0.35624 0.408304
-0.3504 0.408304
-0.34456 0.408304
-0.33872 0.408304
-0.33288 0.408304
-0.32704 0.408304
-0.3212 0.408304
-0.31536 0.408304
-0.30952 0.408304
-0.30368 0.408304
-0.29784 0.408304
-0.292 0.408304
-0.28616 0.408304
-0.28032 0.408304
-0.27448 0.408304
-0.26864 0.408304
-0.2628 0.408304
-0.25696 0.408304
-0.25112 0.408304
-0.24528 0.408304
-0.23944 0.408304
-0.2336 0.408304
-0.22776 0.408304
-0.22192 0.408304
-0.21608 0.408304
-0.21024 0.408304
-0.2044 0.408304
-0.19856 0.408304
-0.19272 0.408304
-0.18688 0.408304
-0.18104 0.408304
-0.1752 0.408304
-0.16936 0.408304
-0.16352 0.408304
-0.15768 0.408304
-0.15184 0.408304
-0.146 0.408304
-0.14016 0.408304
-0.13432 0.408304
-0.12848 0.408304
-0.12264 0.408304
-0.1168 0.408304
-0.11096 0.408304
-0.10512 0.408304
-0.09928 0.408304
-0.09344 0.408304
-0.0876 0.408304
-0.08176 0.408304
-0.07592 0.408304
-0.07008 0.408304
-0.06424 0.408304
-0.0584 0.408304
-0.05256 0.408304
-0.04672 0.408304
-0.04088 0.408304
-0.03504 0.408304
-0.0292 0.408304
-0.02336 0.408304
-0.01752 0.408304
-0.01168 0.408304
-0.00584 0.408304
