-2.92 0.409607
-2.91416 0.409607
-2.90832 0.409607
-2.90248 0.409607
-2.89664 0.409607
-2.8908 0.409607
-2.88496 0.409607
-2.87912 0.409607
-2.87328 0.409607
-2.86744 0.409607
-2.8616 0.409607
-2.85576 0.409607
-2.84992 0.409607
-2.84408 0.409607
-2.83824 0.409607
-2.8324 0.409607
-2.82656 0.409607
-2.82072 0.409607
-2.81488 0.409607
-2.80904 0.409607
-2.8032 0.409607
-2.79736 0.409607
-2.79152 0.409607
-2.78568 0.409607
-2.77984 0.409607
-2.774 0.409607
-2.76816 0.409607
-2.76232 0.409607
-2.75648 0.409607
-2.75064 0.409607
-2.7448 0.409607
-2.73896 0.409607
-2.73312 0.409607
-2.72728 0.409607
-2.72144 0.409607
-2.7156 0.409607
-2.70976 0.409607
-2.70392 0.409607
-2.69808 0.409607
-2.69224 0.409607
-2.6864 0.409607
-2.68056 0.409607
-2.67472 0.409607
-2.66888 0.409607
-2.66304 0.409607
-2.6572 0.409607
-2.65136 0.409607
-2.64552 0.409607
-2.63968 0.409607
-2.63384 0.409607
-2.628 0.409607
-2.62216 0.409607
-2.61632 0.409607
-2.61048 0.409607
-2.60464 0.409607
-2.5988 0.409607
-2.59296 0.409297
-2.58712 0.408721
-2.58128 0.407925
-2.57544 0.406952
-2.5696 0.405935
-2.56376 0.404873
-2.55792 0.403681
-2.55208 0.402399
-2.54624 0.401027
-2.5404 0.399482
-2.53456 0.397891
-2.52872 0.396166
-2.52288 0.394442
-2.51704 0.392671
-2.5112 0.390903
-2.50536 0.389089
-2.49952 0.387231
-2.49368 0.385417
-2.48784 0.38356
-2.482 0.381789
-2.47616 0.379755
-2.47032 0.377675
-2.46448 0.375508
-2.45864 0.373297
-2.4528 0.371042
-2.44696 0.368788
-2.44112 0.366445
-2.43528 0.364015
-2.42944 0.361673
-2.4236 0.359287
-2.41776 0.3569
-2.41192 0.354515
-2.40608 0.352085
-2.40024 0.349656
-2.3944 0.347093
-2.38856 0.344574
-2.38272 0.342055
-2.37688 0.339536
-2.37104 0.336885
-2.3652 0.334321
-2.35936 0.331713
-2.35352 0.329149
-2.34768 0.326584
-2.34184 0.323934
-2.336 0.321239
-2.33016 0.318545
-2.32432 0.315894
-2.31848 0.3132
-2.31264 0.310504
-2.3068 0.307898
-2.30096 0.305247
-2.29512 0.302642
-2.28928 0.299948
-2.28344 0.297296
-2.2776 0.294645
-2.27176 0.29204
-2.26592 0.289347
-2.26008 0.286741
-2.25424 0.283959
-2.2484 0.281216
-2.24256 0.27835
-2.23672 0.275651
-2.23088 0.272823
-2.22504 0.270041
-2.2192 0.267338
-2.21336 0.264386
-2.20752 0.26173
-2.20168 0.258857
-2.19584 0.256118
-2.19 0.253417
-2.18416 0.250507
-2.17832 0.247722
-2.17248 0.245147
-2.16664 0.242318
-2.1608 0.239535
-2.15496 0.236579
-2.14912 0.233919
-2.14328 0.231388
-2.13744 0.228222
-2.1316 0.225606
-2.12576 0.222781
-2.11992 0.220374
-2.11408 0.217294
-2.10824 0.214422
-2.1024 0.21155
-2.09656 0.208722
-2.09072 0.205934
-2.08488 0.203107
-2.07904 0.200234
-2.0732 0.197409
-2.06736 0.194789
-2.06152 0.192297
-2.05568 0.189265
-2.04984 0.186311
-2.044 0.183534
-2.03816 0.180999
-2.03232 0.177874
-2.02648 0.175172
-2.02064 0.171836
-2.0148 0.16964
-2.00896 0.16736
-2.00312 0.164319
-1.99728 0.161702
-1.99144 0.159345
-1.9856 0.157534
-1.97976 0.156266
-1.97392 0.15361
-1.96808 0.152178
-1.96224 0.151252
-1.9564 0.150029
-1.95056 0.147708
-1.94472 0.147121
-1.93888 0.145595
-1.93304 0.143897
-1.9272 0.143827
-1.92136 0.142049
-1.91552 0.139988
-1.90968 0.139136
-1.90384 0.137978
-1.898 0.138554
-1.89216 0.136866
-1.88632 0.136249
-1.88048 0.134406
-1.87464 0.134389
-1.8688 0.133306
-1.86296 0.135236
-1.85712 0.133319
-1.85128 0.13162
-1.84544 0.13317
-1.8396 0.131806
-1.83376 0.13195
-1.82792 0.131559
-1.82208 0.130635
-1.81624 0.130687
-1.8104 0.130112
-1.80456 0.129519
-1.79872 0.129458
-1.79288 0.129272
-1.78704 0.128254
-1.7812 0.129513
-1.77536 0.128989
-1.76952 0.126791
-1.76368 0.129326
-1.75784 0.129006
-1.752 0.12867
-1.74616 0.129677
-1.74032 0.127866
-1.73448 0.129357
-1.72864 0.129765
-1.7228 0.130313
-1.71696 0.12897
-1.71112 0.128962
-1.70528 0.133054
-1.69944 0.133234
-1.6936 0.132352
-1.68776 0.130929
-1.68192 0.133316
-1.67608 0.132271
-1.67024 0.129706
-1.6644 0.130956
-1.65856 0.132987
-1.65272 0.132132
-1.64688 0.132404
-1.64104 0.131043
-1.6352 0.132317
-1.62936 0.129892
-1.62352 0.132037
-1.61768 0.131859
-1.61184 0.133711
-1.606 0.138136
-1.60016 0.139763
-1.59432 0.141346
-1.58848 0.140481
-1.58264 0.144454
-1.5768 0.146369
-1.57096 0.143006
-1.56512 0.150161
-1.55928 0.150269
-1.55344 0.157118
-1.5476 0.155393
-1.54176 0.163242
-1.53592 0.162503
-1.53008 0.165278
-1.52424 0.164868
-1.5184 0.168572
-1.51256 0.171697
-1.50672 0.176192
-1.50088 0.177711
-1.49504 0.18051
-1.4892 0.184688
-1.48336 0.186909
-1.47752 0.183958
-1.47168 0.189037
-1.46584 0.192171
-1.46 0.192624
-1.45416 0.194953
-1.44832 0.200134
-1.44248 0.20065
-1.43664 0.204259
-1.4308 0.207163
-1.42496 0.213563
-1.41912 0.210926
-1.41328 0.215627
-1.40744 0.216966
-1.4016 0.222902
-1.39576 0.225981
-1.38992 0.229333
-1.38408 0.229989
-1.37824 0.234123
-1.3724 0.236082
-1.36656 0.238747
-1.36072 0.239041
-1.35488 0.241232
-1.34904 0.244858
-1.3432 0.247361
-1.33736 0.251141
-1.33152 0.253816
-1.32568 0.258403
-1.31984 0.261944
-1.314 0.26003
-1.30816 0.264054
-1.30232 0.265878
-1.29648 0.272309
-1.29064 0.272504
-1.2848 0.274967
-1.27896 0.276295
-1.27312 0.2769
-1.26728 0.283185
-1.26144 0.283804
-1.2556 0.285527
-1.24976 0.28694
-1.24392 0.28913
-1.23808 0.291294
-1.23224 0.293816
-1.2264 0.297397
-1.22056 0.300602
-1.21472 0.303719
-1.20888 0.306227
-1.20304 0.306592
-1.1972 0.310919
-1.19136 0.312497
-1.18552 0.315486
-1.17968 0.316506
-1.17384 0.321656
-1.168 0.32427
-1.16216 0.328898
-1.15632 0.328158
-1.15048 0.330048
-1.14464 0.334848
-1.1388 0.333259
-1.13296 0.329148
-1.12712 0.336337
-1.12128 0.336817
-1.11544 0.345277
-1.1096 0.342179
-1.10376 0.348333
-1.09792 0.349557
-1.09208 0.348561
-1.08624 0.348892
-1.0804 0.353042
-1.07456 0.355254
-1.06872 0.357533
-1.06288 0.357136
-1.05704 0.359672
-1.0512 0.363083
-1.04536 0.362262
-1.03952 0.358403
-1.03368 0.363514
-1.02784 0.363374
-1.022 0.360247
-1.01616 0.361643
-1.01032 0.364127
-1.00448 0.362436
-0.99864 0.36257
-0.9928 0.362443
-0.98696 0.366236
-0.98112 0.363022
-0.97528 0.364011
-0.96944 0.366049
-0.9636 0.365511
-0.95776 0.366327
-0.95192 0.366421
-0.94608 0.366927
-0.94024 0.368118
-0.9344 0.368045
-0.92856 0.368373
-0.92272 0.365087
-0.91688 0.365638
-0.91104 0.367023
-0.9052 0.366397
-0.89936 0.366252
-0.89352 0.367386
-0.88768 0.368033
-0.88184 0.369687
-0.876 0.367968
-0.87016 0.367753
-0.86432 0.368081
-0.85848 0.371016
-0.85264 0.370531
-0.8468 0.369463
-0.84096 0.370046
-0.83512 0.369673
-0.82928 0.369807
-0.82344 0.369746
-0.8176 0.36944
-0.81176 0.370141
-0.80592 0.371163
-0.80008 0.369912
-0.79424 0.370076
-0.7884 0.37037
-0.78256 0.371255
-0.77672 0.371404
-0.77088 0.372708
-0.76504 0.372031
-0.7592 0.37453
-0.75336 0.373768
-0.74752 0.37486
-0.74168 0.374795
-0.73584 0.37747
-0.73 0.376938
-0.72416 0.379532
-0.71832 0.379456
-0.71248 0.3805
-0.70664 0.381895
-0.7008 0.382281
-0.69496 0.382986
-0.68912 0.384005
-0.68328 0.384993
-0.67744 0.388186
-0.6716 0.389842
-0.66576 0.39118
-0.65992 0.392512
-0.65408 0.392399
-0.64824 0.393241
-0.6424 0.395669
-0.63656 0.3968
-0.63072 0.397007
-0.62488 0.397124
-0.61904 0.397445
-0.6132 0.397849
-0.60736 0.39724
-0.60152 0.39776
-0.59568 0.39776
-0.58984 0.39776
-0.584 0.39776
-0.57816 0.39776
-0.57232 0.39776
-0.56648 0.39776
-0.56064 0.39776
-0.5548 0.39776
-0.54896 0.39776
-0.54312 0.39776
-0.53728 0.39776
-0.53144 0.39776
-0.5256 0.39776
-0.51976 0.39776
-0.51392 0.39776
-0.50808 0.39776
-0.50224 0.39776
-0.4964 0.39776
-0.49056 0.39776
-0.48472 0.39776
-0.47888 0.39776
-0.47304 0.39776
-0.4672 0.39776
-0.46136 0.39776
-0.45552 0.39776
-0.44968 0.39776
-0.44384 0.39776
-0.438 0.39776
-0.43216 0.39776
-0.42632 0.39776
-0.42048 0.39776
-0.41464 0.39776
-0.4088 0.39776
-0.40296 0.39776
-0.39712 0.39776
-0.39128 0.39776
-0.38544 0.39776
-0.3796 0.39776
-0.37376 0.39776
-0.36792 0.39776
-0.36208 0.39776
-0.35624 0.39776
-0.3504 0.39776
-0.34456 0.39776
-0.33872 0.39776
-0.33288 0.39776
-0.32704 0.39776
-0.3212 0.39776
-0.31536 0.39776
-0.30952 0.39776
-0.30368 0.39776
-0.29784 0.39776
-0.292 0.39776
-0.28616 0.39776
-0.28032 0.39776
-0.27448 0.39776
-0.26864 0.39776
-0.2628 0.39776
-0.25696 0.39776
-0.25112 0.39776
-0.24528 0.39776
-0.23944 0.39776
-0.2336 0.39776
-0.22776 0.39776
-0.22192 0.39776
-0.21608 0.39776
-0.21024 0.39776
-0.2044 0.39776
-0.19856 0.39776
-0.19272 0.39776
-0.18688 0.39776
-0.18104 0.39776
-0.1752 0.39776
-0.16936 0.39776
-0.16352 0.39776
-0.15768 0.39776
-0.15184 0.39776
-0.146 0.39776
-0.14016 0.39776
-0.13432 0.39776
-0.12848 0.39776
-0.12264 0.39776
-0.1168 0.39776
-0.11096 0.39776
-0.10512 0.39776
-0.09928 0.39776
-0.09344 0.39776
-0.0876 0.39776
-0.08176 0.39776
-0.07592 0.39776
-0.07008 0.39776
-0.06424 0.39776
-0.0584 0.39776
-0.05256 0.39776
-0.04672 0.39776
-0.04088 0.39776
-0.03504 0.39776
-0.0292 0.39776
-0.02336 0.39776
-0.01752 0.39776
-0.01168 0.39776
-0.00584 0.39776
