-2.92 0.299675
-2.91416 0.299675
-2.90832 0.299675
-2.90248 0.299675
-2.89664 0.299675
-2.8908 0.299675
-2.88496 0.299675
-2.87912 0.299675
-2.87328 0.299675
-2.86744 0.299675
-2.8616 0.299675
-2.85576 0.299675
-2.84992 0.299675
-2.84408 0.299675
-2.83824 0.299675
-2.8324 0.299675
-2.82656 0.299675
-2.82072 0.299675
-2.81488 0.299675
-2.80904 0.299675
-2.8032 0.299675
-2.79736 0.299675
-2.79152 0.299675
-2.78568 0.299675
-2.77984 0.299675
-2.774 0.299675
-2.76816 0.299675
-2.76232 0.299675
-2.75648 0.299675
-2.75064 0.299675
-2.7448 0.299675
-2.73896 0.299675
-2.73312 0.299675
-2.72728 0.299675
-2.72144 0.299675
-2.7156 0.299675
-2.70976 0.299675
-2.70392 0.299675
-2.69808 0.299675
-2.69224 0.299675
-2.6864 0.299675
-2.68056 0.299675
-2.67472 0.299675
-2.66888 0.299675
-2.66304 0.299675
-2.6572 0.299675
-2.65136 0.299675
-2.64552 0.299675
-2.63968 0.299675
-2.63384 0.299675
-2.628 0.299675
-2.62216 0.299675
-2.61632 0.299675
-2.61048 0.299675
-2.60464 0.299675
-2.5988 0.299675
-2.59296 0.299235
-2.58712 0.298575
-2.58128 0.297871
-2.57544 0.297122
-2.5696 0.296373
-2.56376 0.295581
-2.55792 0.294701
-2.55208 0.29382
-2.54624 0.292898
-2.5404 0.292016
-2.53456 0.291003
-2.52872 0.289901
-2.52288 0.288799
-2.51704 0.287651
-2.5112 0.286548
-2.50536 0.285403
-2.49952 0.284124
-2.49368 0.282801
-2.48784 0.281479
-2.482 0.280333
-2.47616 0.278965
-2.47032 0.27751
-2.46448 0.276012
-2.45864 0.274469
-2.4528 0.272882
-2.44696 0.271296
-2.44112 0.269708
-2.43528 0.268121
-2.42944 0.266533
-2.4236 0.264945
-2.41776 0.263268
-2.41192 0.261678
-2.40608 0.259956
-2.40024 0.25819
-2.3944 0.256338
-2.38856 0.254443
-2.38272 0.252635
-2.37688 0.250827
-2.37104 0.248931
-2.3652 0.247078
-2.35936 0.24514
-2.35352 0.243288
-2.34768 0.241349
-2.34184 0.239366
-2.336 0.237338
-2.33016 0.235354
-2.32432 0.233502
-2.31848 0.231475
-2.31264 0.229404
-2.3068 0.227422
-2.30096 0.225438
-2.29512 0.224005
-2.28928 0.222024
-2.28344 0.220964
-2.2776 0.21906
-2.27176 0.218048
-2.26592 0.216825
-2.26008 0.214974
-2.25424 0.214169
-2.2484 0.21256
-2.24256 0.211249
-2.23672 0.209725
-2.23088 0.209125
-2.22504 0.207513
-2.2192 0.206873
-2.21336 0.205263
-2.20752 0.203146
-2.20168 0.202249
-2.19584 0.201868
-2.19 0.199664
-2.18416 0.200588
-2.17832 0.199103
-2.17248 0.197363
-2.16664 0.19782
-2.1608 0.19596
-2.15496 0.194433
-2.14912 0.195064
-2.14328 0.193368
-2.13744 0.193788
-2.1316 0.191925
-2.12576 0.190269
-2.11992 0.191027
-2.11408 0.189758
-2.10824 0.18997
-2.1024 0.187896
-2.09656 0.187047
-2.09072 0.186535
-2.08488 0.185393
-2.07904 0.186198
-2.0732 0.185138
-2.06736 0.183828
-2.06152 0.18391
-2.05568 0.182378
-2.04984 0.183236
-2.044 0.182394
-2.03816 0.18024
-2.03232 0.179648
-2.02648 0.180493
-2.02064 0.180495
-2.0148 0.179518
-2.00896 0.180237
-2.00312 0.179389
-1.99728 0.179311
-1.99144 0.178209
-1.9856 0.177659
-1.97976 0.177491
-1.97392 0.178554
-1.96808 0.178047
-1.96224 0.175128
-1.9564 0.17576
-1.95056 0.175123
-1.94472 0.174584
-1.93888 0.176709
-1.93304 0.1737
-1.9272 0.173832
-1.92136 0.172307
-1.91552 0.169731
-1.90968 0.166764
-1.90384 0.166612
-1.898 0.164749
-1.89216 0.160601
-1.88632 0.158526
-1.88048 0.157189
-1.87464 0.155833
-1.8688 0.153516
-1.86296 0.152127
-1.85712 0.150186
-1.85128 0.145109
-1.84544 0.143423
-1.8396 0.138849
-1.83376 0.13738
-1.82792 0.133194
-1.82208 0.132874
-1.81624 0.130599
-1.8104 0.127971
-1.80456 0.125573
-1.79872 0.122486
-1.79288 0.119955
-1.78704 0.116277
-1.7812 0.114979
-1.77536 0.112024
-1.76952 0.111998
-1.76368 0.104965
-1.75784 0.102735
-1.752 0.100044
-1.74616 0.0970507
-1.74032 0.0939775
-1.73448 0.0936579
-1.72864 0.0886347
-1.7228 0.0862572
-1.71696 0.0819089
-1.71112 0.0812699
-1.70528 0.0764601
-1.69944 0.073346
-1.6936 0.0694828
-1.68776 0.0669664
-1.68192 0.0657799
-1.67608 0.0645467
-1.67024 0.062212
-1.6644 0.0581341
-1.65856 0.057278
-1.65272 0.0549113
-1.64688 0.0552967
-1.64104 0.0537259
-1.6352 0.0544592
-1.62936 0.0538886
-1.62352 0.0527816
-1.61768 0.0525357
-1.61184 0.0534164
-1.606 0.0522146
-1.60016 0.0522744
-1.59432 0.0517847
-1.58848 0.0525142
-1.58264 0.0503716
-1.5768 0.0512253
-1.57096 0.0524375
-1.56512 0.0513203
-1.55928 0.0521872
-1.55344 0.0506844
-1.5476 0.0541043
-1.54176 0.0543057
-1.53592 0.0548546
-1.53008 0.0560985
-1.52424 0.0542016
-1.5184 0.0549667
-1.51256 0.0561195
-1.50672 0.0557126
-1.50088 0.057098
-1.49504 0.0602934
-1.4892 0.0636816
-1.48336 0.0641269
-1.47752 0.0647874
-1.47168 0.0650862
-1.46584 0.0666032
-1.46 0.0675051
-1.45416 0.0707331
-1.44832 0.0731131
-1.44248 0.0767508
-1.43664 0.0776044
-1.4308 0.0799469
-1.42496 0.0836484
-1.41912 0.0831227
-1.41328 0.0858421
-1.40744 0.0874232
-1.4016 0.0919153
-1.39576 0.0912394
-1.38992 0.094184
-1.38408 0.0919942
-1.37824 0.0956105
-1.3724 0.095767
-1.36656 0.0977142
-1.36072 0.0994379
-1.35488 0.101348
-1.34904 0.103156
-1.3432 0.106713
-1.33736 0.110095
-1.33152 0.110881
-1.32568 0.114648
-1.31984 0.117876
-1.314 0.119037
-1.30816 0.122252
-1.30232 0.120225
-1.29648 0.124524
-1.29064 0.125695
-1.2848 0.12765
-1.27896 0.135773
-1.27312 0.136627
-1.26728 0.138314
-1.26144 0.143266
-1.2556 0.144873
-1.24976 0.14844
-1.24392 0.150103
-1.23808 0.150675
-1.23224 0.152668
-1.2264 0.156158
-1.22056 0.158218
-1.21472 0.159506
-1.20888 0.164177
-1.20304 0.165098
-1.1972 0.166938
-1.19136 0.168864
-1.18552 0.169873
-1.17968 0.173974
-1.17384 0.175614
-1.168 0.17623
-1.16216 0.176146
-1.15632 0.177661
-1.15048 0.180986
-1.14464 0.181479
-1.1388 0.182902
-1.13296 0.189183
-1.12712 0.190751
-1.12128 0.193473
-1.11544 0.194899
-1.1096 0.200084
-1.10376 0.20197
-1.09792 0.204333
-1.09208 0.207129
-1.08624 0.205095
-1.0804 0.208668
-1.07456 0.209961
-1.06872 0.211815
-1.06288 0.214167
-1.05704 0.219086
-1.0512 0.223209
-1.04536 0.225438
-1.03952 0.227239
-1.03368 0.228884
-1.02784 0.229888
-1.022 0.23105
-1.01616 0.234418
-1.01032 0.236609
-1.00448 0.241743
-0.99864 0.242038
-0.9928 0.244088
-0.98696 0.247382
-0.98112 0.246695
-0.97528 0.249506
-0.96944 0.251694
-0.9636 0.254922
-0.95776 0.254792
-0.95192 0.257015
-0.94608 0.254942
-0.94024 0.258273
-0.9344 0.25914
-0.92856 0.260272
-0.92272 0.261143
-0.91688 0.264001
-0.91104 0.265087
-0.9052 0.269001
-0.89936 0.272492
-0.89352 0.272175
-0.88768 0.275082
-0.88184 0.278624
-0.876 0.277082
-0.87016 0.28077
-0.86432 0.279053
-0.85848 0.280512
-0.85264 0.281967
-0.8468 0.282626
-0.84096 0.28889
-0.83512 0.28933
-0.82928 0.291076
-0.82344 0.292491
-0.8176 0.292508
-0.81176 0.294258
-0.80592 0.294494
-0.80008 0.294749
-0.79424 0.295579
-0.7884 0.297024
-0.78256 0.295733
-0.77672 0.294817
-0.77088 0.29753
-0.76504 0.296573
-0.7592 0.29705
-0.75336 0.295707
-0.74752 0.296642
-0.74168 0.296914
-0.73584 0.296916
-0.73 0.29714
-0.72416 0.294453
-0.71832 0.294879
-0.71248 0.295268
-0.70664 0.295785
-0.7008 0.296251
-0.69496 0.296336
-0.68912 0.297135
-0.68328 0.29641
-0.67744 0.297387
-0.6716 0.298853
-0.66576 0.299774
-0.65992 0.299846
-0.65408 0.301225
-0.64824 0.299368
-0.6424 0.299432
-0.63656 0.30017
-0.63072 0.300865
-0.62488 0.301519
-0.61904 0.302883
-0.6132 0.303363
-0.60736 0.303715
-0.60152 0.303223
-0.59568 0.303223
-0.58984 0.303223
-0.584 0.303223
-0.57816 0.303223
-0.57232 0.303223
-0.56648 0.303223
-0.56064 0.303223
-0.5548 0.303223
-0.54896 0.303223
-0.54312 0.303223
-0.53728 0.303223
-0.53144 0.303223
-0.5256 0.303223
-0.51976 0.303223
-0.51392 0.303223
-0.50808 0.303223
-0.50224 0.303223
-0.4964 0.303223
-0.49056 0.303223
-0.48472 0.303223
-0.47888 0.303223
-0.47304 0.303223
-0.4672 0.303223
-0.46136 0.303223
-0.45552 0.303223
-0.44968 0.303223
-0.44384 0.303223
-0.438 0.303223
-0.43216 0.303223
-0.42632 0.303223
-0.42048 0.303223
-0.41464 0.303223
-0.4088 0.303223
-0.40296 0.303223
-0.39712 0.303223
-0.39128 0.303223
-0.38544 0.303223
-0.3796 0.303223
-0.37376 0.303223
-0.36792 0.303223
-0.36208 0.303223
-0.35624 0.303223
-0.3504 0.303223
-0.34456 0.303223
-0.33872 0.303223
-0.33288 0.303223
-0.32704 0.303223
-0.3212 0.303223
-0.31536 0.303223
-0.30952 0.303223
-0.30368 0.303223
-0.29784 0.303223
-0.292 0.303223
-0.28616 0.303223
-0.28032 0.303223
-0.27448 0.303223
-0.26864 0.303223
-0.2628 0.303223
-0.25696 0.303223
-0.25112 0.303223
-0.24528 0.303223
-0.23944 0.303223
-0.2336 0.303223
-0.22776 0.303223
-0.22192 0.303223
-0.21608 0.303223
-0.21024 0.303223
-0.2044 0.303223
-0.19856 0.303223
-0.19272 0.303223
-0.18688 0.303223
-0.18104 0.303223
-0.1752 0.303223
-0.16936 0.303223
-0.16352 0.303223
-0.15768 0.303223
-0.15184 0.303223
-0.146 0.303223
-0.14016 0.303223
-0.13432 0.303223
-0.12848 0.303223
-0.12264 0.303223
-0.1168 0.303223
-0.11096 0.303223
-0.10512 0.303223
-0.09928 0.303223
-0.09344 0.303223
-0.0876 0.303223
-0.08176 0.303223
-0.07592 0.303223
-0.07008 0.303223
-0.06424 0.303223
-0.0584 0.303223
-0.05256 0.303223
-0.04672 0.303223
-0.04088 0.303223
-0.03504 0.303223
-0.0292 0.303223
-0.02336 0.303223
-0.01752 0.303223
-0.01168 0.303223
-0.00584 0.303223
