-2.92 0.327499
-2.91416 0.327499
-2.90832 0.327499
-2.90248 0.327499
-2.89664 0.327499
-2.8908 0.327499
-2.88496 0.327499
-2.87912 0.327499
-2.87328 0.327499
-2.86744 0.327499
-2.8616 0.327499
-2.85576 0.327499
-2.84992 0.327499
-2.84408 0.327499
-2.83824 0.327499
-2.8324 0.327499
-2.82656 0.327499
-2.82072 0.327499
-2.81488 0.327499
-2.80904 0.327499
-2.8032 0.327499
-2.79736 0.327499
-2.79152 0.327499
-2.78568 0.327499
-2.77984 0.327499
-2.774 0.327499
-2.76816 0.327499
-2.76232 0.327499
-2.75648 0.327499
-2.75064 0.327499
-2.7448 0.327499
-2.73896 0.327499
-2.73312 0.327499
-2.72728 0.327499
-2.72144 0.327499
-2.7156 0.327499
-2.70976 0.327499
-2.70392 0.327499
-2.69808 0.327499
-2.69224 0.327499
-2.6864 0.327499
-2.68056 0.327499
-2.67472 0.327499
-2.66888 0.327499
-2.66304 0.327499
-2.6572 0.327499
-2.65136 0.327499
-2.64552 0.327499
-2.63968 0.327499
-2.63384 0.327499
-2.628 0.327499
-2.62216 0.327499
-2.61632 0.327499
-2.61048 0.327499
-2.60464 0.327499
-2.5988 0.327499
-2.59296 0.327235
-2.58712 0.326747
-2.58128 0.326128
-2.57544 0.325466
-2.5696 0.324716
-2.56376 0.323836
-2.55792 0.322913
-2.55208 0.321946
-2.54624 0.320891
-2.5404 0.319704
-2.53456 0.318387
-2.52872 0.317069
-2.52288 0.315662
-2.51704 0.314212
-2.5112 0.312805
-2.50536 0.311312
-2.49952 0.309819
-2.49368 0.308326
-2.48784 0.30679
-2.482 0.30534
-2.47616 0.303713
-2.47032 0.302043
-2.46448 0.300371
-2.45864 0.2987
-2.4528 0.296984
-2.44696 0.295355
-2.44112 0.293639
-2.43528 0.291835
-2.42944 0.290161
-2.4236 0.288401
-2.41776 0.286641
-2.41192 0.284834
-2.40608 0.283028
-2.40024 0.281135
-2.3944 0.279242
-2.38856 0.277351
-2.38272 0.275458
-2.37688 0.273608
-2.37104 0.271716
-2.3652 0.269779
-2.35936 0.267842
-2.35352 0.265948
-2.34768 0.263965
-2.34184 0.261983
-2.336 0.259956
-2.33016 0.257928
-2.32432 0.255857
-2.31848 0.253786
-2.31264 0.251671
-2.3068 0.249688
-2.30096 0.247617
-2.29512 0.245547
-2.28928 0.243389
-2.28344 0.241315
-2.2776 0.239158
-2.27176 0.237089
-2.26592 0.234929
-2.26008 0.233026
-2.25424 0.231032
-2.2484 0.228404
-2.24256 0.226831
-2.23672 0.224373
-2.23088 0.222632
-2.22504 0.220345
-2.2192 0.218432
-2.21336 0.216226
-2.20752 0.213769
-2.20168 0.212024
-2.19584 0.209649
-2.19 0.208114
-2.18416 0.205863
-2.17832 0.202891
-2.17248 0.200556
-2.16664 0.198768
-2.1608 0.19592
-2.15496 0.194261
-2.14912 0.191497
-2.14328 0.190178
-2.13744 0.187545
-2.1316 0.185415
-2.12576 0.182822
-2.11992 0.181373
-2.11408 0.17967
-2.10824 0.176228
-2.1024 0.174226
-2.09656 0.1718
-2.09072 0.16963
-2.08488 0.16742
-2.07904 0.16563
-2.0732 0.162952
-2.06736 0.161458
-2.06152 0.157892
-2.05568 0.155979
-2.04984 0.15504
-2.044 0.152368
-2.03816 0.150241
-2.03232 0.147016
-2.02648 0.146033
-2.02064 0.142892
-2.0148 0.140637
-2.00896 0.138427
-2.00312 0.135794
-1.99728 0.134344
-1.99144 0.132014
-1.9856 0.131539
-1.97976 0.129845
-1.97392 0.127767
-1.96808 0.129013
-1.96224 0.127902
-1.9564 0.126092
-1.95056 0.124092
-1.94472 0.122342
-1.93888 0.12349
-1.93304 0.121697
-1.9272 0.120295
-1.92136 0.119356
-1.91552 0.118495
-1.90968 0.118443
-1.90384 0.118069
-1.898 0.11706
-1.89216 0.117078
-1.88632 0.116076
-1.88048 0.116339
-1.87464 0.116127
-1.8688 0.115519
-1.86296 0.114879
-1.85712 0.115113
-1.85128 0.117107
-1.84544 0.115301
-1.8396 0.115497
-1.83376 0.11491
-1.82792 0.115128
-1.82208 0.114954
-1.81624 0.116487
-1.8104 0.116116
-1.80456 0.115206
-1.79872 0.11725
-1.79288 0.117431
-1.78704 0.114843
-1.7812 0.116855
-1.77536 0.114639
-1.76952 0.117415
-1.76368 0.117408
-1.75784 0.115313
-1.752 0.118692
-1.74616 0.116254
-1.74032 0.116707
-1.73448 0.117167
-1.72864 0.116568
-1.7228 0.121162
-1.71696 0.118038
-1.71112 0.119768
-1.70528 0.121473
-1.69944 0.123989
-1.6936 0.124533
-1.68776 0.123727
-1.68192 0.12113
-1.67608 0.119966
-1.67024 0.120802
-1.6644 0.121221
-1.65856 0.121061
-1.65272 0.118959
-1.64688 0.120406
-1.64104 0.122414
-1.6352 0.12146
-1.62936 0.121457
-1.62352 0.121699
-1.61768 0.122557
-1.61184 0.126757
-1.606 0.124862
-1.60016 0.129499
-1.59432 0.128703
-1.58848 0.133156
-1.58264 0.132388
-1.5768 0.135619
-1.57096 0.142187
-1.56512 0.140202
-1.55928 0.141643
-1.55344 0.147279
-1.5476 0.14827
-1.54176 0.150145
-1.53592 0.15355
-1.53008 0.149828
-1.52424 0.157544
-1.5184 0.16196
-1.51256 0.16377
-1.50672 0.165845
-1.50088 0.165969
-1.49504 0.170995
-1.4892 0.172935
-1.48336 0.171356
-1.47752 0.174614
-1.47168 0.179972
-1.46584 0.17988
-1.46 0.184532
-1.45416 0.186982
-1.44832 0.19184
-1.44248 0.194305
-1.43664 0.192187
-1.4308 0.198166
-1.42496 0.199603
-1.41912 0.203183
-1.41328 0.206001
-1.40744 0.211339
-1.4016 0.213983
-1.39576 0.214538
-1.38992 0.216612
-1.38408 0.222744
-1.37824 0.224721
-1.3724 0.226845
-1.36656 0.22958
-1.36072 0.234085
-1.35488 0.237488
-1.34904 0.232631
-1.3432 0.243509
-1.33736 0.24128
-1.33152 0.245384
-1.32568 0.249012
-1.31984 0.251988
-1.314 0.25613
-1.30816 0.255716
-1.30232 0.259511
-1.29648 0.261398
-1.29064 0.263426
-1.2848 0.268198
-1.27896 0.267899
-1.27312 0.273262
-1.26728 0.277011
-1.26144 0.276805
-1.2556 0.278598
-1.24976 0.283343
-1.24392 0.283009
-1.23808 0.287018
-1.23224 0.287904
-1.2264 0.29206
-1.22056 0.292115
-1.21472 0.295552
-1.20888 0.300143
-1.20304 0.301804
-1.1972 0.304925
-1.19136 0.305238
-1.18552 0.309192
-1.17968 0.310182
-1.17384 0.316356
-1.168 0.315282
-1.16216 0.319221
-1.15632 0.320742
-1.15048 0.324324
-1.14464 0.32381
-1.1388 0.328005
-1.13296 0.331827
-1.12712 0.331482
-1.12128 0.333651
-1.11544 0.339649
-1.1096 0.341528
-1.10376 0.342329
-1.09792 0.345687
-1.09208 0.341215
-1.08624 0.346811
-1.0804 0.351083
-1.07456 0.353014
-1.06872 0.354795
-1.06288 0.352472
-1.05704 0.358099
-1.0512 0.35829
-1.04536 0.355576
-1.03952 0.358107
-1.03368 0.361492
-1.02784 0.358149
-1.022 0.358818
-1.01616 0.359692
-1.01032 0.361146
-1.00448 0.361098
-0.99864 0.358501
-0.9928 0.361471
-0.98696 0.359666
-0.98112 0.362587
-0.97528 0.361869
-0.96944 0.362773
-0.9636 0.364972
-0.95776 0.362328
-0.95192 0.360663
-0.94608 0.366019
-0.94024 0.364033
-0.9344 0.364212
-0.92856 0.364915
-0.92272 0.366102
-0.91688 0.367226
-0.91104 0.362142
-0.9052 0.366783
-0.89936 0.365766
-0.89352 0.36747
-0.88768 0.366211
-0.88184 0.368524
-0.876 0.367838
-0.87016 0.366296
-0.86432 0.367119
-0.85848 0.369162
-0.85264 0.36965
-0.8468 0.369208
-0.84096 0.371676
-0.83512 0.372466
-0.82928 0.372123
-0.82344 0.370597
-0.8176 0.37075
-0.81176 0.371922
-0.80592 0.37185
-0.80008 0.373185
-0.79424 0.374491
-0.7884 0.375548
-0.78256 0.374674
-0.77672 0.375638
-0.77088 0.375785
-0.76504 0.375985
-0.7592 0.378086
-0.75336 0.378467
-0.74752 0.378998
-0.74168 0.379619
-0.73584 0.380435
-0.73 0.381447
-0.72416 0.382243
-0.71832 0.383986
-0.71248 0.384205
-0.70664 0.385649
-0.7008 0.385876
-0.69496 0.387254
-0.68912 0.387783
-0.68328 0.389798
-0.67744 0.39257
-0.6716 0.394689
-0.66576 0.395198
-0.65992 0.396875
-0.65408 0.396668
-0.64824 0.397789
-0.6424 0.399777
-0.63656 0.40093
-0.63072 0.401133
-0.62488 0.402065
-0.61904 0.402752
-0.6132 0.403097
-0.60736 0.402577
-0.60152 0.403143
-0.59568 0.403143
-0.58984 0.403143
-0.584 0.403143
-0.57816 0.403143
-0.57232 0.403143
-0.56648 0.403143
-0.56064 0.403143
-0.5548 0.403143
-0.54896 0.403143
-0.54312 0.403143
-0.53728 0.403143
-0.53144 0.403143
-0.5256 0.403143
-0.51976 0.403143
-0.51392 0.403143
-0.50808 0.403143
-0.50224 0.403143
-0.4964 0.403143
-0.49056 0.403143
-0.48472 0.403143
-0.47888 0.403143
-0.47304 0.403143
-0.4672 0.403143
-0.46136 0.403143
-0.45552 0.403143
-0.44968 0.403143
-0.44384 0.403143
-0.438 0.403143
-0.43216 0.403143
-0.42632 0.403143
-0.42048 0.403143
-0.41464 0.403143
-0.4088 0.403143
-0.40296 0.403143
-0.39712 0.403143
-0.39128 0.403143
-0.38544 0.403143
-0.3796 0.403143
-0.37376 0.403143
-0.36792 0.403143
-0.36208 0.403143
-0.35624 0.403143
-0.3504 0.403143
-0.34456 0.403143
-0.33872 0.403143
-0.33288 0.403143
-0.32704 0.403143
-0.3212 0.403143
-0.31536 0.403143
-0.30952 0.403143
-0.30368 0.403143
-0.29784 0.403143
-0.292 0.403143
-0.28616 0.403143
-0.28032 0.403143
-0.27448 0.403143
-0.26864 0.403143
-0.2628 0.403143
-0.25696 0.403143
-0.25112 0.403143
-0.24528 0.403143
-0.23944 0.403143
-0.2336 0.403143
-0.22776 0.403143
-0.22192 0.403143
-0.21608 0.403143
-0.21024 0.403143
-0.2044 0.403143
-0.19856 0.403143
-0.19272 0.403143
-0.18688 0.403143
-0.18104 0.403143
-0.1752 0.403143
-0.16936 0.403143
-0.16352 0.403143
-0.15768 0.403143
-0.15184 0.403143
-0.146 0.403143
-0.14016 0.403143
-0.13432 0.403143
-0.12848 0.403143
-0.12264 0.403143
-0.1168 0.403143
-0.11096 0.403143
-0.10512 0.403143
-0.09928 0.403143
-0.09344 0.403143
-0.0876 0.403143
-0.08176 0.403143
-0.07592 0.403143
-0.07008 0.403143
-0.06424 0.403143
-0.0584 0.403143
-0.05256 0.403143
-0.04672 0.403143
-0.04088 0.403143
-0.03504 0.403143
-0.0292 0.403143
-0.02336 0.403143
-0.01752 0.403143
-0.01168 0.403143
-0.00584 0.403143
