-2.92 0.254656
-2.91416 0.254656
-2.90832 0.254656
-2.90248 0.254656
-2.89664 0.254656
-2.8908 0.254656
-2.88496 0.254656
-2.87912 0.254656
-2.87328 0.254656
-2.86744 0.254656
-2.8616 0.254656
-2.85576 0.254656
-2.84992 0.254656
-2.84408 0.254656
-2.83824 0.254656
-2.8324 0.254656
-2.82656 0.254656
-2.82072 0.254656
-2.81488 0.254656
-2.80904 0.254656
-2.8032 0.254656
-2.79736 0.254656
-2.79152 0.254656
-2.78568 0.254656
-2.77984 0.254656
-2.774 0.254656
-2.76816 0.254656
-2.76232 0.254656
-2.75648 0.254656
-2.75064 0.254656
-2.7448 0.254656
-2.73896 0.254656
-2.73312 0.254656
-2.72728 0.254656
-2.72144 0.254656
-2.7156 0.254656
-2.70976 0.254656
-2.70392 0.254656
-2.69808 0.254656
-2.69224 0.254656
-2.6864 0.254656
-2.68056 0.254656
-2.67472 0.254656
-2.66888 0.254656
-2.66304 0.254656
-2.6572 0.254656
-2.65136 0.254656
-2.64552 0.254656
-2.63968 0.254656
-2.63384 0.254656
-2.628 0.254656
-2.62216 0.254656
-2.61632 0.254656
-2.61048 0.254656
-2.60464 0.254656
-2.5988 0.254656
-2.59296 0.254433
-2.58712 0.25399
-2.58128 0.25346
-2.57544 0.252886
-2.5696 0.252269
-2.56376 0.251607
-2.55792 0.250814
-2.55208 0.249933
-2.54624 0.248965
-2.5404 0.24804
-2.53456 0.247074
-2.52872 0.245975
-2.52288 0.244876
-2.51704 0.243821
-2.5112 0.242853
-2.50536 0.241841
-2.49952 0.240742
-2.49368 0.239641
-2.48784 0.238453
-2.482 0.237311
-2.47616 0.236077
-2.47032 0.2348
-2.46448 0.233478
-2.45864 0.232113
-2.4528 0.230704
-2.44696 0.22934
-2.44112 0.227931
-2.43528 0.226522
-2.42944 0.225157
-2.4236 0.22366
-2.41776 0.222206
-2.41192 0.220708
-2.40608 0.219167
-2.40024 0.217582
-2.3944 0.215996
-2.38856 0.21441
-2.38272 0.212868
-2.37688 0.211326
-2.37104 0.209783
-2.3652 0.208196
-2.35936 0.206609
-2.35352 0.205066
-2.34768 0.203521
-2.34184 0.201889
-2.336 0.200213
-2.33016 0.198624
-2.32432 0.196948
-2.31848 0.195229
-2.31264 0.193554
-2.3068 0.191878
-2.30096 0.190202
-2.29512 0.189163
-2.28928 0.187615
-2.28344 0.186656
-2.2776 0.184767
-2.27176 0.184316
-2.26592 0.183234
-2.26008 0.181903
-2.25424 0.181409
-2.2484 0.179942
-2.24256 0.179913
-2.23672 0.178656
-2.23088 0.177358
-2.22504 0.176864
-2.2192 0.176535
-2.21336 0.175785
-2.20752 0.174613
-2.20168 0.174031
-2.19584 0.17307
-2.19 0.171773
-2.18416 0.171955
-2.17832 0.171634
-2.17248 0.170707
-2.16664 0.170426
-2.1608 0.169976
-2.15496 0.168593
-2.14912 0.169322
-2.14328 0.168071
-2.13744 0.168257
-2.1316 0.167172
-2.12576 0.166252
-2.11992 0.165204
-2.11408 0.166662
-2.10824 0.166343
-2.1024 0.166062
-2.09656 0.164214
-2.09072 0.16435
-2.08488 0.164367
-2.07904 0.164255
-2.0732 0.162074
-2.06736 0.165269
-2.06152 0.164608
-2.05568 0.162971
-2.04984 0.16218
-2.044 0.162507
-2.03816 0.162478
-2.03232 0.163892
-2.02648 0.163487
-2.02064 0.161724
-2.0148 0.16259
-2.00896 0.163537
-2.00312 0.162624
-1.99728 0.159208
-1.99144 0.159819
-1.9856 0.163188
-1.97976 0.162529
-1.97392 0.162378
-1.96808 0.162091
-1.96224 0.162245
-1.9564 0.163496
-1.95056 0.161482
-1.94472 0.161501
-1.93888 0.162073
-1.93304 0.160266
-1.9272 0.159819
-1.92136 0.156788
-1.91552 0.155786
-1.90968 0.154118
-1.90384 0.15202
-1.898 0.150933
-1.89216 0.14921
-1.88632 0.148729
-1.88048 0.146289
-1.87464 0.142832
-1.8688 0.142219
-1.86296 0.141388
-1.85712 0.140476
-1.85128 0.137748
-1.84544 0.134629
-1.8396 0.132569
-1.83376 0.128908
-1.82792 0.127021
-1.82208 0.126202
-1.81624 0.120034
-1.8104 0.119719
-1.80456 0.116899
-1.79872 0.115308
-1.79288 0.113895
-1.78704 0.110105
-1.7812 0.110769
-1.77536 0.105535
-1.76952 0.103995
-1.76368 0.103052
-1.75784 0.0999773
-1.752 0.0968662
-1.74616 0.0933362
-1.74032 0.0921849
-1.73448 0.0892024
-1.72864 0.0857586
-1.7228 0.0839682
-1.71696 0.0789553
-1.71112 0.077255
-1.70528 0.0760633
-1.69944 0.0707609
-1.6936 0.069615
-1.68776 0.0668953
-1.68192 0.063719
-1.67608 0.0608459
-1.67024 0.0591091
-1.6644 0.0562263
-1.65856 0.0561418
-1.65272 0.0558993
-1.64688 0.0542974
-1.64104 0.0531929
-1.6352 0.0532596
-1.62936 0.0545398
-1.62352 0.0522095
-1.61768 0.0548045
-1.61184 0.0514356
-1.606 0.0516483
-1.60016 0.0517139
-1.59432 0.0505066
-1.58848 0.0522397
-1.58264 0.0505998
-1.5768 0.0521989
-1.57096 0.0535226
-1.56512 0.0544871
-1.55928 0.0532899
-1.55344 0.0525077
-1.5476 0.0570866
-1.54176 0.0574726
-1.53592 0.0591674
-1.53008 0.0607119
-1.52424 0.0587778
-1.5184 0.0601937
-1.51256 0.0604718
-1.50672 0.0628536
-1.50088 0.0630931
-1.49504 0.0683745
-1.4892 0.0676841
-1.48336 0.0711069
-1.47752 0.0731502
-1.47168 0.0740472
-1.46584 0.0743951
-1.46 0.0765819
-1.45416 0.0794793
-1.44832 0.0819966
-1.44248 0.0831314
-1.43664 0.0854796
-1.4308 0.08969
-1.42496 0.092521
-1.41912 0.0946202
-1.41328 0.0961294
-1.40744 0.10159
-1.4016 0.101504
-1.39576 0.103416
-1.38992 0.105427
-1.38408 0.105415
-1.37824 0.107006
-1.3724 0.109486
-1.36656 0.111294
-1.36072 0.113551
-1.35488 0.117698
-1.34904 0.120373
-1.3432 0.123427
-1.33736 0.12653
-1.33152 0.128151
-1.32568 0.134468
-1.31984 0.13655
-1.314 0.136007
-1.30816 0.14222
-1.30232 0.141464
-1.29648 0.142875
-1.29064 0.145958
-1.2848 0.150423
-1.27896 0.156903
-1.27312 0.15845
-1.26728 0.161981
-1.26144 0.165067
-1.2556 0.168051
-1.24976 0.169187
-1.24392 0.173156
-1.23808 0.175112
-1.23224 0.17655
-1.2264 0.179163
-1.22056 0.182016
-1.21472 0.185403
-1.20888 0.188185
-1.20304 0.192255
-1.1972 0.191095
-1.19136 0.195998
-1.18552 0.20001
-1.17968 0.201423
-1.17384 0.203568
-1.168 0.203394
-1.16216 0.205429
-1.15632 0.206445
-1.15048 0.209769
-1.14464 0.210102
-1.1388 0.214805
-1.13296 0.218217
-1.12712 0.220878
-1.12128 0.223922
-1.11544 0.225558
-1.1096 0.230048
-1.10376 0.232543
-1.09792 0.235964
-1.09208 0.239755
-1.08624 0.23686
-1.0804 0.241127
-1.07456 0.242006
-1.06872 0.245092
-1.06288 0.247471
-1.05704 0.255004
-1.0512 0.255641
-1.04536 0.260749
-1.03952 0.26312
-1.03368 0.264884
-1.02784 0.265682
-1.022 0.268846
-1.01616 0.272105
-1.01032 0.274131
-1.00448 0.275775
-0.99864 0.27733
-0.9928 0.28219
-0.98696 0.284468
-0.98112 0.285852
-0.97528 0.288133
-0.96944 0.293837
-0.9636 0.292645
-0.95776 0.295055
-0.95192 0.296201
-0.94608 0.295655
-0.94024 0.297972
-0.9344 0.300252
-0.92856 0.301686
-0.92272 0.303792
-0.91688 0.307887
-0.91104 0.310033
-0.9052 0.311129
-0.89936 0.315225
-0.89352 0.316994
-0.88768 0.32223
-0.88184 0.323786
-0.876 0.321993
-0.87016 0.326998
-0.86432 0.325718
-0.85848 0.326888
-0.85264 0.329213
-0.8468 0.331777
-0.84096 0.337911
-0.83512 0.338113
-0.82928 0.339794
-0.82344 0.342439
-0.8176 0.343393
-0.81176 0.344695
-0.80592 0.347121
-0.80008 0.347237
-0.79424 0.347548
-0.7884 0.348252
-0.78256 0.350299
-0.77672 0.349683
-0.77088 0.350631
-0.76504 0.352174
-0.7592 0.350964
-0.75336 0.35186
-0.74752 0.353576
-0.74168 0.354088
-0.73584 0.353938
-0.73 0.354121
-0.72416 0.352234
-0.71832 0.352668
-0.71248 0.353057
-0.70664 0.353062
-0.7008 0.354038
-0.69496 0.354974
-0.68912 0.355779
-0.68328 0.355701
-0.67744 0.357347
-0.6716 0.358916
-0.66576 0.360016
-0.65992 0.361154
-0.65408 0.362198
-0.64824 0.361196
-0.6424 0.361736
-0.63656 0.362991
-0.63072 0.36407
-0.62488 0.365062
-0.61904 0.367102
-0.6132 0.367709
-0.60736 0.367935
-0.60152 0.367695
-0.59568 0.367695
-0.58984 0.367695
-0.584 0.367695
-0.57816 0.367695
-0.57232 0.367695
-0.56648 0.367695
-0.56064 0.367695
-0.5548 0.367695
-0.54896 0.367695
-0.54312 0.367695
-0.53728 0.367695
-0.53144 0.367695
-0.5256 0.367695
-0.51976 0.367695
-0.51392 0.367695
-0.50808 0.367695
-0.50224 0.367695
-0.4964 0.367695
-0.49056 0.367695
-0.48472 0.367695
-0.47888 0.367695
-0.47304 0.367695
-0.4672 0.367695
-0.46136 0.367695
-0.45552 0.367695
-0.44968 0.367695
-0.44384 0.367695
-0.438 0.367695
-0.43216 0.367695
-0.42632 0.367695
-0.42048 0.367695
-0.41464 0.367695
-0.4088 0.367695
-0.40296 0.367695
-0.39712 0.367695
-0.39128 0.367695
-0.38544 0.367695
-0.3796 0.367695
-0.37376 0.367695
-0.36792 0.367695
-0.36208 0.367695
-0.35624 0.367695
-0.3504 0.367695
-0.34456 0.367695
-0.33872 0.367695
-0.33288 0.367695
-0.32704 0.367695
-0.3212 0.367695
-0.31536 0.367695
-0.30952 0.367695
-0.30368 0.367695
-0.29784 0.367695
-0.292 0.367695
-0.28616 0.367695
-0.28032 0.367695
-0.27448 0.367695
-0.26864 0.367695
-0.2628 0.367695
-0.25696 0.367695
-0.25112 0.367695
-0.24528 0.367695
-0.23944 0.367695
-0.2336 0.367695
-0.22776 0.367695
-0.22192 0.367695
-0.21608 0.367695
-0.21024 0.367695
-0.2044 0.367695
-0.19856 0.367695
-0.19272 0.367695
-0.18688 0.367695
-0.18104 0.367695
-0.1752 0.367695
-0.16936 0.367695
-0.16352 0.367695
-0.15768 0.367695
-0.15184 0.367695
-0.146 0.367695
-0.14016 0.367695
-0.13432 0.367695
-0.12848 0.367695
-0.12264 0.367695
-0.1168 0.367695
-0.11096 0.367695
-0.10512 0.367695
-0.09928 0.367695
-0.09344 0.367695
-0.0876 0.367695
-0.08176 0.367695
-0.07592 0.367695
-0.07008 0.367695
-0.06424 0.367695
-0.0584 0.367695
-0.05256 0.367695
-0.04672 0.367695
-0.04088 0.367695
-0.03504 0.367695
-0.0292 0.367695
-0.02336 0.367695
-0.01752 0.367695
-0.01168 0.367695
-0.00584 0.367695
