-2.92 0.306126
-2.91416 0.306126
-2.90832 0.306126
-2.90248 0.306126
-2.89664 0.306126
-2.8908 0.306126
-2.88496 0.306126
-2.87912 0.306126
-2.87328 0.306126
-2.86744 0.306126
-2.8616 0.306126
-2.85576 0.306126
-2.84992 0.306126
-2.84408 0.306126
-2.83824 0.306126
-2.8324 0.306126
-2.82656 0.306126
-2.82072 0.306126
-2.81488 0.306126
-2.80904 0.306126
-2.8032 0.306126
-2.79736 0.306126
-2.79152 0.306126
-2.78568 0.306126
-2.77984 0.306126
-2.774 0.306126
-2.76816 0.306126
-2.76232 0.306126
-2.75648 0.306126
-2.75064 0.306126
-2.7448 0.306126
-2.73896 0.306126
-2.73312 0.306126
-2.72728 0.306126
-2.72144 0.306126
-2.7156 0.306126
-2.70976 0.306126
-2.70392 0.306126
-2.69808 0.306126
-2.69224 0.306126
-2.6864 0.306126
-2.68056 0.306126
-2.67472 0.306126
-2.66888 0.306126
-2.66304 0.306126
-2.6572 0.306126
-2.65136 0.306126
-2.64552 0.306126
-2.63968 0.306126
-2.63384 0.306126
-2.628 0.306126
-2.62216 0.306126
-2.61632 0.306126
-2.61048 0.306126
-2.60464 0.306126
-2.5988 0.306126
-2.59296 0.305862
-2.58712 0.305421
-2.58128 0.304893
-2.57544 0.30432
-2.5696 0.303658
-2.56376 0.302997
-2.55792 0.30216
-2.55208 0.301235
-2.54624 0.300264
-2.5404 0.299248
-2.53456 0.298233
-2.52872 0.297216
-2.52288 0.29607
-2.51704 0.294835
-2.5112 0.293688
-2.50536 0.292498
-2.49952 0.291177
-2.49368 0.289856
-2.48784 0.288491
-2.482 0.287216
-2.47616 0.285764
-2.47032 0.284268
-2.46448 0.282728
-2.45864 0.281144
-2.4528 0.279561
-2.44696 0.277977
-2.44112 0.276351
-2.43528 0.274681
-2.42944 0.2731
-2.4236 0.271426
-2.41776 0.269706
-2.41192 0.267945
-2.40608 0.266136
-2.40024 0.264328
-2.3944 0.262476
-2.38856 0.260712
-2.38272 0.258903
-2.37688 0.257093
-2.37104 0.255197
-2.3652 0.2533
-2.35936 0.251316
-2.35352 0.24933
-2.34768 0.247435
-2.34184 0.245493
-2.336 0.243509
-2.33016 0.24148
-2.32432 0.239408
-2.31848 0.237335
-2.31264 0.235262
-2.3068 0.233188
-2.30096 0.231071
-2.29512 0.229042
-2.28928 0.227012
-2.28344 0.224895
-2.2776 0.222778
-2.27176 0.220793
-2.26592 0.21872
-2.26008 0.216737
-2.25424 0.214533
-2.2484 0.212371
-2.24256 0.210125
-2.23672 0.208049
-2.23088 0.205845
-2.22504 0.203685
-2.2192 0.201484
-2.21336 0.199495
-2.20752 0.19721
-2.20168 0.195132
-2.19584 0.19293
-2.19 0.190727
-2.18416 0.188734
-2.17832 0.186403
-2.17248 0.184286
-2.16664 0.182336
-2.1608 0.180348
-2.15496 0.178104
-2.14912 0.176281
-2.14328 0.173869
-2.13744 0.17175
-2.1316 0.169759
-2.12576 0.167771
-2.11992 0.165399
-2.11408 0.163497
-2.10824 0.161334
-2.1024 0.159089
-2.09656 0.157225
-2.09072 0.155148
-2.08488 0.153534
-2.07904 0.15048
-2.0732 0.148657
-2.06736 0.146537
-2.06152 0.144035
-2.05568 0.142512
-2.04984 0.139883
-2.044 0.138282
-2.03816 0.136458
-2.03232 0.134379
-2.02648 0.132215
-2.02064 0.130095
-2.0148 0.127848
-2.00896 0.126366
-2.00312 0.123908
-1.99728 0.121619
-1.99144 0.119635
-1.9856 0.117939
-1.97976 0.115267
-1.97392 0.113869
-1.96808 0.112984
-1.96224 0.111974
-1.9564 0.110874
-1.95056 0.109605
-1.94472 0.108889
-1.93888 0.108521
-1.93304 0.106231
-1.9272 0.106455
-1.92136 0.106754
-1.91552 0.106466
-1.90968 0.105756
-1.90384 0.105675
-1.898 0.105174
-1.89216 0.106029
-1.88632 0.104213
-1.88048 0.104982
-1.87464 0.103001
-1.8688 0.105885
-1.86296 0.104452
-1.85712 0.103608
-1.85128 0.104803
-1.84544 0.105151
-1.8396 0.1047
-1.83376 0.103904
-1.82792 0.106209
-1.82208 0.105889
-1.81624 0.106874
-1.8104 0.105066
-1.80456 0.105879
-1.79872 0.106053
-1.79288 0.107937
-1.78704 0.10727
-1.7812 0.108268
-1.77536 0.109777
-1.76952 0.10788
-1.76368 0.111072
-1.75784 0.111364
-1.752 0.11067
-1.74616 0.112952
-1.74032 0.111912
-1.73448 0.114881
-1.72864 0.116612
-1.7228 0.117542
-1.71696 0.120071
-1.71112 0.118879
-1.70528 0.119199
-1.69944 0.120866
-1.6936 0.122716
-1.68776 0.121818
-1.68192 0.126571
-1.67608 0.127046
-1.67024 0.127206
-1.6644 0.125476
-1.65856 0.127975
-1.65272 0.129209
-1.64688 0.12628
-1.64104 0.127662
-1.6352 0.131069
-1.62936 0.131764
-1.62352 0.131345
-1.61768 0.132643
-1.61184 0.130633
-1.606 0.134403
-1.60016 0.136187
-1.59432 0.136691
-1.58848 0.140184
-1.58264 0.141221
-1.5768 0.142685
-1.57096 0.143948
-1.56512 0.14854
-1.55928 0.147293
-1.55344 0.146508
-1.5476 0.14893
-1.54176 0.152768
-1.53592 0.156029
-1.53008 0.156135
-1.52424 0.160244
-1.5184 0.163584
-1.51256 0.16314
-1.50672 0.166206
-1.50088 0.171401
-1.49504 0.170381
-1.4892 0.175603
-1.48336 0.178082
-1.47752 0.180555
-1.47168 0.182242
-1.46584 0.183775
-1.46 0.184028
-1.45416 0.187545
-1.44832 0.184467
-1.44248 0.187767
-1.43664 0.189697
-1.4308 0.196134
-1.42496 0.196794
-1.41912 0.198022
-1.41328 0.202144
-1.40744 0.202241
-1.4016 0.206495
-1.39576 0.205581
-1.38992 0.208529
-1.38408 0.212202
-1.37824 0.215203
-1.3724 0.217522
-1.36656 0.221087
-1.36072 0.222611
-1.35488 0.226772
-1.34904 0.2262
-1.3432 0.22923
-1.33736 0.229666
-1.33152 0.228181
-1.32568 0.234983
-1.31984 0.237293
-1.314 0.236221
-1.30816 0.240579
-1.30232 0.242622
-1.29648 0.247378
-1.29064 0.250202
-1.2848 0.250991
-1.27896 0.256561
-1.27312 0.253316
-1.26728 0.255996
-1.26144 0.258438
-1.2556 0.260288
-1.24976 0.261479
-1.24392 0.264384
-1.23808 0.264925
-1.23224 0.266248
-1.2264 0.265506
-1.22056 0.26807
-1.21472 0.270925
-1.20888 0.271029
-1.20304 0.271491
-1.1972 0.27812
-1.19136 0.279164
-1.18552 0.279774
-1.17968 0.282293
-1.17384 0.280773
-1.168 0.284785
-1.16216 0.287187
-1.15632 0.286812
-1.15048 0.291153
-1.14464 0.293587
-1.1388 0.293524
-1.13296 0.294579
-1.12712 0.299281
-1.12128 0.298199
-1.11544 0.297153
-1.1096 0.298756
-1.10376 0.301486
-1.09792 0.304089
-1.09208 0.304102
-1.08624 0.305725
-1.0804 0.30936
-1.07456 0.310369
-1.06872 0.312163
-1.06288 0.313942
-1.05704 0.311333
-1.0512 0.314453
-1.04536 0.31654
-1.03952 0.318857
-1.03368 0.31787
-1.02784 0.316974
-1.022 0.315695
-1.01616 0.31671
-1.01032 0.311422
-1.00448 0.311781
-0.99864 0.31097
-0.9928 0.313423
-0.98696 0.313192
-0.98112 0.311256
-0.97528 0.311444
-0.96944 0.310048
-0.9636 0.310924
-0.95776 0.307088
-0.95192 0.307526
-0.94608 0.309323
-0.94024 0.30845
-0.9344 0.308244
-0.92856 0.309142
-0.92272 0.30864
-0.91688 0.310135
-0.91104 0.306377
-0.9052 0.307156
-0.89936 0.304656
-0.89352 0.305215
-0.88768 0.305617
-0.88184 0.306256
-0.876 0.303487
-0.87016 0.304365
-0.86432 0.304066
-0.85848 0.304599
-0.85264 0.304891
-0.8468 0.30431
-0.84096 0.305045
-0.83512 0.301792
-0.82928 0.301506
-0.82344 0.30203
-0.8176 0.302417
-0.81176 0.299883
-0.80592 0.300562
-0.80008 0.298209
-0.79424 0.297705
-0.7884 0.297829
-0.78256 0.296655
-0.77672 0.297553
-0.77088 0.29628
-0.76504 0.296169
-0.7592 0.296715
-0.75336 0.297096
-0.74752 0.295489
-0.74168 0.296379
-0.73584 0.296333
-0.73 0.29651
-0.72416 0.297026
-0.71832 0.297231
-0.71248 0.297569
-0.70664 0.299433
-0.7008 0.300191
-0.69496 0.301204
-0.68912 0.302138
-0.68328 0.303236
-0.67744 0.304464
-0.6716 0.305983
-0.66576 0.307117
-0.65992 0.30736
-0.65408 0.307109
-0.64824 0.308031
-0.6424 0.309025
-0.63656 0.310317
-0.63072 0.310342
-0.62488 0.310955
-0.61904 0.309666
-0.6132 0.30964
-0.60736 0.309609
-0.60152 0.309914
-0.59568 0.309914
-0.58984 0.309914
-0.584 0.309914
-0.57816 0.309914
-0.57232 0.309914
-0.56648 0.309914
-0.56064 0.309914
-0.5548 0.309914
-0.54896 0.309914
-0.54312 0.309914
-0.53728 0.309914
-0.53144 0.309914
-0.5256 0.309914
-0.51976 0.309914
-0.51392 0.309914
-0.50808 0.309914
-0.50224 0.309914
-0.4964 0.309914
-0.49056 0.309914
-0.48472 0.309914
-0.47888 0.309914
-0.47304 0.309914
-0.4672 0.309914
-0.46136 0.309914
-0.45552 0.309914
-0.44968 0.309914
-0.44384 0.309914
-0.438 0.309914
-0.43216 0.309914
-0.42632 0.309914
-0.42048 0.309914
-0.41464 0.309914
-0.4088 0.309914
-0.40296 0.309914
-0.39712 0.309914
-0.39128 0.309914
-0.38544 0.309914
-0.3796 0.309914
-0.37376 0.309914
-0.36792 0.309914
-0.36208 0.309914
-0.35624 0.309914
-0.3504 0.309914
-0.34456 0.309914
-0.33872 0.309914
-0.33288 0.309914
-0.32704 0.309914
-0.3212 0.309914
-0.31536 0.309914
-0.30952 0.309914
-0.30368 0.309914
-0.29784 0.309914
-0.292 0.309914
-0.28616 0.309914
-0.28032 0.309914
-0.27448 0.309914
-0.26864 0.309914
-0.2628 0.309914
-0.25696 0.309914
-0.25112 0.309914
-0.24528 0.309914
-0.23944 0.309914
-0.2336 0.309914
-0.22776 0.309914
-0.22192 0.309914
-0.21608 0.309914
-0.21024 0.309914
-0.2044 0.309914
-0.19856 0.309914
-0.19272 0.309914
-0.18688 0.309914
-0.18104 0.309914
-0.1752 0.309914
-0.16936 0.309914
-0.16352 0.309914
-0.15768 0.309914
-0.15184 0.309914
-0.146 0.309914
-0.14016 0.309914
-0.13432 0.309914
-0.12848 0.309914
-0.12264 0.309914
-0.1168 0.309914
-0.11096 0.309914
-0.10512 0.309914
-0.09928 0.309914
-0.09344 0.309914
-0.0876 0.309914
-0.08176 0.309914
-0.07592 0.309914
-0.07008 0.309914
-0.06424 0.309914
-0.0584 0.309914
-0.05256 0.309914
-0.04672 0.309914
-0.04088 0.309914
-0.03504 0.309914
-0.0292 0.309914
-0.02336 0.309914
-0.01752 0.309914
-0.01168 0.309914
-0.00584 0.309914
