-2.92 0.324835
-2.91416 0.324835
-2.90832 0.324835
-2.90248 0.324835
-2.89664 0.324835
-2.8908 0.324835
-2.88496 0.324835
-2.87912 0.324835
-2.87328 0.324835
-2.86744 0.324835
-2.8616 0.324835
-2.85576 0.324835
-2.84992 0.324835
-2.84408 0.324835
-2.83824 0.324835
-2.8324 0.324835
-2.82656 0.324835
-2.82072 0.324835
-2.81488 0.324835
-2.80904 0.324835
-2.8032 0.324835
-2.79736 0.324835
-2.79152 0.324835
-2.78568 0.324835
-2.77984 0.324835
-2.774 0.324835
-2.76816 0.324835
-2.76232 0.324835
-2.75648 0.324835
-2.75064 0.324835
-2.7448 0.324835
-2.73896 0.324835
-2.73312 0.324835
-2.72728 0.324835
-2.72144 0.324835
-2.7156 0.324835
-2.70976 0.324835
-2.70392 0.324835
-2.69808 0.324835
-2.69224 0.324835
-2.6864 0.324835
-2.68056 0.324835
-2.67472 0.324835
-2.66888 0.324835
-2.66304 0.324835
-2.6572 0.324835
-2.65136 0.324835
-2.64552 0.324835
-2.63968 0.324835
-2.63384 0.324835
-2.628 0.324835
-2.62216 0.324835
-2.61632 0.324835
-2.61048 0.324835
-2.60464 0.324835
-2.5988 0.324835
-2.59296 0.324527
-2.58712 0.324041
-2.58128 0.323423
-2.57544 0.322674
-2.5696 0.321881
-2.56376 0.321086
-2.55792 0.320161
-2.55208 0.31919
-2.54624 0.318128
-2.5404 0.317022
-2.53456 0.315784
-2.52872 0.314544
-2.52288 0.313305
-2.51704 0.311977
-2.5112 0.31065
-2.50536 0.309321
-2.49952 0.30795
-2.49368 0.30649
-2.48784 0.305076
-2.482 0.303792
-2.47616 0.302334
-2.47032 0.300787
-2.46448 0.29924
-2.45864 0.297691
-2.4528 0.296099
-2.44696 0.294503
-2.44112 0.292819
-2.43528 0.291092
-2.42944 0.289409
-2.4236 0.287639
-2.41776 0.285826
-2.41192 0.284057
-2.40608 0.282243
-2.40024 0.280387
-2.3944 0.27853
-2.38856 0.276717
-2.38272 0.274902
-2.37688 0.273087
-2.37104 0.271185
-2.3652 0.269281
-2.35936 0.267289
-2.35352 0.265341
-2.34768 0.263348
-2.34184 0.261312
-2.336 0.259231
-2.33016 0.257237
-2.32432 0.255286
-2.31848 0.253159
-2.31264 0.251077
-2.3068 0.248995
-2.30096 0.246868
-2.29512 0.244745
-2.28928 0.242618
-2.28344 0.240495
-2.2776 0.238193
-2.27176 0.23598
-2.26592 0.233813
-2.26008 0.231774
-2.25424 0.229472
-2.2484 0.227257
-2.24256 0.225044
-2.23672 0.222787
-2.23088 0.220571
-2.22504 0.218354
-2.2192 0.215758
-2.21336 0.213625
-2.20752 0.211327
-2.20168 0.208813
-2.19584 0.207016
-2.19 0.204416
-2.18416 0.201733
-2.17832 0.199513
-2.17248 0.196999
-2.16664 0.194863
-2.1608 0.192519
-2.15496 0.190129
-2.14912 0.187867
-2.14328 0.18548
-2.13744 0.183007
-2.1316 0.18066
-2.12576 0.178271
-2.11992 0.176008
-2.11408 0.17358
-2.10824 0.171275
-2.1024 0.16872
-2.09656 0.166959
-2.09072 0.164108
-2.08488 0.162141
-2.07904 0.159667
-2.0732 0.157574
-2.06736 0.154807
-2.06152 0.152422
-2.05568 0.150076
-2.04984 0.147941
-2.044 0.146277
-2.03816 0.143425
-2.03232 0.141244
-2.02648 0.139363
-2.02064 0.136556
-2.0148 0.134334
-2.00896 0.131992
-2.00312 0.129981
-1.99728 0.128016
-1.99144 0.125889
-1.9856 0.125064
-1.97976 0.123306
-1.97392 0.121724
-1.96808 0.1209
-1.96224 0.12012
-1.9564 0.118708
-1.95056 0.117247
-1.94472 0.117146
-1.93888 0.116576
-1.93304 0.115026
-1.9272 0.114467
-1.92136 0.114142
-1.91552 0.113585
-1.90968 0.112255
-1.90384 0.112105
-1.898 0.11251
-1.89216 0.11161
-1.88632 0.110586
-1.88048 0.111964
-1.87464 0.110551
-1.8688 0.110458
-1.86296 0.110643
-1.85712 0.111827
-1.85128 0.111418
-1.84544 0.111343
-1.8396 0.110767
-1.83376 0.110433
-1.82792 0.110476
-1.82208 0.114254
-1.81624 0.112208
-1.8104 0.113125
-1.80456 0.111324
-1.79872 0.114846
-1.79288 0.112813
-1.78704 0.114231
-1.7812 0.114788
-1.77536 0.116938
-1.76952 0.11736
-1.76368 0.118897
-1.75784 0.118165
-1.752 0.118936
-1.74616 0.118788
-1.74032 0.119521
-1.73448 0.119583
-1.72864 0.121286
-1.7228 0.123764
-1.71696 0.123322
-1.71112 0.127655
-1.70528 0.125646
-1.69944 0.127779
-1.6936 0.129676
-1.68776 0.128529
-1.68192 0.131997
-1.67608 0.129795
-1.67024 0.12965
-1.6644 0.131453
-1.65856 0.128856
-1.65272 0.132504
-1.64688 0.130462
-1.64104 0.13395
-1.6352 0.132751
-1.62936 0.132942
-1.62352 0.132722
-1.61768 0.134482
-1.61184 0.135223
-1.606 0.138096
-1.60016 0.140884
-1.59432 0.141224
-1.58848 0.142579
-1.58264 0.144302
-1.5768 0.143821
-1.57096 0.147821
-1.56512 0.150579
-1.55928 0.1493
-1.55344 0.154549
-1.5476 0.155374
-1.54176 0.158645
-1.53592 0.16162
-1.53008 0.162384
-1.52424 0.165046
-1.5184 0.167543
-1.51256 0.169008
-1.50672 0.171631
-1.50088 0.178971
-1.49504 0.176717
-1.4892 0.178577
-1.48336 0.180866
-1.47752 0.183296
-1.47168 0.185956
-1.46584 0.18782
-1.46 0.189928
-1.45416 0.193182
-1.44832 0.196269
-1.44248 0.1957
-1.43664 0.201985
-1.4308 0.20227
-1.42496 0.208247
-1.41912 0.208489
-1.41328 0.207476
-1.40744 0.213982
-1.4016 0.216359
-1.39576 0.219238
-1.38992 0.221886
-1.38408 0.225458
-1.37824 0.229838
-1.3724 0.229881
-1.36656 0.230445
-1.36072 0.233928
-1.35488 0.233079
-1.34904 0.2376
-1.3432 0.239877
-1.33736 0.24314
-1.33152 0.248972
-1.32568 0.25002
-1.31984 0.253686
-1.314 0.256826
-1.30816 0.253251
-1.30232 0.260164
-1.29648 0.261341
-1.29064 0.265827
-1.2848 0.266904
-1.27896 0.272529
-1.27312 0.274685
-1.26728 0.274059
-1.26144 0.276057
-1.2556 0.281763
-1.24976 0.279753
-1.24392 0.28516
-1.23808 0.285314
-1.23224 0.289579
-1.2264 0.291893
-1.22056 0.291892
-1.21472 0.297265
-1.20888 0.296873
-1.20304 0.302281
-1.1972 0.305991
-1.19136 0.306042
-1.18552 0.308776
-1.17968 0.310834
-1.17384 0.312934
-1.168 0.318132
-1.16216 0.319874
-1.15632 0.321756
-1.15048 0.322465
-1.14464 0.32545
-1.1388 0.32425
-1.13296 0.326773
-1.12712 0.329521
-1.12128 0.328503
-1.11544 0.333916
-1.1096 0.33778
-1.10376 0.338294
-1.09792 0.341447
-1.09208 0.339094
-1.08624 0.343202
-1.0804 0.345759
-1.07456 0.34528
-1.06872 0.34679
-1.06288 0.353039
-1.05704 0.351682
-1.0512 0.353033
-1.04536 0.352506
-1.03952 0.353686
-1.03368 0.356127
-1.02784 0.354414
-1.022 0.353717
-1.01616 0.355188
-1.01032 0.354172
-1.00448 0.352786
-0.99864 0.35535
-0.9928 0.353952
-0.98696 0.355952
-0.98112 0.355293
-0.97528 0.351771
-0.96944 0.355999
-0.9636 0.355319
-0.95776 0.356689
-0.95192 0.356958
-0.94608 0.35817
-0.94024 0.358219
-0.9344 0.356357
-0.92856 0.356346
-0.92272 0.35576
-0.91688 0.353035
-0.91104 0.352694
-0.9052 0.353909
-0.89936 0.356101
-0.89352 0.357376
-0.88768 0.356823
-0.88184 0.357758
-0.876 0.356594
-0.87016 0.355412
-0.86432 0.357366
-0.85848 0.356685
-0.85264 0.35909
-0.8468 0.356334
-0.84096 0.35831
-0.83512 0.359634
-0.82928 0.357918
-0.82344 0.356996
-0.8176 0.356178
-0.81176 0.355074
-0.80592 0.357545
-0.80008 0.356127
-0.79424 0.357077
-0.7884 0.357358
-0.78256 0.357955
-0.77672 0.358175
-0.77088 0.358126
-0.76504 0.359506
-0.7592 0.359306
-0.75336 0.358703
-0.74752 0.360334
-0.74168 0.360015
-0.73584 0.361094
-0.73 0.362364
-0.72416 0.363056
-0.71832 0.363571
-0.71248 0.363707
-0.70664 0.364471
-0.7008 0.365323
-0.69496 0.366173
-0.68912 0.366476
-0.68328 0.367794
-0.67744 0.370749
-0.6716 0.371511
-0.66576 0.373281
-0.65992 0.373827
-0.65408 0.374121
-0.64824 0.374703
-0.6424 0.376414
-0.63656 0.376736
-0.63072 0.377223
-0.62488 0.377286
-0.61904 0.377216
-0.6132 0.377069
-0.60736 0.376535
-0.60152 0.376794
-0.59568 0.376794
-0.58984 0.376794
-0.584 0.376794
-0.57816 0.376794
-0.57232 0.376794
-0.56648 0.376794
-0.56064 0.376794
-0.5548 0.376794
-0.54896 0.376794
-0.54312 0.376794
-0.53728 0.376794
-0.53144 0.376794
-0.5256 0.376794
-0.51976 0.376794
-0.51392 0.376794
-0.50808 0.376794
-0.50224 0.376794
-0.4964 0.376794
-0.49056 0.376794
-0.48472 0.376794
-0.47888 0.376794
-0.47304 0.376794
-0.4672 0.376794
-0.46136 0.376794
-0.45552 0.376794
-0.44968 0.376794
-0.44384 0.376794
-0.438 0.376794
-0.43216 0.376794
-0.42632 0.376794
-0.42048 0.376794
-0.41464 0.376794
-0.4088 0.376794
-0.40296 0.376794
-0.39712 0.376794
-0.39128 0.376794
-0.38544 0.376794
-0.3796 0.376794
-0.37376 0.376794
-0.36792 0.376794
-0.36208 0.376794
-0.35624 0.376794
-0.3504 0.376794
-0.34456 0.376794
-0.33872 0.376794
-0.33288 0.376794
-0.32704 0.376794
-0.3212 0.376794
-0.31536 0.376794
-0.30952 0.376794
-0.30368 0.376794
-0.29784 0.376794
-0.292 0.376794
-0.28616 0.376794
-0.28032 0.376794
-0.27448 0.376794
-0.26864 0.376794
-0.2628 0.376794
-0.25696 0.376794
-0.25112 0.376794
-0.24528 0.376794
-0.23944 0.376794
-0.2336 0.376794
-0.22776 0.376794
-0.22192 0.376794
-0.21608 0.376794
-0.21024 0.376794
-0.2044 0.376794
-0.19856 0.376794
-0.19272 0.376794
-0.18688 0.376794
-0.18104 0.376794
-0.1752 0.376794
-0.16936 0.376794
-0.16352 0.376794
-0.15768 0.376794
-0.15184 0.376794
-0.146 0.376794
-0.14016 0.376794
-0.13432 0.376794
-0.12848 0.376794
-0.12264 0.376794
-0.1168 0.376794
-0.11096 0.376794
-0.10512 0.376794
-0.09928 0.376794
-0.09344 0.376794
-0.0876 0.376794
-0.08176 0.376794
-0.07592 0.376794
-0.07008 0.376794
-0.06424 0.376794
-0.0584 0.376794
-0.05256 0.376794
-0.04672 0.376794
-0.04088 0.376794
-0.03504 0.376794
-0.0292 0.376794
-0.02336 0.376794
-0.01752 0.376794
-0.01168 0.376794
-0.00584 0.376794
