-2.92 0.292095
-2.91416 0.292095
-2.90832 0.292095
-2.90248 0.292095
-2.89664 0.292095
-2.8908 0.292095
-2.88496 0.292095
-2.87912 0.292095
-2.87328 0.292095
-2.86744 0.292095
-2.8616 0.292095
-2.85576 0.292095
-2.84992 0.292095
-2.84408 0.292095
-2.83824 0.292095
-2.8324 0.292095
-2.82656 0.292095
-2.82072 0.292095
-2.81488 0.292095
-2.80904 0.292095
-2.8032 0.292095
-2.79736 0.292095
-2.79152 0.292095
-2.78568 0.292095
-2.77984 0.292095
-2.774 0.292095
-2.76816 0.292095
-2.76232 0.292095
-2.75648 0.292095
-2.75064 0.292095
-2.7448 0.292095
-2.73896 0.292095
-2.73312 0.292095
-2.72728 0.292095
-2.72144 0.292095
-2.7156 0.292095
-2.70976 0.292095
-2.70392 0.292095
-2.69808 0.292095
-2.69224 0.292095
-2.6864 0.292095
-2.68056 0.292095
-2.67472 0.292095
-2.66888 0.292095
-2.66304 0.292095
-2.6572 0.292095
-2.65136 0.292095
-2.64552 0.292095
-2.63968 0.292095
-2.63384 0.292095
-2.628 0.292095
-2.62216 0.292095
-2.61632 0.292095
-2.61048 0.292095
-2.60464 0.292095
-2.5988 0.292095
-2.59296 0.291829
-2.58712 0.291432
-2.58128 0.290902
-2.57544 0.290328
-2.5696 0.289664
-2.56376 0.289001
-2.55792 0.288208
-2.55208 0.287413
-2.54624 0.28653
-2.5404 0.285559
-2.53456 0.284586
-2.52872 0.283526
-2.52288 0.282466
-2.51704 0.281361
-2.5112 0.280256
-2.50536 0.279019
-2.49952 0.277739
-2.49368 0.276416
-2.48784 0.275137
-2.482 0.273903
-2.47616 0.272491
-2.47032 0.270991
-2.46448 0.269492
-2.45864 0.267993
-2.4528 0.266449
-2.44696 0.264993
-2.44112 0.263449
-2.43528 0.261906
-2.42944 0.26045
-2.4236 0.258904
-2.41776 0.257357
-2.41192 0.255766
-2.40608 0.254131
-2.40024 0.252452
-2.3944 0.250687
-2.38856 0.248965
-2.38272 0.247199
-2.37688 0.245432
-2.37104 0.243664
-2.3652 0.241853
-2.35936 0.240087
-2.35352 0.238363
-2.34768 0.236594
-2.34184 0.234739
-2.336 0.232882
-2.33016 0.231113
-2.32432 0.229302
-2.31848 0.227402
-2.31264 0.225546
-2.3068 0.223646
-2.30096 0.221704
-2.29512 0.220186
-2.28928 0.218155
-2.28344 0.217053
-2.2776 0.215323
-2.27176 0.214139
-2.26592 0.213
-2.26008 0.211649
-2.25424 0.210417
-2.2484 0.209144
-2.24256 0.208083
-2.23672 0.206558
-2.23088 0.205541
-2.22504 0.204481
-2.2192 0.203162
-2.21336 0.202102
-2.20752 0.200831
-2.20168 0.199219
-2.19584 0.198241
-2.19 0.197474
-2.18416 0.196451
-2.17832 0.195942
-2.17248 0.194497
-2.16664 0.193519
-2.1608 0.192328
-2.15496 0.190376
-2.14912 0.190411
-2.14328 0.188967
-2.13744 0.188119
-2.1316 0.186842
-2.12576 0.185572
-2.11992 0.18434
-2.11408 0.183872
-2.10824 0.183696
-2.1024 0.182721
-2.09656 0.18081
-2.09072 0.180549
-2.08488 0.17822
-2.07904 0.180164
-2.0732 0.178045
-2.06736 0.174902
-2.06152 0.175917
-2.05568 0.176463
-2.04984 0.174599
-2.044 0.174135
-2.03816 0.173707
-2.03232 0.171077
-2.02648 0.173364
-2.02064 0.170737
-2.0148 0.170822
-2.00896 0.169001
-2.00312 0.167253
-1.99728 0.168146
-1.99144 0.167429
-1.9856 0.165354
-1.97976 0.164544
-1.97392 0.164887
-1.96808 0.165229
-1.96224 0.164176
-1.9564 0.164473
-1.95056 0.16384
-1.94472 0.163286
-1.93888 0.161726
-1.93304 0.161305
-1.9272 0.157789
-1.92136 0.156905
-1.91552 0.154911
-1.90968 0.153943
-1.90384 0.151483
-1.898 0.148437
-1.89216 0.148576
-1.88632 0.14409
-1.88048 0.142612
-1.87464 0.142195
-1.8688 0.13784
-1.86296 0.136869
-1.85712 0.133449
-1.85128 0.131712
-1.84544 0.130028
-1.8396 0.127833
-1.83376 0.12466
-1.82792 0.120685
-1.82208 0.121807
-1.81624 0.118211
-1.8104 0.117328
-1.80456 0.112716
-1.79872 0.112814
-1.79288 0.108673
-1.78704 0.106147
-1.7812 0.105275
-1.77536 0.101256
-1.76952 0.102174
-1.76368 0.0994763
-1.75784 0.0957247
-1.752 0.0933238
-1.74616 0.0916135
-1.74032 0.0893039
-1.73448 0.0874234
-1.72864 0.0850275
-1.7228 0.0816938
-1.71696 0.0795376
-1.71112 0.0761261
-1.70528 0.073359
-1.69944 0.0715248
-1.6936 0.0696466
-1.68776 0.0668046
-1.68192 0.0663796
-1.67608 0.0642122
-1.67024 0.0602469
-1.6644 0.0591504
-1.65856 0.0592226
-1.65272 0.0605398
-1.64688 0.0555861
-1.64104 0.0565318
-1.6352 0.0573362
-1.62936 0.0571051
-1.62352 0.0599917
-1.61768 0.0595045
-1.61184 0.0597823
-1.606 0.058952
-1.60016 0.0606547
-1.59432 0.0586614
-1.58848 0.0590971
-1.58264 0.0615787
-1.5768 0.0615431
-1.57096 0.05889
-1.56512 0.0615783
-1.55928 0.0643268
-1.55344 0.0632525
-1.5476 0.0661977
-1.54176 0.0680006
-1.53592 0.0690888
-1.53008 0.0705308
-1.52424 0.0694901
-1.5184 0.073076
-1.51256 0.0719352
-1.50672 0.0749974
-1.50088 0.0774958
-1.49504 0.0812571
-1.4892 0.0825695
-1.48336 0.0847731
-1.47752 0.0872705
-1.47168 0.0900981
-1.46584 0.0922794
-1.46 0.0945505
-1.45416 0.097774
-1.44832 0.0989291
-1.44248 0.103145
-1.43664 0.106436
-1.4308 0.106095
-1.42496 0.11048
-1.41912 0.11498
-1.41328 0.118231
-1.40744 0.119546
-1.4016 0.121856
-1.39576 0.127627
-1.38992 0.128775
-1.38408 0.127009
-1.37824 0.131609
-1.3724 0.134542
-1.36656 0.135944
-1.36072 0.140241
-1.35488 0.143683
-1.34904 0.146221
-1.3432 0.149465
-1.33736 0.152331
-1.33152 0.156842
-1.32568 0.161596
-1.31984 0.16166
-1.314 0.162341
-1.30816 0.172087
-1.30232 0.173916
-1.29648 0.173747
-1.29064 0.174796
-1.2848 0.180923
-1.27896 0.186597
-1.27312 0.187597
-1.26728 0.194518
-1.26144 0.192804
-1.2556 0.197761
-1.24976 0.202469
-1.24392 0.204987
-1.23808 0.208705
-1.23224 0.209683
-1.2264 0.214286
-1.22056 0.217074
-1.21472 0.219743
-1.20888 0.223163
-1.20304 0.225366
-1.1972 0.227779
-1.19136 0.230105
-1.18552 0.235399
-1.17968 0.236912
-1.17384 0.242721
-1.168 0.241712
-1.16216 0.241928
-1.15632 0.245162
-1.15048 0.246796
-1.14464 0.252605
-1.1388 0.253162
-1.13296 0.257641
-1.12712 0.263091
-1.12128 0.265215
-1.11544 0.267081
-1.1096 0.272492
-1.10376 0.276479
-1.09792 0.278294
-1.09208 0.281699
-1.08624 0.279689
-1.0804 0.284479
-1.07456 0.284392
-1.06872 0.288719
-1.06288 0.291889
-1.05704 0.297038
-1.0512 0.301118
-1.04536 0.302962
-1.03952 0.304988
-1.03368 0.309858
-1.02784 0.31176
-1.022 0.314297
-1.01616 0.316493
-1.01032 0.318154
-1.00448 0.321952
-0.99864 0.325134
-0.9928 0.325006
-0.98696 0.328506
-0.98112 0.332136
-0.97528 0.335327
-0.96944 0.335913
-0.9636 0.338234
-0.95776 0.343275
-0.95192 0.342376
-0.94608 0.342094
-0.94024 0.344592
-0.9344 0.347177
-0.92856 0.347261
-0.92272 0.35115
-0.91688 0.354321
-0.91104 0.357449
-0.9052 0.35964
-0.89936 0.361586
-0.89352 0.365814
-0.88768 0.369015
-0.88184 0.369308
-0.876 0.369761
-0.87016 0.375623
-0.86432 0.375735
-0.85848 0.377072
-0.85264 0.378595
-0.8468 0.381505
-0.84096 0.3866
-0.83512 0.388918
-0.82928 0.390135
-0.82344 0.391991
-0.8176 0.39253
-0.81176 0.396537
-0.80592 0.397414
-0.80008 0.399639
-0.79424 0.399542
-0.7884 0.402367
-0.78256 0.404301
-0.77672 0.404496
-0.77088 0.40566
-0.76504 0.406961
-0.7592 0.407536
-0.75336 0.407305
-0.74752 0.409187
-0.74168 0.411154
-0.73584 0.411899
-0.73 0.411964
-0.72416 0.410761
-0.71832 0.412385
-0.71248 0.412864
-0.70664 0.413939
-0.7008 0.414504
-0.69496 0.416119
-0.68912 0.416515
-0.68328 0.417496
-0.67744 0.418856
-0.6716 0.421103
-0.66576 0.422332
-0.65992 0.422796
-0.65408 0.424394
-0.64824 0.423302
-0.6424 0.423928
-0.63656 0.425188
-0.63072 0.426308
-0.62488 0.427091
-0.61904 0.429129
-0.6132 0.429439
-0.60736 0.429576
-0.60152 0.429121
-0.59568 0.429121
-0.58984 0.429121
-0.584 0.429121
-0.57816 0.429121
-0.57232 0.429121
-0.56648 0.429121
-0.56064 0.429121
-0.5548 0.429121
-0.54896 0.429121
-0.54312 0.429121
-0.53728 0.429121
-0.53144 0.429121
-0.5256 0.429121
-0.51976 0.429121
-0.51392 0.429121
-0.50808 0.429121
-0.50224 0.429121
-0.4964 0.429121
-0.49056 0.429121
-0.48472 0.429121
-0.47888 0.429121
-0.47304 0.429121
-0.4672 0.429121
-0.46136 0.429121
-0.45552 0.429121
-0.44968 0.429121
-0.44384 0.429121
-0.438 0.429121
-0.43216 0.429121
-0.42632 0.429121
-0.42048 0.429121
-0.41464 0.429121
-0.4088 0.429121
-0.40296 0.429121
-0.39712 0.429121
-0.39128 0.429121
-0.38544 0.429121
-0.3796 0.429121
-0.37376 0.429121
-0.36792 0.429121
-0.36208 0.429121
-0.35624 0.429121
-0.3504 0.429121
-0.34456 0.429121
-0.33872 0.429121
-0.33288 0.429121
-0.32704 0.429121
-0.3212 0.429121
-0.31536 0.429121
-0.30952 0.429121
-0.30368 0.429121
-0.29784 0.429121
-0.292 0.429121
-0.28616 0.429121
-0.28032 0.429121
-0.27448 0.429121
-0.26864 0.429121
-0.2628 0.429121
-0.25696 0.429121
-0.25112 0.429121
-0.24528 0.429121
-0.23944 0.429121
-0.2336 0.429121
-0.22776 0.429121
-0.22192 0.429121
-0.21608 0.429121
-0.21024 0.429121
-0.2044 0.429121
-0.19856 0.429121
-0.19272 0.429121
-0.18688 0.429121
-0.18104 0.429121
-0.1752 0.429121
-0.16936 0.429121
-0.16352 0.429121
-0.15768 0.429121
-0.15184 0.429121
-0.146 0.429121
-0.14016 0.429121
-0.13432 0.429121
-0.12848 0.429121
-0.12264 0.429121
-0.1168 0.429121
-0.11096 0.429121
-0.10512 0.429121
-0.09928 0.429121
-0.09344 0.429121
-0.0876 0.429121
-0.08176 0.429121
-0.07592 0.429121
-0.07008 0.429121
-0.06424 0.429121
-0.0584 0.429121
-0.05256 0.429121
-0.04672 0.429121
-0.04088 0.429121
-0.03504 0.429121
-0.0292 0.429121
-0.02336 0.429121
-0.01752 0.429121
-0.01168 0.429121
-0.00584 0.429121
