-2.92 0.313138
-2.91416 0.313138
-2.90832 0.313138
-2.90248 0.313138
-2.89664 0.313138
-2.8908 0.313138
-2.88496 0.313138
-2.87912 0.313138
-2.87328 0.313138
-2.86744 0.313138
-2.8616 0.313138
-2.85576 0.313138
-2.84992 0.313138
-2.84408 0.313138
-2.83824 0.313138
-2.8324 0.313138
-2.82656 0.313138
-2.82072 0.313138
-2.81488 0.313138
-2.80904 0.313138
-2.8032 0.313138
-2.79736 0.313138
-2.79152 0.313138
-2.78568 0.313138
-2.77984 0.313138
-2.774 0.313138
-2.76816 0.313138
-2.76232 0.313138
-2.75648 0.313138
-2.75064 0.313138
-2.7448 0.313138
-2.73896 0.313138
-2.73312 0.313138
-2.72728 0.313138
-2.72144 0.313138
-2.7156 0.313138
-2.70976 0.313138
-2.70392 0.313138
-2.69808 0.313138
-2.69224 0.313138
-2.6864 0.313138
-2.68056 0.313138
-2.67472 0.313138
-2.66888 0.313138
-2.66304 0.313138
-2.6572 0.313138
-2.65136 0.313138
-2.64552 0.313138
-2.63968 0.313138
-2.63384 0.313138
-2.628 0.313138
-2.62216 0.313138
-2.61632 0.313138
-2.61048 0.313138
-2.60464 0.313138
-2.5988 0.313138
-2.59296 0.312742
-2.58712 0.312127
-2.58128 0.311424
-2.57544 0.310721
-2.5696 0.309931
-2.56376 0.309051
-2.55792 0.30817
-2.55208 0.307156
-2.54624 0.306097
-2.5404 0.305038
-2.53456 0.303978
-2.52872 0.302872
-2.52288 0.301767
-2.51704 0.300573
-2.5112 0.299378
-2.50536 0.298186
-2.49952 0.297036
-2.49368 0.295882
-2.48784 0.294641
-2.482 0.293355
-2.47616 0.291938
-2.47032 0.290475
-2.46448 0.289014
-2.45864 0.287507
-2.4528 0.285958
-2.44696 0.284452
-2.44112 0.282903
-2.43528 0.281353
-2.42944 0.279848
-2.4236 0.278255
-2.41776 0.276575
-2.41192 0.27485
-2.40608 0.273127
-2.40024 0.27136
-2.3944 0.269547
-2.38856 0.267868
-2.38272 0.266056
-2.37688 0.264243
-2.37104 0.262387
-2.3652 0.260487
-2.35936 0.258587
-2.35352 0.25682
-2.34768 0.254876
-2.34184 0.252974
-2.336 0.250986
-2.33016 0.249042
-2.32432 0.247098
-2.31848 0.244979
-2.31264 0.242947
-2.3068 0.240872
-2.30096 0.238796
-2.29512 0.237228
-2.28928 0.235112
-2.28344 0.233794
-2.2776 0.231718
-2.27176 0.23015
-2.26592 0.228836
-2.26008 0.227055
-2.25424 0.22493
-2.2484 0.224028
-2.24256 0.2222
-2.23672 0.220497
-2.23088 0.21947
-2.22504 0.218403
-2.2192 0.215849
-2.21336 0.214828
-2.20752 0.21308
-2.20168 0.21205
-2.19584 0.209755
-2.19 0.209401
-2.18416 0.208038
-2.17832 0.205999
-2.17248 0.204846
-2.16664 0.203187
-2.1608 0.202118
-2.15496 0.201342
-2.14912 0.199422
-2.14328 0.199071
-2.13744 0.197922
-2.1316 0.195879
-2.12576 0.195742
-2.11992 0.194925
-2.11408 0.193348
-2.10824 0.192616
-2.1024 0.191041
-2.09656 0.192133
-2.09072 0.189328
-2.08488 0.189018
-2.07904 0.187739
-2.0732 0.186417
-2.06736 0.187086
-2.06152 0.185432
-2.05568 0.183095
-2.04984 0.184872
-2.044 0.183047
-2.03816 0.182191
-2.03232 0.180994
-2.02648 0.180816
-2.02064 0.17941
-2.0148 0.179272
-2.00896 0.178249
-2.00312 0.178155
-1.99728 0.177467
-1.99144 0.17636
-1.9856 0.176137
-1.97976 0.173717
-1.97392 0.17451
-1.96808 0.173453
-1.96224 0.172984
-1.9564 0.172085
-1.95056 0.172559
-1.94472 0.172513
-1.93888 0.171483
-1.93304 0.168818
-1.9272 0.165589
-1.92136 0.163593
-1.91552 0.162201
-1.90968 0.160291
-1.90384 0.159399
-1.898 0.156598
-1.89216 0.153719
-1.88632 0.151172
-1.88048 0.148837
-1.87464 0.147226
-1.8688 0.144473
-1.86296 0.143704
-1.85712 0.141377
-1.85128 0.139139
-1.84544 0.135789
-1.8396 0.13292
-1.83376 0.131392
-1.82792 0.125851
-1.82208 0.12531
-1.81624 0.122725
-1.8104 0.120358
-1.80456 0.116806
-1.79872 0.113122
-1.79288 0.112708
-1.78704 0.109154
-1.7812 0.106234
-1.77536 0.103665
-1.76952 0.1013
-1.76368 0.0999921
-1.75784 0.0963627
-1.752 0.093924
-1.74616 0.0923309
-1.74032 0.0887878
-1.73448 0.0861002
-1.72864 0.0840016
-1.7228 0.079701
-1.71696 0.0783557
-1.71112 0.075371
-1.70528 0.072932
-1.69944 0.0707137
-1.6936 0.0686217
-1.68776 0.0654709
-1.68192 0.0629574
-1.67608 0.0614789
-1.67024 0.0609082
-1.6644 0.0580647
-1.65856 0.0562261
-1.65272 0.0563673
-1.64688 0.0558961
-1.64104 0.0535118
-1.6352 0.0562366
-1.62936 0.055176
-1.62352 0.054389
-1.61768 0.0556743
-1.61184 0.0549378
-1.606 0.0551758
-1.60016 0.053106
-1.59432 0.0550915
-1.58848 0.0543102
-1.58264 0.0528475
-1.5768 0.0546367
-1.57096 0.0568729
-1.56512 0.0562212
-1.55928 0.0593499
-1.55344 0.0599253
-1.5476 0.0637416
-1.54176 0.0626014
-1.53592 0.0657221
-1.53008 0.0659548
-1.52424 0.0631669
-1.5184 0.063419
-1.51256 0.0666316
-1.50672 0.0670912
-1.50088 0.067347
-1.49504 0.0737166
-1.4892 0.075796
-1.48336 0.0757083
-1.47752 0.0781628
-1.47168 0.0798444
-1.46584 0.0818776
-1.46 0.0807037
-1.45416 0.0823964
-1.44832 0.0865321
-1.44248 0.0912336
-1.43664 0.0933046
-1.4308 0.0931088
-1.42496 0.0960967
-1.41912 0.0978941
-1.41328 0.101368
-1.40744 0.1034
-1.4016 0.105278
-1.39576 0.106245
-1.38992 0.108648
-1.38408 0.108048
-1.37824 0.109265
-1.3724 0.112054
-1.36656 0.115214
-1.36072 0.11703
-1.35488 0.11951
-1.34904 0.1222
-1.3432 0.125262
-1.33736 0.127902
-1.33152 0.130499
-1.32568 0.135126
-1.31984 0.136019
-1.314 0.137859
-1.30816 0.141296
-1.30232 0.140869
-1.29648 0.144087
-1.29064 0.145363
-1.2848 0.14872
-1.27896 0.155229
-1.27312 0.156169
-1.26728 0.158807
-1.26144 0.161735
-1.2556 0.166524
-1.24976 0.167791
-1.24392 0.169433
-1.23808 0.171668
-1.23224 0.17389
-1.2264 0.176733
-1.22056 0.179725
-1.21472 0.181024
-1.20888 0.182194
-1.20304 0.186454
-1.1972 0.189241
-1.19136 0.191618
-1.18552 0.191962
-1.17968 0.196289
-1.17384 0.198372
-1.168 0.198566
-1.16216 0.200786
-1.15632 0.202217
-1.15048 0.204267
-1.14464 0.204939
-1.1388 0.207125
-1.13296 0.211647
-1.12712 0.212895
-1.12128 0.217168
-1.11544 0.221428
-1.1096 0.224447
-1.10376 0.225029
-1.09792 0.229048
-1.09208 0.231795
-1.08624 0.22838
-1.0804 0.23116
-1.07456 0.234757
-1.06872 0.236769
-1.06288 0.237953
-1.05704 0.245312
-1.0512 0.248432
-1.04536 0.250715
-1.03952 0.252853
-1.03368 0.256181
-1.02784 0.258578
-1.022 0.258162
-1.01616 0.259898
-1.01032 0.263907
-1.00448 0.266897
-0.99864 0.270047
-0.9928 0.269279
-0.98696 0.272893
-0.98112 0.273816
-0.97528 0.275993
-0.96944 0.27829
-0.9636 0.280025
-0.95776 0.281398
-0.95192 0.282785
-0.94608 0.282271
-0.94024 0.283524
-0.9344 0.2869
-0.92856 0.288157
-0.92272 0.290114
-0.91688 0.292896
-0.91104 0.295832
-0.9052 0.298184
-0.89936 0.301805
-0.89352 0.303142
-0.88768 0.305869
-0.88184 0.308692
-0.876 0.30902
-0.87016 0.310762
-0.86432 0.311322
-0.85848 0.311722
-0.85264 0.313306
-0.8468 0.315058
-0.84096 0.320259
-0.83512 0.321338
-0.82928 0.322711
-0.82344 0.323991
-0.8176 0.326797
-0.81176 0.32846
-0.80592 0.327723
-0.80008 0.328792
-0.79424 0.330075
-0.7884 0.331146
-0.78256 0.33247
-0.77672 0.331633
-0.77088 0.332364
-0.76504 0.333347
-0.7592 0.333236
-0.75336 0.33451
-0.74752 0.334146
-0.74168 0.335965
-0.73584 0.335131
-0.73 0.334628
-0.72416 0.333921
-0.71832 0.334604
-0.71248 0.334148
-0.70664 0.335584
-0.7008 0.336526
-0.69496 0.336616
-0.68912 0.33797
-0.68328 0.338052
-0.67744 0.339236
-0.6716 0.340545
-0.66576 0.341597
-0.65992 0.342653
-0.65408 0.344205
-0.64824 0.342902
-0.6424 0.343441
-0.63656 0.344823
-0.63072 0.345946
-0.62488 0.346982
-0.61904 0.349276
-0.6132 0.349546
-0.60736 0.350025
-0.60152 0.349826
-0.59568 0.349826
-0.58984 0.349826
-0.584 0.349826
-0.57816 0.349826
-0.57232 0.349826
-0.56648 0.349826
-0.56064 0.349826
-0.5548 0.349826
-0.54896 0.349826
-0.54312 0.349826
-0.53728 0.349826
-0.53144 0.349826
-0.5256 0.349826
-0.51976 0.349826
-0.51392 0.349826
-0.50808 0.349826
-0.50224 0.349826
-0.4964 0.349826
-0.49056 0.349826
-0.48472 0.349826
-0.47888 0.349826
-0.47304 0.349826
-0.4672 0.349826
-0.46136 0.349826
-0.45552 0.349826
-0.44968 0.349826
-0.44384 0.349826
-0.438 0.349826
-0.43216 0.349826
-0.42632 0.349826
-0.42048 0.349826
-0.41464 0.349826
-0.4088 0.349826
-0.40296 0.349826
-0.39712 0.349826
-0.39128 0.349826
-0.38544 0.349826
-0.3796 0.349826
-0.37376 0.349826
-0.36792 0.349826
-0.36208 0.349826
-0.35624 0.349826
-0.3504 0.349826
-0.34456 0.349826
-0.33872 0.349826
-0.33288 0.349826
-0.32704 0.349826
-0.3212 0.349826
-0.31536 0.349826
-0.30952 0.349826
-0.30368 0.349826
-0.29784 0.349826
-0.292 0.349826
-0.28616 0.349826
-0.28032 0.349826
-0.27448 0.349826
-0.26864 0.349826
-0.2628 0.349826
-0.25696 0.349826
-0.25112 0.349826
-0.24528 0.349826
-0.23944 0.349826
-0.2336 0.349826
-0.22776 0.349826
-0.22192 0.349826
-0.21608 0.349826
-0.21024 0.349826
-0.2044 0.349826
-0.19856 0.349826
-0.19272 0.349826
-0.18688 0.349826
-0.18104 0.349826
-0.1752 0.349826
-0.16936 0.349826
-0.16352 0.349826
-0.15768 0.349826
-0.15184 0.349826
-0.146 0.349826
-0.14016 0.349826
-0.13432 0.349826
-0.12848 0.349826
-0.12264 0.349826
-0.1168 0.349826
-0.11096 0.349826
-0.10512 0.349826
-0.09928 0.349826
-0.09344 0.349826
-0.0876 0.349826
-0.08176 0.349826
-0.07592 0.349826
-0.07008 0.349826
-0.06424 0.349826
-0.0584 0.349826
-0.05256 0.349826
-0.04672 0.349826
-0.04088 0.349826
-0.03504 0.349826
-0.0292 0.349826
-0.02336 0.349826
-0.01752 0.349826
-0.01168 0.349826
-0.00584 0.349826
