-2.92 0.325173
-2.91416 0.325173
-2.90832 0.325173
-2.90248 0.325173
-2.89664 0.325173
-2.8908 0.325173
-2.88496 0.325173
-2.87912 0.325173
-2.87328 0.325173
-2.86744 0.325173
-2.8616 0.325173
-2.85576 0.325173
-2.84992 0.325173
-2.84408 0.325173
-2.83824 0.325173
-2.8324 0.325173
-2.82656 0.325173
-2.82072 0.325173
-2.81488 0.325173
-2.80904 0.325173
-2.8032 0.325173
-2.79736 0.325173
-2.79152 0.325173
-2.78568 0.325173
-2.77984 0.325173
-2.774 0.325173
-2.76816 0.325173
-2.76232 0.325173
-2.75648 0.325173
-2.75064 0.325173
-2.7448 0.325173
-2.73896 0.325173
-2.73312 0.325173
-2.72728 0.325173
-2.72144 0.325173
-2.7156 0.325173
-2.70976 0.325173
-2.70392 0.325173
-2.69808 0.325173
-2.69224 0.325173
-2.6864 0.325173
-2.68056 0.325173
-2.67472 0.325173
-2.66888 0.325173
-2.66304 0.325173
-2.6572 0.325173
-2.65136 0.325173
-2.64552 0.325173
-2.63968 0.325173
-2.63384 0.325173
-2.628 0.325173
-2.62216 0.325173
-2.61632 0.325173
-2.61048 0.325173
-2.60464 0.325173
-2.5988 0.325173
-2.59296 0.324864
-2.58712 0.324381
-2.58128 0.323812
-2.57544 0.323154
-2.5696 0.322539
-2.56376 0.32188
-2.55792 0.321134
-2.55208 0.320254
-2.54624 0.319285
-2.5404 0.31823
-2.53456 0.317216
-2.52872 0.316116
-2.52288 0.31497
-2.51704 0.313868
-2.5112 0.312636
-2.50536 0.311489
-2.49952 0.310297
-2.49368 0.309061
-2.48784 0.307648
-2.482 0.306326
-2.47616 0.304824
-2.47032 0.303235
-2.46448 0.301604
-2.45864 0.299971
-2.4528 0.298336
-2.44696 0.296743
-2.44112 0.295107
-2.43528 0.293425
-2.42944 0.291748
-2.4236 0.290027
-2.41776 0.28826
-2.41192 0.286451
-2.40608 0.284597
-2.40024 0.282788
-2.3944 0.280891
-2.38856 0.279083
-2.38272 0.277227
-2.37688 0.275285
-2.37104 0.273341
-2.3652 0.271354
-2.35936 0.269322
-2.35352 0.267334
-2.34768 0.265304
-2.34184 0.263187
-2.336 0.261025
-2.33016 0.258863
-2.32432 0.256792
-2.31848 0.254672
-2.31264 0.252553
-2.3068 0.250473
-2.30096 0.248353
-2.29512 0.246146
-2.28928 0.244319
-2.28344 0.242699
-2.2776 0.240786
-2.27176 0.239045
-2.26592 0.237301
-2.26008 0.235348
-2.25424 0.233681
-2.2484 0.23214
-2.24256 0.229342
-2.23672 0.228474
-2.23088 0.22605
-2.22504 0.223587
-2.2192 0.221203
-2.21336 0.218317
-2.20752 0.216485
-2.20168 0.213596
-2.19584 0.211846
-2.19 0.208915
-2.18416 0.206239
-2.17832 0.203692
-2.17248 0.201566
-2.16664 0.199016
-2.1608 0.19634
-2.15496 0.192989
-2.14912 0.191365
-2.14328 0.188434
-2.13744 0.18567
-2.1316 0.182491
-2.12576 0.181496
-2.11992 0.178563
-2.11408 0.176389
-2.10824 0.173457
-2.1024 0.170952
-2.09656 0.168946
-2.09072 0.166729
-2.08488 0.164555
-2.07904 0.161874
-2.0732 0.159238
-2.06736 0.157403
-2.06152 0.154558
-2.05568 0.152561
-2.04984 0.149713
-2.044 0.148012
-2.03816 0.145459
-2.03232 0.143115
-2.02648 0.1409
-2.02064 0.138644
-2.0148 0.136261
-2.00896 0.134007
-2.00312 0.132001
-1.99728 0.12983
-1.99144 0.128501
-1.9856 0.126417
-1.97976 0.124837
-1.97392 0.124524
-1.96808 0.122186
-1.96224 0.122973
-1.9564 0.121641
-1.95056 0.119478
-1.94472 0.119932
-1.93888 0.118907
-1.93304 0.116856
-1.9272 0.117314
-1.92136 0.117545
-1.91552 0.116897
-1.90968 0.116926
-1.90384 0.114004
-1.898 0.115256
-1.89216 0.114527
-1.88632 0.115023
-1.88048 0.11548
-1.87464 0.113871
-1.8688 0.11431
-1.86296 0.116568
-1.85712 0.112876
-1.85128 0.1141
-1.84544 0.113416
-1.8396 0.113753
-1.83376 0.113929
-1.82792 0.115372
-1.82208 0.11655
-1.81624 0.115167
-1.8104 0.114078
-1.80456 0.11554
-1.79872 0.116551
-1.79288 0.11723
-1.78704 0.116391
-1.7812 0.114932
-1.77536 0.115791
-1.76952 0.117657
-1.76368 0.119026
-1.75784 0.119858
-1.752 0.119573
-1.74616 0.120822
-1.74032 0.122158
-1.73448 0.122779
-1.72864 0.124135
-1.7228 0.124522
-1.71696 0.123399
-1.71112 0.128284
-1.70528 0.127992
-1.69944 0.128327
-1.6936 0.128928
-1.68776 0.129762
-1.68192 0.12998
-1.67608 0.132114
-1.67024 0.129674
-1.6644 0.133316
-1.65856 0.131821
-1.65272 0.132149
-1.64688 0.133426
-1.64104 0.134214
-1.6352 0.134455
-1.62936 0.133315
-1.62352 0.133328
-1.61768 0.134016
-1.61184 0.137984
-1.606 0.141877
-1.60016 0.141684
-1.59432 0.14391
-1.58848 0.145321
-1.58264 0.147227
-1.5768 0.147343
-1.57096 0.151477
-1.56512 0.152956
-1.55928 0.153233
-1.55344 0.159578
-1.5476 0.161056
-1.54176 0.162931
-1.53592 0.163616
-1.53008 0.165606
-1.52424 0.169009
-1.5184 0.171062
-1.51256 0.174336
-1.50672 0.176314
-1.50088 0.177563
-1.49504 0.181371
-1.4892 0.186098
-1.48336 0.186643
-1.47752 0.187066
-1.47168 0.193325
-1.46584 0.188897
-1.46 0.197149
-1.45416 0.19992
-1.44832 0.20474
-1.44248 0.20518
-1.43664 0.206761
-1.4308 0.208177
-1.42496 0.215336
-1.41912 0.214006
-1.41328 0.220654
-1.40744 0.218838
-1.4016 0.221574
-1.39576 0.225639
-1.38992 0.224683
-1.38408 0.234519
-1.37824 0.232296
-1.3724 0.236972
-1.36656 0.242725
-1.36072 0.238947
-1.35488 0.243447
-1.34904 0.242659
-1.3432 0.241713
-1.33736 0.247498
-1.33152 0.252626
-1.32568 0.257309
-1.31984 0.257916
-1.314 0.259791
-1.30816 0.262554
-1.30232 0.267919
-1.29648 0.268826
-1.29064 0.268332
-1.2848 0.272109
-1.27896 0.274049
-1.27312 0.27915
-1.26728 0.280839
-1.26144 0.280133
-1.2556 0.280618
-1.24976 0.286803
-1.24392 0.290308
-1.23808 0.29103
-1.23224 0.292702
-1.2264 0.296386
-1.22056 0.298186
-1.21472 0.300137
-1.20888 0.302633
-1.20304 0.307916
-1.1972 0.309635
-1.19136 0.309751
-1.18552 0.311929
-1.17968 0.315477
-1.17384 0.32163
-1.168 0.324713
-1.16216 0.324026
-1.15632 0.327662
-1.15048 0.32908
-1.14464 0.329647
-1.1388 0.331839
-1.13296 0.336074
-1.12712 0.335039
-1.12128 0.337562
-1.11544 0.343472
-1.1096 0.346104
-1.10376 0.344025
-1.09792 0.347343
-1.09208 0.34724
-1.08624 0.347592
-1.0804 0.350939
-1.07456 0.354484
-1.06872 0.355741
-1.06288 0.356384
-1.05704 0.359343
-1.0512 0.362546
-1.04536 0.359825
-1.03952 0.360524
-1.03368 0.366619
-1.02784 0.358162
-1.022 0.363453
-1.01616 0.363181
-1.01032 0.364447
-1.00448 0.364119
-0.99864 0.362814
-0.9928 0.362235
-0.98696 0.366566
-0.98112 0.362683
-0.97528 0.367481
-0.96944 0.363964
-0.9636 0.363587
-0.95776 0.366058
-0.95192 0.363066
-0.94608 0.367692
-0.94024 0.366129
-0.9344 0.366729
-0.92856 0.367286
-0.92272 0.363838
-0.91688 0.365412
-0.91104 0.362014
-0.9052 0.362059
-0.89936 0.363718
-0.89352 0.366421
-0.88768 0.367455
-0.88184 0.366643
-0.876 0.366004
-0.87016 0.363516
-0.86432 0.365783
-0.85848 0.366354
-0.85264 0.365426
-0.8468 0.367213
-0.84096 0.366423
-0.83512 0.365565
-0.82928 0.366405
-0.82344 0.362741
-0.8176 0.364921
-0.81176 0.364133
-0.80592 0.365029
-0.80008 0.364785
-0.79424 0.364012
-0.7884 0.365266
-0.78256 0.364919
-0.77672 0.364541
-0.77088 0.364147
-0.76504 0.365853
-0.7592 0.365895
-0.75336 0.366366
-0.74752 0.367064
-0.74168 0.367441
-0.73584 0.368095
-0.73 0.368707
-0.72416 0.370203
-0.71832 0.370938
-0.71248 0.371039
-0.70664 0.371604
-0.7008 0.373345
-0.69496 0.373741
-0.68912 0.374561
-0.68328 0.375756
-0.67744 0.379266
-0.6716 0.380919
-0.66576 0.382019
-0.65992 0.382455
-0.65408 0.382459
-0.64824 0.383679
-0.6424 0.385527
-0.63656 0.386996
-0.63072 0.388329
-0.62488 0.387939
-0.61904 0.387836
-0.6132 0.38765
-0.60736 0.387246
-0.60152 0.387767
-0.59568 0.387767
-0.58984 0.387767
-0.584 0.387767
-0.57816 0.387767
-0.57232 0.387767
-0.56648 0.387767
-0.56064 0.387767
-0.5548 0.387767
-0.54896 0.387767
-0.54312 0.387767
-0.53728 0.387767
-0.53144 0.387767
-0.5256 0.387767
-0.51976 0.387767
-0.51392 0.387767
-0.50808 0.387767
-0.50224 0.387767
-0.4964 0.387767
-0.49056 0.387767
-0.48472 0.387767
-0.47888 0.387767
-0.47304 0.387767
-0.4672 0.387767
-0.46136 0.387767
-0.45552 0.387767
-0.44968 0.387767
-0.44384 0.387767
-0.438 0.387767
-0.43216 0.387767
-0.42632 0.387767
-0.42048 0.387767
-0.41464 0.387767
-0.4088 0.387767
-0.40296 0.387767
-0.39712 0.387767
-0.39128 0.387767
-0.38544 0.387767
-0.3796 0.387767
-0.37376 0.387767
-0.36792 0.387767
-0.36208 0.387767
-0.35624 0.387767
-0.3504 0.387767
-0.34456 0.387767
-0.33872 0.387767
-0.33288 0.387767
-0.32704 0.387767
-0.3212 0.387767
-0.31536 0.387767
-0.30952 0.387767
-0.30368 0.387767
-0.29784 0.387767
-0.292 0.387767
-0.28616 0.387767
-0.28032 0.387767
-0.27448 0.387767
-0.26864 0.387767
-0.2628 0.387767
-0.25696 0.387767
-0.25112 0.387767
-0.24528 0.387767
-0.23944 0.387767
-0.2336 0.387767
-0.22776 0.387767
-0.22192 0.387767
-0.21608 0.387767
-0.21024 0.387767
-0.2044 0.387767
-0.19856 0.387767
-0.19272 0.387767
-0.18688 0.387767
-0.18104 0.387767
-0.1752 0.387767
-0.16936 0.387767
-0.16352 0.387767
-0.15768 0.387767
-0.15184 0.387767
-0.146 0.387767
-0.14016 0.387767
-0.13432 0.387767
-0.12848 0.387767
-0.12264 0.387767
-0.1168 0.387767
-0.11096 0.387767
-0.10512 0.387767
-0.09928 0.387767
-0.09344 0.387767
-0.0876 0.387767
-0.08176 0.387767
-0.07592 0.387767
-0.07008 0.387767
-0.06424 0.387767
-0.0584 0.387767
-0.05256 0.387767
-0.04672 0.387767
-0.04088 0.387767
-0.03504 0.387767
-0.0292 0.387767
-0.02336 0.387767
-0.01752 0.387767
-0.01168 0.387767
-0.00584 0.387767
