-2.92 0.358143
-2.91416 0.358143
-2.90832 0.358143
-2.90248 0.358143
-2.89664 0.358143
-2.8908 0.358143
-2.88496 0.358143
-2.87912 0.358143
-2.87328 0.358143
-2.86744 0.358143
-2.8616 0.358143
-2.85576 0.358143
-2.84992 0.358143
-2.84408 0.358143
-2.83824 0.358143
-2.8324 0.358143
-2.82656 0.358143
-2.82072 0.358143
-2.81488 0.358143
-2.80904 0.358143
-2.8032 0.358143
-2.79736 0.358143
-2.79152 0.358143
-2.78568 0.358143
-2.77984 0.358143
-2.774 0.358143
-2.76816 0.358143
-2.76232 0.358143
-2.75648 0.358143
-2.75064 0.358143
-2.7448 0.358143
-2.73896 0.358143
-2.73312 0.358143
-2.72728 0.358143
-2.72144 0.358143
-2.7156 0.358143
-2.70976 0.358143
-2.70392 0.358143
-2.69808 0.358143
-2.69224 0.358143
-2.6864 0.358143
-2.68056 0.358143
-2.67472 0.358143
-2.66888 0.358143
-2.66304 0.358143
-2.6572 0.358143
-2.65136 0.358143
-2.64552 0.358143
-2.63968 0.358143
-2.63384 0.358143
-2.628 0.358143
-2.62216 0.358143
-2.61632 0.358143
-2.61048 0.358143
-2.60464 0.358143
-2.5988 0.358143
-2.59296 0.357569
-2.58712 0.356684
-2.58128 0.355753
-2.57544 0.354734
-2.5696 0.353714
-2.56376 0.352561
-2.55792 0.351406
-2.55208 0.350163
-2.54624 0.348874
-2.5404 0.347541
-2.53456 0.346209
-2.52872 0.344787
-2.52288 0.343281
-2.51704 0.341815
-2.5112 0.340351
-2.50536 0.338884
-2.49952 0.337419
-2.49368 0.335998
-2.48784 0.33462
-2.482 0.333415
-2.47616 0.331856
-2.47032 0.330211
-2.46448 0.328565
-2.45864 0.32692
-2.4528 0.325317
-2.44696 0.323628
-2.44112 0.321895
-2.43528 0.320074
-2.42944 0.318253
-2.4236 0.316301
-2.41776 0.314348
-2.41192 0.312308
-2.40608 0.310311
-2.40024 0.308271
-2.3944 0.306142
-2.38856 0.304014
-2.38272 0.301929
-2.37688 0.299844
-2.37104 0.297714
-2.3652 0.295582
-2.35936 0.293319
-2.35352 0.291143
-2.34768 0.288923
-2.34184 0.286704
-2.336 0.284397
-2.33016 0.282176
-2.32432 0.279956
-2.31848 0.277649
-2.31264 0.275427
-2.3068 0.273161
-2.30096 0.270852
-2.29512 0.268669
-2.28928 0.266608
-2.28344 0.264547
-2.2776 0.262401
-2.27176 0.261058
-2.26592 0.258919
-2.26008 0.257493
-2.25424 0.254837
-2.2484 0.253188
-2.24256 0.251921
-2.23672 0.250062
-2.23088 0.24833
-2.22504 0.24668
-2.2192 0.244061
-2.21336 0.242243
-2.20752 0.241262
-2.20168 0.239904
-2.19584 0.237121
-2.19 0.2361
-2.18416 0.234325
-2.17832 0.231873
-2.17248 0.231779
-2.16664 0.229618
-2.1608 0.226753
-2.15496 0.225439
-2.14912 0.225007
-2.14328 0.224414
-2.13744 0.222549
-2.1316 0.221108
-2.12576 0.219206
-2.11992 0.216796
-2.11408 0.216917
-2.10824 0.214672
-2.1024 0.213948
-2.09656 0.211497
-2.09072 0.21086
-2.08488 0.209549
-2.07904 0.208194
-2.0732 0.207606
-2.06736 0.204007
-2.06152 0.203972
-2.05568 0.205023
-2.04984 0.201018
-2.044 0.201573
-2.03816 0.201824
-2.03232 0.199877
-2.02648 0.198271
-2.02064 0.196919
-2.0148 0.195604
-2.00896 0.196871
-2.00312 0.195264
-1.99728 0.195844
-1.99144 0.192934
-1.9856 0.193696
-1.97976 0.190444
-1.97392 0.192004
-1.96808 0.188244
-1.96224 0.188332
-1.9564 0.186685
-1.95056 0.185589
-1.94472 0.182249
-1.93888 0.179379
-1.93304 0.177183
-1.9272 0.174277
-1.92136 0.17378
-1.91552 0.173401
-1.90968 0.167487
-1.90384 0.165216
-1.898 0.162473
-1.89216 0.160322
-1.88632 0.157927
-1.88048 0.155738
-1.87464 0.151693
-1.8688 0.148794
-1.86296 0.145425
-1.85712 0.144596
-1.85128 0.143215
-1.84544 0.138249
-1.8396 0.135692
-1.83376 0.135507
-1.82792 0.133841
-1.82208 0.13074
-1.81624 0.124799
-1.8104 0.120344
-1.80456 0.118717
-1.79872 0.115818
-1.79288 0.112043
-1.78704 0.110198
-1.7812 0.107224
-1.77536 0.104717
-1.76952 0.100817
-1.76368 0.100422
-1.75784 0.0954754
-1.752 0.0944432
-1.74616 0.0878491
-1.74032 0.087382
-1.73448 0.0826417
-1.72864 0.0809531
-1.7228 0.0775795
-1.71696 0.0755444
-1.71112 0.0732746
-1.70528 0.0699874
-1.69944 0.0686032
-1.6936 0.0649368
-1.68776 0.0630054
-1.68192 0.06074
-1.67608 0.0584344
-1.67024 0.0574589
-1.6644 0.0550214
-1.65856 0.0535927
-1.65272 0.0539883
-1.64688 0.0515977
-1.64104 0.0505176
-1.6352 0.0519562
-1.62936 0.0492694
-1.62352 0.050362
-1.61768 0.0511059
-1.61184 0.0519037
-1.606 0.0510776
-1.60016 0.051968
-1.59432 0.0537894
-1.58848 0.0524676
-1.58264 0.0538582
-1.5768 0.0531883
-1.57096 0.055072
-1.56512 0.0541408
-1.55928 0.0564575
-1.55344 0.0572647
-1.5476 0.05801
-1.54176 0.0580044
-1.53592 0.0616673
-1.53008 0.0604109
-1.52424 0.0612913
-1.5184 0.0608459
-1.51256 0.0632628
-1.50672 0.0645741
-1.50088 0.0670661
-1.49504 0.0664786
-1.4892 0.0726095
-1.48336 0.0725538
-1.47752 0.0752042
-1.47168 0.0781378
-1.46584 0.0816451
-1.46 0.0851373
-1.45416 0.0885741
-1.44832 0.0922533
-1.44248 0.0934854
-1.43664 0.0949487
-1.4308 0.0959255
-1.42496 0.100143
-1.41912 0.102082
-1.41328 0.104625
-1.40744 0.108038
-1.4016 0.109311
-1.39576 0.110916
-1.38992 0.11473
-1.38408 0.117542
-1.37824 0.118699
-1.3724 0.121562
-1.36656 0.125914
-1.36072 0.129004
-1.35488 0.127036
-1.34904 0.129078
-1.3432 0.132326
-1.33736 0.134074
-1.33152 0.137018
-1.32568 0.139617
-1.31984 0.14233
-1.314 0.142384
-1.30816 0.148696
-1.30232 0.147776
-1.29648 0.148956
-1.29064 0.153386
-1.2848 0.155832
-1.27896 0.158796
-1.27312 0.162724
-1.26728 0.16549
-1.26144 0.167599
-1.2556 0.171667
-1.24976 0.17469
-1.24392 0.178734
-1.23808 0.183916
-1.23224 0.185149
-1.2264 0.189099
-1.22056 0.191718
-1.21472 0.195573
-1.20888 0.198149
-1.20304 0.198243
-1.1972 0.202478
-1.19136 0.204709
-1.18552 0.206346
-1.17968 0.209627
-1.17384 0.213036
-1.168 0.216237
-1.16216 0.218568
-1.15632 0.222796
-1.15048 0.22153
-1.14464 0.225854
-1.1388 0.224608
-1.13296 0.229124
-1.12712 0.228468
-1.12128 0.233551
-1.11544 0.234851
-1.1096 0.23807
-1.10376 0.241538
-1.09792 0.244752
-1.09208 0.245219
-1.08624 0.24788
-1.0804 0.248277
-1.07456 0.251653
-1.06872 0.25301
-1.06288 0.258207
-1.05704 0.256619
-1.0512 0.265199
-1.04536 0.266773
-1.03952 0.269556
-1.03368 0.273233
-1.02784 0.277301
-1.022 0.27975
-1.01616 0.283499
-1.01032 0.286249
-1.00448 0.288232
-0.99864 0.289162
-0.9928 0.29125
-0.98696 0.294285
-0.98112 0.297426
-0.97528 0.298648
-0.96944 0.301472
-0.9636 0.303383
-0.95776 0.305328
-0.95192 0.308665
-0.94608 0.3106
-0.94024 0.311288
-0.9344 0.314151
-0.92856 0.317491
-0.92272 0.320228
-0.91688 0.318554
-0.91104 0.320303
-0.9052 0.322443
-0.89936 0.324459
-0.89352 0.325353
-0.88768 0.328886
-0.88184 0.330496
-0.876 0.330398
-0.87016 0.336189
-0.86432 0.333824
-0.85848 0.334917
-0.85264 0.337782
-0.8468 0.339164
-0.84096 0.341227
-0.83512 0.34345
-0.82928 0.34672
-0.82344 0.347173
-0.8176 0.35045
-0.81176 0.351628
-0.80592 0.354573
-0.80008 0.355776
-0.79424 0.356617
-0.7884 0.35833
-0.78256 0.358822
-0.77672 0.359019
-0.77088 0.35943
-0.76504 0.359915
-0.7592 0.360535
-0.75336 0.361271
-0.74752 0.361963
-0.74168 0.361111
-0.73584 0.36383
-0.73 0.363631
-0.72416 0.363107
-0.71832 0.364809
-0.71248 0.364356
-0.70664 0.365887
-0.7008 0.363381
-0.69496 0.364444
-0.68912 0.365129
-0.68328 0.364896
-0.67744 0.366125
-0.6716 0.36639
-0.66576 0.36736
-0.65992 0.367992
-0.65408 0.369366
-0.64824 0.370461
-0.6424 0.369924
-0.63656 0.371178
-0.63072 0.372307
-0.62488 0.373346
-0.61904 0.374299
-0.6132 0.376214
-0.60736 0.376363
-0.60152 0.376292
-0.59568 0.376292
-0.58984 0.376292
-0.584 0.376292
-0.57816 0.376292
-0.57232 0.376292
-0.56648 0.376292
-0.56064 0.376292
-0.5548 0.376292
-0.54896 0.376292
-0.54312 0.376292
-0.53728 0.376292
-0.53144 0.376292
-0.5256 0.376292
-0.51976 0.376292
-0.51392 0.376292
-0.50808 0.376292
-0.50224 0.376292
-0.4964 0.376292
-0.49056 0.376292
-0.48472 0.376292
-0.47888 0.376292
-0.47304 0.376292
-0.4672 0.376292
-0.46136 0.376292
-0.45552 0.376292
-0.44968 0.376292
-0.44384 0.376292
-0.438 0.376292
-0.43216 0.376292
-0.42632 0.376292
-0.42048 0.376292
-0.41464 0.376292
-0.4088 0.376292
-0.40296 0.376292
-0.39712 0.376292
-0.39128 0.376292
-0.38544 0.376292
-0.3796 0.376292
-0.37376 0.376292
-0.36792 0.376292
-0.36208 0.376292
-0.35624 0.376292
-0.3504 0.376292
-0.34456 0.376292
-0.33872 0.376292
-0.33288 0.376292
-0.32704 0.376292
-0.3212 0.376292
-0.31536 0.376292
-0.30952 0.376292
-0.30368 0.376292
-0.29784 0.376292
-0.292 0.376292
-0.28616 0.376292
-0.28032 0.376292
-0.27448 0.376292
-0.26864 0.376292
-0.2628 0.376292
-0.25696 0.376292
-0.25112 0.376292
-0.24528 0.376292
-0.23944 0.376292
-0.2336 0.376292
-0.22776 0.376292
-0.22192 0.376292
-0.21608 0.376292
-0.21024 0.376292
-0.2044 0.376292
-0.19856 0.376292
-0.19272 0.376292
-0.18688 0.376292
-0.18104 0.376292
-0.1752 0.376292
-0.16936 0.376292
-0.16352 0.376292
-0.15768 0.376292
-0.15184 0.376292
-0.146 0.376292
-0.14016 0.376292
-0.13432 0.376292
-0.12848 0.376292
-0.12264 0.376292
-0.1168 0.376292
-0.11096 0.376292
-0.10512 0.376292
-0.09928 0.376292
-0.09344 0.376292
-0.0876 0.376292
-0.08176 0.376292
-0.07592 0.376292
-0.07008 0.376292
-0.06424 0.376292
-0.0584 0.376292
-0.05256 0.376292
-0.04672 0.376292
-0.04088 0.376292
-0.03504 0.376292
-0.0292 0.376292
-0.02336 0.376292
-0.01752 0.376292
-0.01168 0.376292
-0.00584 0.376292
