-2.92 0.413924
-2.91416 0.413924
-2.90832 0.413924
-2.90248 0.413924
-2.89664 0.413924
-2.8908 0.413924
-2.88496 0.413924
-2.87912 0.413924
-2.87328 0.413924
-2.86744 0.413924
-2.8616 0.413924
-2.85576 0.413924
-2.84992 0.413924
-2.84408 0.413924
-2.83824 0.413924
-2.8324 0.413924
-2.82656 0.413924
-2.82072 0.413924
-2.81488 0.413924
-2.80904 0.413924
-2.8032 0.413924
-2.79736 0.413924
-2.79152 0.413924
-2.78568 0.413924
-2.77984 0.413924
-2.774 0.413924
-2.76816 0.413924
-2.76232 0.413924
-2.75648 0.413924
-2.75064 0.413924
-2.7448 0.413924
-2.73896 0.413924
-2.73312 0.413924
-2.72728 0.413924
-2.72144 0.413924
-2.7156 0.413924
-2.70976 0.413924
-2.70392 0.413924
-2.69808 0.413924
-2.69224 0.413924
-2.6864 0.413924
-2.68056 0.413924
-2.67472 0.413924
-2.66888 0.413924
-2.66304 0.413924
-2.6572 0.413924
-2.65136 0.413924
-2.64552 0.413924
-2.63968 0.413924
-2.63384 0.413924
-2.628 0.413924
-2.62216 0.413924
-2.61632 0.413924
-2.61048 0.413924
-2.60464 0.413924
-2.5988 0.413924
-2.59296 0.413395
-2.58712 0.412645
-2.58128 0.411806
-2.57544 0.41088
-2.5696 0.409822
-2.56376 0.408631
-2.55792 0.407305
-2.55208 0.405761
-2.54624 0.404174
-2.5404 0.402498
-2.53456 0.400866
-2.52872 0.399234
-2.52288 0.397603
-2.51704 0.395927
-2.5112 0.394246
-2.50536 0.392565
-2.49952 0.390709
-2.49368 0.388943
-2.48784 0.387043
-2.482 0.38523
-2.47616 0.383239
-2.47032 0.381246
-2.46448 0.379078
-2.45864 0.376909
-2.4528 0.37474
-2.44696 0.372529
-2.44112 0.370316
-2.43528 0.36806
-2.42944 0.365935
-2.4236 0.363636
-2.41776 0.36138
-2.41192 0.359167
-2.40608 0.35682
-2.40024 0.354517
-2.3944 0.352126
-2.38856 0.34978
-2.38272 0.347389
-2.37688 0.34491
-2.37104 0.342431
-2.3652 0.339996
-2.35936 0.337341
-2.35352 0.334776
-2.34768 0.332164
-2.34184 0.329508
-2.336 0.326808
-2.33016 0.324064
-2.32432 0.321322
-2.31848 0.318491
-2.31264 0.315704
-2.3068 0.313005
-2.30096 0.310262
-2.29512 0.308024
-2.28928 0.305537
-2.28344 0.30342
-2.2776 0.30114
-2.27176 0.298943
-2.26592 0.297121
-2.26008 0.295387
-2.25424 0.292851
-2.2484 0.290856
-2.24256 0.289156
-2.23672 0.286907
-2.23088 0.285002
-2.22504 0.28259
-2.2192 0.28076
-2.21336 0.279358
-2.20752 0.277117
-2.20168 0.275289
-2.19584 0.274817
-2.19 0.272862
-2.18416 0.271126
-2.17832 0.26858
-2.17248 0.266719
-2.16664 0.264809
-2.1608 0.264205
-2.15496 0.261289
-2.14912 0.259848
-2.14328 0.258146
-2.13744 0.255734
-2.1316 0.256813
-2.12576 0.255378
-2.11992 0.25107
-2.11408 0.249207
-2.10824 0.247377
-2.1024 0.24715
-2.09656 0.245669
-2.09072 0.243677
-2.08488 0.243791
-2.07904 0.241602
-2.0732 0.238641
-2.06736 0.239482
-2.06152 0.237108
-2.05568 0.235637
-2.04984 0.234405
-2.044 0.233941
-2.03816 0.231955
-2.03232 0.231812
-2.02648 0.22898
-2.02064 0.229352
-2.0148 0.22726
-2.00896 0.225374
-2.00312 0.224891
-1.99728 0.224342
-1.99144 0.223296
-1.9856 0.222018
-1.97976 0.22113
-1.97392 0.217375
-1.96808 0.217276
-1.96224 0.21537
-1.9564 0.214733
-1.95056 0.21206
-1.94472 0.207849
-1.93888 0.207877
-1.93304 0.203065
-1.9272 0.204599
-1.92136 0.198886
-1.91552 0.196979
-1.90968 0.192421
-1.90384 0.193175
-1.898 0.187945
-1.89216 0.186033
-1.88632 0.184085
-1.88048 0.177963
-1.87464 0.174362
-1.8688 0.169896
-1.86296 0.169907
-1.85712 0.164933
-1.85128 0.164468
-1.84544 0.159271
-1.8396 0.15603
-1.83376 0.15282
-1.82792 0.150171
-1.82208 0.147439
-1.81624 0.145107
-1.8104 0.141013
-1.80456 0.137892
-1.79872 0.132357
-1.79288 0.130848
-1.78704 0.125458
-1.7812 0.122303
-1.77536 0.118642
-1.76952 0.115984
-1.76368 0.111913
-1.75784 0.107956
-1.752 0.103728
-1.74616 0.101166
-1.74032 0.0977371
-1.73448 0.0958515
-1.72864 0.0920801
-1.7228 0.0874667
-1.71696 0.0836144
-1.71112 0.0795559
-1.70528 0.0792386
-1.69944 0.0748892
-1.6936 0.0703655
-1.68776 0.0689784
-1.68192 0.0651692
-1.67608 0.0621859
-1.67024 0.0602585
-1.6644 0.0599256
-1.65856 0.0566096
-1.65272 0.0547117
-1.64688 0.0544106
-1.64104 0.0544904
-1.6352 0.0519779
-1.62936 0.0509613
-1.62352 0.0505332
-1.61768 0.0500995
-1.61184 0.0481575
-1.606 0.0496659
-1.60016 0.0492542
-1.59432 0.0499531
-1.58848 0.050738
-1.58264 0.0495422
-1.5768 0.049069
-1.57096 0.0504961
-1.56512 0.0506654
-1.55928 0.0497107
-1.55344 0.0515269
-1.5476 0.0524704
-1.54176 0.0524848
-1.53592 0.0527354
-1.53008 0.0543889
-1.52424 0.0553485
-1.5184 0.05744
-1.51256 0.0539718
-1.50672 0.0564638
-1.50088 0.0576253
-1.49504 0.0606908
-1.4892 0.0639435
-1.48336 0.06622
-1.47752 0.0709043
-1.47168 0.070281
-1.46584 0.0753628
-1.46 0.0798751
-1.45416 0.0843226
-1.44832 0.085946
-1.44248 0.088155
-1.43664 0.0906477
-1.4308 0.0919019
-1.42496 0.0961996
-1.41912 0.0978957
-1.41328 0.101634
-1.40744 0.10481
-1.4016 0.106163
-1.39576 0.107007
-1.38992 0.11139
-1.38408 0.114158
-1.37824 0.117769
-1.3724 0.117324
-1.36656 0.119998
-1.36072 0.122994
-1.35488 0.124259
-1.34904 0.127683
-1.3432 0.127156
-1.33736 0.130807
-1.33152 0.132016
-1.32568 0.138132
-1.31984 0.137588
-1.314 0.139444
-1.30816 0.144661
-1.30232 0.144981
-1.29648 0.149065
-1.29064 0.150783
-1.2848 0.152144
-1.27896 0.154722
-1.27312 0.157322
-1.26728 0.16463
-1.26144 0.168647
-1.2556 0.168589
-1.24976 0.172366
-1.24392 0.177713
-1.23808 0.18125
-1.23224 0.183312
-1.2264 0.186216
-1.22056 0.189718
-1.21472 0.190806
-1.20888 0.194382
-1.20304 0.19755
-1.1972 0.19958
-1.19136 0.202961
-1.18552 0.205349
-1.17968 0.20747
-1.17384 0.209746
-1.168 0.213507
-1.16216 0.214803
-1.15632 0.219236
-1.15048 0.222819
-1.14464 0.224052
-1.1388 0.223159
-1.13296 0.224588
-1.12712 0.227612
-1.12128 0.229939
-1.11544 0.233591
-1.1096 0.236265
-1.10376 0.237324
-1.09792 0.240919
-1.09208 0.243818
-1.08624 0.246321
-1.0804 0.247879
-1.07456 0.24629
-1.06872 0.250162
-1.06288 0.252186
-1.05704 0.25602
-1.0512 0.260883
-1.04536 0.263546
-1.03952 0.270498
-1.03368 0.267987
-1.02784 0.273546
-1.022 0.278351
-1.01616 0.282687
-1.01032 0.285474
-1.00448 0.286312
-0.99864 0.288141
-0.9928 0.288816
-0.98696 0.293103
-0.98112 0.294676
-0.97528 0.298875
-0.96944 0.301627
-0.9636 0.302395
-0.95776 0.304241
-0.95192 0.307071
-0.94608 0.310406
-0.94024 0.313608
-0.9344 0.313871
-0.92856 0.316601
-0.92272 0.317624
-0.91688 0.318017
-0.91104 0.320744
-0.9052 0.320632
-0.89936 0.325129
-0.89352 0.325468
-0.88768 0.329598
-0.88184 0.329978
-0.876 0.329916
-0.87016 0.335633
-0.86432 0.335197
-0.85848 0.337711
-0.85264 0.339488
-0.8468 0.340864
-0.84096 0.343232
-0.83512 0.343898
-0.82928 0.349269
-0.82344 0.352883
-0.8176 0.352793
-0.81176 0.354805
-0.80592 0.358205
-0.80008 0.359806
-0.79424 0.360678
-0.7884 0.361091
-0.78256 0.361594
-0.77672 0.361996
-0.77088 0.36396
-0.76504 0.363904
-0.7592 0.363861
-0.75336 0.364677
-0.74752 0.366223
-0.74168 0.366082
-0.73584 0.366949
-0.73 0.368143
-0.72416 0.368386
-0.71832 0.369038
-0.71248 0.370021
-0.70664 0.369795
-0.7008 0.367758
-0.69496 0.368829
-0.68912 0.369556
-0.68328 0.369354
-0.67744 0.370874
-0.6716 0.371094
-0.66576 0.372027
-0.65992 0.372412
-0.65408 0.373992
-0.64824 0.375215
-0.6424 0.374681
-0.63656 0.376022
-0.63072 0.377147
-0.62488 0.378182
-0.61904 0.379045
-0.6132 0.380576
-0.60736 0.381056
-0.60152 0.380818
-0.59568 0.380818
-0.58984 0.380818
-0.584 0.380818
-0.57816 0.380818
-0.57232 0.380818
-0.56648 0.380818
-0.56064 0.380818
-0.5548 0.380818
-0.54896 0.380818
-0.54312 0.380818
-0.53728 0.380818
-0.53144 0.380818
-0.5256 0.380818
-0.51976 0.380818
-0.51392 0.380818
-0.50808 0.380818
-0.50224 0.380818
-0.4964 0.380818
-0.49056 0.380818
-0.48472 0.380818
-0.47888 0.380818
-0.47304 0.380818
-0.4672 0.380818
-0.46136 0.380818
-0.45552 0.380818
-0.44968 0.380818
-0.44384 0.380818
-0.438 0.380818
-0.43216 0.380818
-0.42632 0.380818
-0.42048 0.380818
-0.41464 0.380818
-0.4088 0.380818
-0.40296 0.380818
-0.39712 0.380818
-0.39128 0.380818
-0.38544 0.380818
-0.3796 0.380818
-0.37376 0.380818
-0.36792 0.380818
-0.36208 0.380818
-0.35624 0.380818
-0.3504 0.380818
-0.34456 0.380818
-0.33872 0.380818
-0.33288 0.380818
-0.32704 0.380818
-0.3212 0.380818
-0.31536 0.380818
-0.30952 0.380818
-0.30368 0.380818
-0.29784 0.380818
-0.292 0.380818
-0.28616 0.380818
-0.28032 0.380818
-0.27448 0.380818
-0.26864 0.380818
-0.2628 0.380818
-0.25696 0.380818
-0.25112 0.380818
-0.24528 0.380818
-0.23944 0.380818
-0.2336 0.380818
-0.22776 0.380818
-0.22192 0.380818
-0.21608 0.380818
-0.21024 0.380818
-0.2044 0.380818
-0.19856 0.380818
-0.19272 0.380818
-0.18688 0.380818
-0.18104 0.380818
-0.1752 0.380818
-0.16936 0.380818
-0.16352 0.380818
-0.15768 0.380818
-0.15184 0.380818
-0.146 0.380818
-0.14016 0.380818
-0.13432 0.380818
-0.12848 0.380818
-0.12264 0.380818
-0.1168 0.380818
-0.11096 0.380818
-0.10512 0.380818
-0.09928 0.380818
-0.09344 0.380818
-0.0876 0.380818
-0.08176 0.380818
-0.07592 0.380818
-0.07008 0.380818
-0.06424 0.380818
-0.0584 0.380818
-0.05256 0.380818
-0.04672 0.380818
-0.04088 0.380818
-0.03504 0.380818
-0.0292 0.380818
-0.02336 0.380818
-0.01752 0.380818
-0.01168 0.380818
-0.00584 0.380818
