-2.92 0.339893
-2.91416 0.339893
-2.90832 0.339893
-2.90248 0.339893
-2.89664 0.339893
-2.8908 0.339893
-2.88496 0.339893
-2.87912 0.339893
-2.87328 0.339893
-2.86744 0.339893
-2.8616 0.339893
-2.85576 0.339893
-2.84992 0.339893
-2.84408 0.339893
-2.83824 0.339893
-2.8324 0.339893
-2.82656 0.339893
-2.82072 0.339893
-2.81488 0.339893
-2.80904 0.339893
-2.8032 0.339893
-2.79736 0.339893
-2.79152 0.339893
-2.78568 0.339893
-2.77984 0.339893
-2.774 0.339893
-2.76816 0.339893
-2.76232 0.339893
-2.75648 0.339893
-2.75064 0.339893
-2.7448 0.339893
-2.73896 0.339893
-2.73312 0.339893
-2.72728 0.339893
-2.72144 0.339893
-2.7156 0.339893
-2.70976 0.339893
-2.70392 0.339893
-2.69808 0.339893
-2.69224 0.339893
-2.6864 0.339893
-2.68056 0.339893
-2.67472 0.339893
-2.66888 0.339893
-2.66304 0.339893
-2.6572 0.339893
-2.65136 0.339893
-2.64552 0.339893
-2.63968 0.339893
-2.63384 0.339893
-2.628 0.339893
-2.62216 0.339893
-2.61632 0.339893
-2.61048 0.339893
-2.60464 0.339893
-2.5988 0.339893
-2.59296 0.339409
-2.58712 0.338707
-2.58128 0.337961
-2.57544 0.337126
-2.5696 0.336247
-2.56376 0.335323
-2.55792 0.334354
-2.55208 0.333382
-2.54624 0.332234
-2.5404 0.331
-2.53456 0.329766
-2.52872 0.328531
-2.52288 0.327294
-2.51704 0.325968
-2.5112 0.324598
-2.50536 0.32323
-2.49952 0.321643
-2.49368 0.320142
-2.48784 0.318597
-2.482 0.31714
-2.47616 0.315463
-2.47032 0.313697
-2.46448 0.311974
-2.45864 0.310207
-2.4528 0.308485
-2.44696 0.306718
-2.44112 0.304907
-2.43528 0.303097
-2.42944 0.301286
-2.4236 0.299476
-2.41776 0.297576
-2.41192 0.295676
-2.40608 0.293775
-2.40024 0.291832
-2.3944 0.289842
-2.38856 0.287893
-2.38272 0.285946
-2.37688 0.283867
-2.37104 0.281831
-2.3652 0.279753
-2.35936 0.277587
-2.35352 0.275464
-2.34768 0.273255
-2.34184 0.271001
-2.336 0.268835
-2.33016 0.266581
-2.32432 0.264329
-2.31848 0.262075
-2.31264 0.259822
-2.3068 0.257656
-2.30096 0.255824
-2.29512 0.254038
-2.28928 0.252166
-2.28344 0.250628
-2.2776 0.248922
-2.27176 0.247342
-2.26592 0.245811
-2.26008 0.244317
-2.25424 0.242487
-2.2484 0.241868
-2.24256 0.239789
-2.23672 0.239082
-2.23088 0.236454
-2.22504 0.236164
-2.2192 0.234411
-2.21336 0.233496
-2.20752 0.231789
-2.20168 0.230039
-2.19584 0.229506
-2.19 0.227373
-2.18416 0.227253
-2.17832 0.225214
-2.17248 0.225146
-2.16664 0.223392
-2.1608 0.222985
-2.15496 0.220848
-2.14912 0.219776
-2.14328 0.218361
-2.13744 0.216898
-2.1316 0.217164
-2.12576 0.216338
-2.11992 0.214632
-2.11408 0.215692
-2.10824 0.211801
-2.1024 0.211645
-2.09656 0.210138
-2.09072 0.210201
-2.08488 0.20967
-2.07904 0.20729
-2.0732 0.20727
-2.06736 0.20653
-2.06152 0.20529
-2.05568 0.204934
-2.04984 0.204871
-2.044 0.203241
-2.03816 0.202846
-2.03232 0.203276
-2.02648 0.201576
-2.02064 0.202615
-2.0148 0.200965
-2.00896 0.199079
-2.00312 0.1983
-1.99728 0.198613
-1.99144 0.197407
-1.9856 0.196167
-1.97976 0.195517
-1.97392 0.194316
-1.96808 0.196184
-1.96224 0.191611
-1.9564 0.193159
-1.95056 0.190427
-1.94472 0.190931
-1.93888 0.186217
-1.93304 0.183502
-1.9272 0.181662
-1.92136 0.182399
-1.91552 0.177957
-1.90968 0.173639
-1.90384 0.173522
-1.898 0.170135
-1.89216 0.169063
-1.88632 0.167835
-1.88048 0.164593
-1.87464 0.160766
-1.8688 0.159614
-1.86296 0.155632
-1.85712 0.153857
-1.85128 0.150461
-1.84544 0.147498
-1.8396 0.14558
-1.83376 0.14215
-1.82792 0.14061
-1.82208 0.136929
-1.81624 0.134444
-1.8104 0.129965
-1.80456 0.128592
-1.79872 0.126944
-1.79288 0.123194
-1.78704 0.116652
-1.7812 0.116428
-1.77536 0.113932
-1.76952 0.109836
-1.76368 0.108301
-1.75784 0.104595
-1.752 0.101008
-1.74616 0.0971544
-1.74032 0.0936468
-1.73448 0.0921794
-1.72864 0.0863673
-1.7228 0.0859663
-1.71696 0.0834256
-1.71112 0.0807273
-1.70528 0.0755209
-1.69944 0.0750806
-1.6936 0.0715278
-1.68776 0.0671068
-1.68192 0.0660703
-1.67608 0.0623692
-1.67024 0.061278
-1.6644 0.0589277
-1.65856 0.0572626
-1.65272 0.0575486
-1.64688 0.055208
-1.64104 0.0541752
-1.6352 0.0535609
-1.62936 0.0531125
-1.62352 0.0548557
-1.61768 0.0537527
-1.61184 0.0548877
-1.606 0.0537704
-1.60016 0.0536236
-1.59432 0.0523061
-1.58848 0.0550553
-1.58264 0.0551398
-1.5768 0.0527342
-1.57096 0.0550373
-1.56512 0.0544762
-1.55928 0.054698
-1.55344 0.0546536
-1.5476 0.0533657
-1.54176 0.0539238
-1.53592 0.0546246
-1.53008 0.0573787
-1.52424 0.0571438
-1.5184 0.0538179
-1.51256 0.0562151
-1.50672 0.0562286
-1.50088 0.0600885
-1.49504 0.0589489
-1.4892 0.0623099
-1.48336 0.0648788
-1.47752 0.0680149
-1.47168 0.0696238
-1.46584 0.0730942
-1.46 0.0762162
-1.45416 0.0799274
-1.44832 0.0804563
-1.44248 0.0831461
-1.43664 0.084922
-1.4308 0.0875224
-1.42496 0.0892279
-1.41912 0.0913611
-1.41328 0.092809
-1.40744 0.0957354
-1.4016 0.0997205
-1.39576 0.100307
-1.38992 0.101145
-1.38408 0.104585
-1.37824 0.106245
-1.3724 0.106259
-1.36656 0.11095
-1.36072 0.111611
-1.35488 0.110229
-1.34904 0.110981
-1.3432 0.115467
-1.33736 0.117621
-1.33152 0.118785
-1.32568 0.12102
-1.31984 0.123351
-1.314 0.123767
-1.30816 0.127439
-1.30232 0.129618
-1.29648 0.130621
-1.29064 0.131981
-1.2848 0.133617
-1.27896 0.135744
-1.27312 0.140813
-1.26728 0.144419
-1.26144 0.147818
-1.2556 0.149714
-1.24976 0.152222
-1.24392 0.157501
-1.23808 0.16081
-1.23224 0.164131
-1.2264 0.165935
-1.22056 0.165924
-1.21472 0.170889
-1.20888 0.173565
-1.20304 0.175513
-1.1972 0.175481
-1.19136 0.178682
-1.18552 0.180808
-1.17968 0.183759
-1.17384 0.188484
-1.168 0.188784
-1.16216 0.191463
-1.15632 0.19266
-1.15048 0.195696
-1.14464 0.196875
-1.1388 0.196853
-1.13296 0.199096
-1.12712 0.200361
-1.12128 0.204829
-1.11544 0.205342
-1.1096 0.207235
-1.10376 0.21034
-1.09792 0.212414
-1.09208 0.21723
-1.08624 0.218493
-1.0804 0.216008
-1.07456 0.218997
-1.06872 0.221301
-1.06288 0.225067
-1.05704 0.225457
-1.0512 0.232121
-1.04536 0.234114
-1.03952 0.238283
-1.03368 0.239763
-1.02784 0.242786
-1.022 0.245224
-1.01616 0.249153
-1.01032 0.249537
-1.00448 0.254078
-0.99864 0.255333
-0.9928 0.258341
-0.98696 0.259592
-0.98112 0.26242
-0.97528 0.262673
-0.96944 0.265107
-0.9636 0.268572
-0.95776 0.270836
-0.95192 0.271758
-0.94608 0.274115
-0.94024 0.275825
-0.9344 0.276768
-0.92856 0.279638
-0.92272 0.279723
-0.91688 0.278966
-0.91104 0.280911
-0.9052 0.283465
-0.89936 0.285438
-0.89352 0.286909
-0.88768 0.287867
-0.88184 0.290346
-0.876 0.289956
-0.87016 0.293047
-0.86432 0.29332
-0.85848 0.294156
-0.85264 0.296257
-0.8468 0.297592
-0.84096 0.299144
-0.83512 0.301145
-0.82928 0.304976
-0.82344 0.306055
-0.8176 0.306816
-0.81176 0.308517
-0.80592 0.31132
-0.80008 0.31232
-0.79424 0.31217
-0.7884 0.312954
-0.78256 0.312555
-0.77672 0.314222
-0.77088 0.313987
-0.76504 0.313507
-0.7592 0.313522
-0.75336 0.313
-0.74752 0.313393
-0.74168 0.314833
-0.73584 0.313803
-0.73 0.314654
-0.72416 0.314755
-0.71832 0.31397
-0.71248 0.314484
-0.70664 0.315048
-0.7008 0.31435
-0.69496 0.313514
-0.68912 0.312844
-0.68328 0.313523
-0.67744 0.314374
-0.6716 0.314669
-0.66576 0.315009
-0.65992 0.315767
-0.65408 0.316932
-0.64824 0.317891
-0.6424 0.317056
-0.63656 0.318052
-0.63072 0.318918
-0.62488 0.319783
-0.61904 0.320608
-0.6132 0.322346
-0.60736 0.3227
-0.60152 0.322254
-0.59568 0.322254
-0.58984 0.322254
-0.584 0.322254
-0.57816 0.322254
-0.57232 0.322254
-0.56648 0.322254
-0.56064 0.322254
-0.5548 0.322254
-0.54896 0.322254
-0.54312 0.322254
-0.53728 0.322254
-0.53144 0.322254
-0.5256 0.322254
-0.51976 0.322254
-0.51392 0.322254
-0.50808 0.322254
-0.50224 0.322254
-0.4964 0.322254
-0.49056 0.322254
-0.48472 0.322254
-0.47888 0.322254
-0.47304 0.322254
-0.4672 0.322254
-0.46136 0.322254
-0.45552 0.322254
-0.44968 0.322254
-0.44384 0.322254
-0.438 0.322254
-0.43216 0.322254
-0.42632 0.322254
-0.42048 0.322254
-0.41464 0.322254
-0.4088 0.322254
-0.40296 0.322254
-0.39712 0.322254
-0.39128 0.322254
-0.38544 0.322254
-0.3796 0.322254
-0.37376 0.322254
-0.36792 0.322254
-0.36208 0.322254
-0.35624 0.322254
-0.3504 0.322254
-0.34456 0.322254
-0.33872 0.322254
-0.33288 0.322254
-0.32704 0.322254
-0.3212 0.322254
-0.31536 0.322254
-0.30952 0.322254
-0.30368 0.322254
-0.29784 0.322254
-0.292 0.322254
-0.28616 0.322254
-0.28032 0.322254
-0.27448 0.322254
-0.26864 0.322254
-0.2628 0.322254
-0.25696 0.322254
-0.25112 0.322254
-0.24528 0.322254
-0.23944 0.322254
-0.2336 0.322254
-0.22776 0.322254
-0.22192 0.322254
-0.21608 0.322254
-0.21024 0.322254
-0.2044 0.322254
-0.19856 0.322254
-0.19272 0.322254
-0.18688 0.322254
-0.18104 0.322254
-0.1752 0.322254
-0.16936 0.322254
-0.16352 0.322254
-0.15768 0.322254
-0.15184 0.322254
-0.146 0.322254
-0.14016 0.322254
-0.13432 0.322254
-0.12848 0.322254
-0.12264 0.322254
-0.1168 0.322254
-0.11096 0.322254
-0.10512 0.322254
-0.09928 0.322254
-0.09344 0.322254
-0.0876 0.322254
-0.08176 0.322254
-0.07592 0.322254
-0.07008 0.322254
-0.06424 0.322254
-0.0584 0.322254
-0.05256 0.322254
-0.04672 0.322254
-0.04088 0.322254
-0.03504 0.322254
-0.0292 0.322254
-0.02336 0.322254
-0.01752 0.322254
-0.01168 0.322254
-0.00584 0.322254
