-2.92 0.352102
-2.91416 0.352102
-2.90832 0.352102
-2.90248 0.352102
-2.89664 0.352102
-2.8908 0.352102
-2.88496 0.352102
-2.87912 0.352102
-2.87328 0.352102
-2.86744 0.352102
-2.8616 0.352102
-2.85576 0.352102
-2.84992 0.352102
-2.84408 0.352102
-2.83824 0.352102
-2.8324 0.352102
-2.82656 0.352102
-2.82072 0.352102
-2.81488 0.352102
-2.80904 0.352102
-2.8032 0.352102
-2.79736 0.352102
-2.79152 0.352102
-2.78568 0.352102
-2.77984 0.352102
-2.774 0.352102
-2.76816 0.352102
-2.76232 0.352102
-2.75648 0.352102
-2.75064 0.352102
-2.7448 0.352102
-2.73896 0.352102
-2.73312 0.352102
-2.72728 0.352102
-2.72144 0.352102
-2.7156 0.352102
-2.70976 0.352102
-2.70392 0.352102
-2.69808 0.352102
-2.69224 0.352102
-2.6864 0.352102
-2.68056 0.352102
-2.67472 0.352102
-2.66888 0.352102
-2.66304 0.352102
-2.6572 0.352102
-2.65136 0.352102
-2.64552 0.352102
-2.63968 0.352102
-2.63384 0.352102
-2.628 0.352102
-2.62216 0.352102
-2.61632 0.352102
-2.61048 0.352102
-2.60464 0.352102
-2.5988 0.352102
-2.59296 0.35157
-2.58712 0.350864
-2.58128 0.35007
-2.57544 0.349275
-2.5696 0.348523
-2.56376 0.34768
-2.55792 0.346794
-2.55208 0.345776
-2.54624 0.344671
-2.5404 0.343566
-2.53456 0.342459
-2.52872 0.341308
-2.52288 0.340114
-2.51704 0.338787
-2.5112 0.337415
-2.50536 0.336087
-2.49952 0.334717
-2.49368 0.33339
-2.48784 0.33202
-2.482 0.330867
-2.47616 0.329362
-2.47032 0.327814
-2.46448 0.326177
-2.45864 0.32454
-2.4528 0.322857
-2.44696 0.321175
-2.44112 0.31936
-2.43528 0.317544
-2.42944 0.315729
-2.4236 0.313826
-2.41776 0.311837
-2.41192 0.309892
-2.40608 0.307858
-2.40024 0.305822
-2.3944 0.303701
-2.38856 0.301579
-2.38272 0.2995
-2.37688 0.297334
-2.37104 0.29521
-2.3652 0.293001
-2.35936 0.290747
-2.35352 0.288625
-2.34768 0.286457
-2.34184 0.284246
-2.336 0.282034
-2.33016 0.279781
-2.32432 0.277482
-2.31848 0.275183
-2.31264 0.272884
-2.3068 0.270629
-2.30096 0.268916
-2.29512 0.266747
-2.28928 0.265287
-2.28344 0.262988
-2.2776 0.261695
-2.27176 0.26002
-2.26592 0.258317
-2.26008 0.256651
-2.25424 0.254718
-2.2484 0.254125
-2.24256 0.25119
-2.23672 0.250394
-2.23088 0.248757
-2.22504 0.246999
-2.2192 0.246328
-2.21336 0.244145
-2.20752 0.24268
-2.20168 0.240581
-2.19584 0.239153
-2.19 0.238443
-2.18416 0.237063
-2.17832 0.235973
-2.17248 0.234079
-2.16664 0.234168
-2.1608 0.232031
-2.15496 0.231661
-2.14912 0.229851
-2.14328 0.229601
-2.13744 0.227675
-2.1316 0.227006
-2.12576 0.224821
-2.11992 0.224108
-2.11408 0.223776
-2.10824 0.222145
-2.1024 0.219286
-2.09656 0.217608
-2.09072 0.216401
-2.08488 0.216906
-2.07904 0.217171
-2.0732 0.215626
-2.06736 0.214659
-2.06152 0.213193
-2.05568 0.211484
-2.04984 0.211282
-2.044 0.210634
-2.03816 0.208658
-2.03232 0.207619
-2.02648 0.20812
-2.02064 0.205277
-2.0148 0.207004
-2.00896 0.203738
-2.00312 0.206023
-1.99728 0.203125
-1.99144 0.203637
-1.9856 0.201669
-1.97976 0.201841
-1.97392 0.200052
-1.96808 0.198922
-1.96224 0.200352
-1.9564 0.195064
-1.95056 0.194863
-1.94472 0.193779
-1.93888 0.190112
-1.93304 0.187437
-1.9272 0.187957
-1.92136 0.186118
-1.91552 0.182565
-1.90968 0.180694
-1.90384 0.178427
-1.898 0.174435
-1.89216 0.174699
-1.88632 0.169235
-1.88048 0.16802
-1.87464 0.162907
-1.8688 0.162692
-1.86296 0.158826
-1.85712 0.154882
-1.85128 0.155824
-1.84544 0.149933
-1.8396 0.145742
-1.83376 0.145386
-1.82792 0.142547
-1.82208 0.139105
-1.81624 0.137084
-1.8104 0.133423
-1.80456 0.132859
-1.79872 0.127528
-1.79288 0.125149
-1.78704 0.121579
-1.7812 0.114992
-1.77536 0.114172
-1.76952 0.110525
-1.76368 0.107519
-1.75784 0.105402
-1.752 0.103077
-1.74616 0.0984505
-1.74032 0.093853
-1.73448 0.0938487
-1.72864 0.0897542
-1.7228 0.087549
-1.71696 0.0852753
-1.71112 0.0792419
-1.70528 0.0772001
-1.69944 0.0764793
-1.6936 0.0739324
-1.68776 0.0711892
-1.68192 0.0668731
-1.67608 0.065164
-1.67024 0.063355
-1.6644 0.0627565
-1.65856 0.0598102
-1.65272 0.058829
-1.64688 0.0586814
-1.64104 0.0578275
-1.6352 0.0592444
-1.62936 0.0568893
-1.62352 0.057813
-1.61768 0.0571139
-1.61184 0.0572712
-1.606 0.0568239
-1.60016 0.0555345
-1.59432 0.0582112
-1.58848 0.0574808
-1.58264 0.0584792
-1.5768 0.0554524
-1.57096 0.056796
-1.56512 0.0586403
-1.55928 0.0576219
-1.55344 0.0567149
-1.5476 0.0590369
-1.54176 0.0582966
-1.53592 0.0574238
-1.53008 0.0601476
-1.52424 0.0588715
-1.5184 0.0576246
-1.51256 0.0581747
-1.50672 0.0608611
-1.50088 0.0593929
-1.49504 0.0595031
-1.4892 0.063948
-1.48336 0.066183
-1.47752 0.0696391
-1.47168 0.0699569
-1.46584 0.0729442
-1.46 0.0771388
-1.45416 0.0789986
-1.44832 0.0826089
-1.44248 0.0834615
-1.43664 0.087052
-1.4308 0.0886618
-1.42496 0.092306
-1.41912 0.0933926
-1.41328 0.095088
-1.40744 0.0974633
-1.4016 0.100843
-1.39576 0.103234
-1.38992 0.103525
-1.38408 0.107931
-1.37824 0.10806
-1.3724 0.111713
-1.36656 0.112438
-1.36072 0.11542
-1.35488 0.113305
-1.34904 0.11607
-1.3432 0.119285
-1.33736 0.121382
-1.33152 0.121769
-1.32568 0.124902
-1.31984 0.127671
-1.314 0.128417
-1.30816 0.133428
-1.30232 0.132338
-1.29648 0.134311
-1.29064 0.136047
-1.2848 0.141179
-1.27896 0.141825
-1.27312 0.145175
-1.26728 0.148569
-1.26144 0.153777
-1.2556 0.155326
-1.24976 0.157655
-1.24392 0.160928
-1.23808 0.165996
-1.23224 0.166563
-1.2264 0.170059
-1.22056 0.172579
-1.21472 0.17436
-1.20888 0.175207
-1.20304 0.18151
-1.1972 0.182366
-1.19136 0.184348
-1.18552 0.186457
-1.17968 0.189527
-1.17384 0.191856
-1.168 0.194126
-1.16216 0.195146
-1.15632 0.199322
-1.15048 0.200879
-1.14464 0.201956
-1.1388 0.200108
-1.13296 0.201344
-1.12712 0.207886
-1.12128 0.208292
-1.11544 0.210585
-1.1096 0.213123
-1.10376 0.215364
-1.09792 0.216112
-1.09208 0.22106
-1.08624 0.222658
-1.0804 0.221135
-1.07456 0.222403
-1.06872 0.227303
-1.06288 0.228414
-1.05704 0.228611
-1.0512 0.234368
-1.04536 0.238835
-1.03952 0.241726
-1.03368 0.243051
-1.02784 0.244118
-1.022 0.248985
-1.01616 0.252403
-1.01032 0.255063
-1.00448 0.256623
-0.99864 0.258731
-0.9928 0.260849
-0.98696 0.263284
-0.98112 0.264589
-0.97528 0.2678
-0.96944 0.268312
-0.9636 0.272403
-0.95776 0.274014
-0.95192 0.275025
-0.94608 0.278243
-0.94024 0.279539
-0.9344 0.281778
-0.92856 0.282704
-0.92272 0.284818
-0.91688 0.281675
-0.91104 0.284068
-0.9052 0.287144
-0.89936 0.289285
-0.89352 0.28937
-0.88768 0.291857
-0.88184 0.293748
-0.876 0.29484
-0.87016 0.299269
-0.86432 0.296768
-0.85848 0.29905
-0.85264 0.300084
-0.8468 0.303233
-0.84096 0.30375
-0.83512 0.305005
-0.82928 0.309137
-0.82344 0.311321
-0.8176 0.313404
-0.81176 0.313828
-0.80592 0.316206
-0.80008 0.318438
-0.79424 0.319247
-0.7884 0.318867
-0.78256 0.319738
-0.77672 0.319007
-0.77088 0.31849
-0.76504 0.320486
-0.7592 0.32001
-0.75336 0.320155
-0.74752 0.320688
-0.74168 0.322383
-0.73584 0.320933
-0.73 0.32098
-0.72416 0.320958
-0.71832 0.322989
-0.71248 0.321863
-0.70664 0.322239
-0.7008 0.319229
-0.69496 0.319207
-0.68912 0.320542
-0.68328 0.31966
-0.67744 0.320673
-0.6716 0.320332
-0.66576 0.321086
-0.65992 0.321167
-0.65408 0.322209
-0.64824 0.323462
-0.6424 0.322497
-0.63656 0.323367
-0.63072 0.324281
-0.62488 0.325146
-0.61904 0.325881
-0.6132 0.327414
-0.60736 0.327846
-0.60152 0.327568
-0.59568 0.327568
-0.58984 0.327568
-0.584 0.327568
-0.57816 0.327568
-0.57232 0.327568
-0.56648 0.327568
-0.56064 0.327568
-0.5548 0.327568
-0.54896 0.327568
-0.54312 0.327568
-0.53728 0.327568
-0.53144 0.327568
-0.5256 0.327568
-0.51976 0.327568
-0.51392 0.327568
-0.50808 0.327568
-0.50224 0.327568
-0.4964 0.327568
-0.49056 0.327568
-0.48472 0.327568
-0.47888 0.327568
-0.47304 0.327568
-0.4672 0.327568
-0.46136 0.327568
-0.45552 0.327568
-0.44968 0.327568
-0.44384 0.327568
-0.438 0.327568
-0.43216 0.327568
-0.42632 0.327568
-0.42048 0.327568
-0.41464 0.327568
-0.4088 0.327568
-0.40296 0.327568
-0.39712 0.327568
-0.39128 0.327568
-0.38544 0.327568
-0.3796 0.327568
-0.37376 0.327568
-0.36792 0.327568
-0.36208 0.327568
-0.35624 0.327568
-0.3504 0.327568
-0.34456 0.327568
-0.33872 0.327568
-0.33288 0.327568
-0.32704 0.327568
-0.3212 0.327568
-0.31536 0.327568
-0.30952 0.327568
-0.30368 0.327568
-0.29784 0.327568
-0.292 0.327568
-0.28616 0.327568
-0.28032 0.327568
-0.27448 0.327568
-0.26864 0.327568
-0.2628 0.327568
-0.25696 0.327568
-0.25112 0.327568
-0.24528 0.327568
-0.23944 0.327568
-0.2336 0.327568
-0.22776 0.327568
-0.22192 0.327568
-0.21608 0.327568
-0.21024 0.327568
-0.2044 0.327568
-0.19856 0.327568
-0.19272 0.327568
-0.18688 0.327568
-0.18104 0.327568
-0.1752 0.327568
-0.16936 0.327568
-0.16352 0.327568
-0.15768 0.327568
-0.15184 0.327568
-0.146 0.327568
-0.14016 0.327568
-0.13432 0.327568
-0.12848 0.327568
-0.12264 0.327568
-0.1168 0.327568
-0.11096 0.327568
-0.10512 0.327568
-0.09928 0.327568
-0.09344 0.327568
-0.0876 0.327568
-0.08176 0.327568
-0.07592 0.327568
-0.07008 0.327568
-0.06424 0.327568
-0.0584 0.327568
-0.05256 0.327568
-0.04672 0.327568
-0.04088 0.327568
-0.03504 0.327568
-0.0292 0.327568
-0.02336 0.327568
-0.01752 0.327568
-0.01168 0.327568
-0.00584 0.327568
