-2.92 0.516348
-2.91416 0.516348
-2.90832 0.516348
-2.90248 0.516348
-2.89664 0.516348
-2.8908 0.516348
-2.88496 0.516348
-2.87912 0.516348
-2.87328 0.516348
-2.86744 0.516348
-2.8616 0.516348
-2.85576 0.516348
-2.84992 0.516348
-2.84408 0.516348
-2.83824 0.516348
-2.8324 0.516348
-2.82656 0.516348
-2.82072 0.516348
-2.81488 0.516348
-2.80904 0.516348
-2.8032 0.516348
-2.79736 0.516348
-2.79152 0.516348
-2.78568 0.516348
-2.77984 0.516348
-2.774 0.516348
-2.76816 0.516348
-2.76232 0.516348
-2.75648 0.516348
-2.75064 0.516348
-2.7448 0.516348
-2.73896 0.516348
-2.73312 0.516348
-2.72728 0.516348
-2.72144 0.516348
-2.7156 0.516348
-2.70976 0.516348
-2.70392 0.516348
-2.69808 0.516348
-2.69224 0.516348
-2.6864 0.516348
-2.68056 0.516348
-2.67472 0.516348
-2.66888 0.516348
-2.66304 0.516348
-2.6572 0.516348
-2.65136 0.516348
-2.64552 0.516348
-2.63968 0.516348
-2.63384 0.516348
-2.628 0.516348
-2.62216 0.516348
-2.61632 0.516348
-2.61048 0.516348
-2.60464 0.516348
-2.5988 0.516348
-2.59296 0.515776
-2.58712 0.514985
-2.58128 0.514107
-2.57544 0.513142
-2.5696 0.511912
-2.56376 0.510505
-2.55792 0.508969
-2.55208 0.507388
-2.54624 0.505675
-2.5404 0.503918
-2.53456 0.50203
-2.52872 0.500096
-2.52288 0.498119
-2.51704 0.496055
-2.5112 0.493859
-2.50536 0.491703
-2.49952 0.489417
-2.49368 0.487219
-2.48784 0.485065
-2.482 0.483044
-2.47616 0.480714
-2.47032 0.478341
-2.46448 0.475923
-2.45864 0.473461
-2.4528 0.470912
-2.44696 0.468362
-2.44112 0.465769
-2.43528 0.463173
-2.42944 0.460578
-2.4236 0.457938
-2.41776 0.4553
-2.41192 0.452616
-2.40608 0.44989
-2.40024 0.447121
-2.3944 0.444173
-2.38856 0.441313
-2.38272 0.438366
-2.37688 0.435374
-2.37104 0.432381
-2.3652 0.429346
-2.35936 0.426178
-2.35352 0.423054
-2.34768 0.419929
-2.34184 0.416718
-2.336 0.413462
-2.33016 0.410295
-2.32432 0.407124
-2.31848 0.403823
-2.31264 0.400649
-2.3068 0.397475
-2.30096 0.394216
-2.29512 0.390788
-2.28928 0.387441
-2.28344 0.384464
-2.2776 0.380815
-2.27176 0.377424
-2.26592 0.373865
-2.26008 0.37077
-2.25424 0.367538
-2.2484 0.3641
-2.24256 0.360448
-2.23672 0.357215
-2.23088 0.353769
-2.22504 0.34966
-2.2192 0.346219
-2.21336 0.343155
-2.20752 0.340136
-2.20168 0.337196
-2.19584 0.334515
-2.19 0.331958
-2.18416 0.32852
-2.17832 0.327265
-2.17248 0.323988
-2.16664 0.321222
-2.1608 0.318909
-2.15496 0.316857
-2.14912 0.315313
-2.14328 0.312754
-2.13744 0.311421
-2.1316 0.308308
-2.12576 0.306889
-2.11992 0.305258
-2.11408 0.3033
-2.10824 0.30074
-2.1024 0.29982
-2.09656 0.297688
-2.09072 0.296387
-2.08488 0.293033
-2.07904 0.292802
-2.0732 0.289818
-2.06736 0.288308
-2.06152 0.28794
-2.05568 0.287367
-2.04984 0.284229
-2.044 0.284484
-2.03816 0.281275
-2.03232 0.280484
-2.02648 0.277051
-2.02064 0.276891
-2.0148 0.275007
-2.00896 0.271939
-2.00312 0.272138
-1.99728 0.270084
-1.99144 0.266942
-1.9856 0.265048
-1.97976 0.265449
-1.97392 0.263087
-1.96808 0.260644
-1.96224 0.25825
-1.9564 0.254406
-1.95056 0.254373
-1.94472 0.251266
-1.93888 0.245123
-1.93304 0.243871
-1.9272 0.24086
-1.92136 0.238608
-1.91552 0.236593
-1.90968 0.231751
-1.90384 0.229173
-1.898 0.223469
-1.89216 0.221589
-1.88632 0.218858
-1.88048 0.213094
-1.87464 0.210149
-1.8688 0.207039
-1.86296 0.202763
-1.85712 0.197949
-1.85128 0.196907
-1.84544 0.195588
-1.8396 0.18702
-1.83376 0.183843
-1.82792 0.181892
-1.82208 0.178592
-1.81624 0.17512
-1.8104 0.170929
-1.80456 0.167962
-1.79872 0.162298
-1.79288 0.158659
-1.78704 0.155311
-1.7812 0.151692
-1.77536 0.148852
-1.76952 0.141604
-1.76368 0.140154
-1.75784 0.136608
-1.752 0.132703
-1.74616 0.127529
-1.74032 0.122555
-1.73448 0.121514
-1.72864 0.117558
-1.7228 0.113271
-1.71696 0.109326
-1.71112 0.107144
-1.70528 0.102811
-1.69944 0.0996635
-1.6936 0.0966787
-1.68776 0.0924466
-1.68192 0.0903603
-1.67608 0.088216
-1.67024 0.0860801
-1.6644 0.0852568
-1.65856 0.0796802
-1.65272 0.0806588
-1.64688 0.0793402
-1.64104 0.077368
-1.6352 0.0766147
-1.62936 0.0748598
-1.62352 0.076109
-1.61768 0.0767144
-1.61184 0.0748908
-1.606 0.0762609
-1.60016 0.0754897
-1.59432 0.0776731
-1.58848 0.075361
-1.58264 0.0780833
-1.5768 0.0771585
-1.57096 0.0778118
-1.56512 0.0769623
-1.55928 0.0798178
-1.55344 0.0792318
-1.5476 0.0802332
-1.54176 0.0798233
-1.53592 0.0816801
-1.53008 0.081592
-1.52424 0.082693
-1.5184 0.0813077
-1.51256 0.0819682
-1.50672 0.0850659
-1.50088 0.0840473
-1.49504 0.0847983
-1.4892 0.0888367
-1.48336 0.087528
-1.47752 0.0897314
-1.47168 0.0943078
-1.46584 0.096175
-1.46 0.100114
-1.45416 0.103824
-1.44832 0.106497
-1.44248 0.108941
-1.43664 0.110783
-1.4308 0.114484
-1.42496 0.11459
-1.41912 0.120453
-1.41328 0.122509
-1.40744 0.125874
-1.4016 0.12689
-1.39576 0.131795
-1.38992 0.132245
-1.38408 0.135215
-1.37824 0.137707
-1.3724 0.141268
-1.36656 0.144695
-1.36072 0.144856
-1.35488 0.147889
-1.34904 0.146324
-1.3432 0.15246
-1.33736 0.153717
-1.33152 0.154536
-1.32568 0.160141
-1.31984 0.160437
-1.314 0.164026
-1.30816 0.167066
-1.30232 0.164129
-1.29648 0.169665
-1.29064 0.173944
-1.2848 0.173056
-1.27896 0.175488
-1.27312 0.178935
-1.26728 0.184312
-1.26144 0.187779
-1.2556 0.189676
-1.24976 0.193681
-1.24392 0.195173
-1.23808 0.200968
-1.23224 0.200544
-1.2264 0.205659
-1.22056 0.205708
-1.21472 0.210803
-1.20888 0.213035
-1.20304 0.214339
-1.1972 0.219333
-1.19136 0.221274
-1.18552 0.222181
-1.17968 0.225938
-1.17384 0.227284
-1.168 0.230127
-1.16216 0.233978
-1.15632 0.23737
-1.15048 0.236698
-1.14464 0.24074
-1.1388 0.240734
-1.13296 0.240878
-1.12712 0.243963
-1.12128 0.247941
-1.11544 0.247821
-1.1096 0.251334
-1.10376 0.253638
-1.09792 0.256884
-1.09208 0.257532
-1.08624 0.259938
-1.0804 0.260782
-1.07456 0.261931
-1.06872 0.263822
-1.06288 0.268693
-1.05704 0.269639
-1.0512 0.275445
-1.04536 0.276766
-1.03952 0.279362
-1.03368 0.281599
-1.02784 0.283972
-1.022 0.288735
-1.01616 0.290943
-1.01032 0.292846
-1.00448 0.296684
-0.99864 0.296365
-0.9928 0.300882
-0.98696 0.300084
-0.98112 0.30362
-0.97528 0.306119
-0.96944 0.307411
-0.9636 0.309228
-0.95776 0.313234
-0.95192 0.31485
-0.94608 0.318228
-0.94024 0.318248
-0.9344 0.321333
-0.92856 0.322969
-0.92272 0.323376
-0.91688 0.324485
-0.91104 0.324317
-0.9052 0.328194
-0.89936 0.329167
-0.89352 0.329514
-0.88768 0.332982
-0.88184 0.33609
-0.876 0.335821
-0.87016 0.340275
-0.86432 0.337946
-0.85848 0.341271
-0.85264 0.34327
-0.8468 0.343475
-0.84096 0.345786
-0.83512 0.346973
-0.82928 0.352125
-0.82344 0.354035
-0.8176 0.355547
-0.81176 0.356752
-0.80592 0.359786
-0.80008 0.362495
-0.79424 0.362403
-0.7884 0.364379
-0.78256 0.363622
-0.77672 0.363831
-0.77088 0.365504
-0.76504 0.3647
-0.7592 0.367118
-0.75336 0.368994
-0.74752 0.367363
-0.74168 0.368966
-0.73584 0.368398
-0.73 0.369987
-0.72416 0.37019
-0.71832 0.371009
-0.71248 0.371329
-0.70664 0.37227
-0.7008 0.371426
-0.69496 0.370521
-0.68912 0.372105
-0.68328 0.371483
-0.67744 0.372591
-0.6716 0.373401
-0.66576 0.373323
-0.65992 0.374629
-0.65408 0.375125
-0.64824 0.376346
-0.6424 0.375769
-0.63656 0.377106
-0.63072 0.378025
-0.62488 0.378982
-0.61904 0.379933
-0.6132 0.381806
-0.60736 0.382335
-0.60152 0.382185
-0.59568 0.382185
-0.58984 0.382185
-0.584 0.382185
-0.57816 0.382185
-0.57232 0.382185
-0.56648 0.382185
-0.56064 0.382185
-0.5548 0.382185
-0.54896 0.382185
-0.54312 0.382185
-0.53728 0.382185
-0.53144 0.382185
-0.5256 0.382185
-0.51976 0.382185
-0.51392 0.382185
-0.50808 0.382185
-0.50224 0.382185
-0.4964 0.382185
-0.49056 0.382185
-0.48472 0.382185
-0.47888 0.382185
-0.47304 0.382185
-0.4672 0.382185
-0.46136 0.382185
-0.45552 0.382185
-0.44968 0.382185
-0.44384 0.382185
-0.438 0.382185
-0.43216 0.382185
-0.42632 0.382185
-0.42048 0.382185
-0.41464 0.382185
-0.4088 0.382185
-0.40296 0.382185
-0.39712 0.382185
-0.39128 0.382185
-0.38544 0.382185
-0.3796 0.382185
-0.37376 0.382185
-0.36792 0.382185
-0.36208 0.382185
-0.35624 0.382185
-0.3504 0.382185
-0.34456 0.382185
-0.33872 0.382185
-0.33288 0.382185
-0.32704 0.382185
-0.3212 0.382185
-0.31536 0.382185
-0.30952 0.382185
-0.30368 0.382185
-0.29784 0.382185
-0.292 0.382185
-0.28616 0.382185
-0.28032 0.382185
-0.27448 0.382185
-0.26864 0.382185
-0.2628 0.382185
-0.25696 0.382185
-0.25112 0.382185
-0.24528 0.382185
-0.23944 0.382185
-0.2336 0.382185
-0.22776 0.382185
-0.22192 0.382185
-0.21608 0.382185
-0.21024 0.382185
-0.2044 0.382185
-0.19856 0.382185
-0.19272 0.382185
-0.18688 0.382185
-0.18104 0.382185
-0.1752 0.382185
-0.16936 0.382185
-0.16352 0.382185
-0.15768 0.382185
-0.15184 0.382185
-0.146 0.382185
-0.14016 0.382185
-0.13432 0.382185
-0.12848 0.382185
-0.12264 0.382185
-0.1168 0.382185
-0.11096 0.382185
-0.10512 0.382185
-0.09928 0.382185
-0.09344 0.382185
-0.0876 0.382185
-0.08176 0.382185
-0.07592 0.382185
-0.07008 0.382185
-0.06424 0.382185
-0.0584 0.382185
-0.05256 0.382185
-0.04672 0.382185
-0.04088 0.382185
-0.03504 0.382185
-0.0292 0.382185
-0.02336 0.382185
-0.01752 0.382185
-0.01168 0.382185
-0.00584 0.382185
