-2.92 0.427251
-2.91416 0.427251
-2.90832 0.427251
-2.90248 0.427251
-2.89664 0.427251
-2.8908 0.427251
-2.88496 0.427251
-2.87912 0.427251
-2.87328 0.427251
-2.86744 0.427251
-2.8616 0.427251
-2.85576 0.427251
-2.84992 0.427251
-2.84408 0.427251
-2.83824 0.427251
-2.8324 0.427251
-2.82656 0.427251
-2.82072 0.427251
-2.81488 0.427251
-2.80904 0.427251
-2.8032 0.427251
-2.79736 0.427251
-2.79152 0.427251
-2.78568 0.427251
-2.77984 0.427251
-2.774 0.427251
-2.76816 0.427251
-2.76232 0.427251
-2.75648 0.427251
-2.75064 0.427251
-2.7448 0.427251
-2.73896 0.427251
-2.73312 0.427251
-2.72728 0.427251
-2.72144 0.427251
-2.7156 0.427251
-2.70976 0.427251
-2.70392 0.427251
-2.69808 0.427251
-2.69224 0.427251
-2.6864 0.427251
-2.68056 0.427251
-2.67472 0.427251
-2.66888 0.427251
-2.66304 0.427251
-2.6572 0.427251
-2.65136 0.427251
-2.64552 0.427251
-2.63968 0.427251
-2.63384 0.427251
-2.628 0.427251
-2.62216 0.427251
-2.61632 0.427251
-2.61048 0.427251
-2.60464 0.427251
-2.5988 0.427251
-2.59296 0.426719
-2.58712 0.425964
-2.58128 0.425121
-2.57544 0.424149
-2.5696 0.423175
-2.56376 0.42207
-2.55792 0.420833
-2.55208 0.419595
-2.54624 0.418358
-2.5404 0.417074
-2.53456 0.415703
-2.52872 0.414246
-2.52288 0.412744
-2.51704 0.411198
-2.5112 0.409565
-2.50536 0.407933
-2.49952 0.406344
-2.49368 0.404709
-2.48784 0.40294
-2.482 0.401435
-2.47616 0.399408
-2.47032 0.397542
-2.46448 0.395388
-2.45864 0.393316
-2.4528 0.391283
-2.44696 0.389208
-2.44112 0.38721
-2.43528 0.384839
-2.42944 0.382671
-2.4236 0.380541
-2.41776 0.378495
-2.41192 0.376285
-2.40608 0.373863
-2.40024 0.371649
-2.3944 0.369393
-2.38856 0.367348
-2.38272 0.36505
-2.37688 0.362541
-2.37104 0.360402
-2.3652 0.358515
-2.35936 0.355666
-2.35352 0.353567
-2.34768 0.35101
-2.34184 0.348826
-2.336 0.346187
-2.33016 0.344202
-2.32432 0.34218
-2.31848 0.340072
-2.31264 0.337262
-2.3068 0.334364
-2.30096 0.332877
-2.29512 0.330103
-2.28928 0.328414
-2.28344 0.325842
-2.2776 0.323215
-2.27176 0.31986
-2.26592 0.318409
-2.26008 0.314636
-2.25424 0.313689
-2.2484 0.310355
-2.24256 0.306949
-2.23672 0.305458
-2.23088 0.30392
-2.22504 0.300626
-2.2192 0.298383
-2.21336 0.295618
-2.20752 0.292324
-2.20168 0.291205
-2.19584 0.287245
-2.19 0.285796
-2.18416 0.281072
-2.17832 0.278945
-2.17248 0.277361
-2.16664 0.275662
-2.1608 0.270978
-2.15496 0.269938
-2.14912 0.268245
-2.14328 0.263147
-2.13744 0.26126
-2.1316 0.259819
-2.12576 0.25708
-2.11992 0.254106
-2.11408 0.250093
-2.10824 0.248591
-2.1024 0.247059
-2.09656 0.243989
-2.09072 0.240093
-2.08488 0.23953
-2.07904 0.235433
-2.0732 0.234836
-2.06736 0.231782
-2.06152 0.227643
-2.05568 0.226121
-2.04984 0.223925
-2.044 0.221591
-2.03816 0.220243
-2.03232 0.216001
-2.02648 0.214682
-2.02064 0.211219
-2.0148 0.208729
-2.00896 0.205846
-2.00312 0.207112
-1.99728 0.205944
-1.99144 0.204198
-1.9856 0.203898
-1.97976 0.202156
-1.97392 0.200584
-1.96808 0.20456
-1.96224 0.202827
-1.9564 0.19898
-1.95056 0.199431
-1.94472 0.198353
-1.93888 0.199957
-1.93304 0.200346
-1.9272 0.20014
-1.92136 0.200978
-1.91552 0.198059
-1.90968 0.199339
-1.90384 0.197478
-1.898 0.198661
-1.89216 0.194783
-1.88632 0.199181
-1.88048 0.198111
-1.87464 0.199116
-1.8688 0.198798
-1.86296 0.200293
-1.85712 0.199203
-1.85128 0.199257
-1.84544 0.203606
-1.8396 0.200595
-1.83376 0.201703
-1.82792 0.203089
-1.82208 0.2051
-1.81624 0.202055
-1.8104 0.205584
-1.80456 0.203209
-1.79872 0.207518
-1.79288 0.205147
-1.78704 0.205445
-1.7812 0.203358
-1.77536 0.204766
-1.76952 0.206615
-1.76368 0.208539
-1.75784 0.20851
-1.752 0.210864
-1.74616 0.211674
-1.74032 0.215202
-1.73448 0.212257
-1.72864 0.212572
-1.7228 0.215713
-1.71696 0.218681
-1.71112 0.217581
-1.70528 0.217852
-1.69944 0.214851
-1.6936 0.217298
-1.68776 0.218503
-1.68192 0.21878
-1.67608 0.218361
-1.67024 0.220341
-1.6644 0.220323
-1.65856 0.222253
-1.65272 0.223934
-1.64688 0.220301
-1.64104 0.221196
-1.6352 0.218689
-1.62936 0.222349
-1.62352 0.221098
-1.61768 0.220556
-1.61184 0.216254
-1.606 0.223797
-1.60016 0.227367
-1.59432 0.225605
-1.58848 0.230544
-1.58264 0.233004
-1.5768 0.234131
-1.57096 0.234047
-1.56512 0.233733
-1.55928 0.236866
-1.55344 0.242926
-1.5476 0.239246
-1.54176 0.243784
-1.53592 0.248584
-1.53008 0.246372
-1.52424 0.252262
-1.5184 0.253048
-1.51256 0.254908
-1.50672 0.254479
-1.50088 0.262957
-1.49504 0.266058
-1.4892 0.264091
-1.48336 0.264076
-1.47752 0.266673
-1.47168 0.268193
-1.46584 0.274288
-1.46 0.273768
-1.45416 0.275411
-1.44832 0.279968
-1.44248 0.286697
-1.43664 0.287671
-1.4308 0.287612
-1.42496 0.290814
-1.41912 0.290446
-1.41328 0.295541
-1.40744 0.299681
-1.4016 0.300016
-1.39576 0.301647
-1.38992 0.30423
-1.38408 0.305838
-1.37824 0.309231
-1.3724 0.314261
-1.36656 0.309576
-1.36072 0.320212
-1.35488 0.31609
-1.34904 0.318421
-1.3432 0.321607
-1.33736 0.327934
-1.33152 0.334517
-1.32568 0.333329
-1.31984 0.332647
-1.314 0.337565
-1.30816 0.336588
-1.30232 0.343965
-1.29648 0.342273
-1.29064 0.349344
-1.2848 0.354278
-1.27896 0.354971
-1.27312 0.356091
-1.26728 0.356572
-1.26144 0.352789
-1.2556 0.358635
-1.24976 0.356254
-1.24392 0.3628
-1.23808 0.362414
-1.23224 0.365739
-1.2264 0.369241
-1.22056 0.37077
-1.21472 0.378099
-1.20888 0.377186
-1.20304 0.380062
-1.1972 0.383464
-1.19136 0.386445
-1.18552 0.388866
-1.17968 0.388225
-1.17384 0.389135
-1.168 0.39689
-1.16216 0.3986
-1.15632 0.400494
-1.15048 0.400463
-1.14464 0.407326
-1.1388 0.404064
-1.13296 0.402747
-1.12712 0.402487
-1.12128 0.407735
-1.11544 0.415474
-1.1096 0.410527
-1.10376 0.416065
-1.09792 0.420351
-1.09208 0.416907
-1.08624 0.421321
-1.0804 0.421176
-1.07456 0.421989
-1.06872 0.423493
-1.06288 0.426225
-1.05704 0.432925
-1.0512 0.429371
-1.04536 0.422901
-1.03952 0.425231
-1.03368 0.424372
-1.02784 0.427054
-1.022 0.425424
-1.01616 0.422516
-1.01032 0.423257
-1.00448 0.427581
-0.99864 0.424304
-0.9928 0.421462
-0.98696 0.425291
-0.98112 0.420141
-0.97528 0.421331
-0.96944 0.424222
-0.9636 0.423013
-0.95776 0.422362
-0.95192 0.421604
-0.94608 0.420093
-0.94024 0.421371
-0.9344 0.419969
-0.92856 0.415857
-0.92272 0.419522
-0.91688 0.41599
-0.91104 0.414533
-0.9052 0.416735
-0.89936 0.417956
-0.89352 0.419152
-0.88768 0.418629
-0.88184 0.416533
-0.876 0.418848
-0.87016 0.413802
-0.86432 0.418168
-0.85848 0.4166
-0.85264 0.418107
-0.8468 0.416023
-0.84096 0.415701
-0.83512 0.417357
-0.82928 0.41413
-0.82344 0.41245
-0.8176 0.413308
-0.81176 0.410033
-0.80592 0.410462
-0.80008 0.410193
-0.79424 0.40981
-0.7884 0.41015
-0.78256 0.409879
-0.77672 0.409759
-0.77088 0.410205
-0.76504 0.409455
-0.7592 0.409924
-0.75336 0.409477
-0.74752 0.409943
-0.74168 0.410093
-0.73584 0.410783
-0.73 0.412213
-0.72416 0.412549
-0.71832 0.412838
-0.71248 0.413096
-0.70664 0.414279
-0.7008 0.414551
-0.69496 0.414999
-0.68912 0.416458
-0.68328 0.417498
-0.67744 0.421503
-0.6716 0.423487
-0.66576 0.424443
-0.65992 0.426058
-0.65408 0.42576
-0.64824 0.426629
-0.6424 0.429065
-0.63656 0.43081
-0.63072 0.430913
-0.62488 0.431857
-0.61904 0.431968
-0.6132 0.431218
-0.60736 0.430618
-0.60152 0.431227
-0.59568 0.431227
-0.58984 0.431227
-0.584 0.431227
-0.57816 0.431227
-0.57232 0.431227
-0.56648 0.431227
-0.56064 0.431227
-0.5548 0.431227
-0.54896 0.431227
-0.54312 0.431227
-0.53728 0.431227
-0.53144 0.431227
-0.5256 0.431227
-0.51976 0.431227
-0.51392 0.431227
-0.50808 0.431227
-0.50224 0.431227
-0.4964 0.431227
-0.49056 0.431227
-0.48472 0.431227
-0.47888 0.431227
-0.47304 0.431227
-0.4672 0.431227
-0.46136 0.431227
-0.45552 0.431227
-0.44968 0.431227
-0.44384 0.431227
-0.438 0.431227
-0.43216 0.431227
-0.42632 0.431227
-0.42048 0.431227
-0.41464 0.431227
-0.4088 0.431227
-0.40296 0.431227
-0.39712 0.431227
-0.39128 0.431227
-0.38544 0.431227
-0.3796 0.431227
-0.37376 0.431227
-0.36792 0.431227
-0.36208 0.431227
-0.35624 0.431227
-0.3504 0.431227
-0.34456 0.431227
-0.33872 0.431227
-0.33288 0.431227
-0.32704 0.431227
-0.3212 0.431227
-0.31536 0.431227
-0.30952 0.431227
-0.30368 0.431227
-0.29784 0.431227
-0.292 0.431227
-0.28616 0.431227
-0.28032 0.431227
-0.27448 0.431227
-0.26864 0.431227
-0.2628 0.431227
-0.25696 0.431227
-0.25112 0.431227
-0.24528 0.431227
-0.23944 0.431227
-0.2336 0.431227
-0.22776 0.431227
-0.22192 0.431227
-0.21608 0.431227
-0.21024 0.431227
-0.2044 0.431227
-0.19856 0.431227
-0.19272 0.431227
-0.18688 0.431227
-0.18104 0.431227
-0.1752 0.431227
-0.16936 0.431227
-0.16352 0.431227
-0.15768 0.431227
-0.15184 0.431227
-0.146 0.431227
-0.14016 0.431227
-0.13432 0.431227
-0.12848 0.431227
-0.12264 0.431227
-0.1168 0.431227
-0.11096 0.431227
-0.10512 0.431227
-0.09928 0.431227
-0.09344 0.431227
-0.0876 0.431227
-0.08176 0.431227
-0.07592 0.431227
-0.07008 0.431227
-0.06424 0.431227
-0.0584 0.431227
-0.05256 0.431227
-0.04672 0.431227
-0.04088 0.431227
-0.03504 0.431227
-0.0292 0.431227
-0.02336 0.431227
-0.01752 0.431227
-0.01168 0.431227
-0.00584 0.431227
