-2.92 0.503927
-2.91416 0.503927
-2.90832 0.503927
-2.90248 0.503927
-2.89664 0.503927
-2.8908 0.503927
-2.88496 0.503927
-2.87912 0.503927
-2.87328 0.503927
-2.86744 0.503927
-2.8616 0.503927
-2.85576 0.503927
-2.84992 0.503927
-2.84408 0.503927
-2.83824 0.503927
-2.8324 0.503927
-2.82656 0.503927
-2.82072 0.503927
-2.81488 0.503927
-2.80904 0.503927
-2.8032 0.503927
-2.79736 0.503927
-2.79152 0.503927
-2.78568 0.503927
-2.77984 0.503927
-2.774 0.503927
-2.76816 0.503927
-2.76232 0.503927
-2.75648 0.503927
-2.75064 0.503927
-2.7448 0.503927
-2.73896 0.503927
-2.73312 0.503927
-2.72728 0.503927
-2.72144 0.503927
-2.7156 0.503927
-2.70976 0.503927
-2.70392 0.503927
-2.69808 0.503927
-2.69224 0.503927
-2.6864 0.503927
-2.68056 0.503927
-2.67472 0.503927
-2.66888 0.503927
-2.66304 0.503927
-2.6572 0.503927
-2.65136 0.503927
-2.64552 0.503927
-2.63968 0.503927
-2.63384 0.503927
-2.628 0.503927
-2.62216 0.503927
-2.61632 0.503927
-2.61048 0.503927
-2.60464 0.503927
-2.5988 0.503927
-2.59296 0.503616
-2.58712 0.502953
-2.58128 0.502202
-2.57544 0.501378
-2.5696 0.500342
-2.56376 0.499217
-2.55792 0.497961
-2.55208 0.496659
-2.54624 0.495358
-2.5404 0.493925
-2.53456 0.492403
-2.52872 0.490745
-2.52288 0.489131
-2.51704 0.487385
-2.5112 0.485552
-2.50536 0.483718
-2.49952 0.481795
-2.49368 0.479783
-2.48784 0.477851
-2.482 0.475844
-2.47616 0.473865
-2.47032 0.471633
-2.46448 0.469444
-2.45864 0.46725
-2.4528 0.465088
-2.44696 0.462764
-2.44112 0.460146
-2.43528 0.457935
-2.42944 0.455762
-2.4236 0.453138
-2.41776 0.450924
-2.41192 0.448506
-2.40608 0.446124
-2.40024 0.443652
-2.3944 0.440972
-2.38856 0.438195
-2.38272 0.435931
-2.37688 0.433294
-2.37104 0.430483
-2.3652 0.42779
-2.35936 0.425628
-2.35352 0.422531
-2.34768 0.419554
-2.34184 0.416859
-2.336 0.41354
-2.33016 0.411419
-2.32432 0.408595
-2.31848 0.405392
-2.31264 0.403094
-2.3068 0.399816
-2.30096 0.396813
-2.29512 0.394061
-2.28928 0.391152
-2.28344 0.387449
-2.2776 0.384642
-2.27176 0.382505
-2.26592 0.37814
-2.26008 0.376625
-2.25424 0.373487
-2.2484 0.369524
-2.24256 0.365559
-2.23672 0.363285
-2.23088 0.359121
-2.22504 0.355048
-2.2192 0.351569
-2.21336 0.348586
-2.20752 0.346155
-2.20168 0.34099
-2.19584 0.337305
-2.19 0.33271
-2.18416 0.328739
-2.17832 0.325009
-2.17248 0.321132
-2.16664 0.317627
-2.1608 0.314888
-2.15496 0.310491
-2.14912 0.306882
-2.14328 0.302197
-2.13744 0.298882
-2.1316 0.295185
-2.12576 0.291531
-2.11992 0.287713
-2.11408 0.284901
-2.10824 0.279956
-2.1024 0.276223
-2.09656 0.27307
-2.09072 0.269209
-2.08488 0.264475
-2.07904 0.261203
-2.0732 0.256666
-2.06736 0.253816
-2.06152 0.249322
-2.05568 0.245755
-2.04984 0.243061
-2.044 0.239467
-2.03816 0.235531
-2.03232 0.230862
-2.02648 0.229558
-2.02064 0.224644
-2.0148 0.219866
-2.00896 0.219421
-2.00312 0.215771
-1.99728 0.21433
-1.99144 0.21229
-1.9856 0.209729
-1.97976 0.208931
-1.97392 0.207742
-1.96808 0.206256
-1.96224 0.204895
-1.9564 0.203626
-1.95056 0.201371
-1.94472 0.200385
-1.93888 0.198681
-1.93304 0.19843
-1.9272 0.195106
-1.92136 0.196977
-1.91552 0.194823
-1.90968 0.193232
-1.90384 0.191288
-1.898 0.191673
-1.89216 0.191094
-1.88632 0.191194
-1.88048 0.189936
-1.87464 0.188073
-1.8688 0.190665
-1.86296 0.188185
-1.85712 0.18706
-1.85128 0.189997
-1.84544 0.18857
-1.8396 0.188384
-1.83376 0.18842
-1.82792 0.188067
-1.82208 0.190981
-1.81624 0.193451
-1.8104 0.191251
-1.80456 0.189557
-1.79872 0.191801
-1.79288 0.192159
-1.78704 0.192745
-1.7812 0.191795
-1.77536 0.192599
-1.76952 0.194035
-1.76368 0.191883
-1.75784 0.196292
-1.752 0.195023
-1.74616 0.195903
-1.74032 0.198048
-1.73448 0.198925
-1.72864 0.198159
-1.7228 0.201143
-1.71696 0.204595
-1.71112 0.203778
-1.70528 0.203181
-1.69944 0.207023
-1.6936 0.207387
-1.68776 0.206108
-1.68192 0.209376
-1.67608 0.206921
-1.67024 0.208974
-1.6644 0.208009
-1.65856 0.21052
-1.65272 0.210808
-1.64688 0.207069
-1.64104 0.212001
-1.6352 0.213347
-1.62936 0.21186
-1.62352 0.213009
-1.61768 0.215488
-1.61184 0.214632
-1.606 0.218245
-1.60016 0.225169
-1.59432 0.221405
-1.58848 0.226867
-1.58264 0.233204
-1.5768 0.227446
-1.57096 0.231651
-1.56512 0.232551
-1.55928 0.236918
-1.55344 0.2381
-1.5476 0.248664
-1.54176 0.251026
-1.53592 0.253259
-1.53008 0.253666
-1.52424 0.253711
-1.5184 0.261343
-1.51256 0.263588
-1.50672 0.266087
-1.50088 0.267386
-1.49504 0.272684
-1.4892 0.271915
-1.48336 0.278023
-1.47752 0.27757
-1.47168 0.279323
-1.46584 0.282717
-1.46 0.288882
-1.45416 0.289016
-1.44832 0.29253
-1.44248 0.294645
-1.43664 0.297676
-1.4308 0.300374
-1.42496 0.304994
-1.41912 0.306126
-1.41328 0.306522
-1.40744 0.308629
-1.4016 0.314044
-1.39576 0.316835
-1.38992 0.321214
-1.38408 0.327718
-1.37824 0.329084
-1.3724 0.328608
-1.36656 0.329484
-1.36072 0.333478
-1.35488 0.336661
-1.34904 0.336218
-1.3432 0.339334
-1.33736 0.34152
-1.33152 0.348914
-1.32568 0.348798
-1.31984 0.351302
-1.314 0.356147
-1.30816 0.355641
-1.30232 0.36176
-1.29648 0.36475
-1.29064 0.369123
-1.2848 0.37192
-1.27896 0.374051
-1.27312 0.375526
-1.26728 0.371884
-1.26144 0.3764
-1.2556 0.380898
-1.24976 0.379265
-1.24392 0.387007
-1.23808 0.387369
-1.23224 0.388755
-1.2264 0.391205
-1.22056 0.392966
-1.21472 0.396521
-1.20888 0.396182
-1.20304 0.403951
-1.1972 0.403789
-1.19136 0.405304
-1.18552 0.407752
-1.17968 0.412228
-1.17384 0.41323
-1.168 0.415856
-1.16216 0.421437
-1.15632 0.414971
-1.15048 0.419245
-1.14464 0.423415
-1.1388 0.420239
-1.13296 0.42181
-1.12712 0.421215
-1.12128 0.427435
-1.11544 0.426811
-1.1096 0.434219
-1.10376 0.434996
-1.09792 0.43637
-1.09208 0.433973
-1.08624 0.431525
-1.0804 0.439796
-1.07456 0.439218
-1.06872 0.44104
-1.06288 0.439609
-1.05704 0.445038
-1.0512 0.440583
-1.04536 0.442118
-1.03952 0.440239
-1.03368 0.439252
-1.02784 0.438119
-1.022 0.438831
-1.01616 0.437421
-1.01032 0.43399
-1.00448 0.432084
-0.99864 0.43222
-0.9928 0.433725
-0.98696 0.435969
-0.98112 0.432095
-0.97528 0.42985
-0.96944 0.429346
-0.9636 0.429564
-0.95776 0.428779
-0.95192 0.429618
-0.94608 0.431829
-0.94024 0.42809
-0.9344 0.427617
-0.92856 0.426309
-0.92272 0.424042
-0.91688 0.42251
-0.91104 0.420228
-0.9052 0.419251
-0.89936 0.422582
-0.89352 0.423658
-0.88768 0.420852
-0.88184 0.420986
-0.876 0.422179
-0.87016 0.418591
-0.86432 0.421469
-0.85848 0.42123
-0.85264 0.422579
-0.8468 0.421006
-0.84096 0.422435
-0.83512 0.421067
-0.82928 0.41678
-0.82344 0.416054
-0.8176 0.414717
-0.81176 0.415469
-0.80592 0.416875
-0.80008 0.414127
-0.79424 0.415669
-0.7884 0.414558
-0.78256 0.414278
-0.77672 0.414969
-0.77088 0.414779
-0.76504 0.416188
-0.7592 0.414409
-0.75336 0.414912
-0.74752 0.414126
-0.74168 0.416355
-0.73584 0.416821
-0.73 0.417575
-0.72416 0.417748
-0.71832 0.417638
-0.71248 0.418223
-0.70664 0.419212
-0.7008 0.419598
-0.69496 0.419855
-0.68912 0.420699
-0.68328 0.422369
-0.67744 0.426734
-0.6716 0.427395
-0.66576 0.429028
-0.65992 0.429716
-0.65408 0.43057
-0.64824 0.430647
-0.6424 0.43369
-0.63656 0.434388
-0.63072 0.434887
-0.62488 0.434731
-0.61904 0.434898
-0.6132 0.434184
-0.60736 0.433073
-0.60152 0.433641
-0.59568 0.433641
-0.58984 0.433641
-0.584 0.433641
-0.57816 0.433641
-0.57232 0.433641
-0.56648 0.433641
-0.56064 0.433641
-0.5548 0.433641
-0.54896 0.433641
-0.54312 0.433641
-0.53728 0.433641
-0.53144 0.433641
-0.5256 0.433641
-0.51976 0.433641
-0.51392 0.433641
-0.50808 0.433641
-0.50224 0.433641
-0.4964 0.433641
-0.49056 0.433641
-0.48472 0.433641
-0.47888 0.433641
-0.47304 0.433641
-0.4672 0.433641
-0.46136 0.433641
-0.45552 0.433641
-0.44968 0.433641
-0.44384 0.433641
-0.438 0.433641
-0.43216 0.433641
-0.42632 0.433641
-0.42048 0.433641
-0.41464 0.433641
-0.4088 0.433641
-0.40296 0.433641
-0.39712 0.433641
-0.39128 0.433641
-0.38544 0.433641
-0.3796 0.433641
-0.37376 0.433641
-0.36792 0.433641
-0.36208 0.433641
-0.35624 0.433641
-0.3504 0.433641
-0.34456 0.433641
-0.33872 0.433641
-0.33288 0.433641
-0.32704 0.433641
-0.3212 0.433641
-0.31536 0.433641
-0.30952 0.433641
-0.30368 0.433641
-0.29784 0.433641
-0.292 0.433641
-0.28616 0.433641
-0.28032 0.433641
-0.27448 0.433641
-0.26864 0.433641
-0.2628 0.433641
-0.25696 0.433641
-0.25112 0.433641
-0.24528 0.433641
-0.23944 0.433641
-0.2336 0.433641
-0.22776 0.433641
-0.22192 0.433641
-0.21608 0.433641
-0.21024 0.433641
-0.2044 0.433641
-0.19856 0.433641
-0.19272 0.433641
-0.18688 0.433641
-0.18104 0.433641
-0.1752 0.433641
-0.16936 0.433641
-0.16352 0.433641
-0.15768 0.433641
-0.15184 0.433641
-0.146 0.433641
-0.14016 0.433641
-0.13432 0.433641
-0.12848 0.433641
-0.12264 0.433641
-0.1168 0.433641
-0.11096 0.433641
-0.10512 0.433641
-0.09928 0.433641
-0.09344 0.433641
-0.0876 0.433641
-0.08176 0.433641
-0.07592 0.433641
-0.07008 0.433641
-0.06424 0.433641
-0.0584 0.433641
-0.05256 0.433641
-0.04672 0.433641
-0.04088 0.433641
-0.03504 0.433641
-0.0292 0.433641
-0.02336 0.433641
-0.01752 0.433641
-0.01168 0.433641
-0.00584 0.433641
