-2.92 0.461744
-2.91416 0.461744
-2.90832 0.461744
-2.90248 0.461744
-2.89664 0.461744
-2.8908 0.461744
-2.88496 0.461744
-2.87912 0.461744
-2.87328 0.461744
-2.86744 0.461744
-2.8616 0.461744
-2.85576 0.461744
-2.84992 0.461744
-2.84408 0.461744
-2.83824 0.461744
-2.8324 0.461744
-2.82656 0.461744
-2.82072 0.461744
-2.81488 0.461744
-2.80904 0.461744
-2.8032 0.461744
-2.79736 0.461744
-2.79152 0.461744
-2.78568 0.461744
-2.77984 0.461744
-2.774 0.461744
-2.76816 0.461744
-2.76232 0.461744
-2.75648 0.461744
-2.75064 0.461744
-2.7448 0.461744
-2.73896 0.461744
-2.73312 0.461744
-2.72728 0.461744
-2.72144 0.461744
-2.7156 0.461744
-2.70976 0.461744
-2.70392 0.461744
-2.69808 0.461744
-2.69224 0.461744
-2.6864 0.461744
-2.68056 0.461744
-2.67472 0.461744
-2.66888 0.461744
-2.66304 0.461744
-2.6572 0.461744
-2.65136 0.461744
-2.64552 0.461744
-2.63968 0.461744
-2.63384 0.461744
-2.628 0.461744
-2.62216 0.461744
-2.61632 0.461744
-2.61048 0.461744
-2.60464 0.461744
-2.5988 0.461744
-2.59296 0.461303
-2.58712 0.460597
-2.58128 0.459804
-2.57544 0.45892
-2.5696 0.457902
-2.56376 0.456751
-2.55792 0.455513
-2.55208 0.454186
-2.54624 0.452902
-2.5404 0.451532
-2.53456 0.450072
-2.52872 0.448522
-2.52288 0.446926
-2.51704 0.445246
-2.5112 0.443436
-2.50536 0.441667
-2.49952 0.440221
-2.49368 0.438523
-2.48784 0.437568
-2.482 0.436698
-2.47616 0.434747
-2.47032 0.434358
-2.46448 0.432774
-2.45864 0.432093
-2.4528 0.429714
-2.44696 0.429566
-2.44112 0.428672
-2.43528 0.427281
-2.42944 0.425977
-2.4236 0.42541
-2.41776 0.424806
-2.41192 0.422917
-2.40608 0.423548
-2.40024 0.421824
-2.3944 0.420921
-2.38856 0.420813
-2.38272 0.41812
-2.37688 0.41726
-2.37104 0.417384
-2.3652 0.417093
-2.35936 0.415141
-2.35352 0.414689
-2.34768 0.413486
-2.34184 0.413487
-2.336 0.410043
-2.33016 0.409794
-2.32432 0.409448
-2.31848 0.405999
-2.31264 0.405042
-2.3068 0.403005
-2.30096 0.401903
-2.29512 0.400025
-2.28928 0.397933
-2.28344 0.395172
-2.2776 0.394401
-2.27176 0.392272
-2.26592 0.391793
-2.26008 0.386859
-2.25424 0.38624
-2.2484 0.382687
-2.24256 0.381145
-2.23672 0.377299
-2.23088 0.378604
-2.22504 0.370023
-2.2192 0.368348
-2.21336 0.364566
-2.20752 0.360017
-2.20168 0.355766
-2.19584 0.353175
-2.19 0.349501
-2.18416 0.346812
-2.17832 0.34244
-2.17248 0.338093
-2.16664 0.336003
-2.1608 0.331199
-2.15496 0.327281
-2.14912 0.32379
-2.14328 0.320119
-2.13744 0.316262
-2.1316 0.312199
-2.12576 0.307219
-2.11992 0.303799
-2.11408 0.29747
-2.10824 0.294971
-2.1024 0.290481
-2.09656 0.28834
-2.09072 0.283352
-2.08488 0.277833
-2.07904 0.275679
-2.0732 0.27018
-2.06736 0.267283
-2.06152 0.264195
-2.05568 0.259885
-2.04984 0.255803
-2.044 0.250738
-2.03816 0.24762
-2.03232 0.24343
-2.02648 0.237588
-2.02064 0.234385
-2.0148 0.229254
-2.00896 0.225514
-2.00312 0.224764
-1.99728 0.219653
-1.99144 0.218258
-1.9856 0.215542
-1.97976 0.214454
-1.97392 0.212834
-1.96808 0.209597
-1.96224 0.207147
-1.9564 0.20621
-1.95056 0.20433
-1.94472 0.203474
-1.93888 0.201892
-1.93304 0.200633
-1.9272 0.200468
-1.92136 0.198521
-1.91552 0.196114
-1.90968 0.193629
-1.90384 0.194775
-1.898 0.197098
-1.89216 0.196196
-1.88632 0.190212
-1.88048 0.192784
-1.87464 0.191405
-1.8688 0.192017
-1.86296 0.192242
-1.85712 0.191175
-1.85128 0.190204
-1.84544 0.192212
-1.8396 0.194146
-1.83376 0.191399
-1.82792 0.190931
-1.82208 0.193254
-1.81624 0.192672
-1.8104 0.193615
-1.80456 0.192933
-1.79872 0.194895
-1.79288 0.19433
-1.78704 0.197009
-1.7812 0.195006
-1.77536 0.195678
-1.76952 0.199798
-1.76368 0.199008
-1.75784 0.199137
-1.752 0.20184
-1.74616 0.200771
-1.74032 0.201301
-1.73448 0.200473
-1.72864 0.204817
-1.7228 0.205685
-1.71696 0.206966
-1.71112 0.209503
-1.70528 0.208177
-1.69944 0.210901
-1.6936 0.213365
-1.68776 0.214649
-1.68192 0.214493
-1.67608 0.215074
-1.67024 0.212903
-1.6644 0.213533
-1.65856 0.213172
-1.65272 0.217056
-1.64688 0.214923
-1.64104 0.217753
-1.6352 0.216806
-1.62936 0.219029
-1.62352 0.219747
-1.61768 0.21793
-1.61184 0.219109
-1.606 0.223259
-1.60016 0.227302
-1.59432 0.227502
-1.58848 0.229933
-1.58264 0.232118
-1.5768 0.231405
-1.57096 0.234537
-1.56512 0.238425
-1.55928 0.235297
-1.55344 0.239961
-1.5476 0.24436
-1.54176 0.248874
-1.53592 0.249901
-1.53008 0.250458
-1.52424 0.255218
-1.5184 0.257684
-1.51256 0.258035
-1.50672 0.263617
-1.50088 0.268085
-1.49504 0.264667
-1.4892 0.268983
-1.48336 0.270654
-1.47752 0.271405
-1.47168 0.277892
-1.46584 0.275987
-1.46 0.28055
-1.45416 0.281266
-1.44832 0.284382
-1.44248 0.284492
-1.43664 0.288342
-1.4308 0.289271
-1.42496 0.29703
-1.41912 0.297791
-1.41328 0.292843
-1.40744 0.301516
-1.4016 0.307947
-1.39576 0.306774
-1.38992 0.310182
-1.38408 0.31054
-1.37824 0.315839
-1.3724 0.315789
-1.36656 0.316262
-1.36072 0.321105
-1.35488 0.318578
-1.34904 0.319612
-1.3432 0.325259
-1.33736 0.329645
-1.33152 0.335247
-1.32568 0.336545
-1.31984 0.340388
-1.314 0.344012
-1.30816 0.337695
-1.30232 0.347408
-1.29648 0.347557
-1.29064 0.355384
-1.2848 0.352222
-1.27896 0.35793
-1.27312 0.360333
-1.26728 0.357236
-1.26144 0.360884
-1.2556 0.367088
-1.24976 0.366257
-1.24392 0.368808
-1.23808 0.37315
-1.23224 0.373088
-1.2264 0.375921
-1.22056 0.376005
-1.21472 0.380295
-1.20888 0.381458
-1.20304 0.386227
-1.1972 0.39268
-1.19136 0.388509
-1.18552 0.394885
-1.17968 0.395324
-1.17384 0.395551
-1.168 0.40192
-1.16216 0.403763
-1.15632 0.403436
-1.15048 0.404204
-1.14464 0.405284
-1.1388 0.404435
-1.13296 0.406593
-1.12712 0.410715
-1.12128 0.408466
-1.11544 0.411576
-1.1096 0.416731
-1.10376 0.419428
-1.09792 0.420826
-1.09208 0.41739
-1.08624 0.418528
-1.0804 0.42377
-1.07456 0.421766
-1.06872 0.425056
-1.06288 0.43155
-1.05704 0.425386
-1.0512 0.427664
-1.04536 0.426387
-1.03952 0.423707
-1.03368 0.426511
-1.02784 0.42279
-1.022 0.422334
-1.01616 0.421678
-1.01032 0.422956
-1.00448 0.419818
-0.99864 0.418798
-0.9928 0.418135
-0.98696 0.419806
-0.98112 0.417656
-0.97528 0.412173
-0.96944 0.41595
-0.9636 0.41823
-0.95776 0.415791
-0.95192 0.415814
-0.94608 0.41369
-0.94024 0.415969
-0.9344 0.410943
-0.92856 0.409513
-0.92272 0.408289
-0.91688 0.405284
-0.91104 0.403412
-0.9052 0.404348
-0.89936 0.406399
-0.89352 0.407281
-0.88768 0.404591
-0.88184 0.406556
-0.876 0.405262
-0.87016 0.400743
-0.86432 0.403437
-0.85848 0.402818
-0.85264 0.404331
-0.8468 0.399975
-0.84096 0.401524
-0.83512 0.402084
-0.82928 0.397042
-0.82344 0.39606
-0.8176 0.397422
-0.81176 0.394039
-0.80592 0.395474
-0.80008 0.392782
-0.79424 0.393333
-0.7884 0.392337
-0.78256 0.393123
-0.77672 0.392475
-0.77088 0.391535
-0.76504 0.392497
-0.7592 0.392312
-0.75336 0.39049
-0.74752 0.391261
-0.74168 0.390543
-0.73584 0.391171
-0.73 0.392537
-0.72416 0.392601
-0.71832 0.392704
-0.71248 0.392269
-0.70664 0.39269
-0.7008 0.393151
-0.69496 0.39362
-0.68912 0.393724
-0.68328 0.395009
-0.67744 0.398638
-0.6716 0.39982
-0.66576 0.400955
-0.65992 0.401365
-0.65408 0.401822
-0.64824 0.402371
-0.6424 0.404464
-0.63656 0.404961
-0.63072 0.405115
-0.62488 0.405311
-0.61904 0.404783
-0.6132 0.404009
-0.60736 0.4031
-0.60152 0.403362
-0.59568 0.403362
-0.58984 0.403362
-0.584 0.403362
-0.57816 0.403362
-0.57232 0.403362
-0.56648 0.403362
-0.56064 0.403362
-0.5548 0.403362
-0.54896 0.403362
-0.54312 0.403362
-0.53728 0.403362
-0.53144 0.403362
-0.5256 0.403362
-0.51976 0.403362
-0.51392 0.403362
-0.50808 0.403362
-0.50224 0.403362
-0.4964 0.403362
-0.49056 0.403362
-0.48472 0.403362
-0.47888 0.403362
-0.47304 0.403362
-0.4672 0.403362
-0.46136 0.403362
-0.45552 0.403362
-0.44968 0.403362
-0.44384 0.403362
-0.438 0.403362
-0.43216 0.403362
-0.42632 0.403362
-0.42048 0.403362
-0.41464 0.403362
-0.4088 0.403362
-0.40296 0.403362
-0.39712 0.403362
-0.39128 0.403362
-0.38544 0.403362
-0.3796 0.403362
-0.37376 0.403362
-0.36792 0.403362
-0.36208 0.403362
-0.35624 0.403362
-0.3504 0.403362
-0.34456 0.403362
-0.33872 0.403362
-0.33288 0.403362
-0.32704 0.403362
-0.3212 0.403362
-0.31536 0.403362
-0.30952 0.403362
-0.30368 0.403362
-0.29784 0.403362
-0.292 0.403362
-0.28616 0.403362
-0.28032 0.403362
-0.27448 0.403362
-0.26864 0.403362
-0.2628 0.403362
-0.25696 0.403362
-0.25112 0.403362
-0.24528 0.403362
-0.23944 0.403362
-0.2336 0.403362
-0.22776 0.403362
-0.22192 0.403362
-0.21608 0.403362
-0.21024 0.403362
-0.2044 0.403362
-0.19856 0.403362
-0.19272 0.403362
-0.18688 0.403362
-0.18104 0.403362
-0.1752 0.403362
-0.16936 0.403362
-0.16352 0.403362
-0.15768 0.403362
-0.15184 0.403362
-0.146 0.403362
-0.14016 0.403362
-0.13432 0.403362
-0.12848 0.403362
-0.12264 0.403362
-0.1168 0.403362
-0.11096 0.403362
-0.10512 0.403362
-0.09928 0.403362
-0.09344 0.403362
-0.0876 0.403362
-0.08176 0.403362
-0.07592 0.403362
-0.07008 0.403362
-0.06424 0.403362
-0.0584 0.403362
-0.05256 0.403362
-0.04672 0.403362
-0.04088 0.403362
-0.03504 0.403362
-0.0292 0.403362
-0.02336 0.403362
-0.01752 0.403362
-0.01168 0.403362
-0.00584 0.403362
