-2.92 0.464136
-2.91416 0.464136
-2.90832 0.464136
-2.90248 0.464136
-2.89664 0.464136
-2.8908 0.464136
-2.88496 0.464136
-2.87912 0.464136
-2.87328 0.464136
-2.86744 0.464136
-2.8616 0.464136
-2.85576 0.464136
-2.84992 0.464136
-2.84408 0.464136
-2.83824 0.464136
-2.8324 0.464136
-2.82656 0.464136
-2.82072 0.464136
-2.81488 0.464136
-2.80904 0.464136
-2.8032 0.464136
-2.79736 0.464136
-2.79152 0.464136
-2.78568 0.464136
-2.77984 0.464136
-2.774 0.464136
-2.76816 0.464136
-2.76232 0.464136
-2.75648 0.464136
-2.75064 0.464136
-2.7448 0.464136
-2.73896 0.464136
-2.73312 0.464136
-2.72728 0.464136
-2.72144 0.464136
-2.7156 0.464136
-2.70976 0.464136
-2.70392 0.464136
-2.69808 0.464136
-2.69224 0.464136
-2.6864 0.464136
-2.68056 0.464136
-2.67472 0.464136
-2.66888 0.464136
-2.66304 0.464136
-2.6572 0.464136
-2.65136 0.464136
-2.64552 0.464136
-2.63968 0.464136
-2.63384 0.464136
-2.628 0.464136
-2.62216 0.464136
-2.61632 0.464136
-2.61048 0.464136
-2.60464 0.464136
-2.5988 0.464136
-2.59296 0.463648
-2.58712 0.462942
-2.58128 0.462192
-2.57544 0.461355
-2.5696 0.460255
-2.56376 0.458978
-2.55792 0.457658
-2.55208 0.456337
-2.54624 0.454929
-2.5404 0.453389
-2.53456 0.451762
-2.52872 0.45009
-2.52288 0.448463
-2.51704 0.446792
-2.5112 0.445077
-2.50536 0.443275
-2.49952 0.441518
-2.49368 0.439758
-2.48784 0.437913
-2.482 0.436112
-2.47616 0.434046
-2.47032 0.431978
-2.46448 0.429821
-2.45864 0.427664
-2.4528 0.425335
-2.44696 0.423212
-2.44112 0.420879
-2.43528 0.41837
-2.42944 0.41595
-2.4236 0.413397
-2.41776 0.411056
-2.41192 0.408793
-2.40608 0.405945
-2.40024 0.403464
-2.3944 0.400608
-2.38856 0.398205
-2.38272 0.395854
-2.37688 0.393084
-2.37104 0.390893
-2.3652 0.388208
-2.35936 0.386016
-2.35352 0.384487
-2.34768 0.381471
-2.34184 0.379409
-2.336 0.377049
-2.33016 0.375277
-2.32432 0.372205
-2.31848 0.3708
-2.31264 0.367645
-2.3068 0.366707
-2.30096 0.363508
-2.29512 0.361355
-2.28928 0.358578
-2.28344 0.355829
-2.2776 0.353541
-2.27176 0.351386
-2.26592 0.348816
-2.26008 0.346617
-2.25424 0.344372
-2.2484 0.339682
-2.24256 0.338747
-2.23672 0.335352
-2.23088 0.334244
-2.22504 0.330785
-2.2192 0.329288
-2.21336 0.324684
-2.20752 0.323064
-2.20168 0.32109
-2.19584 0.317593
-2.19 0.316766
-2.18416 0.313809
-2.17832 0.311377
-2.17248 0.30638
-2.16664 0.302612
-2.1608 0.300744
-2.15496 0.299362
-2.14912 0.29412
-2.14328 0.292554
-2.13744 0.290445
-2.1316 0.287349
-2.12576 0.28446
-2.11992 0.280564
-2.11408 0.281523
-2.10824 0.274883
-2.1024 0.272099
-2.09656 0.269629
-2.09072 0.267673
-2.08488 0.264492
-2.07904 0.261827
-2.0732 0.259523
-2.06736 0.258072
-2.06152 0.254121
-2.05568 0.251198
-2.04984 0.24774
-2.044 0.24502
-2.03816 0.242974
-2.03232 0.239236
-2.02648 0.239353
-2.02064 0.231662
-2.0148 0.230713
-2.00896 0.227663
-2.00312 0.226044
-1.99728 0.226019
-1.99144 0.22422
-1.9856 0.222269
-1.97976 0.222167
-1.97392 0.222295
-1.96808 0.221946
-1.96224 0.218192
-1.9564 0.218841
-1.95056 0.217682
-1.94472 0.213646
-1.93888 0.214248
-1.93304 0.216402
-1.9272 0.21232
-1.92136 0.212782
-1.91552 0.210437
-1.90968 0.213574
-1.90384 0.211495
-1.898 0.209529
-1.89216 0.208618
-1.88632 0.209548
-1.88048 0.210048
-1.87464 0.20845
-1.8688 0.208657
-1.86296 0.208556
-1.85712 0.207517
-1.85128 0.210073
-1.84544 0.210083
-1.8396 0.208856
-1.83376 0.209441
-1.82792 0.210945
-1.82208 0.207914
-1.81624 0.213176
-1.8104 0.210534
-1.80456 0.211189
-1.79872 0.209034
-1.79288 0.213112
-1.78704 0.210648
-1.7812 0.211454
-1.77536 0.209222
-1.76952 0.20991
-1.76368 0.211144
-1.75784 0.211939
-1.752 0.215298
-1.74616 0.214312
-1.74032 0.211119
-1.73448 0.214566
-1.72864 0.211051
-1.7228 0.216398
-1.71696 0.213777
-1.71112 0.213351
-1.70528 0.218199
-1.69944 0.217322
-1.6936 0.219218
-1.68776 0.221341
-1.68192 0.21656
-1.67608 0.21728
-1.67024 0.216114
-1.6644 0.218774
-1.65856 0.217109
-1.65272 0.215539
-1.64688 0.217213
-1.64104 0.220227
-1.6352 0.217007
-1.62936 0.217184
-1.62352 0.217013
-1.61768 0.214206
-1.61184 0.220625
-1.606 0.22164
-1.60016 0.223721
-1.59432 0.221949
-1.58848 0.22989
-1.58264 0.227277
-1.5768 0.227871
-1.57096 0.235312
-1.56512 0.233925
-1.55928 0.234167
-1.55344 0.239682
-1.5476 0.240837
-1.54176 0.240351
-1.53592 0.246291
-1.53008 0.244213
-1.52424 0.249223
-1.5184 0.253261
-1.51256 0.252244
-1.50672 0.253123
-1.50088 0.255171
-1.49504 0.263527
-1.4892 0.263862
-1.48336 0.257953
-1.47752 0.264381
-1.47168 0.268083
-1.46584 0.266643
-1.46 0.271373
-1.45416 0.272122
-1.44832 0.277011
-1.44248 0.278972
-1.43664 0.276439
-1.4308 0.283754
-1.42496 0.282669
-1.41912 0.282997
-1.41328 0.287147
-1.40744 0.293764
-1.4016 0.293283
-1.39576 0.295246
-1.38992 0.294316
-1.38408 0.300028
-1.37824 0.302312
-1.3724 0.302835
-1.36656 0.304321
-1.36072 0.305281
-1.35488 0.310219
-1.34904 0.304196
-1.3432 0.312795
-1.33736 0.311864
-1.33152 0.318435
-1.32568 0.317981
-1.31984 0.319883
-1.314 0.325506
-1.30816 0.323073
-1.30232 0.328267
-1.29648 0.327096
-1.29064 0.329462
-1.2848 0.333991
-1.27896 0.333293
-1.27312 0.33707
-1.26728 0.341347
-1.26144 0.339124
-1.2556 0.339091
-1.24976 0.345168
-1.24392 0.345883
-1.23808 0.347659
-1.23224 0.344763
-1.2264 0.350909
-1.22056 0.348186
-1.21472 0.353168
-1.20888 0.357099
-1.20304 0.359468
-1.1972 0.361303
-1.19136 0.362556
-1.18552 0.365083
-1.17968 0.367498
-1.17384 0.371169
-1.168 0.370159
-1.16216 0.373572
-1.15632 0.371828
-1.15048 0.377331
-1.14464 0.378186
-1.1388 0.378548
-1.13296 0.382902
-1.12712 0.381967
-1.12128 0.385356
-1.11544 0.389581
-1.1096 0.390903
-1.10376 0.389303
-1.09792 0.395494
-1.09208 0.390988
-1.08624 0.393687
-1.0804 0.401642
-1.07456 0.39906
-1.06872 0.40004
-1.06288 0.397739
-1.05704 0.402797
-1.0512 0.403127
-1.04536 0.395348
-1.03952 0.399419
-1.03368 0.400294
-1.02784 0.395651
-1.022 0.395962
-1.01616 0.395704
-1.01032 0.396383
-1.00448 0.395349
-0.99864 0.390605
-0.9928 0.391443
-0.98696 0.390432
-0.98112 0.391484
-0.97528 0.388141
-0.96944 0.389833
-0.9636 0.391248
-0.95776 0.387816
-0.95192 0.383814
-0.94608 0.385928
-0.94024 0.38554
-0.9344 0.383776
-0.92856 0.381188
-0.92272 0.3816
-0.91688 0.382458
-0.91104 0.374843
-0.9052 0.380304
-0.89936 0.37767
-0.89352 0.378741
-0.88768 0.376769
-0.88184 0.377943
-0.876 0.377031
-0.87016 0.373641
-0.86432 0.374297
-0.85848 0.374501
-0.85264 0.374282
-0.8468 0.372173
-0.84096 0.373637
-0.83512 0.373602
-0.82928 0.371329
-0.82344 0.36813
-0.8176 0.366372
-0.81176 0.367676
-0.80592 0.36594
-0.80008 0.367157
-0.79424 0.366323
-0.7884 0.367263
-0.78256 0.366095
-0.77672 0.366949
-0.77088 0.366694
-0.76504 0.365218
-0.7592 0.366682
-0.75336 0.366751
-0.74752 0.367546
-0.74168 0.366523
-0.73584 0.368016
-0.73 0.367547
-0.72416 0.368186
-0.71832 0.369301
-0.71248 0.369529
-0.70664 0.370687
-0.7008 0.370035
-0.69496 0.370321
-0.68912 0.371444
-0.68328 0.373089
-0.67744 0.376201
-0.6716 0.378276
-0.66576 0.378769
-0.65992 0.380124
-0.65408 0.379835
-0.64824 0.380612
-0.6424 0.382638
-0.63656 0.383538
-0.63072 0.383449
-0.62488 0.383985
-0.61904 0.384602
-0.6132 0.384485
-0.60736 0.383464
-0.60152 0.384034
-0.59568 0.384034
-0.58984 0.384034
-0.584 0.384034
-0.57816 0.384034
-0.57232 0.384034
-0.56648 0.384034
-0.56064 0.384034
-0.5548 0.384034
-0.54896 0.384034
-0.54312 0.384034
-0.53728 0.384034
-0.53144 0.384034
-0.5256 0.384034
-0.51976 0.384034
-0.51392 0.384034
-0.50808 0.384034
-0.50224 0.384034
-0.4964 0.384034
-0.49056 0.384034
-0.48472 0.384034
-0.47888 0.384034
-0.47304 0.384034
-0.4672 0.384034
-0.46136 0.384034
-0.45552 0.384034
-0.44968 0.384034
-0.44384 0.384034
-0.438 0.384034
-0.43216 0.384034
-0.42632 0.384034
-0.42048 0.384034
-0.41464 0.384034
-0.4088 0.384034
-0.40296 0.384034
-0.39712 0.384034
-0.39128 0.384034
-0.38544 0.384034
-0.3796 0.384034
-0.37376 0.384034
-0.36792 0.384034
-0.36208 0.384034
-0.35624 0.384034
-0.3504 0.384034
-0.34456 0.384034
-0.33872 0.384034
-0.33288 0.384034
-0.32704 0.384034
-0.3212 0.384034
-0.31536 0.384034
-0.30952 0.384034
-0.30368 0.384034
-0.29784 0.384034
-0.292 0.384034
-0.28616 0.384034
-0.28032 0.384034
-0.27448 0.384034
-0.26864 0.384034
-0.2628 0.384034
-0.25696 0.384034
-0.25112 0.384034
-0.24528 0.384034
-0.23944 0.384034
-0.2336 0.384034
-0.22776 0.384034
-0.22192 0.384034
-0.21608 0.384034
-0.21024 0.384034
-0.2044 0.384034
-0.19856 0.384034
-0.19272 0.384034
-0.18688 0.384034
-0.18104 0.384034
-0.1752 0.384034
-0.16936 0.384034
-0.16352 0.384034
-0.15768 0.384034
-0.15184 0.384034
-0.146 0.384034
-0.14016 0.384034
-0.13432 0.384034
-0.12848 0.384034
-0.12264 0.384034
-0.1168 0.384034
-0.11096 0.384034
-0.10512 0.384034
-0.09928 0.384034
-0.09344 0.384034
-0.0876 0.384034
-0.08176 0.384034
-0.07592 0.384034
-0.07008 0.384034
-0.06424 0.384034
-0.0584 0.384034
-0.05256 0.384034
-0.04672 0.384034
-0.04088 0.384034
-0.03504 0.384034
-0.0292 0.384034
-0.02336 0.384034
-0.01752 0.384034
-0.01168 0.384034
-0.00584 0.384034
