-2.92 0.416509
-2.91416 0.416509
-2.90832 0.416509
-2.90248 0.416509
-2.89664 0.416509
-2.8908 0.416509
-2.88496 0.416509
-2.87912 0.416509
-2.87328 0.416509
-2.86744 0.416509
-2.8616 0.416509
-2.85576 0.416509
-2.84992 0.416509
-2.84408 0.416509
-2.83824 0.416509
-2.8324 0.416509
-2.82656 0.416509
-2.82072 0.416509
-2.81488 0.416509
-2.80904 0.416509
-2.8032 0.416509
-2.79736 0.416509
-2.79152 0.416509
-2.78568 0.416509
-2.77984 0.416509
-2.774 0.416509
-2.76816 0.416509
-2.76232 0.416509
-2.75648 0.416509
-2.75064 0.416509
-2.7448 0.416509
-2.73896 0.416509
-2.73312 0.416509
-2.72728 0.416509
-2.72144 0.416509
-2.7156 0.416509
-2.70976 0.416509
-2.70392 0.416509
-2.69808 0.416509
-2.69224 0.416509
-2.6864 0.416509
-2.68056 0.416509
-2.67472 0.416509
-2.66888 0.416509
-2.66304 0.416509
-2.6572 0.416509
-2.65136 0.416509
-2.64552 0.416509
-2.63968 0.416509
-2.63384 0.416509
-2.628 0.416509
-2.62216 0.416509
-2.61632 0.416509
-2.61048 0.416509
-2.60464 0.416509
-2.5988 0.416509
-2.59296 0.416155
-2.58712 0.415536
-2.58128 0.414829
-2.57544 0.414123
-2.5696 0.413196
-2.56376 0.412268
-2.55792 0.411251
-2.55208 0.410189
-2.54624 0.408997
-2.5404 0.40776
-2.53456 0.406522
-2.52872 0.405194
-2.52288 0.403867
-2.51704 0.402408
-2.5112 0.400859
-2.50536 0.399223
-2.49952 0.398169
-2.49368 0.397322
-2.48784 0.397184
-2.482 0.396298
-2.47616 0.39594
-2.47032 0.395458
-2.46448 0.394929
-2.45864 0.394318
-2.4528 0.394831
-2.44696 0.394048
-2.44112 0.394423
-2.43528 0.394091
-2.42944 0.393887
-2.4236 0.393838
-2.41776 0.39576
-2.41192 0.393847
-2.40608 0.395135
-2.40024 0.39522
-2.3944 0.395386
-2.38856 0.395601
-2.38272 0.395437
-2.37688 0.395397
-2.37104 0.394473
-2.3652 0.396025
-2.35936 0.396477
-2.35352 0.397303
-2.34768 0.398303
-2.34184 0.397762
-2.336 0.39758
-2.33016 0.399588
-2.32432 0.398903
-2.31848 0.396423
-2.31264 0.400098
-2.3068 0.399453
-2.30096 0.402044
-2.29512 0.401058
-2.28928 0.400619
-2.28344 0.40263
-2.2776 0.401043
-2.27176 0.402119
-2.26592 0.403875
-2.26008 0.405913
-2.25424 0.403372
-2.2484 0.403812
-2.24256 0.40539
-2.23672 0.405182
-2.23088 0.402837
-2.22504 0.405019
-2.2192 0.399683
-2.21336 0.399757
-2.20752 0.400321
-2.20168 0.398449
-2.19584 0.397517
-2.19 0.394787
-2.18416 0.395231
-2.17832 0.395923
-2.17248 0.394946
-2.16664 0.392133
-2.1608 0.390747
-2.15496 0.38869
-2.14912 0.388448
-2.14328 0.388997
-2.13744 0.385945
-2.1316 0.382968
-2.12576 0.381562
-2.11992 0.378412
-2.11408 0.378594
-2.10824 0.381674
-2.1024 0.375805
-2.09656 0.375975
-2.09072 0.373168
-2.08488 0.372157
-2.07904 0.371968
-2.0732 0.370463
-2.06736 0.36346
-2.06152 0.366879
-2.05568 0.366092
-2.04984 0.363813
-2.044 0.364166
-2.03816 0.36182
-2.03232 0.35676
-2.02648 0.359366
-2.02064 0.35829
-2.0148 0.356283
-2.00896 0.356518
-2.00312 0.354386
-1.99728 0.350539
-1.99144 0.351147
-1.9856 0.348274
-1.97976 0.345948
-1.97392 0.342662
-1.96808 0.34316
-1.96224 0.34649
-1.9564 0.343565
-1.95056 0.342164
-1.94472 0.340136
-1.93888 0.338835
-1.93304 0.335794
-1.9272 0.333623
-1.92136 0.330197
-1.91552 0.327209
-1.90968 0.33016
-1.90384 0.323491
-1.898 0.319991
-1.89216 0.316208
-1.88632 0.314008
-1.88048 0.313712
-1.87464 0.314006
-1.8688 0.306855
-1.86296 0.306652
-1.85712 0.301983
-1.85128 0.296372
-1.84544 0.294698
-1.8396 0.291544
-1.83376 0.288022
-1.82792 0.287474
-1.82208 0.283232
-1.81624 0.278342
-1.8104 0.276298
-1.80456 0.274609
-1.79872 0.268931
-1.79288 0.267361
-1.78704 0.260192
-1.7812 0.260113
-1.77536 0.257316
-1.76952 0.256666
-1.76368 0.252777
-1.75784 0.246476
-1.752 0.244857
-1.74616 0.240444
-1.74032 0.236147
-1.73448 0.234708
-1.72864 0.232512
-1.7228 0.229869
-1.71696 0.224437
-1.71112 0.220053
-1.70528 0.218822
-1.69944 0.213368
-1.6936 0.212305
-1.68776 0.210002
-1.68192 0.210178
-1.67608 0.203175
-1.67024 0.201342
-1.6644 0.198804
-1.65856 0.196002
-1.65272 0.192972
-1.64688 0.192927
-1.64104 0.193466
-1.6352 0.192096
-1.62936 0.191424
-1.62352 0.193536
-1.61768 0.192343
-1.61184 0.191915
-1.606 0.1907
-1.60016 0.190515
-1.59432 0.189272
-1.58848 0.186122
-1.58264 0.190312
-1.5768 0.189128
-1.57096 0.183695
-1.56512 0.186802
-1.55928 0.188433
-1.55344 0.189411
-1.5476 0.18787
-1.54176 0.192049
-1.53592 0.188595
-1.53008 0.190462
-1.52424 0.189995
-1.5184 0.187794
-1.51256 0.190741
-1.50672 0.188677
-1.50088 0.187247
-1.49504 0.193742
-1.4892 0.191224
-1.48336 0.194184
-1.47752 0.190727
-1.47168 0.196231
-1.46584 0.192388
-1.46 0.193759
-1.45416 0.19968
-1.44832 0.19457
-1.44248 0.197112
-1.43664 0.197331
-1.4308 0.194054
-1.42496 0.195153
-1.41912 0.197972
-1.41328 0.199955
-1.40744 0.198905
-1.4016 0.202433
-1.39576 0.201656
-1.38992 0.199384
-1.38408 0.196407
-1.37824 0.200498
-1.3724 0.200249
-1.36656 0.200119
-1.36072 0.202591
-1.35488 0.203005
-1.34904 0.203206
-1.3432 0.206549
-1.33736 0.208749
-1.33152 0.209142
-1.32568 0.213957
-1.31984 0.21047
-1.314 0.207575
-1.30816 0.216513
-1.30232 0.214402
-1.29648 0.212157
-1.29064 0.213318
-1.2848 0.216187
-1.27896 0.220347
-1.27312 0.217775
-1.26728 0.225156
-1.26144 0.218626
-1.2556 0.220978
-1.24976 0.224559
-1.24392 0.2254
-1.23808 0.226892
-1.23224 0.228201
-1.2264 0.232736
-1.22056 0.234303
-1.21472 0.236604
-1.20888 0.241241
-1.20304 0.242715
-1.1972 0.248065
-1.19136 0.248043
-1.18552 0.252978
-1.17968 0.255664
-1.17384 0.26179
-1.168 0.259069
-1.16216 0.261371
-1.15632 0.264378
-1.15048 0.264711
-1.14464 0.272753
-1.1388 0.271137
-1.13296 0.276601
-1.12712 0.281697
-1.12128 0.284694
-1.11544 0.289501
-1.1096 0.292143
-1.10376 0.298137
-1.09792 0.298117
-1.09208 0.303258
-1.08624 0.30037
-1.0804 0.304299
-1.07456 0.304701
-1.06872 0.308035
-1.06288 0.310928
-1.05704 0.316467
-1.0512 0.320751
-1.04536 0.323002
-1.03952 0.323519
-1.03368 0.329219
-1.02784 0.329273
-1.022 0.331462
-1.01616 0.334589
-1.01032 0.335604
-1.00448 0.340279
-0.99864 0.340946
-0.9928 0.34142
-0.98696 0.343556
-0.98112 0.347466
-0.97528 0.351719
-0.96944 0.350168
-0.9636 0.355093
-0.95776 0.359143
-0.95192 0.356271
-0.94608 0.355672
-0.94024 0.358916
-0.9344 0.360066
-0.92856 0.361018
-0.92272 0.364157
-0.91688 0.367739
-0.91104 0.368594
-0.9052 0.373132
-0.89936 0.373529
-0.89352 0.376582
-0.88768 0.379206
-0.88184 0.381255
-0.876 0.380783
-0.87016 0.386073
-0.86432 0.387676
-0.85848 0.387814
-0.85264 0.388922
-0.8468 0.392573
-0.84096 0.396625
-0.83512 0.398199
-0.82928 0.401517
-0.82344 0.401813
-0.8176 0.401733
-0.81176 0.40563
-0.80592 0.406653
-0.80008 0.409905
-0.79424 0.410254
-0.7884 0.412492
-0.78256 0.41473
-0.77672 0.414602
-0.77088 0.417383
-0.76504 0.419283
-0.7592 0.420892
-0.75336 0.420415
-0.74752 0.42336
-0.74168 0.425587
-0.73584 0.424443
-0.73 0.425828
-0.72416 0.422942
-0.71832 0.424573
-0.71248 0.423576
-0.70664 0.42542
-0.7008 0.424724
-0.69496 0.423763
-0.68912 0.425175
-0.68328 0.425275
-0.67744 0.426088
-0.6716 0.42728
-0.66576 0.428001
-0.65992 0.427953
-0.65408 0.428236
-0.64824 0.427187
-0.6424 0.426882
-0.63656 0.42785
-0.63072 0.427619
-0.62488 0.428406
-0.61904 0.43066
-0.6132 0.430851
-0.60736 0.431035
-0.60152 0.430628
-0.59568 0.430628
-0.58984 0.430628
-0.584 0.430628
-0.57816 0.430628
-0.57232 0.430628
-0.56648 0.430628
-0.56064 0.430628
-0.5548 0.430628
-0.54896 0.430628
-0.54312 0.430628
-0.53728 0.430628
-0.53144 0.430628
-0.5256 0.430628
-0.51976 0.430628
-0.51392 0.430628
-0.50808 0.430628
-0.50224 0.430628
-0.4964 0.430628
-0.49056 0.430628
-0.48472 0.430628
-0.47888 0.430628
-0.47304 0.430628
-0.4672 0.430628
-0.46136 0.430628
-0.45552 0.430628
-0.44968 0.430628
-0.44384 0.430628
-0.438 0.430628
-0.43216 0.430628
-0.42632 0.430628
-0.42048 0.430628
-0.41464 0.430628
-0.4088 0.430628
-0.40296 0.430628
-0.39712 0.430628
-0.39128 0.430628
-0.38544 0.430628
-0.3796 0.430628
-0.37376 0.430628
-0.36792 0.430628
-0.36208 0.430628
-0.35624 0.430628
-0.3504 0.430628
-0.34456 0.430628
-0.33872 0.430628
-0.33288 0.430628
-0.32704 0.430628
-0.3212 0.430628
-0.31536 0.430628
-0.30952 0.430628
-0.30368 0.430628
-0.29784 0.430628
-0.292 0.430628
-0.28616 0.430628
-0.28032 0.430628
-0.27448 0.430628
-0.26864 0.430628
-0.2628 0.430628
-0.25696 0.430628
-0.25112 0.430628
-0.24528 0.430628
-0.23944 0.430628
-0.2336 0.430628
-0.22776 0.430628
-0.22192 0.430628
-0.21608 0.430628
-0.21024 0.430628
-0.2044 0.430628
-0.19856 0.430628
-0.19272 0.430628
-0.18688 0.430628
-0.18104 0.430628
-0.1752 0.430628
-0.16936 0.430628
-0.16352 0.430628
-0.15768 0.430628
-0.15184 0.430628
-0.146 0.430628
-0.14016 0.430628
-0.13432 0.430628
-0.12848 0.430628
-0.12264 0.430628
-0.1168 0.430628
-0.11096 0.430628
-0.10512 0.430628
-0.09928 0.430628
-0.09344 0.430628
-0.0876 0.430628
-0.08176 0.430628
-0.07592 0.430628
-0.07008 0.430628
-0.06424 0.430628
-0.0584 0.430628
-0.05256 0.430628
-0.04672 0.430628
-0.04088 0.430628
-0.03504 0.430628
-0.0292 0.430628
-0.02336 0.430628
-0.01752 0.430628
-0.01168 0.430628
-0.00584 0.430628
