-2.92 0.440203
-2.91416 0.440203
-2.90832 0.440203
-2.90248 0.440203
-2.89664 0.440203
-2.8908 0.440203
-2.88496 0.440203
-2.87912 0.440203
-2.87328 0.440203
-2.86744 0.440203
-2.8616 0.440203
-2.85576 0.440203
-2.84992 0.440203
-2.84408 0.440203
-2.83824 0.440203
-2.8324 0.440203
-2.82656 0.440203
-2.82072 0.440203
-2.81488 0.440203
-2.80904 0.440203
-2.8032 0.440203
-2.79736 0.440203
-2.79152 0.440203
-2.78568 0.440203
-2.77984 0.440203
-2.774 0.440203
-2.76816 0.440203
-2.76232 0.440203
-2.75648 0.440203
-2.75064 0.440203
-2.7448 0.440203
-2.73896 0.440203
-2.73312 0.440203
-2.72728 0.440203
-2.72144 0.440203
-2.7156 0.440203
-2.70976 0.440203
-2.70392 0.440203
-2.69808 0.440203
-2.69224 0.440203
-2.6864 0.440203
-2.68056 0.440203
-2.67472 0.440203
-2.66888 0.440203
-2.66304 0.440203
-2.6572 0.440203
-2.65136 0.440203
-2.64552 0.440203
-2.63968 0.440203
-2.63384 0.440203
-2.628 0.440203
-2.62216 0.440203
-2.61632 0.440203
-2.61048 0.440203
-2.60464 0.440203
-2.5988 0.440203
-2.59296 0.439895
-2.58712 0.439366
-2.58128 0.438792
-2.57544 0.438084
-2.5696 0.437201
-2.56376 0.436319
-2.55792 0.435349
-2.55208 0.434245
-2.54624 0.433187
-2.5404 0.431909
-2.53456 0.430631
-2.52872 0.429133
-2.52288 0.427681
-2.51704 0.426095
-2.5112 0.424465
-2.50536 0.42279
-2.49952 0.421528
-2.49368 0.420055
-2.48784 0.419372
-2.482 0.41836
-2.47616 0.417127
-2.47032 0.416399
-2.46448 0.415328
-2.45864 0.414634
-2.4528 0.413811
-2.44696 0.412366
-2.44112 0.411959
-2.43528 0.410759
-2.42944 0.410774
-2.4236 0.409991
-2.41776 0.408911
-2.41192 0.409923
-2.40608 0.407554
-2.40024 0.406523
-2.3944 0.406766
-2.38856 0.407028
-2.38272 0.406029
-2.37688 0.404149
-2.37104 0.404319
-2.3652 0.401945
-2.35936 0.403149
-2.35352 0.402104
-2.34768 0.400722
-2.34184 0.400812
-2.336 0.399849
-2.33016 0.39996
-2.32432 0.397878
-2.31848 0.39749
-2.31264 0.395815
-2.3068 0.395673
-2.30096 0.394322
-2.29512 0.39481
-2.28928 0.39211
-2.28344 0.391727
-2.2776 0.390582
-2.27176 0.389811
-2.26592 0.386426
-2.26008 0.385575
-2.25424 0.384552
-2.2484 0.381274
-2.24256 0.380703
-2.23672 0.37829
-2.23088 0.376809
-2.22504 0.371431
-2.2192 0.369242
-2.21336 0.366077
-2.20752 0.364942
-2.20168 0.363961
-2.19584 0.358426
-2.19 0.35535
-2.18416 0.351137
-2.17832 0.347761
-2.17248 0.342713
-2.16664 0.339788
-2.1608 0.336713
-2.15496 0.33159
-2.14912 0.331242
-2.14328 0.325924
-2.13744 0.32316
-2.1316 0.320676
-2.12576 0.313181
-2.11992 0.312982
-2.11408 0.308104
-2.10824 0.305648
-2.1024 0.302859
-2.09656 0.296914
-2.09072 0.294495
-2.08488 0.290693
-2.07904 0.285596
-2.0732 0.283212
-2.06736 0.278341
-2.06152 0.27425
-2.05568 0.269544
-2.04984 0.268795
-2.044 0.263671
-2.03816 0.25847
-2.03232 0.256785
-2.02648 0.251269
-2.02064 0.248646
-2.0148 0.244077
-2.00896 0.240516
-2.00312 0.237516
-1.99728 0.233966
-1.99144 0.231647
-1.9856 0.227108
-1.97976 0.226211
-1.97392 0.222661
-1.96808 0.218435
-1.96224 0.219443
-1.9564 0.218275
-1.95056 0.213086
-1.94472 0.211742
-1.93888 0.21094
-1.93304 0.209363
-1.9272 0.211529
-1.92136 0.206373
-1.91552 0.206096
-1.90968 0.201284
-1.90384 0.202699
-1.898 0.199157
-1.89216 0.197187
-1.88632 0.199393
-1.88048 0.202185
-1.87464 0.19624
-1.8688 0.196451
-1.86296 0.196549
-1.85712 0.196203
-1.85128 0.194692
-1.84544 0.190128
-1.8396 0.195787
-1.83376 0.193612
-1.82792 0.192222
-1.82208 0.193129
-1.81624 0.19216
-1.8104 0.193716
-1.80456 0.19291
-1.79872 0.19246
-1.79288 0.192026
-1.78704 0.192775
-1.7812 0.193543
-1.77536 0.194053
-1.76952 0.192886
-1.76368 0.196261
-1.75784 0.197396
-1.752 0.198839
-1.74616 0.197685
-1.74032 0.196236
-1.73448 0.201308
-1.72864 0.200616
-1.7228 0.204445
-1.71696 0.203991
-1.71112 0.203529
-1.70528 0.207007
-1.69944 0.207349
-1.6936 0.209704
-1.68776 0.209498
-1.68192 0.212234
-1.67608 0.210193
-1.67024 0.212496
-1.6644 0.211846
-1.65856 0.207705
-1.65272 0.213647
-1.64688 0.211702
-1.64104 0.211833
-1.6352 0.209203
-1.62936 0.212196
-1.62352 0.212125
-1.61768 0.214965
-1.61184 0.21302
-1.606 0.216555
-1.60016 0.217424
-1.59432 0.218975
-1.58848 0.220523
-1.58264 0.225709
-1.5768 0.23016
-1.57096 0.226178
-1.56512 0.234224
-1.55928 0.235818
-1.55344 0.23614
-1.5476 0.235178
-1.54176 0.240811
-1.53592 0.248018
-1.53008 0.245128
-1.52424 0.250688
-1.5184 0.256465
-1.51256 0.256351
-1.50672 0.257191
-1.50088 0.262515
-1.49504 0.265553
-1.4892 0.267536
-1.48336 0.27287
-1.47752 0.273052
-1.47168 0.276859
-1.46584 0.277004
-1.46 0.280124
-1.45416 0.279272
-1.44832 0.283746
-1.44248 0.288148
-1.43664 0.289788
-1.4308 0.293592
-1.42496 0.295563
-1.41912 0.297157
-1.41328 0.304077
-1.40744 0.304146
-1.4016 0.306539
-1.39576 0.308389
-1.38992 0.312095
-1.38408 0.317015
-1.37824 0.316179
-1.3724 0.31948
-1.36656 0.32617
-1.36072 0.331511
-1.35488 0.330106
-1.34904 0.333007
-1.3432 0.337122
-1.33736 0.339668
-1.33152 0.342128
-1.32568 0.34602
-1.31984 0.351673
-1.314 0.35138
-1.30816 0.353984
-1.30232 0.357181
-1.29648 0.362219
-1.29064 0.363099
-1.2848 0.368029
-1.27896 0.367645
-1.27312 0.368689
-1.26728 0.372081
-1.26144 0.374175
-1.2556 0.376288
-1.24976 0.379093
-1.24392 0.379924
-1.23808 0.379733
-1.23224 0.381375
-1.2264 0.386612
-1.22056 0.38294
-1.21472 0.389552
-1.20888 0.389021
-1.20304 0.38922
-1.1972 0.390075
-1.19136 0.3974
-1.18552 0.397799
-1.17968 0.400637
-1.17384 0.401694
-1.168 0.406622
-1.16216 0.407979
-1.15632 0.408707
-1.15048 0.414343
-1.14464 0.418161
-1.1388 0.423671
-1.13296 0.419394
-1.12712 0.42547
-1.12128 0.428787
-1.11544 0.428249
-1.1096 0.427589
-1.10376 0.428909
-1.09792 0.433484
-1.09208 0.432267
-1.08624 0.437916
-1.0804 0.442668
-1.07456 0.440323
-1.06872 0.438362
-1.06288 0.442934
-1.05704 0.443125
-1.0512 0.443193
-1.04536 0.446231
-1.03952 0.444929
-1.03368 0.44392
-1.02784 0.444178
-1.022 0.443558
-1.01616 0.440332
-1.01032 0.438617
-1.00448 0.439732
-0.99864 0.438228
-0.9928 0.440415
-0.98696 0.440303
-0.98112 0.437804
-0.97528 0.440805
-0.96944 0.43717
-0.9636 0.436362
-0.95776 0.433321
-0.95192 0.433097
-0.94608 0.434507
-0.94024 0.430477
-0.9344 0.431961
-0.92856 0.436656
-0.92272 0.4353
-0.91688 0.432423
-0.91104 0.431386
-0.9052 0.432114
-0.89936 0.433098
-0.89352 0.432512
-0.88768 0.433171
-0.88184 0.433134
-0.876 0.431243
-0.87016 0.429952
-0.86432 0.432302
-0.85848 0.431815
-0.85264 0.431669
-0.8468 0.432527
-0.84096 0.429968
-0.83512 0.427233
-0.82928 0.427388
-0.82344 0.428548
-0.8176 0.426818
-0.81176 0.426059
-0.80592 0.426072
-0.80008 0.424997
-0.79424 0.423975
-0.7884 0.42422
-0.78256 0.423322
-0.77672 0.422422
-0.77088 0.423592
-0.76504 0.422731
-0.7592 0.422596
-0.75336 0.422756
-0.74752 0.422915
-0.74168 0.423656
-0.73584 0.423673
-0.73 0.424438
-0.72416 0.424991
-0.71832 0.424514
-0.71248 0.42571
-0.70664 0.428101
-0.7008 0.428624
-0.69496 0.42982
-0.68912 0.431871
-0.68328 0.433198
-0.67744 0.434217
-0.6716 0.436165
-0.66576 0.437354
-0.65992 0.439003
-0.65408 0.4382
-0.64824 0.439677
-0.6424 0.442534
-0.63656 0.443208
-0.63072 0.443409
-0.62488 0.443855
-0.61904 0.442566
-0.6132 0.442373
-0.60736 0.442259
-0.60152 0.442689
-0.59568 0.442689
-0.58984 0.442689
-0.584 0.442689
-0.57816 0.442689
-0.57232 0.442689
-0.56648 0.442689
-0.56064 0.442689
-0.5548 0.442689
-0.54896 0.442689
-0.54312 0.442689
-0.53728 0.442689
-0.53144 0.442689
-0.5256 0.442689
-0.51976 0.442689
-0.51392 0.442689
-0.50808 0.442689
-0.50224 0.442689
-0.4964 0.442689
-0.49056 0.442689
-0.48472 0.442689
-0.47888 0.442689
-0.47304 0.442689
-0.4672 0.442689
-0.46136 0.442689
-0.45552 0.442689
-0.44968 0.442689
-0.44384 0.442689
-0.438 0.442689
-0.43216 0.442689
-0.42632 0.442689
-0.42048 0.442689
-0.41464 0.442689
-0.4088 0.442689
-0.40296 0.442689
-0.39712 0.442689
-0.39128 0.442689
-0.38544 0.442689
-0.3796 0.442689
-0.37376 0.442689
-0.36792 0.442689
-0.36208 0.442689
-0.35624 0.442689
-0.3504 0.442689
-0.34456 0.442689
-0.33872 0.442689
-0.33288 0.442689
-0.32704 0.442689
-0.3212 0.442689
-0.31536 0.442689
-0.30952 0.442689
-0.30368 0.442689
-0.29784 0.442689
-0.292 0.442689
-0.28616 0.442689
-0.28032 0.442689
-0.27448 0.442689
-0.26864 0.442689
-0.2628 0.442689
-0.25696 0.442689
-0.25112 0.442689
-0.24528 0.442689
-0.23944 0.442689
-0.2336 0.442689
-0.22776 0.442689
-0.22192 0.442689
-0.21608 0.442689
-0.21024 0.442689
-0.2044 0.442689
-0.19856 0.442689
-0.19272 0.442689
-0.18688 0.442689
-0.18104 0.442689
-0.1752 0.442689
-0.16936 0.442689
-0.16352 0.442689
-0.15768 0.442689
-0.15184 0.442689
-0.146 0.442689
-0.14016 0.442689
-0.13432 0.442689
-0.12848 0.442689
-0.12264 0.442689
-0.1168 0.442689
-0.11096 0.442689
-0.10512 0.442689
-0.09928 0.442689
-0.09344 0.442689
-0.0876 0.442689
-0.08176 0.442689
-0.07592 0.442689
-0.07008 0.442689
-0.06424 0.442689
-0.0584 0.442689
-0.05256 0.442689
-0.04672 0.442689
-0.04088 0.442689
-0.03504 0.442689
-0.0292 0.442689
-0.02336 0.442689
-0.01752 0.442689
-0.01168 0.442689
-0.00584 0.442689
