-2.92 0.440161
-2.91416 0.440161
-2.90832 0.440161
-2.90248 0.440161
-2.89664 0.440161
-2.8908 0.440161
-2.88496 0.440161
-2.87912 0.440161
-2.87328 0.440161
-2.86744 0.440161
-2.8616 0.440161
-2.85576 0.440161
-2.84992 0.440161
-2.84408 0.440161
-2.83824 0.440161
-2.8324 0.440161
-2.82656 0.440161
-2.82072 0.440161
-2.81488 0.440161
-2.80904 0.440161
-2.8032 0.440161
-2.79736 0.440161
-2.79152 0.440161
-2.78568 0.440161
-2.77984 0.440161
-2.774 0.440161
-2.76816 0.440161
-2.76232 0.440161
-2.75648 0.440161
-2.75064 0.440161
-2.7448 0.440161
-2.73896 0.440161
-2.73312 0.440161
-2.72728 0.440161
-2.72144 0.440161
-2.7156 0.440161
-2.70976 0.440161
-2.70392 0.440161
-2.69808 0.440161
-2.69224 0.440161
-2.6864 0.440161
-2.68056 0.440161
-2.67472 0.440161
-2.66888 0.440161
-2.66304 0.440161
-2.6572 0.440161
-2.65136 0.440161
-2.64552 0.440161
-2.63968 0.440161
-2.63384 0.440161
-2.628 0.440161
-2.62216 0.440161
-2.61632 0.440161
-2.61048 0.440161
-2.60464 0.440161
-2.5988 0.440161
-2.59296 0.43963
-2.58712 0.438789
-2.58128 0.43786
-2.57544 0.436889
-2.5696 0.43574
-2.56376 0.43459
-2.55792 0.433309
-2.55208 0.432029
-2.54624 0.430792
-2.5404 0.429336
-2.53456 0.427834
-2.52872 0.426289
-2.52288 0.424745
-2.51704 0.423112
-2.5112 0.42139
-2.50536 0.419626
-2.49952 0.417904
-2.49368 0.416181
-2.48784 0.414415
-2.482 0.41269
-2.47616 0.410743
-2.47032 0.408754
-2.46448 0.406549
-2.45864 0.404592
-2.4528 0.402261
-2.44696 0.400221
-2.44112 0.398056
-2.43528 0.395679
-2.42944 0.39402
-2.4236 0.392104
-2.41776 0.389973
-2.41192 0.388014
-2.40608 0.385925
-2.40024 0.384168
-2.3944 0.382155
-2.38856 0.379898
-2.38272 0.378258
-2.37688 0.376409
-2.37104 0.374266
-2.3652 0.372039
-2.35936 0.369684
-2.35352 0.366947
-2.34768 0.365842
-2.34184 0.363111
-2.336 0.361676
-2.33016 0.358901
-2.32432 0.356875
-2.31848 0.356071
-2.31264 0.352791
-2.3068 0.350465
-2.30096 0.348365
-2.29512 0.345213
-2.28928 0.343601
-2.28344 0.343638
-2.2776 0.340688
-2.27176 0.339126
-2.26592 0.336424
-2.26008 0.333057
-2.25424 0.332409
-2.2484 0.329371
-2.24256 0.326837
-2.23672 0.324632
-2.23088 0.323701
-2.22504 0.31991
-2.2192 0.319803
-2.21336 0.316425
-2.20752 0.313313
-2.20168 0.31141
-2.19584 0.307231
-2.19 0.30574
-2.18416 0.302708
-2.17832 0.301382
-2.17248 0.298851
-2.16664 0.296721
-2.1608 0.292674
-2.15496 0.292325
-2.14912 0.287655
-2.14328 0.287279
-2.13744 0.283622
-2.1316 0.28191
-2.12576 0.27958
-2.11992 0.277928
-2.11408 0.276623
-2.10824 0.273077
-2.1024 0.274419
-2.09656 0.272016
-2.09072 0.270316
-2.08488 0.269601
-2.07904 0.264212
-2.0732 0.263956
-2.06736 0.264031
-2.06152 0.257841
-2.05568 0.259635
-2.04984 0.259042
-2.044 0.258135
-2.03816 0.25365
-2.03232 0.255594
-2.02648 0.253356
-2.02064 0.25133
-2.0148 0.251789
-2.00896 0.248895
-2.00312 0.24746
-1.99728 0.248866
-1.99144 0.242361
-1.9856 0.243981
-1.97976 0.245012
-1.97392 0.24371
-1.96808 0.24222
-1.96224 0.239944
-1.9564 0.23814
-1.95056 0.235947
-1.94472 0.236705
-1.93888 0.235918
-1.93304 0.232423
-1.9272 0.23155
-1.92136 0.230545
-1.91552 0.229314
-1.90968 0.225866
-1.90384 0.224069
-1.898 0.222376
-1.89216 0.22308
-1.88632 0.21916
-1.88048 0.216139
-1.87464 0.212311
-1.8688 0.21174
-1.86296 0.2077
-1.85712 0.208038
-1.85128 0.205493
-1.84544 0.205991
-1.8396 0.200294
-1.83376 0.199172
-1.82792 0.199314
-1.82208 0.200281
-1.81624 0.19601
-1.8104 0.192132
-1.80456 0.19166
-1.79872 0.187424
-1.79288 0.188419
-1.78704 0.184191
-1.7812 0.17946
-1.77536 0.182764
-1.76952 0.175576
-1.76368 0.175227
-1.75784 0.17738
-1.752 0.17624
-1.74616 0.174621
-1.74032 0.168128
-1.73448 0.170334
-1.72864 0.165719
-1.7228 0.162572
-1.71696 0.163482
-1.71112 0.161206
-1.70528 0.157154
-1.69944 0.154874
-1.6936 0.157257
-1.68776 0.151232
-1.68192 0.153221
-1.67608 0.151336
-1.67024 0.149346
-1.6644 0.147058
-1.65856 0.148943
-1.65272 0.149191
-1.64688 0.150237
-1.64104 0.147565
-1.6352 0.149022
-1.62936 0.152513
-1.62352 0.152867
-1.61768 0.154374
-1.61184 0.154064
-1.606 0.153536
-1.60016 0.159039
-1.59432 0.161363
-1.58848 0.159706
-1.58264 0.160418
-1.5768 0.162037
-1.57096 0.165175
-1.56512 0.161914
-1.55928 0.167311
-1.55344 0.167141
-1.5476 0.174793
-1.54176 0.178197
-1.53592 0.176359
-1.53008 0.17754
-1.52424 0.174535
-1.5184 0.17879
-1.51256 0.182634
-1.50672 0.182735
-1.50088 0.185752
-1.49504 0.184193
-1.4892 0.189972
-1.48336 0.195041
-1.47752 0.193285
-1.47168 0.19776
-1.46584 0.198763
-1.46 0.200186
-1.45416 0.202388
-1.44832 0.201968
-1.44248 0.209746
-1.43664 0.207408
-1.4308 0.211995
-1.42496 0.211109
-1.41912 0.212521
-1.41328 0.212818
-1.40744 0.21709
-1.4016 0.216841
-1.39576 0.216395
-1.38992 0.218831
-1.38408 0.216769
-1.37824 0.218399
-1.3724 0.220772
-1.36656 0.222955
-1.36072 0.220938
-1.35488 0.224584
-1.34904 0.22751
-1.3432 0.226097
-1.33736 0.231405
-1.33152 0.232472
-1.32568 0.234884
-1.31984 0.238057
-1.314 0.235582
-1.30816 0.238418
-1.30232 0.236856
-1.29648 0.237051
-1.29064 0.238013
-1.2848 0.239026
-1.27896 0.244845
-1.27312 0.245009
-1.26728 0.244807
-1.26144 0.243944
-1.2556 0.249826
-1.24976 0.251066
-1.24392 0.255093
-1.23808 0.252168
-1.23224 0.254465
-1.2264 0.257746
-1.22056 0.259426
-1.21472 0.26252
-1.20888 0.263568
-1.20304 0.267833
-1.1972 0.27073
-1.19136 0.273458
-1.18552 0.276785
-1.17968 0.277534
-1.17384 0.277642
-1.168 0.279929
-1.16216 0.28252
-1.15632 0.28379
-1.15048 0.285797
-1.14464 0.28633
-1.1388 0.291449
-1.13296 0.291906
-1.12712 0.294852
-1.12128 0.297305
-1.11544 0.301488
-1.1096 0.305789
-1.10376 0.305153
-1.09792 0.307307
-1.09208 0.310852
-1.08624 0.309091
-1.0804 0.313136
-1.07456 0.314417
-1.06872 0.316829
-1.06288 0.320495
-1.05704 0.326123
-1.0512 0.327068
-1.04536 0.330717
-1.03952 0.329668
-1.03368 0.335117
-1.02784 0.335365
-1.022 0.336552
-1.01616 0.341225
-1.01032 0.342271
-1.00448 0.345352
-0.99864 0.348972
-0.9928 0.350313
-0.98696 0.350265
-0.98112 0.354459
-0.97528 0.355894
-0.96944 0.357735
-0.9636 0.360372
-0.95776 0.362192
-0.95192 0.36456
-0.94608 0.363978
-0.94024 0.364572
-0.9344 0.367945
-0.92856 0.372116
-0.92272 0.37116
-0.91688 0.374435
-0.91104 0.378539
-0.9052 0.381033
-0.89936 0.38448
-0.89352 0.387268
-0.88768 0.390466
-0.88184 0.392404
-0.876 0.392871
-0.87016 0.396927
-0.86432 0.395571
-0.85848 0.397665
-0.85264 0.399382
-0.8468 0.403282
-0.84096 0.408493
-0.83512 0.41155
-0.82928 0.413279
-0.82344 0.41497
-0.8176 0.416508
-0.81176 0.419152
-0.80592 0.421796
-0.80008 0.422831
-0.79424 0.425562
-0.7884 0.426621
-0.78256 0.42834
-0.77672 0.431148
-0.77088 0.432772
-0.76504 0.434894
-0.7592 0.436513
-0.75336 0.43807
-0.74752 0.441429
-0.74168 0.442394
-0.73584 0.441215
-0.73 0.444013
-0.72416 0.440345
-0.71832 0.44076
-0.71248 0.441687
-0.70664 0.443156
-0.7008 0.443327
-0.69496 0.442571
-0.68912 0.443816
-0.68328 0.444046
-0.67744 0.445595
-0.6716 0.447215
-0.66576 0.448334
-0.65992 0.448352
-0.65408 0.448416
-0.64824 0.4476
-0.6424 0.447561
-0.63656 0.44905
-0.63072 0.449051
-0.62488 0.450356
-0.61904 0.452829
-0.6132 0.453372
-0.60736 0.453775
-0.60152 0.453499
-0.59568 0.453499
-0.58984 0.453499
-0.584 0.453499
-0.57816 0.453499
-0.57232 0.453499
-0.56648 0.453499
-0.56064 0.453499
-0.5548 0.453499
-0.54896 0.453499
-0.54312 0.453499
-0.53728 0.453499
-0.53144 0.453499
-0.5256 0.453499
-0.51976 0.453499
-0.51392 0.453499
-0.50808 0.453499
-0.50224 0.453499
-0.4964 0.453499
-0.49056 0.453499
-0.48472 0.453499
-0.47888 0.453499
-0.47304 0.453499
-0.4672 0.453499
-0.46136 0.453499
-0.45552 0.453499
-0.44968 0.453499
-0.44384 0.453499
-0.438 0.453499
-0.43216 0.453499
-0.42632 0.453499
-0.42048 0.453499
-0.41464 0.453499
-0.4088 0.453499
-0.40296 0.453499
-0.39712 0.453499
-0.39128 0.453499
-0.38544 0.453499
-0.3796 0.453499
-0.37376 0.453499
-0.36792 0.453499
-0.36208 0.453499
-0.35624 0.453499
-0.3504 0.453499
-0.34456 0.453499
-0.33872 0.453499
-0.33288 0.453499
-0.32704 0.453499
-0.3212 0.453499
-0.31536 0.453499
-0.30952 0.453499
-0.30368 0.453499
-0.29784 0.453499
-0.292 0.453499
-0.28616 0.453499
-0.28032 0.453499
-0.27448 0.453499
-0.26864 0.453499
-0.2628 0.453499
-0.25696 0.453499
-0.25112 0.453499
-0.24528 0.453499
-0.23944 0.453499
-0.2336 0.453499
-0.22776 0.453499
-0.22192 0.453499
-0.21608 0.453499
-0.21024 0.453499
-0.2044 0.453499
-0.19856 0.453499
-0.19272 0.453499
-0.18688 0.453499
-0.18104 0.453499
-0.1752 0.453499
-0.16936 0.453499
-0.16352 0.453499
-0.15768 0.453499
-0.15184 0.453499
-0.146 0.453499
-0.14016 0.453499
-0.13432 0.453499
-0.12848 0.453499
-0.12264 0.453499
-0.1168 0.453499
-0.11096 0.453499
-0.10512 0.453499
-0.09928 0.453499
-0.09344 0.453499
-0.0876 0.453499
-0.08176 0.453499
-0.07592 0.453499
-0.07008 0.453499
-0.06424 0.453499
-0.0584 0.453499
-0.05256 0.453499
-0.04672 0.453499
-0.04088 0.453499
-0.03504 0.453499
-0.0292 0.453499
-0.02336 0.453499
-0.01752 0.453499
-0.01168 0.453499
-0.00584 0.453499
