-2.92 0.533613
-2.91416 0.533613
-2.90832 0.533613
-2.90248 0.533613
-2.89664 0.533613
-2.8908 0.533613
-2.88496 0.533613
-2.87912 0.533613
-2.87328 0.533613
-2.86744 0.533613
-2.8616 0.533613
-2.85576 0.533613
-2.84992 0.533613
-2.84408 0.533613
-2.83824 0.533613
-2.8324 0.533613
-2.82656 0.533613
-2.82072 0.533613
-2.81488 0.533613
-2.80904 0.533613
-2.8032 0.533613
-2.79736 0.533613
-2.79152 0.533613
-2.78568 0.533613
-2.77984 0.533613
-2.774 0.533613
-2.76816 0.533613
-2.76232 0.533613
-2.75648 0.533613
-2.75064 0.533613
-2.7448 0.533613
-2.73896 0.533613
-2.73312 0.533613
-2.72728 0.533613
-2.72144 0.533613
-2.7156 0.533613
-2.70976 0.533613
-2.70392 0.533613
-2.69808 0.533613
-2.69224 0.533613
-2.6864 0.533613
-2.68056 0.533613
-2.67472 0.533613
-2.66888 0.533613
-2.66304 0.533613
-2.6572 0.533613
-2.65136 0.533613
-2.64552 0.533613
-2.63968 0.533613
-2.63384 0.533613
-2.628 0.533613
-2.62216 0.533613
-2.61632 0.533613
-2.61048 0.533613
-2.60464 0.533613
-2.5988 0.533613
-2.59296 0.532993
-2.58712 0.532238
-2.58128 0.531393
-2.57544 0.530415
-2.5696 0.529303
-2.56376 0.528143
-2.55792 0.526807
-2.55208 0.525427
-2.54624 0.524003
-2.5404 0.522356
-2.53456 0.520578
-2.52872 0.518669
-2.52288 0.516762
-2.51704 0.514682
-2.5112 0.512515
-2.50536 0.51022
-2.49952 0.508376
-2.49368 0.507361
-2.48784 0.505594
-2.482 0.504085
-2.47616 0.503592
-2.47032 0.501448
-2.46448 0.500371
-2.45864 0.498843
-2.4528 0.49719
-2.44696 0.495456
-2.44112 0.494505
-2.43528 0.493543
-2.42944 0.491555
-2.4236 0.491333
-2.41776 0.489879
-2.41192 0.488539
-2.40608 0.486703
-2.40024 0.485443
-2.3944 0.48562
-2.38856 0.484992
-2.38272 0.48174
-2.37688 0.481149
-2.37104 0.477238
-2.3652 0.477874
-2.35936 0.478172
-2.35352 0.475825
-2.34768 0.474898
-2.34184 0.472594
-2.336 0.473188
-2.33016 0.473067
-2.32432 0.468462
-2.31848 0.468061
-2.31264 0.468081
-2.3068 0.465132
-2.30096 0.4656
-2.29512 0.464503
-2.28928 0.46131
-2.28344 0.462056
-2.2776 0.457792
-2.27176 0.456385
-2.26592 0.456861
-2.26008 0.454491
-2.25424 0.451137
-2.2484 0.452398
-2.24256 0.448407
-2.23672 0.445885
-2.23088 0.442192
-2.22504 0.439283
-2.2192 0.433968
-2.21336 0.427353
-2.20752 0.427443
-2.20168 0.42212
-2.19584 0.416299
-2.19 0.413516
-2.18416 0.410566
-2.17832 0.404679
-2.17248 0.401673
-2.16664 0.396707
-2.1608 0.392995
-2.15496 0.391712
-2.14912 0.386363
-2.14328 0.379154
-2.13744 0.375587
-2.1316 0.372741
-2.12576 0.366811
-2.11992 0.364253
-2.11408 0.360078
-2.10824 0.355624
-2.1024 0.353325
-2.09656 0.348002
-2.09072 0.342446
-2.08488 0.337906
-2.07904 0.335092
-2.0732 0.331557
-2.06736 0.326172
-2.06152 0.320952
-2.05568 0.31744
-2.04984 0.313004
-2.044 0.308728
-2.03816 0.304268
-2.03232 0.301141
-2.02648 0.295062
-2.02064 0.291699
-2.0148 0.285946
-2.00896 0.282156
-2.00312 0.281114
-1.99728 0.278966
-1.99144 0.275155
-1.9856 0.27001
-1.97976 0.27011
-1.97392 0.267286
-1.96808 0.26565
-1.96224 0.264497
-1.9564 0.257565
-1.95056 0.260435
-1.94472 0.254918
-1.93888 0.255165
-1.93304 0.254372
-1.9272 0.250697
-1.92136 0.247767
-1.91552 0.243426
-1.90968 0.242169
-1.90384 0.241062
-1.898 0.240635
-1.89216 0.239113
-1.88632 0.238634
-1.88048 0.235593
-1.87464 0.236097
-1.8688 0.231982
-1.86296 0.23049
-1.85712 0.231726
-1.85128 0.22776
-1.84544 0.225886
-1.8396 0.225777
-1.83376 0.223924
-1.82792 0.223529
-1.82208 0.22383
-1.81624 0.21935
-1.8104 0.2228
-1.80456 0.220087
-1.79872 0.2197
-1.79288 0.219644
-1.78704 0.220389
-1.7812 0.218424
-1.77536 0.221832
-1.76952 0.223904
-1.76368 0.222344
-1.75784 0.219335
-1.752 0.219489
-1.74616 0.220884
-1.74032 0.219304
-1.73448 0.220046
-1.72864 0.220322
-1.7228 0.222197
-1.71696 0.221563
-1.71112 0.220421
-1.70528 0.22323
-1.69944 0.223371
-1.6936 0.222324
-1.68776 0.221968
-1.68192 0.224239
-1.67608 0.221201
-1.67024 0.223908
-1.6644 0.222301
-1.65856 0.221477
-1.65272 0.223865
-1.64688 0.221405
-1.64104 0.219655
-1.6352 0.222227
-1.62936 0.220971
-1.62352 0.221966
-1.61768 0.222414
-1.61184 0.223358
-1.606 0.230985
-1.60016 0.228701
-1.59432 0.231066
-1.58848 0.236055
-1.58264 0.235122
-1.5768 0.235902
-1.57096 0.237299
-1.56512 0.24233
-1.55928 0.241749
-1.55344 0.248483
-1.5476 0.251093
-1.54176 0.258568
-1.53592 0.256229
-1.53008 0.256406
-1.52424 0.258629
-1.5184 0.265206
-1.51256 0.271077
-1.50672 0.268026
-1.50088 0.273337
-1.49504 0.277075
-1.4892 0.27856
-1.48336 0.278388
-1.47752 0.280885
-1.47168 0.28411
-1.46584 0.284347
-1.46 0.286721
-1.45416 0.294139
-1.44832 0.297101
-1.44248 0.302575
-1.43664 0.30245
-1.4308 0.30589
-1.42496 0.307335
-1.41912 0.307784
-1.41328 0.314628
-1.40744 0.313972
-1.4016 0.320056
-1.39576 0.32011
-1.38992 0.324977
-1.38408 0.332967
-1.37824 0.327952
-1.3724 0.333506
-1.36656 0.331019
-1.36072 0.331085
-1.35488 0.336028
-1.34904 0.338157
-1.3432 0.338313
-1.33736 0.345371
-1.33152 0.355758
-1.32568 0.354683
-1.31984 0.353507
-1.314 0.358281
-1.30816 0.358613
-1.30232 0.364355
-1.29648 0.365327
-1.29064 0.369463
-1.2848 0.37308
-1.27896 0.374636
-1.27312 0.374334
-1.26728 0.378419
-1.26144 0.380746
-1.2556 0.380747
-1.24976 0.382855
-1.24392 0.388029
-1.23808 0.387036
-1.23224 0.393656
-1.2264 0.394519
-1.22056 0.396338
-1.21472 0.402116
-1.20888 0.402622
-1.20304 0.405639
-1.1972 0.409097
-1.19136 0.408552
-1.18552 0.410644
-1.17968 0.411861
-1.17384 0.414604
-1.168 0.422831
-1.16216 0.42333
-1.15632 0.42295
-1.15048 0.425636
-1.14464 0.425103
-1.1388 0.425461
-1.13296 0.426251
-1.12712 0.430488
-1.12128 0.43076
-1.11544 0.434279
-1.1096 0.438057
-1.10376 0.441452
-1.09792 0.440787
-1.09208 0.44019
-1.08624 0.440021
-1.0804 0.444604
-1.07456 0.448619
-1.06872 0.44475
-1.06288 0.446723
-1.05704 0.451278
-1.0512 0.45011
-1.04536 0.445211
-1.03952 0.447019
-1.03368 0.445526
-1.02784 0.44498
-1.022 0.441509
-1.01616 0.446061
-1.01032 0.444885
-1.00448 0.446609
-0.99864 0.441335
-0.9928 0.441602
-0.98696 0.437529
-0.98112 0.437666
-0.97528 0.441978
-0.96944 0.438191
-0.9636 0.437181
-0.95776 0.436484
-0.95192 0.438748
-0.94608 0.440581
-0.94024 0.433554
-0.9344 0.43447
-0.92856 0.43096
-0.92272 0.430122
-0.91688 0.429904
-0.91104 0.427452
-0.9052 0.426221
-0.89936 0.429953
-0.89352 0.430887
-0.88768 0.428575
-0.88184 0.429114
-0.876 0.430577
-0.87016 0.427343
-0.86432 0.429985
-0.85848 0.427931
-0.85264 0.428518
-0.8468 0.427333
-0.84096 0.426184
-0.83512 0.426629
-0.82928 0.423737
-0.82344 0.423063
-0.8176 0.421699
-0.81176 0.423089
-0.80592 0.421798
-0.80008 0.421045
-0.79424 0.421059
-0.7884 0.420813
-0.78256 0.422393
-0.77672 0.422397
-0.77088 0.421907
-0.76504 0.422298
-0.7592 0.422969
-0.75336 0.42272
-0.74752 0.42212
-0.74168 0.42211
-0.73584 0.423365
-0.73 0.424091
-0.72416 0.426432
-0.71832 0.4261
-0.71248 0.427128
-0.70664 0.42793
-0.7008 0.427689
-0.69496 0.428902
-0.68912 0.430155
-0.68328 0.431245
-0.67744 0.43556
-0.6716 0.437153
-0.66576 0.438115
-0.65992 0.439706
-0.65408 0.439029
-0.64824 0.44107
-0.6424 0.44389
-0.63656 0.444661
-0.63072 0.444879
-0.62488 0.445131
-0.61904 0.445746
-0.6132 0.444513
-0.60736 0.44374
-0.60152 0.444264
-0.59568 0.444264
-0.58984 0.444264
-0.584 0.444264
-0.57816 0.444264
-0.57232 0.444264
-0.56648 0.444264
-0.56064 0.444264
-0.5548 0.444264
-0.54896 0.444264
-0.54312 0.444264
-0.53728 0.444264
-0.53144 0.444264
-0.5256 0.444264
-0.51976 0.444264
-0.51392 0.444264
-0.50808 0.444264
-0.50224 0.444264
-0.4964 0.444264
-0.49056 0.444264
-0.48472 0.444264
-0.47888 0.444264
-0.47304 0.444264
-0.4672 0.444264
-0.46136 0.444264
-0.45552 0.444264
-0.44968 0.444264
-0.44384 0.444264
-0.438 0.444264
-0.43216 0.444264
-0.42632 0.444264
-0.42048 0.444264
-0.41464 0.444264
-0.4088 0.444264
-0.40296 0.444264
-0.39712 0.444264
-0.39128 0.444264
-0.38544 0.444264
-0.3796 0.444264
-0.37376 0.444264
-0.36792 0.444264
-0.36208 0.444264
-0.35624 0.444264
-0.3504 0.444264
-0.34456 0.444264
-0.33872 0.444264
-0.33288 0.444264
-0.32704 0.444264
-0.3212 0.444264
-0.31536 0.444264
-0.30952 0.444264
-0.30368 0.444264
-0.29784 0.444264
-0.292 0.444264
-0.28616 0.444264
-0.28032 0.444264
-0.27448 0.444264
-0.26864 0.444264
-0.2628 0.444264
-0.25696 0.444264
-0.25112 0.444264
-0.24528 0.444264
-0.23944 0.444264
-0.2336 0.444264
-0.22776 0.444264
-0.22192 0.444264
-0.21608 0.444264
-0.21024 0.444264
-0.2044 0.444264
-0.19856 0.444264
-0.19272 0.444264
-0.18688 0.444264
-0.18104 0.444264
-0.1752 0.444264
-0.16936 0.444264
-0.16352 0.444264
-0.15768 0.444264
-0.15184 0.444264
-0.146 0.444264
-0.14016 0.444264
-0.13432 0.444264
-0.12848 0.444264
-0.12264 0.444264
-0.1168 0.444264
-0.11096 0.444264
-0.10512 0.444264
-0.09928 0.444264
-0.09344 0.444264
-0.0876 0.444264
-0.08176 0.444264
-0.07592 0.444264
-0.07008 0.444264
-0.06424 0.444264
-0.0584 0.444264
-0.05256 0.444264
-0.04672 0.444264
-0.04088 0.444264
-0.03504 0.444264
-0.0292 0.444264
-0.02336 0.444264
-0.01752 0.444264
-0.01168 0.444264
-0.00584 0.444264
