-2.92 0.427002
-2.91416 0.427002
-2.90832 0.427002
-2.90248 0.427002
-2.89664 0.427002
-2.8908 0.427002
-2.88496 0.427002
-2.87912 0.427002
-2.87328 0.427002
-2.86744 0.427002
-2.8616 0.427002
-2.85576 0.427002
-2.84992 0.427002
-2.84408 0.427002
-2.83824 0.427002
-2.8324 0.427002
-2.82656 0.427002
-2.82072 0.427002
-2.81488 0.427002
-2.80904 0.427002
-2.8032 0.427002
-2.79736 0.427002
-2.79152 0.427002
-2.78568 0.427002
-2.77984 0.427002
-2.774 0.427002
-2.76816 0.427002
-2.76232 0.427002
-2.75648 0.427002
-2.75064 0.427002
-2.7448 0.427002
-2.73896 0.427002
-2.73312 0.427002
-2.72728 0.427002
-2.72144 0.427002
-2.7156 0.427002
-2.70976 0.427002
-2.70392 0.427002
-2.69808 0.427002
-2.69224 0.427002
-2.6864 0.427002
-2.68056 0.427002
-2.67472 0.427002
-2.66888 0.427002
-2.66304 0.427002
-2.6572 0.427002
-2.65136 0.427002
-2.64552 0.427002
-2.63968 0.427002
-2.63384 0.427002
-2.628 0.427002
-2.62216 0.427002
-2.61632 0.427002
-2.61048 0.427002
-2.60464 0.427002
-2.5988 0.427002
-2.59296 0.426691
-2.58712 0.426162
-2.58128 0.425543
-2.57544 0.424791
-2.5696 0.423908
-2.56376 0.422807
-2.55792 0.421616
-2.55208 0.420425
-2.54624 0.419189
-2.5404 0.417776
-2.53456 0.416276
-2.52872 0.414731
-2.52288 0.413143
-2.51704 0.411555
-2.5112 0.409878
-2.50536 0.408112
-2.49952 0.406425
-2.49368 0.404734
-2.48784 0.403124
-2.482 0.401357
-2.47616 0.399826
-2.47032 0.397959
-2.46448 0.396548
-2.45864 0.394595
-2.4528 0.393345
-2.44696 0.391346
-2.44112 0.390008
-2.43528 0.388629
-2.42944 0.387755
-2.4236 0.385293
-2.41776 0.385003
-2.41192 0.383453
-2.40608 0.382692
-2.40024 0.382392
-2.3944 0.380009
-2.38856 0.38008
-2.38272 0.380908
-2.37688 0.378264
-2.37104 0.378137
-2.3652 0.378297
-2.35936 0.37711
-2.35352 0.377401
-2.34768 0.378307
-2.34184 0.377509
-2.336 0.378795
-2.33016 0.377588
-2.32432 0.376526
-2.31848 0.375506
-2.31264 0.375123
-2.3068 0.375616
-2.30096 0.375562
-2.29512 0.375392
-2.28928 0.376553
-2.28344 0.377001
-2.2776 0.376525
-2.27176 0.375506
-2.26592 0.37474
-2.26008 0.374819
-2.25424 0.375363
-2.2484 0.375722
-2.24256 0.377224
-2.23672 0.376125
-2.23088 0.374999
-2.22504 0.376509
-2.2192 0.374784
-2.21336 0.375515
-2.20752 0.376699
-2.20168 0.374533
-2.19584 0.376522
-2.19 0.374541
-2.18416 0.372309
-2.17832 0.376871
-2.17248 0.373625
-2.16664 0.371652
-2.1608 0.375094
-2.15496 0.374041
-2.14912 0.373711
-2.14328 0.371274
-2.13744 0.374142
-2.1316 0.373105
-2.12576 0.371442
-2.11992 0.372187
-2.11408 0.372706
-2.10824 0.372099
-2.1024 0.373602
-2.09656 0.369225
-2.09072 0.369993
-2.08488 0.370116
-2.07904 0.369406
-2.0732 0.369463
-2.06736 0.368005
-2.06152 0.368163
-2.05568 0.368784
-2.04984 0.365231
-2.044 0.367041
-2.03816 0.366474
-2.03232 0.367746
-2.02648 0.365593
-2.02064 0.360672
-2.0148 0.358658
-2.00896 0.360719
-2.00312 0.358877
-1.99728 0.355795
-1.99144 0.355763
-1.9856 0.358575
-1.97976 0.355241
-1.97392 0.352698
-1.96808 0.352991
-1.96224 0.351425
-1.9564 0.352858
-1.95056 0.349752
-1.94472 0.350051
-1.93888 0.350786
-1.93304 0.343792
-1.9272 0.343738
-1.92136 0.339557
-1.91552 0.3369
-1.90968 0.335396
-1.90384 0.330132
-1.898 0.328724
-1.89216 0.326945
-1.88632 0.327368
-1.88048 0.315885
-1.87464 0.317769
-1.8688 0.316617
-1.86296 0.316421
-1.85712 0.311071
-1.85128 0.306883
-1.84544 0.304942
-1.8396 0.299313
-1.83376 0.296926
-1.82792 0.292309
-1.82208 0.288757
-1.81624 0.285429
-1.8104 0.281185
-1.80456 0.277412
-1.79872 0.273767
-1.79288 0.272674
-1.78704 0.26702
-1.7812 0.265237
-1.77536 0.261664
-1.76952 0.256555
-1.76368 0.252145
-1.75784 0.252045
-1.752 0.247781
-1.74616 0.244123
-1.74032 0.239803
-1.73448 0.239749
-1.72864 0.23309
-1.7228 0.232288
-1.71696 0.225476
-1.71112 0.221352
-1.70528 0.217796
-1.69944 0.213263
-1.6936 0.212732
-1.68776 0.205862
-1.68192 0.203656
-1.67608 0.200334
-1.67024 0.196821
-1.6644 0.191493
-1.65856 0.192583
-1.65272 0.191048
-1.64688 0.188031
-1.64104 0.185107
-1.6352 0.18515
-1.62936 0.185914
-1.62352 0.185059
-1.61768 0.185839
-1.61184 0.181052
-1.606 0.177418
-1.60016 0.178296
-1.59432 0.178737
-1.58848 0.179006
-1.58264 0.17582
-1.5768 0.178029
-1.57096 0.1789
-1.56512 0.177232
-1.55928 0.173571
-1.55344 0.175118
-1.5476 0.181015
-1.54176 0.177119
-1.53592 0.18079
-1.53008 0.179895
-1.52424 0.177576
-1.5184 0.176468
-1.51256 0.175027
-1.50672 0.177159
-1.50088 0.177453
-1.49504 0.180185
-1.4892 0.177944
-1.48336 0.17926
-1.47752 0.179613
-1.47168 0.18118
-1.46584 0.177949
-1.46 0.180761
-1.45416 0.181467
-1.44832 0.182157
-1.44248 0.180699
-1.43664 0.177688
-1.4308 0.181248
-1.42496 0.185527
-1.41912 0.183235
-1.41328 0.181734
-1.40744 0.182906
-1.4016 0.180578
-1.39576 0.180684
-1.38992 0.180797
-1.38408 0.178083
-1.37824 0.177717
-1.3724 0.178703
-1.36656 0.178237
-1.36072 0.177328
-1.35488 0.181577
-1.34904 0.179335
-1.3432 0.180675
-1.33736 0.181809
-1.33152 0.180759
-1.32568 0.185734
-1.31984 0.186113
-1.314 0.182006
-1.30816 0.186024
-1.30232 0.183338
-1.29648 0.182068
-1.29064 0.184605
-1.2848 0.18391
-1.27896 0.188499
-1.27312 0.189736
-1.26728 0.189139
-1.26144 0.189496
-1.2556 0.189243
-1.24976 0.189748
-1.24392 0.191033
-1.23808 0.191138
-1.23224 0.191479
-1.2264 0.192638
-1.22056 0.195122
-1.21472 0.199414
-1.20888 0.20184
-1.20304 0.205683
-1.1972 0.204853
-1.19136 0.20888
-1.18552 0.214969
-1.17968 0.215265
-1.17384 0.2187
-1.168 0.216807
-1.16216 0.219201
-1.15632 0.220626
-1.15048 0.223979
-1.14464 0.223723
-1.1388 0.230413
-1.13296 0.231631
-1.12712 0.235715
-1.12128 0.237079
-1.11544 0.240925
-1.1096 0.244091
-1.10376 0.247487
-1.09792 0.250172
-1.09208 0.254732
-1.08624 0.251125
-1.0804 0.25386
-1.07456 0.255856
-1.06872 0.260095
-1.06288 0.261192
-1.05704 0.268626
-1.0512 0.269702
-1.04536 0.273137
-1.03952 0.277219
-1.03368 0.27951
-1.02784 0.279407
-1.022 0.282506
-1.01616 0.285569
-1.01032 0.288544
-1.00448 0.289623
-0.99864 0.291618
-0.9928 0.294174
-0.98696 0.29846
-0.98112 0.299611
-0.97528 0.301732
-0.96944 0.306238
-0.9636 0.306669
-0.95776 0.307666
-0.95192 0.309807
-0.94608 0.308352
-0.94024 0.310684
-0.9344 0.31243
-0.92856 0.313975
-0.92272 0.316269
-0.91688 0.31996
-0.91104 0.322255
-0.9052 0.323749
-0.89936 0.326981
-0.89352 0.32918
-0.88768 0.333886
-0.88184 0.336056
-0.876 0.334226
-0.87016 0.339722
-0.86432 0.33896
-0.85848 0.339983
-0.85264 0.342209
-0.8468 0.3439
-0.84096 0.350606
-0.83512 0.351501
-0.82928 0.352614
-0.82344 0.356298
-0.8176 0.357315
-0.81176 0.359142
-0.80592 0.361501
-0.80008 0.36244
-0.79424 0.363237
-0.7884 0.364552
-0.78256 0.36725
-0.77672 0.368724
-0.77088 0.369689
-0.76504 0.372482
-0.7592 0.372177
-0.75336 0.374702
-0.74752 0.377317
-0.74168 0.377893
-0.73584 0.375523
-0.73 0.37648
-0.72416 0.373597
-0.71832 0.374014
-0.71248 0.373366
-0.70664 0.373345
-0.7008 0.373455
-0.69496 0.37276
-0.68912 0.374429
-0.68328 0.372891
-0.67744 0.374719
-0.6716 0.376213
-0.66576 0.376726
-0.65992 0.376898
-0.65408 0.376794
-0.64824 0.37584
-0.6424 0.375501
-0.63656 0.376466
-0.63072 0.376411
-0.62488 0.377368
-0.61904 0.379414
-0.6132 0.379983
-0.60736 0.380255
-0.60152 0.380017
-0.59568 0.380017
-0.58984 0.380017
-0.584 0.380017
-0.57816 0.380017
-0.57232 0.380017
-0.56648 0.380017
-0.56064 0.380017
-0.5548 0.380017
-0.54896 0.380017
-0.54312 0.380017
-0.53728 0.380017
-0.53144 0.380017
-0.5256 0.380017
-0.51976 0.380017
-0.51392 0.380017
-0.50808 0.380017
-0.50224 0.380017
-0.4964 0.380017
-0.49056 0.380017
-0.48472 0.380017
-0.47888 0.380017
-0.47304 0.380017
-0.4672 0.380017
-0.46136 0.380017
-0.45552 0.380017
-0.44968 0.380017
-0.44384 0.380017
-0.438 0.380017
-0.43216 0.380017
-0.42632 0.380017
-0.42048 0.380017
-0.41464 0.380017
-0.4088 0.380017
-0.40296 0.380017
-0.39712 0.380017
-0.39128 0.380017
-0.38544 0.380017
-0.3796 0.380017
-0.37376 0.380017
-0.36792 0.380017
-0.36208 0.380017
-0.35624 0.380017
-0.3504 0.380017
-0.34456 0.380017
-0.33872 0.380017
-0.33288 0.380017
-0.32704 0.380017
-0.3212 0.380017
-0.31536 0.380017
-0.30952 0.380017
-0.30368 0.380017
-0.29784 0.380017
-0.292 0.380017
-0.28616 0.380017
-0.28032 0.380017
-0.27448 0.380017
-0.26864 0.380017
-0.2628 0.380017
-0.25696 0.380017
-0.25112 0.380017
-0.24528 0.380017
-0.23944 0.380017
-0.2336 0.380017
-0.22776 0.380017
-0.22192 0.380017
-0.21608 0.380017
-0.21024 0.380017
-0.2044 0.380017
-0.19856 0.380017
-0.19272 0.380017
-0.18688 0.380017
-0.18104 0.380017
-0.1752 0.380017
-0.16936 0.380017
-0.16352 0.380017
-0.15768 0.380017
-0.15184 0.380017
-0.146 0.380017
-0.14016 0.380017
-0.13432 0.380017
-0.12848 0.380017
-0.12264 0.380017
-0.1168 0.380017
-0.11096 0.380017
-0.10512 0.380017
-0.09928 0.380017
-0.09344 0.380017
-0.0876 0.380017
-0.08176 0.380017
-0.07592 0.380017
-0.07008 0.380017
-0.06424 0.380017
-0.0584 0.380017
-0.05256 0.380017
-0.04672 0.380017
-0.04088 0.380017
-0.03504 0.380017
-0.0292 0.380017
-0.02336 0.380017
-0.01752 0.380017
-0.01168 0.380017
-0.00584 0.380017
