-2.92 0.421487
-2.91416 0.421487
-2.90832 0.421487
-2.90248 0.421487
-2.89664 0.421487
-2.8908 0.421487
-2.88496 0.421487
-2.87912 0.421487
-2.87328 0.421487
-2.86744 0.421487
-2.8616 0.421487
-2.85576 0.421487
-2.84992 0.421487
-2.84408 0.421487
-2.83824 0.421487
-2.8324 0.421487
-2.82656 0.421487
-2.82072 0.421487
-2.81488 0.421487
-2.80904 0.421487
-2.8032 0.421487
-2.79736 0.421487
-2.79152 0.421487
-2.78568 0.421487
-2.77984 0.421487
-2.774 0.421487
-2.76816 0.421487
-2.76232 0.421487
-2.75648 0.421487
-2.75064 0.421487
-2.7448 0.421487
-2.73896 0.421487
-2.73312 0.421487
-2.72728 0.421487
-2.72144 0.421487
-2.7156 0.421487
-2.70976 0.421487
-2.70392 0.421487
-2.69808 0.421487
-2.69224 0.421487
-2.6864 0.421487
-2.68056 0.421487
-2.67472 0.421487
-2.66888 0.421487
-2.66304 0.421487
-2.6572 0.421487
-2.65136 0.421487
-2.64552 0.421487
-2.63968 0.421487
-2.63384 0.421487
-2.628 0.421487
-2.62216 0.421487
-2.61632 0.421487
-2.61048 0.421487
-2.60464 0.421487
-2.5988 0.421487
-2.59296 0.421041
-2.58712 0.420421
-2.58128 0.419712
-2.57544 0.418872
-2.5696 0.417941
-2.56376 0.416923
-2.55792 0.415857
-2.55208 0.414705
-2.54624 0.413552
-2.5404 0.412263
-2.53456 0.41093
-2.52872 0.409554
-2.52288 0.408221
-2.51704 0.406887
-2.5112 0.405423
-2.50536 0.403871
-2.49952 0.402363
-2.49368 0.400767
-2.48784 0.399386
-2.482 0.397872
-2.47616 0.396262
-2.47032 0.394604
-2.46448 0.393439
-2.45864 0.39094
-2.4528 0.390024
-2.44696 0.387607
-2.44112 0.385893
-2.43528 0.38372
-2.42944 0.382927
-2.4236 0.380293
-2.41776 0.380204
-2.41192 0.37749
-2.40608 0.375645
-2.40024 0.374679
-2.3944 0.371374
-2.38856 0.371116
-2.38272 0.369021
-2.37688 0.366212
-2.37104 0.365075
-2.3652 0.363393
-2.35936 0.362214
-2.35352 0.360825
-2.34768 0.3578
-2.34184 0.355943
-2.336 0.354842
-2.33016 0.35232
-2.32432 0.351466
-2.31848 0.349692
-2.31264 0.348126
-2.3068 0.346228
-2.30096 0.342654
-2.29512 0.342097
-2.28928 0.340326
-2.28344 0.340057
-2.2776 0.33869
-2.27176 0.336546
-2.26592 0.336495
-2.26008 0.33346
-2.25424 0.332897
-2.2484 0.334011
-2.24256 0.331019
-2.23672 0.330583
-2.23088 0.330941
-2.22504 0.331929
-2.2192 0.328142
-2.21336 0.329247
-2.20752 0.328915
-2.20168 0.327429
-2.19584 0.324517
-2.19 0.324553
-2.18416 0.324665
-2.17832 0.323653
-2.17248 0.324942
-2.16664 0.319296
-2.1608 0.32197
-2.15496 0.318811
-2.14912 0.317414
-2.14328 0.317731
-2.13744 0.315704
-2.1316 0.315931
-2.12576 0.315381
-2.11992 0.31488
-2.11408 0.313143
-2.10824 0.314225
-2.1024 0.31135
-2.09656 0.3116
-2.09072 0.310286
-2.08488 0.311712
-2.07904 0.31014
-2.0732 0.308318
-2.06736 0.306223
-2.06152 0.309154
-2.05568 0.30461
-2.04984 0.306977
-2.044 0.306697
-2.03816 0.304283
-2.03232 0.302996
-2.02648 0.303878
-2.02064 0.302013
-2.0148 0.302126
-2.00896 0.301445
-2.00312 0.304754
-1.99728 0.300733
-1.99144 0.303251
-1.9856 0.301653
-1.97976 0.301284
-1.97392 0.300502
-1.96808 0.301682
-1.96224 0.300705
-1.9564 0.299401
-1.95056 0.300678
-1.94472 0.297611
-1.93888 0.298072
-1.93304 0.295763
-1.9272 0.29538
-1.92136 0.294949
-1.91552 0.292191
-1.90968 0.291943
-1.90384 0.291541
-1.898 0.287364
-1.89216 0.286861
-1.88632 0.286507
-1.88048 0.28258
-1.87464 0.281873
-1.8688 0.280972
-1.86296 0.274078
-1.85712 0.276082
-1.85128 0.277682
-1.84544 0.271511
-1.8396 0.269813
-1.83376 0.268614
-1.82792 0.26691
-1.82208 0.26111
-1.81624 0.257957
-1.8104 0.25893
-1.80456 0.256252
-1.79872 0.252518
-1.79288 0.253907
-1.78704 0.246915
-1.7812 0.245142
-1.77536 0.242144
-1.76952 0.240331
-1.76368 0.23609
-1.75784 0.235351
-1.752 0.23348
-1.74616 0.226272
-1.74032 0.22673
-1.73448 0.220907
-1.72864 0.219671
-1.7228 0.215504
-1.71696 0.215358
-1.71112 0.208495
-1.70528 0.2078
-1.69944 0.203965
-1.6936 0.203618
-1.68776 0.200822
-1.68192 0.19624
-1.67608 0.190114
-1.67024 0.19333
-1.6644 0.189548
-1.65856 0.186513
-1.65272 0.186343
-1.64688 0.184691
-1.64104 0.18253
-1.6352 0.184298
-1.62936 0.183253
-1.62352 0.183717
-1.61768 0.180315
-1.61184 0.185147
-1.606 0.184299
-1.60016 0.178451
-1.59432 0.181691
-1.58848 0.177086
-1.58264 0.17981
-1.5768 0.180571
-1.57096 0.175765
-1.56512 0.178507
-1.55928 0.179924
-1.55344 0.181028
-1.5476 0.181782
-1.54176 0.181855
-1.53592 0.182257
-1.53008 0.183656
-1.52424 0.183668
-1.5184 0.181894
-1.51256 0.179799
-1.50672 0.182576
-1.50088 0.18154
-1.49504 0.186153
-1.4892 0.187952
-1.48336 0.187496
-1.47752 0.18717
-1.47168 0.189403
-1.46584 0.185989
-1.46 0.190845
-1.45416 0.189972
-1.44832 0.188557
-1.44248 0.193301
-1.43664 0.191581
-1.4308 0.19341
-1.42496 0.189623
-1.41912 0.19297
-1.41328 0.195528
-1.40744 0.192585
-1.4016 0.189191
-1.39576 0.193152
-1.38992 0.196682
-1.38408 0.1872
-1.37824 0.193036
-1.3724 0.191796
-1.36656 0.195713
-1.36072 0.192284
-1.35488 0.193499
-1.34904 0.192602
-1.3432 0.194951
-1.33736 0.196211
-1.33152 0.198067
-1.32568 0.202368
-1.31984 0.200778
-1.314 0.200422
-1.30816 0.198156
-1.30232 0.200215
-1.29648 0.204222
-1.29064 0.200848
-1.2848 0.203186
-1.27896 0.206008
-1.27312 0.205388
-1.26728 0.207572
-1.26144 0.206716
-1.2556 0.208625
-1.24976 0.20839
-1.24392 0.215001
-1.23808 0.210022
-1.23224 0.212862
-1.2264 0.21631
-1.22056 0.221454
-1.21472 0.218798
-1.20888 0.225734
-1.20304 0.225723
-1.1972 0.229847
-1.19136 0.237018
-1.18552 0.236593
-1.17968 0.239303
-1.17384 0.24096
-1.168 0.243247
-1.16216 0.242781
-1.15632 0.244849
-1.15048 0.248663
-1.14464 0.249742
-1.1388 0.25063
-1.13296 0.254904
-1.12712 0.260801
-1.12128 0.261695
-1.11544 0.265318
-1.1096 0.269226
-1.10376 0.273447
-1.09792 0.276381
-1.09208 0.279191
-1.08624 0.278477
-1.0804 0.27941
-1.07456 0.283613
-1.06872 0.28323
-1.06288 0.287977
-1.05704 0.295865
-1.0512 0.297753
-1.04536 0.298628
-1.03952 0.301106
-1.03368 0.304395
-1.02784 0.306416
-1.022 0.309881
-1.01616 0.311607
-1.01032 0.312749
-1.00448 0.318784
-0.99864 0.320224
-0.9928 0.322705
-0.98696 0.323383
-0.98112 0.327577
-0.97528 0.330385
-0.96944 0.331041
-0.9636 0.332764
-0.95776 0.336584
-0.95192 0.339867
-0.94608 0.334777
-0.94024 0.339298
-0.9344 0.342908
-0.92856 0.344171
-0.92272 0.346307
-0.91688 0.348313
-0.91104 0.348841
-0.9052 0.353095
-0.89936 0.356521
-0.89352 0.359397
-0.88768 0.364014
-0.88184 0.364001
-0.876 0.365178
-0.87016 0.365736
-0.86432 0.367082
-0.85848 0.370599
-0.85264 0.372442
-0.8468 0.374738
-0.84096 0.379256
-0.83512 0.381383
-0.82928 0.382495
-0.82344 0.384406
-0.8176 0.386997
-0.81176 0.388533
-0.80592 0.392516
-0.80008 0.391514
-0.79424 0.393427
-0.7884 0.395456
-0.78256 0.397569
-0.77672 0.398338
-0.77088 0.400617
-0.76504 0.401757
-0.7592 0.403455
-0.75336 0.406186
-0.74752 0.406738
-0.74168 0.408086
-0.73584 0.407165
-0.73 0.40693
-0.72416 0.403882
-0.71832 0.404796
-0.71248 0.404569
-0.70664 0.404472
-0.7008 0.405186
-0.69496 0.40445
-0.68912 0.406075
-0.68328 0.404832
-0.67744 0.406831
-0.6716 0.408327
-0.66576 0.409099
-0.65992 0.40881
-0.65408 0.409124
-0.64824 0.408644
-0.6424 0.407842
-0.63656 0.409188
-0.63072 0.40902
-0.62488 0.410061
-0.61904 0.412115
-0.6132 0.412517
-0.60736 0.412744
-0.60152 0.412419
-0.59568 0.412419
-0.58984 0.412419
-0.584 0.412419
-0.57816 0.412419
-0.57232 0.412419
-0.56648 0.412419
-0.56064 0.412419
-0.5548 0.412419
-0.54896 0.412419
-0.54312 0.412419
-0.53728 0.412419
-0.53144 0.412419
-0.5256 0.412419
-0.51976 0.412419
-0.51392 0.412419
-0.50808 0.412419
-0.50224 0.412419
-0.4964 0.412419
-0.49056 0.412419
-0.48472 0.412419
-0.47888 0.412419
-0.47304 0.412419
-0.4672 0.412419
-0.46136 0.412419
-0.45552 0.412419
-0.44968 0.412419
-0.44384 0.412419
-0.438 0.412419
-0.43216 0.412419
-0.42632 0.412419
-0.42048 0.412419
-0.41464 0.412419
-0.4088 0.412419
-0.40296 0.412419
-0.39712 0.412419
-0.39128 0.412419
-0.38544 0.412419
-0.3796 0.412419
-0.37376 0.412419
-0.36792 0.412419
-0.36208 0.412419
-0.35624 0.412419
-0.3504 0.412419
-0.34456 0.412419
-0.33872 0.412419
-0.33288 0.412419
-0.32704 0.412419
-0.3212 0.412419
-0.31536 0.412419
-0.30952 0.412419
-0.30368 0.412419
-0.29784 0.412419
-0.292 0.412419
-0.28616 0.412419
-0.28032 0.412419
-0.27448 0.412419
-0.26864 0.412419
-0.2628 0.412419
-0.25696 0.412419
-0.25112 0.412419
-0.24528 0.412419
-0.23944 0.412419
-0.2336 0.412419
-0.22776 0.412419
-0.22192 0.412419
-0.21608 0.412419
-0.21024 0.412419
-0.2044 0.412419
-0.19856 0.412419
-0.19272 0.412419
-0.18688 0.412419
-0.18104 0.412419
-0.1752 0.412419
-0.16936 0.412419
-0.16352 0.412419
-0.15768 0.412419
-0.15184 0.412419
-0.146 0.412419
-0.14016 0.412419
-0.13432 0.412419
-0.12848 0.412419
-0.12264 0.412419
-0.1168 0.412419
-0.11096 0.412419
-0.10512 0.412419
-0.09928 0.412419
-0.09344 0.412419
-0.0876 0.412419
-0.08176 0.412419
-0.07592 0.412419
-0.07008 0.412419
-0.06424 0.412419
-0.0584 0.412419
-0.05256 0.412419
-0.04672 0.412419
-0.04088 0.412419
-0.03504 0.412419
-0.0292 0.412419
-0.02336 0.412419
-0.01752 0.412419
-0.01168 0.412419
-0.00584 0.412419
