-2.92 0.460909
-2.91416 0.460909
-2.90832 0.460909
-2.90248 0.460909
-2.89664 0.460909
-2.8908 0.460909
-2.88496 0.460909
-2.87912 0.460909
-2.87328 0.460909
-2.86744 0.460909
-2.8616 0.460909
-2.85576 0.460909
-2.84992 0.460909
-2.84408 0.460909
-2.83824 0.460909
-2.8324 0.460909
-2.82656 0.460909
-2.82072 0.460909
-2.81488 0.460909
-2.80904 0.460909
-2.8032 0.460909
-2.79736 0.460909
-2.79152 0.460909
-2.78568 0.460909
-2.77984 0.460909
-2.774 0.460909
-2.76816 0.460909
-2.76232 0.460909
-2.75648 0.460909
-2.75064 0.460909
-2.7448 0.460909
-2.73896 0.460909
-2.73312 0.460909
-2.72728 0.460909
-2.72144 0.460909
-2.7156 0.460909
-2.70976 0.460909
-2.70392 0.460909
-2.69808 0.460909
-2.69224 0.460909
-2.6864 0.460909
-2.68056 0.460909
-2.67472 0.460909
-2.66888 0.460909
-2.66304 0.460909
-2.6572 0.460909
-2.65136 0.460909
-2.64552 0.460909
-2.63968 0.460909
-2.63384 0.460909
-2.628 0.460909
-2.62216 0.460909
-2.61632 0.460909
-2.61048 0.460909
-2.60464 0.460909
-2.5988 0.460909
-2.59296 0.460383
-2.58712 0.459724
-2.58128 0.459066
-2.57544 0.458276
-2.5696 0.457398
-2.56376 0.456343
-2.55792 0.455155
-2.55208 0.453966
-2.54624 0.452646
-2.5404 0.451281
-2.53456 0.449784
-2.52872 0.448243
-2.52288 0.446569
-2.51704 0.444895
-2.5112 0.443177
-2.50536 0.441459
-2.49952 0.44023
-2.49368 0.43909
-2.48784 0.438407
-2.482 0.438475
-2.47616 0.437116
-2.47032 0.436752
-2.46448 0.435925
-2.45864 0.435719
-2.4528 0.43576
-2.44696 0.434426
-2.44112 0.434209
-2.43528 0.433241
-2.42944 0.433864
-2.4236 0.432731
-2.41776 0.432554
-2.41192 0.432884
-2.40608 0.431666
-2.40024 0.431191
-2.3944 0.432143
-2.38856 0.430005
-2.38272 0.432129
-2.37688 0.432955
-2.37104 0.431569
-2.3652 0.431978
-2.35936 0.432393
-2.35352 0.430497
-2.34768 0.431743
-2.34184 0.432435
-2.336 0.431546
-2.33016 0.431198
-2.32432 0.430633
-2.31848 0.431142
-2.31264 0.431053
-2.3068 0.429579
-2.30096 0.431971
-2.29512 0.431082
-2.28928 0.434114
-2.28344 0.431118
-2.2776 0.435401
-2.27176 0.431008
-2.26592 0.431098
-2.26008 0.432885
-2.25424 0.435147
-2.2484 0.431801
-2.24256 0.432054
-2.23672 0.432196
-2.23088 0.429922
-2.22504 0.425866
-2.2192 0.424442
-2.21336 0.426444
-2.20752 0.424178
-2.20168 0.419899
-2.19584 0.419523
-2.19 0.416897
-2.18416 0.415723
-2.17832 0.413712
-2.17248 0.411103
-2.16664 0.410051
-2.1608 0.405371
-2.15496 0.403479
-2.14912 0.399835
-2.14328 0.399107
-2.13744 0.399632
-2.1316 0.39872
-2.12576 0.394715
-2.11992 0.393482
-2.11408 0.389491
-2.10824 0.386922
-2.1024 0.387577
-2.09656 0.383724
-2.09072 0.382458
-2.08488 0.378375
-2.07904 0.380935
-2.0732 0.376646
-2.06736 0.374184
-2.06152 0.370024
-2.05568 0.369444
-2.04984 0.36707
-2.044 0.364022
-2.03816 0.359172
-2.03232 0.363824
-2.02648 0.360746
-2.02064 0.358649
-2.0148 0.357305
-2.00896 0.354449
-2.00312 0.351913
-1.99728 0.351174
-1.99144 0.349887
-1.9856 0.345698
-1.97976 0.345632
-1.97392 0.343408
-1.96808 0.340026
-1.96224 0.34072
-1.9564 0.340377
-1.95056 0.337277
-1.94472 0.333912
-1.93888 0.333939
-1.93304 0.326358
-1.9272 0.327648
-1.92136 0.323424
-1.91552 0.321615
-1.90968 0.316664
-1.90384 0.313817
-1.898 0.313342
-1.89216 0.308507
-1.88632 0.305684
-1.88048 0.301856
-1.87464 0.299777
-1.8688 0.295549
-1.86296 0.291049
-1.85712 0.287352
-1.85128 0.282056
-1.84544 0.282147
-1.8396 0.276876
-1.83376 0.275199
-1.82792 0.272726
-1.82208 0.266627
-1.81624 0.267693
-1.8104 0.259161
-1.80456 0.255737
-1.79872 0.255256
-1.79288 0.250821
-1.78704 0.24765
-1.7812 0.248013
-1.77536 0.241703
-1.76952 0.238872
-1.76368 0.236964
-1.75784 0.232446
-1.752 0.230219
-1.74616 0.225084
-1.74032 0.223995
-1.73448 0.218399
-1.72864 0.215998
-1.7228 0.214736
-1.71696 0.210072
-1.71112 0.207321
-1.70528 0.201727
-1.69944 0.200084
-1.6936 0.196496
-1.68776 0.191349
-1.68192 0.192006
-1.67608 0.186369
-1.67024 0.183894
-1.6644 0.183388
-1.65856 0.184773
-1.65272 0.177166
-1.64688 0.178656
-1.64104 0.179231
-1.6352 0.180059
-1.62936 0.178257
-1.62352 0.17664
-1.61768 0.177354
-1.61184 0.178238
-1.606 0.179418
-1.60016 0.175785
-1.59432 0.178062
-1.58848 0.183609
-1.58264 0.178271
-1.5768 0.180908
-1.57096 0.181851
-1.56512 0.181309
-1.55928 0.179904
-1.55344 0.179852
-1.5476 0.183483
-1.54176 0.186266
-1.53592 0.186524
-1.53008 0.183491
-1.52424 0.182815
-1.5184 0.184792
-1.51256 0.18659
-1.50672 0.186102
-1.50088 0.186002
-1.49504 0.188418
-1.4892 0.192352
-1.48336 0.190329
-1.47752 0.195645
-1.47168 0.19163
-1.46584 0.194698
-1.46 0.193194
-1.45416 0.19404
-1.44832 0.193658
-1.44248 0.199249
-1.43664 0.195499
-1.4308 0.200517
-1.42496 0.198209
-1.41912 0.199807
-1.41328 0.199965
-1.40744 0.202026
-1.4016 0.205037
-1.39576 0.201861
-1.38992 0.203263
-1.38408 0.205569
-1.37824 0.20731
-1.3724 0.202431
-1.36656 0.20714
-1.36072 0.20574
-1.35488 0.207879
-1.34904 0.211029
-1.3432 0.211495
-1.33736 0.213813
-1.33152 0.218341
-1.32568 0.218782
-1.31984 0.219859
-1.314 0.217471
-1.30816 0.217433
-1.30232 0.219618
-1.29648 0.223473
-1.29064 0.22032
-1.2848 0.223628
-1.27896 0.22576
-1.27312 0.226632
-1.26728 0.229099
-1.26144 0.228754
-1.2556 0.232391
-1.24976 0.233353
-1.24392 0.231964
-1.23808 0.235168
-1.23224 0.234325
-1.2264 0.237962
-1.22056 0.239541
-1.21472 0.240945
-1.20888 0.247601
-1.20304 0.246407
-1.1972 0.25122
-1.19136 0.255078
-1.18552 0.257055
-1.17968 0.260073
-1.17384 0.259808
-1.168 0.263977
-1.16216 0.263542
-1.15632 0.266551
-1.15048 0.272036
-1.14464 0.274239
-1.1388 0.277977
-1.13296 0.281197
-1.12712 0.2832
-1.12128 0.283288
-1.11544 0.2886
-1.1096 0.292517
-1.10376 0.293762
-1.09792 0.299546
-1.09208 0.29966
-1.08624 0.299426
-1.0804 0.29904
-1.07456 0.304563
-1.06872 0.307015
-1.06288 0.307876
-1.05704 0.313073
-1.0512 0.316847
-1.04536 0.318306
-1.03952 0.323132
-1.03368 0.323264
-1.02784 0.326127
-1.022 0.326485
-1.01616 0.328247
-1.01032 0.330602
-1.00448 0.33445
-0.99864 0.335596
-0.9928 0.337422
-0.98696 0.342138
-0.98112 0.342902
-0.97528 0.344138
-0.96944 0.347994
-0.9636 0.350171
-0.95776 0.351102
-0.95192 0.351998
-0.94608 0.354318
-0.94024 0.356999
-0.9344 0.357678
-0.92856 0.360264
-0.92272 0.360238
-0.91688 0.365328
-0.91104 0.366863
-0.9052 0.369403
-0.89936 0.373647
-0.89352 0.375779
-0.88768 0.379887
-0.88184 0.381333
-0.876 0.38059
-0.87016 0.383989
-0.86432 0.383774
-0.85848 0.387243
-0.85264 0.389074
-0.8468 0.391116
-0.84096 0.394529
-0.83512 0.398259
-0.82928 0.399349
-0.82344 0.400535
-0.8176 0.403031
-0.81176 0.404515
-0.80592 0.406117
-0.80008 0.408316
-0.79424 0.409494
-0.7884 0.410934
-0.78256 0.412708
-0.77672 0.41562
-0.77088 0.418308
-0.76504 0.418018
-0.7592 0.420539
-0.75336 0.423114
-0.74752 0.422639
-0.74168 0.42478
-0.73584 0.423876
-0.73 0.425934
-0.72416 0.422586
-0.71832 0.425781
-0.71248 0.423059
-0.70664 0.424521
-0.7008 0.424494
-0.69496 0.423701
-0.68912 0.425282
-0.68328 0.424162
-0.67744 0.426499
-0.6716 0.427015
-0.66576 0.428617
-0.65992 0.428617
-0.65408 0.427799
-0.64824 0.427555
-0.6424 0.427589
-0.63656 0.428424
-0.63072 0.428286
-0.62488 0.429458
-0.61904 0.431845
-0.6132 0.432417
-0.60736 0.432734
-0.60152 0.432539
-0.59568 0.432539
-0.58984 0.432539
-0.584 0.432539
-0.57816 0.432539
-0.57232 0.432539
-0.56648 0.432539
-0.56064 0.432539
-0.5548 0.432539
-0.54896 0.432539
-0.54312 0.432539
-0.53728 0.432539
-0.53144 0.432539
-0.5256 0.432539
-0.51976 0.432539
-0.51392 0.432539
-0.50808 0.432539
-0.50224 0.432539
-0.4964 0.432539
-0.49056 0.432539
-0.48472 0.432539
-0.47888 0.432539
-0.47304 0.432539
-0.4672 0.432539
-0.46136 0.432539
-0.45552 0.432539
-0.44968 0.432539
-0.44384 0.432539
-0.438 0.432539
-0.43216 0.432539
-0.42632 0.432539
-0.42048 0.432539
-0.41464 0.432539
-0.4088 0.432539
-0.40296 0.432539
-0.39712 0.432539
-0.39128 0.432539
-0.38544 0.432539
-0.3796 0.432539
-0.37376 0.432539
-0.36792 0.432539
-0.36208 0.432539
-0.35624 0.432539
-0.3504 0.432539
-0.34456 0.432539
-0.33872 0.432539
-0.33288 0.432539
-0.32704 0.432539
-0.3212 0.432539
-0.31536 0.432539
-0.30952 0.432539
-0.30368 0.432539
-0.29784 0.432539
-0.292 0.432539
-0.28616 0.432539
-0.28032 0.432539
-0.27448 0.432539
-0.26864 0.432539
-0.2628 0.432539
-0.25696 0.432539
-0.25112 0.432539
-0.24528 0.432539
-0.23944 0.432539
-0.2336 0.432539
-0.22776 0.432539
-0.22192 0.432539
-0.21608 0.432539
-0.21024 0.432539
-0.2044 0.432539
-0.19856 0.432539
-0.19272 0.432539
-0.18688 0.432539
-0.18104 0.432539
-0.1752 0.432539
-0.16936 0.432539
-0.16352 0.432539
-0.15768 0.432539
-0.15184 0.432539
-0.146 0.432539
-0.14016 0.432539
-0.13432 0.432539
-0.12848 0.432539
-0.12264 0.432539
-0.1168 0.432539
-0.11096 0.432539
-0.10512 0.432539
-0.09928 0.432539
-0.09344 0.432539
-0.0876 0.432539
-0.08176 0.432539
-0.07592 0.432539
-0.07008 0.432539
-0.06424 0.432539
-0.0584 0.432539
-0.05256 0.432539
-0.04672 0.432539
-0.04088 0.432539
-0.03504 0.432539
-0.0292 0.432539
-0.02336 0.432539
-0.01752 0.432539
-0.01168 0.432539
-0.00584 0.432539
