-2.92 0.462698
-2.91416 0.462698
-2.90832 0.462698
-2.90248 0.462698
-2.89664 0.462698
-2.8908 0.462698
-2.88496 0.462698
-2.87912 0.462698
-2.87328 0.462698
-2.86744 0.462698
-2.8616 0.462698
-2.85576 0.462698
-2.84992 0.462698
-2.84408 0.462698
-2.83824 0.462698
-2.8324 0.462698
-2.82656 0.462698
-2.82072 0.462698
-2.81488 0.462698
-2.80904 0.462698
-2.8032 0.462698
-2.79736 0.462698
-2.79152 0.462698
-2.78568 0.462698
-2.77984 0.462698
-2.774 0.462698
-2.76816 0.462698
-2.76232 0.462698
-2.75648 0.462698
-2.75064 0.462698
-2.7448 0.462698
-2.73896 0.462698
-2.73312 0.462698
-2.72728 0.462698
-2.72144 0.462698
-2.7156 0.462698
-2.70976 0.462698
-2.70392 0.462698
-2.69808 0.462698
-2.69224 0.462698
-2.6864 0.462698
-2.68056 0.462698
-2.67472 0.462698
-2.66888 0.462698
-2.66304 0.462698
-2.6572 0.462698
-2.65136 0.462698
-2.64552 0.462698
-2.63968 0.462698
-2.63384 0.462698
-2.628 0.462698
-2.62216 0.462698
-2.61632 0.462698
-2.61048 0.462698
-2.60464 0.462698
-2.5988 0.462698
-2.59296 0.462213
-2.58712 0.461508
-2.58128 0.460759
-2.57544 0.459964
-2.5696 0.459081
-2.56376 0.458021
-2.55792 0.45696
-2.55208 0.455811
-2.54624 0.454662
-2.5404 0.453335
-2.53456 0.451876
-2.52872 0.450374
-2.52288 0.448871
-2.51704 0.447323
-2.5112 0.44564
-2.50536 0.443825
-2.49952 0.442417
-2.49368 0.44126
-2.48784 0.43994
-2.482 0.440166
-2.47616 0.439088
-2.47032 0.43867
-2.46448 0.437168
-2.45864 0.437286
-2.4528 0.43678
-2.44696 0.435021
-2.44112 0.434841
-2.43528 0.435409
-2.42944 0.434648
-2.4236 0.434217
-2.41776 0.434787
-2.41192 0.434015
-2.40608 0.43437
-2.40024 0.433223
-2.3944 0.432784
-2.38856 0.432593
-2.38272 0.433743
-2.37688 0.432339
-2.37104 0.432983
-2.3652 0.430584
-2.35936 0.431136
-2.35352 0.433037
-2.34768 0.431426
-2.34184 0.431439
-2.336 0.43375
-2.33016 0.431849
-2.32432 0.430741
-2.31848 0.433939
-2.31264 0.43354
-2.3068 0.432767
-2.30096 0.432064
-2.29512 0.433597
-2.28928 0.434402
-2.28344 0.431336
-2.2776 0.431893
-2.27176 0.435738
-2.26592 0.43392
-2.26008 0.434824
-2.25424 0.434718
-2.2484 0.436532
-2.24256 0.434744
-2.23672 0.435063
-2.23088 0.433111
-2.22504 0.431412
-2.2192 0.432208
-2.21336 0.431429
-2.20752 0.428016
-2.20168 0.427698
-2.19584 0.426061
-2.19 0.424355
-2.18416 0.424191
-2.17832 0.421956
-2.17248 0.42185
-2.16664 0.423561
-2.1608 0.417218
-2.15496 0.417951
-2.14912 0.416357
-2.14328 0.413183
-2.13744 0.414308
-2.1316 0.411683
-2.12576 0.410328
-2.11992 0.410774
-2.11408 0.408973
-2.10824 0.407779
-2.1024 0.403483
-2.09656 0.403884
-2.09072 0.400688
-2.08488 0.398721
-2.07904 0.396307
-2.0732 0.398715
-2.06736 0.395559
-2.06152 0.393275
-2.05568 0.393424
-2.04984 0.391467
-2.044 0.389699
-2.03816 0.385914
-2.03232 0.38267
-2.02648 0.384321
-2.02064 0.384001
-2.0148 0.382387
-2.00896 0.378312
-2.00312 0.379025
-1.99728 0.376791
-1.99144 0.373215
-1.9856 0.373031
-1.97976 0.372097
-1.97392 0.371789
-1.96808 0.36979
-1.96224 0.367742
-1.9564 0.366946
-1.95056 0.36187
-1.94472 0.358837
-1.93888 0.364116
-1.93304 0.358943
-1.9272 0.359708
-1.92136 0.356688
-1.91552 0.35009
-1.90968 0.349512
-1.90384 0.348094
-1.898 0.34086
-1.89216 0.338011
-1.88632 0.336416
-1.88048 0.332552
-1.87464 0.329235
-1.8688 0.327722
-1.86296 0.325092
-1.85712 0.319836
-1.85128 0.315619
-1.84544 0.311669
-1.8396 0.307233
-1.83376 0.307103
-1.82792 0.299527
-1.82208 0.297699
-1.81624 0.296474
-1.8104 0.291453
-1.80456 0.2861
-1.79872 0.280043
-1.79288 0.278866
-1.78704 0.275618
-1.7812 0.270608
-1.77536 0.267327
-1.76952 0.269611
-1.76368 0.257321
-1.75784 0.256236
-1.752 0.250214
-1.74616 0.247769
-1.74032 0.244464
-1.73448 0.23826
-1.72864 0.23782
-1.7228 0.233181
-1.71696 0.225566
-1.71112 0.226267
-1.70528 0.219083
-1.69944 0.214603
-1.6936 0.207644
-1.68776 0.205108
-1.68192 0.202649
-1.67608 0.199152
-1.67024 0.197836
-1.6644 0.191714
-1.65856 0.194701
-1.65272 0.187586
-1.64688 0.186452
-1.64104 0.186699
-1.6352 0.184762
-1.62936 0.186528
-1.62352 0.182241
-1.61768 0.183137
-1.61184 0.181287
-1.606 0.181583
-1.60016 0.180242
-1.59432 0.178465
-1.58848 0.178433
-1.58264 0.173654
-1.5768 0.177786
-1.57096 0.178791
-1.56512 0.174588
-1.55928 0.178301
-1.55344 0.176984
-1.5476 0.177675
-1.54176 0.175117
-1.53592 0.178038
-1.53008 0.176238
-1.52424 0.174988
-1.5184 0.173441
-1.51256 0.174766
-1.50672 0.173856
-1.50088 0.172908
-1.49504 0.176136
-1.4892 0.178869
-1.48336 0.176081
-1.47752 0.17418
-1.47168 0.175344
-1.46584 0.174215
-1.46 0.176437
-1.45416 0.173976
-1.44832 0.174929
-1.44248 0.178853
-1.43664 0.175855
-1.4308 0.17681
-1.42496 0.179914
-1.41912 0.177353
-1.41328 0.174517
-1.40744 0.175423
-1.4016 0.176124
-1.39576 0.17319
-1.38992 0.175001
-1.38408 0.170903
-1.37824 0.171018
-1.3724 0.1708
-1.36656 0.170655
-1.36072 0.17009
-1.35488 0.166369
-1.34904 0.170402
-1.3432 0.171765
-1.33736 0.172935
-1.33152 0.173451
-1.32568 0.174123
-1.31984 0.17529
-1.314 0.174631
-1.30816 0.173551
-1.30232 0.173844
-1.29648 0.174934
-1.29064 0.173072
-1.2848 0.173044
-1.27896 0.180655
-1.27312 0.180095
-1.26728 0.179009
-1.26144 0.180689
-1.2556 0.180445
-1.24976 0.182857
-1.24392 0.182564
-1.23808 0.182679
-1.23224 0.18488
-1.2264 0.188053
-1.22056 0.189712
-1.21472 0.192204
-1.20888 0.194758
-1.20304 0.198318
-1.1972 0.200656
-1.19136 0.204251
-1.18552 0.204787
-1.17968 0.209022
-1.17384 0.211689
-1.168 0.213419
-1.16216 0.213153
-1.15632 0.21554
-1.15048 0.219151
-1.14464 0.220892
-1.1388 0.221753
-1.13296 0.227895
-1.12712 0.230078
-1.12128 0.234024
-1.11544 0.236834
-1.1096 0.241705
-1.10376 0.244217
-1.09792 0.246934
-1.09208 0.249944
-1.08624 0.24765
-1.0804 0.252311
-1.07456 0.255407
-1.06872 0.256777
-1.06288 0.258573
-1.05704 0.264487
-1.0512 0.269531
-1.04536 0.270559
-1.03952 0.272818
-1.03368 0.276011
-1.02784 0.278188
-1.022 0.280135
-1.01616 0.284294
-1.01032 0.286925
-1.00448 0.290867
-0.99864 0.293082
-0.9928 0.294241
-0.98696 0.299632
-0.98112 0.299645
-0.97528 0.301562
-0.96944 0.304276
-0.9636 0.30763
-0.95776 0.307981
-0.95192 0.311254
-0.94608 0.309287
-0.94024 0.31396
-0.9344 0.315029
-0.92856 0.316489
-0.92272 0.318823
-0.91688 0.321025
-0.91104 0.323284
-0.9052 0.327557
-0.89936 0.331202
-0.89352 0.33133
-0.88768 0.335319
-0.88184 0.339389
-0.876 0.33793
-0.87016 0.341446
-0.86432 0.341015
-0.85848 0.343596
-0.85264 0.34482
-0.8468 0.346175
-0.84096 0.353427
-0.83512 0.354189
-0.82928 0.356046
-0.82344 0.358792
-0.8176 0.359507
-0.81176 0.362591
-0.80592 0.363303
-0.80008 0.364633
-0.79424 0.365566
-0.7884 0.368292
-0.78256 0.367823
-0.77672 0.369208
-0.77088 0.371938
-0.76504 0.372427
-0.7592 0.373769
-0.75336 0.373714
-0.74752 0.374836
-0.74168 0.376899
-0.73584 0.375694
-0.73 0.37643
-0.72416 0.372652
-0.71832 0.373521
-0.71248 0.372697
-0.70664 0.373224
-0.7008 0.372181
-0.69496 0.371388
-0.68912 0.372117
-0.68328 0.371526
-0.67744 0.372218
-0.6716 0.373353
-0.66576 0.37466
-0.65992 0.373892
-0.65408 0.373787
-0.64824 0.372488
-0.6424 0.371922
-0.63656 0.372458
-0.63072 0.371976
-0.62488 0.372803
-0.61904 0.374217
-0.6132 0.374826
-0.60736 0.375221
-0.60152 0.37473
-0.59568 0.37473
-0.58984 0.37473
-0.584 0.37473
-0.57816 0.37473
-0.57232 0.37473
-0.56648 0.37473
-0.56064 0.37473
-0.5548 0.37473
-0.54896 0.37473
-0.54312 0.37473
-0.53728 0.37473
-0.53144 0.37473
-0.5256 0.37473
-0.51976 0.37473
-0.51392 0.37473
-0.50808 0.37473
-0.50224 0.37473
-0.4964 0.37473
-0.49056 0.37473
-0.48472 0.37473
-0.47888 0.37473
-0.47304 0.37473
-0.4672 0.37473
-0.46136 0.37473
-0.45552 0.37473
-0.44968 0.37473
-0.44384 0.37473
-0.438 0.37473
-0.43216 0.37473
-0.42632 0.37473
-0.42048 0.37473
-0.41464 0.37473
-0.4088 0.37473
-0.40296 0.37473
-0.39712 0.37473
-0.39128 0.37473
-0.38544 0.37473
-0.3796 0.37473
-0.37376 0.37473
-0.36792 0.37473
-0.36208 0.37473
-0.35624 0.37473
-0.3504 0.37473
-0.34456 0.37473
-0.33872 0.37473
-0.33288 0.37473
-0.32704 0.37473
-0.3212 0.37473
-0.31536 0.37473
-0.30952 0.37473
-0.30368 0.37473
-0.29784 0.37473
-0.292 0.37473
-0.28616 0.37473
-0.28032 0.37473
-0.27448 0.37473
-0.26864 0.37473
-0.2628 0.37473
-0.25696 0.37473
-0.25112 0.37473
-0.24528 0.37473
-0.23944 0.37473
-0.2336 0.37473
-0.22776 0.37473
-0.22192 0.37473
-0.21608 0.37473
-0.21024 0.37473
-0.2044 0.37473
-0.19856 0.37473
-0.19272 0.37473
-0.18688 0.37473
-0.18104 0.37473
-0.1752 0.37473
-0.16936 0.37473
-0.16352 0.37473
-0.15768 0.37473
-0.15184 0.37473
-0.146 0.37473
-0.14016 0.37473
-0.13432 0.37473
-0.12848 0.37473
-0.12264 0.37473
-0.1168 0.37473
-0.11096 0.37473
-0.10512 0.37473
-0.09928 0.37473
-0.09344 0.37473
-0.0876 0.37473
-0.08176 0.37473
-0.07592 0.37473
-0.07008 0.37473
-0.06424 0.37473
-0.0584 0.37473
-0.05256 0.37473
-0.04672 0.37473
-0.04088 0.37473
-0.03504 0.37473
-0.0292 0.37473
-0.02336 0.37473
-0.01752 0.37473
-0.01168 0.37473
-0.00584 0.37473
