-2.92 0.429408
-2.91416 0.429408
-2.90832 0.429408
-2.90248 0.429408
-2.89664 0.429408
-2.8908 0.429408
-2.88496 0.429408
-2.87912 0.429408
-2.87328 0.429408
-2.86744 0.429408
-2.8616 0.429408
-2.85576 0.429408
-2.84992 0.429408
-2.84408 0.429408
-2.83824 0.429408
-2.8324 0.429408
-2.82656 0.429408
-2.82072 0.429408
-2.81488 0.429408
-2.80904 0.429408
-2.8032 0.429408
-2.79736 0.429408
-2.79152 0.429408
-2.78568 0.429408
-2.77984 0.429408
-2.774 0.429408
-2.76816 0.429408
-2.76232 0.429408
-2.75648 0.429408
-2.75064 0.429408
-2.7448 0.429408
-2.73896 0.429408
-2.73312 0.429408
-2.72728 0.429408
-2.72144 0.429408
-2.7156 0.429408
-2.70976 0.429408
-2.70392 0.429408
-2.69808 0.429408
-2.69224 0.429408
-2.6864 0.429408
-2.68056 0.429408
-2.67472 0.429408
-2.66888 0.429408
-2.66304 0.429408
-2.6572 0.429408
-2.65136 0.429408
-2.64552 0.429408
-2.63968 0.429408
-2.63384 0.429408
-2.628 0.429408
-2.62216 0.429408
-2.61632 0.429408
-2.61048 0.429408
-2.60464 0.429408
-2.5988 0.429408
-2.59296 0.429012
-2.58712 0.428352
-2.58128 0.427604
-2.57544 0.426766
-2.5696 0.425838
-2.56376 0.42491
-2.55792 0.423895
-2.55208 0.422835
-2.54624 0.421687
-2.5404 0.420405
-2.53456 0.419036
-2.52872 0.417664
-2.52288 0.416205
-2.51704 0.414701
-2.5112 0.413195
-2.50536 0.411603
-2.49952 0.41029
-2.49368 0.409522
-2.48784 0.408457
-2.482 0.407738
-2.47616 0.406336
-2.47032 0.405891
-2.46448 0.40532
-2.45864 0.403711
-2.4528 0.402346
-2.44696 0.401106
-2.44112 0.39982
-2.43528 0.39899
-2.42944 0.397659
-2.4236 0.395541
-2.41776 0.393741
-2.41192 0.392777
-2.40608 0.391056
-2.40024 0.389504
-2.3944 0.386909
-2.38856 0.3854
-2.38272 0.383431
-2.37688 0.382001
-2.37104 0.380433
-2.3652 0.376878
-2.35936 0.376305
-2.35352 0.373611
-2.34768 0.372128
-2.34184 0.369931
-2.336 0.367067
-2.33016 0.365375
-2.32432 0.362501
-2.31848 0.361341
-2.31264 0.35851
-2.3068 0.356387
-2.30096 0.353646
-2.29512 0.350415
-2.28928 0.350335
-2.28344 0.347335
-2.2776 0.344283
-2.27176 0.342368
-2.26592 0.341252
-2.26008 0.338841
-2.25424 0.336034
-2.2484 0.331946
-2.24256 0.329983
-2.23672 0.326808
-2.23088 0.323976
-2.22504 0.319929
-2.2192 0.31513
-2.21336 0.313963
-2.20752 0.307422
-2.20168 0.306874
-2.19584 0.302114
-2.19 0.298569
-2.18416 0.293228
-2.17832 0.290337
-2.17248 0.285315
-2.16664 0.281892
-2.1608 0.278546
-2.15496 0.274316
-2.14912 0.271008
-2.14328 0.267032
-2.13744 0.265274
-2.1316 0.259871
-2.12576 0.257108
-2.11992 0.252781
-2.11408 0.249412
-2.10824 0.246937
-2.1024 0.243161
-2.09656 0.239483
-2.09072 0.236038
-2.08488 0.234033
-2.07904 0.229206
-2.0732 0.226199
-2.06736 0.223892
-2.06152 0.218914
-2.05568 0.218062
-2.04984 0.214218
-2.044 0.211025
-2.03816 0.207102
-2.03232 0.203203
-2.02648 0.200607
-2.02064 0.198371
-2.0148 0.194411
-2.00896 0.191426
-2.00312 0.18832
-1.99728 0.185358
-1.99144 0.183934
-1.9856 0.183585
-1.97976 0.178624
-1.97392 0.177348
-1.96808 0.176897
-1.96224 0.175431
-1.9564 0.175389
-1.95056 0.173772
-1.94472 0.174294
-1.93888 0.173581
-1.93304 0.170232
-1.9272 0.171224
-1.92136 0.170845
-1.91552 0.169975
-1.90968 0.172328
-1.90384 0.168874
-1.898 0.168258
-1.89216 0.171974
-1.88632 0.168267
-1.88048 0.170407
-1.87464 0.167918
-1.8688 0.172517
-1.86296 0.170371
-1.85712 0.171345
-1.85128 0.172703
-1.84544 0.171237
-1.8396 0.172267
-1.83376 0.171215
-1.82792 0.175831
-1.82208 0.174866
-1.81624 0.174966
-1.8104 0.174887
-1.80456 0.176396
-1.79872 0.175917
-1.79288 0.178047
-1.78704 0.175599
-1.7812 0.179742
-1.77536 0.180173
-1.76952 0.178018
-1.76368 0.184489
-1.75784 0.181215
-1.752 0.18405
-1.74616 0.186835
-1.74032 0.186429
-1.73448 0.189345
-1.72864 0.191147
-1.7228 0.189794
-1.71696 0.196339
-1.71112 0.194187
-1.70528 0.198468
-1.69944 0.199309
-1.6936 0.201994
-1.68776 0.201523
-1.68192 0.204473
-1.67608 0.20615
-1.67024 0.208824
-1.6644 0.20571
-1.65856 0.208166
-1.65272 0.209206
-1.64688 0.207567
-1.64104 0.207856
-1.6352 0.212782
-1.62936 0.213649
-1.62352 0.212191
-1.61768 0.213315
-1.61184 0.211741
-1.606 0.216627
-1.60016 0.219912
-1.59432 0.217568
-1.58848 0.223828
-1.58264 0.225816
-1.5768 0.2294
-1.57096 0.22969
-1.56512 0.234225
-1.55928 0.233835
-1.55344 0.233359
-1.5476 0.236308
-1.54176 0.239876
-1.53592 0.242552
-1.53008 0.245159
-1.52424 0.246528
-1.5184 0.254318
-1.51256 0.25171
-1.50672 0.257092
-1.50088 0.260901
-1.49504 0.256284
-1.4892 0.263186
-1.48336 0.268656
-1.47752 0.271187
-1.47168 0.270196
-1.46584 0.271329
-1.46 0.269972
-1.45416 0.274575
-1.44832 0.270868
-1.44248 0.276276
-1.43664 0.27521
-1.4308 0.282813
-1.42496 0.282034
-1.41912 0.28484
-1.41328 0.28608
-1.40744 0.291276
-1.4016 0.290197
-1.39576 0.290931
-1.38992 0.292905
-1.38408 0.297693
-1.37824 0.297704
-1.3724 0.301594
-1.36656 0.308539
-1.36072 0.306769
-1.35488 0.31214
-1.34904 0.312044
-1.3432 0.316248
-1.33736 0.315926
-1.33152 0.316872
-1.32568 0.322013
-1.31984 0.321632
-1.314 0.325417
-1.30816 0.3254
-1.30232 0.328753
-1.29648 0.332824
-1.29064 0.334798
-1.2848 0.334409
-1.27896 0.343361
-1.27312 0.336056
-1.26728 0.338933
-1.26144 0.342319
-1.2556 0.339775
-1.24976 0.340609
-1.24392 0.342966
-1.23808 0.344943
-1.23224 0.349732
-1.2264 0.347839
-1.22056 0.348132
-1.21472 0.350937
-1.20888 0.35126
-1.20304 0.349802
-1.1972 0.356326
-1.19136 0.358326
-1.18552 0.358728
-1.17968 0.360793
-1.17384 0.35739
-1.168 0.361853
-1.16216 0.367617
-1.15632 0.364401
-1.15048 0.368167
-1.14464 0.37165
-1.1388 0.373605
-1.13296 0.37297
-1.12712 0.376103
-1.12128 0.374747
-1.11544 0.373881
-1.1096 0.374248
-1.10376 0.376469
-1.09792 0.378668
-1.09208 0.378649
-1.08624 0.379439
-1.0804 0.385335
-1.07456 0.381435
-1.06872 0.386133
-1.06288 0.389039
-1.05704 0.380336
-1.0512 0.383831
-1.04536 0.384821
-1.03952 0.384615
-1.03368 0.382062
-1.02784 0.379425
-1.022 0.376781
-1.01616 0.376545
-1.01032 0.371564
-1.00448 0.369941
-0.99864 0.368468
-0.9928 0.370494
-0.98696 0.367018
-0.98112 0.365052
-0.97528 0.361433
-0.96944 0.362434
-0.9636 0.361835
-0.95776 0.356403
-0.95192 0.354651
-0.94608 0.356925
-0.94024 0.353607
-0.9344 0.35574
-0.92856 0.354835
-0.92272 0.351966
-0.91688 0.354197
-0.91104 0.349139
-0.9052 0.34803
-0.89936 0.345596
-0.89352 0.346663
-0.88768 0.344952
-0.88184 0.344547
-0.876 0.341535
-0.87016 0.340725
-0.86432 0.340333
-0.85848 0.339641
-0.85264 0.339103
-0.8468 0.337722
-0.84096 0.337668
-0.83512 0.332272
-0.82928 0.330721
-0.82344 0.33027
-0.8176 0.329705
-0.81176 0.326327
-0.80592 0.325364
-0.80008 0.322723
-0.79424 0.320688
-0.7884 0.320275
-0.78256 0.318565
-0.77672 0.318533
-0.77088 0.315803
-0.76504 0.315509
-0.7592 0.315039
-0.75336 0.314159
-0.74752 0.312733
-0.74168 0.312487
-0.73584 0.311725
-0.73 0.310938
-0.72416 0.311078
-0.71832 0.310781
-0.71248 0.311248
-0.70664 0.312912
-0.7008 0.312831
-0.69496 0.314058
-0.68912 0.314488
-0.68328 0.315631
-0.67744 0.316689
-0.6716 0.317747
-0.66576 0.318583
-0.65992 0.319083
-0.65408 0.31849
-0.64824 0.319536
-0.6424 0.320868
-0.63656 0.321952
-0.63072 0.321772
-0.62488 0.322472
-0.61904 0.319961
-0.6132 0.319726
-0.60736 0.319446
-0.60152 0.319756
-0.59568 0.319756
-0.58984 0.319756
-0.584 0.319756
-0.57816 0.319756
-0.57232 0.319756
-0.56648 0.319756
-0.56064 0.319756
-0.5548 0.319756
-0.54896 0.319756
-0.54312 0.319756
-0.53728 0.319756
-0.53144 0.319756
-0.5256 0.319756
-0.51976 0.319756
-0.51392 0.319756
-0.50808 0.319756
-0.50224 0.319756
-0.4964 0.319756
-0.49056 0.319756
-0.48472 0.319756
-0.47888 0.319756
-0.47304 0.319756
-0.4672 0.319756
-0.46136 0.319756
-0.45552 0.319756
-0.44968 0.319756
-0.44384 0.319756
-0.438 0.319756
-0.43216 0.319756
-0.42632 0.319756
-0.42048 0.319756
-0.41464 0.319756
-0.4088 0.319756
-0.40296 0.319756
-0.39712 0.319756
-0.39128 0.319756
-0.38544 0.319756
-0.3796 0.319756
-0.37376 0.319756
-0.36792 0.319756
-0.36208 0.319756
-0.35624 0.319756
-0.3504 0.319756
-0.34456 0.319756
-0.33872 0.319756
-0.33288 0.319756
-0.32704 0.319756
-0.3212 0.319756
-0.31536 0.319756
-0.30952 0.319756
-0.30368 0.319756
-0.29784 0.319756
-0.292 0.319756
-0.28616 0.319756
-0.28032 0.319756
-0.27448 0.319756
-0.26864 0.319756
-0.2628 0.319756
-0.25696 0.319756
-0.25112 0.319756
-0.24528 0.319756
-0.23944 0.319756
-0.2336 0.319756
-0.22776 0.319756
-0.22192 0.319756
-0.21608 0.319756
-0.21024 0.319756
-0.2044 0.319756
-0.19856 0.319756
-0.19272 0.319756
-0.18688 0.319756
-0.18104 0.319756
-0.1752 0.319756
-0.16936 0.319756
-0.16352 0.319756
-0.15768 0.319756
-0.15184 0.319756
-0.146 0.319756
-0.14016 0.319756
-0.13432 0.319756
-0.12848 0.319756
-0.12264 0.319756
-0.1168 0.319756
-0.11096 0.319756
-0.10512 0.319756
-0.09928 0.319756
-0.09344 0.319756
-0.0876 0.319756
-0.08176 0.319756
-0.07592 0.319756
-0.07008 0.319756
-0.06424 0.319756
-0.0584 0.319756
-0.05256 0.319756
-0.04672 0.319756
-0.04088 0.319756
-0.03504 0.319756
-0.0292 0.319756
-0.02336 0.319756
-0.01752 0.319756
-0.01168 0.319756
-0.00584 0.319756
