-2.92 0.492823
-2.91416 0.492823
-2.90832 0.492823
-2.90248 0.492823
-2.89664 0.492823
-2.8908 0.492823
-2.88496 0.492823
-2.87912 0.492823
-2.87328 0.492823
-2.86744 0.492823
-2.8616 0.492823
-2.85576 0.492823
-2.84992 0.492823
-2.84408 0.492823
-2.83824 0.492823
-2.8324 0.492823
-2.82656 0.492823
-2.82072 0.492823
-2.81488 0.492823
-2.80904 0.492823
-2.8032 0.492823
-2.79736 0.492823
-2.79152 0.492823
-2.78568 0.492823
-2.77984 0.492823
-2.774 0.492823
-2.76816 0.492823
-2.76232 0.492823
-2.75648 0.492823
-2.75064 0.492823
-2.7448 0.492823
-2.73896 0.492823
-2.73312 0.492823
-2.72728 0.492823
-2.72144 0.492823
-2.7156 0.492823
-2.70976 0.492823
-2.70392 0.492823
-2.69808 0.492823
-2.69224 0.492823
-2.6864 0.492823
-2.68056 0.492823
-2.67472 0.492823
-2.66888 0.492823
-2.66304 0.492823
-2.6572 0.492823
-2.65136 0.492823
-2.64552 0.492823
-2.63968 0.492823
-2.63384 0.492823
-2.628 0.492823
-2.62216 0.492823
-2.61632 0.492823
-2.61048 0.492823
-2.60464 0.492823
-2.5988 0.492823
-2.59296 0.492335
-2.58712 0.491449
-2.58128 0.490475
-2.57544 0.489414
-2.5696 0.488174
-2.56376 0.486667
-2.55792 0.48507
-2.55208 0.483429
-2.54624 0.481654
-2.5404 0.479793
-2.53456 0.477799
-2.52872 0.475717
-2.52288 0.473678
-2.51704 0.471596
-2.5112 0.469559
-2.50536 0.467432
-2.49952 0.465716
-2.49368 0.46417
-2.48784 0.462946
-2.482 0.461484
-2.47616 0.459261
-2.47032 0.458438
-2.46448 0.456996
-2.45864 0.456378
-2.4528 0.455134
-2.44696 0.453555
-2.44112 0.451844
-2.43528 0.44956
-2.42944 0.449222
-2.4236 0.447679
-2.41776 0.445889
-2.41192 0.444304
-2.40608 0.443417
-2.40024 0.440249
-2.3944 0.440018
-2.38856 0.436603
-2.38272 0.435041
-2.37688 0.434183
-2.37104 0.430067
-2.3652 0.429956
-2.35936 0.427152
-2.35352 0.424928
-2.34768 0.423283
-2.34184 0.419946
-2.336 0.417392
-2.33016 0.41562
-2.32432 0.411362
-2.31848 0.411744
-2.31264 0.409922
-2.3068 0.405466
-2.30096 0.403598
-2.29512 0.399977
-2.28928 0.398935
-2.28344 0.395995
-2.2776 0.393772
-2.27176 0.390457
-2.26592 0.389392
-2.26008 0.388321
-2.25424 0.383349
-2.2484 0.381773
-2.24256 0.377965
-2.23672 0.373382
-2.23088 0.37179
-2.22504 0.366331
-2.2192 0.362355
-2.21336 0.358502
-2.20752 0.356523
-2.20168 0.351741
-2.19584 0.3496
-2.19 0.342882
-2.18416 0.338814
-2.17832 0.33562
-2.17248 0.330692
-2.16664 0.326916
-2.1608 0.323178
-2.15496 0.317943
-2.14912 0.314996
-2.14328 0.310285
-2.13744 0.305864
-2.1316 0.301969
-2.12576 0.29677
-2.11992 0.295033
-2.11408 0.288883
-2.10824 0.283806
-2.1024 0.279444
-2.09656 0.276048
-2.09072 0.273887
-2.08488 0.268349
-2.07904 0.265871
-2.0732 0.262016
-2.06736 0.257515
-2.06152 0.253385
-2.05568 0.249408
-2.04984 0.244905
-2.044 0.241075
-2.03816 0.238173
-2.03232 0.234141
-2.02648 0.230423
-2.02064 0.226549
-2.0148 0.22317
-2.00896 0.221671
-2.00312 0.218014
-1.99728 0.216447
-1.99144 0.214809
-1.9856 0.214014
-1.97976 0.213235
-1.97392 0.210213
-1.96808 0.208036
-1.96224 0.205963
-1.9564 0.204531
-1.95056 0.205823
-1.94472 0.204275
-1.93888 0.202866
-1.93304 0.202433
-1.9272 0.201675
-1.92136 0.201531
-1.91552 0.199467
-1.90968 0.199377
-1.90384 0.200085
-1.898 0.20101
-1.89216 0.197269
-1.88632 0.197902
-1.88048 0.197615
-1.87464 0.196227
-1.8688 0.195791
-1.86296 0.198336
-1.85712 0.196855
-1.85128 0.197403
-1.84544 0.197523
-1.8396 0.197501
-1.83376 0.198318
-1.82792 0.199788
-1.82208 0.198237
-1.81624 0.199875
-1.8104 0.200069
-1.80456 0.197962
-1.79872 0.200604
-1.79288 0.202099
-1.78704 0.202753
-1.7812 0.202625
-1.77536 0.202085
-1.76952 0.200887
-1.76368 0.202634
-1.75784 0.205887
-1.752 0.206653
-1.74616 0.206016
-1.74032 0.205214
-1.73448 0.208284
-1.72864 0.209006
-1.7228 0.210798
-1.71696 0.209621
-1.71112 0.209073
-1.70528 0.210798
-1.69944 0.214682
-1.6936 0.213462
-1.68776 0.214237
-1.68192 0.215465
-1.67608 0.21585
-1.67024 0.216793
-1.6644 0.213439
-1.65856 0.216138
-1.65272 0.21787
-1.64688 0.217642
-1.64104 0.216832
-1.6352 0.217301
-1.62936 0.215871
-1.62352 0.213906
-1.61768 0.216576
-1.61184 0.220966
-1.606 0.222307
-1.60016 0.227408
-1.59432 0.227957
-1.58848 0.228296
-1.58264 0.233242
-1.5768 0.234791
-1.57096 0.230055
-1.56512 0.239034
-1.55928 0.238764
-1.55344 0.246973
-1.5476 0.244807
-1.54176 0.253054
-1.53592 0.250781
-1.53008 0.256787
-1.52424 0.255188
-1.5184 0.257085
-1.51256 0.267155
-1.50672 0.268645
-1.50088 0.270658
-1.49504 0.275382
-1.4892 0.276461
-1.48336 0.278906
-1.47752 0.275669
-1.47168 0.283016
-1.46584 0.284782
-1.46 0.284942
-1.45416 0.288077
-1.44832 0.293082
-1.44248 0.294321
-1.43664 0.298047
-1.4308 0.299462
-1.42496 0.308191
-1.41912 0.304031
-1.41328 0.310058
-1.40744 0.31441
-1.4016 0.316865
-1.39576 0.320248
-1.38992 0.324295
-1.38408 0.326796
-1.37824 0.330699
-1.3724 0.330333
-1.36656 0.332462
-1.36072 0.333247
-1.35488 0.335826
-1.34904 0.339513
-1.3432 0.340659
-1.33736 0.346441
-1.33152 0.348305
-1.32568 0.351024
-1.31984 0.355296
-1.314 0.358062
-1.30816 0.36021
-1.30232 0.361059
-1.29648 0.368983
-1.29064 0.367588
-1.2848 0.372983
-1.27896 0.373995
-1.27312 0.372942
-1.26728 0.374981
-1.26144 0.37912
-1.2556 0.378806
-1.24976 0.381082
-1.24392 0.384354
-1.23808 0.388041
-1.23224 0.390887
-1.2264 0.393074
-1.22056 0.395844
-1.21472 0.39786
-1.20888 0.401495
-1.20304 0.403157
-1.1972 0.40935
-1.19136 0.406438
-1.18552 0.409261
-1.17968 0.410934
-1.17384 0.415657
-1.168 0.416432
-1.16216 0.421512
-1.15632 0.419762
-1.15048 0.421437
-1.14464 0.425398
-1.1388 0.422976
-1.13296 0.416195
-1.12712 0.424541
-1.12128 0.426442
-1.11544 0.433772
-1.1096 0.428843
-1.10376 0.434858
-1.09792 0.43588
-1.09208 0.436394
-1.08624 0.432668
-1.0804 0.437224
-1.07456 0.443292
-1.06872 0.440229
-1.06288 0.44236
-1.05704 0.444012
-1.0512 0.445988
-1.04536 0.442294
-1.03952 0.436877
-1.03368 0.440768
-1.02784 0.44053
-1.022 0.436096
-1.01616 0.435163
-1.01032 0.435401
-1.00448 0.433513
-0.99864 0.432321
-0.9928 0.432615
-0.98696 0.435334
-0.98112 0.428303
-0.97528 0.431274
-0.96944 0.430962
-0.9636 0.429718
-0.95776 0.43013
-0.95192 0.428778
-0.94608 0.429088
-0.94024 0.427203
-0.9344 0.427056
-0.92856 0.42603
-0.92272 0.41993
-0.91688 0.421608
-0.91104 0.421575
-0.9052 0.421035
-0.89936 0.420856
-0.89352 0.421416
-0.88768 0.420956
-0.88184 0.420926
-0.876 0.419341
-0.87016 0.418359
-0.86432 0.419856
-0.85848 0.421283
-0.85264 0.420167
-0.8468 0.416658
-0.84096 0.418058
-0.83512 0.416834
-0.82928 0.415049
-0.82344 0.414046
-0.8176 0.412833
-0.81176 0.413384
-0.80592 0.414756
-0.80008 0.411351
-0.79424 0.411909
-0.7884 0.412716
-0.78256 0.411785
-0.77672 0.411496
-0.77088 0.412321
-0.76504 0.411903
-0.7592 0.413614
-0.75336 0.412542
-0.74752 0.412993
-0.74168 0.412431
-0.73584 0.414493
-0.73 0.414614
-0.72416 0.416454
-0.71832 0.415863
-0.71248 0.416928
-0.70664 0.417828
-0.7008 0.41754
-0.69496 0.418198
-0.68912 0.419237
-0.68328 0.420621
-0.67744 0.424637
-0.6716 0.426305
-0.66576 0.427489
-0.65992 0.428997
-0.65408 0.428696
-0.64824 0.429598
-0.6424 0.432342
-0.63656 0.433419
-0.63072 0.433302
-0.62488 0.433441
-0.61904 0.433384
-0.6132 0.433242
-0.60736 0.432219
-0.60152 0.432787
-0.59568 0.432787
-0.58984 0.432787
-0.584 0.432787
-0.57816 0.432787
-0.57232 0.432787
-0.56648 0.432787
-0.56064 0.432787
-0.5548 0.432787
-0.54896 0.432787
-0.54312 0.432787
-0.53728 0.432787
-0.53144 0.432787
-0.5256 0.432787
-0.51976 0.432787
-0.51392 0.432787
-0.50808 0.432787
-0.50224 0.432787
-0.4964 0.432787
-0.49056 0.432787
-0.48472 0.432787
-0.47888 0.432787
-0.47304 0.432787
-0.4672 0.432787
-0.46136 0.432787
-0.45552 0.432787
-0.44968 0.432787
-0.44384 0.432787
-0.438 0.432787
-0.43216 0.432787
-0.42632 0.432787
-0.42048 0.432787
-0.41464 0.432787
-0.4088 0.432787
-0.40296 0.432787
-0.39712 0.432787
-0.39128 0.432787
-0.38544 0.432787
-0.3796 0.432787
-0.37376 0.432787
-0.36792 0.432787
-0.36208 0.432787
-0.35624 0.432787
-0.3504 0.432787
-0.34456 0.432787
-0.33872 0.432787
-0.33288 0.432787
-0.32704 0.432787
-0.3212 0.432787
-0.31536 0.432787
-0.30952 0.432787
-0.30368 0.432787
-0.29784 0.432787
-0.292 0.432787
-0.28616 0.432787
-0.28032 0.432787
-0.27448 0.432787
-0.26864 0.432787
-0.2628 0.432787
-0.25696 0.432787
-0.25112 0.432787
-0.24528 0.432787
-0.23944 0.432787
-0.2336 0.432787
-0.22776 0.432787
-0.22192 0.432787
-0.21608 0.432787
-0.21024 0.432787
-0.2044 0.432787
-0.19856 0.432787
-0.19272 0.432787
-0.18688 0.432787
-0.18104 0.432787
-0.1752 0.432787
-0.16936 0.432787
-0.16352 0.432787
-0.15768 0.432787
-0.15184 0.432787
-0.146 0.432787
-0.14016 0.432787
-0.13432 0.432787
-0.12848 0.432787
-0.12264 0.432787
-0.1168 0.432787
-0.11096 0.432787
-0.10512 0.432787
-0.09928 0.432787
-0.09344 0.432787
-0.0876 0.432787
-0.08176 0.432787
-0.07592 0.432787
-0.07008 0.432787
-0.06424 0.432787
-0.0584 0.432787
-0.05256 0.432787
-0.04672 0.432787
-0.04088 0.432787
-0.03504 0.432787
-0.0292 0.432787
-0.02336 0.432787
-0.01752 0.432787
-0.01168 0.432787
-0.00584 0.432787
