-2.92 0.458588
-2.91416 0.458588
-2.90832 0.458588
-2.90248 0.458588
-2.89664 0.458588
-2.8908 0.458588
-2.88496 0.458588
-2.87912 0.458588
-2.87328 0.458588
-2.86744 0.458588
-2.8616 0.458588
-2.85576 0.458588
-2.84992 0.458588
-2.84408 0.458588
-2.83824 0.458588
-2.8324 0.458588
-2.82656 0.458588
-2.82072 0.458588
-2.81488 0.458588
-2.80904 0.458588
-2.8032 0.458588
-2.79736 0.458588
-2.79152 0.458588
-2.78568 0.458588
-2.77984 0.458588
-2.774 0.458588
-2.76816 0.458588
-2.76232 0.458588
-2.75648 0.458588
-2.75064 0.458588
-2.7448 0.458588
-2.73896 0.458588
-2.73312 0.458588
-2.72728 0.458588
-2.72144 0.458588
-2.7156 0.458588
-2.70976 0.458588
-2.70392 0.458588
-2.69808 0.458588
-2.69224 0.458588
-2.6864 0.458588
-2.68056 0.458588
-2.67472 0.458588
-2.66888 0.458588
-2.66304 0.458588
-2.6572 0.458588
-2.65136 0.458588
-2.64552 0.458588
-2.63968 0.458588
-2.63384 0.458588
-2.628 0.458588
-2.62216 0.458588
-2.61632 0.458588
-2.61048 0.458588
-2.60464 0.458588
-2.5988 0.458588
-2.59296 0.458143
-2.58712 0.457524
-2.58128 0.456815
-2.57544 0.45593
-2.5696 0.454999
-2.56376 0.454022
-2.55792 0.452957
-2.55208 0.451846
-2.54624 0.450648
-2.5404 0.4494
-2.53456 0.448063
-2.52872 0.446638
-2.52288 0.445167
-2.51704 0.443568
-2.5112 0.441834
-2.50536 0.440101
-2.49952 0.438905
-2.49368 0.438089
-2.48784 0.437062
-2.482 0.436987
-2.47616 0.435694
-2.47032 0.435517
-2.46448 0.4348
-2.45864 0.434163
-2.4528 0.433274
-2.44696 0.433353
-2.44112 0.432711
-2.43528 0.431943
-2.42944 0.431626
-2.4236 0.431436
-2.41776 0.430708
-2.41192 0.430772
-2.40608 0.430162
-2.40024 0.430146
-2.3944 0.428234
-2.38856 0.428378
-2.38272 0.427346
-2.37688 0.424558
-2.37104 0.427288
-2.3652 0.426005
-2.35936 0.425172
-2.35352 0.425356
-2.34768 0.425412
-2.34184 0.42479
-2.336 0.42296
-2.33016 0.421721
-2.32432 0.423222
-2.31848 0.421817
-2.31264 0.41908
-2.3068 0.418327
-2.30096 0.417992
-2.29512 0.419677
-2.28928 0.418212
-2.28344 0.418407
-2.2776 0.416646
-2.27176 0.416078
-2.26592 0.41639
-2.26008 0.415809
-2.25424 0.416614
-2.2484 0.416741
-2.24256 0.415604
-2.23672 0.413316
-2.23088 0.411684
-2.22504 0.411911
-2.2192 0.407018
-2.21336 0.406285
-2.20752 0.40582
-2.20168 0.405627
-2.19584 0.39958
-2.19 0.40043
-2.18416 0.396981
-2.17832 0.394348
-2.17248 0.392056
-2.16664 0.391978
-2.1608 0.386653
-2.15496 0.383743
-2.14912 0.38246
-2.14328 0.381207
-2.13744 0.378707
-2.1316 0.376299
-2.12576 0.375427
-2.11992 0.37137
-2.11408 0.372876
-2.10824 0.36985
-2.1024 0.366204
-2.09656 0.365331
-2.09072 0.363095
-2.08488 0.359295
-2.07904 0.358057
-2.0732 0.355538
-2.06736 0.354558
-2.06152 0.355648
-2.05568 0.350603
-2.04984 0.349802
-2.044 0.349692
-2.03816 0.345623
-2.03232 0.344941
-2.02648 0.34386
-2.02064 0.341859
-2.0148 0.340478
-2.00896 0.338422
-2.00312 0.336733
-1.99728 0.336648
-1.99144 0.334669
-1.9856 0.334583
-1.97976 0.329958
-1.97392 0.329942
-1.96808 0.325484
-1.96224 0.328364
-1.9564 0.330318
-1.95056 0.326258
-1.94472 0.325244
-1.93888 0.32318
-1.93304 0.32157
-1.9272 0.316646
-1.92136 0.313603
-1.91552 0.312984
-1.90968 0.30979
-1.90384 0.311204
-1.898 0.304901
-1.89216 0.302772
-1.88632 0.299
-1.88048 0.297933
-1.87464 0.294658
-1.8688 0.290886
-1.86296 0.288209
-1.85712 0.285218
-1.85128 0.281752
-1.84544 0.279132
-1.8396 0.27695
-1.83376 0.272319
-1.82792 0.265098
-1.82208 0.267064
-1.81624 0.260887
-1.8104 0.259195
-1.80456 0.254979
-1.79872 0.252987
-1.79288 0.252133
-1.78704 0.242901
-1.7812 0.2392
-1.77536 0.240641
-1.76952 0.2349
-1.76368 0.233123
-1.75784 0.228876
-1.752 0.228597
-1.74616 0.224891
-1.74032 0.219949
-1.73448 0.217424
-1.72864 0.215984
-1.7228 0.208955
-1.71696 0.207156
-1.71112 0.20616
-1.70528 0.200679
-1.69944 0.199822
-1.6936 0.196557
-1.68776 0.192596
-1.68192 0.190389
-1.67608 0.190151
-1.67024 0.183889
-1.6644 0.183686
-1.65856 0.181395
-1.65272 0.182164
-1.64688 0.179343
-1.64104 0.178641
-1.6352 0.180239
-1.62936 0.181115
-1.62352 0.179267
-1.61768 0.177969
-1.61184 0.178188
-1.606 0.179372
-1.60016 0.17858
-1.59432 0.1784
-1.58848 0.176394
-1.58264 0.175743
-1.5768 0.177967
-1.57096 0.180421
-1.56512 0.17753
-1.55928 0.181074
-1.55344 0.184693
-1.5476 0.185725
-1.54176 0.185218
-1.53592 0.189194
-1.53008 0.188093
-1.52424 0.183995
-1.5184 0.182096
-1.51256 0.18831
-1.50672 0.185395
-1.50088 0.1868
-1.49504 0.194019
-1.4892 0.192249
-1.48336 0.190092
-1.47752 0.19353
-1.47168 0.194423
-1.46584 0.194873
-1.46 0.19469
-1.45416 0.191295
-1.44832 0.193511
-1.44248 0.197612
-1.43664 0.196066
-1.4308 0.194632
-1.42496 0.195534
-1.41912 0.196002
-1.41328 0.19723
-1.40744 0.19943
-1.4016 0.199942
-1.39576 0.198115
-1.38992 0.198934
-1.38408 0.195593
-1.37824 0.191747
-1.3724 0.200507
-1.36656 0.197507
-1.36072 0.19926
-1.35488 0.199429
-1.34904 0.197759
-1.3432 0.202227
-1.33736 0.199527
-1.33152 0.20178
-1.32568 0.20695
-1.31984 0.203289
-1.314 0.205769
-1.30816 0.209034
-1.30232 0.204439
-1.29648 0.206934
-1.29064 0.206601
-1.2848 0.207283
-1.27896 0.213339
-1.27312 0.210731
-1.26728 0.212971
-1.26144 0.212833
-1.2556 0.214288
-1.24976 0.215674
-1.24392 0.215971
-1.23808 0.216328
-1.23224 0.218244
-1.2264 0.220875
-1.22056 0.222177
-1.21472 0.224599
-1.20888 0.225428
-1.20304 0.229211
-1.1972 0.23219
-1.19136 0.235168
-1.18552 0.236362
-1.17968 0.240212
-1.17384 0.24201
-1.168 0.242796
-1.16216 0.246603
-1.15632 0.24671
-1.15048 0.249077
-1.14464 0.250599
-1.1388 0.251018
-1.13296 0.256749
-1.12712 0.257345
-1.12128 0.261047
-1.11544 0.265535
-1.1096 0.269181
-1.10376 0.268991
-1.09792 0.272975
-1.09208 0.273794
-1.08624 0.273246
-1.0804 0.273411
-1.07456 0.278384
-1.06872 0.281194
-1.06288 0.280028
-1.05704 0.289195
-1.0512 0.290301
-1.04536 0.290059
-1.03952 0.293251
-1.03368 0.297319
-1.02784 0.29677
-1.022 0.299565
-1.01616 0.298608
-1.01032 0.302401
-1.00448 0.305407
-0.99864 0.307034
-0.9928 0.306756
-0.98696 0.309304
-0.98112 0.310247
-0.97528 0.313504
-0.96944 0.314097
-0.9636 0.31721
-0.95776 0.31717
-0.95192 0.318539
-0.94608 0.317579
-0.94024 0.3181
-0.9344 0.32281
-0.92856 0.325326
-0.92272 0.325369
-0.91688 0.32796
-0.91104 0.3296
-0.9052 0.332954
-0.89936 0.335759
-0.89352 0.336866
-0.88768 0.339953
-0.88184 0.341616
-0.876 0.343155
-0.87016 0.34533
-0.86432 0.34501
-0.85848 0.347095
-0.85264 0.348655
-0.8468 0.349971
-0.84096 0.35604
-0.83512 0.355792
-0.82928 0.357534
-0.82344 0.359304
-0.8176 0.361075
-0.81176 0.362937
-0.80592 0.364465
-0.80008 0.365048
-0.79424 0.367963
-0.7884 0.36944
-0.78256 0.371036
-0.77672 0.371582
-0.77088 0.373097
-0.76504 0.375367
-0.7592 0.375957
-0.75336 0.378562
-0.74752 0.378647
-0.74168 0.382133
-0.73584 0.379453
-0.73 0.378767
-0.72416 0.37782
-0.71832 0.37886
-0.71248 0.377405
-0.70664 0.378145
-0.7008 0.378763
-0.69496 0.377431
-0.68912 0.378547
-0.68328 0.378775
-0.67744 0.379513
-0.6716 0.380956
-0.66576 0.381843
-0.65992 0.381338
-0.65408 0.382123
-0.64824 0.380909
-0.6424 0.380519
-0.63656 0.382287
-0.63072 0.381722
-0.62488 0.382678
-0.61904 0.385017
-0.6132 0.385247
-0.60736 0.38573
-0.60152 0.385533
-0.59568 0.385533
-0.58984 0.385533
-0.584 0.385533
-0.57816 0.385533
-0.57232 0.385533
-0.56648 0.385533
-0.56064 0.385533
-0.5548 0.385533
-0.54896 0.385533
-0.54312 0.385533
-0.53728 0.385533
-0.53144 0.385533
-0.5256 0.385533
-0.51976 0.385533
-0.51392 0.385533
-0.50808 0.385533
-0.50224 0.385533
-0.4964 0.385533
-0.49056 0.385533
-0.48472 0.385533
-0.47888 0.385533
-0.47304 0.385533
-0.4672 0.385533
-0.46136 0.385533
-0.45552 0.385533
-0.44968 0.385533
-0.44384 0.385533
-0.438 0.385533
-0.43216 0.385533
-0.42632 0.385533
-0.42048 0.385533
-0.41464 0.385533
-0.4088 0.385533
-0.40296 0.385533
-0.39712 0.385533
-0.39128 0.385533
-0.38544 0.385533
-0.3796 0.385533
-0.37376 0.385533
-0.36792 0.385533
-0.36208 0.385533
-0.35624 0.385533
-0.3504 0.385533
-0.34456 0.385533
-0.33872 0.385533
-0.33288 0.385533
-0.32704 0.385533
-0.3212 0.385533
-0.31536 0.385533
-0.30952 0.385533
-0.30368 0.385533
-0.29784 0.385533
-0.292 0.385533
-0.28616 0.385533
-0.28032 0.385533
-0.27448 0.385533
-0.26864 0.385533
-0.2628 0.385533
-0.25696 0.385533
-0.25112 0.385533
-0.24528 0.385533
-0.23944 0.385533
-0.2336 0.385533
-0.22776 0.385533
-0.22192 0.385533
-0.21608 0.385533
-0.21024 0.385533
-0.2044 0.385533
-0.19856 0.385533
-0.19272 0.385533
-0.18688 0.385533
-0.18104 0.385533
-0.1752 0.385533
-0.16936 0.385533
-0.16352 0.385533
-0.15768 0.385533
-0.15184 0.385533
-0.146 0.385533
-0.14016 0.385533
-0.13432 0.385533
-0.12848 0.385533
-0.12264 0.385533
-0.1168 0.385533
-0.11096 0.385533
-0.10512 0.385533
-0.09928 0.385533
-0.09344 0.385533
-0.0876 0.385533
-0.08176 0.385533
-0.07592 0.385533
-0.07008 0.385533
-0.06424 0.385533
-0.0584 0.385533
-0.05256 0.385533
-0.04672 0.385533
-0.04088 0.385533
-0.03504 0.385533
-0.0292 0.385533
-0.02336 0.385533
-0.01752 0.385533
-0.01168 0.385533
-0.00584 0.385533
