-2.92 0.479653
-2.91416 0.479653
-2.90832 0.479653
-2.90248 0.479653
-2.89664 0.479653
-2.8908 0.479653
-2.88496 0.479653
-2.87912 0.479653
-2.87328 0.479653
-2.86744 0.479653
-2.8616 0.479653
-2.85576 0.479653
-2.84992 0.479653
-2.84408 0.479653
-2.83824 0.479653
-2.8324 0.479653
-2.82656 0.479653
-2.82072 0.479653
-2.81488 0.479653
-2.80904 0.479653
-2.8032 0.479653
-2.79736 0.479653
-2.79152 0.479653
-2.78568 0.479653
-2.77984 0.479653
-2.774 0.479653
-2.76816 0.479653
-2.76232 0.479653
-2.75648 0.479653
-2.75064 0.479653
-2.7448 0.479653
-2.73896 0.479653
-2.73312 0.479653
-2.72728 0.479653
-2.72144 0.479653
-2.7156 0.479653
-2.70976 0.479653
-2.70392 0.479653
-2.69808 0.479653
-2.69224 0.479653
-2.6864 0.479653
-2.68056 0.479653
-2.67472 0.479653
-2.66888 0.479653
-2.66304 0.479653
-2.6572 0.479653
-2.65136 0.479653
-2.64552 0.479653
-2.63968 0.479653
-2.63384 0.479653
-2.628 0.479653
-2.62216 0.479653
-2.61632 0.479653
-2.61048 0.479653
-2.60464 0.479653
-2.5988 0.479653
-2.59296 0.479169
-2.58712 0.478553
-2.58128 0.477893
-2.57544 0.477055
-2.5696 0.476084
-2.56376 0.474936
-2.55792 0.473745
-2.55208 0.472508
-2.54624 0.471183
-2.5404 0.469685
-2.53456 0.468138
-2.52872 0.466466
-2.52288 0.46475
-2.51704 0.462993
-2.5112 0.461059
-2.50536 0.45917
-2.49952 0.457563
-2.49368 0.456533
-2.48784 0.455083
-2.482 0.454629
-2.47616 0.452924
-2.47032 0.452367
-2.46448 0.450986
-2.45864 0.450468
-2.4528 0.450121
-2.44696 0.449979
-2.44112 0.447601
-2.43528 0.446911
-2.42944 0.445935
-2.4236 0.4445
-2.41776 0.444555
-2.41192 0.444686
-2.40608 0.44126
-2.40024 0.440931
-2.3944 0.441264
-2.38856 0.439952
-2.38272 0.437272
-2.37688 0.437399
-2.37104 0.436074
-2.3652 0.437045
-2.35936 0.433481
-2.35352 0.434027
-2.34768 0.431591
-2.34184 0.430186
-2.336 0.429777
-2.33016 0.429264
-2.32432 0.428792
-2.31848 0.428378
-2.31264 0.425969
-2.3068 0.427334
-2.30096 0.423555
-2.29512 0.423523
-2.28928 0.423651
-2.28344 0.423532
-2.2776 0.422255
-2.27176 0.421509
-2.26592 0.419972
-2.26008 0.419324
-2.25424 0.420496
-2.2484 0.418117
-2.24256 0.415989
-2.23672 0.41625
-2.23088 0.414552
-2.22504 0.4111
-2.2192 0.407008
-2.21336 0.405784
-2.20752 0.401754
-2.20168 0.398877
-2.19584 0.3966
-2.19 0.389288
-2.18416 0.387867
-2.17832 0.384774
-2.17248 0.381489
-2.16664 0.378215
-2.1608 0.374261
-2.15496 0.37035
-2.14912 0.366841
-2.14328 0.361428
-2.13744 0.355282
-2.1316 0.353482
-2.12576 0.349991
-2.11992 0.348051
-2.11408 0.345657
-2.10824 0.338814
-2.1024 0.334042
-2.09656 0.330045
-2.09072 0.325124
-2.08488 0.325169
-2.07904 0.322648
-2.0732 0.318171
-2.06736 0.312751
-2.06152 0.306686
-2.05568 0.302556
-2.04984 0.299387
-2.044 0.297036
-2.03816 0.292448
-2.03232 0.288405
-2.02648 0.2888
-2.02064 0.282095
-2.0148 0.27881
-2.00896 0.272316
-2.00312 0.272496
-1.99728 0.269634
-1.99144 0.267884
-1.9856 0.264736
-1.97976 0.264363
-1.97392 0.261791
-1.96808 0.257666
-1.96224 0.261457
-1.9564 0.257396
-1.95056 0.256783
-1.94472 0.256302
-1.93888 0.25287
-1.93304 0.251665
-1.9272 0.250628
-1.92136 0.249927
-1.91552 0.249417
-1.90968 0.246855
-1.90384 0.241674
-1.898 0.24818
-1.89216 0.245858
-1.88632 0.244074
-1.88048 0.24285
-1.87464 0.238702
-1.8688 0.237905
-1.86296 0.2388
-1.85712 0.235728
-1.85128 0.234102
-1.84544 0.23548
-1.8396 0.232328
-1.83376 0.230194
-1.82792 0.233394
-1.82208 0.232576
-1.81624 0.231844
-1.8104 0.230199
-1.80456 0.228147
-1.79872 0.228853
-1.79288 0.229263
-1.78704 0.22909
-1.7812 0.225127
-1.77536 0.226689
-1.76952 0.226852
-1.76368 0.22556
-1.75784 0.224961
-1.752 0.222818
-1.74616 0.224626
-1.74032 0.224864
-1.73448 0.226895
-1.72864 0.225967
-1.7228 0.222769
-1.71696 0.225047
-1.71112 0.226889
-1.70528 0.227384
-1.69944 0.225215
-1.6936 0.225736
-1.68776 0.229463
-1.68192 0.226979
-1.67608 0.225573
-1.67024 0.22141
-1.6644 0.223715
-1.65856 0.22401
-1.65272 0.222653
-1.64688 0.225323
-1.64104 0.224452
-1.6352 0.223401
-1.62936 0.221926
-1.62352 0.220905
-1.61768 0.224501
-1.61184 0.225882
-1.606 0.230155
-1.60016 0.226723
-1.59432 0.232238
-1.58848 0.230627
-1.58264 0.233561
-1.5768 0.237601
-1.57096 0.238595
-1.56512 0.238655
-1.55928 0.24236
-1.55344 0.248864
-1.5476 0.249806
-1.54176 0.249581
-1.53592 0.252358
-1.53008 0.25374
-1.52424 0.255386
-1.5184 0.256849
-1.51256 0.259938
-1.50672 0.263249
-1.50088 0.26502
-1.49504 0.265881
-1.4892 0.270895
-1.48336 0.273035
-1.47752 0.274607
-1.47168 0.279531
-1.46584 0.273805
-1.46 0.282443
-1.45416 0.282788
-1.44832 0.291194
-1.44248 0.291424
-1.43664 0.292184
-1.4308 0.295555
-1.42496 0.301272
-1.41912 0.297215
-1.41328 0.303994
-1.40744 0.302392
-1.4016 0.30613
-1.39576 0.309551
-1.38992 0.311791
-1.38408 0.318061
-1.37824 0.317993
-1.3724 0.318945
-1.36656 0.323252
-1.36072 0.322534
-1.35488 0.32451
-1.34904 0.324856
-1.3432 0.325695
-1.33736 0.330948
-1.33152 0.334397
-1.32568 0.33934
-1.31984 0.341087
-1.314 0.343601
-1.30816 0.342901
-1.30232 0.349284
-1.29648 0.351861
-1.29064 0.352141
-1.2848 0.354552
-1.27896 0.355982
-1.27312 0.359383
-1.26728 0.361546
-1.26144 0.35861
-1.2556 0.359777
-1.24976 0.367215
-1.24392 0.366838
-1.23808 0.368254
-1.23224 0.370837
-1.2264 0.37491
-1.22056 0.376576
-1.21472 0.376313
-1.20888 0.382
-1.20304 0.384913
-1.1972 0.38485
-1.19136 0.386407
-1.18552 0.38713
-1.17968 0.391219
-1.17384 0.394541
-1.168 0.399165
-1.16216 0.394966
-1.15632 0.398559
-1.15048 0.39881
-1.14464 0.398621
-1.1388 0.401062
-1.13296 0.403074
-1.12712 0.401343
-1.12128 0.406426
-1.11544 0.412295
-1.1096 0.414545
-1.10376 0.410787
-1.09792 0.412345
-1.09208 0.411446
-1.08624 0.414123
-1.0804 0.414864
-1.07456 0.416868
-1.06872 0.418371
-1.06288 0.41765
-1.05704 0.417248
-1.0512 0.419844
-1.04536 0.41822
-1.03952 0.416673
-1.03368 0.421672
-1.02784 0.412872
-1.022 0.418221
-1.01616 0.413716
-1.01032 0.417489
-1.00448 0.414176
-0.99864 0.413514
-0.9928 0.411048
-0.98696 0.412985
-0.98112 0.407219
-0.97528 0.410619
-0.96944 0.406378
-0.9636 0.407084
-0.95776 0.408301
-0.95192 0.404965
-0.94608 0.408284
-0.94024 0.405143
-0.9344 0.404157
-0.92856 0.404137
-0.92272 0.399432
-0.91688 0.399454
-0.91104 0.394505
-0.9052 0.394785
-0.89936 0.397783
-0.89352 0.398628
-0.88768 0.399697
-0.88184 0.397223
-0.876 0.398021
-0.87016 0.393856
-0.86432 0.396226
-0.85848 0.395407
-0.85264 0.394731
-0.8468 0.394227
-0.84096 0.39337
-0.83512 0.392721
-0.82928 0.392642
-0.82344 0.387003
-0.8176 0.389417
-0.81176 0.388029
-0.80592 0.388082
-0.80008 0.38747
-0.79424 0.385984
-0.7884 0.386632
-0.78256 0.385961
-0.77672 0.385645
-0.77088 0.383422
-0.76504 0.385783
-0.7592 0.385373
-0.75336 0.385308
-0.74752 0.385401
-0.74168 0.385473
-0.73584 0.385892
-0.73 0.386661
-0.72416 0.387073
-0.71832 0.387456
-0.71248 0.387879
-0.70664 0.388274
-0.7008 0.389202
-0.69496 0.389748
-0.68912 0.390702
-0.68328 0.391739
-0.67744 0.396348
-0.6716 0.397617
-0.66576 0.398611
-0.65992 0.39901
-0.65408 0.399058
-0.64824 0.400243
-0.6424 0.402684
-0.63656 0.403735
-0.63072 0.404906
-0.62488 0.404565
-0.61904 0.40405
-0.6132 0.403705
-0.60736 0.402764
-0.60152 0.403288
-0.59568 0.403288
-0.58984 0.403288
-0.584 0.403288
-0.57816 0.403288
-0.57232 0.403288
-0.56648 0.403288
-0.56064 0.403288
-0.5548 0.403288
-0.54896 0.403288
-0.54312 0.403288
-0.53728 0.403288
-0.53144 0.403288
-0.5256 0.403288
-0.51976 0.403288
-0.51392 0.403288
-0.50808 0.403288
-0.50224 0.403288
-0.4964 0.403288
-0.49056 0.403288
-0.48472 0.403288
-0.47888 0.403288
-0.47304 0.403288
-0.4672 0.403288
-0.46136 0.403288
-0.45552 0.403288
-0.44968 0.403288
-0.44384 0.403288
-0.438 0.403288
-0.43216 0.403288
-0.42632 0.403288
-0.42048 0.403288
-0.41464 0.403288
-0.4088 0.403288
-0.40296 0.403288
-0.39712 0.403288
-0.39128 0.403288
-0.38544 0.403288
-0.3796 0.403288
-0.37376 0.403288
-0.36792 0.403288
-0.36208 0.403288
-0.35624 0.403288
-0.3504 0.403288
-0.34456 0.403288
-0.33872 0.403288
-0.33288 0.403288
-0.32704 0.403288
-0.3212 0.403288
-0.31536 0.403288
-0.30952 0.403288
-0.30368 0.403288
-0.29784 0.403288
-0.292 0.403288
-0.28616 0.403288
-0.28032 0.403288
-0.27448 0.403288
-0.26864 0.403288
-0.2628 0.403288
-0.25696 0.403288
-0.25112 0.403288
-0.24528 0.403288
-0.23944 0.403288
-0.2336 0.403288
-0.22776 0.403288
-0.22192 0.403288
-0.21608 0.403288
-0.21024 0.403288
-0.2044 0.403288
-0.19856 0.403288
-0.19272 0.403288
-0.18688 0.403288
-0.18104 0.403288
-0.1752 0.403288
-0.16936 0.403288
-0.16352 0.403288
-0.15768 0.403288
-0.15184 0.403288
-0.146 0.403288
-0.14016 0.403288
-0.13432 0.403288
-0.12848 0.403288
-0.12264 0.403288
-0.1168 0.403288
-0.11096 0.403288
-0.10512 0.403288
-0.09928 0.403288
-0.09344 0.403288
-0.0876 0.403288
-0.08176 0.403288
-0.07592 0.403288
-0.07008 0.403288
-0.06424 0.403288
-0.0584 0.403288
-0.05256 0.403288
-0.04672 0.403288
-0.04088 0.403288
-0.03504 0.403288
-0.0292 0.403288
-0.02336 0.403288
-0.01752 0.403288
-0.01168 0.403288
-0.00584 0.403288
