-2.92 0.530719
-2.91416 0.530719
-2.90832 0.530719
-2.90248 0.530719
-2.89664 0.530719
-2.8908 0.530719
-2.88496 0.530719
-2.87912 0.530719
-2.87328 0.530719
-2.86744 0.530719
-2.8616 0.530719
-2.85576 0.530719
-2.84992 0.530719
-2.84408 0.530719
-2.83824 0.530719
-2.8324 0.530719
-2.82656 0.530719
-2.82072 0.530719
-2.81488 0.530719
-2.80904 0.530719
-2.8032 0.530719
-2.79736 0.530719
-2.79152 0.530719
-2.78568 0.530719
-2.77984 0.530719
-2.774 0.530719
-2.76816 0.530719
-2.76232 0.530719
-2.75648 0.530719
-2.75064 0.530719
-2.7448 0.530719
-2.73896 0.530719
-2.73312 0.530719
-2.72728 0.530719
-2.72144 0.530719
-2.7156 0.530719
-2.70976 0.530719
-2.70392 0.530719
-2.69808 0.530719
-2.69224 0.530719
-2.6864 0.530719
-2.68056 0.530719
-2.67472 0.530719
-2.66888 0.530719
-2.66304 0.530719
-2.6572 0.530719
-2.65136 0.530719
-2.64552 0.530719
-2.63968 0.530719
-2.63384 0.530719
-2.628 0.530719
-2.62216 0.530719
-2.61632 0.530719
-2.61048 0.530719
-2.60464 0.530719
-2.5988 0.530719
-2.59296 0.529922
-2.58712 0.528903
-2.58128 0.527839
-2.57544 0.52664
-2.5696 0.52531
-2.56376 0.523846
-2.55792 0.522292
-2.55208 0.520783
-2.54624 0.519183
-2.5404 0.517583
-2.53456 0.515937
-2.52872 0.514245
-2.52288 0.512469
-2.51704 0.510557
-2.5112 0.508602
-2.50536 0.506514
-2.49952 0.50488
-2.49368 0.503701
-2.48784 0.50248
-2.482 0.501266
-2.47616 0.500439
-2.47032 0.499812
-2.46448 0.49774
-2.45864 0.497236
-2.4528 0.495859
-2.44696 0.495434
-2.44112 0.494217
-2.43528 0.494275
-2.42944 0.493134
-2.4236 0.491202
-2.41776 0.492331
-2.41192 0.49102
-2.40608 0.489631
-2.40024 0.489596
-2.3944 0.488571
-2.38856 0.487122
-2.38272 0.487587
-2.37688 0.486433
-2.37104 0.48403
-2.3652 0.485787
-2.35936 0.484083
-2.35352 0.484284
-2.34768 0.482709
-2.34184 0.481306
-2.336 0.480768
-2.33016 0.481933
-2.32432 0.479645
-2.31848 0.47806
-2.31264 0.47781
-2.3068 0.477311
-2.30096 0.477113
-2.29512 0.474983
-2.28928 0.472405
-2.28344 0.475285
-2.2776 0.473297
-2.27176 0.473851
-2.26592 0.471678
-2.26008 0.471529
-2.25424 0.470777
-2.2484 0.473867
-2.24256 0.46893
-2.23672 0.469233
-2.23088 0.466365
-2.22504 0.464094
-2.2192 0.459938
-2.21336 0.458867
-2.20752 0.459097
-2.20168 0.456324
-2.19584 0.453508
-2.19 0.447829
-2.18416 0.449372
-2.17832 0.443929
-2.17248 0.442702
-2.16664 0.438813
-2.1608 0.438419
-2.15496 0.435157
-2.14912 0.432117
-2.14328 0.431407
-2.13744 0.425746
-2.1316 0.426459
-2.12576 0.423392
-2.11992 0.418493
-2.11408 0.417857
-2.10824 0.415739
-2.1024 0.411885
-2.09656 0.411198
-2.09072 0.405263
-2.08488 0.405409
-2.07904 0.40128
-2.0732 0.399284
-2.06736 0.395483
-2.06152 0.393969
-2.05568 0.395819
-2.04984 0.387742
-2.044 0.385492
-2.03816 0.384233
-2.03232 0.381958
-2.02648 0.38262
-2.02064 0.377627
-2.0148 0.375655
-2.00896 0.370779
-2.00312 0.370102
-1.99728 0.367486
-1.99144 0.365073
-1.9856 0.366825
-1.97976 0.360683
-1.97392 0.359316
-1.96808 0.356367
-1.96224 0.354196
-1.9564 0.352757
-1.95056 0.347842
-1.94472 0.345941
-1.93888 0.337103
-1.93304 0.336635
-1.9272 0.332318
-1.92136 0.333942
-1.91552 0.329733
-1.90968 0.323044
-1.90384 0.319837
-1.898 0.313735
-1.89216 0.314184
-1.88632 0.307338
-1.88048 0.308244
-1.87464 0.302617
-1.8688 0.298458
-1.86296 0.29352
-1.85712 0.29195
-1.85128 0.286487
-1.84544 0.279817
-1.8396 0.278924
-1.83376 0.277151
-1.82792 0.273279
-1.82208 0.272808
-1.81624 0.263517
-1.8104 0.258328
-1.80456 0.257829
-1.79872 0.25116
-1.79288 0.246849
-1.78704 0.246532
-1.7812 0.241186
-1.77536 0.238431
-1.76952 0.235803
-1.76368 0.232461
-1.75784 0.227312
-1.752 0.225106
-1.74616 0.218708
-1.74032 0.217175
-1.73448 0.211144
-1.72864 0.207926
-1.7228 0.204154
-1.71696 0.202815
-1.71112 0.195207
-1.70528 0.193134
-1.69944 0.192078
-1.6936 0.189788
-1.68776 0.185794
-1.68192 0.181451
-1.67608 0.17842
-1.67024 0.178185
-1.6644 0.176733
-1.65856 0.173714
-1.65272 0.171538
-1.64688 0.172637
-1.64104 0.170979
-1.6352 0.170202
-1.62936 0.165919
-1.62352 0.166268
-1.61768 0.168954
-1.61184 0.165242
-1.606 0.1681
-1.60016 0.168109
-1.59432 0.170475
-1.58848 0.167298
-1.58264 0.171225
-1.5768 0.165596
-1.57096 0.168562
-1.56512 0.171387
-1.55928 0.17224
-1.55344 0.170004
-1.5476 0.177762
-1.54176 0.172372
-1.53592 0.177279
-1.53008 0.169722
-1.52424 0.175309
-1.5184 0.171537
-1.51256 0.175592
-1.50672 0.173618
-1.50088 0.176537
-1.49504 0.17264
-1.4892 0.181145
-1.48336 0.177174
-1.47752 0.179697
-1.47168 0.178493
-1.46584 0.181402
-1.46 0.183993
-1.45416 0.183845
-1.44832 0.187006
-1.44248 0.18485
-1.43664 0.184592
-1.4308 0.184908
-1.42496 0.186851
-1.41912 0.189866
-1.41328 0.190283
-1.40744 0.189473
-1.4016 0.191456
-1.39576 0.190828
-1.38992 0.192769
-1.38408 0.196327
-1.37824 0.192451
-1.3724 0.192801
-1.36656 0.196886
-1.36072 0.199915
-1.35488 0.194058
-1.34904 0.195485
-1.3432 0.193807
-1.33736 0.194674
-1.33152 0.195797
-1.32568 0.199699
-1.31984 0.202947
-1.314 0.200216
-1.30816 0.202132
-1.30232 0.199842
-1.29648 0.200439
-1.29064 0.201082
-1.2848 0.202401
-1.27896 0.204836
-1.27312 0.206222
-1.26728 0.209026
-1.26144 0.210503
-1.2556 0.212406
-1.24976 0.216372
-1.24392 0.218932
-1.23808 0.225537
-1.23224 0.226261
-1.2264 0.232065
-1.22056 0.234392
-1.21472 0.239015
-1.20888 0.241359
-1.20304 0.241298
-1.1972 0.243746
-1.19136 0.246977
-1.18552 0.249737
-1.17968 0.252363
-1.17384 0.255677
-1.168 0.258973
-1.16216 0.259778
-1.15632 0.263573
-1.15048 0.262658
-1.14464 0.267448
-1.1388 0.265738
-1.13296 0.270674
-1.12712 0.269499
-1.12128 0.275391
-1.11544 0.276633
-1.1096 0.280891
-1.10376 0.282527
-1.09792 0.286176
-1.09208 0.282775
-1.08624 0.288768
-1.0804 0.287268
-1.07456 0.292441
-1.06872 0.292547
-1.06288 0.297831
-1.05704 0.297106
-1.0512 0.305624
-1.04536 0.305106
-1.03952 0.308609
-1.03368 0.311212
-1.02784 0.315344
-1.022 0.316642
-1.01616 0.320748
-1.01032 0.323361
-1.00448 0.325378
-0.99864 0.326517
-0.9928 0.326277
-0.98696 0.329205
-0.98112 0.333181
-0.97528 0.334963
-0.96944 0.336844
-0.9636 0.338739
-0.95776 0.341001
-0.95192 0.343911
-0.94608 0.345944
-0.94024 0.345774
-0.9344 0.349166
-0.92856 0.352701
-0.92272 0.356306
-0.91688 0.352978
-0.91104 0.354501
-0.9052 0.356024
-0.89936 0.357071
-0.89352 0.360547
-0.88768 0.364284
-0.88184 0.36512
-0.876 0.364889
-0.87016 0.370888
-0.86432 0.370816
-0.85848 0.370422
-0.85264 0.372805
-0.8468 0.37443
-0.84096 0.377656
-0.83512 0.379445
-0.82928 0.383296
-0.82344 0.384491
-0.8176 0.387498
-0.81176 0.390757
-0.80592 0.393273
-0.80008 0.395882
-0.79424 0.397515
-0.7884 0.400339
-0.78256 0.401985
-0.77672 0.4041
-0.77088 0.405851
-0.76504 0.406445
-0.7592 0.408434
-0.75336 0.410156
-0.74752 0.411251
-0.74168 0.410472
-0.73584 0.410425
-0.73 0.411226
-0.72416 0.409461
-0.71832 0.411387
-0.71248 0.409914
-0.70664 0.411543
-0.7008 0.407914
-0.69496 0.40778
-0.68912 0.408642
-0.68328 0.407719
-0.67744 0.409625
-0.6716 0.408468
-0.66576 0.410452
-0.65992 0.409955
-0.65408 0.409555
-0.64824 0.41107
-0.6424 0.409194
-0.63656 0.410494
-0.63072 0.411711
-0.62488 0.412711
-0.61904 0.413667
-0.6132 0.41554
-0.60736 0.415691
-0.60152 0.415625
-0.59568 0.415625
-0.58984 0.415625
-0.584 0.415625
-0.57816 0.415625
-0.57232 0.415625
-0.56648 0.415625
-0.56064 0.415625
-0.5548 0.415625
-0.54896 0.415625
-0.54312 0.415625
-0.53728 0.415625
-0.53144 0.415625
-0.5256 0.415625
-0.51976 0.415625
-0.51392 0.415625
-0.50808 0.415625
-0.50224 0.415625
-0.4964 0.415625
-0.49056 0.415625
-0.48472 0.415625
-0.47888 0.415625
-0.47304 0.415625
-0.4672 0.415625
-0.46136 0.415625
-0.45552 0.415625
-0.44968 0.415625
-0.44384 0.415625
-0.438 0.415625
-0.43216 0.415625
-0.42632 0.415625
-0.42048 0.415625
-0.41464 0.415625
-0.4088 0.415625
-0.40296 0.415625
-0.39712 0.415625
-0.39128 0.415625
-0.38544 0.415625
-0.3796 0.415625
-0.37376 0.415625
-0.36792 0.415625
-0.36208 0.415625
-0.35624 0.415625
-0.3504 0.415625
-0.34456 0.415625
-0.33872 0.415625
-0.33288 0.415625
-0.32704 0.415625
-0.3212 0.415625
-0.31536 0.415625
-0.30952 0.415625
-0.30368 0.415625
-0.29784 0.415625
-0.292 0.415625
-0.28616 0.415625
-0.28032 0.415625
-0.27448 0.415625
-0.26864 0.415625
-0.2628 0.415625
-0.25696 0.415625
-0.25112 0.415625
-0.24528 0.415625
-0.23944 0.415625
-0.2336 0.415625
-0.22776 0.415625
-0.22192 0.415625
-0.21608 0.415625
-0.21024 0.415625
-0.2044 0.415625
-0.19856 0.415625
-0.19272 0.415625
-0.18688 0.415625
-0.18104 0.415625
-0.1752 0.415625
-0.16936 0.415625
-0.16352 0.415625
-0.15768 0.415625
-0.15184 0.415625
-0.146 0.415625
-0.14016 0.415625
-0.13432 0.415625
-0.12848 0.415625
-0.12264 0.415625
-0.1168 0.415625
-0.11096 0.415625
-0.10512 0.415625
-0.09928 0.415625
-0.09344 0.415625
-0.0876 0.415625
-0.08176 0.415625
-0.07592 0.415625
-0.07008 0.415625
-0.06424 0.415625
-0.0584 0.415625
-0.05256 0.415625
-0.04672 0.415625
-0.04088 0.415625
-0.03504 0.415625
-0.0292 0.415625
-0.02336 0.415625
-0.01752 0.415625
-0.01168 0.415625
-0.00584 0.415625
