-2.92 0.468381
-2.91416 0.468381
-2.90832 0.468381
-2.90248 0.468381
-2.89664 0.468381
-2.8908 0.468381
-2.88496 0.468381
-2.87912 0.468381
-2.87328 0.468381
-2.86744 0.468381
-2.8616 0.468381
-2.85576 0.468381
-2.84992 0.468381
-2.84408 0.468381
-2.83824 0.468381
-2.8324 0.468381
-2.82656 0.468381
-2.82072 0.468381
-2.81488 0.468381
-2.80904 0.468381
-2.8032 0.468381
-2.79736 0.468381
-2.79152 0.468381
-2.78568 0.468381
-2.77984 0.468381
-2.774 0.468381
-2.76816 0.468381
-2.76232 0.468381
-2.75648 0.468381
-2.75064 0.468381
-2.7448 0.468381
-2.73896 0.468381
-2.73312 0.468381
-2.72728 0.468381
-2.72144 0.468381
-2.7156 0.468381
-2.70976 0.468381
-2.70392 0.468381
-2.69808 0.468381
-2.69224 0.468381
-2.6864 0.468381
-2.68056 0.468381
-2.67472 0.468381
-2.66888 0.468381
-2.66304 0.468381
-2.6572 0.468381
-2.65136 0.468381
-2.64552 0.468381
-2.63968 0.468381
-2.63384 0.468381
-2.628 0.468381
-2.62216 0.468381
-2.61632 0.468381
-2.61048 0.468381
-2.60464 0.468381
-2.5988 0.468381
-2.59296 0.468026
-2.58712 0.467406
-2.58128 0.466696
-2.57544 0.465941
-2.5696 0.465008
-2.56376 0.463942
-2.55792 0.462742
-2.55208 0.461587
-2.54624 0.460342
-2.5404 0.458876
-2.53456 0.457407
-2.52872 0.455851
-2.52288 0.454339
-2.51704 0.452694
-2.5112 0.45096
-2.50536 0.449139
-2.49952 0.447438
-2.49368 0.445904
-2.48784 0.444325
-2.482 0.442626
-2.47616 0.441245
-2.47032 0.439773
-2.46448 0.438176
-2.45864 0.436742
-2.4528 0.435591
-2.44696 0.435099
-2.44112 0.433659
-2.43528 0.432381
-2.42944 0.432304
-2.4236 0.431067
-2.41776 0.430114
-2.41192 0.429671
-2.40608 0.429545
-2.40024 0.429594
-2.3944 0.428469
-2.38856 0.428175
-2.38272 0.426806
-2.37688 0.42679
-2.37104 0.425496
-2.3652 0.425985
-2.35936 0.424276
-2.35352 0.423314
-2.34768 0.422517
-2.34184 0.424207
-2.336 0.423814
-2.33016 0.423184
-2.32432 0.422291
-2.31848 0.421362
-2.31264 0.421892
-2.3068 0.423046
-2.30096 0.422571
-2.29512 0.422829
-2.28928 0.419359
-2.28344 0.421751
-2.2776 0.422326
-2.27176 0.421105
-2.26592 0.420896
-2.26008 0.421436
-2.25424 0.419828
-2.2484 0.4209
-2.24256 0.41904
-2.23672 0.419188
-2.23088 0.419284
-2.22504 0.416926
-2.2192 0.421313
-2.21336 0.417141
-2.20752 0.417357
-2.20168 0.416828
-2.19584 0.417136
-2.19 0.416119
-2.18416 0.415845
-2.17832 0.413666
-2.17248 0.412471
-2.16664 0.409161
-2.1608 0.412675
-2.15496 0.408256
-2.14912 0.409222
-2.14328 0.407505
-2.13744 0.404471
-2.1316 0.408285
-2.12576 0.403096
-2.11992 0.405024
-2.11408 0.405568
-2.10824 0.399029
-2.1024 0.39707
-2.09656 0.3987
-2.09072 0.396301
-2.08488 0.395503
-2.07904 0.392003
-2.0732 0.39214
-2.06736 0.392343
-2.06152 0.387795
-2.05568 0.386015
-2.04984 0.383827
-2.044 0.384519
-2.03816 0.384145
-2.03232 0.379813
-2.02648 0.378198
-2.02064 0.375703
-2.0148 0.373177
-2.00896 0.375149
-2.00312 0.374418
-1.99728 0.368582
-1.99144 0.371055
-1.9856 0.366711
-1.97976 0.365716
-1.97392 0.365916
-1.96808 0.362902
-1.96224 0.362656
-1.9564 0.360835
-1.95056 0.358131
-1.94472 0.354874
-1.93888 0.347818
-1.93304 0.348815
-1.9272 0.344352
-1.92136 0.34064
-1.91552 0.341606
-1.90968 0.335813
-1.90384 0.336854
-1.898 0.330739
-1.89216 0.324223
-1.88632 0.324499
-1.88048 0.319568
-1.87464 0.31686
-1.8688 0.311172
-1.86296 0.31264
-1.85712 0.304628
-1.85128 0.298728
-1.84544 0.296039
-1.8396 0.299409
-1.83376 0.291146
-1.82792 0.289018
-1.82208 0.283767
-1.81624 0.280641
-1.8104 0.281562
-1.80456 0.276752
-1.79872 0.270986
-1.79288 0.266495
-1.78704 0.260484
-1.7812 0.258721
-1.77536 0.256999
-1.76952 0.254045
-1.76368 0.248077
-1.75784 0.244119
-1.752 0.241462
-1.74616 0.234577
-1.74032 0.231813
-1.73448 0.229992
-1.72864 0.227311
-1.7228 0.21972
-1.71696 0.219805
-1.71112 0.216784
-1.70528 0.215641
-1.69944 0.20535
-1.6936 0.208043
-1.68776 0.202534
-1.68192 0.199238
-1.67608 0.197389
-1.67024 0.191068
-1.6644 0.192466
-1.65856 0.187071
-1.65272 0.190396
-1.64688 0.186249
-1.64104 0.183678
-1.6352 0.186953
-1.62936 0.183238
-1.62352 0.184369
-1.61768 0.186035
-1.61184 0.18249
-1.606 0.181178
-1.60016 0.181912
-1.59432 0.183943
-1.58848 0.181145
-1.58264 0.182025
-1.5768 0.175252
-1.57096 0.179826
-1.56512 0.179122
-1.55928 0.176797
-1.55344 0.178516
-1.5476 0.179466
-1.54176 0.176696
-1.53592 0.177614
-1.53008 0.177513
-1.52424 0.180758
-1.5184 0.176463
-1.51256 0.175085
-1.50672 0.178072
-1.50088 0.17123
-1.49504 0.17225
-1.4892 0.179422
-1.48336 0.175617
-1.47752 0.176911
-1.47168 0.177257
-1.46584 0.17524
-1.46 0.176361
-1.45416 0.177986
-1.44832 0.181357
-1.44248 0.181525
-1.43664 0.179617
-1.4308 0.181507
-1.42496 0.17956
-1.41912 0.182353
-1.41328 0.179639
-1.40744 0.181102
-1.4016 0.182402
-1.39576 0.180855
-1.38992 0.180752
-1.38408 0.18231
-1.37824 0.184006
-1.3724 0.182977
-1.36656 0.180474
-1.36072 0.182373
-1.35488 0.178537
-1.34904 0.178087
-1.3432 0.178153
-1.33736 0.180428
-1.33152 0.181494
-1.32568 0.180334
-1.31984 0.182393
-1.314 0.181644
-1.30816 0.183952
-1.30232 0.181549
-1.29648 0.182492
-1.29064 0.182915
-1.2848 0.182115
-1.27896 0.183301
-1.27312 0.185176
-1.26728 0.187467
-1.26144 0.187609
-1.2556 0.191282
-1.24976 0.194184
-1.24392 0.199477
-1.23808 0.201123
-1.23224 0.205456
-1.2264 0.206388
-1.22056 0.207185
-1.21472 0.212791
-1.20888 0.214032
-1.20304 0.215079
-1.1972 0.218071
-1.19136 0.220946
-1.18552 0.224283
-1.17968 0.227826
-1.17384 0.226733
-1.168 0.230528
-1.16216 0.232241
-1.15632 0.238987
-1.15048 0.237135
-1.14464 0.237576
-1.1388 0.238049
-1.13296 0.241611
-1.12712 0.243855
-1.12128 0.245887
-1.11544 0.248186
-1.1096 0.254114
-1.10376 0.252737
-1.09792 0.254835
-1.09208 0.261352
-1.08624 0.264173
-1.0804 0.262408
-1.07456 0.260376
-1.06872 0.267028
-1.06288 0.266323
-1.05704 0.266245
-1.0512 0.274106
-1.04536 0.275991
-1.03952 0.277903
-1.03368 0.281837
-1.02784 0.28327
-1.022 0.285966
-1.01616 0.289555
-1.01032 0.290942
-1.00448 0.292261
-0.99864 0.295061
-0.9928 0.29636
-0.98696 0.297207
-0.98112 0.301879
-0.97528 0.300956
-0.96944 0.304165
-0.9636 0.304162
-0.95776 0.306152
-0.95192 0.308093
-0.94608 0.309959
-0.94024 0.312655
-0.9344 0.313828
-0.92856 0.3123
-0.92272 0.31605
-0.91688 0.313519
-0.91104 0.315244
-0.9052 0.318113
-0.89936 0.318445
-0.89352 0.321917
-0.88768 0.32246
-0.88184 0.324908
-0.876 0.325137
-0.87016 0.328979
-0.86432 0.326471
-0.85848 0.32828
-0.85264 0.329162
-0.8468 0.331137
-0.84096 0.332426
-0.83512 0.333906
-0.82928 0.335015
-0.82344 0.338584
-0.8176 0.339892
-0.81176 0.341848
-0.80592 0.344469
-0.80008 0.345538
-0.79424 0.347601
-0.7884 0.348773
-0.78256 0.3509
-0.77672 0.351307
-0.77088 0.35302
-0.76504 0.353765
-0.7592 0.354337
-0.75336 0.356333
-0.74752 0.357167
-0.74168 0.357438
-0.73584 0.354932
-0.73 0.356056
-0.72416 0.354304
-0.71832 0.356383
-0.71248 0.355761
-0.70664 0.355902
-0.7008 0.352255
-0.69496 0.351458
-0.68912 0.352358
-0.68328 0.351821
-0.67744 0.353454
-0.6716 0.352317
-0.66576 0.352815
-0.65992 0.352678
-0.65408 0.35333
-0.64824 0.353823
-0.6424 0.351639
-0.63656 0.352716
-0.63072 0.353626
-0.62488 0.354621
-0.61904 0.355568
-0.6132 0.357268
-0.60736 0.357621
-0.60152 0.357386
-0.59568 0.357386
-0.58984 0.357386
-0.584 0.357386
-0.57816 0.357386
-0.57232 0.357386
-0.56648 0.357386
-0.56064 0.357386
-0.5548 0.357386
-0.54896 0.357386
-0.54312 0.357386
-0.53728 0.357386
-0.53144 0.357386
-0.5256 0.357386
-0.51976 0.357386
-0.51392 0.357386
-0.50808 0.357386
-0.50224 0.357386
-0.4964 0.357386
-0.49056 0.357386
-0.48472 0.357386
-0.47888 0.357386
-0.47304 0.357386
-0.4672 0.357386
-0.46136 0.357386
-0.45552 0.357386
-0.44968 0.357386
-0.44384 0.357386
-0.438 0.357386
-0.43216 0.357386
-0.42632 0.357386
-0.42048 0.357386
-0.41464 0.357386
-0.4088 0.357386
-0.40296 0.357386
-0.39712 0.357386
-0.39128 0.357386
-0.38544 0.357386
-0.3796 0.357386
-0.37376 0.357386
-0.36792 0.357386
-0.36208 0.357386
-0.35624 0.357386
-0.3504 0.357386
-0.34456 0.357386
-0.33872 0.357386
-0.33288 0.357386
-0.32704 0.357386
-0.3212 0.357386
-0.31536 0.357386
-0.30952 0.357386
-0.30368 0.357386
-0.29784 0.357386
-0.292 0.357386
-0.28616 0.357386
-0.28032 0.357386
-0.27448 0.357386
-0.26864 0.357386
-0.2628 0.357386
-0.25696 0.357386
-0.25112 0.357386
-0.24528 0.357386
-0.23944 0.357386
-0.2336 0.357386
-0.22776 0.357386
-0.22192 0.357386
-0.21608 0.357386
-0.21024 0.357386
-0.2044 0.357386
-0.19856 0.357386
-0.19272 0.357386
-0.18688 0.357386
-0.18104 0.357386
-0.1752 0.357386
-0.16936 0.357386
-0.16352 0.357386
-0.15768 0.357386
-0.15184 0.357386
-0.146 0.357386
-0.14016 0.357386
-0.13432 0.357386
-0.12848 0.357386
-0.12264 0.357386
-0.1168 0.357386
-0.11096 0.357386
-0.10512 0.357386
-0.09928 0.357386
-0.09344 0.357386
-0.0876 0.357386
-0.08176 0.357386
-0.07592 0.357386
-0.07008 0.357386
-0.06424 0.357386
-0.0584 0.357386
-0.05256 0.357386
-0.04672 0.357386
-0.04088 0.357386
-0.03504 0.357386
-0.0292 0.357386
-0.02336 0.357386
-0.01752 0.357386
-0.01168 0.357386
-0.00584 0.357386
