-2.92 0.507256
-2.91416 0.507256
-2.90832 0.507256
-2.90248 0.507256
-2.89664 0.507256
-2.8908 0.507256
-2.88496 0.507256
-2.87912 0.507256
-2.87328 0.507256
-2.86744 0.507256
-2.8616 0.507256
-2.85576 0.507256
-2.84992 0.507256
-2.84408 0.507256
-2.83824 0.507256
-2.8324 0.507256
-2.82656 0.507256
-2.82072 0.507256
-2.81488 0.507256
-2.80904 0.507256
-2.8032 0.507256
-2.79736 0.507256
-2.79152 0.507256
-2.78568 0.507256
-2.77984 0.507256
-2.774 0.507256
-2.76816 0.507256
-2.76232 0.507256
-2.75648 0.507256
-2.75064 0.507256
-2.7448 0.507256
-2.73896 0.507256
-2.73312 0.507256
-2.72728 0.507256
-2.72144 0.507256
-2.7156 0.507256
-2.70976 0.507256
-2.70392 0.507256
-2.69808 0.507256
-2.69224 0.507256
-2.6864 0.507256
-2.68056 0.507256
-2.67472 0.507256
-2.66888 0.507256
-2.66304 0.507256
-2.6572 0.507256
-2.65136 0.507256
-2.64552 0.507256
-2.63968 0.507256
-2.63384 0.507256
-2.628 0.507256
-2.62216 0.507256
-2.61632 0.507256
-2.61048 0.507256
-2.60464 0.507256
-2.5988 0.507256
-2.59296 0.506682
-2.58712 0.505797
-2.58128 0.504824
-2.57544 0.503762
-2.5696 0.502433
-2.56376 0.501015
-2.55792 0.49942
-2.55208 0.497827
-2.54624 0.496191
-2.5404 0.49442
-2.53456 0.492562
-2.52872 0.490529
-2.52288 0.488496
-2.51704 0.486418
-2.5112 0.484336
-2.50536 0.482212
-2.49952 0.479994
-2.49368 0.478116
-2.48784 0.475896
-2.482 0.474054
-2.47616 0.471904
-2.47032 0.469384
-2.46448 0.467225
-2.45864 0.465766
-2.4528 0.463153
-2.44696 0.460869
-2.44112 0.458335
-2.43528 0.456168
-2.42944 0.453474
-2.4236 0.451719
-2.41776 0.449065
-2.41192 0.448141
-2.40608 0.446625
-2.40024 0.444586
-2.3944 0.442825
-2.38856 0.441524
-2.38272 0.440085
-2.37688 0.438999
-2.37104 0.4369
-2.3652 0.435807
-2.35936 0.434206
-2.35352 0.433317
-2.34768 0.430609
-2.34184 0.431246
-2.336 0.430273
-2.33016 0.429589
-2.32432 0.427176
-2.31848 0.42762
-2.31264 0.424167
-2.3068 0.42518
-2.30096 0.42371
-2.29512 0.425107
-2.28928 0.422068
-2.28344 0.421339
-2.2776 0.419134
-2.27176 0.420448
-2.26592 0.419433
-2.26008 0.42046
-2.25424 0.419943
-2.2484 0.417962
-2.24256 0.417503
-2.23672 0.416854
-2.23088 0.415305
-2.22504 0.414196
-2.2192 0.413675
-2.21336 0.412487
-2.20752 0.411517
-2.20168 0.413866
-2.19584 0.412512
-2.19 0.408288
-2.18416 0.410313
-2.17832 0.408741
-2.17248 0.407486
-2.16664 0.406194
-2.1608 0.40538
-2.15496 0.404759
-2.14912 0.402268
-2.14328 0.403168
-2.13744 0.403006
-2.1316 0.403552
-2.12576 0.399084
-2.11992 0.399546
-2.11408 0.395999
-2.10824 0.39611
-2.1024 0.396573
-2.09656 0.396521
-2.09072 0.395008
-2.08488 0.394767
-2.07904 0.391951
-2.0732 0.388735
-2.06736 0.389241
-2.06152 0.387099
-2.05568 0.388662
-2.04984 0.386501
-2.044 0.386742
-2.03816 0.385695
-2.03232 0.379981
-2.02648 0.380378
-2.02064 0.381846
-2.0148 0.377966
-2.00896 0.375376
-2.00312 0.374565
-1.99728 0.374818
-1.99144 0.373341
-1.9856 0.372409
-1.97976 0.370818
-1.97392 0.369036
-1.96808 0.368349
-1.96224 0.364731
-1.9564 0.363895
-1.95056 0.361068
-1.94472 0.354555
-1.93888 0.354964
-1.93304 0.350633
-1.9272 0.351493
-1.92136 0.345611
-1.91552 0.341262
-1.90968 0.339272
-1.90384 0.339664
-1.898 0.330851
-1.89216 0.327742
-1.88632 0.326572
-1.88048 0.322729
-1.87464 0.31624
-1.8688 0.316425
-1.86296 0.310995
-1.85712 0.305553
-1.85128 0.304577
-1.84544 0.296806
-1.8396 0.293017
-1.83376 0.291397
-1.82792 0.28781
-1.82208 0.284265
-1.81624 0.280522
-1.8104 0.279235
-1.80456 0.27302
-1.79872 0.267856
-1.79288 0.264171
-1.78704 0.258784
-1.7812 0.255084
-1.77536 0.249245
-1.76952 0.244231
-1.76368 0.240391
-1.75784 0.236734
-1.752 0.231884
-1.74616 0.228502
-1.74032 0.226734
-1.73448 0.22015
-1.72864 0.220581
-1.7228 0.212279
-1.71696 0.208711
-1.71112 0.201011
-1.70528 0.201482
-1.69944 0.1955
-1.6936 0.194866
-1.68776 0.190817
-1.68192 0.184903
-1.67608 0.176669
-1.67024 0.174364
-1.6644 0.175929
-1.65856 0.170314
-1.65272 0.172643
-1.64688 0.166835
-1.64104 0.166191
-1.6352 0.164865
-1.62936 0.162824
-1.62352 0.16245
-1.61768 0.162
-1.61184 0.157916
-1.606 0.159582
-1.60016 0.157757
-1.59432 0.160115
-1.58848 0.157145
-1.58264 0.158189
-1.5768 0.154257
-1.57096 0.156324
-1.56512 0.155921
-1.55928 0.154615
-1.55344 0.156829
-1.5476 0.155307
-1.54176 0.157971
-1.53592 0.153318
-1.53008 0.158409
-1.52424 0.156971
-1.5184 0.156972
-1.51256 0.153368
-1.50672 0.154259
-1.50088 0.151929
-1.49504 0.153864
-1.4892 0.161293
-1.48336 0.156796
-1.47752 0.160574
-1.47168 0.157576
-1.46584 0.163043
-1.46 0.164263
-1.45416 0.166837
-1.44832 0.166945
-1.44248 0.16417
-1.43664 0.165921
-1.4308 0.163721
-1.42496 0.168915
-1.41912 0.166754
-1.41328 0.167103
-1.40744 0.172123
-1.4016 0.171635
-1.39576 0.169248
-1.38992 0.169645
-1.38408 0.170647
-1.37824 0.174009
-1.3724 0.171839
-1.36656 0.171687
-1.36072 0.17234
-1.35488 0.171155
-1.34904 0.171534
-1.3432 0.169589
-1.33736 0.172354
-1.33152 0.172003
-1.32568 0.174229
-1.31984 0.17229
-1.314 0.17257
-1.30816 0.175029
-1.30232 0.17519
-1.29648 0.17602
-1.29064 0.175578
-1.2848 0.175854
-1.27896 0.175208
-1.27312 0.176592
-1.26728 0.181221
-1.26144 0.183447
-1.2556 0.184714
-1.24976 0.187344
-1.24392 0.191503
-1.23808 0.196806
-1.23224 0.199026
-1.2264 0.201202
-1.22056 0.203596
-1.21472 0.205961
-1.20888 0.209522
-1.20304 0.21397
-1.1972 0.216278
-1.19136 0.218587
-1.18552 0.22141
-1.17968 0.22385
-1.17384 0.226415
-1.168 0.229933
-1.16216 0.23239
-1.15632 0.23727
-1.15048 0.240404
-1.14464 0.239682
-1.1388 0.240331
-1.13296 0.241637
-1.12712 0.245286
-1.12128 0.247382
-1.11544 0.251088
-1.1096 0.253471
-1.10376 0.256071
-1.09792 0.258622
-1.09208 0.261906
-1.08624 0.264317
-1.0804 0.264739
-1.07456 0.26449
-1.06872 0.268043
-1.06288 0.270259
-1.05704 0.274588
-1.0512 0.279252
-1.04536 0.282697
-1.03952 0.28916
-1.03368 0.28685
-1.02784 0.292968
-1.022 0.296238
-1.01616 0.301681
-1.01032 0.304507
-1.00448 0.305742
-0.99864 0.306595
-0.9928 0.308174
-0.98696 0.312991
-0.98112 0.314791
-0.97528 0.31855
-0.96944 0.322129
-0.9636 0.323718
-0.95776 0.324624
-0.95192 0.328068
-0.94608 0.330162
-0.94024 0.333854
-0.9344 0.33465
-0.92856 0.337025
-0.92272 0.338367
-0.91688 0.340128
-0.91104 0.342468
-0.9052 0.34162
-0.89936 0.34681
-0.89352 0.346966
-0.88768 0.351587
-0.88184 0.351907
-0.876 0.352903
-0.87016 0.358215
-0.86432 0.357636
-0.85848 0.360755
-0.85264 0.361916
-0.8468 0.364338
-0.84096 0.366507
-0.83512 0.367232
-0.82928 0.3736
-0.82344 0.37676
-0.8176 0.377448
-0.81176 0.380022
-0.80592 0.383106
-0.80008 0.386318
-0.79424 0.38814
-0.7884 0.39012
-0.78256 0.390805
-0.77672 0.392696
-0.77088 0.39527
-0.76504 0.395862
-0.7592 0.397339
-0.75336 0.399521
-0.74752 0.400526
-0.74168 0.39944
-0.73584 0.398557
-0.73 0.400358
-0.72416 0.399889
-0.71832 0.401697
-0.71248 0.401512
-0.70664 0.401679
-0.7008 0.398318
-0.69496 0.398559
-0.68912 0.399645
-0.68328 0.398407
-0.67744 0.400525
-0.6716 0.400379
-0.66576 0.40111
-0.65992 0.400784
-0.65408 0.402361
-0.64824 0.402539
-0.6424 0.40075
-0.63656 0.402057
-0.63072 0.403235
-0.62488 0.404365
-0.61904 0.405368
-0.6132 0.406946
-0.60736 0.40743
-0.60152 0.407239
-0.59568 0.407239
-0.58984 0.407239
-0.584 0.407239
-0.57816 0.407239
-0.57232 0.407239
-0.56648 0.407239
-0.56064 0.407239
-0.5548 0.407239
-0.54896 0.407239
-0.54312 0.407239
-0.53728 0.407239
-0.53144 0.407239
-0.5256 0.407239
-0.51976 0.407239
-0.51392 0.407239
-0.50808 0.407239
-0.50224 0.407239
-0.4964 0.407239
-0.49056 0.407239
-0.48472 0.407239
-0.47888 0.407239
-0.47304 0.407239
-0.4672 0.407239
-0.46136 0.407239
-0.45552 0.407239
-0.44968 0.407239
-0.44384 0.407239
-0.438 0.407239
-0.43216 0.407239
-0.42632 0.407239
-0.42048 0.407239
-0.41464 0.407239
-0.4088 0.407239
-0.40296 0.407239
-0.39712 0.407239
-0.39128 0.407239
-0.38544 0.407239
-0.3796 0.407239
-0.37376 0.407239
-0.36792 0.407239
-0.36208 0.407239
-0.35624 0.407239
-0.3504 0.407239
-0.34456 0.407239
-0.33872 0.407239
-0.33288 0.407239
-0.32704 0.407239
-0.3212 0.407239
-0.31536 0.407239
-0.30952 0.407239
-0.30368 0.407239
-0.29784 0.407239
-0.292 0.407239
-0.28616 0.407239
-0.28032 0.407239
-0.27448 0.407239
-0.26864 0.407239
-0.2628 0.407239
-0.25696 0.407239
-0.25112 0.407239
-0.24528 0.407239
-0.23944 0.407239
-0.2336 0.407239
-0.22776 0.407239
-0.22192 0.407239
-0.21608 0.407239
-0.21024 0.407239
-0.2044 0.407239
-0.19856 0.407239
-0.19272 0.407239
-0.18688 0.407239
-0.18104 0.407239
-0.1752 0.407239
-0.16936 0.407239
-0.16352 0.407239
-0.15768 0.407239
-0.15184 0.407239
-0.146 0.407239
-0.14016 0.407239
-0.13432 0.407239
-0.12848 0.407239
-0.12264 0.407239
-0.1168 0.407239
-0.11096 0.407239
-0.10512 0.407239
-0.09928 0.407239
-0.09344 0.407239
-0.0876 0.407239
-0.08176 0.407239
-0.07592 0.407239
-0.07008 0.407239
-0.06424 0.407239
-0.0584 0.407239
-0.05256 0.407239
-0.04672 0.407239
-0.04088 0.407239
-0.03504 0.407239
-0.0292 0.407239
-0.02336 0.407239
-0.01752 0.407239
-0.01168 0.407239
-0.00584 0.407239
