-2.92 0.391295
-2.91416 0.391295
-2.90832 0.391295
-2.90248 0.391295
-2.89664 0.391295
-2.8908 0.391295
-2.88496 0.391295
-2.87912 0.391295
-2.87328 0.391295
-2.86744 0.391295
-2.8616 0.391295
-2.85576 0.391295
-2.84992 0.391295
-2.84408 0.391295
-2.83824 0.391295
-2.8324 0.391295
-2.82656 0.391295
-2.82072 0.391295
-2.81488 0.391295
-2.80904 0.391295
-2.8032 0.391295
-2.79736 0.391295
-2.79152 0.391295
-2.78568 0.391295
-2.77984 0.391295
-2.774 0.391295
-2.76816 0.391295
-2.76232 0.391295
-2.75648 0.391295
-2.75064 0.391295
-2.7448 0.391295
-2.73896 0.391295
-2.73312 0.391295
-2.72728 0.391295
-2.72144 0.391295
-2.7156 0.391295
-2.70976 0.391295
-2.70392 0.391295
-2.69808 0.391295
-2.69224 0.391295
-2.6864 0.391295
-2.68056 0.391295
-2.67472 0.391295
-2.66888 0.391295
-2.66304 0.391295
-2.6572 0.391295
-2.65136 0.391295
-2.64552 0.391295
-2.63968 0.391295
-2.63384 0.391295
-2.628 0.391295
-2.62216 0.391295
-2.61632 0.391295
-2.61048 0.391295
-2.60464 0.391295
-2.5988 0.391295
-2.59296 0.390767
-2.58712 0.390148
-2.58128 0.389443
-2.57544 0.388606
-2.5696 0.387723
-2.56376 0.386706
-2.55792 0.385514
-2.55208 0.384366
-2.54624 0.383131
-2.5404 0.381718
-2.53456 0.380174
-2.52872 0.378585
-2.52288 0.376996
-2.51704 0.37536
-2.5112 0.373682
-2.50536 0.372047
-2.49952 0.370234
-2.49368 0.368712
-2.48784 0.367317
-2.482 0.365847
-2.47616 0.364235
-2.47032 0.362244
-2.46448 0.360502
-2.45864 0.359333
-2.4528 0.356844
-2.44696 0.355138
-2.44112 0.354541
-2.43528 0.35271
-2.42944 0.3508
-2.4236 0.348637
-2.41776 0.347422
-2.41192 0.346382
-2.40608 0.344257
-2.40024 0.342622
-2.3944 0.341615
-2.38856 0.341224
-2.38272 0.339269
-2.37688 0.339544
-2.37104 0.337545
-2.3652 0.335251
-2.35936 0.334781
-2.35352 0.334883
-2.34768 0.333764
-2.34184 0.333331
-2.336 0.333578
-2.33016 0.332249
-2.32432 0.332148
-2.31848 0.331714
-2.31264 0.3317
-2.3068 0.331871
-2.30096 0.33124
-2.29512 0.330442
-2.28928 0.331638
-2.28344 0.331096
-2.2776 0.330331
-2.27176 0.329916
-2.26592 0.331054
-2.26008 0.330279
-2.25424 0.331508
-2.2484 0.330523
-2.24256 0.331874
-2.23672 0.333243
-2.23088 0.329714
-2.22504 0.332032
-2.2192 0.330466
-2.21336 0.333342
-2.20752 0.330936
-2.20168 0.330947
-2.19584 0.330609
-2.19 0.329964
-2.18416 0.330005
-2.17832 0.330584
-2.17248 0.331929
-2.16664 0.330135
-2.1608 0.331799
-2.15496 0.331514
-2.14912 0.332407
-2.14328 0.329997
-2.13744 0.329133
-2.1316 0.330155
-2.12576 0.3315
-2.11992 0.330627
-2.11408 0.329563
-2.10824 0.330729
-2.1024 0.327396
-2.09656 0.329181
-2.09072 0.330261
-2.08488 0.330196
-2.07904 0.329315
-2.0732 0.32856
-2.06736 0.331729
-2.06152 0.326569
-2.05568 0.330634
-2.04984 0.329882
-2.044 0.330246
-2.03816 0.332766
-2.03232 0.331211
-2.02648 0.328145
-2.02064 0.330907
-2.0148 0.330809
-2.00896 0.329105
-2.00312 0.328919
-1.99728 0.329148
-1.99144 0.327601
-1.9856 0.329471
-1.97976 0.326404
-1.97392 0.326162
-1.96808 0.330885
-1.96224 0.324123
-1.9564 0.325039
-1.95056 0.322005
-1.94472 0.324538
-1.93888 0.318003
-1.93304 0.317925
-1.9272 0.313211
-1.92136 0.315109
-1.91552 0.309991
-1.90968 0.307125
-1.90384 0.304133
-1.898 0.303784
-1.89216 0.301563
-1.88632 0.298071
-1.88048 0.295444
-1.87464 0.293237
-1.8688 0.289243
-1.86296 0.288767
-1.85712 0.287768
-1.85128 0.281948
-1.84544 0.278013
-1.8396 0.276098
-1.83376 0.27335
-1.82792 0.268561
-1.82208 0.264329
-1.81624 0.265168
-1.8104 0.259574
-1.80456 0.256389
-1.79872 0.256342
-1.79288 0.254863
-1.78704 0.246693
-1.7812 0.245038
-1.77536 0.241068
-1.76952 0.239599
-1.76368 0.235222
-1.75784 0.233649
-1.752 0.226579
-1.74616 0.220389
-1.74032 0.219429
-1.73448 0.217248
-1.72864 0.213075
-1.7228 0.213267
-1.71696 0.206169
-1.71112 0.205104
-1.70528 0.198666
-1.69944 0.196518
-1.6936 0.193953
-1.68776 0.18965
-1.68192 0.186319
-1.67608 0.180961
-1.67024 0.181784
-1.6644 0.177856
-1.65856 0.175703
-1.65272 0.177175
-1.64688 0.172375
-1.64104 0.171173
-1.6352 0.169695
-1.62936 0.169591
-1.62352 0.170357
-1.61768 0.169957
-1.61184 0.167215
-1.606 0.166111
-1.60016 0.165292
-1.59432 0.163463
-1.58848 0.166912
-1.58264 0.16664
-1.5768 0.164921
-1.57096 0.168314
-1.56512 0.16376
-1.55928 0.165446
-1.55344 0.164303
-1.5476 0.162706
-1.54176 0.161624
-1.53592 0.162237
-1.53008 0.165605
-1.52424 0.164158
-1.5184 0.159948
-1.51256 0.161517
-1.50672 0.159027
-1.50088 0.161756
-1.49504 0.158023
-1.4892 0.159917
-1.48336 0.161979
-1.47752 0.162459
-1.47168 0.15817
-1.46584 0.164796
-1.46 0.164339
-1.45416 0.164649
-1.44832 0.164491
-1.44248 0.16412
-1.43664 0.164518
-1.4308 0.164217
-1.42496 0.164569
-1.41912 0.163207
-1.41328 0.164102
-1.40744 0.16258
-1.4016 0.167725
-1.39576 0.165106
-1.38992 0.163042
-1.38408 0.1653
-1.37824 0.163934
-1.3724 0.161239
-1.36656 0.162327
-1.36072 0.163047
-1.35488 0.159348
-1.34904 0.156803
-1.3432 0.162163
-1.33736 0.160947
-1.33152 0.159327
-1.32568 0.158345
-1.31984 0.159275
-1.314 0.15742
-1.30816 0.159174
-1.30232 0.157752
-1.29648 0.158077
-1.29064 0.156511
-1.2848 0.157592
-1.27896 0.154736
-1.27312 0.159706
-1.26728 0.160827
-1.26144 0.162384
-1.2556 0.162243
-1.24976 0.165483
-1.24392 0.170385
-1.23808 0.1741
-1.23224 0.177238
-1.2264 0.178425
-1.22056 0.178318
-1.21472 0.182067
-1.20888 0.187287
-1.20304 0.18711
-1.1972 0.188553
-1.19136 0.190314
-1.18552 0.192972
-1.17968 0.196321
-1.17384 0.201172
-1.168 0.201205
-1.16216 0.203529
-1.15632 0.2047
-1.15048 0.20725
-1.14464 0.207993
-1.1388 0.209616
-1.13296 0.212458
-1.12712 0.213145
-1.12128 0.216034
-1.11544 0.218792
-1.1096 0.218781
-1.10376 0.222203
-1.09792 0.223612
-1.09208 0.227999
-1.08624 0.231485
-1.0804 0.227375
-1.07456 0.230092
-1.06872 0.232246
-1.06288 0.236595
-1.05704 0.235371
-1.0512 0.24253
-1.04536 0.24465
-1.03952 0.248007
-1.03368 0.249167
-1.02784 0.252661
-1.022 0.256696
-1.01616 0.260339
-1.01032 0.259187
-1.00448 0.26451
-0.99864 0.264643
-0.9928 0.268089
-0.98696 0.270416
-0.98112 0.271494
-0.97528 0.272724
-0.96944 0.274135
-0.9636 0.278039
-0.95776 0.280236
-0.95192 0.280764
-0.94608 0.284226
-0.94024 0.285372
-0.9344 0.285747
-0.92856 0.289762
-0.92272 0.289394
-0.91688 0.288965
-0.91104 0.289583
-0.9052 0.292912
-0.89936 0.294402
-0.89352 0.295515
-0.88768 0.296991
-0.88184 0.299618
-0.876 0.298518
-0.87016 0.302337
-0.86432 0.302502
-0.85848 0.303574
-0.85264 0.305353
-0.8468 0.306861
-0.84096 0.307254
-0.83512 0.309944
-0.82928 0.314131
-0.82344 0.315273
-0.8176 0.316759
-0.81176 0.317765
-0.80592 0.321474
-0.80008 0.323115
-0.79424 0.325002
-0.7884 0.326654
-0.78256 0.325892
-0.77672 0.329296
-0.77088 0.33004
-0.76504 0.331226
-0.7592 0.330658
-0.75336 0.331711
-0.74752 0.33237
-0.74168 0.332896
-0.73584 0.331502
-0.73 0.331492
-0.72416 0.331095
-0.71832 0.330028
-0.71248 0.329969
-0.70664 0.331342
-0.7008 0.328505
-0.69496 0.328192
-0.68912 0.326694
-0.68328 0.327088
-0.67744 0.3271
-0.6716 0.326768
-0.66576 0.327572
-0.65992 0.3277
-0.65408 0.329074
-0.64824 0.328647
-0.6424 0.326559
-0.63656 0.327649
-0.63072 0.328608
-0.62488 0.329478
-0.61904 0.330306
-0.6132 0.33209
-0.60736 0.332447
-0.60152 0.332003
-0.59568 0.332003
-0.58984 0.332003
-0.584 0.332003
-0.57816 0.332003
-0.57232 0.332003
-0.56648 0.332003
-0.56064 0.332003
-0.5548 0.332003
-0.54896 0.332003
-0.54312 0.332003
-0.53728 0.332003
-0.53144 0.332003
-0.5256 0.332003
-0.51976 0.332003
-0.51392 0.332003
-0.50808 0.332003
-0.50224 0.332003
-0.4964 0.332003
-0.49056 0.332003
-0.48472 0.332003
-0.47888 0.332003
-0.47304 0.332003
-0.4672 0.332003
-0.46136 0.332003
-0.45552 0.332003
-0.44968 0.332003
-0.44384 0.332003
-0.438 0.332003
-0.43216 0.332003
-0.42632 0.332003
-0.42048 0.332003
-0.41464 0.332003
-0.4088 0.332003
-0.40296 0.332003
-0.39712 0.332003
-0.39128 0.332003
-0.38544 0.332003
-0.3796 0.332003
-0.37376 0.332003
-0.36792 0.332003
-0.36208 0.332003
-0.35624 0.332003
-0.3504 0.332003
-0.34456 0.332003
-0.33872 0.332003
-0.33288 0.332003
-0.32704 0.332003
-0.3212 0.332003
-0.31536 0.332003
-0.30952 0.332003
-0.30368 0.332003
-0.29784 0.332003
-0.292 0.332003
-0.28616 0.332003
-0.28032 0.332003
-0.27448 0.332003
-0.26864 0.332003
-0.2628 0.332003
-0.25696 0.332003
-0.25112 0.332003
-0.24528 0.332003
-0.23944 0.332003
-0.2336 0.332003
-0.22776 0.332003
-0.22192 0.332003
-0.21608 0.332003
-0.21024 0.332003
-0.2044 0.332003
-0.19856 0.332003
-0.19272 0.332003
-0.18688 0.332003
-0.18104 0.332003
-0.1752 0.332003
-0.16936 0.332003
-0.16352 0.332003
-0.15768 0.332003
-0.15184 0.332003
-0.146 0.332003
-0.14016 0.332003
-0.13432 0.332003
-0.12848 0.332003
-0.12264 0.332003
-0.1168 0.332003
-0.11096 0.332003
-0.10512 0.332003
-0.09928 0.332003
-0.09344 0.332003
-0.0876 0.332003
-0.08176 0.332003
-0.07592 0.332003
-0.07008 0.332003
-0.06424 0.332003
-0.0584 0.332003
-0.05256 0.332003
-0.04672 0.332003
-0.04088 0.332003
-0.03504 0.332003
-0.0292 0.332003
-0.02336 0.332003
-0.01752 0.332003
-0.01168 0.332003
-0.00584 0.332003
