-2.92 0.427263
-2.91416 0.427263
-2.90832 0.427263
-2.90248 0.427263
-2.89664 0.427263
-2.8908 0.427263
-2.88496 0.427263
-2.87912 0.427263
-2.87328 0.427263
-2.86744 0.427263
-2.8616 0.427263
-2.85576 0.427263
-2.84992 0.427263
-2.84408 0.427263
-2.83824 0.427263
-2.8324 0.427263
-2.82656 0.427263
-2.82072 0.427263
-2.81488 0.427263
-2.80904 0.427263
-2.8032 0.427263
-2.79736 0.427263
-2.79152 0.427263
-2.78568 0.427263
-2.77984 0.427263
-2.774 0.427263
-2.76816 0.427263
-2.76232 0.427263
-2.75648 0.427263
-2.75064 0.427263
-2.7448 0.427263
-2.73896 0.427263
-2.73312 0.427263
-2.72728 0.427263
-2.72144 0.427263
-2.7156 0.427263
-2.70976 0.427263
-2.70392 0.427263
-2.69808 0.427263
-2.69224 0.427263
-2.6864 0.427263
-2.68056 0.427263
-2.67472 0.427263
-2.66888 0.427263
-2.66304 0.427263
-2.6572 0.427263
-2.65136 0.427263
-2.64552 0.427263
-2.63968 0.427263
-2.63384 0.427263
-2.628 0.427263
-2.62216 0.427263
-2.61632 0.427263
-2.61048 0.427263
-2.60464 0.427263
-2.5988 0.427263
-2.59296 0.426646
-2.58712 0.425853
-2.58128 0.424971
-2.57544 0.424001
-2.5696 0.42303
-2.56376 0.421926
-2.55792 0.420692
-2.55208 0.419413
-2.54624 0.418134
-2.5404 0.416722
-2.53456 0.415311
-2.52872 0.413808
-2.52288 0.41226
-2.51704 0.410714
-2.5112 0.409123
-2.50536 0.407531
-2.49952 0.405723
-2.49368 0.403914
-2.48784 0.402061
-2.482 0.400548
-2.47616 0.398681
-2.47032 0.396769
-2.46448 0.394601
-2.45864 0.39293
-2.4528 0.391134
-2.44696 0.388925
-2.44112 0.387126
-2.43528 0.385329
-2.42944 0.38283
-2.4236 0.382021
-2.41776 0.379972
-2.41192 0.378299
-2.40608 0.37571
-2.40024 0.375053
-2.3944 0.372798
-2.38856 0.370901
-2.38272 0.368891
-2.37688 0.367247
-2.37104 0.364269
-2.3652 0.363333
-2.35936 0.360185
-2.35352 0.359164
-2.34768 0.35726
-2.34184 0.356939
-2.336 0.354584
-2.33016 0.353803
-2.32432 0.351193
-2.31848 0.351212
-2.31264 0.347153
-2.3068 0.349398
-2.30096 0.34732
-2.29512 0.346165
-2.28928 0.345059
-2.28344 0.347369
-2.2776 0.345957
-2.27176 0.343242
-2.26592 0.343823
-2.26008 0.343016
-2.25424 0.344028
-2.2484 0.342183
-2.24256 0.341021
-2.23672 0.342612
-2.23088 0.33948
-2.22504 0.341292
-2.2192 0.34263
-2.21336 0.338938
-2.20752 0.339534
-2.20168 0.337769
-2.19584 0.336236
-2.19 0.340141
-2.18416 0.338422
-2.17832 0.338267
-2.17248 0.338458
-2.16664 0.336832
-2.1608 0.336775
-2.15496 0.34041
-2.14912 0.337018
-2.14328 0.336386
-2.13744 0.334995
-2.1316 0.334533
-2.12576 0.336555
-2.11992 0.337516
-2.11408 0.336759
-2.10824 0.33536
-2.1024 0.332147
-2.09656 0.332244
-2.09072 0.333825
-2.08488 0.336271
-2.07904 0.333915
-2.0732 0.332126
-2.06736 0.333163
-2.06152 0.333261
-2.05568 0.331944
-2.04984 0.334625
-2.044 0.33309
-2.03816 0.330678
-2.03232 0.332926
-2.02648 0.332207
-2.02064 0.32842
-2.0148 0.332777
-2.00896 0.330727
-2.00312 0.333676
-1.99728 0.332616
-1.99144 0.334179
-1.9856 0.32957
-1.97976 0.329511
-1.97392 0.330624
-1.96808 0.332316
-1.96224 0.333254
-1.9564 0.330021
-1.95056 0.327587
-1.94472 0.326774
-1.93888 0.324209
-1.93304 0.322437
-1.9272 0.322212
-1.92136 0.320591
-1.91552 0.316291
-1.90968 0.316821
-1.90384 0.310677
-1.898 0.309821
-1.89216 0.309749
-1.88632 0.306316
-1.88048 0.302852
-1.87464 0.29957
-1.8688 0.297364
-1.86296 0.291912
-1.85712 0.28763
-1.85128 0.289505
-1.84544 0.285955
-1.8396 0.280919
-1.83376 0.276791
-1.82792 0.27606
-1.82208 0.272992
-1.81624 0.267978
-1.8104 0.26509
-1.80456 0.266109
-1.79872 0.257606
-1.79288 0.256265
-1.78704 0.251072
-1.7812 0.24647
-1.77536 0.243226
-1.76952 0.239732
-1.76368 0.233788
-1.75784 0.231526
-1.752 0.229693
-1.74616 0.224826
-1.74032 0.221465
-1.73448 0.220331
-1.72864 0.212719
-1.7228 0.209365
-1.71696 0.207898
-1.71112 0.202314
-1.70528 0.199633
-1.69944 0.198733
-1.6936 0.195713
-1.68776 0.191431
-1.68192 0.184598
-1.67608 0.179387
-1.67024 0.179511
-1.6644 0.17913
-1.65856 0.174129
-1.65272 0.171875
-1.64688 0.170619
-1.64104 0.171441
-1.6352 0.172412
-1.62936 0.170669
-1.62352 0.169534
-1.61768 0.167994
-1.61184 0.167454
-1.606 0.166093
-1.60016 0.162105
-1.59432 0.164818
-1.58848 0.163707
-1.58264 0.162991
-1.5768 0.162777
-1.57096 0.161859
-1.56512 0.164965
-1.55928 0.160856
-1.55344 0.161065
-1.5476 0.162013
-1.54176 0.160053
-1.53592 0.162099
-1.53008 0.161019
-1.52424 0.163008
-1.5184 0.1565
-1.51256 0.159417
-1.50672 0.159028
-1.50088 0.156933
-1.49504 0.15536
-1.4892 0.15772
-1.48336 0.15774
-1.47752 0.158972
-1.47168 0.157731
-1.46584 0.156286
-1.46 0.158047
-1.45416 0.161379
-1.44832 0.159257
-1.44248 0.160037
-1.43664 0.156856
-1.4308 0.157699
-1.42496 0.160529
-1.41912 0.157689
-1.41328 0.161142
-1.40744 0.15968
-1.4016 0.16057
-1.39576 0.159807
-1.38992 0.159067
-1.38408 0.159886
-1.37824 0.158014
-1.3724 0.160963
-1.36656 0.158933
-1.36072 0.160552
-1.35488 0.156199
-1.34904 0.154027
-1.3432 0.157065
-1.33736 0.154789
-1.33152 0.153315
-1.32568 0.156082
-1.31984 0.156172
-1.314 0.152395
-1.30816 0.156826
-1.30232 0.153719
-1.29648 0.153016
-1.29064 0.152577
-1.2848 0.154473
-1.27896 0.154377
-1.27312 0.154891
-1.26728 0.15575
-1.26144 0.161004
-1.2556 0.160186
-1.24976 0.161572
-1.24392 0.164859
-1.23808 0.170684
-1.23224 0.171189
-1.2264 0.173945
-1.22056 0.177228
-1.21472 0.177626
-1.20888 0.178245
-1.20304 0.184874
-1.1972 0.186734
-1.19136 0.187676
-1.18552 0.189529
-1.17968 0.193599
-1.17384 0.19451
-1.168 0.196938
-1.16216 0.197536
-1.15632 0.203109
-1.15048 0.203508
-1.14464 0.204604
-1.1388 0.203445
-1.13296 0.20329
-1.12712 0.210011
-1.12128 0.210111
-1.11544 0.21234
-1.1096 0.214672
-1.10376 0.218871
-1.09792 0.218744
-1.09208 0.223937
-1.08624 0.224769
-1.0804 0.22498
-1.07456 0.225773
-1.06872 0.230211
-1.06288 0.229934
-1.05704 0.230366
-1.0512 0.236598
-1.04536 0.239529
-1.03952 0.243318
-1.03368 0.243652
-1.02784 0.245395
-1.022 0.250337
-1.01616 0.254893
-1.01032 0.254382
-1.00448 0.257126
-0.99864 0.259677
-0.9928 0.261132
-0.98696 0.264122
-0.98112 0.265359
-0.97528 0.267272
-0.96944 0.269405
-0.9636 0.271898
-0.95776 0.27387
-0.95192 0.275481
-0.94608 0.278499
-0.94024 0.279434
-0.9344 0.281463
-0.92856 0.282446
-0.92272 0.285415
-0.91688 0.281992
-0.91104 0.282761
-0.9052 0.2869
-0.89936 0.288597
-0.89352 0.288616
-0.88768 0.29022
-0.88184 0.293265
-0.876 0.293755
-0.87016 0.29841
-0.86432 0.295926
-0.85848 0.298469
-0.85264 0.298675
-0.8468 0.301711
-0.84096 0.302241
-0.83512 0.304053
-0.82928 0.307536
-0.82344 0.310698
-0.8176 0.311824
-0.81176 0.312768
-0.80592 0.315078
-0.80008 0.318377
-0.79424 0.320207
-0.7884 0.320979
-0.78256 0.321733
-0.77672 0.322994
-0.77088 0.32334
-0.76504 0.32597
-0.7592 0.325847
-0.75336 0.327266
-0.74752 0.327467
-0.74168 0.327616
-0.73584 0.326315
-0.73 0.325022
-0.72416 0.324759
-0.71832 0.327559
-0.71248 0.324807
-0.70664 0.32583
-0.7008 0.321031
-0.69496 0.321354
-0.68912 0.321699
-0.68328 0.320286
-0.67744 0.321266
-0.6716 0.320473
-0.66576 0.321399
-0.65992 0.320638
-0.65408 0.321847
-0.64824 0.321881
-0.6424 0.319489
-0.63656 0.320364
-0.63072 0.321287
-0.62488 0.322111
-0.61904 0.322851
-0.6132 0.324345
-0.60736 0.324779
-0.60152 0.324461
-0.59568 0.324461
-0.58984 0.324461
-0.584 0.324461
-0.57816 0.324461
-0.57232 0.324461
-0.56648 0.324461
-0.56064 0.324461
-0.5548 0.324461
-0.54896 0.324461
-0.54312 0.324461
-0.53728 0.324461
-0.53144 0.324461
-0.5256 0.324461
-0.51976 0.324461
-0.51392 0.324461
-0.50808 0.324461
-0.50224 0.324461
-0.4964 0.324461
-0.49056 0.324461
-0.48472 0.324461
-0.47888 0.324461
-0.47304 0.324461
-0.4672 0.324461
-0.46136 0.324461
-0.45552 0.324461
-0.44968 0.324461
-0.44384 0.324461
-0.438 0.324461
-0.43216 0.324461
-0.42632 0.324461
-0.42048 0.324461
-0.41464 0.324461
-0.4088 0.324461
-0.40296 0.324461
-0.39712 0.324461
-0.39128 0.324461
-0.38544 0.324461
-0.3796 0.324461
-0.37376 0.324461
-0.36792 0.324461
-0.36208 0.324461
-0.35624 0.324461
-0.3504 0.324461
-0.34456 0.324461
-0.33872 0.324461
-0.33288 0.324461
-0.32704 0.324461
-0.3212 0.324461
-0.31536 0.324461
-0.30952 0.324461
-0.30368 0.324461
-0.29784 0.324461
-0.292 0.324461
-0.28616 0.324461
-0.28032 0.324461
-0.27448 0.324461
-0.26864 0.324461
-0.2628 0.324461
-0.25696 0.324461
-0.25112 0.324461
-0.24528 0.324461
-0.23944 0.324461
-0.2336 0.324461
-0.22776 0.324461
-0.22192 0.324461
-0.21608 0.324461
-0.21024 0.324461
-0.2044 0.324461
-0.19856 0.324461
-0.19272 0.324461
-0.18688 0.324461
-0.18104 0.324461
-0.1752 0.324461
-0.16936 0.324461
-0.16352 0.324461
-0.15768 0.324461
-0.15184 0.324461
-0.146 0.324461
-0.14016 0.324461
-0.13432 0.324461
-0.12848 0.324461
-0.12264 0.324461
-0.1168 0.324461
-0.11096 0.324461
-0.10512 0.324461
-0.09928 0.324461
-0.09344 0.324461
-0.0876 0.324461
-0.08176 0.324461
-0.07592 0.324461
-0.07008 0.324461
-0.06424 0.324461
-0.0584 0.324461
-0.05256 0.324461
-0.04672 0.324461
-0.04088 0.324461
-0.03504 0.324461
-0.0292 0.324461
-0.02336 0.324461
-0.01752 0.324461
-0.01168 0.324461
-0.00584 0.324461
