-2.92 0.382418
-2.91416 0.382418
-2.90832 0.382418
-2.90248 0.382418
-2.89664 0.382418
-2.8908 0.382418
-2.88496 0.382418
-2.87912 0.382418
-2.87328 0.382418
-2.86744 0.382418
-2.8616 0.382418
-2.85576 0.382418
-2.84992 0.382418
-2.84408 0.382418
-2.83824 0.382418
-2.8324 0.382418
-2.82656 0.382418
-2.82072 0.382418
-2.81488 0.382418
-2.80904 0.382418
-2.8032 0.382418
-2.79736 0.382418
-2.79152 0.382418
-2.78568 0.382418
-2.77984 0.382418
-2.774 0.382418
-2.76816 0.382418
-2.76232 0.382418
-2.75648 0.382418
-2.75064 0.382418
-2.7448 0.382418
-2.73896 0.382418
-2.73312 0.382418
-2.72728 0.382418
-2.72144 0.382418
-2.7156 0.382418
-2.70976 0.382418
-2.70392 0.382418
-2.69808 0.382418
-2.69224 0.382418
-2.6864 0.382418
-2.68056 0.382418
-2.67472 0.382418
-2.66888 0.382418
-2.66304 0.382418
-2.6572 0.382418
-2.65136 0.382418
-2.64552 0.382418
-2.63968 0.382418
-2.63384 0.382418
-2.628 0.382418
-2.62216 0.382418
-2.61632 0.382418
-2.61048 0.382418
-2.60464 0.382418
-2.5988 0.382418
-2.59296 0.381978
-2.58712 0.381316
-2.58128 0.38061
-2.57544 0.379904
-2.5696 0.379109
-2.56376 0.378183
-2.55792 0.37717
-2.55208 0.376111
-2.54624 0.374832
-2.5404 0.373554
-2.53456 0.372231
-2.52872 0.370997
-2.52288 0.369542
-2.51704 0.368087
-2.5112 0.366586
-2.50536 0.365041
-2.49952 0.363408
-2.49368 0.361775
-2.48784 0.360229
-2.482 0.358728
-2.47616 0.356964
-2.47032 0.355111
-2.46448 0.353171
-2.45864 0.351186
-2.4528 0.349244
-2.44696 0.34726
-2.44112 0.345276
-2.43528 0.343247
-2.42944 0.341177
-2.4236 0.339105
-2.41776 0.33699
-2.41192 0.334831
-2.40608 0.332715
-2.40024 0.330468
-2.3944 0.328178
-2.38856 0.325931
-2.38272 0.323684
-2.37688 0.322064
-2.37104 0.319561
-2.3652 0.318316
-2.35936 0.315555
-2.35352 0.313972
-2.34768 0.312471
-2.34184 0.310465
-2.336 0.309049
-2.33016 0.307209
-2.32432 0.305828
-2.31848 0.303016
-2.31264 0.3016
-2.3068 0.299724
-2.30096 0.298262
-2.29512 0.29651
-2.28928 0.295181
-2.28344 0.293045
-2.2776 0.292554
-2.27176 0.290755
-2.26592 0.287784
-2.26008 0.288102
-2.25424 0.286088
-2.2484 0.283863
-2.24256 0.282357
-2.23672 0.280894
-2.23088 0.279048
-2.22504 0.275981
-2.2192 0.27392
-2.21336 0.272834
-2.20752 0.270612
-2.20168 0.26906
-2.19584 0.268991
-2.19 0.264399
-2.18416 0.263823
-2.17832 0.261812
-2.17248 0.261067
-2.16664 0.259979
-2.1608 0.257122
-2.15496 0.255915
-2.14912 0.253944
-2.14328 0.25354
-2.13744 0.251904
-2.1316 0.251414
-2.12576 0.248639
-2.11992 0.24734
-2.11408 0.245753
-2.10824 0.24298
-2.1024 0.242362
-2.09656 0.242627
-2.09072 0.240536
-2.08488 0.237884
-2.07904 0.237019
-2.0732 0.234752
-2.06736 0.234904
-2.06152 0.232884
-2.05568 0.232531
-2.04984 0.231238
-2.044 0.229445
-2.03816 0.226675
-2.03232 0.227879
-2.02648 0.227938
-2.02064 0.226524
-2.0148 0.226875
-2.00896 0.223559
-2.00312 0.223917
-1.99728 0.222159
-1.99144 0.220611
-1.9856 0.219357
-1.97976 0.218783
-1.97392 0.217286
-1.96808 0.214901
-1.96224 0.216655
-1.9564 0.216429
-1.95056 0.21404
-1.94472 0.2136
-1.93888 0.210439
-1.93304 0.210084
-1.9272 0.208969
-1.92136 0.206527
-1.91552 0.204892
-1.90968 0.200338
-1.90384 0.198157
-1.898 0.195682
-1.89216 0.192905
-1.88632 0.191357
-1.88048 0.188081
-1.87464 0.185983
-1.8688 0.18331
-1.86296 0.180968
-1.85712 0.177904
-1.85128 0.172634
-1.84544 0.17441
-1.8396 0.169393
-1.83376 0.165401
-1.82792 0.164805
-1.82208 0.161153
-1.81624 0.16044
-1.8104 0.154389
-1.80456 0.151171
-1.79872 0.150487
-1.79288 0.148403
-1.78704 0.145178
-1.7812 0.143397
-1.77536 0.139791
-1.76952 0.138221
-1.76368 0.133341
-1.75784 0.132405
-1.752 0.130174
-1.74616 0.125091
-1.74032 0.123488
-1.73448 0.121087
-1.72864 0.11659
-1.7228 0.115788
-1.71696 0.108302
-1.71112 0.109134
-1.70528 0.10515
-1.69944 0.104135
-1.6936 0.0989298
-1.68776 0.0967093
-1.68192 0.0942298
-1.67608 0.090304
-1.67024 0.0899926
-1.6644 0.0870181
-1.65856 0.0877463
-1.65272 0.0851995
-1.64688 0.0856799
-1.64104 0.0861096
-1.6352 0.0864537
-1.62936 0.088092
-1.62352 0.085661
-1.61768 0.08624
-1.61184 0.0862714
-1.606 0.0868584
-1.60016 0.0872272
-1.59432 0.0892304
-1.58848 0.0865741
-1.58264 0.0873851
-1.5768 0.0899587
-1.57096 0.0889278
-1.56512 0.0907174
-1.55928 0.0896966
-1.55344 0.0924446
-1.5476 0.0937691
-1.54176 0.0947567
-1.53592 0.0975904
-1.53008 0.0964647
-1.52424 0.0942399
-1.5184 0.0946043
-1.51256 0.0989201
-1.50672 0.0973794
-1.50088 0.0983017
-1.49504 0.103629
-1.4892 0.102854
-1.48336 0.104274
-1.47752 0.108366
-1.47168 0.106364
-1.46584 0.108414
-1.46 0.108544
-1.45416 0.109653
-1.44832 0.110204
-1.44248 0.115
-1.43664 0.113944
-1.4308 0.116274
-1.42496 0.120152
-1.41912 0.12144
-1.41328 0.122878
-1.40744 0.125571
-1.4016 0.128372
-1.39576 0.129757
-1.38992 0.133438
-1.38408 0.13284
-1.37824 0.13686
-1.3724 0.139833
-1.36656 0.142723
-1.36072 0.142581
-1.35488 0.147422
-1.34904 0.150307
-1.3432 0.153342
-1.33736 0.155725
-1.33152 0.160432
-1.32568 0.164839
-1.31984 0.166926
-1.314 0.168232
-1.30816 0.17052
-1.30232 0.1729
-1.29648 0.176733
-1.29064 0.178529
-1.2848 0.182018
-1.27896 0.185718
-1.27312 0.191904
-1.26728 0.194286
-1.26144 0.194344
-1.2556 0.199191
-1.24976 0.201194
-1.24392 0.202463
-1.23808 0.207906
-1.23224 0.209117
-1.2264 0.210118
-1.22056 0.214443
-1.21472 0.215357
-1.20888 0.218528
-1.20304 0.221331
-1.1972 0.223638
-1.19136 0.229391
-1.18552 0.231045
-1.17968 0.232987
-1.17384 0.233901
-1.168 0.235857
-1.16216 0.237088
-1.15632 0.240761
-1.15048 0.243145
-1.14464 0.243931
-1.1388 0.247436
-1.13296 0.251965
-1.12712 0.252798
-1.12128 0.255414
-1.11544 0.259655
-1.1096 0.263692
-1.10376 0.266185
-1.09792 0.269917
-1.09208 0.270143
-1.08624 0.268678
-1.0804 0.271541
-1.07456 0.27566
-1.06872 0.278732
-1.06288 0.279614
-1.05704 0.286744
-1.0512 0.285888
-1.04536 0.288974
-1.03952 0.295028
-1.03368 0.293996
-1.02784 0.29531
-1.022 0.297778
-1.01616 0.300622
-1.01032 0.301591
-1.00448 0.305694
-0.99864 0.308095
-0.9928 0.309354
-0.98696 0.312362
-0.98112 0.313443
-0.97528 0.315433
-0.96944 0.319061
-0.9636 0.32147
-0.95776 0.323152
-0.95192 0.323814
-0.94608 0.32413
-0.94024 0.327174
-0.9344 0.329145
-0.92856 0.331896
-0.92272 0.33176
-0.91688 0.33365
-0.91104 0.336946
-0.9052 0.340112
-0.89936 0.341968
-0.89352 0.345774
-0.88768 0.349321
-0.88184 0.351003
-0.876 0.350604
-0.87016 0.354227
-0.86432 0.352603
-0.85848 0.356523
-0.85264 0.359013
-0.8468 0.361171
-0.84096 0.364321
-0.83512 0.368209
-0.82928 0.369535
-0.82344 0.370582
-0.8176 0.373196
-0.81176 0.374915
-0.80592 0.376928
-0.80008 0.37865
-0.79424 0.380032
-0.7884 0.380826
-0.78256 0.382329
-0.77672 0.38426
-0.77088 0.385794
-0.76504 0.384641
-0.7592 0.386048
-0.75336 0.387848
-0.74752 0.386519
-0.74168 0.387583
-0.73584 0.388022
-0.73 0.387789
-0.72416 0.387224
-0.71832 0.388549
-0.71248 0.388058
-0.70664 0.388374
-0.7008 0.389482
-0.69496 0.390713
-0.68912 0.391021
-0.68328 0.391367
-0.67744 0.392859
-0.6716 0.39519
-0.66576 0.395737
-0.65992 0.397047
-0.65408 0.397117
-0.64824 0.396112
-0.6424 0.396864
-0.63656 0.397488
-0.63072 0.398743
-0.62488 0.399867
-0.61904 0.402164
-0.6132 0.402818
-0.60736 0.403131
-0.60152 0.402936
-0.59568 0.402936
-0.58984 0.402936
-0.584 0.402936
-0.57816 0.402936
-0.57232 0.402936
-0.56648 0.402936
-0.56064 0.402936
-0.5548 0.402936
-0.54896 0.402936
-0.54312 0.402936
-0.53728 0.402936
-0.53144 0.402936
-0.5256 0.402936
-0.51976 0.402936
-0.51392 0.402936
-0.50808 0.402936
-0.50224 0.402936
-0.4964 0.402936
-0.49056 0.402936
-0.48472 0.402936
-0.47888 0.402936
-0.47304 0.402936
-0.4672 0.402936
-0.46136 0.402936
-0.45552 0.402936
-0.44968 0.402936
-0.44384 0.402936
-0.438 0.402936
-0.43216 0.402936
-0.42632 0.402936
-0.42048 0.402936
-0.41464 0.402936
-0.4088 0.402936
-0.40296 0.402936
-0.39712 0.402936
-0.39128 0.402936
-0.38544 0.402936
-0.3796 0.402936
-0.37376 0.402936
-0.36792 0.402936
-0.36208 0.402936
-0.35624 0.402936
-0.3504 0.402936
-0.34456 0.402936
-0.33872 0.402936
-0.33288 0.402936
-0.32704 0.402936
-0.3212 0.402936
-0.31536 0.402936
-0.30952 0.402936
-0.30368 0.402936
-0.29784 0.402936
-0.292 0.402936
-0.28616 0.402936
-0.28032 0.402936
-0.27448 0.402936
-0.26864 0.402936
-0.2628 0.402936
-0.25696 0.402936
-0.25112 0.402936
-0.24528 0.402936
-0.23944 0.402936
-0.2336 0.402936
-0.22776 0.402936
-0.22192 0.402936
-0.21608 0.402936
-0.21024 0.402936
-0.2044 0.402936
-0.19856 0.402936
-0.19272 0.402936
-0.18688 0.402936
-0.18104 0.402936
-0.1752 0.402936
-0.16936 0.402936
-0.16352 0.402936
-0.15768 0.402936
-0.15184 0.402936
-0.146 0.402936
-0.14016 0.402936
-0.13432 0.402936
-0.12848 0.402936
-0.12264 0.402936
-0.1168 0.402936
-0.11096 0.402936
-0.10512 0.402936
-0.09928 0.402936
-0.09344 0.402936
-0.0876 0.402936
-0.08176 0.402936
-0.07592 0.402936
-0.07008 0.402936
-0.06424 0.402936
-0.0584 0.402936
-0.05256 0.402936
-0.04672 0.402936
-0.04088 0.402936
-0.03504 0.402936
-0.0292 0.402936
-0.02336 0.402936
-0.01752 0.402936
-0.01168 0.402936
-0.00584 0.402936
