-2.92 0.355772
-2.91416 0.355772
-2.90832 0.355772
-2.90248 0.355772
-2.89664 0.355772
-2.8908 0.355772
-2.88496 0.355772
-2.87912 0.355772
-2.87328 0.355772
-2.86744 0.355772
-2.8616 0.355772
-2.85576 0.355772
-2.84992 0.355772
-2.84408 0.355772
-2.83824 0.355772
-2.8324 0.355772
-2.82656 0.355772
-2.82072 0.355772
-2.81488 0.355772
-2.80904 0.355772
-2.8032 0.355772
-2.79736 0.355772
-2.79152 0.355772
-2.78568 0.355772
-2.77984 0.355772
-2.774 0.355772
-2.76816 0.355772
-2.76232 0.355772
-2.75648 0.355772
-2.75064 0.355772
-2.7448 0.355772
-2.73896 0.355772
-2.73312 0.355772
-2.72728 0.355772
-2.72144 0.355772
-2.7156 0.355772
-2.70976 0.355772
-2.70392 0.355772
-2.69808 0.355772
-2.69224 0.355772
-2.6864 0.355772
-2.68056 0.355772
-2.67472 0.355772
-2.66888 0.355772
-2.66304 0.355772
-2.6572 0.355772
-2.65136 0.355772
-2.64552 0.355772
-2.63968 0.355772
-2.63384 0.355772
-2.628 0.355772
-2.62216 0.355772
-2.61632 0.355772
-2.61048 0.355772
-2.60464 0.355772
-2.5988 0.355772
-2.59296 0.355332
-2.58712 0.354628
-2.58128 0.353879
-2.57544 0.35313
-2.5696 0.352295
-2.56376 0.351414
-2.55792 0.350489
-2.55208 0.349476
-2.54624 0.348374
-2.5404 0.347313
-2.53456 0.346166
-2.52872 0.344931
-2.52288 0.343609
-2.51704 0.342241
-2.5112 0.340829
-2.50536 0.339375
-2.49952 0.337832
-2.49368 0.336333
-2.48784 0.334878
-2.482 0.333641
-2.47616 0.332096
-2.47032 0.330463
-2.46448 0.328742
-2.45864 0.326932
-2.4528 0.325123
-2.44696 0.32327
-2.44112 0.321374
-2.43528 0.319435
-2.42944 0.317452
-2.4236 0.315467
-2.41776 0.31344
-2.41192 0.311457
-2.40608 0.309386
-2.40024 0.307314
-2.3944 0.30524
-2.38856 0.303167
-2.38272 0.301181
-2.37688 0.299737
-2.37104 0.297447
-2.3652 0.296504
-2.35936 0.294131
-2.35352 0.293022
-2.34768 0.29128
-2.34184 0.290123
-2.336 0.288755
-2.33016 0.287176
-2.32432 0.285646
-2.31848 0.284444
-2.31264 0.282819
-2.3068 0.28095
-2.30096 0.279537
-2.29512 0.278553
-2.28928 0.276721
-2.28344 0.275685
-2.2776 0.274817
-2.27176 0.273537
-2.26592 0.272721
-2.26008 0.270852
-2.25424 0.270614
-2.2484 0.268817
-2.24256 0.267404
-2.23672 0.266577
-2.23088 0.264443
-2.22504 0.263315
-2.2192 0.263547
-2.21336 0.261118
-2.20752 0.25894
-2.20168 0.258612
-2.19584 0.257702
-2.19 0.255097
-2.18416 0.254986
-2.17832 0.253859
-2.17248 0.251588
-2.16664 0.253289
-2.1608 0.250224
-2.15496 0.248968
-2.14912 0.249322
-2.14328 0.245997
-2.13744 0.246311
-2.1316 0.244377
-2.12576 0.24266
-2.11992 0.243392
-2.11408 0.242227
-2.10824 0.241442
-2.1024 0.238752
-2.09656 0.238216
-2.09072 0.237637
-2.08488 0.235251
-2.07904 0.236749
-2.0732 0.236343
-2.06736 0.233998
-2.06152 0.231563
-2.05568 0.23102
-2.04984 0.231265
-2.044 0.230232
-2.03816 0.227877
-2.03232 0.226507
-2.02648 0.22792
-2.02064 0.22701
-2.0148 0.225074
-2.00896 0.22539
-2.00312 0.224561
-1.99728 0.2245
-1.99144 0.222654
-1.9856 0.2217
-1.97976 0.220959
-1.97392 0.221323
-1.96808 0.220453
-1.96224 0.217168
-1.9564 0.216553
-1.95056 0.216993
-1.94472 0.214487
-1.93888 0.216888
-1.93304 0.214155
-1.9272 0.214138
-1.92136 0.212593
-1.91552 0.207882
-1.90968 0.2065
-1.90384 0.205054
-1.898 0.202452
-1.89216 0.198327
-1.88632 0.195305
-1.88048 0.195808
-1.87464 0.191727
-1.8688 0.190157
-1.86296 0.188923
-1.85712 0.186372
-1.85128 0.180561
-1.84544 0.179922
-1.8396 0.174948
-1.83376 0.172316
-1.82792 0.169727
-1.82208 0.16749
-1.81624 0.165755
-1.8104 0.16269
-1.80456 0.159264
-1.79872 0.156334
-1.79288 0.15498
-1.78704 0.15039
-1.7812 0.148628
-1.77536 0.14595
-1.76952 0.1466
-1.76368 0.138505
-1.75784 0.136575
-1.752 0.133058
-1.74616 0.130609
-1.74032 0.125872
-1.73448 0.126129
-1.72864 0.121342
-1.7228 0.118952
-1.71696 0.113226
-1.71112 0.112675
-1.70528 0.106831
-1.69944 0.103618
-1.6936 0.0987627
-1.68776 0.0971882
-1.68192 0.0935252
-1.67608 0.0938418
-1.67024 0.0920718
-1.6644 0.0877203
-1.65856 0.0869358
-1.65272 0.0830842
-1.64688 0.0842817
-1.64104 0.0821623
-1.6352 0.0832292
-1.62936 0.0813118
-1.62352 0.0803284
-1.61768 0.0815236
-1.61184 0.0802609
-1.606 0.0797829
-1.60016 0.0805156
-1.59432 0.0800431
-1.58848 0.0797037
-1.58264 0.0772318
-1.5768 0.0787112
-1.57096 0.080129
-1.56512 0.077582
-1.55928 0.0770058
-1.55344 0.0765324
-1.5476 0.0778135
-1.54176 0.0793931
-1.53592 0.0795713
-1.53008 0.0808185
-1.52424 0.0768602
-1.5184 0.0782255
-1.51256 0.0776217
-1.50672 0.0754893
-1.50088 0.0771708
-1.49504 0.0787222
-1.4892 0.0833874
-1.48336 0.0824594
-1.47752 0.0811494
-1.47168 0.0802013
-1.46584 0.0810687
-1.46 0.0810101
-1.45416 0.0830433
-1.44832 0.0835763
-1.44248 0.0873077
-1.43664 0.0857564
-1.4308 0.0872948
-1.42496 0.0902964
-1.41912 0.0879891
-1.41328 0.0896299
-1.40744 0.0902624
-1.4016 0.0950959
-1.39576 0.0942324
-1.38992 0.0975484
-1.38408 0.0948456
-1.37824 0.0988156
-1.3724 0.0993803
-1.36656 0.101236
-1.36072 0.102696
-1.35488 0.1043
-1.34904 0.106359
-1.3432 0.110077
-1.33736 0.112768
-1.33152 0.114391
-1.32568 0.118137
-1.31984 0.121355
-1.314 0.122314
-1.30816 0.125854
-1.30232 0.123141
-1.29648 0.127776
-1.29064 0.12936
-1.2848 0.131574
-1.27896 0.138548
-1.27312 0.140165
-1.26728 0.142317
-1.26144 0.14656
-1.2556 0.148121
-1.24976 0.152244
-1.24392 0.153903
-1.23808 0.154609
-1.23224 0.156525
-1.2264 0.160096
-1.22056 0.162155
-1.21472 0.163274
-1.20888 0.167656
-1.20304 0.168877
-1.1972 0.170631
-1.19136 0.172599
-1.18552 0.173992
-1.17968 0.178007
-1.17384 0.179741
-1.168 0.180145
-1.16216 0.179977
-1.15632 0.181618
-1.15048 0.185251
-1.14464 0.185574
-1.1388 0.186911
-1.13296 0.193326
-1.12712 0.194765
-1.12128 0.197613
-1.11544 0.19905
-1.1096 0.204318
-1.10376 0.206546
-1.09792 0.208822
-1.09208 0.211034
-1.08624 0.209295
-1.0804 0.212957
-1.07456 0.213994
-1.06872 0.2164
-1.06288 0.218714
-1.05704 0.223043
-1.0512 0.227549
-1.04536 0.229694
-1.03952 0.231586
-1.03368 0.232891
-1.02784 0.234491
-1.022 0.235272
-1.01616 0.23898
-1.01032 0.240709
-1.00448 0.246058
-0.99864 0.246355
-0.9928 0.248492
-0.98696 0.251789
-0.98112 0.250935
-0.97528 0.253746
-0.96944 0.255895
-0.9636 0.259592
-0.95776 0.259085
-0.95192 0.261311
-0.94608 0.25911
-0.94024 0.262739
-0.9344 0.263399
-0.92856 0.264999
-0.92272 0.266083
-0.91688 0.268604
-0.91104 0.27003
-0.9052 0.273612
-0.89936 0.277401
-0.89352 0.277127
-0.88768 0.28029
-0.88184 0.283877
-0.876 0.2828
-0.87016 0.286238
-0.86432 0.284693
-0.85848 0.28645
-0.85264 0.287991
-0.8468 0.288732
-0.84096 0.295254
-0.83512 0.295695
-0.82928 0.297355
-0.82344 0.299449
-0.8176 0.299678
-0.81176 0.301895
-0.80592 0.302721
-0.80008 0.303186
-0.79424 0.30351
-0.7884 0.305589
-0.78256 0.30464
-0.77672 0.3044
-0.77088 0.306398
-0.76504 0.305697
-0.7592 0.305586
-0.75336 0.304121
-0.74752 0.304721
-0.74168 0.304574
-0.73584 0.304917
-0.73 0.304507
-0.72416 0.302158
-0.71832 0.301616
-0.71248 0.302809
-0.70664 0.302351
-0.7008 0.302654
-0.69496 0.303078
-0.68912 0.302907
-0.68328 0.302993
-0.67744 0.303084
-0.6716 0.305528
-0.66576 0.30548
-0.65992 0.30568
-0.65408 0.306633
-0.64824 0.304906
-0.6424 0.304842
-0.63656 0.305157
-0.63072 0.305852
-0.62488 0.306549
-0.61904 0.307914
-0.6132 0.308394
-0.60736 0.308745
-0.60152 0.308253
-0.59568 0.308253
-0.58984 0.308253
-0.584 0.308253
-0.57816 0.308253
-0.57232 0.308253
-0.56648 0.308253
-0.56064 0.308253
-0.5548 0.308253
-0.54896 0.308253
-0.54312 0.308253
-0.53728 0.308253
-0.53144 0.308253
-0.5256 0.308253
-0.51976 0.308253
-0.51392 0.308253
-0.50808 0.308253
-0.50224 0.308253
-0.4964 0.308253
-0.49056 0.308253
-0.48472 0.308253
-0.47888 0.308253
-0.47304 0.308253
-0.4672 0.308253
-0.46136 0.308253
-0.45552 0.308253
-0.44968 0.308253
-0.44384 0.308253
-0.438 0.308253
-0.43216 0.308253
-0.42632 0.308253
-0.42048 0.308253
-0.41464 0.308253
-0.4088 0.308253
-0.40296 0.308253
-0.39712 0.308253
-0.39128 0.308253
-0.38544 0.308253
-0.3796 0.308253
-0.37376 0.308253
-0.36792 0.308253
-0.36208 0.308253
-0.35624 0.308253
-0.3504 0.308253
-0.34456 0.308253
-0.33872 0.308253
-0.33288 0.308253
-0.32704 0.308253
-0.3212 0.308253
-0.31536 0.308253
-0.30952 0.308253
-0.30368 0.308253
-0.29784 0.308253
-0.292 0.308253
-0.28616 0.308253
-0.28032 0.308253
-0.27448 0.308253
-0.26864 0.308253
-0.2628 0.308253
-0.25696 0.308253
-0.25112 0.308253
-0.24528 0.308253
-0.23944 0.308253
-0.2336 0.308253
-0.22776 0.308253
-0.22192 0.308253
-0.21608 0.308253
-0.21024 0.308253
-0.2044 0.308253
-0.19856 0.308253
-0.19272 0.308253
-0.18688 0.308253
-0.18104 0.308253
-0.1752 0.308253
-0.16936 0.308253
-0.16352 0.308253
-0.15768 0.308253
-0.15184 0.308253
-0.146 0.308253
-0.14016 0.308253
-0.13432 0.308253
-0.12848 0.308253
-0.12264 0.308253
-0.1168 0.308253
-0.11096 0.308253
-0.10512 0.308253
-0.09928 0.308253
-0.09344 0.308253
-0.0876 0.308253
-0.08176 0.308253
-0.07592 0.308253
-0.07008 0.308253
-0.06424 0.308253
-0.0584 0.308253
-0.05256 0.308253
-0.04672 0.308253
-0.04088 0.308253
-0.03504 0.308253
-0.0292 0.308253
-0.02336 0.308253
-0.01752 0.308253
-0.01168 0.308253
-0.00584 0.308253
