-2.92 0.399715
-2.91416 0.399715
-2.90832 0.399715
-2.90248 0.399715
-2.89664 0.399715
-2.8908 0.399715
-2.88496 0.399715
-2.87912 0.399715
-2.87328 0.399715
-2.86744 0.399715
-2.8616 0.399715
-2.85576 0.399715
-2.84992 0.399715
-2.84408 0.399715
-2.83824 0.399715
-2.8324 0.399715
-2.82656 0.399715
-2.82072 0.399715
-2.81488 0.399715
-2.80904 0.399715
-2.8032 0.399715
-2.79736 0.399715
-2.79152 0.399715
-2.78568 0.399715
-2.77984 0.399715
-2.774 0.399715
-2.76816 0.399715
-2.76232 0.399715
-2.75648 0.399715
-2.75064 0.399715
-2.7448 0.399715
-2.73896 0.399715
-2.73312 0.399715
-2.72728 0.399715
-2.72144 0.399715
-2.7156 0.399715
-2.70976 0.399715
-2.70392 0.399715
-2.69808 0.399715
-2.69224 0.399715
-2.6864 0.399715
-2.68056 0.399715
-2.67472 0.399715
-2.66888 0.399715
-2.66304 0.399715
-2.6572 0.399715
-2.65136 0.399715
-2.64552 0.399715
-2.63968 0.399715
-2.63384 0.399715
-2.628 0.399715
-2.62216 0.399715
-2.61632 0.399715
-2.61048 0.399715
-2.60464 0.399715
-2.5988 0.399715
-2.59296 0.399537
-2.58712 0.399052
-2.58128 0.398389
-2.57544 0.397681
-2.5696 0.39693
-2.56376 0.396106
-2.55792 0.395157
-2.55208 0.394033
-2.54624 0.392908
-2.5404 0.391695
-2.53456 0.390482
-2.52872 0.389268
-2.52288 0.38801
-2.51704 0.386662
-2.5112 0.38527
-2.50536 0.383703
-2.49952 0.382091
-2.49368 0.380391
-2.48784 0.37869
-2.482 0.377033
-2.47616 0.375243
-2.47032 0.373407
-2.46448 0.371484
-2.45864 0.369475
-2.4528 0.367464
-2.44696 0.365542
-2.44112 0.36353
-2.43528 0.361475
-2.42944 0.359501
-2.4236 0.357357
-2.41776 0.355214
-2.41192 0.353026
-2.40608 0.350795
-2.40024 0.348477
-2.3944 0.346116
-2.38856 0.343824
-2.38272 0.341548
-2.37688 0.339099
-2.37104 0.336733
-2.3652 0.334323
-2.35936 0.331826
-2.35352 0.329416
-2.34768 0.326963
-2.34184 0.324421
-2.336 0.321834
-2.33016 0.319289
-2.32432 0.31679
-2.31848 0.314156
-2.31264 0.311525
-2.3068 0.308943
-2.30096 0.306267
-2.29512 0.303552
-2.28928 0.300916
-2.28344 0.298241
-2.2776 0.295395
-2.27176 0.292724
-2.26592 0.290137
-2.26008 0.287588
-2.25424 0.284738
-2.2484 0.281846
-2.24256 0.279041
-2.23672 0.276148
-2.23088 0.273342
-2.22504 0.270705
-2.2192 0.267642
-2.21336 0.264994
-2.20752 0.262063
-2.20168 0.259669
-2.19584 0.256524
-2.19 0.25363
-2.18416 0.25103
-2.17832 0.24801
-2.17248 0.244968
-2.16664 0.242406
-2.1608 0.239387
-2.15496 0.236574
-2.14912 0.233508
-2.14328 0.230608
-2.13744 0.227877
-2.1316 0.225106
-2.12576 0.221914
-2.11992 0.218888
-2.11408 0.216155
-2.10824 0.213253
-2.1024 0.210228
-2.09656 0.207496
-2.09072 0.204301
-2.08488 0.201444
-2.07904 0.198967
-2.0732 0.195687
-2.06736 0.19291
-2.06152 0.189504
-2.05568 0.186356
-2.04984 0.183795
-2.044 0.181197
-2.03816 0.178677
-2.03232 0.175353
-2.02648 0.173044
-2.02064 0.169594
-2.0148 0.16602
-2.00896 0.163967
-2.00312 0.160602
-1.99728 0.158882
-1.99144 0.156452
-1.9856 0.154732
-1.97976 0.153262
-1.97392 0.152474
-1.96808 0.150666
-1.96224 0.148879
-1.9564 0.148691
-1.95056 0.14558
-1.94472 0.144669
-1.93888 0.143767
-1.93304 0.143384
-1.9272 0.141306
-1.92136 0.140455
-1.91552 0.139996
-1.90968 0.139081
-1.90384 0.137564
-1.898 0.136709
-1.89216 0.136253
-1.88632 0.137073
-1.88048 0.135743
-1.87464 0.134837
-1.8688 0.134816
-1.86296 0.133541
-1.85712 0.133135
-1.85128 0.134823
-1.84544 0.133088
-1.8396 0.132838
-1.83376 0.133225
-1.82792 0.133338
-1.82208 0.133982
-1.81624 0.135594
-1.8104 0.133084
-1.80456 0.132851
-1.79872 0.13441
-1.79288 0.135593
-1.78704 0.137125
-1.7812 0.135443
-1.77536 0.136324
-1.76952 0.136003
-1.76368 0.135418
-1.75784 0.139793
-1.752 0.136379
-1.74616 0.138669
-1.74032 0.139252
-1.73448 0.140917
-1.72864 0.140283
-1.7228 0.142824
-1.71696 0.144621
-1.71112 0.144186
-1.70528 0.144148
-1.69944 0.145744
-1.6936 0.148447
-1.68776 0.147855
-1.68192 0.149037
-1.67608 0.146958
-1.67024 0.148411
-1.6644 0.147975
-1.65856 0.149909
-1.65272 0.151175
-1.64688 0.151007
-1.64104 0.152086
-1.6352 0.153149
-1.62936 0.152725
-1.62352 0.153021
-1.61768 0.155912
-1.61184 0.154023
-1.606 0.157476
-1.60016 0.162041
-1.59432 0.158894
-1.58848 0.164887
-1.58264 0.170549
-1.5768 0.16566
-1.57096 0.168647
-1.56512 0.170936
-1.55928 0.175456
-1.55344 0.175194
-1.5476 0.182809
-1.54176 0.186364
-1.53592 0.187246
-1.53008 0.188184
-1.52424 0.188603
-1.5184 0.195056
-1.51256 0.196713
-1.50672 0.200265
-1.50088 0.20041
-1.49504 0.205682
-1.4892 0.206778
-1.48336 0.209209
-1.47752 0.211748
-1.47168 0.213675
-1.46584 0.216145
-1.46 0.221644
-1.45416 0.22165
-1.44832 0.22244
-1.44248 0.225687
-1.43664 0.230557
-1.4308 0.234417
-1.42496 0.23976
-1.41912 0.241982
-1.41328 0.243391
-1.40744 0.245534
-1.4016 0.249886
-1.39576 0.253205
-1.38992 0.257296
-1.38408 0.262968
-1.37824 0.267981
-1.3724 0.265895
-1.36656 0.270208
-1.36072 0.27325
-1.35488 0.275389
-1.34904 0.275958
-1.3432 0.279455
-1.33736 0.282081
-1.33152 0.288349
-1.32568 0.288144
-1.31984 0.293823
-1.314 0.294841
-1.30816 0.296076
-1.30232 0.303248
-1.29648 0.307209
-1.29064 0.309665
-1.2848 0.313549
-1.27896 0.316759
-1.27312 0.317433
-1.26728 0.317284
-1.26144 0.323084
-1.2556 0.325695
-1.24976 0.326993
-1.24392 0.333876
-1.23808 0.332484
-1.23224 0.337189
-1.2264 0.339291
-1.22056 0.342597
-1.21472 0.346526
-1.20888 0.347307
-1.20304 0.355735
-1.1972 0.357482
-1.19136 0.357271
-1.18552 0.358483
-1.17968 0.366453
-1.17384 0.367033
-1.168 0.369857
-1.16216 0.373921
-1.15632 0.371252
-1.15048 0.376351
-1.14464 0.382074
-1.1388 0.379029
-1.13296 0.380401
-1.12712 0.383366
-1.12128 0.389215
-1.11544 0.38989
-1.1096 0.396255
-1.10376 0.399715
-1.09792 0.399485
-1.09208 0.398799
-1.08624 0.398951
-1.0804 0.406399
-1.07456 0.406048
-1.06872 0.409034
-1.06288 0.409825
-1.05704 0.414533
-1.0512 0.411579
-1.04536 0.414159
-1.03952 0.415764
-1.03368 0.414978
-1.02784 0.415289
-1.022 0.416852
-1.01616 0.414752
-1.01032 0.413035
-1.00448 0.414679
-0.99864 0.415758
-0.9928 0.416571
-0.98696 0.421113
-0.98112 0.418946
-0.97528 0.418632
-0.96944 0.417746
-0.9636 0.419219
-0.95776 0.420798
-0.95192 0.42183
-0.94608 0.42325
-0.94024 0.422448
-0.9344 0.422424
-0.92856 0.422878
-0.92272 0.422746
-0.91688 0.423009
-0.91104 0.420026
-0.9052 0.421316
-0.89936 0.423968
-0.89352 0.425563
-0.88768 0.424527
-0.88184 0.426804
-0.876 0.426828
-0.87016 0.424201
-0.86432 0.427748
-0.85848 0.428201
-0.85264 0.430442
-0.8468 0.430292
-0.84096 0.430315
-0.83512 0.431051
-0.82928 0.42973
-0.82344 0.429445
-0.8176 0.429354
-0.81176 0.430354
-0.80592 0.431442
-0.80008 0.429416
-0.79424 0.431634
-0.7884 0.431586
-0.78256 0.432544
-0.77672 0.43279
-0.77088 0.433301
-0.76504 0.435215
-0.7592 0.434142
-0.75336 0.435298
-0.74752 0.435624
-0.74168 0.437541
-0.73584 0.438484
-0.73 0.439803
-0.72416 0.440415
-0.71832 0.440549
-0.71248 0.441526
-0.70664 0.442761
-0.7008 0.443646
-0.69496 0.444029
-0.68912 0.444968
-0.68328 0.446486
-0.67744 0.45055
-0.6716 0.451341
-0.66576 0.452769
-0.65992 0.453368
-0.65408 0.454288
-0.64824 0.454756
-0.6424 0.457577
-0.63656 0.458545
-0.63072 0.459023
-0.62488 0.459165
-0.61904 0.459462
-0.6132 0.458976
-0.60736 0.45824
-0.60152 0.458803
-0.59568 0.458803
-0.58984 0.458803
-0.584 0.458803
-0.57816 0.458803
-0.57232 0.458803
-0.56648 0.458803
-0.56064 0.458803
-0.5548 0.458803
-0.54896 0.458803
-0.54312 0.458803
-0.53728 0.458803
-0.53144 0.458803
-0.5256 0.458803
-0.51976 0.458803
-0.51392 0.458803
-0.50808 0.458803
-0.50224 0.458803
-0.4964 0.458803
-0.49056 0.458803
-0.48472 0.458803
-0.47888 0.458803
-0.47304 0.458803
-0.4672 0.458803
-0.46136 0.458803
-0.45552 0.458803
-0.44968 0.458803
-0.44384 0.458803
-0.438 0.458803
-0.43216 0.458803
-0.42632 0.458803
-0.42048 0.458803
-0.41464 0.458803
-0.4088 0.458803
-0.40296 0.458803
-0.39712 0.458803
-0.39128 0.458803
-0.38544 0.458803
-0.3796 0.458803
-0.37376 0.458803
-0.36792 0.458803
-0.36208 0.458803
-0.35624 0.458803
-0.3504 0.458803
-0.34456 0.458803
-0.33872 0.458803
-0.33288 0.458803
-0.32704 0.458803
-0.3212 0.458803
-0.31536 0.458803
-0.30952 0.458803
-0.30368 0.458803
-0.29784 0.458803
-0.292 0.458803
-0.28616 0.458803
-0.28032 0.458803
-0.27448 0.458803
-0.26864 0.458803
-0.2628 0.458803
-0.25696 0.458803
-0.25112 0.458803
-0.24528 0.458803
-0.23944 0.458803
-0.2336 0.458803
-0.22776 0.458803
-0.22192 0.458803
-0.21608 0.458803
-0.21024 0.458803
-0.2044 0.458803
-0.19856 0.458803
-0.19272 0.458803
-0.18688 0.458803
-0.18104 0.458803
-0.1752 0.458803
-0.16936 0.458803
-0.16352 0.458803
-0.15768 0.458803
-0.15184 0.458803
-0.146 0.458803
-0.14016 0.458803
-0.13432 0.458803
-0.12848 0.458803
-0.12264 0.458803
-0.1168 0.458803
-0.11096 0.458803
-0.10512 0.458803
-0.09928 0.458803
-0.09344 0.458803
-0.0876 0.458803
-0.08176 0.458803
-0.07592 0.458803
-0.07008 0.458803
-0.06424 0.458803
-0.0584 0.458803
-0.05256 0.458803
-0.04672 0.458803
-0.04088 0.458803
-0.03504 0.458803
-0.0292 0.458803
-0.02336 0.458803
-0.01752 0.458803
-0.01168 0.458803
-0.00584 0.458803
