-2.92 0.377638
-2.91416 0.377638
-2.90832 0.377638
-2.90248 0.377638
-2.89664 0.377638
-2.8908 0.377638
-2.88496 0.377638
-2.87912 0.377638
-2.87328 0.377638
-2.86744 0.377638
-2.8616 0.377638
-2.85576 0.377638
-2.84992 0.377638
-2.84408 0.377638
-2.83824 0.377638
-2.8324 0.377638
-2.82656 0.377638
-2.82072 0.377638
-2.81488 0.377638
-2.80904 0.377638
-2.8032 0.377638
-2.79736 0.377638
-2.79152 0.377638
-2.78568 0.377638
-2.77984 0.377638
-2.774 0.377638
-2.76816 0.377638
-2.76232 0.377638
-2.75648 0.377638
-2.75064 0.377638
-2.7448 0.377638
-2.73896 0.377638
-2.73312 0.377638
-2.72728 0.377638
-2.72144 0.377638
-2.7156 0.377638
-2.70976 0.377638
-2.70392 0.377638
-2.69808 0.377638
-2.69224 0.377638
-2.6864 0.377638
-2.68056 0.377638
-2.67472 0.377638
-2.66888 0.377638
-2.66304 0.377638
-2.6572 0.377638
-2.65136 0.377638
-2.64552 0.377638
-2.63968 0.377638
-2.63384 0.377638
-2.628 0.377638
-2.62216 0.377638
-2.61632 0.377638
-2.61048 0.377638
-2.60464 0.377638
-2.5988 0.377638
-2.59296 0.377109
-2.58712 0.37645
-2.58128 0.375703
-2.57544 0.374912
-2.5696 0.374077
-2.56376 0.373018
-2.55792 0.372003
-2.55208 0.370943
-2.54624 0.369795
-2.5404 0.368644
-2.53456 0.367493
-2.52872 0.366254
-2.52288 0.364969
-2.51704 0.363594
-2.5112 0.362176
-2.50536 0.36076
-2.49952 0.359386
-2.49368 0.358054
-2.48784 0.35668
-2.482 0.355306
-2.47616 0.353758
-2.47032 0.352076
-2.46448 0.350352
-2.45864 0.348583
-2.4528 0.346725
-2.44696 0.344913
-2.44112 0.343056
-2.43528 0.341199
-2.42944 0.339341
-2.4236 0.33744
-2.41776 0.335451
-2.41192 0.333418
-2.40608 0.331343
-2.40024 0.329269
-2.3944 0.327018
-2.38856 0.324857
-2.38272 0.32265
-2.37688 0.320818
-2.37104 0.318564
-2.3652 0.31656
-2.35936 0.314343
-2.35352 0.31268
-2.34768 0.311011
-2.34184 0.308796
-2.336 0.306956
-2.33016 0.304737
-2.32432 0.30277
-2.31848 0.301092
-2.31264 0.299081
-2.3068 0.297151
-2.30096 0.295224
-2.29512 0.294183
-2.28928 0.291835
-2.28344 0.29075
-2.2776 0.2892
-2.27176 0.287273
-2.26592 0.28526
-2.26008 0.284384
-2.25424 0.282109
-2.2484 0.28127
-2.24256 0.278489
-2.23672 0.277272
-2.23088 0.276352
-2.22504 0.274839
-2.2192 0.272262
-2.21336 0.270966
-2.20752 0.269534
-2.20168 0.268818
-2.19584 0.265828
-2.19 0.26465
-2.18416 0.263054
-2.17832 0.259892
-2.17248 0.259774
-2.16664 0.257584
-2.1608 0.256115
-2.15496 0.256246
-2.14912 0.252406
-2.14328 0.253846
-2.13744 0.250779
-2.1316 0.248503
-2.12576 0.248769
-2.11992 0.24805
-2.11408 0.245528
-2.10824 0.244649
-2.1024 0.241276
-2.09656 0.242306
-2.09072 0.24003
-2.08488 0.23864
-2.07904 0.237213
-2.0732 0.23583
-2.06736 0.236305
-2.06152 0.23383
-2.05568 0.232066
-2.04984 0.233354
-2.044 0.231595
-2.03816 0.229574
-2.03232 0.227765
-2.02648 0.227779
-2.02064 0.226137
-2.0148 0.226021
-2.00896 0.223287
-2.00312 0.223341
-1.99728 0.222888
-1.99144 0.221121
-1.9856 0.220668
-1.97976 0.217171
-1.97392 0.218917
-1.96808 0.216355
-1.96224 0.21675
-1.9564 0.214218
-1.95056 0.214719
-1.94472 0.214058
-1.93888 0.213768
-1.93304 0.210191
-1.9272 0.205923
-1.92136 0.204496
-1.91552 0.200791
-1.90968 0.199494
-1.90384 0.198284
-1.898 0.195841
-1.89216 0.192387
-1.88632 0.188675
-1.88048 0.187799
-1.87464 0.184384
-1.8688 0.180894
-1.86296 0.179551
-1.85712 0.177509
-1.85128 0.174145
-1.84544 0.170517
-1.8396 0.167376
-1.83376 0.165735
-1.82792 0.158834
-1.82208 0.159951
-1.81624 0.153742
-1.8104 0.15348
-1.80456 0.148084
-1.79872 0.145622
-1.79288 0.144177
-1.78704 0.141706
-1.7812 0.136485
-1.77536 0.133813
-1.76952 0.132974
-1.76368 0.130032
-1.75784 0.126477
-1.752 0.123383
-1.74616 0.121987
-1.74032 0.116993
-1.73448 0.115639
-1.72864 0.11319
-1.7228 0.107745
-1.71696 0.106893
-1.71112 0.104622
-1.70528 0.0993356
-1.69944 0.100237
-1.6936 0.0971237
-1.68776 0.093294
-1.68192 0.0915334
-1.67608 0.089747
-1.67024 0.087472
-1.6644 0.0847462
-1.65856 0.0837999
-1.65272 0.0839571
-1.64688 0.0824811
-1.64104 0.0811729
-1.6352 0.0842271
-1.62936 0.0820897
-1.62352 0.0817584
-1.61768 0.08208
-1.61184 0.0808312
-1.606 0.0825768
-1.60016 0.0796197
-1.59432 0.0824425
-1.58848 0.0794613
-1.58264 0.0800421
-1.5768 0.0827358
-1.57096 0.0834572
-1.56512 0.0830256
-1.55928 0.0850315
-1.55344 0.0870546
-1.5476 0.0899332
-1.54176 0.0890681
-1.53592 0.0910206
-1.53008 0.0904257
-1.52424 0.0874423
-1.5184 0.08645
-1.51256 0.0900854
-1.50672 0.09105
-1.50088 0.090401
-1.49504 0.0965596
-1.4892 0.0977112
-1.48336 0.0972559
-1.47752 0.0996446
-1.47168 0.100548
-1.46584 0.101331
-1.46 0.0996596
-1.45416 0.0994422
-1.44832 0.102887
-1.44248 0.106909
-1.43664 0.10774
-1.4308 0.106802
-1.42496 0.107995
-1.41912 0.108845
-1.41328 0.11198
-1.40744 0.113117
-1.4016 0.115361
-1.39576 0.11674
-1.38992 0.118991
-1.38408 0.118017
-1.37824 0.120142
-1.3724 0.122904
-1.36656 0.125477
-1.36072 0.126779
-1.35488 0.129969
-1.34904 0.131638
-1.3432 0.135121
-1.33736 0.138431
-1.33152 0.141871
-1.32568 0.145642
-1.31984 0.145898
-1.314 0.149009
-1.30816 0.152093
-1.30232 0.15162
-1.29648 0.155807
-1.29064 0.15598
-1.2848 0.159769
-1.27896 0.165595
-1.27312 0.165776
-1.26728 0.170159
-1.26144 0.172881
-1.2556 0.17551
-1.24976 0.178263
-1.24392 0.18004
-1.23808 0.182029
-1.23224 0.183748
-1.2264 0.186341
-1.22056 0.190186
-1.21472 0.191411
-1.20888 0.19267
-1.20304 0.196433
-1.1972 0.199142
-1.19136 0.200764
-1.18552 0.201661
-1.17968 0.204725
-1.17384 0.207655
-1.168 0.20752
-1.16216 0.210167
-1.15632 0.210549
-1.15048 0.212517
-1.14464 0.213743
-1.1388 0.215723
-1.13296 0.219957
-1.12712 0.221164
-1.12128 0.225698
-1.11544 0.229838
-1.1096 0.232436
-1.10376 0.232935
-1.09792 0.237215
-1.09208 0.239203
-1.08624 0.235453
-1.0804 0.237895
-1.07456 0.241882
-1.06872 0.244321
-1.06288 0.244621
-1.05704 0.252412
-1.0512 0.256089
-1.04536 0.257062
-1.03952 0.258996
-1.03368 0.262156
-1.02784 0.264347
-1.022 0.263726
-1.01616 0.264914
-1.01032 0.269142
-1.00448 0.272137
-0.99864 0.275001
-0.9928 0.273819
-0.98696 0.276972
-0.98112 0.278154
-0.97528 0.280382
-0.96944 0.282088
-0.9636 0.284256
-0.95776 0.285296
-0.95192 0.286352
-0.94608 0.28597
-0.94024 0.286635
-0.9344 0.290271
-0.92856 0.291747
-0.92272 0.293366
-0.91688 0.295815
-0.91104 0.298794
-0.9052 0.301278
-0.89936 0.304734
-0.89352 0.306073
-0.88768 0.308591
-0.88184 0.311458
-0.876 0.311911
-0.87016 0.313997
-0.86432 0.31422
-0.85848 0.31475
-0.85264 0.316249
-0.8468 0.318384
-0.84096 0.323759
-0.83512 0.324459
-0.82928 0.326301
-0.82344 0.327498
-0.8176 0.330897
-0.81176 0.332222
-0.80592 0.33208
-0.80008 0.332856
-0.79424 0.33507
-0.7884 0.336483
-0.78256 0.337811
-0.77672 0.337533
-0.77088 0.338225
-0.76504 0.338957
-0.7592 0.338852
-0.75336 0.339665
-0.74752 0.339392
-0.74168 0.341128
-0.73584 0.340423
-0.73 0.338778
-0.72416 0.338661
-0.71832 0.338371
-0.71248 0.338765
-0.70664 0.339099
-0.7008 0.34017
-0.69496 0.340301
-0.68912 0.341064
-0.68328 0.341698
-0.67744 0.342292
-0.6716 0.344448
-0.66576 0.344194
-0.65992 0.345374
-0.65408 0.346669
-0.64824 0.345197
-0.6424 0.34565
-0.63656 0.346654
-0.63072 0.347776
-0.62488 0.348772
-0.61904 0.351066
-0.6132 0.351335
-0.60736 0.351815
-0.60152 0.351615
-0.59568 0.351615
-0.58984 0.351615
-0.584 0.351615
-0.57816 0.351615
-0.57232 0.351615
-0.56648 0.351615
-0.56064 0.351615
-0.5548 0.351615
-0.54896 0.351615
-0.54312 0.351615
-0.53728 0.351615
-0.53144 0.351615
-0.5256 0.351615
-0.51976 0.351615
-0.51392 0.351615
-0.50808 0.351615
-0.50224 0.351615
-0.4964 0.351615
-0.49056 0.351615
-0.48472 0.351615
-0.47888 0.351615
-0.47304 0.351615
-0.4672 0.351615
-0.46136 0.351615
-0.45552 0.351615
-0.44968 0.351615
-0.44384 0.351615
-0.438 0.351615
-0.43216 0.351615
-0.42632 0.351615
-0.42048 0.351615
-0.41464 0.351615
-0.4088 0.351615
-0.40296 0.351615
-0.39712 0.351615
-0.39128 0.351615
-0.38544 0.351615
-0.3796 0.351615
-0.37376 0.351615
-0.36792 0.351615
-0.36208 0.351615
-0.35624 0.351615
-0.3504 0.351615
-0.34456 0.351615
-0.33872 0.351615
-0.33288 0.351615
-0.32704 0.351615
-0.3212 0.351615
-0.31536 0.351615
-0.30952 0.351615
-0.30368 0.351615
-0.29784 0.351615
-0.292 0.351615
-0.28616 0.351615
-0.28032 0.351615
-0.27448 0.351615
-0.26864 0.351615
-0.2628 0.351615
-0.25696 0.351615
-0.25112 0.351615
-0.24528 0.351615
-0.23944 0.351615
-0.2336 0.351615
-0.22776 0.351615
-0.22192 0.351615
-0.21608 0.351615
-0.21024 0.351615
-0.2044 0.351615
-0.19856 0.351615
-0.19272 0.351615
-0.18688 0.351615
-0.18104 0.351615
-0.1752 0.351615
-0.16936 0.351615
-0.16352 0.351615
-0.15768 0.351615
-0.15184 0.351615
-0.146 0.351615
-0.14016 0.351615
-0.13432 0.351615
-0.12848 0.351615
-0.12264 0.351615
-0.1168 0.351615
-0.11096 0.351615
-0.10512 0.351615
-0.09928 0.351615
-0.09344 0.351615
-0.0876 0.351615
-0.08176 0.351615
-0.07592 0.351615
-0.07008 0.351615
-0.06424 0.351615
-0.0584 0.351615
-0.05256 0.351615
-0.04672 0.351615
-0.04088 0.351615
-0.03504 0.351615
-0.0292 0.351615
-0.02336 0.351615
-0.01752 0.351615
-0.01168 0.351615
-0.00584 0.351615
