-2.92 0.383194
-2.91416 0.383194
-2.90832 0.383194
-2.90248 0.383194
-2.89664 0.383194
-2.8908 0.383194
-2.88496 0.383194
-2.87912 0.383194
-2.87328 0.383194
-2.86744 0.383194
-2.8616 0.383194
-2.85576 0.383194
-2.84992 0.383194
-2.84408 0.383194
-2.83824 0.383194
-2.8324 0.383194
-2.82656 0.383194
-2.82072 0.383194
-2.81488 0.383194
-2.80904 0.383194
-2.8032 0.383194
-2.79736 0.383194
-2.79152 0.383194
-2.78568 0.383194
-2.77984 0.383194
-2.774 0.383194
-2.76816 0.383194
-2.76232 0.383194
-2.75648 0.383194
-2.75064 0.383194
-2.7448 0.383194
-2.73896 0.383194
-2.73312 0.383194
-2.72728 0.383194
-2.72144 0.383194
-2.7156 0.383194
-2.70976 0.383194
-2.70392 0.383194
-2.69808 0.383194
-2.69224 0.383194
-2.6864 0.383194
-2.68056 0.383194
-2.67472 0.383194
-2.66888 0.383194
-2.66304 0.383194
-2.6572 0.383194
-2.65136 0.383194
-2.64552 0.383194
-2.63968 0.383194
-2.63384 0.383194
-2.628 0.383194
-2.62216 0.383194
-2.61632 0.383194
-2.61048 0.383194
-2.60464 0.383194
-2.5988 0.383194
-2.59296 0.38284
-2.58712 0.382221
-2.58128 0.381515
-2.57544 0.380808
-2.5696 0.379928
-2.56376 0.378917
-2.55792 0.377819
-2.55208 0.376589
-2.54624 0.375269
-2.5404 0.373818
-2.53456 0.37228
-2.52872 0.370785
-2.52288 0.369335
-2.51704 0.367795
-2.5112 0.366255
-2.50536 0.364628
-2.49952 0.363044
-2.49368 0.361416
-2.48784 0.359788
-2.482 0.358161
-2.47616 0.356401
-2.47032 0.354597
-2.46448 0.352791
-2.45864 0.350941
-2.4528 0.349048
-2.44696 0.347241
-2.44112 0.345349
-2.43528 0.343411
-2.42944 0.341558
-2.4236 0.339575
-2.41776 0.337592
-2.41192 0.335477
-2.40608 0.333318
-2.40024 0.331117
-2.3944 0.328869
-2.38856 0.326666
-2.38272 0.324461
-2.37688 0.322382
-2.37104 0.32009
-2.3652 0.317923
-2.35936 0.315629
-2.35352 0.31384
-2.34768 0.311416
-2.34184 0.309285
-2.336 0.307153
-2.33016 0.304386
-2.32432 0.302206
-2.31848 0.299606
-2.31264 0.297297
-2.3068 0.295248
-2.30096 0.293067
-2.29512 0.290089
-2.28928 0.288368
-2.28344 0.285638
-2.2776 0.282487
-2.27176 0.280605
-2.26592 0.277416
-2.26008 0.275447
-2.25424 0.27301
-2.2484 0.26998
-2.24256 0.267669
-2.23672 0.264809
-2.23088 0.263254
-2.22504 0.259976
-2.2192 0.258334
-2.21336 0.255598
-2.20752 0.252736
-2.20168 0.250588
-2.19584 0.248359
-2.19 0.246671
-2.18416 0.243852
-2.17832 0.240687
-2.17248 0.237104
-2.16664 0.235208
-2.1608 0.232468
-2.15496 0.230026
-2.14912 0.227577
-2.14328 0.225437
-2.13744 0.222233
-2.1316 0.220294
-2.12576 0.217343
-2.11992 0.215955
-2.11408 0.214145
-2.10824 0.209965
-2.1024 0.207645
-2.09656 0.2049
-2.09072 0.201992
-2.08488 0.199634
-2.07904 0.197528
-2.0732 0.195169
-2.06736 0.193572
-2.06152 0.189181
-2.05568 0.187162
-2.04984 0.185655
-2.044 0.182709
-2.03816 0.18077
-2.03232 0.176677
-2.02648 0.176771
-2.02064 0.171831
-2.0148 0.170144
-2.00896 0.167238
-2.00312 0.163904
-1.99728 0.16391
-1.99144 0.16029
-1.9856 0.160238
-1.97976 0.158497
-1.97392 0.156481
-1.96808 0.157279
-1.96224 0.155534
-1.9564 0.153979
-1.95056 0.152846
-1.94472 0.149385
-1.93888 0.150298
-1.93304 0.149367
-1.9272 0.147411
-1.92136 0.146352
-1.91552 0.145621
-1.90968 0.146264
-1.90384 0.145605
-1.898 0.145089
-1.89216 0.14424
-1.88632 0.143153
-1.88048 0.144124
-1.87464 0.141616
-1.8688 0.142597
-1.86296 0.140999
-1.85712 0.14151
-1.85128 0.14335
-1.84544 0.142449
-1.8396 0.141514
-1.83376 0.141711
-1.82792 0.141226
-1.82208 0.14128
-1.81624 0.143143
-1.8104 0.141798
-1.80456 0.141084
-1.79872 0.142553
-1.79288 0.142033
-1.78704 0.1401
-1.7812 0.141761
-1.77536 0.141684
-1.76952 0.143111
-1.76368 0.141972
-1.75784 0.1412
-1.752 0.143105
-1.74616 0.141613
-1.74032 0.142268
-1.73448 0.14419
-1.72864 0.143109
-1.7228 0.146664
-1.71696 0.144516
-1.71112 0.146415
-1.70528 0.147717
-1.69944 0.15108
-1.6936 0.151871
-1.68776 0.151463
-1.68192 0.148966
-1.67608 0.148122
-1.67024 0.148622
-1.6644 0.148817
-1.65856 0.148229
-1.65272 0.147182
-1.64688 0.1495
-1.64104 0.151052
-1.6352 0.150858
-1.62936 0.149875
-1.62352 0.150747
-1.61768 0.150473
-1.61184 0.154428
-1.606 0.154721
-1.60016 0.157497
-1.59432 0.156748
-1.58848 0.162394
-1.58264 0.159885
-1.5768 0.163458
-1.57096 0.169248
-1.56512 0.167858
-1.55928 0.169964
-1.55344 0.174541
-1.5476 0.176358
-1.54176 0.176953
-1.53592 0.180784
-1.53008 0.177958
-1.52424 0.184355
-1.5184 0.189323
-1.51256 0.190744
-1.50672 0.191792
-1.50088 0.192797
-1.49504 0.197715
-1.4892 0.198319
-1.48336 0.19565
-1.47752 0.200265
-1.47168 0.205386
-1.46584 0.205638
-1.46 0.208866
-1.45416 0.211746
-1.44832 0.217238
-1.44248 0.217906
-1.43664 0.217068
-1.4308 0.222147
-1.42496 0.224181
-1.41912 0.228435
-1.41328 0.230823
-1.40744 0.236053
-1.4016 0.2389
-1.39576 0.239804
-1.38992 0.241396
-1.38408 0.246897
-1.37824 0.250174
-1.3724 0.251875
-1.36656 0.254185
-1.36072 0.258186
-1.35488 0.262051
-1.34904 0.255708
-1.3432 0.267227
-1.33736 0.266357
-1.33152 0.269185
-1.32568 0.273485
-1.31984 0.276339
-1.314 0.281691
-1.30816 0.279896
-1.30232 0.284872
-1.29648 0.28672
-1.29064 0.288994
-1.2848 0.294078
-1.27896 0.293267
-1.27312 0.300027
-1.26728 0.302221
-1.26144 0.302642
-1.2556 0.30322
-1.24976 0.308432
-1.24392 0.308098
-1.23808 0.31287
-1.23224 0.313679
-1.2264 0.317917
-1.22056 0.316537
-1.21472 0.320608
-1.20888 0.326383
-1.20304 0.327968
-1.1972 0.331512
-1.19136 0.331696
-1.18552 0.335659
-1.17968 0.336779
-1.17384 0.343249
-1.168 0.340912
-1.16216 0.345315
-1.15632 0.345069
-1.15048 0.350131
-1.14464 0.349956
-1.1388 0.352378
-1.13296 0.357297
-1.12712 0.357041
-1.12128 0.359545
-1.11544 0.364487
-1.1096 0.366282
-1.10376 0.367722
-1.09792 0.372011
-1.09208 0.366738
-1.08624 0.371697
-1.0804 0.37838
-1.07456 0.378579
-1.06872 0.380951
-1.06288 0.377915
-1.05704 0.383541
-1.0512 0.382381
-1.04536 0.379084
-1.03952 0.381448
-1.03368 0.384287
-1.02784 0.380522
-1.022 0.381911
-1.01616 0.381516
-1.01032 0.383907
-1.00448 0.382293
-0.99864 0.379157
-0.9928 0.382006
-0.98696 0.380915
-0.98112 0.383457
-0.97528 0.382107
-0.96944 0.382504
-0.9636 0.384241
-0.95776 0.381427
-0.95192 0.379725
-0.94608 0.383478
-0.94024 0.382002
-0.9344 0.382604
-0.92856 0.381159
-0.92272 0.382092
-0.91688 0.383131
-0.91104 0.377629
-0.9052 0.382272
-0.89936 0.381296
-0.89352 0.381609
-0.88768 0.380774
-0.88184 0.382415
-0.876 0.382093
-0.87016 0.380229
-0.86432 0.381343
-0.85848 0.38204
-0.85264 0.382485
-0.8468 0.382555
-0.84096 0.384006
-0.83512 0.383907
-0.82928 0.383784
-0.82344 0.381877
-0.8176 0.381103
-0.81176 0.381979
-0.80592 0.381528
-0.80008 0.382861
-0.79424 0.383746
-0.7884 0.384975
-0.78256 0.383549
-0.77672 0.384643
-0.77088 0.384369
-0.76504 0.384107
-0.7592 0.385915
-0.75336 0.38596
-0.74752 0.386539
-0.74168 0.386947
-0.73584 0.387936
-0.73 0.388613
-0.72416 0.389031
-0.71832 0.390945
-0.71248 0.391164
-0.70664 0.392273
-0.7008 0.3925
-0.69496 0.393416
-0.68912 0.393947
-0.68328 0.395795
-0.67744 0.399074
-0.6716 0.400941
-0.66576 0.401071
-0.65992 0.402875
-0.65408 0.402751
-0.64824 0.403787
-0.6424 0.405604
-0.63656 0.406969
-0.63072 0.406916
-0.62488 0.40771
-0.61904 0.408284
-0.6132 0.408587
-0.60736 0.407858
-0.60152 0.408424
-0.59568 0.408424
-0.58984 0.408424
-0.584 0.408424
-0.57816 0.408424
-0.57232 0.408424
-0.56648 0.408424
-0.56064 0.408424
-0.5548 0.408424
-0.54896 0.408424
-0.54312 0.408424
-0.53728 0.408424
-0.53144 0.408424
-0.5256 0.408424
-0.51976 0.408424
-0.51392 0.408424
-0.50808 0.408424
-0.50224 0.408424
-0.4964 0.408424
-0.49056 0.408424
-0.48472 0.408424
-0.47888 0.408424
-0.47304 0.408424
-0.4672 0.408424
-0.46136 0.408424
-0.45552 0.408424
-0.44968 0.408424
-0.44384 0.408424
-0.438 0.408424
-0.43216 0.408424
-0.42632 0.408424
-0.42048 0.408424
-0.41464 0.408424
-0.4088 0.408424
-0.40296 0.408424
-0.39712 0.408424
-0.39128 0.408424
-0.38544 0.408424
-0.3796 0.408424
-0.37376 0.408424
-0.36792 0.408424
-0.36208 0.408424
-0.35624 0.408424
-0.3504 0.408424
-0.34456 0.408424
-0.33872 0.408424
-0.33288 0.408424
-0.32704 0.408424
-0.3212 0.408424
-0.31536 0.408424
-0.30952 0.408424
-0.30368 0.408424
-0.29784 0.408424
-0.292 0.408424
-0.28616 0.408424
-0.28032 0.408424
-0.27448 0.408424
-0.26864 0.408424
-0.2628 0.408424
-0.25696 0.408424
-0.25112 0.408424
-0.24528 0.408424
-0.23944 0.408424
-0.2336 0.408424
-0.22776 0.408424
-0.22192 0.408424
-0.21608 0.408424
-0.21024 0.408424
-0.2044 0.408424
-0.19856 0.408424
-0.19272 0.408424
-0.18688 0.408424
-0.18104 0.408424
-0.1752 0.408424
-0.16936 0.408424
-0.16352 0.408424
-0.15768 0.408424
-0.15184 0.408424
-0.146 0.408424
-0.14016 0.408424
-0.13432 0.408424
-0.12848 0.408424
-0.12264 0.408424
-0.1168 0.408424
-0.11096 0.408424
-0.10512 0.408424
-0.09928 0.408424
-0.09344 0.408424
-0.0876 0.408424
-0.08176 0.408424
-0.07592 0.408424
-0.07008 0.408424
-0.06424 0.408424
-0.0584 0.408424
-0.05256 0.408424
-0.04672 0.408424
-0.04088 0.408424
-0.03504 0.408424
-0.0292 0.408424
-0.02336 0.408424
-0.01752 0.408424
-0.01168 0.408424
-0.00584 0.408424
