-2.92 0.410828
-2.91416 0.410828
-2.90832 0.410828
-2.90248 0.410828
-2.89664 0.410828
-2.8908 0.410828
-2.88496 0.410828
-2.87912 0.410828
-2.87328 0.410828
-2.86744 0.410828
-2.8616 0.410828
-2.85576 0.410828
-2.84992 0.410828
-2.84408 0.410828
-2.83824 0.410828
-2.8324 0.410828
-2.82656 0.410828
-2.82072 0.410828
-2.81488 0.410828
-2.80904 0.410828
-2.8032 0.410828
-2.79736 0.410828
-2.79152 0.410828
-2.78568 0.410828
-2.77984 0.410828
-2.774 0.410828
-2.76816 0.410828
-2.76232 0.410828
-2.75648 0.410828
-2.75064 0.410828
-2.7448 0.410828
-2.73896 0.410828
-2.73312 0.410828
-2.72728 0.410828
-2.72144 0.410828
-2.7156 0.410828
-2.70976 0.410828
-2.70392 0.410828
-2.69808 0.410828
-2.69224 0.410828
-2.6864 0.410828
-2.68056 0.410828
-2.67472 0.410828
-2.66888 0.410828
-2.66304 0.410828
-2.6572 0.410828
-2.65136 0.410828
-2.64552 0.410828
-2.63968 0.410828
-2.63384 0.410828
-2.628 0.410828
-2.62216 0.410828
-2.61632 0.410828
-2.61048 0.410828
-2.60464 0.410828
-2.5988 0.410828
-2.59296 0.410387
-2.58712 0.409679
-2.58128 0.408925
-2.57544 0.408125
-2.5696 0.407281
-2.56376 0.406348
-2.55792 0.405235
-2.55208 0.404079
-2.54624 0.402875
-2.5404 0.401582
-2.53456 0.400335
-2.52872 0.398997
-2.52288 0.397615
-2.51704 0.396101
-2.5112 0.394586
-2.50536 0.392941
-2.49952 0.391337
-2.49368 0.389688
-2.48784 0.387954
-2.482 0.386228
-2.47616 0.384195
-2.47032 0.382161
-2.46448 0.379996
-2.45864 0.377832
-2.4528 0.375624
-2.44696 0.37342
-2.44112 0.37117
-2.43528 0.368879
-2.42944 0.366632
-2.4236 0.364253
-2.41776 0.361873
-2.41192 0.359449
-2.40608 0.357026
-2.40024 0.354689
-2.3944 0.352266
-2.38856 0.349885
-2.38272 0.347503
-2.37688 0.345079
-2.37104 0.342946
-2.3652 0.340432
-2.35936 0.338626
-2.35352 0.336569
-2.34768 0.334597
-2.34184 0.332121
-2.336 0.330141
-2.33016 0.328671
-2.32432 0.325816
-2.31848 0.323624
-2.31264 0.322186
-2.3068 0.319205
-2.30096 0.31789
-2.29512 0.315997
-2.28928 0.313891
-2.28344 0.310857
-2.2776 0.308414
-2.27176 0.30543
-2.26592 0.303537
-2.26008 0.300551
-2.25424 0.29823
-2.2484 0.296286
-2.24256 0.29283
-2.23672 0.289249
-2.23088 0.287006
-2.22504 0.284227
-2.2192 0.279935
-2.21336 0.277904
-2.20752 0.274407
-2.20168 0.270611
-2.19584 0.267991
-2.19 0.264154
-2.18416 0.261369
-2.17832 0.258414
-2.17248 0.253904
-2.16664 0.251326
-2.1608 0.248458
-2.15496 0.245631
-2.14912 0.242464
-2.14328 0.238707
-2.13744 0.235872
-2.1316 0.232452
-2.12576 0.229581
-2.11992 0.227247
-2.11408 0.223455
-2.10824 0.220539
-2.1024 0.217789
-2.09656 0.214744
-2.09072 0.212331
-2.08488 0.208321
-2.07904 0.20595
-2.0732 0.203957
-2.06736 0.200287
-2.06152 0.197371
-2.05568 0.193745
-2.04984 0.191418
-2.044 0.188846
-2.03816 0.18563
-2.03232 0.181915
-2.02648 0.180004
-2.02064 0.176075
-2.0148 0.173829
-2.00896 0.17121
-2.00312 0.168839
-1.99728 0.165714
-1.99144 0.164451
-1.9856 0.162758
-1.97976 0.160858
-1.97392 0.159968
-1.96808 0.157857
-1.96224 0.156463
-1.9564 0.153515
-1.95056 0.153892
-1.94472 0.152719
-1.93888 0.15099
-1.93304 0.151543
-1.9272 0.149137
-1.92136 0.149807
-1.91552 0.147495
-1.90968 0.147745
-1.90384 0.145654
-1.898 0.14548
-1.89216 0.145557
-1.88632 0.145934
-1.88048 0.14631
-1.87464 0.145319
-1.8688 0.145853
-1.86296 0.142708
-1.85712 0.145087
-1.85128 0.144526
-1.84544 0.144418
-1.8396 0.143313
-1.83376 0.143424
-1.82792 0.144739
-1.82208 0.145205
-1.81624 0.14378
-1.8104 0.147927
-1.80456 0.143483
-1.79872 0.143442
-1.79288 0.144867
-1.78704 0.146183
-1.7812 0.146026
-1.77536 0.147646
-1.76952 0.150668
-1.76368 0.148785
-1.75784 0.148206
-1.752 0.149546
-1.74616 0.148894
-1.74032 0.150461
-1.73448 0.151284
-1.72864 0.15117
-1.7228 0.152981
-1.71696 0.151211
-1.71112 0.152775
-1.70528 0.155131
-1.69944 0.156245
-1.6936 0.155451
-1.68776 0.155819
-1.68192 0.159945
-1.67608 0.15478
-1.67024 0.159946
-1.6644 0.157926
-1.65856 0.158085
-1.65272 0.159255
-1.64688 0.158121
-1.64104 0.159267
-1.6352 0.160044
-1.62936 0.15762
-1.62352 0.160503
-1.61768 0.160107
-1.61184 0.16032
-1.606 0.167217
-1.60016 0.166569
-1.59432 0.168434
-1.58848 0.172493
-1.58264 0.174496
-1.5768 0.1755
-1.57096 0.176192
-1.56512 0.180908
-1.55928 0.179885
-1.55344 0.183505
-1.5476 0.185799
-1.54176 0.19158
-1.53592 0.191083
-1.53008 0.194169
-1.52424 0.195683
-1.5184 0.198649
-1.51256 0.204175
-1.50672 0.204337
-1.50088 0.208367
-1.49504 0.211596
-1.4892 0.212825
-1.48336 0.212466
-1.47752 0.216883
-1.47168 0.220173
-1.46584 0.221446
-1.46 0.222755
-1.45416 0.230288
-1.44832 0.233911
-1.44248 0.237642
-1.43664 0.238077
-1.4308 0.242839
-1.42496 0.241452
-1.41912 0.24565
-1.41328 0.252046
-1.40744 0.251793
-1.4016 0.25816
-1.39576 0.259135
-1.38992 0.263115
-1.38408 0.27073
-1.37824 0.266055
-1.3724 0.273507
-1.36656 0.271897
-1.36072 0.273913
-1.35488 0.278462
-1.34904 0.28178
-1.3432 0.283352
-1.33736 0.289172
-1.33152 0.296882
-1.32568 0.29743
-1.31984 0.29924
-1.314 0.302744
-1.30816 0.303922
-1.30232 0.309176
-1.29648 0.3088
-1.29064 0.315009
-1.2848 0.31827
-1.27896 0.320181
-1.27312 0.319922
-1.26728 0.326663
-1.26144 0.327968
-1.2556 0.328457
-1.24976 0.332259
-1.24392 0.337277
-1.23808 0.336741
-1.23224 0.344251
-1.2264 0.345005
-1.22056 0.348278
-1.21472 0.353155
-1.20888 0.354503
-1.20304 0.357319
-1.1972 0.36067
-1.19136 0.36191
-1.18552 0.364175
-1.17968 0.367056
-1.17384 0.366305
-1.168 0.375756
-1.16216 0.378264
-1.15632 0.380621
-1.15048 0.385287
-1.14464 0.383439
-1.1388 0.385254
-1.13296 0.385913
-1.12712 0.391193
-1.12128 0.390247
-1.11544 0.396053
-1.1096 0.399889
-1.10376 0.402422
-1.09792 0.403452
-1.09208 0.404061
-1.08624 0.404577
-1.0804 0.40757
-1.07456 0.41157
-1.06872 0.413027
-1.06288 0.413855
-1.05704 0.418496
-1.0512 0.418205
-1.04536 0.414673
-1.03952 0.417289
-1.03368 0.41909
-1.02784 0.417911
-1.022 0.415478
-1.01616 0.421352
-1.01032 0.420738
-1.00448 0.421675
-0.99864 0.418688
-0.9928 0.420759
-0.98696 0.416191
-0.98112 0.418051
-0.97528 0.422989
-0.96944 0.420446
-0.9636 0.420986
-0.95776 0.420136
-0.95192 0.422806
-0.94608 0.425241
-0.94024 0.420146
-0.9344 0.423429
-0.92856 0.419403
-0.92272 0.42024
-0.91688 0.420168
-0.91104 0.419754
-0.9052 0.418279
-0.89936 0.422591
-0.89352 0.423255
-0.88768 0.421758
-0.88184 0.422797
-0.876 0.423879
-0.87016 0.421853
-0.86432 0.425313
-0.85848 0.423876
-0.85264 0.425474
-0.8468 0.424933
-0.84096 0.424468
-0.83512 0.424799
-0.82928 0.423886
-0.82344 0.42349
-0.8176 0.422937
-0.81176 0.424102
-0.80592 0.423809
-0.80008 0.423303
-0.79424 0.424584
-0.7884 0.42326
-0.78256 0.426194
-0.77672 0.426204
-0.77088 0.425779
-0.76504 0.426836
-0.7592 0.427565
-0.75336 0.427606
-0.74752 0.427828
-0.74168 0.428433
-0.73584 0.43045
-0.73 0.430975
-0.72416 0.43323
-0.71832 0.433488
-0.71248 0.434804
-0.70664 0.435225
-0.7008 0.435788
-0.69496 0.436626
-0.68912 0.437868
-0.68328 0.439116
-0.67744 0.443135
-0.6716 0.444715
-0.66576 0.445818
-0.65992 0.4473
-0.65408 0.447005
-0.64824 0.44882
-0.6424 0.451247
-0.63656 0.451709
-0.63072 0.452207
-0.62488 0.452405
-0.61904 0.453186
-0.6132 0.452286
-0.60736 0.45168
-0.60152 0.452203
-0.59568 0.452203
-0.58984 0.452203
-0.584 0.452203
-0.57816 0.452203
-0.57232 0.452203
-0.56648 0.452203
-0.56064 0.452203
-0.5548 0.452203
-0.54896 0.452203
-0.54312 0.452203
-0.53728 0.452203
-0.53144 0.452203
-0.5256 0.452203
-0.51976 0.452203
-0.51392 0.452203
-0.50808 0.452203
-0.50224 0.452203
-0.4964 0.452203
-0.49056 0.452203
-0.48472 0.452203
-0.47888 0.452203
-0.47304 0.452203
-0.4672 0.452203
-0.46136 0.452203
-0.45552 0.452203
-0.44968 0.452203
-0.44384 0.452203
-0.438 0.452203
-0.43216 0.452203
-0.42632 0.452203
-0.42048 0.452203
-0.41464 0.452203
-0.4088 0.452203
-0.40296 0.452203
-0.39712 0.452203
-0.39128 0.452203
-0.38544 0.452203
-0.3796 0.452203
-0.37376 0.452203
-0.36792 0.452203
-0.36208 0.452203
-0.35624 0.452203
-0.3504 0.452203
-0.34456 0.452203
-0.33872 0.452203
-0.33288 0.452203
-0.32704 0.452203
-0.3212 0.452203
-0.31536 0.452203
-0.30952 0.452203
-0.30368 0.452203
-0.29784 0.452203
-0.292 0.452203
-0.28616 0.452203
-0.28032 0.452203
-0.27448 0.452203
-0.26864 0.452203
-0.2628 0.452203
-0.25696 0.452203
-0.25112 0.452203
-0.24528 0.452203
-0.23944 0.452203
-0.2336 0.452203
-0.22776 0.452203
-0.22192 0.452203
-0.21608 0.452203
-0.21024 0.452203
-0.2044 0.452203
-0.19856 0.452203
-0.19272 0.452203
-0.18688 0.452203
-0.18104 0.452203
-0.1752 0.452203
-0.16936 0.452203
-0.16352 0.452203
-0.15768 0.452203
-0.15184 0.452203
-0.146 0.452203
-0.14016 0.452203
-0.13432 0.452203
-0.12848 0.452203
-0.12264 0.452203
-0.1168 0.452203
-0.11096 0.452203
-0.10512 0.452203
-0.09928 0.452203
-0.09344 0.452203
-0.0876 0.452203
-0.08176 0.452203
-0.07592 0.452203
-0.07008 0.452203
-0.06424 0.452203
-0.0584 0.452203
-0.05256 0.452203
-0.04672 0.452203
-0.04088 0.452203
-0.03504 0.452203
-0.0292 0.452203
-0.02336 0.452203
-0.01752 0.452203
-0.01168 0.452203
-0.00584 0.452203
