-2.92 0.344515
-2.91416 0.344515
-2.90832 0.344515
-2.90248 0.344515
-2.89664 0.344515
-2.8908 0.344515
-2.88496 0.344515
-2.87912 0.344515
-2.87328 0.344515
-2.86744 0.344515
-2.8616 0.344515
-2.85576 0.344515
-2.84992 0.344515
-2.84408 0.344515
-2.83824 0.344515
-2.8324 0.344515
-2.82656 0.344515
-2.82072 0.344515
-2.81488 0.344515
-2.80904 0.344515
-2.8032 0.344515
-2.79736 0.344515
-2.79152 0.344515
-2.78568 0.344515
-2.77984 0.344515
-2.774 0.344515
-2.76816 0.344515
-2.76232 0.344515
-2.75648 0.344515
-2.75064 0.344515
-2.7448 0.344515
-2.73896 0.344515
-2.73312 0.344515
-2.72728 0.344515
-2.72144 0.344515
-2.7156 0.344515
-2.70976 0.344515
-2.70392 0.344515
-2.69808 0.344515
-2.69224 0.344515
-2.6864 0.344515
-2.68056 0.344515
-2.67472 0.344515
-2.66888 0.344515
-2.66304 0.344515
-2.6572 0.344515
-2.65136 0.344515
-2.64552 0.344515
-2.63968 0.344515
-2.63384 0.344515
-2.628 0.344515
-2.62216 0.344515
-2.61632 0.344515
-2.61048 0.344515
-2.60464 0.344515
-2.5988 0.344515
-2.59296 0.344253
-2.58712 0.343855
-2.58128 0.343282
-2.57544 0.342706
-2.5696 0.341955
-2.56376 0.341247
-2.55792 0.340363
-2.55208 0.339392
-2.54624 0.338465
-2.5404 0.337494
-2.53456 0.336481
-2.52872 0.335379
-2.52288 0.334277
-2.51704 0.333086
-2.5112 0.331896
-2.50536 0.330661
-2.49952 0.329383
-2.49368 0.327974
-2.48784 0.326649
-2.482 0.325324
-2.47616 0.323824
-2.47032 0.322194
-2.46448 0.320434
-2.45864 0.31863
-2.4528 0.316781
-2.44696 0.314889
-2.44112 0.312996
-2.43528 0.311104
-2.42944 0.309342
-2.4236 0.307361
-2.41776 0.305423
-2.41192 0.303399
-2.40608 0.301374
-2.40024 0.29935
-2.3944 0.297237
-2.38856 0.295168
-2.38272 0.293099
-2.37688 0.291406
-2.37104 0.289167
-2.3652 0.287476
-2.35936 0.285653
-2.35352 0.284291
-2.34768 0.282222
-2.34184 0.280822
-2.336 0.279125
-2.33016 0.277557
-2.32432 0.276579
-2.31848 0.274123
-2.31264 0.272635
-2.3068 0.270642
-2.30096 0.26852
-2.29512 0.265773
-2.28928 0.263527
-2.28344 0.261661
-2.2776 0.258949
-2.27176 0.256792
-2.26592 0.254036
-2.26008 0.251835
-2.25424 0.248949
-2.2484 0.246785
-2.24256 0.24327
-2.23672 0.240638
-2.23088 0.238008
-2.22504 0.235162
-2.2192 0.233536
-2.21336 0.230611
-2.20752 0.228062
-2.20168 0.225424
-2.19584 0.223169
-2.19 0.220239
-2.18416 0.217896
-2.17832 0.21564
-2.17248 0.213213
-2.16664 0.209602
-2.1608 0.208102
-2.15496 0.205506
-2.14912 0.202656
-2.14328 0.200143
-2.13744 0.197672
-2.1316 0.195665
-2.12576 0.192392
-2.11992 0.190766
-2.11408 0.18762
-2.10824 0.185828
-2.1024 0.183022
-2.09656 0.180424
-2.09072 0.178459
-2.08488 0.175863
-2.07904 0.173557
-2.0732 0.171429
-2.06736 0.16862
-2.06152 0.166659
-2.05568 0.164446
-2.04984 0.161469
-2.044 0.159845
-2.03816 0.15704
-2.03232 0.154442
-2.02648 0.152095
-2.02064 0.149453
-2.0148 0.147915
-2.00896 0.144934
-2.00312 0.143265
-1.99728 0.141218
-1.99144 0.138584
-1.9856 0.135177
-1.97976 0.134363
-1.97392 0.132277
-1.96808 0.13061
-1.96224 0.130014
-1.9564 0.130343
-1.95056 0.128046
-1.94472 0.127739
-1.93888 0.127779
-1.93304 0.127477
-1.9272 0.126886
-1.92136 0.125096
-1.91552 0.126623
-1.90968 0.125307
-1.90384 0.124591
-1.898 0.12429
-1.89216 0.12217
-1.88632 0.124935
-1.88048 0.125222
-1.87464 0.124559
-1.8688 0.124093
-1.86296 0.124448
-1.85712 0.125031
-1.85128 0.124877
-1.84544 0.123531
-1.8396 0.125716
-1.83376 0.123719
-1.82792 0.125028
-1.82208 0.126739
-1.81624 0.128275
-1.8104 0.126722
-1.80456 0.127193
-1.79872 0.126736
-1.79288 0.128277
-1.78704 0.127486
-1.7812 0.127141
-1.77536 0.12924
-1.76952 0.129095
-1.76368 0.131772
-1.75784 0.132375
-1.752 0.133199
-1.74616 0.132912
-1.74032 0.131446
-1.73448 0.133751
-1.72864 0.134289
-1.7228 0.136517
-1.71696 0.137255
-1.71112 0.137982
-1.70528 0.142416
-1.69944 0.140672
-1.6936 0.142365
-1.68776 0.14326
-1.68192 0.145799
-1.67608 0.145373
-1.67024 0.148549
-1.6644 0.146799
-1.65856 0.145393
-1.65272 0.148298
-1.64688 0.147174
-1.64104 0.148393
-1.6352 0.148122
-1.62936 0.14787
-1.62352 0.1501
-1.61768 0.150659
-1.61184 0.152082
-1.606 0.154044
-1.60016 0.15397
-1.59432 0.156076
-1.58848 0.157305
-1.58264 0.161232
-1.5768 0.164598
-1.57096 0.163946
-1.56512 0.167695
-1.55928 0.168793
-1.55344 0.170333
-1.5476 0.173662
-1.54176 0.174908
-1.53592 0.177393
-1.53008 0.180409
-1.52424 0.184677
-1.5184 0.18924
-1.51256 0.188704
-1.50672 0.190789
-1.50088 0.195
-1.49504 0.198148
-1.4892 0.202027
-1.48336 0.205084
-1.47752 0.206467
-1.47168 0.209968
-1.46584 0.211306
-1.46 0.214328
-1.45416 0.21475
-1.44832 0.216087
-1.44248 0.222336
-1.43664 0.225714
-1.4308 0.22533
-1.42496 0.232376
-1.41912 0.231416
-1.41328 0.240191
-1.40744 0.238527
-1.4016 0.242054
-1.39576 0.246433
-1.38992 0.249239
-1.38408 0.252479
-1.37824 0.250513
-1.3724 0.255809
-1.36656 0.264121
-1.36072 0.265847
-1.35488 0.266438
-1.34904 0.26981
-1.3432 0.273824
-1.33736 0.276701
-1.33152 0.278421
-1.32568 0.285459
-1.31984 0.288188
-1.314 0.290894
-1.30816 0.292032
-1.30232 0.294708
-1.29648 0.3012
-1.29064 0.303173
-1.2848 0.308521
-1.27896 0.309307
-1.27312 0.309064
-1.26728 0.315126
-1.26144 0.317394
-1.2556 0.319903
-1.24976 0.321526
-1.24392 0.325175
-1.23808 0.327078
-1.23224 0.329741
-1.2264 0.332348
-1.22056 0.331719
-1.21472 0.338636
-1.20888 0.338593
-1.20304 0.340994
-1.1972 0.343083
-1.19136 0.348084
-1.18552 0.352362
-1.17968 0.351425
-1.17384 0.355613
-1.168 0.358867
-1.16216 0.361727
-1.15632 0.363716
-1.15048 0.369265
-1.14464 0.3726
-1.1388 0.378254
-1.13296 0.376402
-1.12712 0.380295
-1.12128 0.384063
-1.11544 0.386016
-1.1096 0.387798
-1.10376 0.388682
-1.09792 0.391387
-1.09208 0.391855
-1.08624 0.396995
-1.0804 0.401678
-1.07456 0.402114
-1.06872 0.404291
-1.06288 0.405239
-1.05704 0.407832
-1.0512 0.409834
-1.04536 0.413471
-1.03952 0.414155
-1.03368 0.415542
-1.02784 0.415882
-1.022 0.418077
-1.01616 0.415226
-1.01032 0.414351
-1.00448 0.416854
-0.99864 0.416596
-0.9928 0.417518
-0.98696 0.420008
-0.98112 0.417073
-0.97528 0.422615
-0.96944 0.417949
-0.9636 0.417632
-0.95776 0.417854
-0.95192 0.418299
-0.94608 0.42125
-0.94024 0.41619
-0.9344 0.419583
-0.92856 0.424343
-0.92272 0.422678
-0.91688 0.421636
-0.91104 0.422541
-0.9052 0.422674
-0.89936 0.424232
-0.89352 0.424001
-0.88768 0.425293
-0.88184 0.425675
-0.876 0.424469
-0.87016 0.423056
-0.86432 0.425233
-0.85848 0.425002
-0.85264 0.426896
-0.8468 0.428062
-0.84096 0.426558
-0.83512 0.425451
-0.82928 0.425505
-0.82344 0.426641
-0.8176 0.427274
-0.81176 0.426198
-0.80592 0.426861
-0.80008 0.425898
-0.79424 0.425039
-0.7884 0.424672
-0.78256 0.425501
-0.77672 0.424878
-0.77088 0.426719
-0.76504 0.425752
-0.7592 0.425902
-0.75336 0.426473
-0.74752 0.427258
-0.74168 0.4279
-0.73584 0.428669
-0.73 0.429248
-0.72416 0.430086
-0.71832 0.430649
-0.71248 0.4315
-0.70664 0.434134
-0.7008 0.434775
-0.69496 0.436042
-0.68912 0.438079
-0.68328 0.439138
-0.67744 0.440827
-0.6716 0.443024
-0.66576 0.44391
-0.65992 0.445641
-0.65408 0.445093
-0.64824 0.44648
-0.6424 0.44925
-0.63656 0.450084
-0.63072 0.450699
-0.62488 0.450843
-0.61904 0.450145
-0.6132 0.450159
-0.60736 0.450127
-0.60152 0.450556
-0.59568 0.450556
-0.58984 0.450556
-0.584 0.450556
-0.57816 0.450556
-0.57232 0.450556
-0.56648 0.450556
-0.56064 0.450556
-0.5548 0.450556
-0.54896 0.450556
-0.54312 0.450556
-0.53728 0.450556
-0.53144 0.450556
-0.5256 0.450556
-0.51976 0.450556
-0.51392 0.450556
-0.50808 0.450556
-0.50224 0.450556
-0.4964 0.450556
-0.49056 0.450556
-0.48472 0.450556
-0.47888 0.450556
-0.47304 0.450556
-0.4672 0.450556
-0.46136 0.450556
-0.45552 0.450556
-0.44968 0.450556
-0.44384 0.450556
-0.438 0.450556
-0.43216 0.450556
-0.42632 0.450556
-0.42048 0.450556
-0.41464 0.450556
-0.4088 0.450556
-0.40296 0.450556
-0.39712 0.450556
-0.39128 0.450556
-0.38544 0.450556
-0.3796 0.450556
-0.37376 0.450556
-0.36792 0.450556
-0.36208 0.450556
-0.35624 0.450556
-0.3504 0.450556
-0.34456 0.450556
-0.33872 0.450556
-0.33288 0.450556
-0.32704 0.450556
-0.3212 0.450556
-0.31536 0.450556
-0.30952 0.450556
-0.30368 0.450556
-0.29784 0.450556
-0.292 0.450556
-0.28616 0.450556
-0.28032 0.450556
-0.27448 0.450556
-0.26864 0.450556
-0.2628 0.450556
-0.25696 0.450556
-0.25112 0.450556
-0.24528 0.450556
-0.23944 0.450556
-0.2336 0.450556
-0.22776 0.450556
-0.22192 0.450556
-0.21608 0.450556
-0.21024 0.450556
-0.2044 0.450556
-0.19856 0.450556
-0.19272 0.450556
-0.18688 0.450556
-0.18104 0.450556
-0.1752 0.450556
-0.16936 0.450556
-0.16352 0.450556
-0.15768 0.450556
-0.15184 0.450556
-0.146 0.450556
-0.14016 0.450556
-0.13432 0.450556
-0.12848 0.450556
-0.12264 0.450556
-0.1168 0.450556
-0.11096 0.450556
-0.10512 0.450556
-0.09928 0.450556
-0.09344 0.450556
-0.0876 0.450556
-0.08176 0.450556
-0.07592 0.450556
-0.07008 0.450556
-0.06424 0.450556
-0.0584 0.450556
-0.05256 0.450556
-0.04672 0.450556
-0.04088 0.450556
-0.03504 0.450556
-0.0292 0.450556
-0.02336 0.450556
-0.01752 0.450556
-0.01168 0.450556
-0.00584 0.450556
