-2.92 0.343946
-2.91416 0.343946
-2.90832 0.343946
-2.90248 0.343946
-2.89664 0.343946
-2.8908 0.343946
-2.88496 0.343946
-2.87912 0.343946
-2.87328 0.343946
-2.86744 0.343946
-2.8616 0.343946
-2.85576 0.343946
-2.84992 0.343946
-2.84408 0.343946
-2.83824 0.343946
-2.8324 0.343946
-2.82656 0.343946
-2.82072 0.343946
-2.81488 0.343946
-2.80904 0.343946
-2.8032 0.343946
-2.79736 0.343946
-2.79152 0.343946
-2.78568 0.343946
-2.77984 0.343946
-2.774 0.343946
-2.76816 0.343946
-2.76232 0.343946
-2.75648 0.343946
-2.75064 0.343946
-2.7448 0.343946
-2.73896 0.343946
-2.73312 0.343946
-2.72728 0.343946
-2.72144 0.343946
-2.7156 0.343946
-2.70976 0.343946
-2.70392 0.343946
-2.69808 0.343946
-2.69224 0.343946
-2.6864 0.343946
-2.68056 0.343946
-2.67472 0.343946
-2.66888 0.343946
-2.66304 0.343946
-2.6572 0.343946
-2.65136 0.343946
-2.64552 0.343946
-2.63968 0.343946
-2.63384 0.343946
-2.628 0.343946
-2.62216 0.343946
-2.61632 0.343946
-2.61048 0.343946
-2.60464 0.343946
-2.5988 0.343946
-2.59296 0.343501
-2.58712 0.342839
-2.58128 0.342045
-2.57544 0.341249
-2.5696 0.34041
-2.56376 0.339527
-2.55792 0.33851
-2.55208 0.337536
-2.54624 0.336385
-2.5404 0.33519
-2.53456 0.333995
-2.52872 0.332712
-2.52288 0.33147
-2.51704 0.330096
-2.5112 0.328678
-2.50536 0.327216
-2.49952 0.325797
-2.49368 0.32438
-2.48784 0.323052
-2.482 0.32168
-2.47616 0.320087
-2.47032 0.318404
-2.46448 0.316678
-2.45864 0.314907
-2.4528 0.313092
-2.44696 0.311232
-2.44112 0.309416
-2.43528 0.307557
-2.42944 0.305742
-2.4236 0.303837
-2.41776 0.30189
-2.41192 0.30003
-2.40608 0.29808
-2.40024 0.296173
-2.3944 0.294136
-2.38856 0.292185
-2.38272 0.290188
-2.37688 0.288272
-2.37104 0.286192
-2.3652 0.28432
-2.35936 0.282275
-2.35352 0.280527
-2.34768 0.278525
-2.34184 0.276224
-2.336 0.274512
-2.33016 0.27226
-2.32432 0.270506
-2.31848 0.268329
-2.31264 0.266447
-2.3068 0.264819
-2.30096 0.262476
-2.29512 0.261399
-2.28928 0.25922
-2.28344 0.257762
-2.2776 0.255708
-2.27176 0.254849
-2.26592 0.25428
-2.26008 0.251942
-2.25424 0.251198
-2.2484 0.250409
-2.24256 0.2492
-2.23672 0.247617
-2.23088 0.24717
-2.22504 0.246673
-2.2192 0.245343
-2.21336 0.244428
-2.20752 0.244992
-2.20168 0.243905
-2.19584 0.242693
-2.19 0.241357
-2.18416 0.240356
-2.17832 0.239528
-2.17248 0.240559
-2.16664 0.238329
-2.1608 0.238178
-2.15496 0.23735
-2.14912 0.236101
-2.14328 0.233923
-2.13744 0.233006
-2.1316 0.232859
-2.12576 0.231818
-2.11992 0.232261
-2.11408 0.232199
-2.10824 0.231115
-2.1024 0.229654
-2.09656 0.227851
-2.09072 0.226089
-2.08488 0.227464
-2.07904 0.228203
-2.0732 0.225346
-2.06736 0.224943
-2.06152 0.224115
-2.05568 0.222738
-2.04984 0.225431
-2.044 0.223846
-2.03816 0.22057
-2.03232 0.220254
-2.02648 0.219968
-2.02064 0.218173
-2.0148 0.219335
-2.00896 0.216996
-2.00312 0.217562
-1.99728 0.21725
-1.99144 0.217238
-1.9856 0.216748
-1.97976 0.21512
-1.97392 0.212303
-1.96808 0.214906
-1.96224 0.212521
-1.9564 0.212502
-1.95056 0.212654
-1.94472 0.211197
-1.93888 0.209095
-1.93304 0.207644
-1.9272 0.207916
-1.92136 0.205266
-1.91552 0.20148
-1.90968 0.200995
-1.90384 0.199325
-1.898 0.195027
-1.89216 0.194336
-1.88632 0.191793
-1.88048 0.18934
-1.87464 0.188056
-1.8688 0.187531
-1.86296 0.180868
-1.85712 0.178855
-1.85128 0.177115
-1.84544 0.174509
-1.8396 0.173313
-1.83376 0.167798
-1.82792 0.165103
-1.82208 0.161973
-1.81624 0.161071
-1.8104 0.160218
-1.80456 0.156304
-1.79872 0.151966
-1.79288 0.148818
-1.78704 0.148147
-1.7812 0.143728
-1.77536 0.139944
-1.76952 0.137921
-1.76368 0.134087
-1.75784 0.134059
-1.752 0.129904
-1.74616 0.124636
-1.74032 0.123681
-1.73448 0.119707
-1.72864 0.117239
-1.7228 0.114799
-1.71696 0.113325
-1.71112 0.107347
-1.70528 0.106615
-1.69944 0.103311
-1.6936 0.101378
-1.68776 0.0986123
-1.68192 0.0953858
-1.67608 0.0919009
-1.67024 0.0904717
-1.6644 0.0872032
-1.65856 0.0867592
-1.65272 0.0866699
-1.64688 0.0859789
-1.64104 0.0836316
-1.6352 0.0849428
-1.62936 0.0849274
-1.62352 0.0847009
-1.61768 0.0835675
-1.61184 0.0843668
-1.606 0.0833005
-1.60016 0.0812886
-1.59432 0.0822641
-1.58848 0.0816727
-1.58264 0.0801915
-1.5768 0.0832942
-1.57096 0.0805219
-1.56512 0.0830116
-1.55928 0.0828587
-1.55344 0.0843884
-1.5476 0.0850156
-1.54176 0.0871275
-1.53592 0.0872529
-1.53008 0.0871639
-1.52424 0.0858425
-1.5184 0.0872805
-1.51256 0.0887597
-1.50672 0.085851
-1.50088 0.0886425
-1.49504 0.0921978
-1.4892 0.0938169
-1.48336 0.0930386
-1.47752 0.0957444
-1.47168 0.0946016
-1.46584 0.0951498
-1.46 0.0989921
-1.45416 0.101448
-1.44832 0.0999285
-1.44248 0.104248
-1.43664 0.105189
-1.4308 0.1067
-1.42496 0.107452
-1.41912 0.109243
-1.41328 0.112851
-1.40744 0.114088
-1.4016 0.113305
-1.39576 0.118958
-1.38992 0.123137
-1.38408 0.117656
-1.37824 0.123235
-1.3724 0.126069
-1.36656 0.12907
-1.36072 0.131169
-1.35488 0.133888
-1.34904 0.135083
-1.3432 0.139248
-1.33736 0.142366
-1.33152 0.146407
-1.32568 0.152478
-1.31984 0.154798
-1.314 0.155011
-1.30816 0.155583
-1.30232 0.159338
-1.29648 0.162913
-1.29064 0.165852
-1.2848 0.168253
-1.27896 0.173271
-1.27312 0.175438
-1.26728 0.181333
-1.26144 0.181669
-1.2556 0.185399
-1.24976 0.188684
-1.24392 0.194223
-1.23808 0.192739
-1.23224 0.197608
-1.2264 0.200739
-1.22056 0.203711
-1.21472 0.205008
-1.20888 0.210411
-1.20304 0.211474
-1.1972 0.216184
-1.19136 0.220543
-1.18552 0.222677
-1.17968 0.22355
-1.17384 0.228417
-1.168 0.229583
-1.16216 0.228331
-1.15632 0.231305
-1.15048 0.23541
-1.14464 0.237919
-1.1388 0.23988
-1.13296 0.241855
-1.12712 0.246719
-1.12128 0.250186
-1.11544 0.254212
-1.1096 0.256118
-1.10376 0.262763
-1.09792 0.263665
-1.09208 0.266797
-1.08624 0.266238
-1.0804 0.26893
-1.07456 0.272991
-1.06872 0.27268
-1.06288 0.276432
-1.05704 0.284729
-1.0512 0.287903
-1.04536 0.290072
-1.03952 0.292153
-1.03368 0.293862
-1.02784 0.295225
-1.022 0.301264
-1.01616 0.30345
-1.01032 0.304461
-1.00448 0.311838
-0.99864 0.311915
-0.9928 0.314374
-0.98696 0.316223
-0.98112 0.319095
-0.97528 0.322603
-0.96944 0.32447
-0.9636 0.326308
-0.95776 0.329259
-0.95192 0.332401
-0.94608 0.328959
-0.94024 0.333074
-0.9344 0.336658
-0.92856 0.338534
-0.92272 0.34023
-0.91688 0.341714
-0.91104 0.344887
-0.9052 0.34861
-0.89936 0.35205
-0.89352 0.354413
-0.88768 0.358683
-0.88184 0.360455
-0.876 0.361386
-0.87016 0.361708
-0.86432 0.363126
-0.85848 0.366207
-0.85264 0.368533
-0.8468 0.37073
-0.84096 0.375101
-0.83512 0.377848
-0.82928 0.379912
-0.82344 0.380504
-0.8176 0.382857
-0.81176 0.385051
-0.80592 0.388509
-0.80008 0.387701
-0.79424 0.39019
-0.7884 0.392034
-0.78256 0.392911
-0.77672 0.393035
-0.77088 0.395088
-0.76504 0.394442
-0.7592 0.396843
-0.75336 0.396732
-0.74752 0.397645
-0.74168 0.397796
-0.73584 0.399365
-0.73 0.396999
-0.72416 0.395806
-0.71832 0.396078
-0.71248 0.397741
-0.70664 0.397505
-0.7008 0.399606
-0.69496 0.399849
-0.68912 0.400429
-0.68328 0.400397
-0.67744 0.402051
-0.6716 0.404383
-0.66576 0.404094
-0.65992 0.405234
-0.65408 0.40585
-0.64824 0.404892
-0.6424 0.405303
-0.63656 0.406263
-0.63072 0.40735
-0.62488 0.408341
-0.61904 0.410471
-0.6132 0.410825
-0.60736 0.41105
-0.60152 0.410724
-0.59568 0.410724
-0.58984 0.410724
-0.584 0.410724
-0.57816 0.410724
-0.57232 0.410724
-0.56648 0.410724
-0.56064 0.410724
-0.5548 0.410724
-0.54896 0.410724
-0.54312 0.410724
-0.53728 0.410724
-0.53144 0.410724
-0.5256 0.410724
-0.51976 0.410724
-0.51392 0.410724
-0.50808 0.410724
-0.50224 0.410724
-0.4964 0.410724
-0.49056 0.410724
-0.48472 0.410724
-0.47888 0.410724
-0.47304 0.410724
-0.4672 0.410724
-0.46136 0.410724
-0.45552 0.410724
-0.44968 0.410724
-0.44384 0.410724
-0.438 0.410724
-0.43216 0.410724
-0.42632 0.410724
-0.42048 0.410724
-0.41464 0.410724
-0.4088 0.410724
-0.40296 0.410724
-0.39712 0.410724
-0.39128 0.410724
-0.38544 0.410724
-0.3796 0.410724
-0.37376 0.410724
-0.36792 0.410724
-0.36208 0.410724
-0.35624 0.410724
-0.3504 0.410724
-0.34456 0.410724
-0.33872 0.410724
-0.33288 0.410724
-0.32704 0.410724
-0.3212 0.410724
-0.31536 0.410724
-0.30952 0.410724
-0.30368 0.410724
-0.29784 0.410724
-0.292 0.410724
-0.28616 0.410724
-0.28032 0.410724
-0.27448 0.410724
-0.26864 0.410724
-0.2628 0.410724
-0.25696 0.410724
-0.25112 0.410724
-0.24528 0.410724
-0.23944 0.410724
-0.2336 0.410724
-0.22776 0.410724
-0.22192 0.410724
-0.21608 0.410724
-0.21024 0.410724
-0.2044 0.410724
-0.19856 0.410724
-0.19272 0.410724
-0.18688 0.410724
-0.18104 0.410724
-0.1752 0.410724
-0.16936 0.410724
-0.16352 0.410724
-0.15768 0.410724
-0.15184 0.410724
-0.146 0.410724
-0.14016 0.410724
-0.13432 0.410724
-0.12848 0.410724
-0.12264 0.410724
-0.1168 0.410724
-0.11096 0.410724
-0.10512 0.410724
-0.09928 0.410724
-0.09344 0.410724
-0.0876 0.410724
-0.08176 0.410724
-0.07592 0.410724
-0.07008 0.410724
-0.06424 0.410724
-0.0584 0.410724
-0.05256 0.410724
-0.04672 0.410724
-0.04088 0.410724
-0.03504 0.410724
-0.0292 0.410724
-0.02336 0.410724
-0.01752 0.410724
-0.01168 0.410724
-0.00584 0.410724
