-2.92 0.36547
-2.91416 0.36547
-2.90832 0.36547
-2.90248 0.36547
-2.89664 0.36547
-2.8908 0.36547
-2.88496 0.36547
-2.87912 0.36547
-2.87328 0.36547
-2.86744 0.36547
-2.8616 0.36547
-2.85576 0.36547
-2.84992 0.36547
-2.84408 0.36547
-2.83824 0.36547
-2.8324 0.36547
-2.82656 0.36547
-2.82072 0.36547
-2.81488 0.36547
-2.80904 0.36547
-2.8032 0.36547
-2.79736 0.36547
-2.79152 0.36547
-2.78568 0.36547
-2.77984 0.36547
-2.774 0.36547
-2.76816 0.36547
-2.76232 0.36547
-2.75648 0.36547
-2.75064 0.36547
-2.7448 0.36547
-2.73896 0.36547
-2.73312 0.36547
-2.72728 0.36547
-2.72144 0.36547
-2.7156 0.36547
-2.70976 0.36547
-2.70392 0.36547
-2.69808 0.36547
-2.69224 0.36547
-2.6864 0.36547
-2.68056 0.36547
-2.67472 0.36547
-2.66888 0.36547
-2.66304 0.36547
-2.6572 0.36547
-2.65136 0.36547
-2.64552 0.36547
-2.63968 0.36547
-2.63384 0.36547
-2.628 0.36547
-2.62216 0.36547
-2.61632 0.36547
-2.61048 0.36547
-2.60464 0.36547
-2.5988 0.36547
-2.59296 0.365029
-2.58712 0.364407
-2.58128 0.36361
-2.57544 0.362726
-2.5696 0.361751
-2.56376 0.360645
-2.55792 0.359538
-2.55208 0.358432
-2.54624 0.357237
-2.5404 0.355997
-2.53456 0.354757
-2.52872 0.353473
-2.52288 0.352145
-2.51704 0.350729
-2.5112 0.349268
-2.50536 0.347895
-2.49952 0.346435
-2.49368 0.344975
-2.48784 0.343425
-2.482 0.342055
-2.47616 0.340288
-2.47032 0.338564
-2.46448 0.336754
-2.45864 0.334899
-2.4528 0.333043
-2.44696 0.331188
-2.44112 0.329289
-2.43528 0.327347
-2.42944 0.325403
-2.4236 0.323415
-2.41776 0.321384
-2.41192 0.319352
-2.40608 0.317189
-2.40024 0.315112
-2.3944 0.312949
-2.38856 0.310831
-2.38272 0.308709
-2.37688 0.306543
-2.37104 0.304333
-2.3652 0.30221
-2.35936 0.3
-2.35352 0.297833
-2.34768 0.295663
-2.34184 0.293322
-2.336 0.291148
-2.33016 0.288891
-2.32432 0.286847
-2.31848 0.284673
-2.31264 0.282497
-2.3068 0.280154
-2.30096 0.278355
-2.29512 0.276263
-2.28928 0.274297
-2.28344 0.271996
-2.2776 0.269608
-2.27176 0.267096
-2.26592 0.26513
-2.26008 0.262494
-2.25424 0.260987
-2.2484 0.258045
-2.24256 0.255486
-2.23672 0.253177
-2.23088 0.251372
-2.22504 0.248055
-2.2192 0.246336
-2.21336 0.244153
-2.20752 0.24176
-2.20168 0.239361
-2.19584 0.237305
-2.19 0.234697
-2.18416 0.231629
-2.17832 0.230373
-2.17248 0.228106
-2.16664 0.225502
-2.1608 0.222895
-2.15496 0.220539
-2.14912 0.218863
-2.14328 0.215836
-2.13744 0.214409
-2.1316 0.211636
-2.12576 0.209493
-2.11992 0.206969
-2.11408 0.204026
-2.10824 0.201671
-2.1024 0.19974
-2.09656 0.198022
-2.09072 0.194228
-2.08488 0.193188
-2.07904 0.190197
-2.0732 0.189283
-2.06736 0.185617
-2.06152 0.182885
-2.05568 0.181001
-2.04984 0.178307
-2.044 0.176088
-2.03816 0.175467
-2.03232 0.170573
-2.02648 0.169573
-2.02064 0.167005
-2.0148 0.164863
-2.00896 0.162469
-2.00312 0.159097
-1.99728 0.158733
-1.99144 0.156738
-1.9856 0.15605
-1.97976 0.153993
-1.97392 0.152632
-1.96808 0.152647
-1.96224 0.150947
-1.9564 0.149374
-1.95056 0.148464
-1.94472 0.146783
-1.93888 0.147923
-1.93304 0.14557
-1.9272 0.146723
-1.92136 0.1465
-1.91552 0.143627
-1.90968 0.144164
-1.90384 0.141806
-1.898 0.141457
-1.89216 0.141334
-1.88632 0.142853
-1.88048 0.143322
-1.87464 0.144864
-1.8688 0.143692
-1.86296 0.143431
-1.85712 0.140802
-1.85128 0.142264
-1.84544 0.14371
-1.8396 0.142168
-1.83376 0.14311
-1.82792 0.142241
-1.82208 0.144011
-1.81624 0.142988
-1.8104 0.145003
-1.80456 0.142602
-1.79872 0.146598
-1.79288 0.142663
-1.78704 0.144163
-1.7812 0.14316
-1.77536 0.144431
-1.76952 0.146428
-1.76368 0.147249
-1.75784 0.14675
-1.752 0.149527
-1.74616 0.148352
-1.74032 0.151783
-1.73448 0.151453
-1.72864 0.151267
-1.7228 0.153977
-1.71696 0.150452
-1.71112 0.153835
-1.70528 0.154293
-1.69944 0.152618
-1.6936 0.154266
-1.68776 0.157311
-1.68192 0.156674
-1.67608 0.155818
-1.67024 0.158797
-1.6644 0.158881
-1.65856 0.159486
-1.65272 0.160939
-1.64688 0.159801
-1.64104 0.157958
-1.6352 0.15755
-1.62936 0.159721
-1.62352 0.157692
-1.61768 0.158511
-1.61184 0.156675
-1.606 0.162172
-1.60016 0.166848
-1.59432 0.164957
-1.58848 0.167887
-1.58264 0.171308
-1.5768 0.171704
-1.57096 0.172428
-1.56512 0.171433
-1.55928 0.175302
-1.55344 0.180811
-1.5476 0.178313
-1.54176 0.183036
-1.53592 0.189464
-1.53008 0.185938
-1.52424 0.190793
-1.5184 0.189698
-1.51256 0.19373
-1.50672 0.194676
-1.50088 0.200908
-1.49504 0.205659
-1.4892 0.204038
-1.48336 0.203292
-1.47752 0.20683
-1.47168 0.206956
-1.46584 0.212856
-1.46 0.212909
-1.45416 0.216181
-1.44832 0.219035
-1.44248 0.225462
-1.43664 0.226443
-1.4308 0.226342
-1.42496 0.232982
-1.41912 0.229269
-1.41328 0.234809
-1.40744 0.240461
-1.4016 0.241784
-1.39576 0.243715
-1.38992 0.248561
-1.38408 0.249198
-1.37824 0.253539
-1.3724 0.255988
-1.36656 0.254586
-1.36072 0.263732
-1.35488 0.261109
-1.34904 0.263477
-1.3432 0.267132
-1.33736 0.27015
-1.33152 0.278387
-1.32568 0.279636
-1.31984 0.279887
-1.314 0.285035
-1.30816 0.284009
-1.30232 0.29186
-1.29648 0.288398
-1.29064 0.295596
-1.2848 0.301345
-1.27896 0.302702
-1.27312 0.30555
-1.26728 0.305225
-1.26144 0.303972
-1.2556 0.309359
-1.24976 0.310696
-1.24392 0.318426
-1.23808 0.315425
-1.23224 0.321217
-1.2264 0.323174
-1.22056 0.326201
-1.21472 0.331197
-1.20888 0.330584
-1.20304 0.3346
-1.1972 0.338822
-1.19136 0.341143
-1.18552 0.342036
-1.17968 0.343774
-1.17384 0.345156
-1.168 0.352059
-1.16216 0.357807
-1.15632 0.356593
-1.15048 0.360705
-1.14464 0.36277
-1.1388 0.36178
-1.13296 0.36152
-1.12712 0.362382
-1.12128 0.367999
-1.11544 0.373369
-1.1096 0.369051
-1.10376 0.374466
-1.09792 0.380054
-1.09208 0.376913
-1.08624 0.37954
-1.0804 0.380802
-1.07456 0.383189
-1.06872 0.38436
-1.06288 0.389435
-1.05704 0.395176
-1.0512 0.392552
-1.04536 0.388716
-1.03952 0.390737
-1.03368 0.389683
-1.02784 0.391943
-1.022 0.391339
-1.01616 0.391339
-1.01032 0.391563
-1.00448 0.395076
-0.99864 0.393505
-0.9928 0.392209
-0.98696 0.395876
-0.98112 0.391836
-0.97528 0.392752
-0.96944 0.395907
-0.9636 0.394889
-0.95776 0.395077
-0.95192 0.394845
-0.94608 0.393725
-0.94024 0.394872
-0.9344 0.395382
-0.92856 0.391702
-0.92272 0.395734
-0.91688 0.391504
-0.91104 0.390992
-0.9052 0.392153
-0.89936 0.393659
-0.89352 0.395707
-0.88768 0.396228
-0.88184 0.394977
-0.876 0.396175
-0.87016 0.393204
-0.86432 0.395924
-0.85848 0.395307
-0.85264 0.3954
-0.8468 0.395252
-0.84096 0.39487
-0.83512 0.397504
-0.82928 0.394496
-0.82344 0.392843
-0.8176 0.394321
-0.81176 0.391903
-0.80592 0.393239
-0.80008 0.392987
-0.79424 0.393213
-0.7884 0.393317
-0.78256 0.392709
-0.77672 0.393006
-0.77088 0.39355
-0.76504 0.392821
-0.7592 0.392875
-0.75336 0.392957
-0.74752 0.393068
-0.74168 0.39373
-0.73584 0.394653
-0.73 0.39647
-0.72416 0.396948
-0.71832 0.396936
-0.71248 0.397227
-0.70664 0.398996
-0.7008 0.399534
-0.69496 0.400384
-0.68912 0.401247
-0.68328 0.402938
-0.67744 0.4065
-0.6716 0.408276
-0.66576 0.409485
-0.65992 0.411271
-0.65408 0.411087
-0.64824 0.412226
-0.6424 0.414337
-0.63656 0.415963
-0.63072 0.416154
-0.62488 0.41749
-0.61904 0.41758
-0.6132 0.417059
-0.60736 0.416749
-0.60152 0.417355
-0.59568 0.417355
-0.58984 0.417355
-0.584 0.417355
-0.57816 0.417355
-0.57232 0.417355
-0.56648 0.417355
-0.56064 0.417355
-0.5548 0.417355
-0.54896 0.417355
-0.54312 0.417355
-0.53728 0.417355
-0.53144 0.417355
-0.5256 0.417355
-0.51976 0.417355
-0.51392 0.417355
-0.50808 0.417355
-0.50224 0.417355
-0.4964 0.417355
-0.49056 0.417355
-0.48472 0.417355
-0.47888 0.417355
-0.47304 0.417355
-0.4672 0.417355
-0.46136 0.417355
-0.45552 0.417355
-0.44968 0.417355
-0.44384 0.417355
-0.438 0.417355
-0.43216 0.417355
-0.42632 0.417355
-0.42048 0.417355
-0.41464 0.417355
-0.4088 0.417355
-0.40296 0.417355
-0.39712 0.417355
-0.39128 0.417355
-0.38544 0.417355
-0.3796 0.417355
-0.37376 0.417355
-0.36792 0.417355
-0.36208 0.417355
-0.35624 0.417355
-0.3504 0.417355
-0.34456 0.417355
-0.33872 0.417355
-0.33288 0.417355
-0.32704 0.417355
-0.3212 0.417355
-0.31536 0.417355
-0.30952 0.417355
-0.30368 0.417355
-0.29784 0.417355
-0.292 0.417355
-0.28616 0.417355
-0.28032 0.417355
-0.27448 0.417355
-0.26864 0.417355
-0.2628 0.417355
-0.25696 0.417355
-0.25112 0.417355
-0.24528 0.417355
-0.23944 0.417355
-0.2336 0.417355
-0.22776 0.417355
-0.22192 0.417355
-0.21608 0.417355
-0.21024 0.417355
-0.2044 0.417355
-0.19856 0.417355
-0.19272 0.417355
-0.18688 0.417355
-0.18104 0.417355
-0.1752 0.417355
-0.16936 0.417355
-0.16352 0.417355
-0.15768 0.417355
-0.15184 0.417355
-0.146 0.417355
-0.14016 0.417355
-0.13432 0.417355
-0.12848 0.417355
-0.12264 0.417355
-0.1168 0.417355
-0.11096 0.417355
-0.10512 0.417355
-0.09928 0.417355
-0.09344 0.417355
-0.0876 0.417355
-0.08176 0.417355
-0.07592 0.417355
-0.07008 0.417355
-0.06424 0.417355
-0.0584 0.417355
-0.05256 0.417355
-0.04672 0.417355
-0.04088 0.417355
-0.03504 0.417355
-0.0292 0.417355
-0.02336 0.417355
-0.01752 0.417355
-0.01168 0.417355
-0.00584 0.417355
