-2.92 0.382549
-2.91416 0.382549
-2.90832 0.382549
-2.90248 0.382549
-2.89664 0.382549
-2.8908 0.382549
-2.88496 0.382549
-2.87912 0.382549
-2.87328 0.382549
-2.86744 0.382549
-2.8616 0.382549
-2.85576 0.382549
-2.84992 0.382549
-2.84408 0.382549
-2.83824 0.382549
-2.8324 0.382549
-2.82656 0.382549
-2.82072 0.382549
-2.81488 0.382549
-2.80904 0.382549
-2.8032 0.382549
-2.79736 0.382549
-2.79152 0.382549
-2.78568 0.382549
-2.77984 0.382549
-2.774 0.382549
-2.76816 0.382549
-2.76232 0.382549
-2.75648 0.382549
-2.75064 0.382549
-2.7448 0.382549
-2.73896 0.382549
-2.73312 0.382549
-2.72728 0.382549
-2.72144 0.382549
-2.7156 0.382549
-2.70976 0.382549
-2.70392 0.382549
-2.69808 0.382549
-2.69224 0.382549
-2.6864 0.382549
-2.68056 0.382549
-2.67472 0.382549
-2.66888 0.382549
-2.66304 0.382549
-2.6572 0.382549
-2.65136 0.382549
-2.64552 0.382549
-2.63968 0.382549
-2.63384 0.382549
-2.628 0.382549
-2.62216 0.382549
-2.61632 0.382549
-2.61048 0.382549
-2.60464 0.382549
-2.5988 0.382549
-2.59296 0.382196
-2.58712 0.381579
-2.58128 0.380786
-2.57544 0.379948
-2.5696 0.379067
-2.56376 0.378095
-2.55792 0.376989
-2.55208 0.375795
-2.54624 0.374555
-2.5404 0.373227
-2.53456 0.371856
-2.52872 0.370484
-2.52288 0.369112
-2.51704 0.367609
-2.5112 0.366107
-2.50536 0.364601
-2.49952 0.363052
-2.49368 0.361415
-2.48784 0.359777
-2.482 0.358225
-2.47616 0.356457
-2.47032 0.354644
-2.46448 0.352831
-2.45864 0.351016
-2.4528 0.349159
-2.44696 0.347256
-2.44112 0.345309
-2.43528 0.34336
-2.42944 0.341454
-2.4236 0.339458
-2.41776 0.337376
-2.41192 0.33525
-2.40608 0.33308
-2.40024 0.330824
-2.3944 0.328565
-2.38856 0.326353
-2.38272 0.324138
-2.37688 0.321881
-2.37104 0.319955
-2.3652 0.317779
-2.35936 0.315725
-2.35352 0.313591
-2.34768 0.311619
-2.34184 0.309271
-2.336 0.306587
-2.33016 0.304238
-2.32432 0.301934
-2.31848 0.299035
-2.31264 0.296596
-2.3068 0.293993
-2.30096 0.291177
-2.29512 0.288869
-2.28928 0.286306
-2.28344 0.283536
-2.2776 0.281008
-2.27176 0.278613
-2.26592 0.276387
-2.26008 0.273828
-2.25424 0.271005
-2.2484 0.268268
-2.24256 0.265993
-2.23672 0.263212
-2.23088 0.260848
-2.22504 0.258319
-2.2192 0.2552
-2.21336 0.252834
-2.20752 0.250263
-2.20168 0.247392
-2.19584 0.245321
-2.19 0.24207
-2.18416 0.239369
-2.17832 0.236584
-2.17248 0.234131
-2.16664 0.232013
-2.1608 0.228429
-2.15496 0.225977
-2.14912 0.223524
-2.14328 0.220357
-2.13744 0.218029
-2.1316 0.21524
-2.12576 0.212325
-2.11992 0.209494
-2.11408 0.206623
-2.10824 0.204003
-2.1024 0.201007
-2.09656 0.199098
-2.09072 0.195847
-2.08488 0.193521
-2.07904 0.190521
-2.0732 0.188406
-2.06736 0.184777
-2.06152 0.182412
-2.05568 0.179623
-2.04984 0.177678
-2.044 0.175024
-2.03816 0.172278
-2.03232 0.169192
-2.02648 0.16687
-2.02064 0.164376
-2.0148 0.161037
-2.00896 0.158504
-2.00312 0.156556
-1.99728 0.154232
-1.99144 0.151535
-1.9856 0.150436
-1.97976 0.14908
-1.97392 0.147644
-1.96808 0.146795
-1.96224 0.144694
-1.9564 0.144147
-1.95056 0.142416
-1.94472 0.142164
-1.93888 0.141488
-1.93304 0.139754
-1.9272 0.138883
-1.92136 0.138751
-1.91552 0.138047
-1.90968 0.136526
-1.90384 0.136431
-1.898 0.137326
-1.89216 0.136705
-1.88632 0.134712
-1.88048 0.135408
-1.87464 0.134884
-1.8688 0.134886
-1.86296 0.134766
-1.85712 0.135537
-1.85128 0.135553
-1.84544 0.135684
-1.8396 0.135827
-1.83376 0.1353
-1.82792 0.135663
-1.82208 0.138634
-1.81624 0.136717
-1.8104 0.137747
-1.80456 0.136275
-1.79872 0.139211
-1.79288 0.137299
-1.78704 0.138809
-1.7812 0.139715
-1.77536 0.140386
-1.76952 0.141899
-1.76368 0.142348
-1.75784 0.141225
-1.752 0.144028
-1.74616 0.142773
-1.74032 0.143751
-1.73448 0.144024
-1.72864 0.146259
-1.7228 0.1487
-1.71696 0.147889
-1.71112 0.151253
-1.70528 0.150216
-1.69944 0.152442
-1.6936 0.15327
-1.68776 0.153622
-1.68192 0.155757
-1.67608 0.15507
-1.67024 0.15445
-1.6644 0.156735
-1.65856 0.154138
-1.65272 0.158769
-1.64688 0.156135
-1.64104 0.159649
-1.6352 0.158155
-1.62936 0.157939
-1.62352 0.158714
-1.61768 0.158916
-1.61184 0.160419
-1.606 0.164265
-1.60016 0.166171
-1.59432 0.167772
-1.58848 0.169751
-1.58264 0.171189
-1.5768 0.169426
-1.57096 0.173868
-1.56512 0.176608
-1.55928 0.174947
-1.55344 0.179836
-1.5476 0.181985
-1.54176 0.184838
-1.53592 0.187133
-1.53008 0.188721
-1.52424 0.1905
-1.5184 0.193294
-1.51256 0.195034
-1.50672 0.196763
-1.50088 0.205511
-1.49504 0.202655
-1.4892 0.204784
-1.48336 0.20575
-1.47752 0.20741
-1.47168 0.211994
-1.46584 0.213205
-1.46 0.215566
-1.45416 0.217637
-1.44832 0.221396
-1.44248 0.221536
-1.43664 0.22778
-1.4308 0.227326
-1.42496 0.233442
-1.41912 0.234429
-1.41328 0.231588
-1.40744 0.239083
-1.4016 0.242772
-1.39576 0.244433
-1.38992 0.247827
-1.38408 0.25041
-1.37824 0.255674
-1.3724 0.254869
-1.36656 0.256115
-1.36072 0.258993
-1.35488 0.257969
-1.34904 0.261867
-1.3432 0.264781
-1.33736 0.269004
-1.33152 0.27564
-1.32568 0.27656
-1.31984 0.279768
-1.314 0.283282
-1.30816 0.278653
-1.30232 0.286536
-1.29648 0.287841
-1.29064 0.292377
-1.2848 0.292222
-1.27896 0.298439
-1.27312 0.30013
-1.26728 0.300054
-1.26144 0.300496
-1.2556 0.307345
-1.24976 0.306099
-1.24392 0.309606
-1.23808 0.312712
-1.23224 0.314913
-1.2264 0.317688
-1.22056 0.317441
-1.21472 0.322558
-1.20888 0.323184
-1.20304 0.328298
-1.1972 0.332807
-1.19136 0.33138
-1.18552 0.334882
-1.17968 0.337272
-1.17384 0.338191
-1.168 0.34436
-1.16216 0.346232
-1.15632 0.348835
-1.15048 0.347605
-1.14464 0.350883
-1.1388 0.349643
-1.13296 0.352092
-1.12712 0.355607
-1.12128 0.354275
-1.11544 0.358907
-1.1096 0.364579
-1.10376 0.365526
-1.09792 0.366474
-1.09208 0.366405
-1.08624 0.369666
-1.0804 0.370981
-1.07456 0.372137
-1.06872 0.373913
-1.06288 0.379997
-1.05704 0.377267
-1.0512 0.378698
-1.04536 0.377358
-1.03952 0.378554
-1.03368 0.38095
-1.02784 0.378464
-1.022 0.378122
-1.01616 0.378513
-1.01032 0.377891
-1.00448 0.376293
-0.99864 0.378814
-0.9928 0.376173
-0.98696 0.377695
-0.98112 0.376671
-0.97528 0.371453
-0.96944 0.376223
-0.9636 0.376499
-0.95776 0.377333
-0.95192 0.376327
-0.94608 0.37726
-0.94024 0.378351
-0.9344 0.374847
-0.92856 0.374825
-0.92272 0.373969
-0.91688 0.37072
-0.91104 0.369546
-0.9052 0.371259
-0.89936 0.373014
-0.89352 0.373504
-0.88768 0.372261
-0.88184 0.37356
-0.876 0.373096
-0.87016 0.370249
-0.86432 0.372594
-0.85848 0.371125
-0.85264 0.373924
-0.8468 0.370453
-0.84096 0.37218
-0.83512 0.373303
-0.82928 0.369913
-0.82344 0.369243
-0.8176 0.368986
-0.81176 0.366976
-0.80592 0.36872
-0.80008 0.366955
-0.79424 0.367506
-0.7884 0.367277
-0.78256 0.367795
-0.77672 0.368007
-0.77088 0.367325
-0.76504 0.368697
-0.7592 0.368332
-0.75336 0.367092
-0.74752 0.368558
-0.74168 0.368089
-0.73584 0.368757
-0.73 0.369979
-0.72416 0.37063
-0.71832 0.370847
-0.71248 0.370584
-0.70664 0.371225
-0.7008 0.371923
-0.69496 0.37248
-0.68912 0.372657
-0.68328 0.374019
-0.67744 0.377017
-0.6716 0.378161
-0.66576 0.379428
-0.65992 0.380188
-0.65408 0.380565
-0.64824 0.381316
-0.6424 0.383028
-0.63656 0.38352
-0.63072 0.383966
-0.62488 0.383904
-0.61904 0.383834
-0.6132 0.383267
-0.60736 0.382608
-0.60152 0.382867
-0.59568 0.382867
-0.58984 0.382867
-0.584 0.382867
-0.57816 0.382867
-0.57232 0.382867
-0.56648 0.382867
-0.56064 0.382867
-0.5548 0.382867
-0.54896 0.382867
-0.54312 0.382867
-0.53728 0.382867
-0.53144 0.382867
-0.5256 0.382867
-0.51976 0.382867
-0.51392 0.382867
-0.50808 0.382867
-0.50224 0.382867
-0.4964 0.382867
-0.49056 0.382867
-0.48472 0.382867
-0.47888 0.382867
-0.47304 0.382867
-0.4672 0.382867
-0.46136 0.382867
-0.45552 0.382867
-0.44968 0.382867
-0.44384 0.382867
-0.438 0.382867
-0.43216 0.382867
-0.42632 0.382867
-0.42048 0.382867
-0.41464 0.382867
-0.4088 0.382867
-0.40296 0.382867
-0.39712 0.382867
-0.39128 0.382867
-0.38544 0.382867
-0.3796 0.382867
-0.37376 0.382867
-0.36792 0.382867
-0.36208 0.382867
-0.35624 0.382867
-0.3504 0.382867
-0.34456 0.382867
-0.33872 0.382867
-0.33288 0.382867
-0.32704 0.382867
-0.3212 0.382867
-0.31536 0.382867
-0.30952 0.382867
-0.30368 0.382867
-0.29784 0.382867
-0.292 0.382867
-0.28616 0.382867
-0.28032 0.382867
-0.27448 0.382867
-0.26864 0.382867
-0.2628 0.382867
-0.25696 0.382867
-0.25112 0.382867
-0.24528 0.382867
-0.23944 0.382867
-0.2336 0.382867
-0.22776 0.382867
-0.22192 0.382867
-0.21608 0.382867
-0.21024 0.382867
-0.2044 0.382867
-0.19856 0.382867
-0.19272 0.382867
-0.18688 0.382867
-0.18104 0.382867
-0.1752 0.382867
-0.16936 0.382867
-0.16352 0.382867
-0.15768 0.382867
-0.15184 0.382867
-0.146 0.382867
-0.14016 0.382867
-0.13432 0.382867
-0.12848 0.382867
-0.12264 0.382867
-0.1168 0.382867
-0.11096 0.382867
-0.10512 0.382867
-0.09928 0.382867
-0.09344 0.382867
-0.0876 0.382867
-0.08176 0.382867
-0.07592 0.382867
-0.07008 0.382867
-0.06424 0.382867
-0.0584 0.382867
-0.05256 0.382867
-0.04672 0.382867
-0.04088 0.382867
-0.03504 0.382867
-0.0292 0.382867
-0.02336 0.382867
-0.01752 0.382867
-0.01168 0.382867
-0.00584 0.382867
