-2.92 0.367339
-2.91416 0.367339
-2.90832 0.367339
-2.90248 0.367339
-2.89664 0.367339
-2.8908 0.367339
-2.88496 0.367339
-2.87912 0.367339
-2.87328 0.367339
-2.86744 0.367339
-2.8616 0.367339
-2.85576 0.367339
-2.84992 0.367339
-2.84408 0.367339
-2.83824 0.367339
-2.8324 0.367339
-2.82656 0.367339
-2.82072 0.367339
-2.81488 0.367339
-2.80904 0.367339
-2.8032 0.367339
-2.79736 0.367339
-2.79152 0.367339
-2.78568 0.367339
-2.77984 0.367339
-2.774 0.367339
-2.76816 0.367339
-2.76232 0.367339
-2.75648 0.367339
-2.75064 0.367339
-2.7448 0.367339
-2.73896 0.367339
-2.73312 0.367339
-2.72728 0.367339
-2.72144 0.367339
-2.7156 0.367339
-2.70976 0.367339
-2.70392 0.367339
-2.69808 0.367339
-2.69224 0.367339
-2.6864 0.367339
-2.68056 0.367339
-2.67472 0.367339
-2.66888 0.367339
-2.66304 0.367339
-2.6572 0.367339
-2.65136 0.367339
-2.64552 0.367339
-2.63968 0.367339
-2.63384 0.367339
-2.628 0.367339
-2.62216 0.367339
-2.61632 0.367339
-2.61048 0.367339
-2.60464 0.367339
-2.5988 0.367339
-2.59296 0.366986
-2.58712 0.366365
-2.58128 0.365569
-2.57544 0.364773
-2.5696 0.363888
-2.56376 0.362915
-2.55792 0.36181
-2.55208 0.360705
-2.54624 0.359555
-2.5404 0.358318
-2.53456 0.35708
-2.52872 0.3558
-2.52288 0.354521
-2.51704 0.353153
-2.5112 0.351699
-2.50536 0.3502
-2.49952 0.348658
-2.49368 0.347159
-2.48784 0.345571
-2.482 0.344114
-2.47616 0.342393
-2.47032 0.34067
-2.46448 0.33886
-2.45864 0.336961
-2.4528 0.335064
-2.44696 0.333122
-2.44112 0.33118
-2.43528 0.329194
-2.42944 0.327341
-2.4236 0.325311
-2.41776 0.323237
-2.41192 0.321207
-2.40608 0.31909
-2.40024 0.317016
-2.3944 0.314899
-2.38856 0.312826
-2.38272 0.310709
-2.37688 0.308716
-2.37104 0.306513
-2.3652 0.304517
-2.35936 0.302477
-2.35352 0.300022
-2.34768 0.298235
-2.34184 0.296026
-2.336 0.293902
-2.33016 0.291778
-2.32432 0.289782
-2.31848 0.287489
-2.31264 0.285912
-2.3068 0.283243
-2.30096 0.280911
-2.29512 0.278492
-2.28928 0.276408
-2.28344 0.274702
-2.2776 0.272659
-2.27176 0.270324
-2.26592 0.268027
-2.26008 0.265478
-2.25424 0.262965
-2.2484 0.259734
-2.24256 0.257726
-2.23672 0.254961
-2.23088 0.253166
-2.22504 0.250485
-2.2192 0.249066
-2.21336 0.245243
-2.20752 0.243493
-2.20168 0.241945
-2.19584 0.238459
-2.19 0.236152
-2.18416 0.23376
-2.17832 0.232213
-2.17248 0.229988
-2.16664 0.227385
-2.1608 0.223467
-2.15496 0.222175
-2.14912 0.220624
-2.14328 0.216961
-2.13744 0.215795
-2.1316 0.213187
-2.12576 0.210834
-2.11992 0.208566
-2.11408 0.208251
-2.10824 0.2048
-2.1024 0.204985
-2.09656 0.202552
-2.09072 0.200539
-2.08488 0.199718
-2.07904 0.197495
-2.0732 0.196924
-2.06736 0.195425
-2.06152 0.193966
-2.05568 0.19425
-2.04984 0.192279
-2.044 0.190818
-2.03816 0.190719
-2.03232 0.190571
-2.02648 0.189025
-2.02064 0.187981
-2.0148 0.187966
-2.00896 0.185405
-2.00312 0.183477
-1.99728 0.18371
-1.99144 0.182003
-1.9856 0.183002
-1.97976 0.182516
-1.97392 0.18301
-1.96808 0.181755
-1.96224 0.178812
-1.9564 0.178731
-1.95056 0.179082
-1.94472 0.180256
-1.93888 0.178714
-1.93304 0.175352
-1.9272 0.175033
-1.92136 0.172467
-1.91552 0.171733
-1.90968 0.170081
-1.90384 0.168789
-1.898 0.16752
-1.89216 0.167002
-1.88632 0.163849
-1.88048 0.162532
-1.87464 0.157073
-1.8688 0.156317
-1.86296 0.153558
-1.85712 0.152914
-1.85128 0.152347
-1.84544 0.149928
-1.8396 0.147123
-1.83376 0.14657
-1.82792 0.144281
-1.82208 0.143645
-1.81624 0.142054
-1.8104 0.13688
-1.80456 0.136713
-1.79872 0.132081
-1.79288 0.128807
-1.78704 0.129366
-1.7812 0.123092
-1.77536 0.124575
-1.76952 0.120893
-1.76368 0.119319
-1.75784 0.117758
-1.752 0.115069
-1.74616 0.113902
-1.74032 0.111063
-1.73448 0.10954
-1.72864 0.105996
-1.7228 0.103636
-1.71696 0.101304
-1.71112 0.0992565
-1.70528 0.0957269
-1.69944 0.0943149
-1.6936 0.0922209
-1.68776 0.0890368
-1.68192 0.08683
-1.67608 0.0853843
-1.67024 0.0834344
-1.6644 0.0813662
-1.65856 0.0806035
-1.65272 0.0806126
-1.64688 0.0807718
-1.64104 0.0803251
-1.6352 0.0793285
-1.62936 0.0802155
-1.62352 0.0813053
-1.61768 0.0803217
-1.61184 0.0804285
-1.606 0.0815522
-1.60016 0.0845545
-1.59432 0.082745
-1.58848 0.0825505
-1.58264 0.0821074
-1.5768 0.0845317
-1.57096 0.0851113
-1.56512 0.0852852
-1.55928 0.0859193
-1.55344 0.0859816
-1.5476 0.0900313
-1.54176 0.0940552
-1.53592 0.0894609
-1.53008 0.0949113
-1.52424 0.0921936
-1.5184 0.0938857
-1.51256 0.0969879
-1.50672 0.0975214
-1.50088 0.0973624
-1.49504 0.0986732
-1.4892 0.101765
-1.48336 0.107625
-1.47752 0.105962
-1.47168 0.107375
-1.46584 0.109505
-1.46 0.111166
-1.45416 0.111176
-1.44832 0.113158
-1.44248 0.115452
-1.43664 0.119061
-1.4308 0.119999
-1.42496 0.122058
-1.41912 0.125495
-1.41328 0.12763
-1.40744 0.127637
-1.4016 0.131443
-1.39576 0.133922
-1.38992 0.136249
-1.38408 0.135014
-1.37824 0.13964
-1.3724 0.143135
-1.36656 0.14646
-1.36072 0.146948
-1.35488 0.151102
-1.34904 0.15485
-1.3432 0.1585
-1.33736 0.161387
-1.33152 0.165539
-1.32568 0.167191
-1.31984 0.171884
-1.314 0.172582
-1.30816 0.178346
-1.30232 0.174513
-1.29648 0.180747
-1.29064 0.1822
-1.2848 0.187029
-1.27896 0.193166
-1.27312 0.195803
-1.26728 0.198534
-1.26144 0.199687
-1.2556 0.205419
-1.24976 0.208923
-1.24392 0.213901
-1.23808 0.214693
-1.23224 0.21874
-1.2264 0.221273
-1.22056 0.222172
-1.21472 0.22684
-1.20888 0.23012
-1.20304 0.233452
-1.1972 0.237182
-1.19136 0.239051
-1.18552 0.244695
-1.17968 0.246549
-1.17384 0.248002
-1.168 0.250079
-1.16216 0.254736
-1.15632 0.253901
-1.15048 0.25637
-1.14464 0.258189
-1.1388 0.263718
-1.13296 0.266562
-1.12712 0.269961
-1.12128 0.271894
-1.11544 0.27644
-1.1096 0.281736
-1.10376 0.283881
-1.09792 0.286438
-1.09208 0.290379
-1.08624 0.288739
-1.0804 0.292734
-1.07456 0.296611
-1.06872 0.297458
-1.06288 0.300555
-1.05704 0.307569
-1.0512 0.310157
-1.04536 0.315879
-1.03952 0.314735
-1.03368 0.319974
-1.02784 0.321484
-1.022 0.325404
-1.01616 0.326599
-1.01032 0.329189
-1.00448 0.332714
-0.99864 0.336609
-0.9928 0.338451
-0.98696 0.340823
-0.98112 0.343758
-0.97528 0.347859
-0.96944 0.349045
-0.9636 0.352382
-0.95776 0.354478
-0.95192 0.355688
-0.94608 0.355803
-0.94024 0.359515
-0.9344 0.361844
-0.92856 0.365113
-0.92272 0.364695
-0.91688 0.368971
-0.91104 0.372627
-0.9052 0.375112
-0.89936 0.379232
-0.89352 0.382287
-0.88768 0.384662
-0.88184 0.386923
-0.876 0.388743
-0.87016 0.3926
-0.86432 0.391491
-0.85848 0.395094
-0.85264 0.395816
-0.8468 0.399534
-0.84096 0.405909
-0.83512 0.408194
-0.82928 0.410403
-0.82344 0.411787
-0.8176 0.414751
-0.81176 0.416735
-0.80592 0.419238
-0.80008 0.419333
-0.79424 0.422551
-0.7884 0.423754
-0.78256 0.42439
-0.77672 0.426448
-0.77088 0.427331
-0.76504 0.427453
-0.7592 0.428887
-0.75336 0.430225
-0.74752 0.432293
-0.74168 0.432107
-0.73584 0.432986
-0.73 0.433655
-0.72416 0.43225
-0.71832 0.432316
-0.71248 0.43395
-0.70664 0.435112
-0.7008 0.436112
-0.69496 0.436609
-0.68912 0.436993
-0.68328 0.438654
-0.67744 0.438919
-0.6716 0.441717
-0.66576 0.441774
-0.65992 0.443182
-0.65408 0.443966
-0.64824 0.442972
-0.6424 0.443815
-0.63656 0.444792
-0.63072 0.446054
-0.62488 0.447269
-0.61904 0.449781
-0.6132 0.450318
-0.60736 0.450715
-0.60152 0.450434
-0.59568 0.450434
-0.58984 0.450434
-0.584 0.450434
-0.57816 0.450434
-0.57232 0.450434
-0.56648 0.450434
-0.56064 0.450434
-0.5548 0.450434
-0.54896 0.450434
-0.54312 0.450434
-0.53728 0.450434
-0.53144 0.450434
-0.5256 0.450434
-0.51976 0.450434
-0.51392 0.450434
-0.50808 0.450434
-0.50224 0.450434
-0.4964 0.450434
-0.49056 0.450434
-0.48472 0.450434
-0.47888 0.450434
-0.47304 0.450434
-0.4672 0.450434
-0.46136 0.450434
-0.45552 0.450434
-0.44968 0.450434
-0.44384 0.450434
-0.438 0.450434
-0.43216 0.450434
-0.42632 0.450434
-0.42048 0.450434
-0.41464 0.450434
-0.4088 0.450434
-0.40296 0.450434
-0.39712 0.450434
-0.39128 0.450434
-0.38544 0.450434
-0.3796 0.450434
-0.37376 0.450434
-0.36792 0.450434
-0.36208 0.450434
-0.35624 0.450434
-0.3504 0.450434
-0.34456 0.450434
-0.33872 0.450434
-0.33288 0.450434
-0.32704 0.450434
-0.3212 0.450434
-0.31536 0.450434
-0.30952 0.450434
-0.30368 0.450434
-0.29784 0.450434
-0.292 0.450434
-0.28616 0.450434
-0.28032 0.450434
-0.27448 0.450434
-0.26864 0.450434
-0.2628 0.450434
-0.25696 0.450434
-0.25112 0.450434
-0.24528 0.450434
-0.23944 0.450434
-0.2336 0.450434
-0.22776 0.450434
-0.22192 0.450434
-0.21608 0.450434
-0.21024 0.450434
-0.2044 0.450434
-0.19856 0.450434
-0.19272 0.450434
-0.18688 0.450434
-0.18104 0.450434
-0.1752 0.450434
-0.16936 0.450434
-0.16352 0.450434
-0.15768 0.450434
-0.15184 0.450434
-0.146 0.450434
-0.14016 0.450434
-0.13432 0.450434
-0.12848 0.450434
-0.12264 0.450434
-0.1168 0.450434
-0.11096 0.450434
-0.10512 0.450434
-0.09928 0.450434
-0.09344 0.450434
-0.0876 0.450434
-0.08176 0.450434
-0.07592 0.450434
-0.07008 0.450434
-0.06424 0.450434
-0.0584 0.450434
-0.05256 0.450434
-0.04672 0.450434
-0.04088 0.450434
-0.03504 0.450434
-0.0292 0.450434
-0.02336 0.450434
-0.01752 0.450434
-0.01168 0.450434
-0.00584 0.450434
