-2.92 0.366854
-2.91416 0.366854
-2.90832 0.366854
-2.90248 0.366854
-2.89664 0.366854
-2.8908 0.366854
-2.88496 0.366854
-2.87912 0.366854
-2.87328 0.366854
-2.86744 0.366854
-2.8616 0.366854
-2.85576 0.366854
-2.84992 0.366854
-2.84408 0.366854
-2.83824 0.366854
-2.8324 0.366854
-2.82656 0.366854
-2.82072 0.366854
-2.81488 0.366854
-2.80904 0.366854
-2.8032 0.366854
-2.79736 0.366854
-2.79152 0.366854
-2.78568 0.366854
-2.77984 0.366854
-2.774 0.366854
-2.76816 0.366854
-2.76232 0.366854
-2.75648 0.366854
-2.75064 0.366854
-2.7448 0.366854
-2.73896 0.366854
-2.73312 0.366854
-2.72728 0.366854
-2.72144 0.366854
-2.7156 0.366854
-2.70976 0.366854
-2.70392 0.366854
-2.69808 0.366854
-2.69224 0.366854
-2.6864 0.366854
-2.68056 0.366854
-2.67472 0.366854
-2.66888 0.366854
-2.66304 0.366854
-2.6572 0.366854
-2.65136 0.366854
-2.64552 0.366854
-2.63968 0.366854
-2.63384 0.366854
-2.628 0.366854
-2.62216 0.366854
-2.61632 0.366854
-2.61048 0.366854
-2.60464 0.366854
-2.5988 0.366854
-2.59296 0.366546
-2.58712 0.366062
-2.58128 0.365401
-2.57544 0.364739
-2.5696 0.363902
-2.56376 0.362977
-2.55792 0.362006
-2.55208 0.361034
-2.54624 0.359931
-2.5404 0.358783
-2.53456 0.357593
-2.52872 0.356358
-2.52288 0.35495
-2.51704 0.353498
-2.5112 0.35209
-2.50536 0.350638
-2.49952 0.349055
-2.49368 0.347559
-2.48784 0.346019
-2.482 0.344613
-2.47616 0.342981
-2.47032 0.341217
-2.46448 0.339409
-2.45864 0.337512
-2.4528 0.335658
-2.44696 0.333717
-2.44112 0.33169
-2.43528 0.329705
-2.42944 0.32781
-2.4236 0.325736
-2.41776 0.323619
-2.41192 0.321503
-2.40608 0.319429
-2.40024 0.317312
-2.3944 0.315195
-2.38856 0.313209
-2.38272 0.31118
-2.37688 0.309151
-2.37104 0.307035
-2.3652 0.304962
-2.35936 0.302801
-2.35352 0.300682
-2.34768 0.298608
-2.34184 0.296319
-2.336 0.294156
-2.33016 0.291952
-2.32432 0.289661
-2.31848 0.287453
-2.31264 0.285158
-2.3068 0.282904
-2.30096 0.28052
-2.29512 0.278266
-2.28928 0.275841
-2.28344 0.273414
-2.2776 0.270986
-2.27176 0.268691
-2.26592 0.266393
-2.26008 0.264647
-2.25424 0.261835
-2.2484 0.259233
-2.24256 0.256758
-2.23672 0.254283
-2.23088 0.2516
-2.22504 0.249166
-2.2192 0.246608
-2.21336 0.244303
-2.20752 0.241572
-2.20168 0.239132
-2.19584 0.236568
-2.19 0.234298
-2.18416 0.231311
-2.17832 0.228195
-2.17248 0.22559
-2.16664 0.223277
-2.1608 0.221095
-2.15496 0.218068
-2.14912 0.216264
-2.14328 0.213237
-2.13744 0.210755
-2.1316 0.208105
-2.12576 0.205502
-2.11992 0.202386
-2.11408 0.200165
-2.10824 0.197131
-2.1024 0.194437
-2.09656 0.192251
-2.09072 0.189514
-2.08488 0.186987
-2.07904 0.183612
-2.0732 0.181428
-2.06736 0.178608
-2.06152 0.175658
-2.05568 0.173687
-2.04984 0.170315
-2.044 0.168224
-2.03816 0.166035
-2.03232 0.163296
-2.02648 0.160599
-2.02064 0.157521
-2.0148 0.154575
-2.00896 0.15277
-2.00312 0.149778
-1.99728 0.146789
-1.99144 0.144568
-1.9856 0.142381
-1.97976 0.138923
-1.97392 0.137205
-1.96808 0.136549
-1.96224 0.134666
-1.9564 0.13333
-1.95056 0.132417
-1.94472 0.131129
-1.93888 0.131122
-1.93304 0.128218
-1.9272 0.127957
-1.92136 0.12828
-1.91552 0.127463
-1.90968 0.127329
-1.90384 0.126598
-1.898 0.126289
-1.89216 0.127429
-1.88632 0.125092
-1.88048 0.126014
-1.87464 0.124189
-1.8688 0.126936
-1.86296 0.12532
-1.85712 0.125104
-1.85128 0.126875
-1.84544 0.127169
-1.8396 0.126322
-1.83376 0.12607
-1.82792 0.129298
-1.82208 0.128842
-1.81624 0.128793
-1.8104 0.12821
-1.80456 0.128675
-1.79872 0.128162
-1.79288 0.130289
-1.78704 0.129568
-1.7812 0.131285
-1.77536 0.132143
-1.76952 0.130913
-1.76368 0.13485
-1.75784 0.134922
-1.752 0.133993
-1.74616 0.136257
-1.74032 0.1346
-1.73448 0.138569
-1.72864 0.139311
-1.7228 0.139663
-1.71696 0.143664
-1.71112 0.14241
-1.70528 0.143435
-1.69944 0.145344
-1.6936 0.147102
-1.68776 0.146233
-1.68192 0.150765
-1.67608 0.151279
-1.67024 0.151854
-1.6644 0.1497
-1.65856 0.152493
-1.65272 0.154731
-1.64688 0.151385
-1.64104 0.151167
-1.6352 0.156492
-1.62936 0.155571
-1.62352 0.156258
-1.61768 0.156626
-1.61184 0.154735
-1.606 0.158813
-1.60016 0.160606
-1.59432 0.159957
-1.58848 0.164771
-1.58264 0.167003
-1.5768 0.16777
-1.57096 0.168518
-1.56512 0.174009
-1.55928 0.173019
-1.55344 0.171091
-1.5476 0.173398
-1.54176 0.177742
-1.53592 0.181495
-1.53008 0.182278
-1.52424 0.185999
-1.5184 0.19001
-1.51256 0.189561
-1.50672 0.192428
-1.50088 0.196836
-1.49504 0.196543
-1.4892 0.201824
-1.48336 0.204633
-1.47752 0.206927
-1.47168 0.208497
-1.46584 0.208152
-1.46 0.208253
-1.45416 0.21265
-1.44832 0.209024
-1.44248 0.213221
-1.43664 0.214265
-1.4308 0.220866
-1.42496 0.22204
-1.41912 0.222585
-1.41328 0.226923
-1.40744 0.228034
-1.4016 0.230971
-1.39576 0.230314
-1.38992 0.232582
-1.38408 0.237531
-1.37824 0.239974
-1.3724 0.242636
-1.36656 0.245684
-1.36072 0.248144
-1.35488 0.253064
-1.34904 0.251941
-1.3432 0.255053
-1.33736 0.256094
-1.33152 0.253803
-1.32568 0.260558
-1.31984 0.262019
-1.314 0.261231
-1.30816 0.265609
-1.30232 0.268617
-1.29648 0.274267
-1.29064 0.275818
-1.2848 0.276265
-1.27896 0.281243
-1.27312 0.279356
-1.26728 0.281238
-1.26144 0.284834
-1.2556 0.285234
-1.24976 0.286339
-1.24392 0.288904
-1.23808 0.289028
-1.23224 0.29175
-1.2264 0.290839
-1.22056 0.293329
-1.21472 0.29656
-1.20888 0.295998
-1.20304 0.29637
-1.1972 0.303083
-1.19136 0.304257
-1.18552 0.304528
-1.17968 0.306243
-1.17384 0.305741
-1.168 0.310228
-1.16216 0.312756
-1.15632 0.311064
-1.15048 0.315923
-1.14464 0.318317
-1.1388 0.319194
-1.13296 0.318759
-1.12712 0.322529
-1.12128 0.323829
-1.11544 0.321727
-1.1096 0.323077
-1.10376 0.325679
-1.09792 0.328885
-1.09208 0.328941
-1.08624 0.329669
-1.0804 0.33564
-1.07456 0.335251
-1.06872 0.337473
-1.06288 0.338879
-1.05704 0.334788
-1.0512 0.33825
-1.04536 0.34025
-1.03952 0.343037
-1.03368 0.341757
-1.02784 0.339291
-1.022 0.337164
-1.01616 0.33767
-1.01032 0.333156
-1.00448 0.332625
-0.99864 0.332872
-0.9928 0.333801
-0.98696 0.332471
-0.98112 0.330406
-0.97528 0.330593
-0.96944 0.32903
-0.9636 0.329907
-0.95776 0.32501
-0.95192 0.324431
-0.94608 0.326229
-0.94024 0.325015
-0.9344 0.324857
-0.92856 0.325076
-0.92272 0.323426
-0.91688 0.326111
-0.91104 0.321587
-0.9052 0.322369
-0.89936 0.318893
-0.89352 0.318432
-0.88768 0.318665
-0.88184 0.319727
-0.876 0.316571
-0.87016 0.317121
-0.86432 0.31584
-0.85848 0.317049
-0.85264 0.316663
-0.8468 0.316378
-0.84096 0.316817
-0.83512 0.312591
-0.82928 0.311495
-0.82344 0.311296
-0.8176 0.311818
-0.81176 0.30932
-0.80592 0.308726
-0.80008 0.306208
-0.79424 0.304978
-0.7884 0.304678
-0.78256 0.303719
-0.77672 0.303979
-0.77088 0.302495
-0.76504 0.302046
-0.7592 0.301448
-0.75336 0.301917
-0.74752 0.300485
-0.74168 0.301165
-0.73584 0.300783
-0.73 0.300454
-0.72416 0.301016
-0.71832 0.301011
-0.71248 0.300882
-0.70664 0.302916
-0.7008 0.303509
-0.69496 0.304524
-0.68912 0.305334
-0.68328 0.30656
-0.67744 0.307787
-0.6716 0.309138
-0.66576 0.31023
-0.65992 0.31073
-0.65408 0.31018
-0.64824 0.311354
-0.6424 0.312305
-0.63656 0.313512
-0.63072 0.313286
-0.62488 0.313985
-0.61904 0.312357
-0.6132 0.312249
-0.60736 0.312092
-0.60152 0.312397
-0.59568 0.312397
-0.58984 0.312397
-0.584 0.312397
-0.57816 0.312397
-0.57232 0.312397
-0.56648 0.312397
-0.56064 0.312397
-0.5548 0.312397
-0.54896 0.312397
-0.54312 0.312397
-0.53728 0.312397
-0.53144 0.312397
-0.5256 0.312397
-0.51976 0.312397
-0.51392 0.312397
-0.50808 0.312397
-0.50224 0.312397
-0.4964 0.312397
-0.49056 0.312397
-0.48472 0.312397
-0.47888 0.312397
-0.47304 0.312397
-0.4672 0.312397
-0.46136 0.312397
-0.45552 0.312397
-0.44968 0.312397
-0.44384 0.312397
-0.438 0.312397
-0.43216 0.312397
-0.42632 0.312397
-0.42048 0.312397
-0.41464 0.312397
-0.4088 0.312397
-0.40296 0.312397
-0.39712 0.312397
-0.39128 0.312397
-0.38544 0.312397
-0.3796 0.312397
-0.37376 0.312397
-0.36792 0.312397
-0.36208 0.312397
-0.35624 0.312397
-0.3504 0.312397
-0.34456 0.312397
-0.33872 0.312397
-0.33288 0.312397
-0.32704 0.312397
-0.3212 0.312397
-0.31536 0.312397
-0.30952 0.312397
-0.30368 0.312397
-0.29784 0.312397
-0.292 0.312397
-0.28616 0.312397
-0.28032 0.312397
-0.27448 0.312397
-0.26864 0.312397
-0.2628 0.312397
-0.25696 0.312397
-0.25112 0.312397
-0.24528 0.312397
-0.23944 0.312397
-0.2336 0.312397
-0.22776 0.312397
-0.22192 0.312397
-0.21608 0.312397
-0.21024 0.312397
-0.2044 0.312397
-0.19856 0.312397
-0.19272 0.312397
-0.18688 0.312397
-0.18104 0.312397
-0.1752 0.312397
-0.16936 0.312397
-0.16352 0.312397
-0.15768 0.312397
-0.15184 0.312397
-0.146 0.312397
-0.14016 0.312397
-0.13432 0.312397
-0.12848 0.312397
-0.12264 0.312397
-0.1168 0.312397
-0.11096 0.312397
-0.10512 0.312397
-0.09928 0.312397
-0.09344 0.312397
-0.0876 0.312397
-0.08176 0.312397
-0.07592 0.312397
-0.07008 0.312397
-0.06424 0.312397
-0.0584 0.312397
-0.05256 0.312397
-0.04672 0.312397
-0.04088 0.312397
-0.03504 0.312397
-0.0292 0.312397
-0.02336 0.312397
-0.01752 0.312397
-0.01168 0.312397
-0.00584 0.312397
