-2.92 0.341998
-2.91416 0.341998
-2.90832 0.341998
-2.90248 0.341998
-2.89664 0.341998
-2.8908 0.341998
-2.88496 0.341998
-2.87912 0.341998
-2.87328 0.341998
-2.86744 0.341998
-2.8616 0.341998
-2.85576 0.341998
-2.84992 0.341998
-2.84408 0.341998
-2.83824 0.341998
-2.8324 0.341998
-2.82656 0.341998
-2.82072 0.341998
-2.81488 0.341998
-2.80904 0.341998
-2.8032 0.341998
-2.79736 0.341998
-2.79152 0.341998
-2.78568 0.341998
-2.77984 0.341998
-2.774 0.341998
-2.76816 0.341998
-2.76232 0.341998
-2.75648 0.341998
-2.75064 0.341998
-2.7448 0.341998
-2.73896 0.341998
-2.73312 0.341998
-2.72728 0.341998
-2.72144 0.341998
-2.7156 0.341998
-2.70976 0.341998
-2.70392 0.341998
-2.69808 0.341998
-2.69224 0.341998
-2.6864 0.341998
-2.68056 0.341998
-2.67472 0.341998
-2.66888 0.341998
-2.66304 0.341998
-2.6572 0.341998
-2.65136 0.341998
-2.64552 0.341998
-2.63968 0.341998
-2.63384 0.341998
-2.628 0.341998
-2.62216 0.341998
-2.61632 0.341998
-2.61048 0.341998
-2.60464 0.341998
-2.5988 0.341998
-2.59296 0.341689
-2.58712 0.341202
-2.58128 0.340584
-2.57544 0.339963
-2.5696 0.339256
-2.56376 0.338462
-2.55792 0.337492
-2.55208 0.336475
-2.54624 0.33537
-2.5404 0.334221
-2.53456 0.333116
-2.52872 0.331922
-2.52288 0.330685
-2.51704 0.329362
-2.5112 0.327907
-2.50536 0.326407
-2.49952 0.324908
-2.49368 0.323408
-2.48784 0.321997
-2.482 0.32063
-2.47616 0.319128
-2.47032 0.317493
-2.46448 0.315815
-2.45864 0.314137
-2.4528 0.312371
-2.44696 0.310692
-2.44112 0.308881
-2.43528 0.307069
-2.42944 0.3053
-2.4236 0.303443
-2.41776 0.301629
-2.41192 0.299774
-2.40608 0.297873
-2.40024 0.295974
-2.3944 0.293942
-2.38856 0.291954
-2.38272 0.289877
-2.37688 0.288431
-2.37104 0.286354
-2.3652 0.285072
-2.35936 0.282949
-2.35352 0.281165
-2.34768 0.279799
-2.34184 0.278305
-2.336 0.276599
-2.33016 0.275357
-2.32432 0.274368
-2.31848 0.271863
-2.31264 0.271042
-2.3068 0.269043
-2.30096 0.269022
-2.29512 0.266811
-2.28928 0.265016
-2.28344 0.26474
-2.2776 0.262778
-2.27176 0.261957
-2.26592 0.260759
-2.26008 0.259855
-2.25424 0.257847
-2.2484 0.257189
-2.24256 0.256192
-2.23672 0.254273
-2.23088 0.253324
-2.22504 0.252796
-2.2192 0.250621
-2.21336 0.248825
-2.20752 0.248425
-2.20168 0.246716
-2.19584 0.245515
-2.19 0.245113
-2.18416 0.243908
-2.17832 0.244777
-2.17248 0.242856
-2.16664 0.240976
-2.1608 0.239267
-2.15496 0.23806
-2.14912 0.237619
-2.14328 0.235951
-2.13744 0.236398
-2.1316 0.234602
-2.12576 0.232302
-2.11992 0.23165
-2.11408 0.230919
-2.10824 0.230261
-2.1024 0.229743
-2.09656 0.22841
-2.09072 0.227505
-2.08488 0.224955
-2.07904 0.226888
-2.0732 0.224291
-2.06736 0.219365
-2.06152 0.222779
-2.05568 0.223056
-2.04984 0.221138
-2.044 0.219773
-2.03816 0.219208
-2.03232 0.216653
-2.02648 0.218714
-2.02064 0.215864
-2.0148 0.21547
-2.00896 0.213087
-2.00312 0.212256
-1.99728 0.212246
-1.99144 0.212533
-1.9856 0.20845
-1.97976 0.2075
-1.97392 0.20737
-1.96808 0.20757
-1.96224 0.206207
-1.9564 0.20611
-1.95056 0.205803
-1.94472 0.204089
-1.93888 0.203613
-1.93304 0.203131
-1.9272 0.198416
-1.92136 0.197049
-1.91552 0.195166
-1.90968 0.195493
-1.90384 0.190691
-1.898 0.188643
-1.89216 0.187583
-1.88632 0.182609
-1.88048 0.181329
-1.87464 0.180218
-1.8688 0.174957
-1.86296 0.173669
-1.85712 0.169639
-1.85128 0.168612
-1.84544 0.166318
-1.8396 0.165763
-1.83376 0.161904
-1.82792 0.157401
-1.82208 0.157786
-1.81624 0.153837
-1.8104 0.152806
-1.80456 0.147642
-1.79872 0.146412
-1.79288 0.14314
-1.78704 0.140521
-1.7812 0.138993
-1.77536 0.137509
-1.76952 0.136222
-1.76368 0.133803
-1.75784 0.13063
-1.752 0.125976
-1.74616 0.125185
-1.74032 0.121804
-1.73448 0.120241
-1.72864 0.1174
-1.7228 0.113976
-1.71696 0.110841
-1.71112 0.107089
-1.70528 0.104454
-1.69944 0.101853
-1.6936 0.100619
-1.68776 0.0991149
-1.68192 0.0992266
-1.67608 0.0941684
-1.67024 0.0921888
-1.6644 0.0900094
-1.65856 0.0889051
-1.65272 0.0911089
-1.64688 0.0866686
-1.64104 0.0870062
-1.6352 0.0888088
-1.62936 0.0871822
-1.62352 0.0903476
-1.61768 0.0890025
-1.61184 0.0890451
-1.606 0.088907
-1.60016 0.0906206
-1.59432 0.0887729
-1.58848 0.0865712
-1.58264 0.0896381
-1.5768 0.0897259
-1.57096 0.0870237
-1.56512 0.0909138
-1.55928 0.0906424
-1.55344 0.09237
-1.5476 0.0920734
-1.54176 0.0947253
-1.53592 0.0944032
-1.53008 0.0964917
-1.52424 0.092839
-1.5184 0.0962785
-1.51256 0.094492
-1.50672 0.0967477
-1.50088 0.09778
-1.49504 0.101166
-1.4892 0.101613
-1.48336 0.104066
-1.47752 0.105769
-1.47168 0.108269
-1.46584 0.109237
-1.46 0.110313
-1.45416 0.112437
-1.44832 0.111242
-1.44248 0.114748
-1.43664 0.117579
-1.4308 0.115469
-1.42496 0.118962
-1.41912 0.12161
-1.41328 0.126234
-1.40744 0.125831
-1.4016 0.127645
-1.39576 0.134033
-1.38992 0.134798
-1.38408 0.133467
-1.37824 0.137406
-1.3724 0.140402
-1.36656 0.141761
-1.36072 0.145912
-1.35488 0.149441
-1.34904 0.152744
-1.3432 0.15566
-1.33736 0.159296
-1.33152 0.162401
-1.32568 0.168159
-1.31984 0.16867
-1.314 0.168167
-1.30816 0.178465
-1.30232 0.180191
-1.29648 0.17968
-1.29064 0.18111
-1.2848 0.186395
-1.27896 0.192955
-1.27312 0.193964
-1.26728 0.201178
-1.26144 0.199262
-1.2556 0.203328
-1.24976 0.208979
-1.24392 0.211325
-1.23808 0.21471
-1.23224 0.215692
-1.2264 0.22039
-1.22056 0.223341
-1.21472 0.226824
-1.20888 0.230968
-1.20304 0.232839
-1.1972 0.235299
-1.19136 0.235972
-1.18552 0.243353
-1.17968 0.244142
-1.17384 0.249956
-1.168 0.249079
-1.16216 0.249344
-1.15632 0.254022
-1.15048 0.254133
-1.14464 0.260628
-1.1388 0.261951
-1.13296 0.265324
-1.12712 0.272007
-1.12128 0.27367
-1.11544 0.276133
-1.1096 0.281293
-1.10376 0.28524
-1.09792 0.287315
-1.09208 0.289829
-1.08624 0.287945
-1.0804 0.293204
-1.07456 0.292316
-1.06872 0.297285
-1.06288 0.300797
-1.05704 0.305398
-1.0512 0.30915
-1.04536 0.312688
-1.03952 0.31382
-1.03368 0.318573
-1.02784 0.320012
-1.022 0.322767
-1.01616 0.324285
-1.01032 0.326247
-1.00448 0.330644
-0.99864 0.333148
-0.9928 0.333111
-0.98696 0.336066
-0.98112 0.339572
-0.97528 0.343062
-0.96944 0.343864
-0.9636 0.345
-0.95776 0.350429
-0.95192 0.349663
-0.94608 0.348706
-0.94024 0.352608
-0.9344 0.354431
-0.92856 0.354438
-0.92272 0.357987
-0.91688 0.360865
-0.91104 0.364122
-0.9052 0.366277
-0.89936 0.367551
-0.89352 0.372076
-0.88768 0.375194
-0.88184 0.375786
-0.876 0.376326
-0.87016 0.381387
-0.86432 0.382007
-0.85848 0.383521
-0.85264 0.384451
-0.8468 0.387741
-0.84096 0.393219
-0.83512 0.395285
-0.82928 0.396715
-0.82344 0.398066
-0.8176 0.398859
-0.81176 0.402616
-0.80592 0.403914
-0.80008 0.406562
-0.79424 0.40579
-0.7884 0.408995
-0.78256 0.411393
-0.77672 0.411337
-0.77088 0.412461
-0.76504 0.414187
-0.7592 0.414172
-0.75336 0.414068
-0.74752 0.415613
-0.74168 0.417325
-0.73584 0.418029
-0.73 0.417463
-0.72416 0.41664
-0.71832 0.417126
-0.71248 0.418409
-0.70664 0.41902
-0.7008 0.419461
-0.69496 0.42061
-0.68912 0.421089
-0.68328 0.422454
-0.67744 0.423054
-0.6716 0.425642
-0.66576 0.426028
-0.65992 0.426704
-0.65408 0.428001
-0.64824 0.426867
-0.6424 0.427238
-0.63656 0.428162
-0.63072 0.429284
-0.62488 0.430109
-0.61904 0.432276
-0.6132 0.432503
-0.60736 0.432685
-0.60152 0.432231
-0.59568 0.432231
-0.58984 0.432231
-0.584 0.432231
-0.57816 0.432231
-0.57232 0.432231
-0.56648 0.432231
-0.56064 0.432231
-0.5548 0.432231
-0.54896 0.432231
-0.54312 0.432231
-0.53728 0.432231
-0.53144 0.432231
-0.5256 0.432231
-0.51976 0.432231
-0.51392 0.432231
-0.50808 0.432231
-0.50224 0.432231
-0.4964 0.432231
-0.49056 0.432231
-0.48472 0.432231
-0.47888 0.432231
-0.47304 0.432231
-0.4672 0.432231
-0.46136 0.432231
-0.45552 0.432231
-0.44968 0.432231
-0.44384 0.432231
-0.438 0.432231
-0.43216 0.432231
-0.42632 0.432231
-0.42048 0.432231
-0.41464 0.432231
-0.4088 0.432231
-0.40296 0.432231
-0.39712 0.432231
-0.39128 0.432231
-0.38544 0.432231
-0.3796 0.432231
-0.37376 0.432231
-0.36792 0.432231
-0.36208 0.432231
-0.35624 0.432231
-0.3504 0.432231
-0.34456 0.432231
-0.33872 0.432231
-0.33288 0.432231
-0.32704 0.432231
-0.3212 0.432231
-0.31536 0.432231
-0.30952 0.432231
-0.30368 0.432231
-0.29784 0.432231
-0.292 0.432231
-0.28616 0.432231
-0.28032 0.432231
-0.27448 0.432231
-0.26864 0.432231
-0.2628 0.432231
-0.25696 0.432231
-0.25112 0.432231
-0.24528 0.432231
-0.23944 0.432231
-0.2336 0.432231
-0.22776 0.432231
-0.22192 0.432231
-0.21608 0.432231
-0.21024 0.432231
-0.2044 0.432231
-0.19856 0.432231
-0.19272 0.432231
-0.18688 0.432231
-0.18104 0.432231
-0.1752 0.432231
-0.16936 0.432231
-0.16352 0.432231
-0.15768 0.432231
-0.15184 0.432231
-0.146 0.432231
-0.14016 0.432231
-0.13432 0.432231
-0.12848 0.432231
-0.12264 0.432231
-0.1168 0.432231
-0.11096 0.432231
-0.10512 0.432231
-0.09928 0.432231
-0.09344 0.432231
-0.0876 0.432231
-0.08176 0.432231
-0.07592 0.432231
-0.07008 0.432231
-0.06424 0.432231
-0.0584 0.432231
-0.05256 0.432231
-0.04672 0.432231
-0.04088 0.432231
-0.03504 0.432231
-0.0292 0.432231
-0.02336 0.432231
-0.01752 0.432231
-0.01168 0.432231
-0.00584 0.432231
