-2.92 0.376712
-2.91416 0.376712
-2.90832 0.376712
-2.90248 0.376712
-2.89664 0.376712
-2.8908 0.376712
-2.88496 0.376712
-2.87912 0.376712
-2.87328 0.376712
-2.86744 0.376712
-2.8616 0.376712
-2.85576 0.376712
-2.84992 0.376712
-2.84408 0.376712
-2.83824 0.376712
-2.8324 0.376712
-2.82656 0.376712
-2.82072 0.376712
-2.81488 0.376712
-2.80904 0.376712
-2.8032 0.376712
-2.79736 0.376712
-2.79152 0.376712
-2.78568 0.376712
-2.77984 0.376712
-2.774 0.376712
-2.76816 0.376712
-2.76232 0.376712
-2.75648 0.376712
-2.75064 0.376712
-2.7448 0.376712
-2.73896 0.376712
-2.73312 0.376712
-2.72728 0.376712
-2.72144 0.376712
-2.7156 0.376712
-2.70976 0.376712
-2.70392 0.376712
-2.69808 0.376712
-2.69224 0.376712
-2.6864 0.376712
-2.68056 0.376712
-2.67472 0.376712
-2.66888 0.376712
-2.66304 0.376712
-2.6572 0.376712
-2.65136 0.376712
-2.64552 0.376712
-2.63968 0.376712
-2.63384 0.376712
-2.628 0.376712
-2.62216 0.376712
-2.61632 0.376712
-2.61048 0.376712
-2.60464 0.376712
-2.5988 0.376712
-2.59296 0.376317
-2.58712 0.375834
-2.58128 0.375219
-2.57544 0.374561
-2.5696 0.373901
-2.56376 0.372976
-2.55792 0.372008
-2.55208 0.370951
-2.54624 0.369805
-2.5404 0.368574
-2.53456 0.367384
-2.52872 0.366192
-2.52288 0.364867
-2.51704 0.363411
-2.5112 0.361866
-2.50536 0.360365
-2.49952 0.358861
-2.49368 0.357403
-2.48784 0.355808
-2.482 0.354263
-2.47616 0.352541
-2.47032 0.350687
-2.46448 0.34879
-2.45864 0.346847
-2.4528 0.344861
-2.44696 0.342917
-2.44112 0.34093
-2.43528 0.338854
-2.42944 0.33678
-2.4236 0.334663
-2.41776 0.332543
-2.41192 0.330424
-2.40608 0.328218
-2.40024 0.326098
-2.3944 0.323846
-2.38856 0.321728
-2.38272 0.319607
-2.37688 0.317355
-2.37104 0.315226
-2.3652 0.313306
-2.35936 0.311131
-2.35352 0.309336
-2.34768 0.307165
-2.34184 0.305241
-2.336 0.303062
-2.33016 0.30151
-2.32432 0.298922
-2.31848 0.296953
-2.31264 0.294984
-2.3068 0.293681
-2.30096 0.291045
-2.29512 0.289493
-2.28928 0.288697
-2.28344 0.286437
-2.2776 0.285472
-2.27176 0.284014
-2.26592 0.282295
-2.26008 0.279997
-2.25424 0.279617
-2.2484 0.278188
-2.24256 0.274036
-2.23672 0.274706
-2.23088 0.271557
-2.22504 0.269338
-2.2192 0.266358
-2.21336 0.264761
-2.20752 0.26254
-2.20168 0.25926
-2.19584 0.257333
-2.19 0.254265
-2.18416 0.250822
-2.17832 0.248515
-2.17248 0.246462
-2.16664 0.243651
-2.1608 0.240207
-2.15496 0.236847
-2.14912 0.235714
-2.14328 0.231467
-2.13744 0.228143
-2.1316 0.224026
-2.12576 0.222685
-2.11992 0.218354
-2.11408 0.216334
-2.10824 0.212462
-2.1024 0.208849
-2.09656 0.206533
-2.09072 0.203715
-2.08488 0.20161
-2.07904 0.198072
-2.0732 0.193742
-2.06736 0.191681
-2.06152 0.187645
-2.05568 0.185084
-2.04984 0.181635
-2.044 0.179206
-2.03816 0.175881
-2.03232 0.172894
-2.02648 0.170621
-2.02064 0.168014
-2.0148 0.164732
-2.00896 0.161411
-2.00312 0.159728
-1.99728 0.157294
-1.99144 0.155568
-1.9856 0.153263
-1.97976 0.151797
-1.97392 0.150795
-1.96808 0.148487
-1.96224 0.149133
-1.9564 0.147413
-1.95056 0.145153
-1.94472 0.146018
-1.93888 0.144517
-1.93304 0.143638
-1.9272 0.142907
-1.92136 0.144096
-1.91552 0.142676
-1.90968 0.14192
-1.90384 0.13921
-1.898 0.142201
-1.89216 0.141242
-1.88632 0.142033
-1.88048 0.141905
-1.87464 0.140178
-1.8688 0.140674
-1.86296 0.143046
-1.85712 0.140213
-1.85128 0.140637
-1.84544 0.139916
-1.8396 0.140439
-1.83376 0.141085
-1.82792 0.142877
-1.82208 0.143743
-1.81624 0.142011
-1.8104 0.142291
-1.80456 0.143192
-1.79872 0.14346
-1.79288 0.144453
-1.78704 0.143913
-1.7812 0.141349
-1.77536 0.144087
-1.76952 0.145081
-1.76368 0.145723
-1.75784 0.146253
-1.752 0.146473
-1.74616 0.148237
-1.74032 0.148257
-1.73448 0.149883
-1.72864 0.151698
-1.7228 0.150911
-1.71696 0.149843
-1.71112 0.153654
-1.70528 0.154006
-1.69944 0.155098
-1.6936 0.15593
-1.68776 0.155074
-1.68192 0.156765
-1.67608 0.158724
-1.67024 0.154394
-1.6644 0.159529
-1.65856 0.157344
-1.65272 0.15757
-1.64688 0.158005
-1.64104 0.160058
-1.6352 0.15903
-1.62936 0.157701
-1.62352 0.158699
-1.61768 0.158789
-1.61184 0.162478
-1.606 0.166956
-1.60016 0.16799
-1.59432 0.169323
-1.58848 0.17013
-1.58264 0.173422
-1.5768 0.173084
-1.57096 0.176422
-1.56512 0.177291
-1.55928 0.179042
-1.55344 0.184445
-1.5476 0.186042
-1.54176 0.186978
-1.53592 0.187979
-1.53008 0.189467
-1.52424 0.19187
-1.5184 0.194616
-1.51256 0.199154
-1.50672 0.19876
-1.50088 0.201519
-1.49504 0.204116
-1.4892 0.210098
-1.48336 0.210315
-1.47752 0.210926
-1.47168 0.216746
-1.46584 0.211235
-1.46 0.221761
-1.45416 0.222493
-1.44832 0.228629
-1.44248 0.227836
-1.43664 0.230553
-1.4308 0.233075
-1.42496 0.239376
-1.41912 0.23752
-1.41328 0.244766
-1.40744 0.242936
-1.4016 0.246905
-1.39576 0.249044
-1.38992 0.249029
-1.38408 0.258081
-1.37824 0.255699
-1.3724 0.260868
-1.36656 0.266926
-1.36072 0.263442
-1.35488 0.26699
-1.34904 0.267269
-1.3432 0.267147
-1.33736 0.271339
-1.33152 0.277171
-1.32568 0.28191
-1.31984 0.281875
-1.314 0.283903
-1.30816 0.287396
-1.30232 0.292491
-1.29648 0.292803
-1.29064 0.293369
-1.2848 0.29694
-1.27896 0.299128
-1.27312 0.303146
-1.26728 0.305212
-1.26144 0.304559
-1.2556 0.304413
-1.24976 0.311998
-1.24392 0.314123
-1.23808 0.314933
-1.23224 0.31653
-1.2264 0.321994
-1.22056 0.323194
-1.21472 0.325115
-1.20888 0.32888
-1.20304 0.333917
-1.1972 0.335554
-1.19136 0.333769
-1.18552 0.336667
-1.17968 0.340212
-1.17384 0.346551
-1.168 0.350767
-1.16216 0.349237
-1.15632 0.352382
-1.15048 0.354203
-1.14464 0.35516
-1.1388 0.358247
-1.13296 0.361184
-1.12712 0.360341
-1.12128 0.363079
-1.11544 0.368952
-1.1096 0.37082
-1.10376 0.370205
-1.09792 0.373011
-1.09208 0.373646
-1.08624 0.374998
-1.0804 0.377251
-1.07456 0.380875
-1.06872 0.382179
-1.06288 0.382201
-1.05704 0.382972
-1.0512 0.38765
-1.04536 0.385479
-1.03952 0.384792
-1.03368 0.391368
-1.02784 0.381782
-1.022 0.387072
-1.01616 0.386447
-1.01032 0.388519
-1.00448 0.386948
-0.99864 0.386121
-0.9928 0.386117
-0.98696 0.389403
-0.98112 0.384577
-0.97528 0.389131
-0.96944 0.385196
-0.9636 0.386087
-0.95776 0.386259
-0.95192 0.383862
-0.94608 0.388918
-0.94024 0.385395
-0.9344 0.386531
-0.92856 0.387306
-0.92272 0.38306
-0.91688 0.384292
-0.91104 0.380596
-0.9052 0.38046
-0.89936 0.381775
-0.89352 0.384311
-0.88768 0.384788
-0.88184 0.383649
-0.876 0.384235
-0.87016 0.380585
-0.86432 0.383492
-0.85848 0.382492
-0.85264 0.381659
-0.8468 0.382319
-0.84096 0.382121
-0.83512 0.380676
-0.82928 0.381362
-0.82344 0.377577
-0.8176 0.378962
-0.81176 0.378361
-0.80592 0.378464
-0.80008 0.377629
-0.79424 0.376843
-0.7884 0.378184
-0.78256 0.377193
-0.77672 0.376792
-0.77088 0.375421
-0.76504 0.377258
-0.7592 0.377052
-0.75336 0.377441
-0.74752 0.377708
-0.74168 0.377881
-0.73584 0.378728
-0.73 0.379435
-0.72416 0.379851
-0.71832 0.380891
-0.71248 0.38067
-0.70664 0.381062
-0.7008 0.382351
-0.69496 0.382805
-0.68912 0.383372
-0.68328 0.384737
-0.67744 0.388543
-0.6716 0.389904
-0.66576 0.390834
-0.65992 0.391564
-0.65408 0.391524
-0.64824 0.39262
-0.6424 0.394721
-0.63656 0.395896
-0.63072 0.397063
-0.62488 0.396801
-0.61904 0.396531
-0.6132 0.396303
-0.60736 0.39565
-0.60152 0.396171
-0.59568 0.396171
-0.58984 0.396171
-0.584 0.396171
-0.57816 0.396171
-0.57232 0.396171
-0.56648 0.396171
-0.56064 0.396171
-0.5548 0.396171
-0.54896 0.396171
-0.54312 0.396171
-0.53728 0.396171
-0.53144 0.396171
-0.5256 0.396171
-0.51976 0.396171
-0.51392 0.396171
-0.50808 0.396171
-0.50224 0.396171
-0.4964 0.396171
-0.49056 0.396171
-0.48472 0.396171
-0.47888 0.396171
-0.47304 0.396171
-0.4672 0.396171
-0.46136 0.396171
-0.45552 0.396171
-0.44968 0.396171
-0.44384 0.396171
-0.438 0.396171
-0.43216 0.396171
-0.42632 0.396171
-0.42048 0.396171
-0.41464 0.396171
-0.4088 0.396171
-0.40296 0.396171
-0.39712 0.396171
-0.39128 0.396171
-0.38544 0.396171
-0.3796 0.396171
-0.37376 0.396171
-0.36792 0.396171
-0.36208 0.396171
-0.35624 0.396171
-0.3504 0.396171
-0.34456 0.396171
-0.33872 0.396171
-0.33288 0.396171
-0.32704 0.396171
-0.3212 0.396171
-0.31536 0.396171
-0.30952 0.396171
-0.30368 0.396171
-0.29784 0.396171
-0.292 0.396171
-0.28616 0.396171
-0.28032 0.396171
-0.27448 0.396171
-0.26864 0.396171
-0.2628 0.396171
-0.25696 0.396171
-0.25112 0.396171
-0.24528 0.396171
-0.23944 0.396171
-0.2336 0.396171
-0.22776 0.396171
-0.22192 0.396171
-0.21608 0.396171
-0.21024 0.396171
-0.2044 0.396171
-0.19856 0.396171
-0.19272 0.396171
-0.18688 0.396171
-0.18104 0.396171
-0.1752 0.396171
-0.16936 0.396171
-0.16352 0.396171
-0.15768 0.396171
-0.15184 0.396171
-0.146 0.396171
-0.14016 0.396171
-0.13432 0.396171
-0.12848 0.396171
-0.12264 0.396171
-0.1168 0.396171
-0.11096 0.396171
-0.10512 0.396171
-0.09928 0.396171
-0.09344 0.396171
-0.0876 0.396171
-0.08176 0.396171
-0.07592 0.396171
-0.07008 0.396171
-0.06424 0.396171
-0.0584 0.396171
-0.05256 0.396171
-0.04672 0.396171
-0.04088 0.396171
-0.03504 0.396171
-0.0292 0.396171
-0.02336 0.396171
-0.01752 0.396171
-0.01168 0.396171
-0.00584 0.396171
