-2.92 0.402474
-2.91416 0.402474
-2.90832 0.402474
-2.90248 0.402474
-2.89664 0.402474
-2.8908 0.402474
-2.88496 0.402474
-2.87912 0.402474
-2.87328 0.402474
-2.86744 0.402474
-2.8616 0.402474
-2.85576 0.402474
-2.84992 0.402474
-2.84408 0.402474
-2.83824 0.402474
-2.8324 0.402474
-2.82656 0.402474
-2.82072 0.402474
-2.81488 0.402474
-2.80904 0.402474
-2.8032 0.402474
-2.79736 0.402474
-2.79152 0.402474
-2.78568 0.402474
-2.77984 0.402474
-2.774 0.402474
-2.76816 0.402474
-2.76232 0.402474
-2.75648 0.402474
-2.75064 0.402474
-2.7448 0.402474
-2.73896 0.402474
-2.73312 0.402474
-2.72728 0.402474
-2.72144 0.402474
-2.7156 0.402474
-2.70976 0.402474
-2.70392 0.402474
-2.69808 0.402474
-2.69224 0.402474
-2.6864 0.402474
-2.68056 0.402474
-2.67472 0.402474
-2.66888 0.402474
-2.66304 0.402474
-2.6572 0.402474
-2.65136 0.402474
-2.64552 0.402474
-2.63968 0.402474
-2.63384 0.402474
-2.628 0.402474
-2.62216 0.402474
-2.61632 0.402474
-2.61048 0.402474
-2.60464 0.402474
-2.5988 0.402474
-2.59296 0.402163
-2.58712 0.401588
-2.58128 0.40088
-2.57544 0.400127
-2.5696 0.399373
-2.56376 0.398483
-2.55792 0.397417
-2.55208 0.396263
-2.54624 0.395064
-2.5404 0.393865
-2.53456 0.392664
-2.52872 0.391375
-2.52288 0.389993
-2.51704 0.388567
-2.5112 0.387053
-2.50536 0.38554
-2.49952 0.383937
-2.49368 0.382334
-2.48784 0.380644
-2.482 0.379041
-2.47616 0.377259
-2.47032 0.375433
-2.46448 0.373563
-2.45864 0.371648
-2.4528 0.369691
-2.44696 0.367773
-2.44112 0.365811
-2.43528 0.363717
-2.42944 0.361714
-2.4236 0.359576
-2.41776 0.357438
-2.41192 0.355256
-2.40608 0.353072
-2.40024 0.350933
-2.3944 0.348662
-2.38856 0.346349
-2.38272 0.344033
-2.37688 0.342171
-2.37104 0.339688
-2.3652 0.338121
-2.35936 0.335885
-2.35352 0.334691
-2.34768 0.332453
-2.34184 0.330749
-2.336 0.328879
-2.33016 0.326553
-2.32432 0.325309
-2.31848 0.323229
-2.31264 0.322066
-2.3068 0.320287
-2.30096 0.318082
-2.29512 0.318138
-2.28928 0.315432
-2.28344 0.313729
-2.2776 0.312527
-2.27176 0.310453
-2.26592 0.309878
-2.26008 0.30856
-2.25424 0.306598
-2.2484 0.30506
-2.24256 0.302264
-2.23672 0.301015
-2.23088 0.300229
-2.22504 0.297391
-2.2192 0.29731
-2.21336 0.294346
-2.20752 0.293271
-2.20168 0.292231
-2.19584 0.290106
-2.19 0.288653
-2.18416 0.286982
-2.17832 0.284311
-2.17248 0.283688
-2.16664 0.281651
-2.1608 0.281835
-2.15496 0.278814
-2.14912 0.278326
-2.14328 0.277289
-2.13744 0.273815
-2.1316 0.274255
-2.12576 0.270363
-2.11992 0.271045
-2.11408 0.269253
-2.10824 0.266872
-2.1024 0.265369
-2.09656 0.265302
-2.09072 0.264185
-2.08488 0.262307
-2.07904 0.260097
-2.0732 0.258133
-2.06736 0.258776
-2.06152 0.255893
-2.05568 0.255034
-2.04984 0.251848
-2.044 0.252766
-2.03816 0.253117
-2.03232 0.249983
-2.02648 0.249368
-2.02064 0.246656
-2.0148 0.244655
-2.00896 0.244634
-2.00312 0.244987
-1.99728 0.240075
-1.99144 0.240609
-1.9856 0.239664
-1.97976 0.237671
-1.97392 0.23753
-1.96808 0.235619
-1.96224 0.238015
-1.9564 0.233945
-1.95056 0.230173
-1.94472 0.228594
-1.93888 0.225107
-1.93304 0.224003
-1.9272 0.222081
-1.92136 0.217594
-1.91552 0.21437
-1.90968 0.211532
-1.90384 0.210793
-1.898 0.208284
-1.89216 0.201905
-1.88632 0.201174
-1.88048 0.19867
-1.87464 0.196627
-1.8688 0.191763
-1.86296 0.191675
-1.85712 0.184869
-1.85128 0.181616
-1.84544 0.18037
-1.8396 0.178687
-1.83376 0.175703
-1.82792 0.173695
-1.82208 0.169151
-1.81624 0.166611
-1.8104 0.166221
-1.80456 0.161164
-1.79872 0.160283
-1.79288 0.152934
-1.78704 0.149478
-1.7812 0.147654
-1.77536 0.147096
-1.76952 0.14335
-1.76368 0.139165
-1.75784 0.135179
-1.752 0.131989
-1.74616 0.130007
-1.74032 0.126694
-1.73448 0.124936
-1.72864 0.122545
-1.7228 0.119187
-1.71696 0.11654
-1.71112 0.114542
-1.70528 0.111885
-1.69944 0.105062
-1.6936 0.104155
-1.68776 0.100905
-1.68192 0.101303
-1.67608 0.0975521
-1.67024 0.0944805
-1.6644 0.0945021
-1.65856 0.0921811
-1.65272 0.0931687
-1.64688 0.0901278
-1.64104 0.0909533
-1.6352 0.0907658
-1.62936 0.0892632
-1.62352 0.0913816
-1.61768 0.092449
-1.61184 0.0907766
-1.606 0.0907072
-1.60016 0.0910252
-1.59432 0.0920752
-1.58848 0.093231
-1.58264 0.0920826
-1.5768 0.0885181
-1.57096 0.0939586
-1.56512 0.0911544
-1.55928 0.0923661
-1.55344 0.0931464
-1.5476 0.0941742
-1.54176 0.0910967
-1.53592 0.0919787
-1.53008 0.0949299
-1.52424 0.0960528
-1.5184 0.0944963
-1.51256 0.0940186
-1.50672 0.0964416
-1.50088 0.095556
-1.49504 0.093971
-1.4892 0.0984975
-1.48336 0.100183
-1.47752 0.101917
-1.47168 0.101508
-1.46584 0.103135
-1.46 0.105665
-1.45416 0.108099
-1.44832 0.111806
-1.44248 0.111203
-1.43664 0.114927
-1.4308 0.118041
-1.42496 0.119089
-1.41912 0.123333
-1.41328 0.125181
-1.40744 0.127252
-1.4016 0.129125
-1.39576 0.132562
-1.38992 0.135416
-1.38408 0.137748
-1.37824 0.140607
-1.3724 0.141745
-1.36656 0.143713
-1.36072 0.148378
-1.35488 0.147457
-1.34904 0.149752
-1.3432 0.153023
-1.33736 0.15361
-1.33152 0.159332
-1.32568 0.159343
-1.31984 0.165048
-1.314 0.163202
-1.30816 0.16877
-1.30232 0.168981
-1.29648 0.172921
-1.29064 0.176281
-1.2848 0.175496
-1.27896 0.180607
-1.27312 0.184955
-1.26728 0.187241
-1.26144 0.189318
-1.2556 0.192468
-1.24976 0.197829
-1.24392 0.203405
-1.23808 0.204152
-1.23224 0.208989
-1.2264 0.209442
-1.22056 0.213937
-1.21472 0.216675
-1.20888 0.219244
-1.20304 0.219122
-1.1972 0.22126
-1.19136 0.226521
-1.18552 0.228801
-1.17968 0.232667
-1.17384 0.232884
-1.168 0.236504
-1.16216 0.239876
-1.15632 0.244676
-1.15048 0.244302
-1.14464 0.244329
-1.1388 0.245188
-1.13296 0.250507
-1.12712 0.251259
-1.12128 0.254216
-1.11544 0.256088
-1.1096 0.258911
-1.10376 0.260272
-1.09792 0.262569
-1.09208 0.267534
-1.08624 0.271224
-1.0804 0.269185
-1.07456 0.269215
-1.06872 0.273362
-1.06288 0.275008
-1.05704 0.275422
-1.0512 0.281339
-1.04536 0.28453
-1.03952 0.288148
-1.03368 0.289868
-1.02784 0.291468
-1.022 0.294918
-1.01616 0.297693
-1.01032 0.300211
-1.00448 0.301308
-0.99864 0.305398
-0.9928 0.305905
-0.98696 0.306738
-0.98112 0.310853
-0.97528 0.311608
-0.96944 0.314262
-0.9636 0.315048
-0.95776 0.317374
-0.95192 0.319896
-0.94608 0.321333
-0.94024 0.323433
-0.9344 0.323667
-0.92856 0.326017
-0.92272 0.328102
-0.91688 0.326409
-0.91104 0.328174
-0.9052 0.333017
-0.89936 0.331322
-0.89352 0.335457
-0.88768 0.336545
-0.88184 0.339823
-0.876 0.338293
-0.87016 0.342995
-0.86432 0.34108
-0.85848 0.343984
-0.85264 0.344598
-0.8468 0.346103
-0.84096 0.347437
-0.83512 0.349281
-0.82928 0.35106
-0.82344 0.35581
-0.8176 0.356604
-0.81176 0.358353
-0.80592 0.361634
-0.80008 0.363047
-0.79424 0.364052
-0.7884 0.365597
-0.78256 0.367006
-0.77672 0.365859
-0.77088 0.366307
-0.76504 0.366667
-0.7592 0.367249
-0.75336 0.367681
-0.74752 0.36893
-0.74168 0.369917
-0.73584 0.369851
-0.73 0.369536
-0.72416 0.370693
-0.71832 0.370997
-0.71248 0.371269
-0.70664 0.372117
-0.7008 0.369608
-0.69496 0.370711
-0.68912 0.37047
-0.68328 0.371233
-0.67744 0.371744
-0.6716 0.37238
-0.66576 0.37247
-0.65992 0.37356
-0.65408 0.373672
-0.64824 0.375219
-0.6424 0.374469
-0.63656 0.375676
-0.63072 0.37663
-0.62488 0.377582
-0.61904 0.378487
-0.6132 0.380226
-0.60736 0.380577
-0.60152 0.380341
-0.59568 0.380341
-0.58984 0.380341
-0.584 0.380341
-0.57816 0.380341
-0.57232 0.380341
-0.56648 0.380341
-0.56064 0.380341
-0.5548 0.380341
-0.54896 0.380341
-0.54312 0.380341
-0.53728 0.380341
-0.53144 0.380341
-0.5256 0.380341
-0.51976 0.380341
-0.51392 0.380341
-0.50808 0.380341
-0.50224 0.380341
-0.4964 0.380341
-0.49056 0.380341
-0.48472 0.380341
-0.47888 0.380341
-0.47304 0.380341
-0.4672 0.380341
-0.46136 0.380341
-0.45552 0.380341
-0.44968 0.380341
-0.44384 0.380341
-0.438 0.380341
-0.43216 0.380341
-0.42632 0.380341
-0.42048 0.380341
-0.41464 0.380341
-0.4088 0.380341
-0.40296 0.380341
-0.39712 0.380341
-0.39128 0.380341
-0.38544 0.380341
-0.3796 0.380341
-0.37376 0.380341
-0.36792 0.380341
-0.36208 0.380341
-0.35624 0.380341
-0.3504 0.380341
-0.34456 0.380341
-0.33872 0.380341
-0.33288 0.380341
-0.32704 0.380341
-0.3212 0.380341
-0.31536 0.380341
-0.30952 0.380341
-0.30368 0.380341
-0.29784 0.380341
-0.292 0.380341
-0.28616 0.380341
-0.28032 0.380341
-0.27448 0.380341
-0.26864 0.380341
-0.2628 0.380341
-0.25696 0.380341
-0.25112 0.380341
-0.24528 0.380341
-0.23944 0.380341
-0.2336 0.380341
-0.22776 0.380341
-0.22192 0.380341
-0.21608 0.380341
-0.21024 0.380341
-0.2044 0.380341
-0.19856 0.380341
-0.19272 0.380341
-0.18688 0.380341
-0.18104 0.380341
-0.1752 0.380341
-0.16936 0.380341
-0.16352 0.380341
-0.15768 0.380341
-0.15184 0.380341
-0.146 0.380341
-0.14016 0.380341
-0.13432 0.380341
-0.12848 0.380341
-0.12264 0.380341
-0.1168 0.380341
-0.11096 0.380341
-0.10512 0.380341
-0.09928 0.380341
-0.09344 0.380341
-0.0876 0.380341
-0.08176 0.380341
-0.07592 0.380341
-0.07008 0.380341
-0.06424 0.380341
-0.0584 0.380341
-0.05256 0.380341
-0.04672 0.380341
-0.04088 0.380341
-0.03504 0.380341
-0.0292 0.380341
-0.02336 0.380341
-0.01752 0.380341
-0.01168 0.380341
-0.00584 0.380341
