-2.92 0.471285
-2.91416 0.471285
-2.90832 0.471285
-2.90248 0.471285
-2.89664 0.471285
-2.8908 0.471285
-2.88496 0.471285
-2.87912 0.471285
-2.87328 0.471285
-2.86744 0.471285
-2.8616 0.471285
-2.85576 0.471285
-2.84992 0.471285
-2.84408 0.471285
-2.83824 0.471285
-2.8324 0.471285
-2.82656 0.471285
-2.82072 0.471285
-2.81488 0.471285
-2.80904 0.471285
-2.8032 0.471285
-2.79736 0.471285
-2.79152 0.471285
-2.78568 0.471285
-2.77984 0.471285
-2.774 0.471285
-2.76816 0.471285
-2.76232 0.471285
-2.75648 0.471285
-2.75064 0.471285
-2.7448 0.471285
-2.73896 0.471285
-2.73312 0.471285
-2.72728 0.471285
-2.72144 0.471285
-2.7156 0.471285
-2.70976 0.471285
-2.70392 0.471285
-2.69808 0.471285
-2.69224 0.471285
-2.6864 0.471285
-2.68056 0.471285
-2.67472 0.471285
-2.66888 0.471285
-2.66304 0.471285
-2.6572 0.471285
-2.65136 0.471285
-2.64552 0.471285
-2.63968 0.471285
-2.63384 0.471285
-2.628 0.471285
-2.62216 0.471285
-2.61632 0.471285
-2.61048 0.471285
-2.60464 0.471285
-2.5988 0.471285
-2.59296 0.470756
-2.58712 0.469917
-2.58128 0.468947
-2.57544 0.467888
-2.5696 0.466607
-2.56376 0.46515
-2.55792 0.463561
-2.55208 0.461929
-2.54624 0.460298
-2.5404 0.458577
-2.53456 0.456852
-2.52872 0.454994
-2.52288 0.45305
-2.51704 0.451062
-2.5112 0.449114
-2.50536 0.447123
-2.49952 0.444998
-2.49368 0.44292
-2.48784 0.440752
-2.482 0.438629
-2.47616 0.436373
-2.47032 0.434114
-2.46448 0.431766
-2.45864 0.429373
-2.4528 0.426937
-2.44696 0.424415
-2.44112 0.421845
-2.43528 0.419189
-2.42944 0.416751
-2.4236 0.414095
-2.41776 0.411483
-2.41192 0.40887
-2.40608 0.406169
-2.40024 0.403511
-2.3944 0.400721
-2.38856 0.39802
-2.38272 0.395444
-2.37688 0.393119
-2.37104 0.390746
-2.3652 0.388506
-2.35936 0.386126
-2.35352 0.38342
-2.34768 0.381211
-2.34184 0.379339
-2.336 0.377549
-2.33016 0.374833
-2.32432 0.373004
-2.31848 0.370994
-2.31264 0.36811
-2.3068 0.366819
-2.30096 0.36452
-2.29512 0.362769
-2.28928 0.360345
-2.28344 0.35729
-2.2776 0.35566
-2.27176 0.353867
-2.26592 0.352613
-2.26008 0.351362
-2.25424 0.348689
-2.2484 0.346012
-2.24256 0.345675
-2.23672 0.341815
-2.23088 0.339978
-2.22504 0.336586
-2.2192 0.335069
-2.21336 0.333528
-2.20752 0.332188
-2.20168 0.329795
-2.19584 0.328166
-2.19 0.326746
-2.18416 0.32557
-2.17832 0.323387
-2.17248 0.320457
-2.16664 0.317605
-2.1608 0.31664
-2.15496 0.315007
-2.14912 0.312331
-2.14328 0.31065
-2.13744 0.309938
-2.1316 0.309864
-2.12576 0.307061
-2.11992 0.303072
-2.11408 0.300309
-2.10824 0.298289
-2.1024 0.298837
-2.09656 0.297164
-2.09072 0.295865
-2.08488 0.294571
-2.07904 0.291057
-2.0732 0.288197
-2.06736 0.288688
-2.06152 0.286042
-2.05568 0.285006
-2.04984 0.283801
-2.044 0.283066
-2.03816 0.280296
-2.03232 0.278835
-2.02648 0.276322
-2.02064 0.276332
-2.0148 0.273841
-2.00896 0.271894
-2.00312 0.270752
-1.99728 0.270902
-1.99144 0.266974
-1.9856 0.267614
-1.97976 0.264728
-1.97392 0.262767
-1.96808 0.261261
-1.96224 0.259374
-1.9564 0.258303
-1.95056 0.254891
-1.94472 0.250067
-1.93888 0.249687
-1.93304 0.245191
-1.9272 0.246122
-1.92136 0.240554
-1.91552 0.237239
-1.90968 0.234775
-1.90384 0.233613
-1.898 0.227017
-1.89216 0.223896
-1.88632 0.223665
-1.88048 0.217611
-1.87464 0.212772
-1.8688 0.208946
-1.86296 0.208235
-1.85712 0.201048
-1.85128 0.201492
-1.84544 0.194927
-1.8396 0.192218
-1.83376 0.188524
-1.82792 0.184821
-1.82208 0.181608
-1.81624 0.180198
-1.8104 0.177175
-1.80456 0.171392
-1.79872 0.166432
-1.79288 0.163472
-1.78704 0.159142
-1.7812 0.156726
-1.77536 0.15111
-1.76952 0.149119
-1.76368 0.144773
-1.75784 0.14009
-1.752 0.136636
-1.74616 0.131142
-1.74032 0.129682
-1.73448 0.126918
-1.72864 0.123653
-1.7228 0.116517
-1.71696 0.114533
-1.71112 0.107562
-1.70528 0.10763
-1.69944 0.102925
-1.6936 0.0980919
-1.68776 0.0966105
-1.68192 0.0930557
-1.67608 0.0898601
-1.67024 0.0864358
-1.6644 0.0868375
-1.65856 0.082295
-1.65272 0.0806691
-1.64688 0.0792254
-1.64104 0.0798961
-1.6352 0.0785734
-1.62936 0.076444
-1.62352 0.0754124
-1.61768 0.0755117
-1.61184 0.0732166
-1.606 0.0750827
-1.60016 0.0747227
-1.59432 0.07604
-1.58848 0.0762984
-1.58264 0.0730404
-1.5768 0.0733196
-1.57096 0.0744466
-1.56512 0.0757082
-1.55928 0.0723949
-1.55344 0.0760517
-1.5476 0.0750959
-1.54176 0.0763277
-1.53592 0.0749433
-1.53008 0.0771284
-1.52424 0.0774519
-1.5184 0.0777652
-1.51256 0.0734268
-1.50672 0.0747964
-1.50088 0.0757008
-1.49504 0.0780424
-1.4892 0.0792376
-1.48336 0.0798227
-1.47752 0.0837966
-1.47168 0.0812607
-1.46584 0.0851183
-1.46 0.0878208
-1.45416 0.0909448
-1.44832 0.0914754
-1.44248 0.0924123
-1.43664 0.0945823
-1.4308 0.0958779
-1.42496 0.100772
-1.41912 0.102328
-1.41328 0.106048
-1.40744 0.108936
-1.4016 0.110571
-1.39576 0.111511
-1.38992 0.115632
-1.38408 0.117621
-1.37824 0.121752
-1.3724 0.12136
-1.36656 0.124046
-1.36072 0.126882
-1.35488 0.128219
-1.34904 0.131639
-1.3432 0.131157
-1.33736 0.134499
-1.33152 0.136466
-1.32568 0.142271
-1.31984 0.142066
-1.314 0.143738
-1.30816 0.14865
-1.30232 0.14935
-1.29648 0.153255
-1.29064 0.154851
-1.2848 0.1565
-1.27896 0.158144
-1.27312 0.161464
-1.26728 0.168515
-1.26144 0.172789
-1.2556 0.173111
-1.24976 0.176682
-1.24392 0.181652
-1.23808 0.18506
-1.23224 0.186955
-1.2264 0.189826
-1.22056 0.193624
-1.21472 0.194543
-1.20888 0.197908
-1.20304 0.201459
-1.1972 0.203408
-1.19136 0.207078
-1.18552 0.209012
-1.17968 0.211215
-1.17384 0.213199
-1.168 0.216841
-1.16216 0.218765
-1.15632 0.22379
-1.15048 0.226452
-1.14464 0.227979
-1.1388 0.226795
-1.13296 0.228515
-1.12712 0.230537
-1.12128 0.23354
-1.11544 0.237023
-1.1096 0.239617
-1.10376 0.241438
-1.09792 0.244612
-1.09208 0.247214
-1.08624 0.249976
-1.0804 0.251158
-1.07456 0.250036
-1.06872 0.25315
-1.06288 0.255296
-1.05704 0.259352
-1.0512 0.263959
-1.04536 0.266541
-1.03952 0.273583
-1.03368 0.270905
-1.02784 0.276426
-1.022 0.281479
-1.01616 0.285568
-1.01032 0.288482
-1.00448 0.289235
-0.99864 0.290691
-0.9928 0.291621
-0.98696 0.29612
-0.98112 0.297316
-0.97528 0.301391
-0.96944 0.304022
-0.9636 0.30496
-0.95776 0.306681
-0.95192 0.309638
-0.94608 0.312598
-0.94024 0.315885
-0.9344 0.316026
-0.92856 0.3188
-0.92272 0.319994
-0.91688 0.32018
-0.91104 0.323
-0.9052 0.322931
-0.89936 0.327095
-0.89352 0.327522
-0.88768 0.331613
-0.88184 0.331995
-0.876 0.331976
-0.87016 0.337658
-0.86432 0.337307
-0.85848 0.339783
-0.85264 0.34152
-0.8468 0.343069
-0.84096 0.345228
-0.83512 0.346107
-0.82928 0.35182
-0.82344 0.355605
-0.8176 0.355689
-0.81176 0.358462
-0.80592 0.361905
-0.80008 0.363974
-0.79424 0.365438
-0.7884 0.367073
-0.78256 0.366865
-0.77672 0.367479
-0.77088 0.368771
-0.76504 0.368466
-0.7592 0.368719
-0.75336 0.369246
-0.74752 0.37054
-0.74168 0.369645
-0.73584 0.37119
-0.73 0.371376
-0.72416 0.37267
-0.71832 0.372358
-0.71248 0.374354
-0.70664 0.374002
-0.7008 0.371421
-0.69496 0.372957
-0.68912 0.373099
-0.68328 0.373237
-0.67744 0.373962
-0.6716 0.375112
-0.66576 0.374952
-0.65992 0.37576
-0.65408 0.376453
-0.64824 0.377678
-0.6424 0.377143
-0.63656 0.378526
-0.63072 0.379695
-0.62488 0.38086
-0.61904 0.38181
-0.6132 0.383383
-0.60736 0.383863
-0.60152 0.383669
-0.59568 0.383669
-0.58984 0.383669
-0.584 0.383669
-0.57816 0.383669
-0.57232 0.383669
-0.56648 0.383669
-0.56064 0.383669
-0.5548 0.383669
-0.54896 0.383669
-0.54312 0.383669
-0.53728 0.383669
-0.53144 0.383669
-0.5256 0.383669
-0.51976 0.383669
-0.51392 0.383669
-0.50808 0.383669
-0.50224 0.383669
-0.4964 0.383669
-0.49056 0.383669
-0.48472 0.383669
-0.47888 0.383669
-0.47304 0.383669
-0.4672 0.383669
-0.46136 0.383669
-0.45552 0.383669
-0.44968 0.383669
-0.44384 0.383669
-0.438 0.383669
-0.43216 0.383669
-0.42632 0.383669
-0.42048 0.383669
-0.41464 0.383669
-0.4088 0.383669
-0.40296 0.383669
-0.39712 0.383669
-0.39128 0.383669
-0.38544 0.383669
-0.3796 0.383669
-0.37376 0.383669
-0.36792 0.383669
-0.36208 0.383669
-0.35624 0.383669
-0.3504 0.383669
-0.34456 0.383669
-0.33872 0.383669
-0.33288 0.383669
-0.32704 0.383669
-0.3212 0.383669
-0.31536 0.383669
-0.30952 0.383669
-0.30368 0.383669
-0.29784 0.383669
-0.292 0.383669
-0.28616 0.383669
-0.28032 0.383669
-0.27448 0.383669
-0.26864 0.383669
-0.2628 0.383669
-0.25696 0.383669
-0.25112 0.383669
-0.24528 0.383669
-0.23944 0.383669
-0.2336 0.383669
-0.22776 0.383669
-0.22192 0.383669
-0.21608 0.383669
-0.21024 0.383669
-0.2044 0.383669
-0.19856 0.383669
-0.19272 0.383669
-0.18688 0.383669
-0.18104 0.383669
-0.1752 0.383669
-0.16936 0.383669
-0.16352 0.383669
-0.15768 0.383669
-0.15184 0.383669
-0.146 0.383669
-0.14016 0.383669
-0.13432 0.383669
-0.12848 0.383669
-0.12264 0.383669
-0.1168 0.383669
-0.11096 0.383669
-0.10512 0.383669
-0.09928 0.383669
-0.09344 0.383669
-0.0876 0.383669
-0.08176 0.383669
-0.07592 0.383669
-0.07008 0.383669
-0.06424 0.383669
-0.0584 0.383669
-0.05256 0.383669
-0.04672 0.383669
-0.04088 0.383669
-0.03504 0.383669
-0.0292 0.383669
-0.02336 0.383669
-0.01752 0.383669
-0.01168 0.383669
-0.00584 0.383669
