-2.92 0.39143
-2.91416 0.39143
-2.90832 0.39143
-2.90248 0.39143
-2.89664 0.39143
-2.8908 0.39143
-2.88496 0.39143
-2.87912 0.39143
-2.87328 0.39143
-2.86744 0.39143
-2.8616 0.39143
-2.85576 0.39143
-2.84992 0.39143
-2.84408 0.39143
-2.83824 0.39143
-2.8324 0.39143
-2.82656 0.39143
-2.82072 0.39143
-2.81488 0.39143
-2.80904 0.39143
-2.8032 0.39143
-2.79736 0.39143
-2.79152 0.39143
-2.78568 0.39143
-2.77984 0.39143
-2.774 0.39143
-2.76816 0.39143
-2.76232 0.39143
-2.75648 0.39143
-2.75064 0.39143
-2.7448 0.39143
-2.73896 0.39143
-2.73312 0.39143
-2.72728 0.39143
-2.72144 0.39143
-2.7156 0.39143
-2.70976 0.39143
-2.70392 0.39143
-2.69808 0.39143
-2.69224 0.39143
-2.6864 0.39143
-2.68056 0.39143
-2.67472 0.39143
-2.66888 0.39143
-2.66304 0.39143
-2.6572 0.39143
-2.65136 0.39143
-2.64552 0.39143
-2.63968 0.39143
-2.63384 0.39143
-2.628 0.39143
-2.62216 0.39143
-2.61632 0.39143
-2.61048 0.39143
-2.60464 0.39143
-2.5988 0.39143
-2.59296 0.390814
-2.58712 0.390068
-2.58128 0.389277
-2.57544 0.388354
-2.5696 0.387429
-2.56376 0.386369
-2.55792 0.385178
-2.55208 0.383988
-2.54624 0.382753
-2.5404 0.381384
-2.53456 0.379928
-2.52872 0.378383
-2.52288 0.376839
-2.51704 0.375293
-2.5112 0.37366
-2.50536 0.372069
-2.49952 0.370303
-2.49368 0.368666
-2.48784 0.366943
-2.482 0.365354
-2.47616 0.363587
-2.47032 0.361644
-2.46448 0.359744
-2.45864 0.35771
-2.4528 0.35572
-2.44696 0.353686
-2.44112 0.351518
-2.43528 0.349351
-2.42944 0.347185
-2.4236 0.345019
-2.41776 0.342853
-2.41192 0.340644
-2.40608 0.338433
-2.40024 0.336269
-2.3944 0.33406
-2.38856 0.331849
-2.38272 0.32989
-2.37688 0.327758
-2.37104 0.326295
-2.3652 0.32408
-2.35936 0.322279
-2.35352 0.319978
-2.34768 0.318842
-2.34184 0.316578
-2.336 0.315023
-2.33016 0.313348
-2.32432 0.311629
-2.31848 0.310323
-2.31264 0.308602
-2.3068 0.307391
-2.30096 0.305625
-2.29512 0.304618
-2.28928 0.302783
-2.28344 0.301439
-2.2776 0.299803
-2.27176 0.298499
-2.26592 0.296206
-2.26008 0.294738
-2.25424 0.2939
-2.2484 0.29356
-2.24256 0.291679
-2.23672 0.290706
-2.23088 0.2876
-2.22504 0.288136
-2.2192 0.285618
-2.21336 0.285944
-2.20752 0.283635
-2.20168 0.281117
-2.19584 0.279727
-2.19 0.27888
-2.18416 0.277813
-2.17832 0.275977
-2.17248 0.275515
-2.16664 0.274883
-2.1608 0.273538
-2.15496 0.272812
-2.14912 0.271515
-2.14328 0.26836
-2.13744 0.267854
-2.1316 0.266674
-2.12576 0.266415
-2.11992 0.264779
-2.11408 0.263596
-2.10824 0.26103
-2.1024 0.260352
-2.09656 0.259834
-2.09072 0.25883
-2.08488 0.258409
-2.07904 0.256473
-2.0732 0.255086
-2.06736 0.254038
-2.06152 0.251389
-2.05568 0.250218
-2.04984 0.251275
-2.044 0.249916
-2.03816 0.249924
-2.03232 0.24882
-2.02648 0.246723
-2.02064 0.247078
-2.0148 0.24452
-2.00896 0.243719
-2.00312 0.242879
-1.99728 0.242166
-1.99144 0.240934
-1.9856 0.240613
-1.97976 0.236916
-1.97392 0.235826
-1.96808 0.237413
-1.96224 0.233168
-1.9564 0.235121
-1.95056 0.230985
-1.94472 0.232389
-1.93888 0.22561
-1.93304 0.223851
-1.9272 0.220473
-1.92136 0.221751
-1.91552 0.218211
-1.90968 0.212369
-1.90384 0.212538
-1.898 0.209468
-1.89216 0.207545
-1.88632 0.205167
-1.88048 0.202367
-1.87464 0.197681
-1.8688 0.197028
-1.86296 0.192695
-1.85712 0.19078
-1.85128 0.187285
-1.84544 0.184108
-1.8396 0.181328
-1.83376 0.177166
-1.82792 0.175322
-1.82208 0.172143
-1.81624 0.169299
-1.8104 0.165115
-1.80456 0.162671
-1.79872 0.160381
-1.79288 0.157544
-1.78704 0.150496
-1.7812 0.149411
-1.77536 0.145951
-1.76952 0.14331
-1.76368 0.141163
-1.75784 0.136307
-1.752 0.132375
-1.74616 0.12687
-1.74032 0.12655
-1.73448 0.122286
-1.72864 0.118049
-1.7228 0.117042
-1.71696 0.113644
-1.71112 0.110122
-1.70528 0.104642
-1.69944 0.104074
-1.6936 0.0994587
-1.68776 0.0970947
-1.68192 0.0941451
-1.67608 0.0908494
-1.67024 0.0900025
-1.6644 0.0870409
-1.65856 0.0852674
-1.65272 0.0859726
-1.64688 0.0820315
-1.64104 0.0806888
-1.6352 0.0806441
-1.62936 0.0801305
-1.62352 0.0808629
-1.61768 0.0798401
-1.61184 0.0812065
-1.606 0.0807535
-1.60016 0.0795715
-1.59432 0.0782332
-1.58848 0.0811071
-1.58264 0.0820675
-1.5768 0.0793395
-1.57096 0.0806156
-1.56512 0.0809979
-1.55928 0.0790259
-1.55344 0.0809005
-1.5476 0.0785209
-1.54176 0.0782965
-1.53592 0.0794481
-1.53008 0.0817753
-1.52424 0.0820002
-1.5184 0.0775323
-1.51256 0.0796108
-1.50672 0.0785505
-1.50088 0.0808444
-1.49504 0.0792287
-1.4892 0.0794395
-1.48336 0.0825934
-1.47752 0.083385
-1.47168 0.0826673
-1.46584 0.0846243
-1.46 0.0868493
-1.45416 0.0880883
-1.44832 0.0872444
-1.44248 0.0895622
-1.43664 0.0902401
-1.4308 0.0924726
-1.42496 0.0947071
-1.41912 0.0965183
-1.41328 0.0985291
-1.40744 0.101081
-1.4016 0.106169
-1.39576 0.107021
-1.38992 0.106645
-1.38408 0.109869
-1.37824 0.11266
-1.3724 0.113101
-1.36656 0.117181
-1.36072 0.11803
-1.35488 0.116312
-1.34904 0.117165
-1.3432 0.121148
-1.33736 0.124213
-1.33152 0.125037
-1.32568 0.126925
-1.31984 0.129227
-1.314 0.129734
-1.30816 0.133862
-1.30232 0.13566
-1.29648 0.137104
-1.29064 0.1375
-1.2848 0.140009
-1.27896 0.141212
-1.27312 0.146868
-1.26728 0.150848
-1.26144 0.153405
-1.2556 0.154629
-1.24976 0.158187
-1.24392 0.163505
-1.23808 0.166784
-1.23224 0.169482
-1.2264 0.171832
-1.22056 0.171446
-1.21472 0.176549
-1.20888 0.179344
-1.20304 0.181259
-1.1972 0.18123
-1.19136 0.184308
-1.18552 0.186942
-1.17968 0.189308
-1.17384 0.19467
-1.168 0.194553
-1.16216 0.197151
-1.15632 0.198229
-1.15048 0.201143
-1.14464 0.202742
-1.1388 0.201929
-1.13296 0.205301
-1.12712 0.20536
-1.12128 0.210125
-1.11544 0.210894
-1.1096 0.212495
-1.10376 0.215857
-1.09792 0.217175
-1.09208 0.221984
-1.08624 0.223675
-1.0804 0.221532
-1.07456 0.223478
-1.06872 0.226077
-1.06288 0.230009
-1.05704 0.230239
-1.0512 0.236524
-1.04536 0.238309
-1.03952 0.243199
-1.03368 0.243672
-1.02784 0.24674
-1.022 0.249435
-1.01616 0.253116
-1.01032 0.253336
-1.00448 0.258472
-0.99864 0.259266
-0.9928 0.261859
-0.98696 0.263407
-0.98112 0.26616
-0.97528 0.266335
-0.96944 0.268561
-0.9636 0.272071
-0.95776 0.274466
-0.95192 0.275478
-0.94608 0.277329
-0.94024 0.27925
-0.9344 0.2799
-0.92856 0.283067
-0.92272 0.283024
-0.91688 0.282354
-0.91104 0.284176
-0.9052 0.28631
-0.89936 0.288411
-0.89352 0.289844
-0.88768 0.290383
-0.88184 0.293072
-0.876 0.292682
-0.87016 0.295697
-0.86432 0.296263
-0.85848 0.296978
-0.85264 0.298993
-0.8468 0.300038
-0.84096 0.301678
-0.83512 0.303889
-0.82928 0.307722
-0.82344 0.308679
-0.8176 0.310198
-0.81176 0.311524
-0.80592 0.315258
-0.80008 0.31668
-0.79424 0.318132
-0.7884 0.319175
-0.78256 0.317645
-0.77672 0.32036
-0.77088 0.319289
-0.76504 0.319149
-0.7592 0.318707
-0.75336 0.318272
-0.74752 0.318883
-0.74168 0.319696
-0.73584 0.319555
-0.73 0.31919
-0.72416 0.319801
-0.71832 0.31864
-0.71248 0.319203
-0.70664 0.319814
-0.7008 0.318738
-0.69496 0.318118
-0.68912 0.316902
-0.68328 0.31855
-0.67744 0.318055
-0.6716 0.319232
-0.66576 0.318394
-0.65992 0.319869
-0.65408 0.320065
-0.64824 0.321066
-0.6424 0.320276
-0.63656 0.321316
-0.63072 0.322184
-0.62488 0.323048
-0.61904 0.323872
-0.6132 0.325653
-0.60736 0.326009
-0.60152 0.325564
-0.59568 0.325564
-0.58984 0.325564
-0.584 0.325564
-0.57816 0.325564
-0.57232 0.325564
-0.56648 0.325564
-0.56064 0.325564
-0.5548 0.325564
-0.54896 0.325564
-0.54312 0.325564
-0.53728 0.325564
-0.53144 0.325564
-0.5256 0.325564
-0.51976 0.325564
-0.51392 0.325564
-0.50808 0.325564
-0.50224 0.325564
-0.4964 0.325564
-0.49056 0.325564
-0.48472 0.325564
-0.47888 0.325564
-0.47304 0.325564
-0.4672 0.325564
-0.46136 0.325564
-0.45552 0.325564
-0.44968 0.325564
-0.44384 0.325564
-0.438 0.325564
-0.43216 0.325564
-0.42632 0.325564
-0.42048 0.325564
-0.41464 0.325564
-0.4088 0.325564
-0.40296 0.325564
-0.39712 0.325564
-0.39128 0.325564
-0.38544 0.325564
-0.3796 0.325564
-0.37376 0.325564
-0.36792 0.325564
-0.36208 0.325564
-0.35624 0.325564
-0.3504 0.325564
-0.34456 0.325564
-0.33872 0.325564
-0.33288 0.325564
-0.32704 0.325564
-0.3212 0.325564
-0.31536 0.325564
-0.30952 0.325564
-0.30368 0.325564
-0.29784 0.325564
-0.292 0.325564
-0.28616 0.325564
-0.28032 0.325564
-0.27448 0.325564
-0.26864 0.325564
-0.2628 0.325564
-0.25696 0.325564
-0.25112 0.325564
-0.24528 0.325564
-0.23944 0.325564
-0.2336 0.325564
-0.22776 0.325564
-0.22192 0.325564
-0.21608 0.325564
-0.21024 0.325564
-0.2044 0.325564
-0.19856 0.325564
-0.19272 0.325564
-0.18688 0.325564
-0.18104 0.325564
-0.1752 0.325564
-0.16936 0.325564
-0.16352 0.325564
-0.15768 0.325564
-0.15184 0.325564
-0.146 0.325564
-0.14016 0.325564
-0.13432 0.325564
-0.12848 0.325564
-0.12264 0.325564
-0.1168 0.325564
-0.11096 0.325564
-0.10512 0.325564
-0.09928 0.325564
-0.09344 0.325564
-0.0876 0.325564
-0.08176 0.325564
-0.07592 0.325564
-0.07008 0.325564
-0.06424 0.325564
-0.0584 0.325564
-0.05256 0.325564
-0.04672 0.325564
-0.04088 0.325564
-0.03504 0.325564
-0.0292 0.325564
-0.02336 0.325564
-0.01752 0.325564
-0.01168 0.325564
-0.00584 0.325564
