-2.92 0.4145
-2.91416 0.4145
-2.90832 0.4145
-2.90248 0.4145
-2.89664 0.4145
-2.8908 0.4145
-2.88496 0.4145
-2.87912 0.4145
-2.87328 0.4145
-2.86744 0.4145
-2.8616 0.4145
-2.85576 0.4145
-2.84992 0.4145
-2.84408 0.4145
-2.83824 0.4145
-2.8324 0.4145
-2.82656 0.4145
-2.82072 0.4145
-2.81488 0.4145
-2.80904 0.4145
-2.8032 0.4145
-2.79736 0.4145
-2.79152 0.4145
-2.78568 0.4145
-2.77984 0.4145
-2.774 0.4145
-2.76816 0.4145
-2.76232 0.4145
-2.75648 0.4145
-2.75064 0.4145
-2.7448 0.4145
-2.73896 0.4145
-2.73312 0.4145
-2.72728 0.4145
-2.72144 0.4145
-2.7156 0.4145
-2.70976 0.4145
-2.70392 0.4145
-2.69808 0.4145
-2.69224 0.4145
-2.6864 0.4145
-2.68056 0.4145
-2.67472 0.4145
-2.66888 0.4145
-2.66304 0.4145
-2.6572 0.4145
-2.65136 0.4145
-2.64552 0.4145
-2.63968 0.4145
-2.63384 0.4145
-2.628 0.4145
-2.62216 0.4145
-2.61632 0.4145
-2.61048 0.4145
-2.60464 0.4145
-2.5988 0.4145
-2.59296 0.413925
-2.58712 0.413219
-2.58128 0.412424
-2.57544 0.411583
-2.5696 0.410742
-2.56376 0.409768
-2.55792 0.408663
-2.55208 0.407513
-2.54624 0.406363
-2.5404 0.405038
-2.53456 0.403669
-2.52872 0.402297
-2.52288 0.400882
-2.51704 0.399467
-2.5112 0.397964
-2.50536 0.396415
-2.49952 0.394737
-2.49368 0.393059
-2.48784 0.391338
-2.482 0.389832
-2.47616 0.387889
-2.47032 0.385901
-2.46448 0.383823
-2.45864 0.381788
-2.4528 0.379752
-2.44696 0.377674
-2.44112 0.375552
-2.43528 0.373474
-2.42944 0.371395
-2.4236 0.369273
-2.41776 0.36715
-2.41192 0.365029
-2.40608 0.362861
-2.40024 0.360606
-2.3944 0.358222
-2.38856 0.355837
-2.38272 0.353704
-2.37688 0.3514
-2.37104 0.349052
-2.3652 0.347123
-2.35936 0.344563
-2.35352 0.342844
-2.34768 0.340496
-2.34184 0.339059
-2.336 0.336581
-2.33016 0.334976
-2.32432 0.333241
-2.31848 0.331304
-2.31264 0.329314
-2.3068 0.328051
-2.30096 0.326697
-2.29512 0.325091
-2.28928 0.322983
-2.28344 0.321634
-2.2776 0.32036
-2.27176 0.318336
-2.26592 0.317534
-2.26008 0.316348
-2.25424 0.315456
-2.2484 0.312961
-2.24256 0.311019
-2.23672 0.309206
-2.23088 0.307597
-2.22504 0.307001
-2.2192 0.306228
-2.21336 0.30323
-2.20752 0.301293
-2.20168 0.299387
-2.19584 0.296268
-2.19 0.296541
-2.18416 0.295609
-2.17832 0.293531
-2.17248 0.29271
-2.16664 0.290893
-2.1608 0.288735
-2.15496 0.288638
-2.14912 0.285804
-2.14328 0.285832
-2.13744 0.283348
-2.1316 0.283325
-2.12576 0.280288
-2.11992 0.280147
-2.11408 0.279048
-2.10824 0.27807
-2.1024 0.272672
-2.09656 0.271483
-2.09072 0.270895
-2.08488 0.271548
-2.07904 0.270626
-2.0732 0.268387
-2.06736 0.267025
-2.06152 0.265625
-2.05568 0.26327
-2.04984 0.263512
-2.044 0.26175
-2.03816 0.259515
-2.03232 0.258203
-2.02648 0.25856
-2.02064 0.256755
-2.0148 0.256904
-2.00896 0.253333
-2.00312 0.255056
-1.99728 0.252933
-1.99144 0.252805
-1.9856 0.249638
-1.97976 0.249251
-1.97392 0.248243
-1.96808 0.246964
-1.96224 0.248081
-1.9564 0.242326
-1.95056 0.240251
-1.94472 0.239108
-1.93888 0.233863
-1.93304 0.231804
-1.9272 0.231254
-1.92136 0.229782
-1.91552 0.226742
-1.90968 0.225124
-1.90384 0.222457
-1.898 0.215411
-1.89216 0.2168
-1.88632 0.210113
-1.88048 0.210017
-1.87464 0.204272
-1.8688 0.204078
-1.86296 0.197586
-1.85712 0.195232
-1.85128 0.195155
-1.84544 0.188316
-1.8396 0.183813
-1.83376 0.182928
-1.82792 0.180541
-1.82208 0.176067
-1.81624 0.173235
-1.8104 0.169178
-1.80456 0.170419
-1.79872 0.163249
-1.79288 0.161157
-1.78704 0.156227
-1.7812 0.148936
-1.77536 0.148152
-1.76952 0.144606
-1.76368 0.140421
-1.75784 0.138627
-1.752 0.137174
-1.74616 0.131292
-1.74032 0.127755
-1.73448 0.1256
-1.72864 0.122118
-1.7228 0.117413
-1.71696 0.115935
-1.71112 0.110857
-1.70528 0.108126
-1.69944 0.106693
-1.6936 0.104762
-1.68776 0.101537
-1.68192 0.0957957
-1.67608 0.0922541
-1.67024 0.0902051
-1.6644 0.090639
-1.65856 0.0875815
-1.65272 0.0862163
-1.64688 0.0862734
-1.64104 0.0843178
-1.6352 0.0859043
-1.62936 0.0847215
-1.62352 0.0846133
-1.61768 0.0845019
-1.61184 0.0844875
-1.606 0.0839556
-1.60016 0.081526
-1.59432 0.0849217
-1.58848 0.083271
-1.58264 0.0832844
-1.5768 0.0808061
-1.57096 0.0828311
-1.56512 0.0855242
-1.55928 0.0821498
-1.55344 0.0823838
-1.5476 0.0854218
-1.54176 0.0844142
-1.53592 0.0831287
-1.53008 0.0851563
-1.52424 0.0850005
-1.5184 0.0818037
-1.51256 0.0829017
-1.50672 0.0840435
-1.50088 0.0835974
-1.49504 0.0817273
-1.4892 0.0849771
-1.48336 0.0870486
-1.47752 0.0865075
-1.47168 0.0848419
-1.46584 0.0856484
-1.46 0.0885267
-1.45416 0.0889745
-1.44832 0.0908746
-1.44248 0.0911457
-1.43664 0.0927665
-1.4308 0.0941361
-1.42496 0.098327
-1.41912 0.0987549
-1.41328 0.101173
-1.40744 0.103168
-1.4016 0.106691
-1.39576 0.108955
-1.38992 0.109187
-1.38408 0.113384
-1.37824 0.113859
-1.3724 0.117355
-1.36656 0.117969
-1.36072 0.120975
-1.35488 0.119698
-1.34904 0.120818
-1.3432 0.125229
-1.33736 0.128037
-1.33152 0.127968
-1.32568 0.131214
-1.31984 0.133215
-1.314 0.134374
-1.30816 0.139006
-1.30232 0.138955
-1.29648 0.140888
-1.29064 0.142107
-1.2848 0.147229
-1.27896 0.148714
-1.27312 0.151389
-1.26728 0.154494
-1.26144 0.160667
-1.2556 0.161251
-1.24976 0.163675
-1.24392 0.167357
-1.23808 0.173101
-1.23224 0.172537
-1.2264 0.176502
-1.22056 0.179735
-1.21472 0.180852
-1.20888 0.181238
-1.20304 0.187997
-1.1972 0.189661
-1.19136 0.191183
-1.18552 0.192962
-1.17968 0.196663
-1.17384 0.199
-1.168 0.200644
-1.16216 0.20221
-1.15632 0.206424
-1.15048 0.20753
-1.14464 0.209026
-1.1388 0.206723
-1.13296 0.208085
-1.12712 0.214299
-1.12128 0.21475
-1.11544 0.217756
-1.1096 0.220304
-1.10376 0.222504
-1.09792 0.22254
-1.09208 0.228791
-1.08624 0.229432
-1.0804 0.228706
-1.07456 0.229722
-1.06872 0.234294
-1.06288 0.235449
-1.05704 0.23523
-1.0512 0.240987
-1.04536 0.245925
-1.03952 0.248565
-1.03368 0.249013
-1.02784 0.251467
-1.022 0.255247
-1.01616 0.258793
-1.01032 0.261204
-1.00448 0.263398
-0.99864 0.2653
-0.9928 0.267168
-0.98696 0.27007
-0.98112 0.270453
-0.97528 0.274295
-0.96944 0.274471
-0.9636 0.278482
-0.95776 0.281063
-0.95192 0.281195
-0.94608 0.284754
-0.94024 0.285926
-0.9344 0.288039
-0.92856 0.288755
-0.92272 0.290956
-0.91688 0.287899
-0.91104 0.290337
-0.9052 0.293206
-0.89936 0.295478
-0.89352 0.29548
-0.88768 0.297756
-0.88184 0.300034
-0.876 0.300951
-0.87016 0.305384
-0.86432 0.303096
-0.85848 0.305171
-0.85264 0.306209
-0.8468 0.309192
-0.84096 0.309924
-0.83512 0.3116
-0.82928 0.315279
-0.82344 0.3178
-0.8176 0.319636
-0.81176 0.320653
-0.80592 0.322908
-0.80008 0.325693
-0.79424 0.327561
-0.7884 0.327813
-0.78256 0.328351
-0.77672 0.327795
-0.77088 0.327241
-0.76504 0.329074
-0.7592 0.328475
-0.75336 0.328496
-0.74752 0.328867
-0.74168 0.330186
-0.73584 0.329291
-0.73 0.328249
-0.72416 0.329412
-0.71832 0.330521
-0.71248 0.329737
-0.70664 0.329909
-0.7008 0.3264
-0.69496 0.326971
-0.68912 0.327638
-0.68328 0.327604
-0.67744 0.327526
-0.6716 0.328197
-0.66576 0.327817
-0.65992 0.328653
-0.65408 0.328854
-0.64824 0.330063
-0.6424 0.329098
-0.63656 0.330051
-0.63072 0.330967
-0.62488 0.331875
-0.61904 0.332655
-0.6132 0.33419
-0.60736 0.334665
-0.60152 0.334388
-0.59568 0.334388
-0.58984 0.334388
-0.584 0.334388
-0.57816 0.334388
-0.57232 0.334388
-0.56648 0.334388
-0.56064 0.334388
-0.5548 0.334388
-0.54896 0.334388
-0.54312 0.334388
-0.53728 0.334388
-0.53144 0.334388
-0.5256 0.334388
-0.51976 0.334388
-0.51392 0.334388
-0.50808 0.334388
-0.50224 0.334388
-0.4964 0.334388
-0.49056 0.334388
-0.48472 0.334388
-0.47888 0.334388
-0.47304 0.334388
-0.4672 0.334388
-0.46136 0.334388
-0.45552 0.334388
-0.44968 0.334388
-0.44384 0.334388
-0.438 0.334388
-0.43216 0.334388
-0.42632 0.334388
-0.42048 0.334388
-0.41464 0.334388
-0.4088 0.334388
-0.40296 0.334388
-0.39712 0.334388
-0.39128 0.334388
-0.38544 0.334388
-0.3796 0.334388
-0.37376 0.334388
-0.36792 0.334388
-0.36208 0.334388
-0.35624 0.334388
-0.3504 0.334388
-0.34456 0.334388
-0.33872 0.334388
-0.33288 0.334388
-0.32704 0.334388
-0.3212 0.334388
-0.31536 0.334388
-0.30952 0.334388
-0.30368 0.334388
-0.29784 0.334388
-0.292 0.334388
-0.28616 0.334388
-0.28032 0.334388
-0.27448 0.334388
-0.26864 0.334388
-0.2628 0.334388
-0.25696 0.334388
-0.25112 0.334388
-0.24528 0.334388
-0.23944 0.334388
-0.2336 0.334388
-0.22776 0.334388
-0.22192 0.334388
-0.21608 0.334388
-0.21024 0.334388
-0.2044 0.334388
-0.19856 0.334388
-0.19272 0.334388
-0.18688 0.334388
-0.18104 0.334388
-0.1752 0.334388
-0.16936 0.334388
-0.16352 0.334388
-0.15768 0.334388
-0.15184 0.334388
-0.146 0.334388
-0.14016 0.334388
-0.13432 0.334388
-0.12848 0.334388
-0.12264 0.334388
-0.1168 0.334388
-0.11096 0.334388
-0.10512 0.334388
-0.09928 0.334388
-0.09344 0.334388
-0.0876 0.334388
-0.08176 0.334388
-0.07592 0.334388
-0.07008 0.334388
-0.06424 0.334388
-0.0584 0.334388
-0.05256 0.334388
-0.04672 0.334388
-0.04088 0.334388
-0.03504 0.334388
-0.0292 0.334388
-0.02336 0.334388
-0.01752 0.334388
-0.01168 0.334388
-0.00584 0.334388
