-2.92 0.51867
-2.91416 0.51867
-2.90832 0.51867
-2.90248 0.51867
-2.89664 0.51867
-2.8908 0.51867
-2.88496 0.51867
-2.87912 0.51867
-2.87328 0.51867
-2.86744 0.51867
-2.8616 0.51867
-2.85576 0.51867
-2.84992 0.51867
-2.84408 0.51867
-2.83824 0.51867
-2.8324 0.51867
-2.82656 0.51867
-2.82072 0.51867
-2.81488 0.51867
-2.80904 0.51867
-2.8032 0.51867
-2.79736 0.51867
-2.79152 0.51867
-2.78568 0.51867
-2.77984 0.51867
-2.774 0.51867
-2.76816 0.51867
-2.76232 0.51867
-2.75648 0.51867
-2.75064 0.51867
-2.7448 0.51867
-2.73896 0.51867
-2.73312 0.51867
-2.72728 0.51867
-2.72144 0.51867
-2.7156 0.51867
-2.70976 0.51867
-2.70392 0.51867
-2.69808 0.51867
-2.69224 0.51867
-2.6864 0.51867
-2.68056 0.51867
-2.67472 0.51867
-2.66888 0.51867
-2.66304 0.51867
-2.6572 0.51867
-2.65136 0.51867
-2.64552 0.51867
-2.63968 0.51867
-2.63384 0.51867
-2.628 0.51867
-2.62216 0.51867
-2.61632 0.51867
-2.61048 0.51867
-2.60464 0.51867
-2.5988 0.51867
-2.59296 0.518098
-2.58712 0.517307
-2.58128 0.516428
-2.57544 0.515463
-2.5696 0.514232
-2.56376 0.512825
-2.55792 0.511286
-2.55208 0.509704
-2.54624 0.507992
-2.5404 0.506235
-2.53456 0.504346
-2.52872 0.502413
-2.52288 0.500435
-2.51704 0.498372
-2.5112 0.496176
-2.50536 0.49402
-2.49952 0.491733
-2.49368 0.489535
-2.48784 0.487381
-2.482 0.48536
-2.47616 0.48303
-2.47032 0.480657
-2.46448 0.478239
-2.45864 0.475777
-2.4528 0.473228
-2.44696 0.470678
-2.44112 0.468083
-2.43528 0.465486
-2.42944 0.46289
-2.4236 0.460249
-2.41776 0.45761
-2.41192 0.454925
-2.40608 0.452198
-2.40024 0.449511
-2.3944 0.446604
-2.38856 0.444115
-2.38272 0.441044
-2.37688 0.438052
-2.37104 0.435268
-2.3652 0.432442
-2.35936 0.429437
-2.35352 0.426771
-2.34768 0.423523
-2.34184 0.421229
-2.336 0.417345
-2.33016 0.415054
-2.32432 0.411717
-2.31848 0.408291
-2.31264 0.405657
-2.3068 0.402067
-2.30096 0.399601
-2.29512 0.396169
-2.28928 0.393074
-2.28344 0.390053
-2.2776 0.386779
-2.27176 0.38254
-2.26592 0.379154
-2.26008 0.376769
-2.25424 0.373449
-2.2484 0.369765
-2.24256 0.366027
-2.23672 0.363295
-2.23088 0.359516
-2.22504 0.355148
-2.2192 0.351168
-2.21336 0.348814
-2.20752 0.346213
-2.20168 0.342311
-2.19584 0.339623
-2.19 0.337068
-2.18416 0.334005
-2.17832 0.331618
-2.17248 0.328925
-2.16664 0.326244
-2.1608 0.323683
-2.15496 0.321756
-2.14912 0.32038
-2.14328 0.318113
-2.13744 0.31586
-2.1316 0.313496
-2.12576 0.312079
-2.11992 0.311497
-2.11408 0.308107
-2.10824 0.305839
-2.1024 0.305803
-2.09656 0.302995
-2.09072 0.301652
-2.08488 0.297752
-2.07904 0.297774
-2.0732 0.294619
-2.06736 0.292858
-2.06152 0.293203
-2.05568 0.293052
-2.04984 0.290208
-2.044 0.291009
-2.03816 0.287467
-2.03232 0.287852
-2.02648 0.285173
-2.02064 0.285729
-2.0148 0.283
-2.00896 0.281532
-2.00312 0.280519
-1.99728 0.28073
-1.99144 0.277546
-1.9856 0.277633
-1.97976 0.277812
-1.97392 0.275369
-1.96808 0.274233
-1.96224 0.271705
-1.9564 0.268628
-1.95056 0.268926
-1.94472 0.26751
-1.93888 0.260984
-1.93304 0.261754
-1.9272 0.256307
-1.92136 0.25691
-1.91552 0.254563
-1.90968 0.249965
-1.90384 0.246638
-1.898 0.240719
-1.89216 0.240891
-1.88632 0.23847
-1.88048 0.233126
-1.87464 0.230431
-1.8688 0.227418
-1.86296 0.222458
-1.85712 0.217009
-1.85128 0.218416
-1.84544 0.216141
-1.8396 0.207228
-1.83376 0.205055
-1.82792 0.202471
-1.82208 0.200317
-1.81624 0.195957
-1.8104 0.192179
-1.80456 0.189775
-1.79872 0.184443
-1.79288 0.181727
-1.78704 0.176498
-1.7812 0.174042
-1.77536 0.169333
-1.76952 0.163616
-1.76368 0.161422
-1.75784 0.158972
-1.752 0.155979
-1.74616 0.149251
-1.74032 0.146649
-1.73448 0.143741
-1.72864 0.140432
-1.7228 0.13522
-1.71696 0.133054
-1.71112 0.129649
-1.70528 0.126444
-1.69944 0.120896
-1.6936 0.118987
-1.68776 0.115082
-1.68192 0.112088
-1.67608 0.111176
-1.67024 0.109335
-1.6644 0.107574
-1.65856 0.101512
-1.65272 0.103923
-1.64688 0.101352
-1.64104 0.100455
-1.6352 0.101113
-1.62936 0.0983709
-1.62352 0.0989135
-1.61768 0.100417
-1.61184 0.0979189
-1.606 0.0985683
-1.60016 0.0977045
-1.59432 0.100443
-1.58848 0.0974972
-1.58264 0.10133
-1.5768 0.0994057
-1.57096 0.100127
-1.56512 0.10067
-1.55928 0.101297
-1.55344 0.101971
-1.5476 0.102446
-1.54176 0.102618
-1.53592 0.103602
-1.53008 0.103973
-1.52424 0.104952
-1.5184 0.102416
-1.51256 0.104938
-1.50672 0.107416
-1.50088 0.105079
-1.49504 0.105895
-1.4892 0.109559
-1.48336 0.108959
-1.47752 0.109273
-1.47168 0.111923
-1.46584 0.113213
-1.46 0.115703
-1.45416 0.117806
-1.44832 0.118529
-1.44248 0.118968
-1.43664 0.119342
-1.4308 0.12122
-1.42496 0.119896
-1.41912 0.125196
-1.41328 0.126441
-1.40744 0.130515
-1.4016 0.130695
-1.39576 0.13589
-1.38992 0.135512
-1.38408 0.138897
-1.37824 0.141555
-1.3724 0.144688
-1.36656 0.148241
-1.36072 0.148481
-1.35488 0.151442
-1.34904 0.149701
-1.3432 0.15546
-1.33736 0.157014
-1.33152 0.15825
-1.32568 0.163731
-1.31984 0.163408
-1.314 0.167322
-1.30816 0.170794
-1.30232 0.166925
-1.29648 0.17292
-1.29064 0.177203
-1.2848 0.176311
-1.27896 0.179005
-1.27312 0.181567
-1.26728 0.187493
-1.26144 0.190452
-1.2556 0.192607
-1.24976 0.196958
-1.24392 0.197807
-1.23808 0.203695
-1.23224 0.203232
-1.2264 0.208933
-1.22056 0.208821
-1.21472 0.213161
-1.20888 0.21535
-1.20304 0.217038
-1.1972 0.221648
-1.19136 0.223174
-1.18552 0.224203
-1.17968 0.228085
-1.17384 0.229724
-1.168 0.232316
-1.16216 0.236133
-1.15632 0.239272
-1.15048 0.23886
-1.14464 0.242516
-1.1388 0.242599
-1.13296 0.242784
-1.12712 0.245997
-1.12128 0.250064
-1.11544 0.250112
-1.1096 0.252992
-1.10376 0.255551
-1.09792 0.258591
-1.09208 0.259407
-1.08624 0.261731
-1.0804 0.262245
-1.07456 0.263767
-1.06872 0.265615
-1.06288 0.270149
-1.05704 0.271181
-1.0512 0.276866
-1.04536 0.278187
-1.03952 0.28062
-1.03368 0.282767
-1.02784 0.285269
-1.022 0.290122
-1.01616 0.29199
-1.01032 0.293851
-1.00448 0.297944
-0.99864 0.297418
-0.9928 0.302189
-0.98696 0.301222
-0.98112 0.304638
-0.97528 0.307346
-0.96944 0.308596
-0.9636 0.310292
-0.95776 0.314466
-0.95192 0.31579
-0.94608 0.31921
-0.94024 0.319235
-0.9344 0.322235
-0.92856 0.324003
-0.92272 0.324289
-0.91688 0.325522
-0.91104 0.325276
-0.9052 0.32907
-0.89936 0.330047
-0.89352 0.330479
-0.88768 0.333866
-0.88184 0.337104
-0.876 0.336669
-0.87016 0.341248
-0.86432 0.338802
-0.85848 0.342293
-0.85264 0.34417
-0.8468 0.344589
-0.84096 0.346735
-0.83512 0.347882
-0.82928 0.353039
-0.82344 0.355075
-0.8176 0.356381
-0.81176 0.357592
-0.80592 0.360623
-0.80008 0.363341
-0.79424 0.364596
-0.7884 0.367625
-0.78256 0.367291
-0.77672 0.367245
-0.77088 0.36913
-0.76504 0.367361
-0.7592 0.370451
-0.75336 0.370857
-0.74752 0.370532
-0.74168 0.370117
-0.73584 0.37149
-0.73 0.371944
-0.72416 0.37333
-0.71832 0.37369
-0.71248 0.37296
-0.70664 0.37508
-0.7008 0.372306
-0.69496 0.373208
-0.68912 0.372941
-0.68328 0.374175
-0.67744 0.373432
-0.6716 0.375123
-0.66576 0.374169
-0.65992 0.375478
-0.65408 0.377146
-0.64824 0.377193
-0.6424 0.376616
-0.63656 0.377952
-0.63072 0.378873
-0.62488 0.37983
-0.61904 0.380783
-0.6132 0.382656
-0.60736 0.383185
-0.60152 0.383037
-0.59568 0.383037
-0.58984 0.383037
-0.584 0.383037
-0.57816 0.383037
-0.57232 0.383037
-0.56648 0.383037
-0.56064 0.383037
-0.5548 0.383037
-0.54896 0.383037
-0.54312 0.383037
-0.53728 0.383037
-0.53144 0.383037
-0.5256 0.383037
-0.51976 0.383037
-0.51392 0.383037
-0.50808 0.383037
-0.50224 0.383037
-0.4964 0.383037
-0.49056 0.383037
-0.48472 0.383037
-0.47888 0.383037
-0.47304 0.383037
-0.4672 0.383037
-0.46136 0.383037
-0.45552 0.383037
-0.44968 0.383037
-0.44384 0.383037
-0.438 0.383037
-0.43216 0.383037
-0.42632 0.383037
-0.42048 0.383037
-0.41464 0.383037
-0.4088 0.383037
-0.40296 0.383037
-0.39712 0.383037
-0.39128 0.383037
-0.38544 0.383037
-0.3796 0.383037
-0.37376 0.383037
-0.36792 0.383037
-0.36208 0.383037
-0.35624 0.383037
-0.3504 0.383037
-0.34456 0.383037
-0.33872 0.383037
-0.33288 0.383037
-0.32704 0.383037
-0.3212 0.383037
-0.31536 0.383037
-0.30952 0.383037
-0.30368 0.383037
-0.29784 0.383037
-0.292 0.383037
-0.28616 0.383037
-0.28032 0.383037
-0.27448 0.383037
-0.26864 0.383037
-0.2628 0.383037
-0.25696 0.383037
-0.25112 0.383037
-0.24528 0.383037
-0.23944 0.383037
-0.2336 0.383037
-0.22776 0.383037
-0.22192 0.383037
-0.21608 0.383037
-0.21024 0.383037
-0.2044 0.383037
-0.19856 0.383037
-0.19272 0.383037
-0.18688 0.383037
-0.18104 0.383037
-0.1752 0.383037
-0.16936 0.383037
-0.16352 0.383037
-0.15768 0.383037
-0.15184 0.383037
-0.146 0.383037
-0.14016 0.383037
-0.13432 0.383037
-0.12848 0.383037
-0.12264 0.383037
-0.1168 0.383037
-0.11096 0.383037
-0.10512 0.383037
-0.09928 0.383037
-0.09344 0.383037
-0.0876 0.383037
-0.08176 0.383037
-0.07592 0.383037
-0.07008 0.383037
-0.06424 0.383037
-0.0584 0.383037
-0.05256 0.383037
-0.04672 0.383037
-0.04088 0.383037
-0.03504 0.383037
-0.0292 0.383037
-0.02336 0.383037
-0.01752 0.383037
-0.01168 0.383037
-0.00584 0.383037
