-2.92 0.209666
-2.91416 0.209666
-2.90832 0.209666
-2.90248 0.209666
-2.89664 0.209666
-2.8908 0.209666
-2.88496 0.209666
-2.87912 0.209666
-2.87328 0.209666
-2.86744 0.209666
-2.8616 0.209666
-2.85576 0.209666
-2.84992 0.209666
-2.84408 0.209666
-2.83824 0.209666
-2.8324 0.209666
-2.82656 0.209666
-2.82072 0.209666
-2.81488 0.209666
-2.80904 0.209666
-2.8032 0.209666
-2.79736 0.209666
-2.79152 0.209666
-2.78568 0.209666
-2.77984 0.209666
-2.774 0.209666
-2.76816 0.209666
-2.76232 0.209666
-2.75648 0.209666
-2.75064 0.209666
-2.7448 0.209666
-2.73896 0.209666
-2.73312 0.209666
-2.72728 0.209666
-2.72144 0.209666
-2.7156 0.209666
-2.70976 0.209666
-2.70392 0.209666
-2.69808 0.209666
-2.69224 0.209666
-2.6864 0.209666
-2.68056 0.209666
-2.67472 0.209666
-2.66888 0.209666
-2.66304 0.209666
-2.6572 0.209666
-2.65136 0.209666
-2.64552 0.209666
-2.63968 0.209666
-2.63384 0.209666
-2.628 0.209666
-2.62216 0.209666
-2.61632 0.209666
-2.61048 0.209666
-2.60464 0.209666
-2.5988 0.209666
-2.59296 0.209444
-2.58712 0.209043
-2.58128 0.208553
-2.57544 0.208021
-2.5696 0.207444
-2.56376 0.206824
-2.55792 0.206205
-2.55208 0.205584
-2.54624 0.204918
-2.5404 0.204252
-2.53456 0.203541
-2.52872 0.202786
-2.52288 0.202075
-2.51704 0.201233
-2.5112 0.200435
-2.50536 0.199548
-2.49952 0.198705
-2.49368 0.19782
-2.48784 0.196934
-2.482 0.196092
-2.47616 0.195027
-2.47032 0.193962
-2.46448 0.192854
-2.45864 0.191745
-2.4528 0.190637
-2.44696 0.189442
-2.44112 0.18829
-2.43528 0.187094
-2.42944 0.185899
-2.4236 0.184615
-2.41776 0.183331
-2.41192 0.182092
-2.40608 0.180851
-2.40024 0.179611
-2.3944 0.178327
-2.38856 0.17713
-2.38272 0.175846
-2.37688 0.174605
-2.37104 0.17332
-2.3652 0.172034
-2.35936 0.170706
-2.35352 0.16942
-2.34768 0.168093
-2.34184 0.166763
-2.336 0.165389
-2.33016 0.164104
-2.32432 0.162729
-2.31848 0.161353
-2.31264 0.159934
-2.3068 0.15856
-2.30096 0.157183
-2.29512 0.155806
-2.28928 0.154343
-2.28344 0.152922
-2.2776 0.151503
-2.27176 0.150218
-2.26592 0.148887
-2.26008 0.1476
-2.25424 0.146135
-2.2484 0.14467
-2.24256 0.143207
-2.23672 0.141698
-2.23088 0.14019
-2.22504 0.138725
-2.2192 0.137217
-2.21336 0.135709
-2.20752 0.134202
-2.20168 0.13265
-2.19584 0.131144
-2.19 0.129637
-2.18416 0.128128
-2.17832 0.126621
-2.17248 0.125158
-2.16664 0.123606
-2.1608 0.122099
-2.15496 0.120591
-2.14912 0.119083
-2.14328 0.117575
-2.13744 0.116024
-2.1316 0.114473
-2.12576 0.113051
-2.11992 0.111838
-2.11408 0.110839
-2.10824 0.109331
-2.1024 0.108881
-2.09656 0.107625
-2.09072 0.106624
-2.08488 0.105372
-2.07904 0.105389
-2.0732 0.104557
-2.06736 0.103643
-2.06152 0.10273
-2.05568 0.101903
-2.04984 0.102266
-2.044 0.101487
-2.03816 0.101127
-2.03232 0.100635
-2.02648 0.100104
-2.02064 0.0988486
-2.0148 0.0989502
-2.00896 0.0989711
-2.00312 0.0986943
-1.99728 0.0988811
-1.99144 0.0983952
-1.9856 0.0982444
-1.97976 0.0974163
-1.97392 0.0968884
-1.96808 0.0974585
-1.96224 0.0971
-1.9564 0.0963986
-1.95056 0.0950203
-1.94472 0.0970359
-1.93888 0.0953589
-1.93304 0.0931792
-1.9272 0.0935776
-1.92136 0.0925369
-1.91552 0.0893339
-1.90968 0.0889358
-1.90384 0.0857285
-1.898 0.0844403
-1.89216 0.0843372
-1.88632 0.0806823
-1.88048 0.0786086
-1.87464 0.0779975
-1.8688 0.0759819
-1.86296 0.0723138
-1.85712 0.07073
-1.85128 0.0691842
-1.84544 0.0663657
-1.8396 0.0647425
-1.83376 0.0623629
-1.82792 0.0598373
-1.82208 0.057848
-1.81624 0.0553708
-1.8104 0.0551475
-1.80456 0.0516977
-1.79872 0.0493959
-1.79288 0.0475147
-1.78704 0.0468255
-1.7812 0.0436753
-1.77536 0.042304
-1.76952 0.0405139
-1.76368 0.0385506
-1.75784 0.0363783
-1.752 0.034289
-1.74616 0.0317769
-1.74032 0.0314304
-1.73448 0.028543
-1.72864 0.0270481
-1.7228 0.0247108
-1.71696 0.0229231
-1.71112 0.021689
-1.70528 0.0203272
-1.69944 0.0185424
-1.6936 0.01669
-1.68776 0.0151924
-1.68192 0.013797
-1.67608 0.0127141
-1.67024 0.0121969
-1.6644 0.0118185
-1.65856 0.0113997
-1.65272 0.0119727
-1.64688 0.0122168
-1.64104 0.0133693
-1.6352 0.0148733
-1.62936 0.0162372
-1.62352 0.0174472
-1.61768 0.0177145
-1.61184 0.0201084
-1.606 0.0209041
-1.60016 0.0203807
-1.59432 0.0244876
-1.58848 0.0250049
-1.58264 0.0253962
-1.5768 0.0274865
-1.57096 0.0287084
-1.56512 0.0299169
-1.55928 0.0304094
-1.55344 0.0330865
-1.5476 0.0345439
-1.54176 0.0375347
-1.53592 0.038112
-1.53008 0.0390772
-1.52424 0.039076
-1.5184 0.0402926
-1.51256 0.0428208
-1.50672 0.0416745
-1.50088 0.0442852
-1.49504 0.0491001
-1.4892 0.0503614
-1.48336 0.0525522
-1.47752 0.0531842
-1.47168 0.0538658
-1.46584 0.0558064
-1.46 0.0591912
-1.45416 0.061226
-1.44832 0.0614983
-1.44248 0.0663138
-1.43664 0.0664107
-1.4308 0.0696272
-1.42496 0.0708852
-1.41912 0.0730802
-1.41328 0.0748139
-1.40744 0.0761847
-1.4016 0.0776511
-1.39576 0.0807872
-1.38992 0.0840883
-1.38408 0.080031
-1.37824 0.0839881
-1.3724 0.0863948
-1.36656 0.0881091
-1.36072 0.0903151
-1.35488 0.0913577
-1.34904 0.0932016
-1.3432 0.0958775
-1.33736 0.0994326
-1.33152 0.101405
-1.32568 0.106336
-1.31984 0.10698
-1.314 0.107754
-1.30816 0.109152
-1.30232 0.110671
-1.29648 0.111874
-1.29064 0.115068
-1.2848 0.116916
-1.27896 0.121527
-1.27312 0.124039
-1.26728 0.126773
-1.26144 0.127763
-1.2556 0.130582
-1.24976 0.132005
-1.24392 0.136414
-1.23808 0.136518
-1.23224 0.13874
-1.2264 0.140574
-1.22056 0.144017
-1.21472 0.144908
-1.20888 0.148172
-1.20304 0.148239
-1.1972 0.151947
-1.19136 0.156192
-1.18552 0.156629
-1.17968 0.159443
-1.17384 0.160707
-1.168 0.1611
-1.16216 0.160074
-1.15632 0.163697
-1.15048 0.166077
-1.14464 0.165808
-1.1388 0.169256
-1.13296 0.170953
-1.12712 0.173045
-1.12128 0.174026
-1.11544 0.179279
-1.1096 0.181328
-1.10376 0.183979
-1.09792 0.186075
-1.09208 0.187651
-1.08624 0.187052
-1.0804 0.187942
-1.07456 0.191301
-1.06872 0.190702
-1.06288 0.194893
-1.05704 0.200286
-1.0512 0.202715
-1.04536 0.204179
-1.03952 0.205678
-1.03368 0.206683
-1.02784 0.207965
-1.022 0.211659
-1.01616 0.213375
-1.01032 0.214709
-1.00448 0.219101
-0.99864 0.219064
-0.9928 0.222555
-0.98696 0.223483
-0.98112 0.225055
-0.97528 0.227144
-0.96944 0.228088
-0.9636 0.229653
-0.95776 0.232921
-0.95192 0.235593
-0.94608 0.232295
-0.94024 0.235198
-0.9344 0.23774
-0.92856 0.239335
-0.92272 0.240749
-0.91688 0.241909
-0.91104 0.244133
-0.9052 0.245929
-0.89936 0.249495
-0.89352 0.251133
-0.88768 0.254784
-0.88184 0.255143
-0.876 0.255232
-0.87016 0.25688
-0.86432 0.257002
-0.85848 0.258968
-0.85264 0.259832
-0.8468 0.262219
-0.84096 0.264881
-0.83512 0.266887
-0.82928 0.268718
-0.82344 0.269287
-0.8176 0.270817
-0.81176 0.270672
-0.80592 0.27398
-0.80008 0.273748
-0.79424 0.274608
-0.7884 0.276261
-0.78256 0.276946
-0.77672 0.277215
-0.77088 0.279208
-0.76504 0.278454
-0.7592 0.28109
-0.75336 0.281511
-0.74752 0.28181
-0.74168 0.28368
-0.73584 0.284903
-0.73 0.284066
-0.72416 0.283104
-0.71832 0.283983
-0.71248 0.284993
-0.70664 0.285495
-0.7008 0.286427
-0.69496 0.287239
-0.68912 0.288267
-0.68328 0.288685
-0.67744 0.289897
-0.6716 0.29141
-0.66576 0.292328
-0.65992 0.29299
-0.65408 0.294374
-0.64824 0.293445
-0.6424 0.294398
-0.63656 0.295349
-0.63072 0.296133
-0.62488 0.296823
-0.61904 0.298398
-0.6132 0.298663
-0.60736 0.298629
-0.60152 0.298509
-0.59568 0.298509
-0.58984 0.298509
-0.584 0.298509
-0.57816 0.298509
-0.57232 0.298509
-0.56648 0.298509
-0.56064 0.298509
-0.5548 0.298509
-0.54896 0.298509
-0.54312 0.298509
-0.53728 0.298509
-0.53144 0.298509
-0.5256 0.298509
-0.51976 0.298509
-0.51392 0.298509
-0.50808 0.298509
-0.50224 0.298509
-0.4964 0.298509
-0.49056 0.298509
-0.48472 0.298509
-0.47888 0.298509
-0.47304 0.298509
-0.4672 0.298509
-0.46136 0.298509
-0.45552 0.298509
-0.44968 0.298509
-0.44384 0.298509
-0.438 0.298509
-0.43216 0.298509
-0.42632 0.298509
-0.42048 0.298509
-0.41464 0.298509
-0.4088 0.298509
-0.40296 0.298509
-0.39712 0.298509
-0.39128 0.298509
-0.38544 0.298509
-0.3796 0.298509
-0.37376 0.298509
-0.36792 0.298509
-0.36208 0.298509
-0.35624 0.298509
-0.3504 0.298509
-0.34456 0.298509
-0.33872 0.298509
-0.33288 0.298509
-0.32704 0.298509
-0.3212 0.298509
-0.31536 0.298509
-0.30952 0.298509
-0.30368 0.298509
-0.29784 0.298509
-0.292 0.298509
-0.28616 0.298509
-0.28032 0.298509
-0.27448 0.298509
-0.26864 0.298509
-0.2628 0.298509
-0.25696 0.298509
-0.25112 0.298509
-0.24528 0.298509
-0.23944 0.298509
-0.2336 0.298509
-0.22776 0.298509
-0.22192 0.298509
-0.21608 0.298509
-0.21024 0.298509
-0.2044 0.298509
-0.19856 0.298509
-0.19272 0.298509
-0.18688 0.298509
-0.18104 0.298509
-0.1752 0.298509
-0.16936 0.298509
-0.16352 0.298509
-0.15768 0.298509
-0.15184 0.298509
-0.146 0.298509
-0.14016 0.298509
-0.13432 0.298509
-0.12848 0.298509
-0.12264 0.298509
-0.1168 0.298509
-0.11096 0.298509
-0.10512 0.298509
-0.09928 0.298509
-0.09344 0.298509
-0.0876 0.298509
-0.08176 0.298509
-0.07592 0.298509
-0.07008 0.298509
-0.06424 0.298509
-0.0584 0.298509
-0.05256 0.298509
-0.04672 0.298509
-0.04088 0.298509
-0.03504 0.298509
-0.0292 0.298509
-0.02336 0.298509
-0.01752 0.298509
-0.01168 0.298509
-0.00584 0.298509
