-2.92 0.188529
-2.91416 0.188529
-2.90832 0.188529
-2.90248 0.188529
-2.89664 0.188529
-2.8908 0.188529
-2.88496 0.188529
-2.87912 0.188529
-2.87328 0.188529
-2.86744 0.188529
-2.8616 0.188529
-2.85576 0.188529
-2.84992 0.188529
-2.84408 0.188529
-2.83824 0.188529
-2.8324 0.188529
-2.82656 0.188529
-2.82072 0.188529
-2.81488 0.188529
-2.80904 0.188529
-2.8032 0.188529
-2.79736 0.188529
-2.79152 0.188529
-2.78568 0.188529
-2.77984 0.188529
-2.774 0.188529
-2.76816 0.188529
-2.76232 0.188529
-2.75648 0.188529
-2.75064 0.188529
-2.7448 0.188529
-2.73896 0.188529
-2.73312 0.188529
-2.72728 0.188529
-2.72144 0.188529
-2.7156 0.188529
-2.70976 0.188529
-2.70392 0.188529
-2.69808 0.188529
-2.69224 0.188529
-2.6864 0.188529
-2.68056 0.188529
-2.67472 0.188529
-2.66888 0.188529
-2.66304 0.188529
-2.6572 0.188529
-2.65136 0.188529
-2.64552 0.188529
-2.63968 0.188529
-2.63384 0.188529
-2.628 0.188529
-2.62216 0.188529
-2.61632 0.188529
-2.61048 0.188529
-2.60464 0.188529
-2.5988 0.188529
-2.59296 0.188354
-2.58712 0.188136
-2.58128 0.187873
-2.57544 0.187522
-2.5696 0.187169
-2.56376 0.186771
-2.55792 0.186287
-2.55208 0.185757
-2.54624 0.185272
-2.5404 0.184699
-2.53456 0.184171
-2.52872 0.183555
-2.52288 0.182852
-2.51704 0.182103
-2.5112 0.181399
-2.50536 0.180693
-2.49952 0.179988
-2.49368 0.179196
-2.48784 0.178403
-2.482 0.177741
-2.47616 0.176816
-2.47032 0.175891
-2.46448 0.174922
-2.45864 0.173953
-2.4528 0.172983
-2.44696 0.172015
-2.44112 0.171003
-2.43528 0.16999
-2.42944 0.169065
-2.4236 0.168052
-2.41776 0.167083
-2.41192 0.16607
-2.40608 0.165058
-2.40024 0.164088
-2.3944 0.163074
-2.38856 0.162018
-2.38272 0.160961
-2.37688 0.159947
-2.37104 0.158802
-2.3652 0.157702
-2.35936 0.15647
-2.35352 0.155238
-2.34768 0.154006
-2.34184 0.152817
-2.336 0.151541
-2.33016 0.15031
-2.32432 0.149208
-2.31848 0.147975
-2.31264 0.146743
-2.3068 0.145511
-2.30096 0.144191
-2.29512 0.142915
-2.28928 0.141637
-2.28344 0.140317
-2.2776 0.138908
-2.27176 0.137545
-2.26592 0.136136
-2.26008 0.134903
-2.25424 0.133495
-2.2484 0.132086
-2.24256 0.130678
-2.23672 0.129313
-2.23088 0.127905
-2.22504 0.126541
-2.2192 0.125133
-2.21336 0.123769
-2.20752 0.122405
-2.20168 0.120996
-2.19584 0.119632
-2.19 0.11818
-2.18416 0.116728
-2.17832 0.11532
-2.17248 0.113913
-2.16664 0.112461
-2.1608 0.111054
-2.15496 0.109645
-2.14912 0.108283
-2.14328 0.106876
-2.13744 0.105424
-2.1316 0.104016
-2.12576 0.102564
-2.11992 0.101156
-2.11408 0.0997038
-2.10824 0.0983402
-2.1024 0.0970188
-2.09656 0.0956975
-2.09072 0.0942457
-2.08488 0.0928417
-2.07904 0.0914324
-2.0732 0.09011
-2.06736 0.0887452
-2.06152 0.0873804
-2.05568 0.0858449
-2.04984 0.0844366
-2.044 0.0831598
-2.03816 0.0818353
-2.03232 0.0805108
-2.02648 0.0789742
-2.02064 0.077566
-2.0148 0.0761567
-2.00896 0.0746647
-2.00312 0.0736797
-1.99728 0.0723139
-1.99144 0.0709947
-1.9856 0.069245
-1.97976 0.0678781
-1.97392 0.0666012
-1.96808 0.0659953
-1.96224 0.0651026
-1.9564 0.0641583
-1.95056 0.0636445
-1.94472 0.0631272
-1.93888 0.0621062
-1.93304 0.0629065
-1.9272 0.0620166
-1.92136 0.0619234
-1.91552 0.0611997
-1.90968 0.0610239
-1.90384 0.0602951
-1.898 0.0600326
-1.89216 0.0599426
-1.88632 0.0601965
-1.88048 0.0603586
-1.87464 0.0603631
-1.8688 0.0609547
-1.86296 0.0606674
-1.85712 0.0608627
-1.85128 0.0614212
-1.84544 0.0606131
-1.8396 0.0619193
-1.83376 0.061811
-1.82792 0.0615497
-1.82208 0.0621488
-1.81624 0.063251
-1.8104 0.0619009
-1.80456 0.062972
-1.79872 0.0630534
-1.79288 0.0636544
-1.78704 0.0631687
-1.7812 0.0643445
-1.77536 0.0651714
-1.76952 0.0644165
-1.76368 0.0662465
-1.75784 0.0677762
-1.752 0.0696127
-1.74616 0.0693695
-1.74032 0.070148
-1.73448 0.0711632
-1.72864 0.0707084
-1.7228 0.0738604
-1.71696 0.0730971
-1.71112 0.0746936
-1.70528 0.0775541
-1.69944 0.0770765
-1.6936 0.0789281
-1.68776 0.0799622
-1.68192 0.081604
-1.67608 0.0820369
-1.67024 0.0830819
-1.6644 0.0828195
-1.65856 0.0824834
-1.65272 0.0859077
-1.64688 0.0843781
-1.64104 0.0853239
-1.6352 0.0859471
-1.62936 0.0858565
-1.62352 0.0872552
-1.61768 0.0861712
-1.61184 0.0876963
-1.606 0.0899394
-1.60016 0.0919842
-1.59432 0.0935575
-1.58848 0.0936528
-1.58264 0.0965362
-1.5768 0.0981343
-1.57096 0.0993174
-1.56512 0.101486
-1.55928 0.104309
-1.55344 0.103261
-1.5476 0.104904
-1.54176 0.108416
-1.53592 0.108526
-1.53008 0.111871
-1.52424 0.111767
-1.5184 0.117348
-1.51256 0.117683
-1.50672 0.119817
-1.50088 0.122024
-1.49504 0.12427
-1.4892 0.126469
-1.48336 0.129246
-1.47752 0.130686
-1.47168 0.132969
-1.46584 0.134192
-1.46 0.137699
-1.45416 0.136797
-1.44832 0.138661
-1.44248 0.142801
-1.43664 0.143562
-1.4308 0.144955
-1.42496 0.148015
-1.41912 0.150162
-1.41328 0.156302
-1.40744 0.152535
-1.4016 0.155657
-1.39576 0.156998
-1.38992 0.159564
-1.38408 0.162313
-1.37824 0.164015
-1.3724 0.165844
-1.36656 0.170461
-1.36072 0.172743
-1.35488 0.173089
-1.34904 0.172936
-1.3432 0.176908
-1.33736 0.178776
-1.33152 0.181709
-1.32568 0.185222
-1.31984 0.188549
-1.314 0.188816
-1.30816 0.18982
-1.30232 0.193209
-1.29648 0.196012
-1.29064 0.197759
-1.2848 0.201632
-1.27896 0.202297
-1.27312 0.202161
-1.26728 0.205217
-1.26144 0.207797
-1.2556 0.209368
-1.24976 0.212656
-1.24392 0.214315
-1.23808 0.214443
-1.23224 0.216409
-1.2264 0.217535
-1.22056 0.218672
-1.21472 0.22297
-1.20888 0.222308
-1.20304 0.224049
-1.1972 0.227409
-1.19136 0.228141
-1.18552 0.230571
-1.17968 0.232056
-1.17384 0.234187
-1.168 0.23602
-1.16216 0.237094
-1.15632 0.237996
-1.15048 0.239913
-1.14464 0.244957
-1.1388 0.246633
-1.13296 0.246413
-1.12712 0.249932
-1.12128 0.252228
-1.11544 0.251477
-1.1096 0.252759
-1.10376 0.25523
-1.09792 0.255621
-1.09208 0.25736
-1.08624 0.258728
-1.0804 0.262077
-1.07456 0.263205
-1.06872 0.26434
-1.06288 0.265206
-1.05704 0.266966
-1.0512 0.26763
-1.04536 0.270076
-1.03952 0.270816
-1.03368 0.271204
-1.02784 0.272432
-1.022 0.273973
-1.01616 0.272229
-1.01032 0.272066
-1.00448 0.274493
-0.99864 0.273521
-0.9928 0.273911
-0.98696 0.274892
-0.98112 0.275406
-0.97528 0.279476
-0.96944 0.275885
-0.9636 0.275202
-0.95776 0.275858
-0.95192 0.275937
-0.94608 0.276919
-0.94024 0.276148
-0.9344 0.276755
-0.92856 0.279681
-0.92272 0.280408
-0.91688 0.280105
-0.91104 0.279193
-0.9052 0.281257
-0.89936 0.28109
-0.89352 0.281768
-0.88768 0.283464
-0.88184 0.283431
-0.876 0.281156
-0.87016 0.28198
-0.86432 0.283206
-0.85848 0.284058
-0.85264 0.28499
-0.8468 0.28469
-0.84096 0.284983
-0.83512 0.284954
-0.82928 0.28499
-0.82344 0.286142
-0.8176 0.28553
-0.81176 0.285993
-0.80592 0.286594
-0.80008 0.285901
-0.79424 0.286115
-0.7884 0.286316
-0.78256 0.286524
-0.77672 0.286051
-0.77088 0.287696
-0.76504 0.287771
-0.7592 0.28772
-0.75336 0.287888
-0.74752 0.288696
-0.74168 0.289904
-0.73584 0.290063
-0.73 0.290624
-0.72416 0.291654
-0.71832 0.291984
-0.71248 0.292733
-0.70664 0.294671
-0.7008 0.295168
-0.69496 0.296127
-0.68912 0.297767
-0.68328 0.298817
-0.67744 0.299945
-0.6716 0.30158
-0.66576 0.302415
-0.65992 0.303539
-0.65408 0.303627
-0.64824 0.304626
-0.6424 0.306206
-0.63656 0.306694
-0.63072 0.307512
-0.62488 0.307907
-0.61904 0.307583
-0.6132 0.307592
-0.60736 0.307725
-0.60152 0.307984
-0.59568 0.307984
-0.58984 0.307984
-0.584 0.307984
-0.57816 0.307984
-0.57232 0.307984
-0.56648 0.307984
-0.56064 0.307984
-0.5548 0.307984
-0.54896 0.307984
-0.54312 0.307984
-0.53728 0.307984
-0.53144 0.307984
-0.5256 0.307984
-0.51976 0.307984
-0.51392 0.307984
-0.50808 0.307984
-0.50224 0.307984
-0.4964 0.307984
-0.49056 0.307984
-0.48472 0.307984
-0.47888 0.307984
-0.47304 0.307984
-0.4672 0.307984
-0.46136 0.307984
-0.45552 0.307984
-0.44968 0.307984
-0.44384 0.307984
-0.438 0.307984
-0.43216 0.307984
-0.42632 0.307984
-0.42048 0.307984
-0.41464 0.307984
-0.4088 0.307984
-0.40296 0.307984
-0.39712 0.307984
-0.39128 0.307984
-0.38544 0.307984
-0.3796 0.307984
-0.37376 0.307984
-0.36792 0.307984
-0.36208 0.307984
-0.35624 0.307984
-0.3504 0.307984
-0.34456 0.307984
-0.33872 0.307984
-0.33288 0.307984
-0.32704 0.307984
-0.3212 0.307984
-0.31536 0.307984
-0.30952 0.307984
-0.30368 0.307984
-0.29784 0.307984
-0.292 0.307984
-0.28616 0.307984
-0.28032 0.307984
-0.27448 0.307984
-0.26864 0.307984
-0.2628 0.307984
-0.25696 0.307984
-0.25112 0.307984
-0.24528 0.307984
-0.23944 0.307984
-0.2336 0.307984
-0.22776 0.307984
-0.22192 0.307984
-0.21608 0.307984
-0.21024 0.307984
-0.2044 0.307984
-0.19856 0.307984
-0.19272 0.307984
-0.18688 0.307984
-0.18104 0.307984
-0.1752 0.307984
-0.16936 0.307984
-0.16352 0.307984
-0.15768 0.307984
-0.15184 0.307984
-0.146 0.307984
-0.14016 0.307984
-0.13432 0.307984
-0.12848 0.307984
-0.12264 0.307984
-0.1168 0.307984
-0.11096 0.307984
-0.10512 0.307984
-0.09928 0.307984
-0.09344 0.307984
-0.0876 0.307984
-0.08176 0.307984
-0.07592 0.307984
-0.07008 0.307984
-0.06424 0.307984
-0.0584 0.307984
-0.05256 0.307984
-0.04672 0.307984
-0.04088 0.307984
-0.03504 0.307984
-0.0292 0.307984
-0.02336 0.307984
-0.01752 0.307984
-0.01168 0.307984
-0.00584 0.307984
