-2.92 0.200502
-2.91416 0.200502
-2.90832 0.200502
-2.90248 0.200502
-2.89664 0.200502
-2.8908 0.200502
-2.88496 0.200502
-2.87912 0.200502
-2.87328 0.200502
-2.86744 0.200502
-2.8616 0.200502
-2.85576 0.200502
-2.84992 0.200502
-2.84408 0.200502
-2.83824 0.200502
-2.8324 0.200502
-2.82656 0.200502
-2.82072 0.200502
-2.81488 0.200502
-2.80904 0.200502
-2.8032 0.200502
-2.79736 0.200502
-2.79152 0.200502
-2.78568 0.200502
-2.77984 0.200502
-2.774 0.200502
-2.76816 0.200502
-2.76232 0.200502
-2.75648 0.200502
-2.75064 0.200502
-2.7448 0.200502
-2.73896 0.200502
-2.73312 0.200502
-2.72728 0.200502
-2.72144 0.200502
-2.7156 0.200502
-2.70976 0.200502
-2.70392 0.200502
-2.69808 0.200502
-2.69224 0.200502
-2.6864 0.200502
-2.68056 0.200502
-2.67472 0.200502
-2.66888 0.200502
-2.66304 0.200502
-2.6572 0.200502
-2.65136 0.200502
-2.64552 0.200502
-2.63968 0.200502
-2.63384 0.200502
-2.628 0.200502
-2.62216 0.200502
-2.61632 0.200502
-2.61048 0.200502
-2.60464 0.200502
-2.5988 0.200502
-2.59296 0.200239
-2.58712 0.19993
-2.58128 0.199576
-2.57544 0.199135
-2.5696 0.198693
-2.56376 0.198164
-2.55792 0.19759
-2.55208 0.196928
-2.54624 0.196311
-2.5404 0.195563
-2.53456 0.194857
-2.52872 0.194019
-2.52288 0.193226
-2.51704 0.192388
-2.5112 0.191507
-2.50536 0.190669
-2.49952 0.189833
-2.49368 0.188994
-2.48784 0.188112
-2.482 0.187319
-2.47616 0.186304
-2.47032 0.185289
-2.46448 0.184231
-2.45864 0.183172
-2.4528 0.182114
-2.44696 0.181054
-2.44112 0.179952
-2.43528 0.178849
-2.42944 0.17779
-2.4236 0.176643
-2.41776 0.175539
-2.41192 0.174435
-2.40608 0.17333
-2.40024 0.172138
-2.3944 0.170946
-2.38856 0.169754
-2.38272 0.168518
-2.37688 0.167325
-2.37104 0.166002
-2.3652 0.164678
-2.35936 0.163355
-2.35352 0.16212
-2.34768 0.160841
-2.34184 0.159561
-2.336 0.158238
-2.33016 0.156871
-2.32432 0.155594
-2.31848 0.154228
-2.31264 0.152905
-2.3068 0.151582
-2.30096 0.150173
-2.29512 0.148807
-2.28928 0.14744
-2.28344 0.146074
-2.2776 0.144708
-2.27176 0.143343
-2.26592 0.142065
-2.26008 0.140786
-2.25424 0.139375
-2.2484 0.137963
-2.24256 0.136509
-2.23672 0.135098
-2.23088 0.133643
-2.22504 0.132231
-2.2192 0.130776
-2.21336 0.129366
-2.20752 0.127911
-2.20168 0.126456
-2.19584 0.125088
-2.19 0.123678
-2.18416 0.122265
-2.17832 0.120809
-2.17248 0.119353
-2.16664 0.117897
-2.1608 0.116485
-2.15496 0.115029
-2.14912 0.113573
-2.14328 0.11216
-2.13744 0.110749
-2.1316 0.109337
-2.12576 0.107968
-2.11992 0.107148
-2.11408 0.105819
-2.10824 0.104619
-2.1024 0.104225
-2.09656 0.103153
-2.09072 0.102248
-2.08488 0.100921
-2.07904 0.100991
-2.0732 0.10013
-2.06736 0.0992683
-2.06152 0.0991712
-2.05568 0.0986476
-2.04984 0.097368
-2.044 0.0975711
-2.03816 0.0967539
-2.03232 0.096359
-2.02648 0.0960925
-2.02064 0.0957411
-2.0148 0.0957263
-2.00896 0.0945298
-2.00312 0.0943007
-1.99728 0.0942084
-1.99144 0.0933036
-1.9856 0.0932938
-1.97976 0.0921385
-1.97392 0.0920882
-1.96808 0.0921192
-1.96224 0.0927461
-1.9564 0.0927766
-1.95056 0.0921712
-1.94472 0.0908444
-1.93888 0.0899031
-1.93304 0.0901862
-1.9272 0.0879686
-1.92136 0.0878309
-1.91552 0.0856162
-1.90968 0.0848456
-1.90384 0.0833877
-1.898 0.0804094
-1.89216 0.0801097
-1.88632 0.0772157
-1.88048 0.0760221
-1.87464 0.0742288
-1.8688 0.0729063
-1.86296 0.0706907
-1.85712 0.0692419
-1.85128 0.066048
-1.84544 0.0642203
-1.8396 0.0621332
-1.83376 0.0600026
-1.82792 0.057625
-1.82208 0.0560091
-1.81624 0.0549851
-1.8104 0.0531075
-1.80456 0.0504264
-1.79872 0.0496169
-1.79288 0.0475762
-1.78704 0.0457468
-1.7812 0.0438793
-1.77536 0.0418794
-1.76952 0.0407363
-1.76368 0.0382731
-1.75784 0.0367466
-1.752 0.0345364
-1.74616 0.0340729
-1.74032 0.0313573
-1.73448 0.0309336
-1.72864 0.0285119
-1.7228 0.0272783
-1.71696 0.0262731
-1.71112 0.0228395
-1.70528 0.0225036
-1.69944 0.0202217
-1.6936 0.0200606
-1.68776 0.0184573
-1.68192 0.0179167
-1.67608 0.0155549
-1.67024 0.0151805
-1.6644 0.0153564
-1.65856 0.0152848
-1.65272 0.0156304
-1.64688 0.0157651
-1.64104 0.01612
-1.6352 0.0180374
-1.62936 0.0179738
-1.62352 0.0205348
-1.61768 0.0225505
-1.61184 0.0234282
-1.606 0.0246499
-1.60016 0.0263818
-1.59432 0.0266825
-1.58848 0.0280423
-1.58264 0.0303795
-1.5768 0.029629
-1.57096 0.0297722
-1.56512 0.0317719
-1.55928 0.0336194
-1.55344 0.0342287
-1.5476 0.0371237
-1.54176 0.0385486
-1.53592 0.0393352
-1.53008 0.0412323
-1.52424 0.0400913
-1.5184 0.0422728
-1.51256 0.0428644
-1.50672 0.0445874
-1.50088 0.0462296
-1.49504 0.0496488
-1.4892 0.0522236
-1.48336 0.0533279
-1.47752 0.0547179
-1.47168 0.0576422
-1.46584 0.0582263
-1.46 0.0597115
-1.45416 0.0628869
-1.44832 0.063536
-1.44248 0.0664103
-1.43664 0.0681156
-1.4308 0.0686742
-1.42496 0.0707784
-1.41912 0.0732032
-1.41328 0.0766031
-1.40744 0.0766495
-1.4016 0.0801675
-1.39576 0.0823022
-1.38992 0.0840764
-1.38408 0.0815663
-1.37824 0.0844475
-1.3724 0.0860009
-1.36656 0.0874858
-1.36072 0.0907672
-1.35488 0.0916239
-1.34904 0.0945877
-1.3432 0.0968883
-1.33736 0.0978726
-1.33152 0.102667
-1.32568 0.104368
-1.31984 0.105181
-1.314 0.104158
-1.30816 0.110138
-1.30232 0.110526
-1.29648 0.112767
-1.29064 0.114219
-1.2848 0.116466
-1.27896 0.120155
-1.27312 0.122066
-1.26728 0.125175
-1.26144 0.125875
-1.2556 0.126409
-1.24976 0.130731
-1.24392 0.13345
-1.23808 0.134571
-1.23224 0.137033
-1.2264 0.138783
-1.22056 0.141497
-1.21472 0.142365
-1.20888 0.145431
-1.20304 0.147175
-1.1972 0.149478
-1.19136 0.14865
-1.18552 0.152981
-1.17968 0.156158
-1.17384 0.157033
-1.168 0.1573
-1.16216 0.157326
-1.15632 0.159976
-1.15048 0.160363
-1.14464 0.164151
-1.1388 0.164635
-1.13296 0.166158
-1.12712 0.169472
-1.12128 0.17183
-1.11544 0.173702
-1.1096 0.177104
-1.10376 0.180303
-1.09792 0.181119
-1.09208 0.184067
-1.08624 0.18194
-1.0804 0.185642
-1.07456 0.18655
-1.06872 0.188692
-1.06288 0.189793
-1.05704 0.194591
-1.0512 0.197575
-1.04536 0.198384
-1.03952 0.200042
-1.03368 0.202771
-1.02784 0.204473
-1.022 0.205464
-1.01616 0.208311
-1.01032 0.209093
-1.00448 0.211006
-0.99864 0.212981
-0.9928 0.21367
-0.98696 0.214894
-0.98112 0.218291
-0.97528 0.220265
-0.96944 0.220451
-0.9636 0.224054
-0.95776 0.226317
-0.95192 0.22696
-0.94608 0.224748
-0.94024 0.22747
-0.9344 0.229096
-0.92856 0.228645
-0.92272 0.232468
-0.91688 0.233115
-0.91104 0.23575
-0.9052 0.238598
-0.89936 0.238531
-0.89352 0.242696
-0.88768 0.245832
-0.88184 0.245847
-0.876 0.244358
-0.87016 0.248638
-0.86432 0.248758
-0.85848 0.249823
-0.85264 0.250685
-0.8468 0.252344
-0.84096 0.255519
-0.83512 0.256965
-0.82928 0.257572
-0.82344 0.259021
-0.8176 0.259417
-0.81176 0.260864
-0.80592 0.261845
-0.80008 0.263162
-0.79424 0.263378
-0.7884 0.264273
-0.78256 0.26623
-0.77672 0.266697
-0.77088 0.267044
-0.76504 0.268869
-0.7592 0.269174
-0.75336 0.269557
-0.74752 0.270913
-0.74168 0.272775
-0.73584 0.272318
-0.73 0.272911
-0.72416 0.272494
-0.71832 0.27338
-0.71248 0.2738
-0.70664 0.274985
-0.7008 0.275444
-0.69496 0.276367
-0.68912 0.277423
-0.68328 0.27805
-0.67744 0.279098
-0.6716 0.280439
-0.66576 0.281058
-0.65992 0.282014
-0.65408 0.283021
-0.64824 0.282042
-0.6424 0.282733
-0.63656 0.283471
-0.63072 0.284075
-0.62488 0.284552
-0.61904 0.285997
-0.6132 0.286256
-0.60736 0.286264
-0.60152 0.285974
-0.59568 0.285974
-0.58984 0.285974
-0.584 0.285974
-0.57816 0.285974
-0.57232 0.285974
-0.56648 0.285974
-0.56064 0.285974
-0.5548 0.285974
-0.54896 0.285974
-0.54312 0.285974
-0.53728 0.285974
-0.53144 0.285974
-0.5256 0.285974
-0.51976 0.285974
-0.51392 0.285974
-0.50808 0.285974
-0.50224 0.285974
-0.4964 0.285974
-0.49056 0.285974
-0.48472 0.285974
-0.47888 0.285974
-0.47304 0.285974
-0.4672 0.285974
-0.46136 0.285974
-0.45552 0.285974
-0.44968 0.285974
-0.44384 0.285974
-0.438 0.285974
-0.43216 0.285974
-0.42632 0.285974
-0.42048 0.285974
-0.41464 0.285974
-0.4088 0.285974
-0.40296 0.285974
-0.39712 0.285974
-0.39128 0.285974
-0.38544 0.285974
-0.3796 0.285974
-0.37376 0.285974
-0.36792 0.285974
-0.36208 0.285974
-0.35624 0.285974
-0.3504 0.285974
-0.34456 0.285974
-0.33872 0.285974
-0.33288 0.285974
-0.32704 0.285974
-0.3212 0.285974
-0.31536 0.285974
-0.30952 0.285974
-0.30368 0.285974
-0.29784 0.285974
-0.292 0.285974
-0.28616 0.285974
-0.28032 0.285974
-0.27448 0.285974
-0.26864 0.285974
-0.2628 0.285974
-0.25696 0.285974
-0.25112 0.285974
-0.24528 0.285974
-0.23944 0.285974
-0.2336 0.285974
-0.22776 0.285974
-0.22192 0.285974
-0.21608 0.285974
-0.21024 0.285974
-0.2044 0.285974
-0.19856 0.285974
-0.19272 0.285974
-0.18688 0.285974
-0.18104 0.285974
-0.1752 0.285974
-0.16936 0.285974
-0.16352 0.285974
-0.15768 0.285974
-0.15184 0.285974
-0.146 0.285974
-0.14016 0.285974
-0.13432 0.285974
-0.12848 0.285974
-0.12264 0.285974
-0.1168 0.285974
-0.11096 0.285974
-0.10512 0.285974
-0.09928 0.285974
-0.09344 0.285974
-0.0876 0.285974
-0.08176 0.285974
-0.07592 0.285974
-0.07008 0.285974
-0.06424 0.285974
-0.0584 0.285974
-0.05256 0.285974
-0.04672 0.285974
-0.04088 0.285974
-0.03504 0.285974
-0.0292 0.285974
-0.02336 0.285974
-0.01752 0.285974
-0.01168 0.285974
-0.00584 0.285974
