-2.92 0.186077
-2.91416 0.186077
-2.90832 0.186077
-2.90248 0.186077
-2.89664 0.186077
-2.8908 0.186077
-2.88496 0.186077
-2.87912 0.186077
-2.87328 0.186077
-2.86744 0.186077
-2.8616 0.186077
-2.85576 0.186077
-2.84992 0.186077
-2.84408 0.186077
-2.83824 0.186077
-2.8324 0.186077
-2.82656 0.186077
-2.82072 0.186077
-2.81488 0.186077
-2.80904 0.186077
-2.8032 0.186077
-2.79736 0.186077
-2.79152 0.186077
-2.78568 0.186077
-2.77984 0.186077
-2.774 0.186077
-2.76816 0.186077
-2.76232 0.186077
-2.75648 0.186077
-2.75064 0.186077
-2.7448 0.186077
-2.73896 0.186077
-2.73312 0.186077
-2.72728 0.186077
-2.72144 0.186077
-2.7156 0.186077
-2.70976 0.186077
-2.70392 0.186077
-2.69808 0.186077
-2.69224 0.186077
-2.6864 0.186077
-2.68056 0.186077
-2.67472 0.186077
-2.66888 0.186077
-2.66304 0.186077
-2.6572 0.186077
-2.65136 0.186077
-2.64552 0.186077
-2.63968 0.186077
-2.63384 0.186077
-2.628 0.186077
-2.62216 0.186077
-2.61632 0.186077
-2.61048 0.186077
-2.60464 0.186077
-2.5988 0.186077
-2.59296 0.18603
-2.58712 0.185895
-2.58128 0.185717
-2.57544 0.185407
-2.5696 0.185054
-2.56376 0.184656
-2.55792 0.184215
-2.55208 0.183773
-2.54624 0.183245
-2.5404 0.18276
-2.53456 0.182233
-2.52872 0.181617
-2.52288 0.180913
-2.51704 0.180253
-2.5112 0.179594
-2.50536 0.178846
-2.49952 0.178098
-2.49368 0.177305
-2.48784 0.176383
-2.482 0.175464
-2.47616 0.174498
-2.47032 0.173532
-2.46448 0.172565
-2.45864 0.171599
-2.4528 0.170632
-2.44696 0.169664
-2.44112 0.168653
-2.43528 0.167599
-2.42944 0.166501
-2.4236 0.165404
-2.41776 0.164349
-2.41192 0.163252
-2.40608 0.162198
-2.40024 0.161101
-2.3944 0.160003
-2.38856 0.158949
-2.38272 0.157852
-2.37688 0.156799
-2.37104 0.155701
-2.3652 0.154602
-2.35936 0.15346
-2.35352 0.152362
-2.34768 0.151263
-2.34184 0.150121
-2.336 0.148935
-2.33016 0.147835
-2.32432 0.146692
-2.31848 0.145461
-2.31264 0.144275
-2.3068 0.143045
-2.30096 0.141858
-2.29512 0.140758
-2.28928 0.13957
-2.28344 0.138295
-2.2776 0.137063
-2.27176 0.135787
-2.26592 0.134512
-2.26008 0.133281
-2.25424 0.131959
-2.2484 0.130594
-2.24256 0.129228
-2.23672 0.12782
-2.23088 0.12641
-2.22504 0.125045
-2.2192 0.123635
-2.21336 0.122225
-2.20752 0.120815
-2.20168 0.119405
-2.19584 0.118039
-2.19 0.11663
-2.18416 0.115266
-2.17832 0.113813
-2.17248 0.112404
-2.16664 0.110995
-2.1608 0.10963
-2.15496 0.108177
-2.14912 0.106724
-2.14328 0.105359
-2.13744 0.103905
-2.1316 0.10254
-2.12576 0.101215
-2.11992 0.100313
-2.11408 0.0992846
-2.10824 0.0982564
-2.1024 0.0975251
-2.09656 0.0962013
-2.09072 0.0958485
-2.08488 0.0951184
-2.07904 0.0942177
-2.0732 0.0932779
-2.06736 0.0939486
-2.06152 0.0926663
-2.05568 0.0932103
-2.04984 0.0920989
-2.044 0.0914565
-2.03816 0.0910653
-2.03232 0.0915629
-2.02648 0.0903679
-2.02064 0.0905699
-2.0148 0.089794
-2.00896 0.0899133
-2.00312 0.0902853
-1.99728 0.0884531
-1.99144 0.0896731
-1.9856 0.089538
-1.97976 0.0892727
-1.97392 0.0905823
-1.96808 0.0894321
-1.96224 0.0898887
-1.9564 0.0895028
-1.95056 0.0883949
-1.94472 0.0886413
-1.93888 0.0890202
-1.93304 0.0890108
-1.9272 0.0864557
-1.92136 0.0840783
-1.91552 0.0828833
-1.90968 0.0822442
-1.90384 0.0802054
-1.898 0.0775248
-1.89216 0.0751899
-1.88632 0.0757861
-1.88048 0.0747652
-1.87464 0.0713301
-1.8688 0.0706949
-1.86296 0.0678078
-1.85712 0.0658156
-1.85128 0.0638273
-1.84544 0.06226
-1.8396 0.0597149
-1.83376 0.0582339
-1.82792 0.0569649
-1.82208 0.0540898
-1.81624 0.0518476
-1.8104 0.0500703
-1.80456 0.0470635
-1.79872 0.0469374
-1.79288 0.0449105
-1.78704 0.0427074
-1.7812 0.0408044
-1.77536 0.0388997
-1.76952 0.0372941
-1.76368 0.0358567
-1.75784 0.03361
-1.752 0.0316637
-1.74616 0.0302725
-1.74032 0.028201
-1.73448 0.0263833
-1.72864 0.0245259
-1.7228 0.0224574
-1.71696 0.0219557
-1.71112 0.0199726
-1.70528 0.0184122
-1.69944 0.0163867
-1.6936 0.0150389
-1.68776 0.0136926
-1.68192 0.0123926
-1.67608 0.0111344
-1.67024 0.0104681
-1.6644 0.00993598
-1.65856 0.0100777
-1.65272 0.0106008
-1.64688 0.0110852
-1.64104 0.0119537
-1.6352 0.0124899
-1.62936 0.0146292
-1.62352 0.0166048
-1.61768 0.0187924
-1.61184 0.0189124
-1.606 0.0207292
-1.60016 0.0231369
-1.59432 0.0233988
-1.58848 0.0254368
-1.58264 0.0257073
-1.5768 0.0274123
-1.57096 0.0294638
-1.56512 0.0312611
-1.55928 0.0310264
-1.55344 0.0309199
-1.5476 0.0348738
-1.54176 0.0357017
-1.53592 0.0382235
-1.53008 0.0401226
-1.52424 0.0381817
-1.5184 0.0406207
-1.51256 0.0414488
-1.50672 0.0430088
-1.50088 0.0447374
-1.49504 0.0486572
-1.4892 0.0489111
-1.48336 0.0525449
-1.47752 0.054365
-1.47168 0.0558432
-1.46584 0.0559245
-1.46 0.0581172
-1.45416 0.0608335
-1.44832 0.0617655
-1.44248 0.0629973
-1.43664 0.0641753
-1.4308 0.0667605
-1.42496 0.0692548
-1.41912 0.0702368
-1.41328 0.0732464
-1.40744 0.0763411
-1.4016 0.076927
-1.39576 0.0767261
-1.38992 0.0791874
-1.38408 0.07857
-1.37824 0.0801429
-1.3724 0.0819582
-1.36656 0.0825777
-1.36072 0.0837172
-1.35488 0.0871849
-1.34904 0.0886666
-1.3432 0.0893112
-1.33736 0.0927836
-1.33152 0.0933028
-1.32568 0.0981643
-1.31984 0.0999954
-1.314 0.0983402
-1.30816 0.102934
-1.30232 0.10136
-1.29648 0.102802
-1.29064 0.105275
-1.2848 0.107392
-1.27896 0.1122
-1.27312 0.112636
-1.26728 0.114637
-1.26144 0.116798
-1.2556 0.11926
-1.24976 0.120126
-1.24392 0.122785
-1.23808 0.123615
-1.23224 0.124303
-1.2264 0.125414
-1.22056 0.129217
-1.21472 0.130926
-1.20888 0.131948
-1.20304 0.134636
-1.1972 0.134936
-1.19136 0.138379
-1.18552 0.140967
-1.17968 0.143038
-1.17384 0.143746
-1.168 0.144597
-1.16216 0.144752
-1.15632 0.145356
-1.15048 0.147562
-1.14464 0.147699
-1.1388 0.149968
-1.13296 0.152261
-1.12712 0.155364
-1.12128 0.155674
-1.11544 0.157073
-1.1096 0.161579
-1.10376 0.16294
-1.09792 0.16651
-1.09208 0.168662
-1.08624 0.166284
-1.0804 0.168712
-1.07456 0.169519
-1.06872 0.172324
-1.06288 0.173783
-1.05704 0.178639
-1.0512 0.179593
-1.04536 0.182812
-1.03952 0.184603
-1.03368 0.186386
-1.02784 0.186778
-1.022 0.188478
-1.01616 0.191376
-1.01032 0.192152
-1.00448 0.193518
-0.99864 0.194324
-0.9928 0.196795
-0.98696 0.19858
-0.98112 0.200106
-0.97528 0.202489
-0.96944 0.204232
-0.9636 0.20563
-0.95776 0.205351
-0.95192 0.207438
-0.94608 0.20543
-0.94024 0.207424
-0.9344 0.209126
-0.92856 0.210196
-0.92272 0.210627
-0.91688 0.21368
-0.91104 0.215117
-0.9052 0.214664
-0.89936 0.218017
-0.89352 0.218784
-0.88768 0.222555
-0.88184 0.22349
-0.876 0.222084
-0.87016 0.225966
-0.86432 0.224143
-0.85848 0.225197
-0.85264 0.226357
-0.8468 0.227625
-0.84096 0.232053
-0.83512 0.23168
-0.82928 0.232612
-0.82344 0.233887
-0.8176 0.234739
-0.81176 0.235673
-0.80592 0.235967
-0.80008 0.237077
-0.79424 0.237081
-0.7884 0.2373
-0.78256 0.239412
-0.77672 0.239843
-0.77088 0.240391
-0.76504 0.241794
-0.7592 0.241753
-0.75336 0.242387
-0.74752 0.243403
-0.74168 0.244454
-0.73584 0.244542
-0.73 0.245218
-0.72416 0.244421
-0.71832 0.24497
-0.71248 0.245734
-0.70664 0.246239
-0.7008 0.246825
-0.69496 0.248217
-0.68912 0.248762
-0.68328 0.2496
-0.67744 0.250725
-0.6716 0.251853
-0.66576 0.25277
-0.65992 0.253637
-0.65408 0.254728
-0.64824 0.253753
-0.6424 0.25462
-0.63656 0.255397
-0.63072 0.25613
-0.62488 0.256819
-0.61904 0.258264
-0.6132 0.258741
-0.60736 0.25888
-0.60152 0.258889
-0.59568 0.258889
-0.58984 0.258889
-0.584 0.258889
-0.57816 0.258889
-0.57232 0.258889
-0.56648 0.258889
-0.56064 0.258889
-0.5548 0.258889
-0.54896 0.258889
-0.54312 0.258889
-0.53728 0.258889
-0.53144 0.258889
-0.5256 0.258889
-0.51976 0.258889
-0.51392 0.258889
-0.50808 0.258889
-0.50224 0.258889
-0.4964 0.258889
-0.49056 0.258889
-0.48472 0.258889
-0.47888 0.258889
-0.47304 0.258889
-0.4672 0.258889
-0.46136 0.258889
-0.45552 0.258889
-0.44968 0.258889
-0.44384 0.258889
-0.438 0.258889
-0.43216 0.258889
-0.42632 0.258889
-0.42048 0.258889
-0.41464 0.258889
-0.4088 0.258889
-0.40296 0.258889
-0.39712 0.258889
-0.39128 0.258889
-0.38544 0.258889
-0.3796 0.258889
-0.37376 0.258889
-0.36792 0.258889
-0.36208 0.258889
-0.35624 0.258889
-0.3504 0.258889
-0.34456 0.258889
-0.33872 0.258889
-0.33288 0.258889
-0.32704 0.258889
-0.3212 0.258889
-0.31536 0.258889
-0.30952 0.258889
-0.30368 0.258889
-0.29784 0.258889
-0.292 0.258889
-0.28616 0.258889
-0.28032 0.258889
-0.27448 0.258889
-0.26864 0.258889
-0.2628 0.258889
-0.25696 0.258889
-0.25112 0.258889
-0.24528 0.258889
-0.23944 0.258889
-0.2336 0.258889
-0.22776 0.258889
-0.22192 0.258889
-0.21608 0.258889
-0.21024 0.258889
-0.2044 0.258889
-0.19856 0.258889
-0.19272 0.258889
-0.18688 0.258889
-0.18104 0.258889
-0.1752 0.258889
-0.16936 0.258889
-0.16352 0.258889
-0.15768 0.258889
-0.15184 0.258889
-0.146 0.258889
-0.14016 0.258889
-0.13432 0.258889
-0.12848 0.258889
-0.12264 0.258889
-0.1168 0.258889
-0.11096 0.258889
-0.10512 0.258889
-0.09928 0.258889
-0.09344 0.258889
-0.0876 0.258889
-0.08176 0.258889
-0.07592 0.258889
-0.07008 0.258889
-0.06424 0.258889
-0.0584 0.258889
-0.05256 0.258889
-0.04672 0.258889
-0.04088 0.258889
-0.03504 0.258889
-0.0292 0.258889
-0.02336 0.258889
-0.01752 0.258889
-0.01168 0.258889
-0.00584 0.258889
