-2.92 0.208048
-2.91416 0.208048
-2.90832 0.208048
-2.90248 0.208048
-2.89664 0.208048
-2.8908 0.208048
-2.88496 0.208048
-2.87912 0.208048
-2.87328 0.208048
-2.86744 0.208048
-2.8616 0.208048
-2.85576 0.208048
-2.84992 0.208048
-2.84408 0.208048
-2.83824 0.208048
-2.8324 0.208048
-2.82656 0.208048
-2.82072 0.208048
-2.81488 0.208048
-2.80904 0.208048
-2.8032 0.208048
-2.79736 0.208048
-2.79152 0.208048
-2.78568 0.208048
-2.77984 0.208048
-2.774 0.208048
-2.76816 0.208048
-2.76232 0.208048
-2.75648 0.208048
-2.75064 0.208048
-2.7448 0.208048
-2.73896 0.208048
-2.73312 0.208048
-2.72728 0.208048
-2.72144 0.208048
-2.7156 0.208048
-2.70976 0.208048
-2.70392 0.208048
-2.69808 0.208048
-2.69224 0.208048
-2.6864 0.208048
-2.68056 0.208048
-2.67472 0.208048
-2.66888 0.208048
-2.66304 0.208048
-2.6572 0.208048
-2.65136 0.208048
-2.64552 0.208048
-2.63968 0.208048
-2.63384 0.208048
-2.628 0.208048
-2.62216 0.208048
-2.61632 0.208048
-2.61048 0.208048
-2.60464 0.208048
-2.5988 0.208048
-2.59296 0.207785
-2.58712 0.207302
-2.58128 0.206773
-2.57544 0.206243
-2.5696 0.205669
-2.56376 0.205052
-2.55792 0.204435
-2.55208 0.203818
-2.54624 0.203156
-2.5404 0.20245
-2.53456 0.201788
-2.52872 0.201038
-2.52288 0.200332
-2.51704 0.199582
-2.5112 0.198788
-2.50536 0.197948
-2.49952 0.197066
-2.49368 0.196225
-2.48784 0.195385
-2.482 0.194545
-2.47616 0.193398
-2.47032 0.192251
-2.46448 0.191059
-2.45864 0.189867
-2.4528 0.188674
-2.44696 0.187481
-2.44112 0.186243
-2.43528 0.185006
-2.42944 0.183856
-2.4236 0.182619
-2.41776 0.181338
-2.41192 0.180057
-2.40608 0.178818
-2.40024 0.177579
-2.3944 0.176252
-2.38856 0.175015
-2.38272 0.173688
-2.37688 0.172406
-2.37104 0.171077
-2.3652 0.169749
-2.35936 0.16842
-2.35352 0.167136
-2.34768 0.165763
-2.34184 0.164477
-2.336 0.163104
-2.33016 0.161776
-2.32432 0.160445
-2.31848 0.159071
-2.31264 0.157783
-2.3068 0.156365
-2.30096 0.15499
-2.29512 0.153571
-2.28928 0.152198
-2.28344 0.150781
-2.2776 0.149493
-2.27176 0.148207
-2.26592 0.146964
-2.26008 0.145676
-2.25424 0.144257
-2.2484 0.142838
-2.24256 0.14142
-2.23672 0.140046
-2.23088 0.138584
-2.22504 0.137165
-2.2192 0.135701
-2.21336 0.134282
-2.20752 0.132864
-2.20168 0.1314
-2.19584 0.129937
-2.19 0.12843
-2.18416 0.126967
-2.17832 0.125505
-2.17248 0.124042
-2.16664 0.12258
-2.1608 0.121119
-2.15496 0.119612
-2.14912 0.118148
-2.14328 0.116642
-2.13744 0.115135
-2.1316 0.113674
-2.12576 0.112338
-2.11992 0.111383
-2.11408 0.11026
-2.10824 0.108797
-2.1024 0.108352
-2.09656 0.107268
-2.09072 0.106315
-2.08488 0.105743
-2.07904 0.104999
-2.0732 0.104341
-2.06736 0.103771
-2.06152 0.103284
-2.05568 0.102207
-2.04984 0.102828
-2.044 0.101201
-2.03816 0.101859
-2.03232 0.100395
-2.02648 0.100671
-2.02064 0.099508
-2.0148 0.0994443
-2.00896 0.0988735
-2.00312 0.0995716
-1.99728 0.0978129
-1.99144 0.098349
-1.9856 0.0979418
-1.97976 0.0977112
-1.97392 0.0984531
-1.96808 0.0971678
-1.96224 0.0974037
-1.9564 0.0978084
-1.95056 0.0980477
-1.94472 0.0971395
-1.93888 0.0968661
-1.93304 0.0940055
-1.9272 0.0938191
-1.92136 0.0922307
-1.91552 0.0911568
-1.90968 0.089601
-1.90384 0.0885327
-1.898 0.0867265
-1.89216 0.0840439
-1.88632 0.0815637
-1.88048 0.0807795
-1.87464 0.079069
-1.8688 0.0772668
-1.86296 0.0755948
-1.85712 0.0720965
-1.85128 0.0706015
-1.84544 0.0679484
-1.8396 0.0671393
-1.83376 0.0651761
-1.82792 0.0631749
-1.82208 0.0610805
-1.81624 0.0584394
-1.8104 0.057793
-1.80456 0.0547235
-1.79872 0.0530205
-1.79288 0.0515228
-1.78704 0.0483715
-1.7812 0.0460261
-1.77536 0.0441079
-1.76952 0.0426137
-1.76368 0.0411612
-1.75784 0.0380561
-1.752 0.0375834
-1.74616 0.0369423
-1.74032 0.0339638
-1.73448 0.0326877
-1.72864 0.0309046
-1.7228 0.028567
-1.71696 0.0268877
-1.71112 0.0252092
-1.70528 0.0241048
-1.69944 0.0221973
-1.6936 0.0205897
-1.68776 0.0189387
-1.68192 0.0175081
-1.67608 0.015564
-1.67024 0.0160004
-1.6644 0.0161354
-1.65856 0.0150415
-1.65272 0.0162832
-1.64688 0.015319
-1.64104 0.0164769
-1.6352 0.0182299
-1.62936 0.0195186
-1.62352 0.0195826
-1.61768 0.0230795
-1.61184 0.0233629
-1.606 0.0245355
-1.60016 0.0260448
-1.59432 0.0263882
-1.58848 0.028982
-1.58264 0.0285689
-1.5768 0.0316324
-1.57096 0.0326687
-1.56512 0.033824
-1.55928 0.0357497
-1.55344 0.036662
-1.5476 0.0404099
-1.54176 0.041366
-1.53592 0.0428789
-1.53008 0.0431597
-1.52424 0.0429523
-1.5184 0.0437874
-1.51256 0.0466965
-1.50672 0.0475269
-1.50088 0.0471836
-1.49504 0.0526633
-1.4892 0.0547763
-1.48336 0.0569908
-1.47752 0.0587487
-1.47168 0.0613615
-1.46584 0.0621786
-1.46 0.0632351
-1.45416 0.064961
-1.44832 0.0660648
-1.44248 0.0702901
-1.43664 0.0725001
-1.4308 0.0725044
-1.42496 0.074112
-1.41912 0.0758006
-1.41328 0.079483
-1.40744 0.0803405
-1.4016 0.0824666
-1.39576 0.0836032
-1.38992 0.0849981
-1.38408 0.0846821
-1.37824 0.0858319
-1.3724 0.0884238
-1.36656 0.0894132
-1.36072 0.0908846
-1.35488 0.0948378
-1.34904 0.0950005
-1.3432 0.0987475
-1.33736 0.0998062
-1.33152 0.101193
-1.32568 0.106502
-1.31984 0.106847
-1.314 0.107609
-1.30816 0.109425
-1.30232 0.109242
-1.29648 0.11119
-1.29064 0.112855
-1.2848 0.115951
-1.27896 0.121104
-1.27312 0.121645
-1.26728 0.122387
-1.26144 0.123957
-1.2556 0.127637
-1.24976 0.128945
-1.24392 0.130612
-1.23808 0.132311
-1.23224 0.133431
-1.2264 0.136678
-1.22056 0.138925
-1.21472 0.14135
-1.20888 0.140507
-1.20304 0.142758
-1.1972 0.144593
-1.19136 0.146503
-1.18552 0.147323
-1.17968 0.151248
-1.17384 0.152463
-1.168 0.153091
-1.16216 0.154506
-1.15632 0.155147
-1.15048 0.157443
-1.14464 0.156516
-1.1388 0.16004
-1.13296 0.160951
-1.12712 0.162982
-1.12128 0.165489
-1.11544 0.167956
-1.1096 0.171259
-1.10376 0.172667
-1.09792 0.174625
-1.09208 0.176457
-1.08624 0.174876
-1.0804 0.176877
-1.07456 0.179218
-1.06872 0.179733
-1.06288 0.180764
-1.05704 0.187728
-1.0512 0.18876
-1.04536 0.190985
-1.03952 0.193174
-1.03368 0.195426
-1.02784 0.196023
-1.022 0.197562
-1.01616 0.19862
-1.01032 0.199348
-1.00448 0.203882
-0.99864 0.205667
-0.9928 0.204704
-0.98696 0.207164
-0.98112 0.208012
-0.97528 0.210684
-0.96944 0.211574
-0.9636 0.213325
-0.95776 0.214171
-0.95192 0.216376
-0.94608 0.215508
-0.94024 0.215935
-0.9344 0.217051
-0.92856 0.217696
-0.92272 0.219087
-0.91688 0.222694
-0.91104 0.223625
-0.9052 0.22647
-0.89936 0.22745
-0.89352 0.229145
-0.88768 0.232076
-0.88184 0.233311
-0.876 0.232244
-0.87016 0.23385
-0.86432 0.233622
-0.85848 0.23452
-0.85264 0.236637
-0.8468 0.236985
-0.84096 0.242219
-0.83512 0.24278
-0.82928 0.243004
-0.82344 0.244403
-0.8176 0.2461
-0.81176 0.246694
-0.80592 0.247043
-0.80008 0.247508
-0.79424 0.248146
-0.7884 0.249164
-0.78256 0.251068
-0.77672 0.250859
-0.77088 0.252045
-0.76504 0.252385
-0.7592 0.252765
-0.75336 0.254455
-0.74752 0.25493
-0.74168 0.256529
-0.73584 0.256193
-0.73 0.256569
-0.72416 0.256236
-0.71832 0.256956
-0.71248 0.257757
-0.70664 0.258594
-0.7008 0.259651
-0.69496 0.260238
-0.68912 0.261623
-0.68328 0.262251
-0.67744 0.263128
-0.6716 0.264553
-0.66576 0.265465
-0.65992 0.266341
-0.65408 0.267601
-0.64824 0.26675
-0.6424 0.267788
-0.63656 0.268653
-0.63072 0.269428
-0.62488 0.270117
-0.61904 0.27173
-0.6132 0.271996
-0.60736 0.272302
-0.60152 0.272139
-0.59568 0.272139
-0.58984 0.272139
-0.584 0.272139
-0.57816 0.272139
-0.57232 0.272139
-0.56648 0.272139
-0.56064 0.272139
-0.5548 0.272139
-0.54896 0.272139
-0.54312 0.272139
-0.53728 0.272139
-0.53144 0.272139
-0.5256 0.272139
-0.51976 0.272139
-0.51392 0.272139
-0.50808 0.272139
-0.50224 0.272139
-0.4964 0.272139
-0.49056 0.272139
-0.48472 0.272139
-0.47888 0.272139
-0.47304 0.272139
-0.4672 0.272139
-0.46136 0.272139
-0.45552 0.272139
-0.44968 0.272139
-0.44384 0.272139
-0.438 0.272139
-0.43216 0.272139
-0.42632 0.272139
-0.42048 0.272139
-0.41464 0.272139
-0.4088 0.272139
-0.40296 0.272139
-0.39712 0.272139
-0.39128 0.272139
-0.38544 0.272139
-0.3796 0.272139
-0.37376 0.272139
-0.36792 0.272139
-0.36208 0.272139
-0.35624 0.272139
-0.3504 0.272139
-0.34456 0.272139
-0.33872 0.272139
-0.33288 0.272139
-0.32704 0.272139
-0.3212 0.272139
-0.31536 0.272139
-0.30952 0.272139
-0.30368 0.272139
-0.29784 0.272139
-0.292 0.272139
-0.28616 0.272139
-0.28032 0.272139
-0.27448 0.272139
-0.26864 0.272139
-0.2628 0.272139
-0.25696 0.272139
-0.25112 0.272139
-0.24528 0.272139
-0.23944 0.272139
-0.2336 0.272139
-0.22776 0.272139
-0.22192 0.272139
-0.21608 0.272139
-0.21024 0.272139
-0.2044 0.272139
-0.19856 0.272139
-0.19272 0.272139
-0.18688 0.272139
-0.18104 0.272139
-0.1752 0.272139
-0.16936 0.272139
-0.16352 0.272139
-0.15768 0.272139
-0.15184 0.272139
-0.146 0.272139
-0.14016 0.272139
-0.13432 0.272139
-0.12848 0.272139
-0.12264 0.272139
-0.1168 0.272139
-0.11096 0.272139
-0.10512 0.272139
-0.09928 0.272139
-0.09344 0.272139
-0.0876 0.272139
-0.08176 0.272139
-0.07592 0.272139
-0.07008 0.272139
-0.06424 0.272139
-0.0584 0.272139
-0.05256 0.272139
-0.04672 0.272139
-0.04088 0.272139
-0.03504 0.272139
-0.0292 0.272139
-0.02336 0.272139
-0.01752 0.272139
-0.01168 0.272139
-0.00584 0.272139
