-2.92 0.298802
-2.91416 0.298802
-2.90832 0.298802
-2.90248 0.298802
-2.89664 0.298802
-2.8908 0.298802
-2.88496 0.298802
-2.87912 0.298802
-2.87328 0.298802
-2.86744 0.298802
-2.8616 0.298802
-2.85576 0.298802
-2.84992 0.298802
-2.84408 0.298802
-2.83824 0.298802
-2.8324 0.298802
-2.82656 0.298802
-2.82072 0.298802
-2.81488 0.298802
-2.80904 0.298802
-2.8032 0.298802
-2.79736 0.298802
-2.79152 0.298802
-2.78568 0.298802
-2.77984 0.298802
-2.774 0.298802
-2.76816 0.298802
-2.76232 0.298802
-2.75648 0.298802
-2.75064 0.298802
-2.7448 0.298802
-2.73896 0.298802
-2.73312 0.298802
-2.72728 0.298802
-2.72144 0.298802
-2.7156 0.298802
-2.70976 0.298802
-2.70392 0.298802
-2.69808 0.298802
-2.69224 0.298802
-2.6864 0.298802
-2.68056 0.298802
-2.67472 0.298802
-2.66888 0.298802
-2.66304 0.298802
-2.6572 0.298802
-2.65136 0.298802
-2.64552 0.298802
-2.63968 0.298802
-2.63384 0.298802
-2.628 0.298802
-2.62216 0.298802
-2.61632 0.298802
-2.61048 0.298802
-2.60464 0.298802
-2.5988 0.298802
-2.59296 0.298537
-2.58712 0.298182
-2.58128 0.297782
-2.57544 0.297206
-2.5696 0.296542
-2.56376 0.295746
-2.55792 0.294905
-2.55208 0.29402
-2.54624 0.293179
-2.5404 0.29225
-2.53456 0.291276
-2.52872 0.290259
-2.52288 0.289197
-2.51704 0.288004
-2.5112 0.286854
-2.50536 0.285616
-2.49952 0.284289
-2.49368 0.283007
-2.48784 0.281593
-2.482 0.280354
-2.47616 0.27885
-2.47032 0.277347
-2.46448 0.275755
-2.45864 0.274163
-2.4528 0.272526
-2.44696 0.270889
-2.44112 0.269163
-2.43528 0.267393
-2.42944 0.265665
-2.4236 0.26385
-2.41776 0.262036
-2.41192 0.260221
-2.40608 0.258405
-2.40024 0.256588
-2.3944 0.254684
-2.38856 0.252825
-2.38272 0.25092
-2.37688 0.249105
-2.37104 0.247201
-2.3652 0.245385
-2.35936 0.243524
-2.35352 0.241621
-2.34768 0.239717
-2.34184 0.237814
-2.336 0.235866
-2.33016 0.233875
-2.32432 0.231972
-2.31848 0.230025
-2.31264 0.228078
-2.3068 0.226219
-2.30096 0.224315
-2.29512 0.222413
-2.28928 0.220422
-2.28344 0.21843
-2.2776 0.216483
-2.27176 0.214581
-2.26592 0.212547
-2.26008 0.210689
-2.25424 0.208611
-2.2484 0.206487
-2.24256 0.204408
-2.23672 0.202328
-2.23088 0.200203
-2.22504 0.19808
-2.2192 0.195912
-2.21336 0.193788
-2.20752 0.191664
-2.20168 0.189452
-2.19584 0.187327
-2.19 0.185158
-2.18416 0.183033
-2.17832 0.180865
-2.17248 0.178742
-2.16664 0.176529
-2.1608 0.174318
-2.15496 0.172106
-2.14912 0.169894
-2.14328 0.167725
-2.13744 0.165469
-2.1316 0.163301
-2.12576 0.161132
-2.11992 0.158877
-2.11408 0.156621
-2.10824 0.154365
-2.1024 0.15211
-2.09656 0.149898
-2.09072 0.147643
-2.08488 0.145517
-2.07904 0.14322
-2.0732 0.141095
-2.06736 0.138755
-2.06152 0.136585
-2.05568 0.134376
-2.04984 0.132167
-2.044 0.130174
-2.03816 0.128047
-2.03232 0.125793
-2.02648 0.123497
-2.02064 0.121328
-2.0148 0.119115
-2.00896 0.117034
-2.00312 0.114947
-1.99728 0.112738
-1.99144 0.110402
-1.9856 0.108658
-1.97976 0.107119
-1.97392 0.105711
-1.96808 0.10401
-1.96224 0.102982
-1.9564 0.101324
-1.95056 0.10026
-1.94472 0.0991492
-1.93888 0.0979143
-1.93304 0.0965082
-1.9272 0.0961227
-1.92136 0.095098
-1.91552 0.093237
-1.90968 0.0926806
-1.90384 0.0912857
-1.898 0.0910291
-1.89216 0.0907192
-1.88632 0.0897025
-1.88048 0.0886555
-1.87464 0.0879336
-1.8688 0.0873628
-1.86296 0.0886379
-1.85712 0.0872332
-1.85128 0.0854634
-1.84544 0.0867863
-1.8396 0.0857998
-1.83376 0.085898
-1.82792 0.0859408
-1.82208 0.0856618
-1.81624 0.0852003
-1.8104 0.0844992
-1.80456 0.0842647
-1.79872 0.0839695
-1.79288 0.0840894
-1.78704 0.0834657
-1.7812 0.0847139
-1.77536 0.0842356
-1.76952 0.0819059
-1.76368 0.0837147
-1.75784 0.0841278
-1.752 0.0832161
-1.74616 0.0838363
-1.74032 0.0829821
-1.73448 0.0828523
-1.72864 0.0845902
-1.7228 0.0852458
-1.71696 0.0829076
-1.71112 0.0838485
-1.70528 0.0859676
-1.69944 0.0877883
-1.6936 0.0856136
-1.68776 0.0860977
-1.68192 0.087633
-1.67608 0.0862884
-1.67024 0.0848031
-1.6644 0.0861112
-1.65856 0.0888596
-1.65272 0.0875371
-1.64688 0.0882916
-1.64104 0.0881148
-1.6352 0.0901808
-1.62936 0.0895547
-1.62352 0.0876379
-1.61768 0.0876825
-1.61184 0.0896849
-1.606 0.0936878
-1.60016 0.094463
-1.59432 0.0958979
-1.58848 0.0960495
-1.58264 0.098522
-1.5768 0.0992735
-1.57096 0.0991226
-1.56512 0.102254
-1.55928 0.103092
-1.55344 0.107924
-1.5476 0.106245
-1.54176 0.113357
-1.53592 0.112262
-1.53008 0.112922
-1.52424 0.114082
-1.5184 0.116362
-1.51256 0.118766
-1.50672 0.121202
-1.50088 0.121027
-1.49504 0.122905
-1.4892 0.127667
-1.48336 0.12902
-1.47752 0.127465
-1.47168 0.130811
-1.46584 0.133477
-1.46 0.134125
-1.45416 0.13551
-1.44832 0.137008
-1.44248 0.140124
-1.43664 0.142439
-1.4308 0.143888
-1.42496 0.150385
-1.41912 0.146934
-1.41328 0.149897
-1.40744 0.154362
-1.4016 0.155938
-1.39576 0.159633
-1.38992 0.161382
-1.38408 0.164424
-1.37824 0.16551
-1.3724 0.167215
-1.36656 0.1703
-1.36072 0.169662
-1.35488 0.172655
-1.34904 0.174144
-1.3432 0.177661
-1.33736 0.179185
-1.33152 0.179565
-1.32568 0.184466
-1.31984 0.18716
-1.314 0.187086
-1.30816 0.189017
-1.30232 0.19031
-1.29648 0.19479
-1.29064 0.195972
-1.2848 0.199333
-1.27896 0.200433
-1.27312 0.200266
-1.26728 0.20625
-1.26144 0.207079
-1.2556 0.206412
-1.24976 0.208799
-1.24392 0.211721
-1.23808 0.213212
-1.23224 0.213404
-1.2264 0.218093
-1.22056 0.220498
-1.21472 0.222232
-1.20888 0.225129
-1.20304 0.225233
-1.1972 0.230297
-1.19136 0.231446
-1.18552 0.231418
-1.17968 0.233236
-1.17384 0.23732
-1.168 0.240474
-1.16216 0.243489
-1.15632 0.245221
-1.15048 0.246667
-1.14464 0.248782
-1.1388 0.249203
-1.13296 0.247988
-1.12712 0.250924
-1.12128 0.252345
-1.11544 0.257851
-1.1096 0.256364
-1.10376 0.262045
-1.09792 0.262241
-1.09208 0.262537
-1.08624 0.263363
-1.0804 0.265546
-1.07456 0.267912
-1.06872 0.269972
-1.06288 0.268844
-1.05704 0.271437
-1.0512 0.27533
-1.04536 0.275063
-1.03952 0.272622
-1.03368 0.275902
-1.02784 0.276428
-1.022 0.275108
-1.01616 0.276982
-1.01032 0.27641
-1.00448 0.276787
-0.99864 0.277796
-0.9928 0.278697
-0.98696 0.28184
-0.98112 0.278909
-0.97528 0.280167
-0.96944 0.282006
-0.9636 0.281414
-0.95776 0.283806
-0.95192 0.283581
-0.94608 0.284753
-0.94024 0.283824
-0.9344 0.285701
-0.92856 0.285056
-0.92272 0.283952
-0.91688 0.285822
-0.91104 0.285515
-0.9052 0.285981
-0.89936 0.285912
-0.89352 0.287583
-0.88768 0.289044
-0.88184 0.289706
-0.876 0.289301
-0.87016 0.288594
-0.86432 0.289905
-0.85848 0.291567
-0.85264 0.291556
-0.8468 0.291542
-0.84096 0.29294
-0.83512 0.291828
-0.82928 0.293205
-0.82344 0.292946
-0.8176 0.292627
-0.81176 0.29322
-0.80592 0.294545
-0.80008 0.294003
-0.79424 0.293722
-0.7884 0.294349
-0.78256 0.295635
-0.77672 0.296237
-0.77088 0.297293
-0.76504 0.297058
-0.7592 0.298651
-0.75336 0.298837
-0.74752 0.299439
-0.74168 0.29987
-0.73584 0.301218
-0.73 0.301149
-0.72416 0.303308
-0.71832 0.303309
-0.71248 0.304408
-0.70664 0.305128
-0.7008 0.306053
-0.69496 0.306854
-0.68912 0.307487
-0.68328 0.308123
-0.67744 0.310437
-0.6716 0.311825
-0.66576 0.313087
-0.65992 0.313752
-0.65408 0.313797
-0.64824 0.314553
-0.6424 0.316599
-0.63656 0.317136
-0.63072 0.317123
-0.62488 0.317611
-0.61904 0.318006
-0.6132 0.318278
-0.60736 0.317959
-0.60152 0.318391
-0.59568 0.318391
-0.58984 0.318391
-0.584 0.318391
-0.57816 0.318391
-0.57232 0.318391
-0.56648 0.318391
-0.56064 0.318391
-0.5548 0.318391
-0.54896 0.318391
-0.54312 0.318391
-0.53728 0.318391
-0.53144 0.318391
-0.5256 0.318391
-0.51976 0.318391
-0.51392 0.318391
-0.50808 0.318391
-0.50224 0.318391
-0.4964 0.318391
-0.49056 0.318391
-0.48472 0.318391
-0.47888 0.318391
-0.47304 0.318391
-0.4672 0.318391
-0.46136 0.318391
-0.45552 0.318391
-0.44968 0.318391
-0.44384 0.318391
-0.438 0.318391
-0.43216 0.318391
-0.42632 0.318391
-0.42048 0.318391
-0.41464 0.318391
-0.4088 0.318391
-0.40296 0.318391
-0.39712 0.318391
-0.39128 0.318391
-0.38544 0.318391
-0.3796 0.318391
-0.37376 0.318391
-0.36792 0.318391
-0.36208 0.318391
-0.35624 0.318391
-0.3504 0.318391
-0.34456 0.318391
-0.33872 0.318391
-0.33288 0.318391
-0.32704 0.318391
-0.3212 0.318391
-0.31536 0.318391
-0.30952 0.318391
-0.30368 0.318391
-0.29784 0.318391
-0.292 0.318391
-0.28616 0.318391
-0.28032 0.318391
-0.27448 0.318391
-0.26864 0.318391
-0.2628 0.318391
-0.25696 0.318391
-0.25112 0.318391
-0.24528 0.318391
-0.23944 0.318391
-0.2336 0.318391
-0.22776 0.318391
-0.22192 0.318391
-0.21608 0.318391
-0.21024 0.318391
-0.2044 0.318391
-0.19856 0.318391
-0.19272 0.318391
-0.18688 0.318391
-0.18104 0.318391
-0.1752 0.318391
-0.16936 0.318391
-0.16352 0.318391
-0.15768 0.318391
-0.15184 0.318391
-0.146 0.318391
-0.14016 0.318391
-0.13432 0.318391
-0.12848 0.318391
-0.12264 0.318391
-0.1168 0.318391
-0.11096 0.318391
-0.10512 0.318391
-0.09928 0.318391
-0.09344 0.318391
-0.0876 0.318391
-0.08176 0.318391
-0.07592 0.318391
-0.07008 0.318391
-0.06424 0.318391
-0.0584 0.318391
-0.05256 0.318391
-0.04672 0.318391
-0.04088 0.318391
-0.03504 0.318391
-0.0292 0.318391
-0.02336 0.318391
-0.01752 0.318391
-0.01168 0.318391
-0.00584 0.318391
