-2.92 0.221806
-2.91416 0.221806
-2.90832 0.221806
-2.90248 0.221806
-2.89664 0.221806
-2.8908 0.221806
-2.88496 0.221806
-2.87912 0.221806
-2.87328 0.221806
-2.86744 0.221806
-2.8616 0.221806
-2.85576 0.221806
-2.84992 0.221806
-2.84408 0.221806
-2.83824 0.221806
-2.8324 0.221806
-2.82656 0.221806
-2.82072 0.221806
-2.81488 0.221806
-2.80904 0.221806
-2.8032 0.221806
-2.79736 0.221806
-2.79152 0.221806
-2.78568 0.221806
-2.77984 0.221806
-2.774 0.221806
-2.76816 0.221806
-2.76232 0.221806
-2.75648 0.221806
-2.75064 0.221806
-2.7448 0.221806
-2.73896 0.221806
-2.73312 0.221806
-2.72728 0.221806
-2.72144 0.221806
-2.7156 0.221806
-2.70976 0.221806
-2.70392 0.221806
-2.69808 0.221806
-2.69224 0.221806
-2.6864 0.221806
-2.68056 0.221806
-2.67472 0.221806
-2.66888 0.221806
-2.66304 0.221806
-2.6572 0.221806
-2.65136 0.221806
-2.64552 0.221806
-2.63968 0.221806
-2.63384 0.221806
-2.628 0.221806
-2.62216 0.221806
-2.61632 0.221806
-2.61048 0.221806
-2.60464 0.221806
-2.5988 0.221806
-2.59296 0.221542
-2.58712 0.221233
-2.58128 0.220792
-2.57544 0.220306
-2.5696 0.219732
-2.56376 0.219158
-2.55792 0.218496
-2.55208 0.217834
-2.54624 0.217172
-2.5404 0.216422
-2.53456 0.215628
-2.52872 0.21479
-2.52288 0.213997
-2.51704 0.21307
-2.5112 0.212101
-2.50536 0.211217
-2.49952 0.210291
-2.49368 0.209232
-2.48784 0.208261
-2.482 0.207376
-2.47616 0.206227
-2.47032 0.205078
-2.46448 0.203929
-2.45864 0.20278
-2.4528 0.201585
-2.44696 0.200347
-2.44112 0.199063
-2.43528 0.197736
-2.42944 0.196498
-2.4236 0.19517
-2.41776 0.193844
-2.41192 0.192516
-2.40608 0.191187
-2.40024 0.189816
-2.3944 0.188444
-2.38856 0.187074
-2.38272 0.185658
-2.37688 0.184243
-2.37104 0.182739
-2.3652 0.181279
-2.35936 0.179776
-2.35352 0.178317
-2.34768 0.176857
-2.34184 0.175398
-2.336 0.173894
-2.33016 0.172478
-2.32432 0.171062
-2.31848 0.169603
-2.31264 0.168143
-2.3068 0.166685
-2.30096 0.165181
-2.29512 0.163634
-2.28928 0.16222
-2.28344 0.160762
-2.2776 0.159215
-2.27176 0.157713
-2.26592 0.156255
-2.26008 0.154927
-2.25424 0.153424
-2.2484 0.151877
-2.24256 0.150375
-2.23672 0.148872
-2.23088 0.147326
-2.22504 0.145779
-2.2192 0.144232
-2.21336 0.142729
-2.20752 0.141227
-2.20168 0.13968
-2.19584 0.138176
-2.19 0.136628
-2.18416 0.135124
-2.17832 0.133577
-2.17248 0.131988
-2.16664 0.130439
-2.1608 0.128936
-2.15496 0.127344
-2.14912 0.125795
-2.14328 0.124203
-2.13744 0.12261
-2.1316 0.121062
-2.12576 0.119513
-2.11992 0.117965
-2.11408 0.116416
-2.10824 0.11491
-2.1024 0.113362
-2.09656 0.111814
-2.09072 0.110265
-2.08488 0.108802
-2.07904 0.107168
-2.0732 0.105575
-2.06736 0.104157
-2.06152 0.102696
-2.05568 0.101103
-2.04984 0.0995575
-2.044 0.0981845
-2.03816 0.0966353
-2.03232 0.0951728
-2.02648 0.0937102
-2.02064 0.0919511
-2.0148 0.0905717
-2.00896 0.0891082
-2.00312 0.0873488
-1.99728 0.0860951
-1.99144 0.0844662
-1.9856 0.0833024
-1.97976 0.0822182
-1.97392 0.0816851
-1.96808 0.0805248
-1.96224 0.0798661
-1.9564 0.079125
-1.95056 0.0785047
-1.94472 0.0780598
-1.93888 0.0776169
-1.93304 0.0771202
-1.9272 0.0763002
-1.92136 0.075716
-1.91552 0.0756145
-1.90968 0.0748306
-1.90384 0.0745126
-1.898 0.0745304
-1.89216 0.0744219
-1.88632 0.0741909
-1.88048 0.0737894
-1.87464 0.0731273
-1.8688 0.0732747
-1.86296 0.0731726
-1.85712 0.0739885
-1.85128 0.0741479
-1.84544 0.0729832
-1.8396 0.0738023
-1.83376 0.0728564
-1.82792 0.0727548
-1.82208 0.0742063
-1.81624 0.0745729
-1.8104 0.0747626
-1.80456 0.0732711
-1.79872 0.0753216
-1.79288 0.0754746
-1.78704 0.0752352
-1.7812 0.075142
-1.77536 0.0767694
-1.76952 0.0775568
-1.76368 0.0761864
-1.75784 0.0777332
-1.752 0.0789886
-1.74616 0.0777166
-1.74032 0.0782995
-1.73448 0.0798841
-1.72864 0.0801669
-1.7228 0.0811308
-1.71696 0.0818462
-1.71112 0.0831
-1.70528 0.0834783
-1.69944 0.0848042
-1.6936 0.0852211
-1.68776 0.0843313
-1.68192 0.0868757
-1.67608 0.0868603
-1.67024 0.087347
-1.6644 0.0877048
-1.65856 0.0861954
-1.65272 0.0887607
-1.64688 0.0879239
-1.64104 0.0918281
-1.6352 0.0900336
-1.62936 0.090397
-1.62352 0.0910572
-1.61768 0.0924779
-1.61184 0.0929124
-1.606 0.0945136
-1.60016 0.095813
-1.59432 0.0966232
-1.58848 0.0977072
-1.58264 0.099864
-1.5768 0.0979722
-1.57096 0.102715
-1.56512 0.102846
-1.55928 0.102004
-1.55344 0.106745
-1.5476 0.107582
-1.54176 0.11031
-1.53592 0.113273
-1.53008 0.112781
-1.52424 0.113686
-1.5184 0.115493
-1.51256 0.11672
-1.50672 0.118908
-1.50088 0.123988
-1.49504 0.121983
-1.4892 0.122664
-1.48336 0.125471
-1.47752 0.127016
-1.47168 0.128789
-1.46584 0.129826
-1.46 0.129195
-1.45416 0.133095
-1.44832 0.134641
-1.44248 0.135404
-1.43664 0.13871
-1.4308 0.138641
-1.42496 0.142597
-1.41912 0.144465
-1.41328 0.142548
-1.40744 0.147115
-1.4016 0.147583
-1.39576 0.151743
-1.38992 0.154091
-1.38408 0.155724
-1.37824 0.157349
-1.3724 0.159206
-1.36656 0.158968
-1.36072 0.161362
-1.35488 0.160825
-1.34904 0.162726
-1.3432 0.163555
-1.33736 0.167496
-1.33152 0.171517
-1.32568 0.172818
-1.31984 0.174393
-1.314 0.175873
-1.30816 0.175025
-1.30232 0.178757
-1.29648 0.179282
-1.29064 0.183348
-1.2848 0.183657
-1.27896 0.185847
-1.27312 0.189247
-1.26728 0.188444
-1.26144 0.188877
-1.2556 0.191615
-1.24976 0.190163
-1.24392 0.195794
-1.23808 0.194644
-1.23224 0.197915
-1.2264 0.199222
-1.22056 0.200378
-1.21472 0.20374
-1.20888 0.202221
-1.20304 0.208093
-1.1972 0.208601
-1.19136 0.209038
-1.18552 0.212078
-1.17968 0.212246
-1.17384 0.213243
-1.168 0.216827
-1.16216 0.219318
-1.15632 0.21971
-1.15048 0.222459
-1.14464 0.2241
-1.1388 0.22245
-1.13296 0.226694
-1.12712 0.226279
-1.12128 0.224923
-1.11544 0.22877
-1.1096 0.230236
-1.10376 0.232688
-1.09792 0.235307
-1.09208 0.234944
-1.08624 0.235652
-1.0804 0.23812
-1.07456 0.237387
-1.06872 0.23862
-1.06288 0.243353
-1.05704 0.242889
-1.0512 0.2416
-1.04536 0.242815
-1.03952 0.244823
-1.03368 0.245543
-1.02784 0.243741
-1.022 0.243548
-1.01616 0.243998
-1.01032 0.244889
-1.00448 0.243469
-0.99864 0.245142
-0.9928 0.244596
-0.98696 0.244951
-0.98112 0.245335
-0.97528 0.243328
-0.96944 0.245191
-0.9636 0.244986
-0.95776 0.245354
-0.95192 0.247056
-0.94608 0.246382
-0.94024 0.246554
-0.9344 0.245258
-0.92856 0.246108
-0.92272 0.245316
-0.91688 0.244535
-0.91104 0.243143
-0.9052 0.243579
-0.89936 0.245073
-0.89352 0.24693
-0.88768 0.245719
-0.88184 0.247069
-0.876 0.246245
-0.87016 0.245232
-0.86432 0.247125
-0.85848 0.247259
-0.85264 0.247312
-0.8468 0.245838
-0.84096 0.247824
-0.83512 0.24783
-0.82928 0.247658
-0.82344 0.246075
-0.8176 0.245945
-0.81176 0.245189
-0.80592 0.246546
-0.80008 0.246033
-0.79424 0.246252
-0.7884 0.245574
-0.78256 0.246837
-0.77672 0.246924
-0.77088 0.246757
-0.76504 0.247974
-0.7592 0.247843
-0.75336 0.247172
-0.74752 0.248391
-0.74168 0.248261
-0.73584 0.248892
-0.73 0.249686
-0.72416 0.250733
-0.71832 0.25098
-0.71248 0.250637
-0.70664 0.25164
-0.7008 0.252136
-0.69496 0.253141
-0.68912 0.253049
-0.68328 0.253843
-0.67744 0.255728
-0.6716 0.256348
-0.66576 0.257556
-0.65992 0.257584
-0.65408 0.257836
-0.64824 0.258369
-0.6424 0.259695
-0.63656 0.259971
-0.63072 0.26054
-0.62488 0.260895
-0.61904 0.261286
-0.6132 0.260921
-0.60736 0.260462
-0.60152 0.260678
-0.59568 0.260678
-0.58984 0.260678
-0.584 0.260678
-0.57816 0.260678
-0.57232 0.260678
-0.56648 0.260678
-0.56064 0.260678
-0.5548 0.260678
-0.54896 0.260678
-0.54312 0.260678
-0.53728 0.260678
-0.53144 0.260678
-0.5256 0.260678
-0.51976 0.260678
-0.51392 0.260678
-0.50808 0.260678
-0.50224 0.260678
-0.4964 0.260678
-0.49056 0.260678
-0.48472 0.260678
-0.47888 0.260678
-0.47304 0.260678
-0.4672 0.260678
-0.46136 0.260678
-0.45552 0.260678
-0.44968 0.260678
-0.44384 0.260678
-0.438 0.260678
-0.43216 0.260678
-0.42632 0.260678
-0.42048 0.260678
-0.41464 0.260678
-0.4088 0.260678
-0.40296 0.260678
-0.39712 0.260678
-0.39128 0.260678
-0.38544 0.260678
-0.3796 0.260678
-0.37376 0.260678
-0.36792 0.260678
-0.36208 0.260678
-0.35624 0.260678
-0.3504 0.260678
-0.34456 0.260678
-0.33872 0.260678
-0.33288 0.260678
-0.32704 0.260678
-0.3212 0.260678
-0.31536 0.260678
-0.30952 0.260678
-0.30368 0.260678
-0.29784 0.260678
-0.292 0.260678
-0.28616 0.260678
-0.28032 0.260678
-0.27448 0.260678
-0.26864 0.260678
-0.2628 0.260678
-0.25696 0.260678
-0.25112 0.260678
-0.24528 0.260678
-0.23944 0.260678
-0.2336 0.260678
-0.22776 0.260678
-0.22192 0.260678
-0.21608 0.260678
-0.21024 0.260678
-0.2044 0.260678
-0.19856 0.260678
-0.19272 0.260678
-0.18688 0.260678
-0.18104 0.260678
-0.1752 0.260678
-0.16936 0.260678
-0.16352 0.260678
-0.15768 0.260678
-0.15184 0.260678
-0.146 0.260678
-0.14016 0.260678
-0.13432 0.260678
-0.12848 0.260678
-0.12264 0.260678
-0.1168 0.260678
-0.11096 0.260678
-0.10512 0.260678
-0.09928 0.260678
-0.09344 0.260678
-0.0876 0.260678
-0.08176 0.260678
-0.07592 0.260678
-0.07008 0.260678
-0.06424 0.260678
-0.0584 0.260678
-0.05256 0.260678
-0.04672 0.260678
-0.04088 0.260678
-0.03504 0.260678
-0.0292 0.260678
-0.02336 0.260678
-0.01752 0.260678
-0.01168 0.260678
-0.00584 0.260678
