-2.92 0.231569
-2.91416 0.231569
-2.90832 0.231569
-2.90248 0.231569
-2.89664 0.231569
-2.8908 0.231569
-2.88496 0.231569
-2.87912 0.231569
-2.87328 0.231569
-2.86744 0.231569
-2.8616 0.231569
-2.85576 0.231569
-2.84992 0.231569
-2.84408 0.231569
-2.83824 0.231569
-2.8324 0.231569
-2.82656 0.231569
-2.82072 0.231569
-2.81488 0.231569
-2.80904 0.231569
-2.8032 0.231569
-2.79736 0.231569
-2.79152 0.231569
-2.78568 0.231569
-2.77984 0.231569
-2.774 0.231569
-2.76816 0.231569
-2.76232 0.231569
-2.75648 0.231569
-2.75064 0.231569
-2.7448 0.231569
-2.73896 0.231569
-2.73312 0.231569
-2.72728 0.231569
-2.72144 0.231569
-2.7156 0.231569
-2.70976 0.231569
-2.70392 0.231569
-2.69808 0.231569
-2.69224 0.231569
-2.6864 0.231569
-2.68056 0.231569
-2.67472 0.231569
-2.66888 0.231569
-2.66304 0.231569
-2.6572 0.231569
-2.65136 0.231569
-2.64552 0.231569
-2.63968 0.231569
-2.63384 0.231569
-2.628 0.231569
-2.62216 0.231569
-2.61632 0.231569
-2.61048 0.231569
-2.60464 0.231569
-2.5988 0.231569
-2.59296 0.231217
-2.58712 0.230734
-2.58128 0.230249
-2.57544 0.229633
-2.5696 0.229016
-2.56376 0.228309
-2.55792 0.227603
-2.55208 0.226897
-2.54624 0.226191
-2.5404 0.225397
-2.53456 0.224604
-2.52872 0.223854
-2.52288 0.223059
-2.51704 0.222221
-2.5112 0.221427
-2.50536 0.220544
-2.49952 0.219618
-2.49368 0.218779
-2.48784 0.217984
-2.482 0.217322
-2.47616 0.216352
-2.47032 0.215381
-2.46448 0.214322
-2.45864 0.213262
-2.4528 0.212203
-2.44696 0.211188
-2.44112 0.210174
-2.43528 0.209069
-2.42944 0.207964
-2.4236 0.206772
-2.41776 0.205536
-2.41192 0.204301
-2.40608 0.203064
-2.40024 0.201785
-2.3944 0.200505
-2.38856 0.199268
-2.38272 0.197944
-2.37688 0.196661
-2.37104 0.195249
-2.3652 0.193881
-2.35936 0.192468
-2.35352 0.191055
-2.34768 0.189598
-2.34184 0.188186
-2.336 0.186729
-2.33016 0.185228
-2.32432 0.183772
-2.31848 0.182227
-2.31264 0.180684
-2.3068 0.17914
-2.30096 0.177509
-2.29512 0.176008
-2.28928 0.174419
-2.28344 0.172742
-2.2776 0.17111
-2.27176 0.169521
-2.26592 0.167977
-2.26008 0.166478
-2.25424 0.164803
-2.2484 0.163083
-2.24256 0.161319
-2.23672 0.159555
-2.23088 0.15779
-2.22504 0.156115
-2.2192 0.15435
-2.21336 0.152585
-2.20752 0.150822
-2.20168 0.149014
-2.19584 0.147206
-2.19 0.145397
-2.18416 0.143589
-2.17832 0.141738
-2.17248 0.139975
-2.16664 0.138124
-2.1608 0.136402
-2.15496 0.134551
-2.14912 0.132744
-2.14328 0.13098
-2.13744 0.129129
-2.1316 0.127321
-2.12576 0.125597
-2.11992 0.124
-2.11408 0.12236
-2.10824 0.121228
-2.1024 0.120056
-2.09656 0.118459
-2.09072 0.117078
-2.08488 0.115735
-2.07904 0.115114
-2.0732 0.114071
-2.06736 0.11307
-2.06152 0.111385
-2.05568 0.110897
-2.04984 0.11011
-2.044 0.109115
-2.03816 0.107989
-2.03232 0.107625
-2.02648 0.107004
-2.02064 0.106808
-2.0148 0.105379
-2.00896 0.104761
-2.00312 0.105161
-1.99728 0.103864
-1.99144 0.103456
-1.9856 0.103008
-1.97976 0.102602
-1.97392 0.100876
-1.96808 0.100518
-1.96224 0.100323
-1.9564 0.100849
-1.95056 0.100449
-1.94472 0.100258
-1.93888 0.0964157
-1.93304 0.0980503
-1.9272 0.0953965
-1.92136 0.0935487
-1.91552 0.0920366
-1.90968 0.0883247
-1.90384 0.0879711
-1.898 0.0855304
-1.89216 0.0832099
-1.88632 0.0816209
-1.88048 0.0793565
-1.87464 0.0780671
-1.8688 0.0749952
-1.86296 0.0723462
-1.85712 0.0715682
-1.85128 0.06871
-1.84544 0.0674256
-1.8396 0.0660117
-1.83376 0.0617971
-1.82792 0.0602145
-1.82208 0.0580102
-1.81624 0.0565999
-1.8104 0.054128
-1.80456 0.0519054
-1.79872 0.0516489
-1.79288 0.0490035
-1.78704 0.0466237
-1.7812 0.0455564
-1.77536 0.0426639
-1.76952 0.0411729
-1.76368 0.0404477
-1.75784 0.0377668
-1.752 0.0360717
-1.74616 0.0332674
-1.74032 0.0321209
-1.73448 0.0310201
-1.72864 0.0290373
-1.7228 0.0271206
-1.71696 0.0260651
-1.71112 0.0242027
-1.70528 0.0218737
-1.69944 0.0215027
-1.6936 0.0194739
-1.68776 0.0180781
-1.68192 0.0171062
-1.67608 0.0154614
-1.67024 0.0148742
-1.6644 0.0145029
-1.65856 0.0142504
-1.65272 0.0153669
-1.64688 0.0157546
-1.64104 0.0161926
-1.6352 0.0180274
-1.62936 0.0184653
-1.62352 0.0184792
-1.61768 0.020703
-1.61184 0.0209385
-1.606 0.0244477
-1.60016 0.0246461
-1.59432 0.0271921
-1.58848 0.0260195
-1.58264 0.0284469
-1.5768 0.0295255
-1.57096 0.0314088
-1.56512 0.0331288
-1.55928 0.033444
-1.55344 0.0362266
-1.5476 0.0398059
-1.54176 0.0387313
-1.53592 0.042738
-1.53008 0.0423474
-1.52424 0.0414982
-1.5184 0.0422514
-1.51256 0.0444462
-1.50672 0.0461209
-1.50088 0.0472585
-1.49504 0.0524049
-1.4892 0.0535338
-1.48336 0.0548821
-1.47752 0.0566527
-1.47168 0.057366
-1.46584 0.0597444
-1.46 0.0611743
-1.45416 0.0613883
-1.44832 0.0631288
-1.44248 0.0661821
-1.43664 0.0674934
-1.4308 0.0694808
-1.42496 0.0715981
-1.41912 0.0730467
-1.41328 0.0740322
-1.40744 0.0772525
-1.4016 0.0787404
-1.39576 0.0817885
-1.38992 0.0819161
-1.38408 0.0816496
-1.37824 0.0841151
-1.3724 0.087983
-1.36656 0.0889066
-1.36072 0.089474
-1.35488 0.0907988
-1.34904 0.0929655
-1.3432 0.0955946
-1.33736 0.0976013
-1.33152 0.100146
-1.32568 0.105199
-1.31984 0.106355
-1.314 0.106016
-1.30816 0.10745
-1.30232 0.107489
-1.29648 0.111443
-1.29064 0.113309
-1.2848 0.115871
-1.27896 0.118251
-1.27312 0.12225
-1.26728 0.124198
-1.26144 0.126504
-1.2556 0.129393
-1.24976 0.132078
-1.24392 0.132349
-1.23808 0.136214
-1.23224 0.137151
-1.2264 0.138168
-1.22056 0.140488
-1.21472 0.14538
-1.20888 0.1473
-1.20304 0.147411
-1.1972 0.150804
-1.19136 0.152682
-1.18552 0.153262
-1.17968 0.15763
-1.17384 0.157516
-1.168 0.160534
-1.16216 0.160065
-1.15632 0.163203
-1.15048 0.163737
-1.14464 0.166677
-1.1388 0.167195
-1.13296 0.169707
-1.12712 0.172905
-1.12128 0.173802
-1.11544 0.177215
-1.1096 0.180945
-1.10376 0.180622
-1.09792 0.185802
-1.09208 0.18676
-1.08624 0.185493
-1.0804 0.186347
-1.07456 0.189463
-1.06872 0.190653
-1.06288 0.193298
-1.05704 0.199096
-1.0512 0.199286
-1.04536 0.201704
-1.03952 0.205707
-1.03368 0.20504
-1.02784 0.207605
-1.022 0.210314
-1.01616 0.210763
-1.01032 0.212815
-1.00448 0.215791
-0.99864 0.216784
-0.9928 0.218529
-0.98696 0.221597
-0.98112 0.221442
-0.97528 0.22332
-0.96944 0.225914
-0.9636 0.228185
-0.95776 0.230351
-0.95192 0.231205
-0.94608 0.23095
-0.94024 0.233257
-0.9344 0.235508
-0.92856 0.236752
-0.92272 0.23804
-0.91688 0.239411
-0.91104 0.241625
-0.9052 0.244516
-0.89936 0.246227
-0.89352 0.248404
-0.88768 0.252354
-0.88184 0.252954
-0.876 0.25219
-0.87016 0.254393
-0.86432 0.253538
-0.85848 0.255738
-0.85264 0.257739
-0.8468 0.258603
-0.84096 0.260421
-0.83512 0.263605
-0.82928 0.264701
-0.82344 0.265433
-0.8176 0.267213
-0.81176 0.26794
-0.80592 0.26807
-0.80008 0.270068
-0.79424 0.270454
-0.7884 0.270552
-0.78256 0.271313
-0.77672 0.27348
-0.77088 0.274833
-0.76504 0.274293
-0.7592 0.274922
-0.75336 0.276619
-0.74752 0.276921
-0.74168 0.277634
-0.73584 0.27882
-0.73 0.278903
-0.72416 0.278026
-0.71832 0.279076
-0.71248 0.279326
-0.70664 0.280423
-0.7008 0.280752
-0.69496 0.28137
-0.68912 0.282464
-0.68328 0.282964
-0.67744 0.283926
-0.6716 0.285564
-0.66576 0.286435
-0.65992 0.287564
-0.65408 0.288359
-0.64824 0.287935
-0.6424 0.288931
-0.63656 0.289881
-0.63072 0.290704
-0.62488 0.291527
-0.61904 0.293187
-0.6132 0.29371
-0.60736 0.293889
-0.60152 0.293814
-0.59568 0.293814
-0.58984 0.293814
-0.584 0.293814
-0.57816 0.293814
-0.57232 0.293814
-0.56648 0.293814
-0.56064 0.293814
-0.5548 0.293814
-0.54896 0.293814
-0.54312 0.293814
-0.53728 0.293814
-0.53144 0.293814
-0.5256 0.293814
-0.51976 0.293814
-0.51392 0.293814
-0.50808 0.293814
-0.50224 0.293814
-0.4964 0.293814
-0.49056 0.293814
-0.48472 0.293814
-0.47888 0.293814
-0.47304 0.293814
-0.4672 0.293814
-0.46136 0.293814
-0.45552 0.293814
-0.44968 0.293814
-0.44384 0.293814
-0.438 0.293814
-0.43216 0.293814
-0.42632 0.293814
-0.42048 0.293814
-0.41464 0.293814
-0.4088 0.293814
-0.40296 0.293814
-0.39712 0.293814
-0.39128 0.293814
-0.38544 0.293814
-0.3796 0.293814
-0.37376 0.293814
-0.36792 0.293814
-0.36208 0.293814
-0.35624 0.293814
-0.3504 0.293814
-0.34456 0.293814
-0.33872 0.293814
-0.33288 0.293814
-0.32704 0.293814
-0.3212 0.293814
-0.31536 0.293814
-0.30952 0.293814
-0.30368 0.293814
-0.29784 0.293814
-0.292 0.293814
-0.28616 0.293814
-0.28032 0.293814
-0.27448 0.293814
-0.26864 0.293814
-0.2628 0.293814
-0.25696 0.293814
-0.25112 0.293814
-0.24528 0.293814
-0.23944 0.293814
-0.2336 0.293814
-0.22776 0.293814
-0.22192 0.293814
-0.21608 0.293814
-0.21024 0.293814
-0.2044 0.293814
-0.19856 0.293814
-0.19272 0.293814
-0.18688 0.293814
-0.18104 0.293814
-0.1752 0.293814
-0.16936 0.293814
-0.16352 0.293814
-0.15768 0.293814
-0.15184 0.293814
-0.146 0.293814
-0.14016 0.293814
-0.13432 0.293814
-0.12848 0.293814
-0.12264 0.293814
-0.1168 0.293814
-0.11096 0.293814
-0.10512 0.293814
-0.09928 0.293814
-0.09344 0.293814
-0.0876 0.293814
-0.08176 0.293814
-0.07592 0.293814
-0.07008 0.293814
-0.06424 0.293814
-0.0584 0.293814
-0.05256 0.293814
-0.04672 0.293814
-0.04088 0.293814
-0.03504 0.293814
-0.0292 0.293814
-0.02336 0.293814
-0.01752 0.293814
-0.01168 0.293814
-0.00584 0.293814
