-2.92 0.206353
-2.91416 0.206353
-2.90832 0.206353
-2.90248 0.206353
-2.89664 0.206353
-2.8908 0.206353
-2.88496 0.206353
-2.87912 0.206353
-2.87328 0.206353
-2.86744 0.206353
-2.8616 0.206353
-2.85576 0.206353
-2.84992 0.206353
-2.84408 0.206353
-2.83824 0.206353
-2.8324 0.206353
-2.82656 0.206353
-2.82072 0.206353
-2.81488 0.206353
-2.80904 0.206353
-2.8032 0.206353
-2.79736 0.206353
-2.79152 0.206353
-2.78568 0.206353
-2.77984 0.206353
-2.774 0.206353
-2.76816 0.206353
-2.76232 0.206353
-2.75648 0.206353
-2.75064 0.206353
-2.7448 0.206353
-2.73896 0.206353
-2.73312 0.206353
-2.72728 0.206353
-2.72144 0.206353
-2.7156 0.206353
-2.70976 0.206353
-2.70392 0.206353
-2.69808 0.206353
-2.69224 0.206353
-2.6864 0.206353
-2.68056 0.206353
-2.67472 0.206353
-2.66888 0.206353
-2.66304 0.206353
-2.6572 0.206353
-2.65136 0.206353
-2.64552 0.206353
-2.63968 0.206353
-2.63384 0.206353
-2.628 0.206353
-2.62216 0.206353
-2.61632 0.206353
-2.61048 0.206353
-2.60464 0.206353
-2.5988 0.206353
-2.59296 0.206175
-2.58712 0.205998
-2.58128 0.205732
-2.57544 0.205377
-2.5696 0.204978
-2.56376 0.204491
-2.55792 0.203959
-2.55208 0.203384
-2.54624 0.202853
-2.5404 0.202278
-2.53456 0.201615
-2.52872 0.200906
-2.52288 0.20011
-2.51704 0.199356
-2.5112 0.198647
-2.50536 0.197825
-2.49952 0.197002
-2.49368 0.196089
-2.48784 0.195178
-2.482 0.194312
-2.47616 0.193276
-2.47032 0.192195
-2.46448 0.19107
-2.45864 0.189902
-2.4528 0.188691
-2.44696 0.187524
-2.44112 0.186355
-2.43528 0.185144
-2.42944 0.184013
-2.4236 0.182801
-2.41776 0.18159
-2.41192 0.180378
-2.40608 0.179168
-2.40024 0.177914
-2.3944 0.176656
-2.38856 0.175381
-2.38272 0.174124
-2.37688 0.172824
-2.37104 0.171567
-2.3652 0.170311
-2.35936 0.16901
-2.35352 0.167753
-2.34768 0.166497
-2.34184 0.165239
-2.336 0.163894
-2.33016 0.162549
-2.32432 0.161291
-2.31848 0.159946
-2.31264 0.158645
-2.3068 0.157388
-2.30096 0.156043
-2.29512 0.154698
-2.28928 0.153309
-2.28344 0.151877
-2.2776 0.150444
-2.27176 0.149055
-2.26592 0.147623
-2.26008 0.146236
-2.25424 0.144759
-2.2484 0.143239
-2.24256 0.141717
-2.23672 0.140194
-2.23088 0.138672
-2.22504 0.137238
-2.2192 0.135715
-2.21336 0.134231
-2.20752 0.132755
-2.20168 0.131233
-2.19584 0.129796
-2.19 0.12836
-2.18416 0.126881
-2.17832 0.125402
-2.17248 0.123949
-2.16664 0.122425
-2.1608 0.120947
-2.15496 0.119423
-2.14912 0.117943
-2.14328 0.116421
-2.13744 0.114854
-2.1316 0.113376
-2.12576 0.111854
-2.11992 0.110332
-2.11408 0.108765
-2.10824 0.107241
-2.1024 0.105761
-2.09656 0.104239
-2.09072 0.102716
-2.08488 0.101151
-2.07904 0.0996278
-2.0732 0.0981489
-2.06736 0.0966267
-2.06152 0.0951468
-2.05568 0.0936656
-2.04984 0.0922288
-2.044 0.0906689
-2.03816 0.0891869
-2.03232 0.0877471
-2.02648 0.086053
-2.02064 0.0845728
-2.0148 0.0830092
-2.00896 0.0818274
-2.00312 0.0802192
-1.99728 0.0789065
-1.99144 0.0773861
-1.9856 0.0762424
-1.97976 0.0753583
-1.97392 0.0747674
-1.96808 0.0745988
-1.96224 0.0733745
-1.9564 0.0732463
-1.95056 0.0720563
-1.94472 0.0719657
-1.93888 0.071209
-1.93304 0.0715864
-1.9272 0.0703212
-1.92136 0.0697311
-1.91552 0.0695547
-1.90968 0.0686261
-1.90384 0.0680675
-1.898 0.0679205
-1.89216 0.0674795
-1.88632 0.0679059
-1.88048 0.0679526
-1.87464 0.067236
-1.8688 0.0676209
-1.86296 0.0668585
-1.85712 0.0669459
-1.85128 0.0671535
-1.84544 0.067589
-1.8396 0.067827
-1.83376 0.0681394
-1.82792 0.0684178
-1.82208 0.0694584
-1.81624 0.0705147
-1.8104 0.0698731
-1.80456 0.0689856
-1.79872 0.0706944
-1.79288 0.071264
-1.78704 0.0720457
-1.7812 0.0711102
-1.77536 0.0724059
-1.76952 0.0721229
-1.76368 0.0721155
-1.75784 0.0733168
-1.752 0.0722416
-1.74616 0.0738923
-1.74032 0.0746286
-1.73448 0.0753888
-1.72864 0.0749041
-1.7228 0.0766416
-1.71696 0.0775535
-1.71112 0.0771563
-1.70528 0.0777853
-1.69944 0.0799673
-1.6936 0.0812617
-1.68776 0.0805585
-1.68192 0.0823465
-1.67608 0.0800435
-1.67024 0.081932
-1.6644 0.0820314
-1.65856 0.0831579
-1.65272 0.084288
-1.64688 0.0842392
-1.64104 0.0860898
-1.6352 0.0875759
-1.62936 0.0868104
-1.62352 0.0867643
-1.61768 0.0885842
-1.61184 0.0886005
-1.606 0.0904471
-1.60016 0.0928848
-1.59432 0.0935099
-1.58848 0.0958425
-1.58264 0.098665
-1.5768 0.0958153
-1.57096 0.099436
-1.56512 0.1031
-1.55928 0.104001
-1.55344 0.103996
-1.5476 0.107132
-1.54176 0.110935
-1.53592 0.111729
-1.53008 0.112088
-1.52424 0.113113
-1.5184 0.116724
-1.51256 0.11765
-1.50672 0.119168
-1.50088 0.121866
-1.49504 0.125776
-1.4892 0.125865
-1.48336 0.12772
-1.47752 0.128624
-1.47168 0.130573
-1.46584 0.131339
-1.46 0.135756
-1.45416 0.135007
-1.44832 0.137492
-1.44248 0.139614
-1.43664 0.142514
-1.4308 0.146154
-1.42496 0.149993
-1.41912 0.149718
-1.41328 0.150708
-1.40744 0.15226
-1.4016 0.155012
-1.39576 0.157504
-1.38992 0.161398
-1.38408 0.165408
-1.37824 0.168204
-1.3724 0.167527
-1.36656 0.167059
-1.36072 0.171873
-1.35488 0.173957
-1.34904 0.174142
-1.3432 0.17497
-1.33736 0.175832
-1.33152 0.181402
-1.32568 0.183868
-1.31984 0.186335
-1.314 0.187215
-1.30816 0.187286
-1.30232 0.192187
-1.29648 0.193724
-1.29064 0.196889
-1.2848 0.198024
-1.27896 0.200829
-1.27312 0.201943
-1.26728 0.202067
-1.26144 0.204845
-1.2556 0.207069
-1.24976 0.20834
-1.24392 0.213085
-1.23808 0.209818
-1.23224 0.21361
-1.2264 0.214042
-1.22056 0.217512
-1.21472 0.21913
-1.20888 0.22146
-1.20304 0.22455
-1.1972 0.227246
-1.19136 0.226912
-1.18552 0.22933
-1.17968 0.233187
-1.17384 0.233797
-1.168 0.235713
-1.16216 0.239077
-1.15632 0.238965
-1.15048 0.24107
-1.14464 0.245902
-1.1388 0.242672
-1.13296 0.244225
-1.12712 0.246258
-1.12128 0.248653
-1.11544 0.250775
-1.1096 0.253408
-1.10376 0.256989
-1.09792 0.257559
-1.09208 0.256731
-1.08624 0.25563
-1.0804 0.260634
-1.07456 0.261791
-1.06872 0.262067
-1.06288 0.263856
-1.05704 0.265714
-1.0512 0.266048
-1.04536 0.266826
-1.03952 0.26846
-1.03368 0.267301
-1.02784 0.26731
-1.022 0.270517
-1.01616 0.267084
-1.01032 0.268742
-1.00448 0.268468
-0.99864 0.269942
-0.9928 0.271677
-0.98696 0.272935
-0.98112 0.27294
-0.97528 0.271949
-0.96944 0.273011
-0.9636 0.273483
-0.95776 0.274775
-0.95192 0.275661
-0.94608 0.276771
-0.94024 0.2776
-0.9344 0.27709
-0.92856 0.276219
-0.92272 0.278003
-0.91688 0.27713
-0.91104 0.277237
-0.9052 0.277194
-0.89936 0.278044
-0.89352 0.279496
-0.88768 0.279339
-0.88184 0.280838
-0.876 0.280301
-0.87016 0.279114
-0.86432 0.28205
-0.85848 0.282195
-0.85264 0.283505
-0.8468 0.283519
-0.84096 0.284415
-0.83512 0.283888
-0.82928 0.283918
-0.82344 0.282801
-0.8176 0.284136
-0.81176 0.284019
-0.80592 0.284783
-0.80008 0.28439
-0.79424 0.285173
-0.7884 0.284803
-0.78256 0.286745
-0.77672 0.287569
-0.77088 0.287458
-0.76504 0.288669
-0.7592 0.28865
-0.75336 0.289036
-0.74752 0.289521
-0.74168 0.291185
-0.73584 0.29177
-0.73 0.29272
-0.72416 0.293432
-0.71832 0.293981
-0.71248 0.295345
-0.70664 0.295879
-0.7008 0.296838
-0.69496 0.297546
-0.68912 0.298208
-0.68328 0.299368
-0.67744 0.301962
-0.6716 0.302569
-0.66576 0.303661
-0.65992 0.304327
-0.65408 0.304961
-0.64824 0.305291
-0.6424 0.306664
-0.63656 0.307573
-0.63072 0.307594
-0.62488 0.307866
-0.61904 0.308049
-0.6132 0.308021
-0.60736 0.307742
-0.60152 0.308087
-0.59568 0.308087
-0.58984 0.308087
-0.584 0.308087
-0.57816 0.308087
-0.57232 0.308087
-0.56648 0.308087
-0.56064 0.308087
-0.5548 0.308087
-0.54896 0.308087
-0.54312 0.308087
-0.53728 0.308087
-0.53144 0.308087
-0.5256 0.308087
-0.51976 0.308087
-0.51392 0.308087
-0.50808 0.308087
-0.50224 0.308087
-0.4964 0.308087
-0.49056 0.308087
-0.48472 0.308087
-0.47888 0.308087
-0.47304 0.308087
-0.4672 0.308087
-0.46136 0.308087
-0.45552 0.308087
-0.44968 0.308087
-0.44384 0.308087
-0.438 0.308087
-0.43216 0.308087
-0.42632 0.308087
-0.42048 0.308087
-0.41464 0.308087
-0.4088 0.308087
-0.40296 0.308087
-0.39712 0.308087
-0.39128 0.308087
-0.38544 0.308087
-0.3796 0.308087
-0.37376 0.308087
-0.36792 0.308087
-0.36208 0.308087
-0.35624 0.308087
-0.3504 0.308087
-0.34456 0.308087
-0.33872 0.308087
-0.33288 0.308087
-0.32704 0.308087
-0.3212 0.308087
-0.31536 0.308087
-0.30952 0.308087
-0.30368 0.308087
-0.29784 0.308087
-0.292 0.308087
-0.28616 0.308087
-0.28032 0.308087
-0.27448 0.308087
-0.26864 0.308087
-0.2628 0.308087
-0.25696 0.308087
-0.25112 0.308087
-0.24528 0.308087
-0.23944 0.308087
-0.2336 0.308087
-0.22776 0.308087
-0.22192 0.308087
-0.21608 0.308087
-0.21024 0.308087
-0.2044 0.308087
-0.19856 0.308087
-0.19272 0.308087
-0.18688 0.308087
-0.18104 0.308087
-0.1752 0.308087
-0.16936 0.308087
-0.16352 0.308087
-0.15768 0.308087
-0.15184 0.308087
-0.146 0.308087
-0.14016 0.308087
-0.13432 0.308087
-0.12848 0.308087
-0.12264 0.308087
-0.1168 0.308087
-0.11096 0.308087
-0.10512 0.308087
-0.09928 0.308087
-0.09344 0.308087
-0.0876 0.308087
-0.08176 0.308087
-0.07592 0.308087
-0.07008 0.308087
-0.06424 0.308087
-0.0584 0.308087
-0.05256 0.308087
-0.04672 0.308087
-0.04088 0.308087
-0.03504 0.308087
-0.0292 0.308087
-0.02336 0.308087
-0.01752 0.308087
-0.01168 0.308087
-0.00584 0.308087
