-2.92 0.211086
-2.91416 0.211086
-2.90832 0.211086
-2.90248 0.211086
-2.89664 0.211086
-2.8908 0.211086
-2.88496 0.211086
-2.87912 0.211086
-2.87328 0.211086
-2.86744 0.211086
-2.8616 0.211086
-2.85576 0.211086
-2.84992 0.211086
-2.84408 0.211086
-2.83824 0.211086
-2.8324 0.211086
-2.82656 0.211086
-2.82072 0.211086
-2.81488 0.211086
-2.80904 0.211086
-2.8032 0.211086
-2.79736 0.211086
-2.79152 0.211086
-2.78568 0.211086
-2.77984 0.211086
-2.774 0.211086
-2.76816 0.211086
-2.76232 0.211086
-2.75648 0.211086
-2.75064 0.211086
-2.7448 0.211086
-2.73896 0.211086
-2.73312 0.211086
-2.72728 0.211086
-2.72144 0.211086
-2.7156 0.211086
-2.70976 0.211086
-2.70392 0.211086
-2.69808 0.211086
-2.69224 0.211086
-2.6864 0.211086
-2.68056 0.211086
-2.67472 0.211086
-2.66888 0.211086
-2.66304 0.211086
-2.6572 0.211086
-2.65136 0.211086
-2.64552 0.211086
-2.63968 0.211086
-2.63384 0.211086
-2.628 0.211086
-2.62216 0.211086
-2.61632 0.211086
-2.61048 0.211086
-2.60464 0.211086
-2.5988 0.211086
-2.59296 0.210865
-2.58712 0.210557
-2.58128 0.210249
-2.57544 0.20981
-2.5696 0.209371
-2.56376 0.208888
-2.55792 0.208361
-2.55208 0.207789
-2.54624 0.207262
-2.5404 0.206601
-2.53456 0.205939
-2.52872 0.205234
-2.52288 0.204397
-2.51704 0.203516
-2.5112 0.202722
-2.50536 0.201796
-2.49952 0.200826
-2.49368 0.199944
-2.48784 0.198973
-2.482 0.198223
-2.47616 0.197207
-2.47032 0.196191
-2.46448 0.195174
-2.45864 0.194114
-2.4528 0.193055
-2.44696 0.191995
-2.44112 0.190936
-2.43528 0.189876
-2.42944 0.188817
-2.4236 0.187714
-2.41776 0.186567
-2.41192 0.185421
-2.40608 0.184187
-2.40024 0.182909
-2.3944 0.18163
-2.38856 0.18044
-2.38272 0.179118
-2.37688 0.177841
-2.37104 0.176518
-2.3652 0.17524
-2.35936 0.173917
-2.35352 0.172595
-2.34768 0.171229
-2.34184 0.169907
-2.336 0.168497
-2.33016 0.167087
-2.32432 0.165678
-2.31848 0.164268
-2.31264 0.162857
-2.3068 0.161446
-2.30096 0.159992
-2.29512 0.158669
-2.28928 0.157259
-2.28344 0.155761
-2.2776 0.154264
-2.27176 0.152809
-2.26592 0.151312
-2.26008 0.149948
-2.25424 0.148406
-2.2484 0.146865
-2.24256 0.145324
-2.23672 0.143826
-2.23088 0.142285
-2.22504 0.140744
-2.2192 0.139201
-2.21336 0.137703
-2.20752 0.136204
-2.20168 0.134661
-2.19584 0.133119
-2.19 0.131532
-2.18416 0.129945
-2.17832 0.128358
-2.17248 0.126859
-2.16664 0.125315
-2.1608 0.123773
-2.15496 0.12223
-2.14912 0.120686
-2.14328 0.119187
-2.13744 0.117644
-2.1316 0.116101
-2.12576 0.114559
-2.11992 0.112973
-2.11408 0.111387
-2.10824 0.109846
-2.1024 0.108216
-2.09656 0.10663
-2.09072 0.105129
-2.08488 0.103541
-2.07904 0.101868
-2.0732 0.10037
-2.06736 0.0988701
-2.06152 0.0971973
-2.05568 0.0956962
-2.04984 0.0940245
-2.044 0.0927421
-2.03816 0.0911552
-2.03232 0.0895683
-2.02648 0.0879389
-2.02064 0.0864793
-2.0148 0.0848932
-2.00896 0.0834347
-2.00312 0.0818913
-1.99728 0.0800487
-1.99144 0.0787227
-1.9856 0.0776035
-1.97976 0.0755478
-1.97392 0.0742186
-1.96808 0.0728046
-1.96224 0.0722406
-1.9564 0.0711249
-1.95056 0.0702225
-1.94472 0.0694859
-1.93888 0.0689304
-1.93304 0.0681898
-1.9272 0.0678012
-1.92136 0.0674083
-1.91552 0.0670156
-1.90968 0.0665008
-1.90384 0.0668692
-1.898 0.0660535
-1.89216 0.0663369
-1.88632 0.0648032
-1.88048 0.0658575
-1.87464 0.0641063
-1.8688 0.0659226
-1.86296 0.0650619
-1.85712 0.0643329
-1.85128 0.0661536
-1.84544 0.0665256
-1.8396 0.0663135
-1.83376 0.0656663
-1.82792 0.0660031
-1.82208 0.0657106
-1.81624 0.0658714
-1.8104 0.0668917
-1.80456 0.0667129
-1.79872 0.0668322
-1.79288 0.0671703
-1.78704 0.0677611
-1.7812 0.0687333
-1.77536 0.069762
-1.76952 0.0681829
-1.76368 0.0698727
-1.75784 0.0704775
-1.752 0.0703523
-1.74616 0.0715849
-1.74032 0.0724815
-1.73448 0.0734212
-1.72864 0.0739339
-1.7228 0.0758983
-1.71696 0.077169
-1.71112 0.0759078
-1.70528 0.0765474
-1.69944 0.0788576
-1.6936 0.0795778
-1.68776 0.0801347
-1.68192 0.0832443
-1.67608 0.0851286
-1.67024 0.0845835
-1.6644 0.0840126
-1.65856 0.0846181
-1.65272 0.0862941
-1.64688 0.0845444
-1.64104 0.0845498
-1.6352 0.0886597
-1.62936 0.0889095
-1.62352 0.0878605
-1.61768 0.0896725
-1.61184 0.0898395
-1.606 0.0916131
-1.60016 0.0929748
-1.59432 0.0930528
-1.58848 0.0966797
-1.58264 0.0958863
-1.5768 0.097384
-1.57096 0.0998236
-1.56512 0.103483
-1.55928 0.101632
-1.55344 0.101867
-1.5476 0.103304
-1.54176 0.106708
-1.53592 0.108257
-1.53008 0.109298
-1.52424 0.111485
-1.5184 0.113844
-1.51256 0.114876
-1.50672 0.114514
-1.50088 0.119858
-1.49504 0.11768
-1.4892 0.122178
-1.48336 0.12384
-1.47752 0.125623
-1.47168 0.126034
-1.46584 0.12692
-1.46 0.127714
-1.45416 0.129302
-1.44832 0.128034
-1.44248 0.132086
-1.43664 0.130781
-1.4308 0.135803
-1.42496 0.137547
-1.41912 0.138639
-1.41328 0.14101
-1.40744 0.140619
-1.4016 0.144494
-1.39576 0.142535
-1.38992 0.146053
-1.38408 0.148175
-1.37824 0.150498
-1.3724 0.151784
-1.36656 0.153466
-1.36072 0.155869
-1.35488 0.159135
-1.34904 0.156964
-1.3432 0.160792
-1.33736 0.160325
-1.33152 0.160905
-1.32568 0.164424
-1.31984 0.167058
-1.314 0.166293
-1.30816 0.168381
-1.30232 0.170031
-1.29648 0.17326
-1.29064 0.175503
-1.2848 0.177207
-1.27896 0.180982
-1.27312 0.178234
-1.26728 0.178401
-1.26144 0.182439
-1.2556 0.183126
-1.24976 0.184603
-1.24392 0.187946
-1.23808 0.189034
-1.23224 0.188636
-1.2264 0.188216
-1.22056 0.190471
-1.21472 0.193224
-1.20888 0.191298
-1.20304 0.191507
-1.1972 0.19579
-1.19136 0.197957
-1.18552 0.197064
-1.17968 0.200113
-1.17384 0.19939
-1.168 0.200543
-1.16216 0.203304
-1.15632 0.203514
-1.15048 0.205042
-1.14464 0.206148
-1.1388 0.206658
-1.13296 0.209343
-1.12712 0.211498
-1.12128 0.210643
-1.11544 0.209764
-1.1096 0.21232
-1.10376 0.213927
-1.09792 0.215361
-1.09208 0.215337
-1.08624 0.215975
-1.0804 0.218569
-1.07456 0.218809
-1.06872 0.21999
-1.06288 0.222216
-1.05704 0.219844
-1.0512 0.222226
-1.04536 0.223191
-1.03952 0.224645
-1.03368 0.223338
-1.02784 0.22363
-1.022 0.223635
-1.01616 0.224766
-1.01032 0.221801
-1.00448 0.222487
-0.99864 0.219659
-0.9928 0.221717
-0.98696 0.221723
-0.98112 0.22061
-0.97528 0.22092
-0.96944 0.220271
-0.9636 0.221137
-0.95776 0.217482
-0.95192 0.218753
-0.94608 0.219562
-0.94024 0.219308
-0.9344 0.219392
-0.92856 0.220062
-0.92272 0.219681
-0.91688 0.220782
-0.91104 0.218243
-0.9052 0.219128
-0.89936 0.217132
-0.89352 0.218361
-0.88768 0.218354
-0.88184 0.218475
-0.876 0.217252
-0.87016 0.217422
-0.86432 0.217058
-0.85848 0.216688
-0.85264 0.217948
-0.8468 0.217305
-0.84096 0.217558
-0.83512 0.216626
-0.82928 0.216451
-0.82344 0.217091
-0.8176 0.217251
-0.81176 0.215631
-0.80592 0.21702
-0.80008 0.214521
-0.79424 0.215146
-0.7884 0.215347
-0.78256 0.214326
-0.77672 0.215333
-0.77088 0.214243
-0.76504 0.214817
-0.7592 0.214974
-0.75336 0.215133
-0.74752 0.214193
-0.74168 0.214688
-0.73584 0.21531
-0.73 0.214878
-0.72416 0.215117
-0.71832 0.215354
-0.71248 0.215554
-0.70664 0.216431
-0.7008 0.216882
-0.69496 0.217499
-0.68912 0.218166
-0.68328 0.218532
-0.67744 0.219489
-0.6716 0.220576
-0.66576 0.221404
-0.65992 0.221851
-0.65408 0.221601
-0.64824 0.22222
-0.6424 0.222832
-0.63656 0.223906
-0.63072 0.224137
-0.62488 0.224446
-0.61904 0.223701
-0.6132 0.223711
-0.60736 0.223633
-0.60152 0.223894
-0.59568 0.223894
-0.58984 0.223894
-0.584 0.223894
-0.57816 0.223894
-0.57232 0.223894
-0.56648 0.223894
-0.56064 0.223894
-0.5548 0.223894
-0.54896 0.223894
-0.54312 0.223894
-0.53728 0.223894
-0.53144 0.223894
-0.5256 0.223894
-0.51976 0.223894
-0.51392 0.223894
-0.50808 0.223894
-0.50224 0.223894
-0.4964 0.223894
-0.49056 0.223894
-0.48472 0.223894
-0.47888 0.223894
-0.47304 0.223894
-0.4672 0.223894
-0.46136 0.223894
-0.45552 0.223894
-0.44968 0.223894
-0.44384 0.223894
-0.438 0.223894
-0.43216 0.223894
-0.42632 0.223894
-0.42048 0.223894
-0.41464 0.223894
-0.4088 0.223894
-0.40296 0.223894
-0.39712 0.223894
-0.39128 0.223894
-0.38544 0.223894
-0.3796 0.223894
-0.37376 0.223894
-0.36792 0.223894
-0.36208 0.223894
-0.35624 0.223894
-0.3504 0.223894
-0.34456 0.223894
-0.33872 0.223894
-0.33288 0.223894
-0.32704 0.223894
-0.3212 0.223894
-0.31536 0.223894
-0.30952 0.223894
-0.30368 0.223894
-0.29784 0.223894
-0.292 0.223894
-0.28616 0.223894
-0.28032 0.223894
-0.27448 0.223894
-0.26864 0.223894
-0.2628 0.223894
-0.25696 0.223894
-0.25112 0.223894
-0.24528 0.223894
-0.23944 0.223894
-0.2336 0.223894
-0.22776 0.223894
-0.22192 0.223894
-0.21608 0.223894
-0.21024 0.223894
-0.2044 0.223894
-0.19856 0.223894
-0.19272 0.223894
-0.18688 0.223894
-0.18104 0.223894
-0.1752 0.223894
-0.16936 0.223894
-0.16352 0.223894
-0.15768 0.223894
-0.15184 0.223894
-0.146 0.223894
-0.14016 0.223894
-0.13432 0.223894
-0.12848 0.223894
-0.12264 0.223894
-0.1168 0.223894
-0.11096 0.223894
-0.10512 0.223894
-0.09928 0.223894
-0.09344 0.223894
-0.0876 0.223894
-0.08176 0.223894
-0.07592 0.223894
-0.07008 0.223894
-0.06424 0.223894
-0.0584 0.223894
-0.05256 0.223894
-0.04672 0.223894
-0.04088 0.223894
-0.03504 0.223894
-0.0292 0.223894
-0.02336 0.223894
-0.01752 0.223894
-0.01168 0.223894
-0.00584 0.223894
