-2.92 0.230958
-2.91416 0.230958
-2.90832 0.230958
-2.90248 0.230958
-2.89664 0.230958
-2.8908 0.230958
-2.88496 0.230958
-2.87912 0.230958
-2.87328 0.230958
-2.86744 0.230958
-2.8616 0.230958
-2.85576 0.230958
-2.84992 0.230958
-2.84408 0.230958
-2.83824 0.230958
-2.8324 0.230958
-2.82656 0.230958
-2.82072 0.230958
-2.81488 0.230958
-2.80904 0.230958
-2.8032 0.230958
-2.79736 0.230958
-2.79152 0.230958
-2.78568 0.230958
-2.77984 0.230958
-2.774 0.230958
-2.76816 0.230958
-2.76232 0.230958
-2.75648 0.230958
-2.75064 0.230958
-2.7448 0.230958
-2.73896 0.230958
-2.73312 0.230958
-2.72728 0.230958
-2.72144 0.230958
-2.7156 0.230958
-2.70976 0.230958
-2.70392 0.230958
-2.69808 0.230958
-2.69224 0.230958
-2.6864 0.230958
-2.68056 0.230958
-2.67472 0.230958
-2.66888 0.230958
-2.66304 0.230958
-2.6572 0.230958
-2.65136 0.230958
-2.64552 0.230958
-2.63968 0.230958
-2.63384 0.230958
-2.628 0.230958
-2.62216 0.230958
-2.61632 0.230958
-2.61048 0.230958
-2.60464 0.230958
-2.5988 0.230958
-2.59296 0.230604
-2.58712 0.230161
-2.58128 0.229631
-2.57544 0.229054
-2.5696 0.228433
-2.56376 0.227724
-2.55792 0.226928
-2.55208 0.226088
-2.54624 0.225204
-2.5404 0.224277
-2.53456 0.223395
-2.52872 0.222335
-2.52288 0.221275
-2.51704 0.220169
-2.5112 0.219021
-2.50536 0.217872
-2.49952 0.216769
-2.49368 0.215665
-2.48784 0.214472
-2.482 0.213633
-2.47616 0.212439
-2.47032 0.211245
-2.46448 0.210006
-2.45864 0.208768
-2.4528 0.207527
-2.44696 0.206287
-2.44112 0.205003
-2.43528 0.203719
-2.42944 0.202436
-2.4236 0.201108
-2.41776 0.199736
-2.41192 0.198363
-2.40608 0.196946
-2.40024 0.19553
-2.3944 0.194113
-2.38856 0.192783
-2.38272 0.191322
-2.37688 0.189904
-2.37104 0.188441
-2.3652 0.187067
-2.35936 0.185562
-2.35352 0.184144
-2.34768 0.182595
-2.34184 0.181133
-2.336 0.179584
-2.33016 0.178078
-2.32432 0.176661
-2.31848 0.175155
-2.31264 0.173694
-2.3068 0.172188
-2.30096 0.170638
-2.29512 0.169089
-2.28928 0.167627
-2.28344 0.166166
-2.2776 0.164702
-2.27176 0.163239
-2.26592 0.161775
-2.26008 0.160487
-2.25424 0.158934
-2.2484 0.157338
-2.24256 0.155741
-2.23672 0.154189
-2.23088 0.152593
-2.22504 0.151041
-2.2192 0.149445
-2.21336 0.147849
-2.20752 0.146253
-2.20168 0.144656
-2.19584 0.14306
-2.19 0.141463
-2.18416 0.139824
-2.17832 0.138183
-2.17248 0.136586
-2.16664 0.134989
-2.1608 0.133392
-2.15496 0.131751
-2.14912 0.130153
-2.14328 0.128558
-2.13744 0.126918
-2.1316 0.125277
-2.12576 0.123678
-2.11992 0.122122
-2.11408 0.120355
-2.10824 0.118969
-2.1024 0.117203
-2.09656 0.115988
-2.09072 0.114094
-2.08488 0.112708
-2.07904 0.110981
-2.0732 0.10951
-2.06736 0.107872
-2.06152 0.106278
-2.05568 0.104598
-2.04984 0.103254
-2.044 0.101882
-2.03816 0.100494
-2.03232 0.0988111
-2.02648 0.0978492
-2.02064 0.0959127
-2.0148 0.0942732
-2.00896 0.093273
-2.00312 0.0915023
-1.99728 0.089991
-1.99144 0.0881403
-1.9856 0.0869207
-1.97976 0.0863815
-1.97392 0.0851288
-1.96808 0.0839937
-1.96224 0.0837476
-1.9564 0.0822428
-1.95056 0.0827786
-1.94472 0.0813467
-1.93888 0.0813173
-1.93304 0.0800812
-1.9272 0.0806358
-1.92136 0.0793702
-1.91552 0.0781716
-1.90968 0.0774446
-1.90384 0.0769469
-1.898 0.0765384
-1.89216 0.0762508
-1.88632 0.0769047
-1.88048 0.0759942
-1.87464 0.0763096
-1.8688 0.075433
-1.86296 0.0758609
-1.85712 0.0738904
-1.85128 0.074657
-1.84544 0.0742819
-1.8396 0.0742491
-1.83376 0.075021
-1.82792 0.0751646
-1.82208 0.0754171
-1.81624 0.0746092
-1.8104 0.0753534
-1.80456 0.0738126
-1.79872 0.0755034
-1.79288 0.0743961
-1.78704 0.0750834
-1.7812 0.0752269
-1.77536 0.0749319
-1.76952 0.0758326
-1.76368 0.0763364
-1.75784 0.0760547
-1.752 0.0757824
-1.74616 0.0761373
-1.74032 0.0783616
-1.73448 0.0773389
-1.72864 0.0782151
-1.7228 0.0795914
-1.71696 0.0774468
-1.71112 0.0805127
-1.70528 0.0801643
-1.69944 0.0781404
-1.6936 0.0790935
-1.68776 0.0822174
-1.68192 0.0809851
-1.67608 0.081692
-1.67024 0.0832782
-1.6644 0.0827766
-1.65856 0.0821774
-1.65272 0.0841786
-1.64688 0.0830617
-1.64104 0.0838523
-1.6352 0.0828679
-1.62936 0.0845354
-1.62352 0.0846703
-1.61768 0.0836635
-1.61184 0.0838651
-1.606 0.0902021
-1.60016 0.0909896
-1.59432 0.0905388
-1.58848 0.0933922
-1.58264 0.0950371
-1.5768 0.0958292
-1.57096 0.0973865
-1.56512 0.0979959
-1.55928 0.0996571
-1.55344 0.103344
-1.5476 0.103288
-1.54176 0.106986
-1.53592 0.110592
-1.53008 0.109961
-1.52424 0.113865
-1.5184 0.11473
-1.51256 0.115831
-1.50672 0.117281
-1.50088 0.118975
-1.49504 0.124893
-1.4892 0.125927
-1.48336 0.124542
-1.47752 0.128076
-1.47168 0.12876
-1.46584 0.132589
-1.46 0.132448
-1.45416 0.133747
-1.44832 0.13735
-1.44248 0.142324
-1.43664 0.143239
-1.4308 0.14281
-1.42496 0.148329
-1.41912 0.145905
-1.41328 0.149262
-1.40744 0.154125
-1.4016 0.15543
-1.39576 0.158375
-1.38992 0.16062
-1.38408 0.163724
-1.37824 0.165347
-1.3724 0.167648
-1.36656 0.165692
-1.36072 0.172316
-1.35488 0.170354
-1.34904 0.173406
-1.3432 0.174996
-1.33736 0.177421
-1.33152 0.18178
-1.32568 0.184745
-1.31984 0.185223
-1.314 0.186506
-1.30816 0.186525
-1.30232 0.191876
-1.29648 0.190945
-1.29064 0.194446
-1.2848 0.199377
-1.27896 0.19853
-1.27312 0.201698
-1.26728 0.203184
-1.26144 0.199637
-1.2556 0.204126
-1.24976 0.205483
-1.24392 0.207967
-1.23808 0.209559
-1.23224 0.212627
-1.2264 0.213372
-1.22056 0.215224
-1.21472 0.220587
-1.20888 0.220255
-1.20304 0.220748
-1.1972 0.222457
-1.19136 0.225001
-1.18552 0.227516
-1.17968 0.226692
-1.17384 0.230176
-1.168 0.235063
-1.16216 0.236965
-1.15632 0.23744
-1.15048 0.238893
-1.14464 0.240374
-1.1388 0.241941
-1.13296 0.24227
-1.12712 0.240992
-1.12128 0.243676
-1.11544 0.247308
-1.1096 0.247147
-1.10376 0.250503
-1.09792 0.253755
-1.09208 0.251805
-1.08624 0.255739
-1.0804 0.255251
-1.07456 0.2576
-1.06872 0.257662
-1.06288 0.258897
-1.05704 0.262962
-1.0512 0.262424
-1.04536 0.260045
-1.03952 0.261089
-1.03368 0.261427
-1.02784 0.264237
-1.022 0.262702
-1.01616 0.26182
-1.01032 0.264238
-1.00448 0.26542
-0.99864 0.265875
-0.9928 0.264854
-0.98696 0.26769
-0.98112 0.264503
-0.97528 0.265908
-0.96944 0.267243
-0.9636 0.267377
-0.95776 0.269541
-0.95192 0.269231
-0.94608 0.269338
-0.94024 0.268855
-0.9344 0.269533
-0.92856 0.268781
-0.92272 0.270448
-0.91688 0.270159
-0.91104 0.268475
-0.9052 0.269471
-0.89936 0.271022
-0.89352 0.272164
-0.88768 0.272993
-0.88184 0.272288
-0.876 0.273488
-0.87016 0.271568
-0.86432 0.273626
-0.85848 0.274089
-0.85264 0.275552
-0.8468 0.275975
-0.84096 0.275726
-0.83512 0.276945
-0.82928 0.276678
-0.82344 0.275678
-0.8176 0.277099
-0.81176 0.276132
-0.80592 0.276834
-0.80008 0.277825
-0.79424 0.277933
-0.7884 0.27876
-0.78256 0.279758
-0.77672 0.280309
-0.77088 0.280651
-0.76504 0.280951
-0.7592 0.281606
-0.75336 0.282129
-0.74752 0.282678
-0.74168 0.28379
-0.73584 0.284848
-0.73 0.286324
-0.72416 0.286312
-0.71832 0.287136
-0.71248 0.287664
-0.70664 0.289121
-0.7008 0.28963
-0.69496 0.291125
-0.68912 0.291533
-0.68328 0.292569
-0.67744 0.295367
-0.6716 0.296543
-0.66576 0.297706
-0.65992 0.299136
-0.65408 0.29931
-0.64824 0.300087
-0.6424 0.301905
-0.63656 0.303034
-0.63072 0.303211
-0.62488 0.304376
-0.61904 0.304691
-0.6132 0.304627
-0.60736 0.304605
-0.60152 0.305037
-0.59568 0.305037
-0.58984 0.305037
-0.584 0.305037
-0.57816 0.305037
-0.57232 0.305037
-0.56648 0.305037
-0.56064 0.305037
-0.5548 0.305037
-0.54896 0.305037
-0.54312 0.305037
-0.53728 0.305037
-0.53144 0.305037
-0.5256 0.305037
-0.51976 0.305037
-0.51392 0.305037
-0.50808 0.305037
-0.50224 0.305037
-0.4964 0.305037
-0.49056 0.305037
-0.48472 0.305037
-0.47888 0.305037
-0.47304 0.305037
-0.4672 0.305037
-0.46136 0.305037
-0.45552 0.305037
-0.44968 0.305037
-0.44384 0.305037
-0.438 0.305037
-0.43216 0.305037
-0.42632 0.305037
-0.42048 0.305037
-0.41464 0.305037
-0.4088 0.305037
-0.40296 0.305037
-0.39712 0.305037
-0.39128 0.305037
-0.38544 0.305037
-0.3796 0.305037
-0.37376 0.305037
-0.36792 0.305037
-0.36208 0.305037
-0.35624 0.305037
-0.3504 0.305037
-0.34456 0.305037
-0.33872 0.305037
-0.33288 0.305037
-0.32704 0.305037
-0.3212 0.305037
-0.31536 0.305037
-0.30952 0.305037
-0.30368 0.305037
-0.29784 0.305037
-0.292 0.305037
-0.28616 0.305037
-0.28032 0.305037
-0.27448 0.305037
-0.26864 0.305037
-0.2628 0.305037
-0.25696 0.305037
-0.25112 0.305037
-0.24528 0.305037
-0.23944 0.305037
-0.2336 0.305037
-0.22776 0.305037
-0.22192 0.305037
-0.21608 0.305037
-0.21024 0.305037
-0.2044 0.305037
-0.19856 0.305037
-0.19272 0.305037
-0.18688 0.305037
-0.18104 0.305037
-0.1752 0.305037
-0.16936 0.305037
-0.16352 0.305037
-0.15768 0.305037
-0.15184 0.305037
-0.146 0.305037
-0.14016 0.305037
-0.13432 0.305037
-0.12848 0.305037
-0.12264 0.305037
-0.1168 0.305037
-0.11096 0.305037
-0.10512 0.305037
-0.09928 0.305037
-0.09344 0.305037
-0.0876 0.305037
-0.08176 0.305037
-0.07592 0.305037
-0.07008 0.305037
-0.06424 0.305037
-0.0584 0.305037
-0.05256 0.305037
-0.04672 0.305037
-0.04088 0.305037
-0.03504 0.305037
-0.0292 0.305037
-0.02336 0.305037
-0.01752 0.305037
-0.01168 0.305037
-0.00584 0.305037
