-2.92 0.231456
-2.91416 0.231456
-2.90832 0.231456
-2.90248 0.231456
-2.89664 0.231456
-2.8908 0.231456
-2.88496 0.231456
-2.87912 0.231456
-2.87328 0.231456
-2.86744 0.231456
-2.8616 0.231456
-2.85576 0.231456
-2.84992 0.231456
-2.84408 0.231456
-2.83824 0.231456
-2.8324 0.231456
-2.82656 0.231456
-2.82072 0.231456
-2.81488 0.231456
-2.80904 0.231456
-2.8032 0.231456
-2.79736 0.231456
-2.79152 0.231456
-2.78568 0.231456
-2.77984 0.231456
-2.774 0.231456
-2.76816 0.231456
-2.76232 0.231456
-2.75648 0.231456
-2.75064 0.231456
-2.7448 0.231456
-2.73896 0.231456
-2.73312 0.231456
-2.72728 0.231456
-2.72144 0.231456
-2.7156 0.231456
-2.70976 0.231456
-2.70392 0.231456
-2.69808 0.231456
-2.69224 0.231456
-2.6864 0.231456
-2.68056 0.231456
-2.67472 0.231456
-2.66888 0.231456
-2.66304 0.231456
-2.6572 0.231456
-2.65136 0.231456
-2.64552 0.231456
-2.63968 0.231456
-2.63384 0.231456
-2.628 0.231456
-2.62216 0.231456
-2.61632 0.231456
-2.61048 0.231456
-2.60464 0.231456
-2.5988 0.231456
-2.59296 0.231323
-2.58712 0.231057
-2.58128 0.230702
-2.57544 0.230213
-2.5696 0.229682
-2.56376 0.229063
-2.55792 0.228445
-2.55208 0.227826
-2.54624 0.227208
-2.5404 0.226458
-2.53456 0.225708
-2.52872 0.224957
-2.52288 0.224119
-2.51704 0.223237
-2.5112 0.222357
-2.50536 0.22139
-2.49952 0.220467
-2.49368 0.219543
-2.48784 0.218531
-2.482 0.217609
-2.47616 0.216465
-2.47032 0.215321
-2.46448 0.214133
-2.45864 0.212901
-2.4528 0.21167
-2.44696 0.210395
-2.44112 0.209121
-2.43528 0.207803
-2.42944 0.206528
-2.4236 0.205167
-2.41776 0.203805
-2.41192 0.202355
-2.40608 0.200949
-2.40024 0.199412
-2.3944 0.197875
-2.38856 0.196382
-2.38272 0.194846
-2.37688 0.193396
-2.37104 0.191903
-2.3652 0.19041
-2.35936 0.188873
-2.35352 0.187381
-2.34768 0.185844
-2.34184 0.184351
-2.336 0.182816
-2.33016 0.181236
-2.32432 0.179656
-2.31848 0.178032
-2.31264 0.176409
-2.3068 0.174872
-2.30096 0.173293
-2.29512 0.171798
-2.28928 0.170217
-2.28344 0.168636
-2.2776 0.167144
-2.27176 0.165607
-2.26592 0.164026
-2.26008 0.162576
-2.25424 0.16095
-2.2484 0.159325
-2.24256 0.157742
-2.23672 0.156159
-2.23088 0.154532
-2.22504 0.153037
-2.2192 0.15141
-2.21336 0.149784
-2.20752 0.148202
-2.20168 0.146532
-2.19584 0.144863
-2.19 0.14315
-2.18416 0.14148
-2.17832 0.139766
-2.17248 0.138055
-2.16664 0.136385
-2.1608 0.134715
-2.15496 0.133045
-2.14912 0.131375
-2.14328 0.129749
-2.13744 0.12808
-2.1316 0.126367
-2.12576 0.124739
-2.11992 0.123154
-2.11408 0.1214
-2.10824 0.119772
-2.1024 0.118143
-2.09656 0.116472
-2.09072 0.114887
-2.08488 0.11326
-2.07904 0.111759
-2.0732 0.110686
-2.06736 0.108382
-2.06152 0.1068
-2.05568 0.105474
-2.04984 0.10406
-2.044 0.102226
-2.03816 0.100811
-2.03232 0.0990979
-2.02648 0.0976827
-2.02064 0.0963545
-2.0148 0.0942578
-2.00896 0.0933952
-2.00312 0.0915989
-1.99728 0.0900993
-1.99144 0.0883061
-1.9856 0.0872709
-1.97976 0.0857267
-1.97392 0.0850747
-1.96808 0.0842892
-1.96224 0.0836943
-1.9564 0.0829366
-1.95056 0.0815273
-1.94472 0.0803421
-1.93888 0.0811997
-1.93304 0.080219
-1.9272 0.0798092
-1.92136 0.0783976
-1.91552 0.0778656
-1.90968 0.0767315
-1.90384 0.0766054
-1.898 0.0758213
-1.89216 0.0743983
-1.88632 0.0746762
-1.88048 0.0743846
-1.87464 0.0742779
-1.8688 0.0745725
-1.86296 0.0729441
-1.85712 0.0738554
-1.85128 0.0744966
-1.84544 0.0722058
-1.8396 0.0736368
-1.83376 0.072984
-1.82792 0.0725598
-1.82208 0.0723121
-1.81624 0.0733094
-1.8104 0.0723321
-1.80456 0.0712721
-1.79872 0.0724603
-1.79288 0.0731413
-1.78704 0.0711817
-1.7812 0.0710515
-1.77536 0.0705453
-1.76952 0.072639
-1.76368 0.0723075
-1.75784 0.0707136
-1.752 0.0728547
-1.74616 0.0708897
-1.74032 0.0721171
-1.73448 0.0716822
-1.72864 0.070292
-1.7228 0.0740735
-1.71696 0.0716065
-1.71112 0.0736557
-1.70528 0.0738789
-1.69944 0.0748043
-1.6936 0.0760198
-1.68776 0.0761065
-1.68192 0.0756746
-1.67608 0.0754761
-1.67024 0.0748195
-1.6644 0.0761637
-1.65856 0.0753283
-1.65272 0.0765484
-1.64688 0.0764193
-1.64104 0.078743
-1.6352 0.0788907
-1.62936 0.0774551
-1.62352 0.0801023
-1.61768 0.080209
-1.61184 0.0812345
-1.606 0.0811334
-1.60016 0.0855355
-1.59432 0.085264
-1.58848 0.0895358
-1.58264 0.0884499
-1.5768 0.0896929
-1.57096 0.0951315
-1.56512 0.0933338
-1.55928 0.0961647
-1.55344 0.0991622
-1.5476 0.100075
-1.54176 0.102103
-1.53592 0.103953
-1.53008 0.101517
-1.52424 0.106525
-1.5184 0.110428
-1.51256 0.112271
-1.50672 0.111368
-1.50088 0.113016
-1.49504 0.117809
-1.4892 0.119453
-1.48336 0.117946
-1.47752 0.120735
-1.47168 0.124504
-1.46584 0.123204
-1.46 0.12663
-1.45416 0.129038
-1.44832 0.133558
-1.44248 0.133662
-1.43664 0.132803
-1.4308 0.13686
-1.42496 0.137648
-1.41912 0.139838
-1.41328 0.142332
-1.40744 0.147038
-1.4016 0.14874
-1.39576 0.148532
-1.38992 0.148272
-1.38408 0.154262
-1.37824 0.156927
-1.3724 0.157865
-1.36656 0.160501
-1.36072 0.16351
-1.35488 0.166311
-1.34904 0.162696
-1.3432 0.168461
-1.33736 0.1686
-1.33152 0.172118
-1.32568 0.173245
-1.31984 0.1741
-1.314 0.178202
-1.30816 0.175482
-1.30232 0.179469
-1.29648 0.180378
-1.29064 0.181016
-1.2848 0.186525
-1.27896 0.186774
-1.27312 0.190779
-1.26728 0.192182
-1.26144 0.192053
-1.2556 0.193242
-1.24976 0.196326
-1.24392 0.197015
-1.23808 0.197945
-1.23224 0.200157
-1.2264 0.20236
-1.22056 0.201356
-1.21472 0.20383
-1.20888 0.206454
-1.20304 0.209293
-1.1972 0.211375
-1.19136 0.210801
-1.18552 0.215113
-1.17968 0.214765
-1.17384 0.218202
-1.168 0.217823
-1.16216 0.221
-1.15632 0.222751
-1.15048 0.22512
-1.14464 0.22686
-1.1388 0.228659
-1.13296 0.229323
-1.12712 0.229748
-1.12128 0.231295
-1.11544 0.235238
-1.1096 0.236065
-1.10376 0.237238
-1.09792 0.238995
-1.09208 0.235734
-1.08624 0.240019
-1.0804 0.243511
-1.07456 0.244733
-1.06872 0.243943
-1.06288 0.243887
-1.05704 0.248122
-1.0512 0.248103
-1.04536 0.246707
-1.03952 0.247735
-1.03368 0.250039
-1.02784 0.247218
-1.022 0.248686
-1.01616 0.248983
-1.01032 0.250601
-1.00448 0.249735
-0.99864 0.248914
-0.9928 0.249776
-0.98696 0.248638
-0.98112 0.249779
-0.97528 0.250957
-0.96944 0.251554
-0.9636 0.253976
-0.95776 0.251939
-0.95192 0.249973
-0.94608 0.253997
-0.94024 0.254261
-0.9344 0.253564
-0.92856 0.255157
-0.92272 0.255387
-0.91688 0.256762
-0.91104 0.254118
-0.9052 0.257207
-0.89936 0.256275
-0.89352 0.258269
-0.88768 0.257962
-0.88184 0.258856
-0.876 0.258812
-0.87016 0.256844
-0.86432 0.258308
-0.85848 0.260027
-0.85264 0.260813
-0.8468 0.261851
-0.84096 0.261821
-0.83512 0.263715
-0.82928 0.26427
-0.82344 0.262701
-0.8176 0.26295
-0.81176 0.263313
-0.80592 0.263022
-0.80008 0.264157
-0.79424 0.265187
-0.7884 0.266441
-0.78256 0.265585
-0.77672 0.266539
-0.77088 0.267198
-0.76504 0.267279
-0.7592 0.268184
-0.75336 0.269577
-0.74752 0.269627
-0.74168 0.269928
-0.73584 0.270673
-0.73 0.271948
-0.72416 0.272372
-0.71832 0.273602
-0.71248 0.273912
-0.70664 0.275467
-0.7008 0.275532
-0.69496 0.276644
-0.68912 0.277206
-0.68328 0.278703
-0.67744 0.280903
-0.6716 0.282221
-0.66576 0.282782
-0.65992 0.284156
-0.65408 0.28396
-0.64824 0.285125
-0.6424 0.286086
-0.63656 0.286991
-0.63072 0.287535
-0.62488 0.288402
-0.61904 0.288848
-0.6132 0.289122
-0.60736 0.288806
-0.60152 0.289282
-0.59568 0.289282
-0.58984 0.289282
-0.584 0.289282
-0.57816 0.289282
-0.57232 0.289282
-0.56648 0.289282
-0.56064 0.289282
-0.5548 0.289282
-0.54896 0.289282
-0.54312 0.289282
-0.53728 0.289282
-0.53144 0.289282
-0.5256 0.289282
-0.51976 0.289282
-0.51392 0.289282
-0.50808 0.289282
-0.50224 0.289282
-0.4964 0.289282
-0.49056 0.289282
-0.48472 0.289282
-0.47888 0.289282
-0.47304 0.289282
-0.4672 0.289282
-0.46136 0.289282
-0.45552 0.289282
-0.44968 0.289282
-0.44384 0.289282
-0.438 0.289282
-0.43216 0.289282
-0.42632 0.289282
-0.42048 0.289282
-0.41464 0.289282
-0.4088 0.289282
-0.40296 0.289282
-0.39712 0.289282
-0.39128 0.289282
-0.38544 0.289282
-0.3796 0.289282
-0.37376 0.289282
-0.36792 0.289282
-0.36208 0.289282
-0.35624 0.289282
-0.3504 0.289282
-0.34456 0.289282
-0.33872 0.289282
-0.33288 0.289282
-0.32704 0.289282
-0.3212 0.289282
-0.31536 0.289282
-0.30952 0.289282
-0.30368 0.289282
-0.29784 0.289282
-0.292 0.289282
-0.28616 0.289282
-0.28032 0.289282
-0.27448 0.289282
-0.26864 0.289282
-0.2628 0.289282
-0.25696 0.289282
-0.25112 0.289282
-0.24528 0.289282
-0.23944 0.289282
-0.2336 0.289282
-0.22776 0.289282
-0.22192 0.289282
-0.21608 0.289282
-0.21024 0.289282
-0.2044 0.289282
-0.19856 0.289282
-0.19272 0.289282
-0.18688 0.289282
-0.18104 0.289282
-0.1752 0.289282
-0.16936 0.289282
-0.16352 0.289282
-0.15768 0.289282
-0.15184 0.289282
-0.146 0.289282
-0.14016 0.289282
-0.13432 0.289282
-0.12848 0.289282
-0.12264 0.289282
-0.1168 0.289282
-0.11096 0.289282
-0.10512 0.289282
-0.09928 0.289282
-0.09344 0.289282
-0.0876 0.289282
-0.08176 0.289282
-0.07592 0.289282
-0.07008 0.289282
-0.06424 0.289282
-0.0584 0.289282
-0.05256 0.289282
-0.04672 0.289282
-0.04088 0.289282
-0.03504 0.289282
-0.0292 0.289282
-0.02336 0.289282
-0.01752 0.289282
-0.01168 0.289282
-0.00584 0.289282
