-2.92 0.191682
-2.91416 0.191682
-2.90832 0.191682
-2.90248 0.191682
-2.89664 0.191682
-2.8908 0.191682
-2.88496 0.191682
-2.87912 0.191682
-2.87328 0.191682
-2.86744 0.191682
-2.8616 0.191682
-2.85576 0.191682
-2.84992 0.191682
-2.84408 0.191682
-2.83824 0.191682
-2.8324 0.191682
-2.82656 0.191682
-2.82072 0.191682
-2.81488 0.191682
-2.80904 0.191682
-2.8032 0.191682
-2.79736 0.191682
-2.79152 0.191682
-2.78568 0.191682
-2.77984 0.191682
-2.774 0.191682
-2.76816 0.191682
-2.76232 0.191682
-2.75648 0.191682
-2.75064 0.191682
-2.7448 0.191682
-2.73896 0.191682
-2.73312 0.191682
-2.72728 0.191682
-2.72144 0.191682
-2.7156 0.191682
-2.70976 0.191682
-2.70392 0.191682
-2.69808 0.191682
-2.69224 0.191682
-2.6864 0.191682
-2.68056 0.191682
-2.67472 0.191682
-2.66888 0.191682
-2.66304 0.191682
-2.6572 0.191682
-2.65136 0.191682
-2.64552 0.191682
-2.63968 0.191682
-2.63384 0.191682
-2.628 0.191682
-2.62216 0.191682
-2.61632 0.191682
-2.61048 0.191682
-2.60464 0.191682
-2.5988 0.191682
-2.59296 0.191463
-2.58712 0.191155
-2.58128 0.190759
-2.57544 0.190316
-2.5696 0.18974
-2.56376 0.189076
-2.55792 0.188325
-2.55208 0.187573
-2.54624 0.186821
-2.5404 0.186024
-2.53456 0.185272
-2.52872 0.184474
-2.52288 0.183722
-2.51704 0.182925
-2.5112 0.181997
-2.50536 0.181112
-2.49952 0.18027
-2.49368 0.179429
-2.48784 0.178456
-2.482 0.177702
-2.47616 0.176684
-2.47032 0.175709
-2.46448 0.174691
-2.45864 0.173673
-2.4528 0.172655
-2.44696 0.171636
-2.44112 0.170618
-2.43528 0.1696
-2.42944 0.168627
-2.4236 0.167564
-2.41776 0.166501
-2.41192 0.165482
-2.40608 0.164419
-2.40024 0.163313
-2.3944 0.162207
-2.38856 0.161057
-2.38272 0.159863
-2.37688 0.158713
-2.37104 0.157519
-2.3652 0.156282
-2.35936 0.155044
-2.35352 0.153852
-2.34768 0.152659
-2.34184 0.151422
-2.336 0.150229
-2.33016 0.149037
-2.32432 0.147844
-2.31848 0.146649
-2.31264 0.145454
-2.3068 0.144304
-2.30096 0.143155
-2.29512 0.14196
-2.28928 0.140766
-2.28344 0.139527
-2.2776 0.138332
-2.27176 0.137183
-2.26592 0.135987
-2.26008 0.134793
-2.25424 0.133511
-2.2484 0.132185
-2.24256 0.130815
-2.23672 0.129445
-2.23088 0.128075
-2.22504 0.126706
-2.2192 0.125336
-2.21336 0.123967
-2.20752 0.122641
-2.20168 0.121271
-2.19584 0.119945
-2.19 0.118575
-2.18416 0.117205
-2.17832 0.11579
-2.17248 0.114421
-2.16664 0.113006
-2.1608 0.111634
-2.15496 0.110219
-2.14912 0.108804
-2.14328 0.107388
-2.13744 0.106017
-2.1316 0.104559
-2.12576 0.103229
-2.11992 0.102279
-2.11408 0.101205
-2.10824 0.100088
-2.1024 0.0995196
-2.09656 0.0984862
-2.09072 0.0975809
-2.08488 0.096593
-2.07904 0.0955606
-2.0732 0.0948675
-2.06736 0.0944724
-2.06152 0.0939079
-2.05568 0.093897
-2.04984 0.0933292
-2.044 0.0923471
-2.03816 0.0921613
-2.03232 0.0922756
-2.02648 0.0927276
-2.02064 0.0910561
-2.0148 0.0912567
-2.00896 0.0907765
-2.00312 0.0905073
-1.99728 0.0896881
-1.99144 0.089254
-1.9856 0.0897928
-1.97976 0.0895652
-1.97392 0.0911286
-1.96808 0.0892488
-1.96224 0.0884323
-1.9564 0.0874244
-1.95056 0.0893891
-1.94472 0.0888712
-1.93888 0.0884015
-1.93304 0.0857085
-1.9272 0.0854006
-1.92136 0.0826997
-1.91552 0.0825447
-1.90968 0.0813849
-1.90384 0.081065
-1.898 0.0792453
-1.89216 0.0780898
-1.88632 0.0746468
-1.88048 0.0741345
-1.87464 0.0718552
-1.8688 0.0689846
-1.86296 0.0677942
-1.85712 0.0670254
-1.85128 0.0640496
-1.84544 0.0635785
-1.8396 0.060458
-1.83376 0.0587357
-1.82792 0.0573308
-1.82208 0.0562246
-1.81624 0.0529854
-1.8104 0.0516735
-1.80456 0.0505621
-1.79872 0.0473293
-1.79288 0.0462044
-1.78704 0.0448149
-1.7812 0.0417129
-1.77536 0.0404849
-1.76952 0.0399713
-1.76368 0.037966
-1.75784 0.0365334
-1.752 0.0349341
-1.74616 0.0331787
-1.74032 0.0319056
-1.73448 0.0302679
-1.72864 0.0286846
-1.7228 0.0273168
-1.71696 0.0254117
-1.71112 0.0231235
-1.70528 0.0215091
-1.69944 0.0208336
-1.6936 0.0185464
-1.68776 0.0179067
-1.68192 0.0166171
-1.67608 0.0143027
-1.67024 0.014276
-1.6644 0.0148712
-1.65856 0.0136061
-1.65272 0.0140609
-1.64688 0.0151815
-1.64104 0.0159577
-1.6352 0.0160976
-1.62936 0.0166993
-1.62352 0.0186512
-1.61768 0.0210142
-1.61184 0.0218114
-1.606 0.0236853
-1.60016 0.0251787
-1.59432 0.0249923
-1.58848 0.0284145
-1.58264 0.0285281
-1.5768 0.0302706
-1.57096 0.0323154
-1.56512 0.03319
-1.55928 0.034177
-1.55344 0.0354309
-1.5476 0.0389923
-1.54176 0.0412246
-1.53592 0.0412763
-1.53008 0.0437483
-1.52424 0.0431271
-1.5184 0.0459343
-1.51256 0.0471281
-1.50672 0.0484411
-1.50088 0.0503681
-1.49504 0.0534077
-1.4892 0.0557112
-1.48336 0.0578584
-1.47752 0.059857
-1.47168 0.0610233
-1.46584 0.063455
-1.46 0.0661077
-1.45416 0.0665378
-1.44832 0.0689693
-1.44248 0.0711322
-1.43664 0.0727237
-1.4308 0.0758528
-1.42496 0.0763726
-1.41912 0.0789936
-1.41328 0.0828659
-1.40744 0.0827292
-1.4016 0.0857055
-1.39576 0.0878335
-1.38992 0.0905672
-1.38408 0.0896803
-1.37824 0.0922552
-1.3724 0.0930418
-1.36656 0.0961126
-1.36072 0.0973463
-1.35488 0.100012
-1.34904 0.102692
-1.3432 0.104268
-1.33736 0.108399
-1.33152 0.109008
-1.32568 0.111886
-1.31984 0.113462
-1.314 0.115098
-1.30816 0.120135
-1.30232 0.118581
-1.29648 0.121728
-1.29064 0.123487
-1.2848 0.125791
-1.27896 0.130949
-1.27312 0.133435
-1.26728 0.13554
-1.26144 0.137708
-1.2556 0.139475
-1.24976 0.142493
-1.24392 0.145378
-1.23808 0.146138
-1.23224 0.149527
-1.2264 0.151838
-1.22056 0.152267
-1.21472 0.155991
-1.20888 0.158063
-1.20304 0.161055
-1.1972 0.162018
-1.19136 0.163725
-1.18552 0.168188
-1.17968 0.170915
-1.17384 0.171123
-1.168 0.173974
-1.16216 0.17428
-1.15632 0.174991
-1.15048 0.177367
-1.14464 0.178452
-1.1388 0.182084
-1.13296 0.184184
-1.12712 0.185769
-1.12128 0.187639
-1.11544 0.19046
-1.1096 0.194125
-1.10376 0.19577
-1.09792 0.19775
-1.09208 0.200264
-1.08624 0.199138
-1.0804 0.20217
-1.07456 0.204537
-1.06872 0.206193
-1.06288 0.207788
-1.05704 0.213424
-1.0512 0.215952
-1.04536 0.217184
-1.03952 0.21954
-1.03368 0.221173
-1.02784 0.223842
-1.022 0.225202
-1.01616 0.22691
-1.01032 0.229476
-1.00448 0.231234
-0.99864 0.233119
-0.9928 0.235981
-0.98696 0.237024
-0.98112 0.239699
-0.97528 0.24291
-0.96944 0.242845
-0.9636 0.245431
-0.95776 0.247887
-0.95192 0.250208
-0.94608 0.249071
-0.94024 0.251187
-0.9344 0.253455
-0.92856 0.254499
-0.92272 0.25659
-0.91688 0.258935
-0.91104 0.260497
-0.9052 0.262069
-0.89936 0.265782
-0.89352 0.268219
-0.88768 0.270017
-0.88184 0.270854
-0.876 0.271335
-0.87016 0.275536
-0.86432 0.274561
-0.85848 0.275684
-0.85264 0.277187
-0.8468 0.278304
-0.84096 0.283383
-0.83512 0.285308
-0.82928 0.286723
-0.82344 0.287795
-0.8176 0.289043
-0.81176 0.289777
-0.80592 0.291663
-0.80008 0.29224
-0.79424 0.293241
-0.7884 0.29397
-0.78256 0.295496
-0.77672 0.296265
-0.77088 0.297719
-0.76504 0.29816
-0.7592 0.299526
-0.75336 0.30059
-0.74752 0.301617
-0.74168 0.302179
-0.73584 0.303837
-0.73 0.304484
-0.72416 0.303398
-0.71832 0.30438
-0.71248 0.305531
-0.70664 0.306635
-0.7008 0.307957
-0.69496 0.308565
-0.68912 0.309485
-0.68328 0.310375
-0.67744 0.311515
-0.6716 0.31324
-0.66576 0.314253
-0.65992 0.315391
-0.65408 0.316771
-0.64824 0.315761
-0.6424 0.316805
-0.63656 0.317764
-0.63072 0.318717
-0.62488 0.319624
-0.61904 0.321366
-0.6132 0.321637
-0.60736 0.32186
-0.60152 0.321828
-0.59568 0.321828
-0.58984 0.321828
-0.584 0.321828
-0.57816 0.321828
-0.57232 0.321828
-0.56648 0.321828
-0.56064 0.321828
-0.5548 0.321828
-0.54896 0.321828
-0.54312 0.321828
-0.53728 0.321828
-0.53144 0.321828
-0.5256 0.321828
-0.51976 0.321828
-0.51392 0.321828
-0.50808 0.321828
-0.50224 0.321828
-0.4964 0.321828
-0.49056 0.321828
-0.48472 0.321828
-0.47888 0.321828
-0.47304 0.321828
-0.4672 0.321828
-0.46136 0.321828
-0.45552 0.321828
-0.44968 0.321828
-0.44384 0.321828
-0.438 0.321828
-0.43216 0.321828
-0.42632 0.321828
-0.42048 0.321828
-0.41464 0.321828
-0.4088 0.321828
-0.40296 0.321828
-0.39712 0.321828
-0.39128 0.321828
-0.38544 0.321828
-0.3796 0.321828
-0.37376 0.321828
-0.36792 0.321828
-0.36208 0.321828
-0.35624 0.321828
-0.3504 0.321828
-0.34456 0.321828
-0.33872 0.321828
-0.33288 0.321828
-0.32704 0.321828
-0.3212 0.321828
-0.31536 0.321828
-0.30952 0.321828
-0.30368 0.321828
-0.29784 0.321828
-0.292 0.321828
-0.28616 0.321828
-0.28032 0.321828
-0.27448 0.321828
-0.26864 0.321828
-0.2628 0.321828
-0.25696 0.321828
-0.25112 0.321828
-0.24528 0.321828
-0.23944 0.321828
-0.2336 0.321828
-0.22776 0.321828
-0.22192 0.321828
-0.21608 0.321828
-0.21024 0.321828
-0.2044 0.321828
-0.19856 0.321828
-0.19272 0.321828
-0.18688 0.321828
-0.18104 0.321828
-0.1752 0.321828
-0.16936 0.321828
-0.16352 0.321828
-0.15768 0.321828
-0.15184 0.321828
-0.146 0.321828
-0.14016 0.321828
-0.13432 0.321828
-0.12848 0.321828
-0.12264 0.321828
-0.1168 0.321828
-0.11096 0.321828
-0.10512 0.321828
-0.09928 0.321828
-0.09344 0.321828
-0.0876 0.321828
-0.08176 0.321828
-0.07592 0.321828
-0.07008 0.321828
-0.06424 0.321828
-0.0584 0.321828
-0.05256 0.321828
-0.04672 0.321828
-0.04088 0.321828
-0.03504 0.321828
-0.0292 0.321828
-0.02336 0.321828
-0.01752 0.321828
-0.01168 0.321828
-0.00584 0.321828
