-2.92 0.224638
-2.91416 0.224638
-2.90832 0.224638
-2.90248 0.224638
-2.89664 0.224638
-2.8908 0.224638
-2.88496 0.224638
-2.87912 0.224638
-2.87328 0.224638
-2.86744 0.224638
-2.8616 0.224638
-2.85576 0.224638
-2.84992 0.224638
-2.84408 0.224638
-2.83824 0.224638
-2.8324 0.224638
-2.82656 0.224638
-2.82072 0.224638
-2.81488 0.224638
-2.80904 0.224638
-2.8032 0.224638
-2.79736 0.224638
-2.79152 0.224638
-2.78568 0.224638
-2.77984 0.224638
-2.774 0.224638
-2.76816 0.224638
-2.76232 0.224638
-2.75648 0.224638
-2.75064 0.224638
-2.7448 0.224638
-2.73896 0.224638
-2.73312 0.224638
-2.72728 0.224638
-2.72144 0.224638
-2.7156 0.224638
-2.70976 0.224638
-2.70392 0.224638
-2.69808 0.224638
-2.69224 0.224638
-2.6864 0.224638
-2.68056 0.224638
-2.67472 0.224638
-2.66888 0.224638
-2.66304 0.224638
-2.6572 0.224638
-2.65136 0.224638
-2.64552 0.224638
-2.63968 0.224638
-2.63384 0.224638
-2.628 0.224638
-2.62216 0.224638
-2.61632 0.224638
-2.61048 0.224638
-2.60464 0.224638
-2.5988 0.224638
-2.59296 0.224461
-2.58712 0.224066
-2.58128 0.223584
-2.57544 0.223055
-2.5696 0.222484
-2.56376 0.221869
-2.55792 0.221166
-2.55208 0.220419
-2.54624 0.219716
-2.5404 0.218927
-2.53456 0.218179
-2.52872 0.217388
-2.52288 0.216597
-2.51704 0.215805
-2.5112 0.214881
-2.50536 0.213913
-2.49952 0.213032
-2.49368 0.212106
-2.48784 0.211049
-2.482 0.210123
-2.47616 0.20902
-2.47032 0.20783
-2.46448 0.20664
-2.45864 0.20545
-2.4528 0.204259
-2.44696 0.203112
-2.44112 0.201921
-2.43528 0.200686
-2.42944 0.199453
-2.4236 0.198219
-2.41776 0.197026
-2.41192 0.195792
-2.40608 0.194514
-2.40024 0.193278
-2.3944 0.191956
-2.38856 0.190721
-2.38272 0.189397
-2.37688 0.188116
-2.37104 0.186792
-2.3652 0.18551
-2.35936 0.184141
-2.35352 0.182772
-2.34768 0.181403
-2.34184 0.180079
-2.336 0.178622
-2.33016 0.177166
-2.32432 0.175756
-2.31848 0.174343
-2.31264 0.172929
-2.3068 0.171428
-2.30096 0.169927
-2.29512 0.168426
-2.28928 0.166969
-2.28344 0.165511
-2.2776 0.164009
-2.27176 0.162551
-2.26592 0.161047
-2.26008 0.159589
-2.25424 0.157998
-2.2484 0.156407
-2.24256 0.154774
-2.23672 0.153139
-2.23088 0.151461
-2.22504 0.149871
-2.2192 0.148193
-2.21336 0.146559
-2.20752 0.144926
-2.20168 0.143248
-2.19584 0.141659
-2.19 0.139981
-2.18416 0.138348
-2.17832 0.136714
-2.17248 0.135125
-2.16664 0.133491
-2.1608 0.131813
-2.15496 0.130137
-2.14912 0.128459
-2.14328 0.12678
-2.13744 0.125057
-2.1316 0.123423
-2.12576 0.121744
-2.11992 0.120066
-2.11408 0.118344
-2.10824 0.116665
-2.1024 0.114989
-2.09656 0.11331
-2.09072 0.111631
-2.08488 0.109993
-2.07904 0.108314
-2.0732 0.106636
-2.06736 0.104917
-2.06152 0.103453
-2.05568 0.10182
-2.04984 0.100141
-2.044 0.0985958
-2.03816 0.0970445
-2.03232 0.0952377
-2.02648 0.0940229
-2.02064 0.0918804
-2.0148 0.0904113
-2.00896 0.0885665
-2.00312 0.0868877
-1.99728 0.0855886
-1.99144 0.0840375
-1.9856 0.0822795
-1.97976 0.0810695
-1.97392 0.0802799
-1.96808 0.0791131
-1.96224 0.0788729
-1.9564 0.078207
-1.95056 0.0771707
-1.94472 0.0768068
-1.93888 0.0756847
-1.93304 0.0753106
-1.9272 0.0751635
-1.92136 0.0741646
-1.91552 0.0735921
-1.90968 0.073228
-1.90384 0.0723178
-1.898 0.0733903
-1.89216 0.0721873
-1.88632 0.0726241
-1.88048 0.0719359
-1.87464 0.0713671
-1.8688 0.0718888
-1.86296 0.0729644
-1.85712 0.0717289
-1.85128 0.0717974
-1.84544 0.0718683
-1.8396 0.0719065
-1.83376 0.0721336
-1.82792 0.0725767
-1.82208 0.0746019
-1.81624 0.0730619
-1.8104 0.0741481
-1.80456 0.0742327
-1.79872 0.075313
-1.79288 0.0750465
-1.78704 0.0747059
-1.7812 0.0738526
-1.77536 0.0737625
-1.76952 0.0754377
-1.76368 0.0776222
-1.75784 0.0772378
-1.752 0.0766848
-1.74616 0.0789972
-1.74032 0.0799611
-1.73448 0.0789114
-1.72864 0.0794862
-1.7228 0.0815112
-1.71696 0.0802461
-1.71112 0.0833276
-1.70528 0.0832874
-1.69944 0.0838471
-1.6936 0.0840871
-1.68776 0.0848518
-1.68192 0.0849824
-1.67608 0.0870905
-1.67024 0.0853025
-1.6644 0.0875051
-1.65856 0.0878826
-1.65272 0.0876086
-1.64688 0.0882334
-1.64104 0.0900963
-1.6352 0.089689
-1.62936 0.0889423
-1.62352 0.0900834
-1.61768 0.0906049
-1.61184 0.0919515
-1.606 0.0955656
-1.60016 0.0954203
-1.59432 0.0979049
-1.58848 0.0988295
-1.58264 0.100672
-1.5768 0.100981
-1.57096 0.10484
-1.56512 0.103103
-1.55928 0.105823
-1.55344 0.111028
-1.5476 0.110542
-1.54176 0.112039
-1.53592 0.11306
-1.53008 0.113622
-1.52424 0.115719
-1.5184 0.117947
-1.51256 0.121135
-1.50672 0.121887
-1.50088 0.123435
-1.49504 0.126026
-1.4892 0.12956
-1.48336 0.130651
-1.47752 0.129494
-1.47168 0.134757
-1.46584 0.1302
-1.46 0.138245
-1.45416 0.139308
-1.44832 0.142722
-1.44248 0.143676
-1.43664 0.144223
-1.4308 0.145677
-1.42496 0.152431
-1.41912 0.150689
-1.41328 0.155225
-1.40744 0.154372
-1.4016 0.157052
-1.39576 0.159614
-1.38992 0.160078
-1.38408 0.165868
-1.37824 0.167791
-1.3724 0.169265
-1.36656 0.171877
-1.36072 0.17162
-1.35488 0.174421
-1.34904 0.171582
-1.3432 0.17165
-1.33736 0.175291
-1.33152 0.179499
-1.32568 0.183366
-1.31984 0.184223
-1.314 0.186189
-1.30816 0.186558
-1.30232 0.190527
-1.29648 0.192933
-1.29064 0.193134
-1.2848 0.196934
-1.27896 0.196024
-1.27312 0.200336
-1.26728 0.201403
-1.26144 0.199357
-1.2556 0.200117
-1.24976 0.203703
-1.24392 0.205435
-1.23808 0.206787
-1.23224 0.207234
-1.2264 0.210741
-1.22056 0.210699
-1.21472 0.212137
-1.20888 0.214007
-1.20304 0.217532
-1.1972 0.218222
-1.19136 0.218639
-1.18552 0.220354
-1.17968 0.224059
-1.17384 0.224592
-1.168 0.229207
-1.16216 0.228619
-1.15632 0.231152
-1.15048 0.231849
-1.14464 0.233109
-1.1388 0.234195
-1.13296 0.235745
-1.12712 0.233713
-1.12128 0.23663
-1.11544 0.241533
-1.1096 0.241971
-1.10376 0.240847
-1.09792 0.243147
-1.09208 0.242638
-1.08624 0.243984
-1.0804 0.245229
-1.07456 0.247407
-1.06872 0.249395
-1.06288 0.248785
-1.05704 0.251648
-1.0512 0.252226
-1.04536 0.251817
-1.03952 0.251088
-1.03368 0.254069
-1.02784 0.248826
-1.022 0.253622
-1.01616 0.252763
-1.01032 0.252934
-1.00448 0.253214
-0.99864 0.251484
-0.9928 0.251005
-0.98696 0.254361
-0.98112 0.251458
-0.97528 0.254062
-0.96944 0.251443
-0.9636 0.251132
-0.95776 0.253214
-0.95192 0.251403
-0.94608 0.255308
-0.94024 0.25401
-0.9344 0.253773
-0.92856 0.254177
-0.92272 0.252749
-0.91688 0.25366
-0.91104 0.250378
-0.9052 0.250868
-0.89936 0.251846
-0.89352 0.254258
-0.88768 0.254354
-0.88184 0.25484
-0.876 0.254244
-0.87016 0.253036
-0.86432 0.254639
-0.85848 0.255163
-0.85264 0.255302
-0.8468 0.255896
-0.84096 0.2554
-0.83512 0.254777
-0.82928 0.255293
-0.82344 0.253208
-0.8176 0.254569
-0.81176 0.254916
-0.80592 0.255691
-0.80008 0.256123
-0.79424 0.255246
-0.7884 0.256478
-0.78256 0.25652
-0.77672 0.256192
-0.77088 0.256465
-0.76504 0.258027
-0.7592 0.258034
-0.75336 0.257911
-0.74752 0.259147
-0.74168 0.259364
-0.73584 0.260006
-0.73 0.260933
-0.72416 0.261657
-0.71832 0.262546
-0.71248 0.26322
-0.70664 0.263772
-0.7008 0.265078
-0.69496 0.265881
-0.68912 0.266051
-0.68328 0.267357
-0.67744 0.269674
-0.6716 0.270893
-0.66576 0.271811
-0.65992 0.272185
-0.65408 0.272314
-0.64824 0.272724
-0.6424 0.274226
-0.63656 0.275221
-0.63072 0.276041
-0.62488 0.276062
-0.61904 0.27591
-0.6132 0.2758
-0.60736 0.275688
-0.60152 0.276121
-0.59568 0.276121
-0.58984 0.276121
-0.584 0.276121
-0.57816 0.276121
-0.57232 0.276121
-0.56648 0.276121
-0.56064 0.276121
-0.5548 0.276121
-0.54896 0.276121
-0.54312 0.276121
-0.53728 0.276121
-0.53144 0.276121
-0.5256 0.276121
-0.51976 0.276121
-0.51392 0.276121
-0.50808 0.276121
-0.50224 0.276121
-0.4964 0.276121
-0.49056 0.276121
-0.48472 0.276121
-0.47888 0.276121
-0.47304 0.276121
-0.4672 0.276121
-0.46136 0.276121
-0.45552 0.276121
-0.44968 0.276121
-0.44384 0.276121
-0.438 0.276121
-0.43216 0.276121
-0.42632 0.276121
-0.42048 0.276121
-0.41464 0.276121
-0.4088 0.276121
-0.40296 0.276121
-0.39712 0.276121
-0.39128 0.276121
-0.38544 0.276121
-0.3796 0.276121
-0.37376 0.276121
-0.36792 0.276121
-0.36208 0.276121
-0.35624 0.276121
-0.3504 0.276121
-0.34456 0.276121
-0.33872 0.276121
-0.33288 0.276121
-0.32704 0.276121
-0.3212 0.276121
-0.31536 0.276121
-0.30952 0.276121
-0.30368 0.276121
-0.29784 0.276121
-0.292 0.276121
-0.28616 0.276121
-0.28032 0.276121
-0.27448 0.276121
-0.26864 0.276121
-0.2628 0.276121
-0.25696 0.276121
-0.25112 0.276121
-0.24528 0.276121
-0.23944 0.276121
-0.2336 0.276121
-0.22776 0.276121
-0.22192 0.276121
-0.21608 0.276121
-0.21024 0.276121
-0.2044 0.276121
-0.19856 0.276121
-0.19272 0.276121
-0.18688 0.276121
-0.18104 0.276121
-0.1752 0.276121
-0.16936 0.276121
-0.16352 0.276121
-0.15768 0.276121
-0.15184 0.276121
-0.146 0.276121
-0.14016 0.276121
-0.13432 0.276121
-0.12848 0.276121
-0.12264 0.276121
-0.1168 0.276121
-0.11096 0.276121
-0.10512 0.276121
-0.09928 0.276121
-0.09344 0.276121
-0.0876 0.276121
-0.08176 0.276121
-0.07592 0.276121
-0.07008 0.276121
-0.06424 0.276121
-0.0584 0.276121
-0.05256 0.276121
-0.04672 0.276121
-0.04088 0.276121
-0.03504 0.276121
-0.0292 0.276121
-0.02336 0.276121
-0.01752 0.276121
-0.01168 0.276121
-0.00584 0.276121
