-2.92 0.26116
-2.91416 0.26116
-2.90832 0.26116
-2.90248 0.26116
-2.89664 0.26116
-2.8908 0.26116
-2.88496 0.26116
-2.87912 0.26116
-2.87328 0.26116
-2.86744 0.26116
-2.8616 0.26116
-2.85576 0.26116
-2.84992 0.26116
-2.84408 0.26116
-2.83824 0.26116
-2.8324 0.26116
-2.82656 0.26116
-2.82072 0.26116
-2.81488 0.26116
-2.80904 0.26116
-2.8032 0.26116
-2.79736 0.26116
-2.79152 0.26116
-2.78568 0.26116
-2.77984 0.26116
-2.774 0.26116
-2.76816 0.26116
-2.76232 0.26116
-2.75648 0.26116
-2.75064 0.26116
-2.7448 0.26116
-2.73896 0.26116
-2.73312 0.26116
-2.72728 0.26116
-2.72144 0.26116
-2.7156 0.26116
-2.70976 0.26116
-2.70392 0.26116
-2.69808 0.26116
-2.69224 0.26116
-2.6864 0.26116
-2.68056 0.26116
-2.67472 0.26116
-2.66888 0.26116
-2.66304 0.26116
-2.6572 0.26116
-2.65136 0.26116
-2.64552 0.26116
-2.63968 0.26116
-2.63384 0.26116
-2.628 0.26116
-2.62216 0.26116
-2.61632 0.26116
-2.61048 0.26116
-2.60464 0.26116
-2.5988 0.26116
-2.59296 0.260808
-2.58712 0.260277
-2.58128 0.25957
-2.57544 0.258772
-2.5696 0.257885
-2.56376 0.256997
-2.55792 0.25611
-2.55208 0.255222
-2.54624 0.254289
-2.5404 0.253313
-2.53456 0.252337
-2.52872 0.251272
-2.52288 0.250165
-2.51704 0.249055
-2.5112 0.247947
-2.50536 0.246836
-2.49952 0.245728
-2.49368 0.244574
-2.48784 0.243418
-2.482 0.242439
-2.47616 0.241108
-2.47032 0.239775
-2.46448 0.2384
-2.45864 0.237068
-2.4528 0.235692
-2.44696 0.23423
-2.44112 0.232809
-2.43528 0.231301
-2.42944 0.229793
-2.4236 0.228241
-2.41776 0.22669
-2.41192 0.225094
-2.40608 0.223542
-2.40024 0.221902
-2.3944 0.220262
-2.38856 0.21858
-2.38272 0.216895
-2.37688 0.215255
-2.37104 0.213571
-2.3652 0.211974
-2.35936 0.21029
-2.35352 0.20865
-2.34768 0.206966
-2.34184 0.205325
-2.336 0.203639
-2.33016 0.202041
-2.32432 0.200312
-2.31848 0.198584
-2.31264 0.196942
-2.3068 0.195258
-2.30096 0.193531
-2.29512 0.191846
-2.28928 0.190161
-2.28344 0.188475
-2.2776 0.186746
-2.27176 0.18515
-2.26592 0.18355
-2.26008 0.181995
-2.25424 0.180219
-2.2484 0.1784
-2.24256 0.176581
-2.23672 0.17485
-2.23088 0.17303
-2.22504 0.171256
-2.2192 0.169436
-2.21336 0.167619
-2.20752 0.165801
-2.20168 0.163939
-2.19584 0.16212
-2.19 0.160258
-2.18416 0.15844
-2.17832 0.156577
-2.17248 0.154715
-2.16664 0.152853
-2.1608 0.151079
-2.15496 0.149216
-2.14912 0.147398
-2.14328 0.145579
-2.13744 0.143716
-2.1316 0.141898
-2.12576 0.140036
-2.11992 0.138892
-2.11408 0.137032
-2.10824 0.13555
-2.1024 0.134616
-2.09656 0.133219
-2.09072 0.131992
-2.08488 0.130682
-2.07904 0.12962
-2.0732 0.129368
-2.06736 0.127927
-2.06152 0.127088
-2.05568 0.126708
-2.04984 0.125489
-2.044 0.125455
-2.03816 0.124354
-2.03232 0.123929
-2.02648 0.12194
-2.02064 0.121263
-2.0148 0.120921
-2.00896 0.120709
-2.00312 0.119272
-1.99728 0.119351
-1.99144 0.117997
-1.9856 0.118083
-1.97976 0.117573
-1.97392 0.117951
-1.96808 0.116344
-1.96224 0.114946
-1.9564 0.113805
-1.95056 0.112875
-1.94472 0.11118
-1.93888 0.108523
-1.93304 0.106571
-1.9272 0.10514
-1.92136 0.104252
-1.91552 0.10252
-1.90968 0.0992239
-1.90384 0.097114
-1.898 0.0956342
-1.89216 0.0930173
-1.88632 0.0909501
-1.88048 0.0890501
-1.87464 0.0861434
-1.8688 0.0834409
-1.86296 0.0812514
-1.85712 0.079228
-1.85128 0.0778849
-1.84544 0.0758212
-1.8396 0.0713931
-1.83376 0.0706924
-1.82792 0.0689297
-1.82208 0.0666224
-1.81624 0.0623178
-1.8104 0.0610147
-1.80456 0.0595436
-1.79872 0.0557053
-1.79288 0.054488
-1.78704 0.0517526
-1.7812 0.0485417
-1.77536 0.0466965
-1.76952 0.0442518
-1.76368 0.0431661
-1.75784 0.0412809
-1.752 0.0393059
-1.74616 0.0366542
-1.74032 0.0343866
-1.73448 0.0322067
-1.72864 0.0310831
-1.7228 0.0287807
-1.71696 0.0269803
-1.71112 0.0255276
-1.70528 0.0233087
-1.69944 0.0220219
-1.6936 0.0209491
-1.68776 0.0190318
-1.68192 0.0178342
-1.67608 0.016723
-1.67024 0.0164931
-1.6644 0.0174094
-1.65856 0.0174323
-1.65272 0.0171702
-1.64688 0.0179624
-1.64104 0.0192659
-1.6352 0.0208225
-1.62936 0.0210694
-1.62352 0.0229312
-1.61768 0.0239859
-1.61184 0.0258519
-1.606 0.0280371
-1.60016 0.0288137
-1.59432 0.0305062
-1.58848 0.0312764
-1.58264 0.0341621
-1.5768 0.0338121
-1.57096 0.0375467
-1.56512 0.0378332
-1.55928 0.0400167
-1.55344 0.0422788
-1.5476 0.043462
-1.54176 0.0444201
-1.53592 0.0471547
-1.53008 0.0471877
-1.52424 0.0487027
-1.5184 0.0484281
-1.51256 0.0514575
-1.50672 0.0510814
-1.50088 0.054329
-1.49504 0.0548391
-1.4892 0.0592881
-1.48336 0.0590107
-1.47752 0.0609931
-1.47168 0.0622659
-1.46584 0.0654725
-1.46 0.067892
-1.45416 0.0714789
-1.44832 0.0736042
-1.44248 0.0750006
-1.43664 0.0765708
-1.4308 0.0775253
-1.42496 0.0803584
-1.41912 0.08265
-1.41328 0.0845612
-1.40744 0.0869729
-1.4016 0.087369
-1.39576 0.0895533
-1.38992 0.0925997
-1.38408 0.0942442
-1.37824 0.0942758
-1.3724 0.0969963
-1.36656 0.099419
-1.36072 0.102636
-1.35488 0.101864
-1.34904 0.102453
-1.3432 0.104282
-1.33736 0.106275
-1.33152 0.108179
-1.32568 0.111062
-1.31984 0.112988
-1.314 0.113714
-1.30816 0.11783
-1.30232 0.11697
-1.29648 0.117581
-1.29064 0.119876
-1.2848 0.122985
-1.27896 0.124527
-1.27312 0.127323
-1.26728 0.130417
-1.26144 0.130727
-1.2556 0.134832
-1.24976 0.136131
-1.24392 0.141049
-1.23808 0.143385
-1.23224 0.145783
-1.2264 0.148151
-1.22056 0.150915
-1.21472 0.15217
-1.20888 0.154811
-1.20304 0.156186
-1.1972 0.158499
-1.19136 0.161923
-1.18552 0.164225
-1.17968 0.164431
-1.17384 0.167906
-1.168 0.171173
-1.16216 0.17146
-1.15632 0.174447
-1.15048 0.174129
-1.14464 0.178416
-1.1388 0.177105
-1.13296 0.180414
-1.12712 0.180197
-1.12128 0.183646
-1.11544 0.184804
-1.1096 0.188548
-1.10376 0.189796
-1.09792 0.192389
-1.09208 0.191857
-1.08624 0.195135
-1.0804 0.194395
-1.07456 0.197542
-1.06872 0.197816
-1.06288 0.201434
-1.05704 0.202312
-1.0512 0.207827
-1.04536 0.207784
-1.03952 0.211008
-1.03368 0.213228
-1.02784 0.216375
-1.022 0.218807
-1.01616 0.22216
-1.01032 0.22379
-1.00448 0.225205
-0.99864 0.227115
-0.9928 0.228549
-0.98696 0.23059
-0.98112 0.23315
-0.97528 0.234142
-0.96944 0.236479
-0.9636 0.237986
-0.95776 0.238941
-0.95192 0.241074
-0.94608 0.243201
-0.94024 0.243613
-0.9344 0.245699
-0.92856 0.248003
-0.92272 0.250383
-0.91688 0.249573
-0.91104 0.249956
-0.9052 0.252032
-0.89936 0.2537
-0.89352 0.254191
-0.88768 0.256993
-0.88184 0.258492
-0.876 0.257972
-0.87016 0.261519
-0.86432 0.260472
-0.85848 0.261081
-0.85264 0.262329
-0.8468 0.26239
-0.84096 0.264351
-0.83512 0.265165
-0.82928 0.268629
-0.82344 0.2686
-0.8176 0.270433
-0.81176 0.271041
-0.80592 0.27388
-0.80008 0.274856
-0.79424 0.275889
-0.7884 0.277037
-0.78256 0.277521
-0.77672 0.278292
-0.77088 0.279366
-0.76504 0.280727
-0.7592 0.280661
-0.75336 0.282525
-0.74752 0.283249
-0.74168 0.283692
-0.73584 0.285433
-0.73 0.285146
-0.72416 0.285788
-0.71832 0.287061
-0.71248 0.287657
-0.70664 0.289009
-0.7008 0.287377
-0.69496 0.288305
-0.68912 0.289232
-0.68328 0.289449
-0.67744 0.290791
-0.6716 0.291766
-0.66576 0.292474
-0.65992 0.293734
-0.65408 0.295283
-0.64824 0.296249
-0.6424 0.295999
-0.63656 0.297078
-0.63072 0.298035
-0.62488 0.298857
-0.61904 0.29968
-0.6132 0.301085
-0.60736 0.30131
-0.60152 0.301278
-0.59568 0.301278
-0.58984 0.301278
-0.584 0.301278
-0.57816 0.301278
-0.57232 0.301278
-0.56648 0.301278
-0.56064 0.301278
-0.5548 0.301278
-0.54896 0.301278
-0.54312 0.301278
-0.53728 0.301278
-0.53144 0.301278
-0.5256 0.301278
-0.51976 0.301278
-0.51392 0.301278
-0.50808 0.301278
-0.50224 0.301278
-0.4964 0.301278
-0.49056 0.301278
-0.48472 0.301278
-0.47888 0.301278
-0.47304 0.301278
-0.4672 0.301278
-0.46136 0.301278
-0.45552 0.301278
-0.44968 0.301278
-0.44384 0.301278
-0.438 0.301278
-0.43216 0.301278
-0.42632 0.301278
-0.42048 0.301278
-0.41464 0.301278
-0.4088 0.301278
-0.40296 0.301278
-0.39712 0.301278
-0.39128 0.301278
-0.38544 0.301278
-0.3796 0.301278
-0.37376 0.301278
-0.36792 0.301278
-0.36208 0.301278
-0.35624 0.301278
-0.3504 0.301278
-0.34456 0.301278
-0.33872 0.301278
-0.33288 0.301278
-0.32704 0.301278
-0.3212 0.301278
-0.31536 0.301278
-0.30952 0.301278
-0.30368 0.301278
-0.29784 0.301278
-0.292 0.301278
-0.28616 0.301278
-0.28032 0.301278
-0.27448 0.301278
-0.26864 0.301278
-0.2628 0.301278
-0.25696 0.301278
-0.25112 0.301278
-0.24528 0.301278
-0.23944 0.301278
-0.2336 0.301278
-0.22776 0.301278
-0.22192 0.301278
-0.21608 0.301278
-0.21024 0.301278
-0.2044 0.301278
-0.19856 0.301278
-0.19272 0.301278
-0.18688 0.301278
-0.18104 0.301278
-0.1752 0.301278
-0.16936 0.301278
-0.16352 0.301278
-0.15768 0.301278
-0.15184 0.301278
-0.146 0.301278
-0.14016 0.301278
-0.13432 0.301278
-0.12848 0.301278
-0.12264 0.301278
-0.1168 0.301278
-0.11096 0.301278
-0.10512 0.301278
-0.09928 0.301278
-0.09344 0.301278
-0.0876 0.301278
-0.08176 0.301278
-0.07592 0.301278
-0.07008 0.301278
-0.06424 0.301278
-0.0584 0.301278
-0.05256 0.301278
-0.04672 0.301278
-0.04088 0.301278
-0.03504 0.301278
-0.0292 0.301278
-0.02336 0.301278
-0.01752 0.301278
-0.01168 0.301278
-0.00584 0.301278
