-2.92 0.208841
-2.91416 0.208841
-2.90832 0.208841
-2.90248 0.208841
-2.89664 0.208841
-2.8908 0.208841
-2.88496 0.208841
-2.87912 0.208841
-2.87328 0.208841
-2.86744 0.208841
-2.8616 0.208841
-2.85576 0.208841
-2.84992 0.208841
-2.84408 0.208841
-2.83824 0.208841
-2.8324 0.208841
-2.82656 0.208841
-2.82072 0.208841
-2.81488 0.208841
-2.80904 0.208841
-2.8032 0.208841
-2.79736 0.208841
-2.79152 0.208841
-2.78568 0.208841
-2.77984 0.208841
-2.774 0.208841
-2.76816 0.208841
-2.76232 0.208841
-2.75648 0.208841
-2.75064 0.208841
-2.7448 0.208841
-2.73896 0.208841
-2.73312 0.208841
-2.72728 0.208841
-2.72144 0.208841
-2.7156 0.208841
-2.70976 0.208841
-2.70392 0.208841
-2.69808 0.208841
-2.69224 0.208841
-2.6864 0.208841
-2.68056 0.208841
-2.67472 0.208841
-2.66888 0.208841
-2.66304 0.208841
-2.6572 0.208841
-2.65136 0.208841
-2.64552 0.208841
-2.63968 0.208841
-2.63384 0.208841
-2.628 0.208841
-2.62216 0.208841
-2.61632 0.208841
-2.61048 0.208841
-2.60464 0.208841
-2.5988 0.208841
-2.59296 0.208664
-2.58712 0.208442
-2.58128 0.208131
-2.57544 0.207688
-2.5696 0.207156
-2.56376 0.206581
-2.55792 0.205962
-2.55208 0.205387
-2.54624 0.204723
-2.5404 0.204014
-2.53456 0.203306
-2.52872 0.202598
-2.52288 0.201932
-2.51704 0.201221
-2.5112 0.200422
-2.50536 0.199622
-2.49952 0.198822
-2.49368 0.197975
-2.48784 0.197086
-2.482 0.196242
-2.47616 0.195265
-2.47032 0.194288
-2.46448 0.19331
-2.45864 0.192244
-2.4528 0.191134
-2.44696 0.190024
-2.44112 0.188915
-2.43528 0.187718
-2.42944 0.186563
-2.4236 0.185321
-2.41776 0.184081
-2.41192 0.182839
-2.40608 0.18164
-2.40024 0.180442
-2.3944 0.179155
-2.38856 0.177869
-2.38272 0.176581
-2.37688 0.175293
-2.37104 0.174006
-2.3652 0.172717
-2.35936 0.171385
-2.35352 0.170097
-2.34768 0.168765
-2.34184 0.16743
-2.336 0.166009
-2.33016 0.16463
-2.32432 0.163163
-2.31848 0.161696
-2.31264 0.16023
-2.3068 0.158851
-2.30096 0.157428
-2.29512 0.15596
-2.28928 0.154492
-2.28344 0.153026
-2.2776 0.151559
-2.27176 0.150179
-2.26592 0.148669
-2.26008 0.147376
-2.25424 0.145909
-2.2484 0.144397
-2.24256 0.142885
-2.23672 0.141374
-2.23088 0.139862
-2.22504 0.138438
-2.2192 0.136926
-2.21336 0.13546
-2.20752 0.133993
-2.20168 0.132437
-2.19584 0.130884
-2.19 0.129373
-2.18416 0.127905
-2.17832 0.126394
-2.17248 0.124884
-2.16664 0.123329
-2.1608 0.121772
-2.15496 0.120216
-2.14912 0.118704
-2.14328 0.117192
-2.13744 0.115635
-2.1316 0.114122
-2.12576 0.112609
-2.11992 0.111514
-2.11408 0.110254
-2.10824 0.109117
-2.1024 0.10815
-2.09656 0.107311
-2.09072 0.106514
-2.08488 0.105425
-2.07904 0.104841
-2.0732 0.104423
-2.06736 0.103838
-2.06152 0.101692
-2.05568 0.102415
-2.04984 0.101159
-2.044 0.101001
-2.03816 0.100881
-2.03232 0.100042
-2.02648 0.0991219
-2.02064 0.0999292
-2.0148 0.0987137
-2.00896 0.0990171
-2.00312 0.0987704
-1.99728 0.0964138
-1.99144 0.0961735
-1.9856 0.0973632
-1.97976 0.0961535
-1.97392 0.0973445
-1.96808 0.0959592
-1.96224 0.096228
-1.9564 0.0948429
-1.95056 0.0950648
-1.94472 0.0915701
-1.93888 0.0903942
-1.93304 0.0894356
-1.9272 0.0884296
-1.92136 0.0854024
-1.91552 0.0836813
-1.90968 0.0824676
-1.90384 0.0807883
-1.898 0.0783451
-1.89216 0.0764611
-1.88632 0.0752859
-1.88048 0.0732673
-1.87464 0.070914
-1.8688 0.0686033
-1.86296 0.0673075
-1.85712 0.0647011
-1.85128 0.062726
-1.84544 0.0604629
-1.8396 0.0595919
-1.83376 0.0571217
-1.82792 0.0558307
-1.82208 0.0531538
-1.81624 0.0519074
-1.8104 0.0499411
-1.80456 0.0478918
-1.79872 0.046944
-1.79288 0.043882
-1.78704 0.0416674
-1.7812 0.0397083
-1.77536 0.0387183
-1.76952 0.0363802
-1.76368 0.0352665
-1.75784 0.033773
-1.752 0.0310939
-1.74616 0.0287542
-1.74032 0.0279857
-1.73448 0.0263669
-1.72864 0.0233978
-1.7228 0.0236837
-1.71696 0.0210976
-1.71112 0.0204609
-1.70528 0.0185103
-1.69944 0.0174894
-1.6936 0.0158852
-1.68776 0.0149993
-1.68192 0.0146189
-1.67608 0.0139018
-1.67024 0.0143687
-1.6644 0.0142813
-1.65856 0.0148806
-1.65272 0.0166635
-1.64688 0.0175164
-1.64104 0.0187515
-1.6352 0.0203633
-1.62936 0.0220641
-1.62352 0.0231342
-1.61768 0.0258937
-1.61184 0.027489
-1.606 0.0277292
-1.60016 0.0303284
-1.59432 0.0320176
-1.58848 0.033334
-1.58264 0.0346193
-1.5768 0.03384
-1.57096 0.0369396
-1.56512 0.039117
-1.55928 0.0393943
-1.55344 0.0413594
-1.5476 0.0435783
-1.54176 0.0456796
-1.53592 0.045242
-1.53008 0.0475504
-1.52424 0.0505359
-1.5184 0.0499956
-1.51256 0.0509116
-1.50672 0.0541202
-1.50088 0.0541212
-1.49504 0.053102
-1.4892 0.058272
-1.48336 0.0604163
-1.47752 0.0627812
-1.47168 0.0647155
-1.46584 0.06749
-1.46 0.0688475
-1.45416 0.0710354
-1.44832 0.0749659
-1.44248 0.0760233
-1.43664 0.0761841
-1.4308 0.0802865
-1.42496 0.0793594
-1.41912 0.0836153
-1.41328 0.0837442
-1.40744 0.0839226
-1.4016 0.0869687
-1.39576 0.0900936
-1.38992 0.0895889
-1.38408 0.09213
-1.37824 0.0942878
-1.3724 0.0945404
-1.36656 0.0967386
-1.36072 0.0994502
-1.35488 0.0982959
-1.34904 0.0983899
-1.3432 0.100638
-1.33736 0.102468
-1.33152 0.105064
-1.32568 0.106742
-1.31984 0.109113
-1.314 0.109915
-1.30816 0.112142
-1.30232 0.110668
-1.29648 0.113589
-1.29064 0.114733
-1.2848 0.116854
-1.27896 0.118206
-1.27312 0.121058
-1.26728 0.123359
-1.26144 0.126464
-1.2556 0.129342
-1.24976 0.129516
-1.24392 0.135447
-1.23808 0.136292
-1.23224 0.139687
-1.2264 0.13999
-1.22056 0.142849
-1.21472 0.144596
-1.20888 0.147441
-1.20304 0.147412
-1.1972 0.147854
-1.19136 0.152796
-1.18552 0.151678
-1.17968 0.156022
-1.17384 0.155042
-1.168 0.15917
-1.16216 0.160007
-1.15632 0.162623
-1.15048 0.163418
-1.14464 0.165097
-1.1388 0.163189
-1.13296 0.165907
-1.12712 0.166386
-1.12128 0.168342
-1.11544 0.169449
-1.1096 0.172881
-1.10376 0.17526
-1.09792 0.173749
-1.09208 0.178108
-1.08624 0.180351
-1.0804 0.179384
-1.07456 0.179608
-1.06872 0.181784
-1.06288 0.183069
-1.05704 0.182873
-1.0512 0.187967
-1.04536 0.188944
-1.03952 0.19187
-1.03368 0.19386
-1.02784 0.195771
-1.022 0.197129
-1.01616 0.199933
-1.01032 0.203312
-1.00448 0.204387
-0.99864 0.204659
-0.9928 0.207968
-0.98696 0.208187
-0.98112 0.210088
-0.97528 0.210732
-0.96944 0.212184
-0.9636 0.212657
-0.95776 0.215331
-0.95192 0.216483
-0.94608 0.217476
-0.94024 0.218967
-0.9344 0.220783
-0.92856 0.221979
-0.92272 0.223347
-0.91688 0.221596
-0.91104 0.223087
-0.9052 0.224699
-0.89936 0.225726
-0.89352 0.227642
-0.88768 0.228909
-0.88184 0.230398
-0.876 0.229386
-0.87016 0.233883
-0.86432 0.230892
-0.85848 0.232723
-0.85264 0.232728
-0.8468 0.234089
-0.84096 0.233847
-0.83512 0.235836
-0.82928 0.238061
-0.82344 0.239502
-0.8176 0.240189
-0.81176 0.240151
-0.80592 0.243319
-0.80008 0.243743
-0.79424 0.24396
-0.7884 0.245191
-0.78256 0.24641
-0.77672 0.246038
-0.77088 0.246882
-0.76504 0.2476
-0.7592 0.24723
-0.75336 0.248535
-0.74752 0.248535
-0.74168 0.249713
-0.73584 0.25005
-0.73 0.25048
-0.72416 0.251493
-0.71832 0.252039
-0.71248 0.252088
-0.70664 0.253006
-0.7008 0.251585
-0.69496 0.252172
-0.68912 0.252972
-0.68328 0.253343
-0.67744 0.254516
-0.6716 0.255268
-0.66576 0.255853
-0.65992 0.25689
-0.65408 0.258562
-0.64824 0.25956
-0.6424 0.258759
-0.63656 0.259747
-0.63072 0.26057
-0.62488 0.261433
-0.61904 0.262165
-0.6132 0.263694
-0.60736 0.263918
-0.60152 0.263801
-0.59568 0.263801
-0.58984 0.263801
-0.584 0.263801
-0.57816 0.263801
-0.57232 0.263801
-0.56648 0.263801
-0.56064 0.263801
-0.5548 0.263801
-0.54896 0.263801
-0.54312 0.263801
-0.53728 0.263801
-0.53144 0.263801
-0.5256 0.263801
-0.51976 0.263801
-0.51392 0.263801
-0.50808 0.263801
-0.50224 0.263801
-0.4964 0.263801
-0.49056 0.263801
-0.48472 0.263801
-0.47888 0.263801
-0.47304 0.263801
-0.4672 0.263801
-0.46136 0.263801
-0.45552 0.263801
-0.44968 0.263801
-0.44384 0.263801
-0.438 0.263801
-0.43216 0.263801
-0.42632 0.263801
-0.42048 0.263801
-0.41464 0.263801
-0.4088 0.263801
-0.40296 0.263801
-0.39712 0.263801
-0.39128 0.263801
-0.38544 0.263801
-0.3796 0.263801
-0.37376 0.263801
-0.36792 0.263801
-0.36208 0.263801
-0.35624 0.263801
-0.3504 0.263801
-0.34456 0.263801
-0.33872 0.263801
-0.33288 0.263801
-0.32704 0.263801
-0.3212 0.263801
-0.31536 0.263801
-0.30952 0.263801
-0.30368 0.263801
-0.29784 0.263801
-0.292 0.263801
-0.28616 0.263801
-0.28032 0.263801
-0.27448 0.263801
-0.26864 0.263801
-0.2628 0.263801
-0.25696 0.263801
-0.25112 0.263801
-0.24528 0.263801
-0.23944 0.263801
-0.2336 0.263801
-0.22776 0.263801
-0.22192 0.263801
-0.21608 0.263801
-0.21024 0.263801
-0.2044 0.263801
-0.19856 0.263801
-0.19272 0.263801
-0.18688 0.263801
-0.18104 0.263801
-0.1752 0.263801
-0.16936 0.263801
-0.16352 0.263801
-0.15768 0.263801
-0.15184 0.263801
-0.146 0.263801
-0.14016 0.263801
-0.13432 0.263801
-0.12848 0.263801
-0.12264 0.263801
-0.1168 0.263801
-0.11096 0.263801
-0.10512 0.263801
-0.09928 0.263801
-0.09344 0.263801
-0.0876 0.263801
-0.08176 0.263801
-0.07592 0.263801
-0.07008 0.263801
-0.06424 0.263801
-0.0584 0.263801
-0.05256 0.263801
-0.04672 0.263801
-0.04088 0.263801
-0.03504 0.263801
-0.0292 0.263801
-0.02336 0.263801
-0.01752 0.263801
-0.01168 0.263801
-0.00584 0.263801
