-2.92 0.303021
-2.91416 0.303021
-2.90832 0.303021
-2.90248 0.303021
-2.89664 0.303021
-2.8908 0.303021
-2.88496 0.303021
-2.87912 0.303021
-2.87328 0.303021
-2.86744 0.303021
-2.8616 0.303021
-2.85576 0.303021
-2.84992 0.303021
-2.84408 0.303021
-2.83824 0.303021
-2.8324 0.303021
-2.82656 0.303021
-2.82072 0.303021
-2.81488 0.303021
-2.80904 0.303021
-2.8032 0.303021
-2.79736 0.303021
-2.79152 0.303021
-2.78568 0.303021
-2.77984 0.303021
-2.774 0.303021
-2.76816 0.303021
-2.76232 0.303021
-2.75648 0.303021
-2.75064 0.303021
-2.7448 0.303021
-2.73896 0.303021
-2.73312 0.303021
-2.72728 0.303021
-2.72144 0.303021
-2.7156 0.303021
-2.70976 0.303021
-2.70392 0.303021
-2.69808 0.303021
-2.69224 0.303021
-2.6864 0.303021
-2.68056 0.303021
-2.67472 0.303021
-2.66888 0.303021
-2.66304 0.303021
-2.6572 0.303021
-2.65136 0.303021
-2.64552 0.303021
-2.63968 0.303021
-2.63384 0.303021
-2.628 0.303021
-2.62216 0.303021
-2.61632 0.303021
-2.61048 0.303021
-2.60464 0.303021
-2.5988 0.303021
-2.59296 0.302799
-2.58712 0.302357
-2.58128 0.301783
-2.57544 0.301077
-2.5696 0.300283
-2.56376 0.299401
-2.55792 0.298518
-2.55208 0.297592
-2.54624 0.296666
-2.5404 0.295694
-2.53456 0.294677
-2.52872 0.293571
-2.52288 0.292424
-2.51704 0.291232
-2.5112 0.290036
-2.50536 0.288798
-2.49952 0.287383
-2.49368 0.285971
-2.48784 0.284469
-2.482 0.283056
-2.47616 0.281378
-2.47032 0.279699
-2.46448 0.277978
-2.45864 0.276255
-2.4528 0.274489
-2.44696 0.272768
-2.44112 0.271046
-2.43528 0.26928
-2.42944 0.26756
-2.4236 0.265794
-2.41776 0.264029
-2.41192 0.262265
-2.40608 0.260455
-2.40024 0.258647
-2.3944 0.256792
-2.38856 0.255026
-2.38272 0.253171
-2.37688 0.251316
-2.37104 0.249503
-2.3652 0.24769
-2.35936 0.245788
-2.35352 0.243886
-2.34768 0.241983
-2.34184 0.240121
-2.336 0.238131
-2.33016 0.236141
-2.32432 0.234283
-2.31848 0.232293
-2.31264 0.230303
-2.3068 0.228315
-2.30096 0.226369
-2.29512 0.224423
-2.28928 0.222479
-2.28344 0.220402
-2.2776 0.218454
-2.27176 0.216464
-2.26592 0.214516
-2.26008 0.212614
-2.25424 0.210578
-2.2484 0.208498
-2.24256 0.206376
-2.23672 0.20434
-2.23088 0.202217
-2.22504 0.200181
-2.2192 0.198058
-2.21336 0.195976
-2.20752 0.193896
-2.20168 0.191728
-2.19584 0.189648
-2.19 0.187523
-2.18416 0.185399
-2.17832 0.18323
-2.17248 0.181062
-2.16664 0.178894
-2.1608 0.176681
-2.15496 0.174471
-2.14912 0.172346
-2.14328 0.170133
-2.13744 0.167966
-2.1316 0.165754
-2.12576 0.163923
-2.11992 0.162048
-2.11408 0.160256
-2.10824 0.158593
-2.1024 0.157267
-2.09656 0.155816
-2.09072 0.153518
-2.08488 0.152741
-2.07904 0.151843
-2.0732 0.14959
-2.06736 0.14899
-2.06152 0.147957
-2.05568 0.147232
-2.04984 0.146035
-2.044 0.144292
-2.03816 0.143015
-2.03232 0.142615
-2.02648 0.141042
-2.02064 0.140604
-2.0148 0.139786
-2.00896 0.138169
-2.00312 0.137515
-1.99728 0.136705
-1.99144 0.135891
-1.9856 0.136087
-1.97976 0.134684
-1.97392 0.133318
-1.96808 0.133427
-1.96224 0.130841
-1.9564 0.129647
-1.95056 0.12837
-1.94472 0.125536
-1.93888 0.12404
-1.93304 0.120948
-1.9272 0.121836
-1.92136 0.117629
-1.91552 0.115933
-1.90968 0.112934
-1.90384 0.11161
-1.898 0.10789
-1.89216 0.105632
-1.88632 0.103569
-1.88048 0.100772
-1.87464 0.0983917
-1.8688 0.0943399
-1.86296 0.093531
-1.85712 0.0902476
-1.85128 0.0876711
-1.84544 0.0846254
-1.8396 0.08226
-1.83376 0.079936
-1.82792 0.0772779
-1.82208 0.075044
-1.81624 0.0719998
-1.8104 0.069255
-1.80456 0.0666845
-1.79872 0.0640243
-1.79288 0.0607751
-1.78704 0.0582905
-1.7812 0.0548313
-1.77536 0.0538721
-1.76952 0.0504575
-1.76368 0.0478913
-1.75784 0.0449862
-1.752 0.04263
-1.74616 0.0403963
-1.74032 0.0380841
-1.73448 0.0353896
-1.72864 0.0329078
-1.7228 0.0307202
-1.71696 0.0279015
-1.71112 0.0259275
-1.70528 0.0233629
-1.69944 0.0217271
-1.6936 0.0190014
-1.68776 0.0177976
-1.68192 0.0157049
-1.67608 0.0147569
-1.67024 0.0140689
-1.6644 0.0145584
-1.65856 0.0144667
-1.65272 0.0147054
-1.64688 0.0155486
-1.64104 0.0168528
-1.6352 0.0170648
-1.62936 0.0188805
-1.62352 0.0197763
-1.61768 0.0218928
-1.61184 0.0215743
-1.606 0.0246363
-1.60016 0.026508
-1.59432 0.027783
-1.58848 0.0304899
-1.58264 0.0303826
-1.5768 0.0300318
-1.57096 0.0322043
-1.56512 0.034548
-1.55928 0.0354586
-1.55344 0.0375508
-1.5476 0.0385857
-1.54176 0.040176
-1.53592 0.0410591
-1.53008 0.0439014
-1.52424 0.0456302
-1.5184 0.0484224
-1.51256 0.0453495
-1.50672 0.0477447
-1.50088 0.0502611
-1.49504 0.0516099
-1.4892 0.0544208
-1.48336 0.0573722
-1.47752 0.0598584
-1.47168 0.0597803
-1.46584 0.0643784
-1.46 0.0671245
-1.45416 0.072003
-1.44832 0.0721077
-1.44248 0.0747232
-1.43664 0.076509
-1.4308 0.0771977
-1.42496 0.0818442
-1.41912 0.0827573
-1.41328 0.085951
-1.40744 0.0879893
-1.4016 0.0887692
-1.39576 0.0899289
-1.38992 0.0918469
-1.38408 0.0946059
-1.37824 0.0972523
-1.3724 0.0982057
-1.36656 0.0993169
-1.36072 0.102289
-1.35488 0.102657
-1.34904 0.104443
-1.3432 0.103161
-1.33736 0.106306
-1.33152 0.107982
-1.32568 0.111881
-1.31984 0.112195
-1.314 0.113531
-1.30816 0.117044
-1.30232 0.116621
-1.29648 0.120555
-1.29064 0.121572
-1.2848 0.122044
-1.27896 0.124647
-1.27312 0.125982
-1.26728 0.131544
-1.26144 0.135383
-1.2556 0.137055
-1.24976 0.138827
-1.24392 0.142459
-1.23808 0.146486
-1.23224 0.147498
-1.2264 0.149337
-1.22056 0.152187
-1.21472 0.153259
-1.20888 0.155227
-1.20304 0.157987
-1.1972 0.159202
-1.19136 0.161871
-1.18552 0.162998
-1.17968 0.165433
-1.17384 0.165964
-1.168 0.169985
-1.16216 0.172494
-1.15632 0.174624
-1.15048 0.176858
-1.14464 0.177012
-1.1388 0.175501
-1.13296 0.177328
-1.12712 0.178741
-1.12128 0.181472
-1.11544 0.182423
-1.1096 0.18553
-1.10376 0.186402
-1.09792 0.188249
-1.09208 0.192558
-1.08624 0.193851
-1.0804 0.194752
-1.07456 0.192935
-1.06872 0.195364
-1.06288 0.197873
-1.05704 0.199586
-1.0512 0.203205
-1.04536 0.206906
-1.03952 0.210387
-1.03368 0.20903
-1.02784 0.21335
-1.022 0.217246
-1.01616 0.22131
-1.01032 0.221389
-1.00448 0.223719
-0.99864 0.224684
-0.9928 0.225129
-0.98696 0.229153
-0.98112 0.230538
-0.97528 0.232027
-0.96944 0.234999
-0.9636 0.236002
-0.95776 0.236784
-0.95192 0.238156
-0.94608 0.240759
-0.94024 0.242349
-0.9344 0.242757
-0.92856 0.244551
-0.92272 0.246605
-0.91688 0.245288
-0.91104 0.247116
-0.9052 0.246606
-0.89936 0.250041
-0.89352 0.250203
-0.88768 0.252539
-0.88184 0.253197
-0.876 0.253483
-0.87016 0.256486
-0.86432 0.255565
-0.85848 0.256971
-0.85264 0.258526
-0.8468 0.258759
-0.84096 0.260124
-0.83512 0.260319
-0.82928 0.265381
-0.82344 0.26704
-0.8176 0.267908
-0.81176 0.268135
-0.80592 0.270635
-0.80008 0.272299
-0.79424 0.273583
-0.7884 0.273983
-0.78256 0.274799
-0.77672 0.275822
-0.77088 0.27596
-0.76504 0.276268
-0.7592 0.276584
-0.75336 0.277727
-0.74752 0.278582
-0.74168 0.279143
-0.73584 0.280244
-0.73 0.280831
-0.72416 0.28177
-0.71832 0.28223
-0.71248 0.283495
-0.70664 0.283375
-0.7008 0.281827
-0.69496 0.282502
-0.68912 0.283594
-0.68328 0.283843
-0.67744 0.284887
-0.6716 0.285643
-0.66576 0.286395
-0.65992 0.287396
-0.65408 0.289483
-0.64824 0.290194
-0.6424 0.28927
-0.63656 0.290136
-0.63072 0.290959
-0.62488 0.291693
-0.61904 0.292384
-0.6132 0.29366
-0.60736 0.293755
-0.60152 0.293638
-0.59568 0.293638
-0.58984 0.293638
-0.584 0.293638
-0.57816 0.293638
-0.57232 0.293638
-0.56648 0.293638
-0.56064 0.293638
-0.5548 0.293638
-0.54896 0.293638
-0.54312 0.293638
-0.53728 0.293638
-0.53144 0.293638
-0.5256 0.293638
-0.51976 0.293638
-0.51392 0.293638
-0.50808 0.293638
-0.50224 0.293638
-0.4964 0.293638
-0.49056 0.293638
-0.48472 0.293638
-0.47888 0.293638
-0.47304 0.293638
-0.4672 0.293638
-0.46136 0.293638
-0.45552 0.293638
-0.44968 0.293638
-0.44384 0.293638
-0.438 0.293638
-0.43216 0.293638
-0.42632 0.293638
-0.42048 0.293638
-0.41464 0.293638
-0.4088 0.293638
-0.40296 0.293638
-0.39712 0.293638
-0.39128 0.293638
-0.38544 0.293638
-0.3796 0.293638
-0.37376 0.293638
-0.36792 0.293638
-0.36208 0.293638
-0.35624 0.293638
-0.3504 0.293638
-0.34456 0.293638
-0.33872 0.293638
-0.33288 0.293638
-0.32704 0.293638
-0.3212 0.293638
-0.31536 0.293638
-0.30952 0.293638
-0.30368 0.293638
-0.29784 0.293638
-0.292 0.293638
-0.28616 0.293638
-0.28032 0.293638
-0.27448 0.293638
-0.26864 0.293638
-0.2628 0.293638
-0.25696 0.293638
-0.25112 0.293638
-0.24528 0.293638
-0.23944 0.293638
-0.2336 0.293638
-0.22776 0.293638
-0.22192 0.293638
-0.21608 0.293638
-0.21024 0.293638
-0.2044 0.293638
-0.19856 0.293638
-0.19272 0.293638
-0.18688 0.293638
-0.18104 0.293638
-0.1752 0.293638
-0.16936 0.293638
-0.16352 0.293638
-0.15768 0.293638
-0.15184 0.293638
-0.146 0.293638
-0.14016 0.293638
-0.13432 0.293638
-0.12848 0.293638
-0.12264 0.293638
-0.1168 0.293638
-0.11096 0.293638
-0.10512 0.293638
-0.09928 0.293638
-0.09344 0.293638
-0.0876 0.293638
-0.08176 0.293638
-0.07592 0.293638
-0.07008 0.293638
-0.06424 0.293638
-0.0584 0.293638
-0.05256 0.293638
-0.04672 0.293638
-0.04088 0.293638
-0.03504 0.293638
-0.0292 0.293638
-0.02336 0.293638
-0.01752 0.293638
-0.01168 0.293638
-0.00584 0.293638
