-2.92 0.252279
-2.91416 0.252279
-2.90832 0.252279
-2.90248 0.252279
-2.89664 0.252279
-2.8908 0.252279
-2.88496 0.252279
-2.87912 0.252279
-2.87328 0.252279
-2.86744 0.252279
-2.8616 0.252279
-2.85576 0.252279
-2.84992 0.252279
-2.84408 0.252279
-2.83824 0.252279
-2.8324 0.252279
-2.82656 0.252279
-2.82072 0.252279
-2.81488 0.252279
-2.80904 0.252279
-2.8032 0.252279
-2.79736 0.252279
-2.79152 0.252279
-2.78568 0.252279
-2.77984 0.252279
-2.774 0.252279
-2.76816 0.252279
-2.76232 0.252279
-2.75648 0.252279
-2.75064 0.252279
-2.7448 0.252279
-2.73896 0.252279
-2.73312 0.252279
-2.72728 0.252279
-2.72144 0.252279
-2.7156 0.252279
-2.70976 0.252279
-2.70392 0.252279
-2.69808 0.252279
-2.69224 0.252279
-2.6864 0.252279
-2.68056 0.252279
-2.67472 0.252279
-2.66888 0.252279
-2.66304 0.252279
-2.6572 0.252279
-2.65136 0.252279
-2.64552 0.252279
-2.63968 0.252279
-2.63384 0.252279
-2.628 0.252279
-2.62216 0.252279
-2.61632 0.252279
-2.61048 0.252279
-2.60464 0.252279
-2.5988 0.252279
-2.59296 0.251882
-2.58712 0.251354
-2.58128 0.250651
-2.57544 0.249861
-2.5696 0.249071
-2.56376 0.248236
-2.55792 0.247357
-2.55208 0.246479
-2.54624 0.245512
-2.5404 0.244457
-2.53456 0.243405
-2.52872 0.242394
-2.52288 0.241339
-2.51704 0.240282
-2.5112 0.239182
-2.50536 0.238126
-2.49952 0.237025
-2.49368 0.235966
-2.48784 0.234864
-2.482 0.23394
-2.47616 0.232751
-2.47032 0.23143
-2.46448 0.230109
-2.45864 0.228745
-2.4528 0.227336
-2.44696 0.225928
-2.44112 0.22452
-2.43528 0.223112
-2.42944 0.221747
-2.4236 0.220295
-2.41776 0.218797
-2.41192 0.217301
-2.40608 0.21576
-2.40024 0.214176
-2.3944 0.212592
-2.38856 0.21105
-2.38272 0.209553
-2.37688 0.207967
-2.37104 0.206425
-2.3652 0.204885
-2.35936 0.203299
-2.35352 0.201713
-2.34768 0.200083
-2.34184 0.19841
-2.336 0.196781
-2.33016 0.195108
-2.32432 0.193435
-2.31848 0.191718
-2.31264 0.190001
-2.3068 0.188328
-2.30096 0.186653
-2.29512 0.185023
-2.28928 0.183438
-2.28344 0.181763
-2.2776 0.180134
-2.27176 0.178545
-2.26592 0.177003
-2.26008 0.175505
-2.25424 0.173742
-2.2484 0.17198
-2.24256 0.170262
-2.23672 0.1685
-2.23088 0.166737
-2.22504 0.165018
-2.2192 0.163256
-2.21336 0.161491
-2.20752 0.159816
-2.20168 0.158051
-2.19584 0.156331
-2.19 0.154566
-2.18416 0.152802
-2.17832 0.151039
-2.17248 0.149318
-2.16664 0.147553
-2.1608 0.145877
-2.15496 0.144112
-2.14912 0.142434
-2.14328 0.140759
-2.13744 0.138994
-2.1316 0.137273
-2.12576 0.136059
-2.11992 0.134252
-2.11408 0.133545
-2.10824 0.132287
-2.1024 0.131029
-2.09656 0.129643
-2.09072 0.129102
-2.08488 0.128272
-2.07904 0.126806
-2.0732 0.125803
-2.06736 0.125771
-2.06152 0.124898
-2.05568 0.12428
-2.04984 0.123068
-2.044 0.123208
-2.03816 0.122765
-2.03232 0.122212
-2.02648 0.12101
-2.02064 0.122033
-2.0148 0.120736
-2.00896 0.1199
-2.00312 0.119779
-1.99728 0.118522
-1.99144 0.118154
-1.9856 0.118293
-1.97976 0.117294
-1.97392 0.117182
-1.96808 0.118071
-1.96224 0.11521
-1.9564 0.114425
-1.95056 0.11447
-1.94472 0.112593
-1.93888 0.110359
-1.93304 0.109452
-1.9272 0.10642
-1.92136 0.106643
-1.91552 0.102984
-1.90968 0.100681
-1.90384 0.0989964
-1.898 0.0971605
-1.89216 0.0960634
-1.88632 0.0938847
-1.88048 0.0906087
-1.87464 0.0884612
-1.8688 0.0877282
-1.86296 0.0840232
-1.85712 0.0828122
-1.85128 0.0794942
-1.84544 0.0762243
-1.8396 0.075481
-1.83376 0.0722091
-1.82792 0.0706615
-1.82208 0.0679951
-1.81624 0.0658199
-1.8104 0.0624132
-1.80456 0.0596464
-1.79872 0.0586131
-1.79288 0.05466
-1.78704 0.0512127
-1.7812 0.0505158
-1.77536 0.0485151
-1.76952 0.0445708
-1.76368 0.042607
-1.75784 0.0411559
-1.752 0.0383082
-1.74616 0.0364328
-1.74032 0.0338815
-1.73448 0.0316307
-1.72864 0.0287477
-1.7228 0.0274653
-1.71696 0.0256323
-1.71112 0.0240598
-1.70528 0.0215591
-1.69944 0.0202422
-1.6936 0.0180822
-1.68776 0.0162203
-1.68192 0.0151584
-1.67608 0.013721
-1.67024 0.0137148
-1.6644 0.0135846
-1.65856 0.013498
-1.65272 0.0142133
-1.64688 0.0150138
-1.64104 0.0161919
-1.6352 0.0162398
-1.62936 0.0179308
-1.62352 0.0195461
-1.61768 0.0209027
-1.61184 0.02252
-1.606 0.0225091
-1.60016 0.0248821
-1.59432 0.0251917
-1.58848 0.0279417
-1.58264 0.030151
-1.5768 0.0310705
-1.57096 0.0327843
-1.56512 0.0336984
-1.55928 0.0365887
-1.55344 0.0365886
-1.5476 0.0370359
-1.54176 0.0384948
-1.53592 0.0413246
-1.53008 0.0449325
-1.52424 0.0463521
-1.5184 0.0442691
-1.51256 0.0466319
-1.50672 0.0477276
-1.50088 0.0527903
-1.49504 0.0515767
-1.4892 0.0558528
-1.48336 0.0573065
-1.47752 0.0604251
-1.47168 0.0626276
-1.46584 0.0660929
-1.46 0.0690013
-1.45416 0.0729359
-1.44832 0.0731608
-1.44248 0.0756559
-1.43664 0.0768659
-1.4308 0.0800482
-1.42496 0.0823192
-1.41912 0.0851265
-1.41328 0.0859813
-1.40744 0.0891556
-1.4016 0.0920894
-1.39576 0.0939175
-1.38992 0.0936346
-1.38408 0.0978769
-1.37824 0.0987992
-1.3724 0.0993466
-1.36656 0.103253
-1.36072 0.103099
-1.35488 0.103342
-1.34904 0.104633
-1.3432 0.108478
-1.33736 0.111289
-1.33152 0.111653
-1.32568 0.114166
-1.31984 0.11688
-1.314 0.116362
-1.30816 0.121431
-1.30232 0.122033
-1.29648 0.121723
-1.29064 0.124502
-1.2848 0.126476
-1.27896 0.128472
-1.27312 0.132248
-1.26728 0.135981
-1.26144 0.13851
-1.2556 0.140398
-1.24976 0.143378
-1.24392 0.148502
-1.23808 0.151564
-1.23224 0.154469
-1.2264 0.155858
-1.22056 0.156848
-1.21472 0.160866
-1.20888 0.162965
-1.20304 0.165119
-1.1972 0.165871
-1.19136 0.169352
-1.18552 0.169674
-1.17968 0.173914
-1.17384 0.17607
-1.168 0.177613
-1.16216 0.181387
-1.15632 0.181223
-1.15048 0.184507
-1.14464 0.186269
-1.1388 0.185932
-1.13296 0.188126
-1.12712 0.18875
-1.12128 0.193115
-1.11544 0.193252
-1.1096 0.195301
-1.10376 0.196895
-1.09792 0.200425
-1.09208 0.204148
-1.08624 0.205525
-1.0804 0.203578
-1.07456 0.20564
-1.06872 0.207137
-1.06288 0.212079
-1.05704 0.211187
-1.0512 0.217421
-1.04536 0.218729
-1.03952 0.222388
-1.03368 0.226039
-1.02784 0.228609
-1.022 0.231242
-1.01616 0.234652
-1.01032 0.235243
-1.00448 0.238082
-0.99864 0.238721
-0.9928 0.24246
-0.98696 0.244002
-0.98112 0.246903
-0.97528 0.247438
-0.96944 0.249529
-0.9636 0.252314
-0.95776 0.25428
-0.95192 0.255102
-0.94608 0.257921
-0.94024 0.258741
-0.9344 0.260563
-0.92856 0.263244
-0.92272 0.262858
-0.91688 0.261724
-0.91104 0.263689
-0.9052 0.266572
-0.89936 0.268029
-0.89352 0.268906
-0.88768 0.26994
-0.88184 0.271821
-0.876 0.271007
-0.87016 0.275686
-0.86432 0.27461
-0.85848 0.274052
-0.85264 0.275768
-0.8468 0.277174
-0.84096 0.278717
-0.83512 0.279284
-0.82928 0.28307
-0.82344 0.283685
-0.8176 0.284937
-0.81176 0.285157
-0.80592 0.287582
-0.80008 0.289572
-0.79424 0.289888
-0.7884 0.291378
-0.78256 0.291654
-0.77672 0.29301
-0.77088 0.293283
-0.76504 0.293983
-0.7592 0.294629
-0.75336 0.294649
-0.74752 0.295796
-0.74168 0.297276
-0.73584 0.296994
-0.73 0.297763
-0.72416 0.299422
-0.71832 0.29901
-0.71248 0.300113
-0.70664 0.300544
-0.7008 0.299764
-0.69496 0.30027
-0.68912 0.300987
-0.68328 0.301494
-0.67744 0.302635
-0.6716 0.303471
-0.66576 0.30423
-0.65992 0.305359
-0.65408 0.307408
-0.64824 0.308412
-0.6424 0.307494
-0.63656 0.30832
-0.63072 0.309187
-0.62488 0.310011
-0.61904 0.31079
-0.6132 0.312486
-0.60736 0.312671
-0.60152 0.312434
-0.59568 0.312434
-0.58984 0.312434
-0.584 0.312434
-0.57816 0.312434
-0.57232 0.312434
-0.56648 0.312434
-0.56064 0.312434
-0.5548 0.312434
-0.54896 0.312434
-0.54312 0.312434
-0.53728 0.312434
-0.53144 0.312434
-0.5256 0.312434
-0.51976 0.312434
-0.51392 0.312434
-0.50808 0.312434
-0.50224 0.312434
-0.4964 0.312434
-0.49056 0.312434
-0.48472 0.312434
-0.47888 0.312434
-0.47304 0.312434
-0.4672 0.312434
-0.46136 0.312434
-0.45552 0.312434
-0.44968 0.312434
-0.44384 0.312434
-0.438 0.312434
-0.43216 0.312434
-0.42632 0.312434
-0.42048 0.312434
-0.41464 0.312434
-0.4088 0.312434
-0.40296 0.312434
-0.39712 0.312434
-0.39128 0.312434
-0.38544 0.312434
-0.3796 0.312434
-0.37376 0.312434
-0.36792 0.312434
-0.36208 0.312434
-0.35624 0.312434
-0.3504 0.312434
-0.34456 0.312434
-0.33872 0.312434
-0.33288 0.312434
-0.32704 0.312434
-0.3212 0.312434
-0.31536 0.312434
-0.30952 0.312434
-0.30368 0.312434
-0.29784 0.312434
-0.292 0.312434
-0.28616 0.312434
-0.28032 0.312434
-0.27448 0.312434
-0.26864 0.312434
-0.2628 0.312434
-0.25696 0.312434
-0.25112 0.312434
-0.24528 0.312434
-0.23944 0.312434
-0.2336 0.312434
-0.22776 0.312434
-0.22192 0.312434
-0.21608 0.312434
-0.21024 0.312434
-0.2044 0.312434
-0.19856 0.312434
-0.19272 0.312434
-0.18688 0.312434
-0.18104 0.312434
-0.1752 0.312434
-0.16936 0.312434
-0.16352 0.312434
-0.15768 0.312434
-0.15184 0.312434
-0.146 0.312434
-0.14016 0.312434
-0.13432 0.312434
-0.12848 0.312434
-0.12264 0.312434
-0.1168 0.312434
-0.11096 0.312434
-0.10512 0.312434
-0.09928 0.312434
-0.09344 0.312434
-0.0876 0.312434
-0.08176 0.312434
-0.07592 0.312434
-0.07008 0.312434
-0.06424 0.312434
-0.0584 0.312434
-0.05256 0.312434
-0.04672 0.312434
-0.04088 0.312434
-0.03504 0.312434
-0.0292 0.312434
-0.02336 0.312434
-0.01752 0.312434
-0.01168 0.312434
-0.00584 0.312434
