-2.92 0.353597
-2.91416 0.353597
-2.90832 0.353597
-2.90248 0.353597
-2.89664 0.353597
-2.8908 0.353597
-2.88496 0.353597
-2.87912 0.353597
-2.87328 0.353597
-2.86744 0.353597
-2.8616 0.353597
-2.85576 0.353597
-2.84992 0.353597
-2.84408 0.353597
-2.83824 0.353597
-2.8324 0.353597
-2.82656 0.353597
-2.82072 0.353597
-2.81488 0.353597
-2.80904 0.353597
-2.8032 0.353597
-2.79736 0.353597
-2.79152 0.353597
-2.78568 0.353597
-2.77984 0.353597
-2.774 0.353597
-2.76816 0.353597
-2.76232 0.353597
-2.75648 0.353597
-2.75064 0.353597
-2.7448 0.353597
-2.73896 0.353597
-2.73312 0.353597
-2.72728 0.353597
-2.72144 0.353597
-2.7156 0.353597
-2.70976 0.353597
-2.70392 0.353597
-2.69808 0.353597
-2.69224 0.353597
-2.6864 0.353597
-2.68056 0.353597
-2.67472 0.353597
-2.66888 0.353597
-2.66304 0.353597
-2.6572 0.353597
-2.65136 0.353597
-2.64552 0.353597
-2.63968 0.353597
-2.63384 0.353597
-2.628 0.353597
-2.62216 0.353597
-2.61632 0.353597
-2.61048 0.353597
-2.60464 0.353597
-2.5988 0.353597
-2.59296 0.353157
-2.58712 0.352584
-2.58128 0.351838
-2.57544 0.351046
-2.5696 0.350212
-2.56376 0.349334
-2.55792 0.348369
-2.55208 0.347358
-2.54624 0.346215
-2.5404 0.345027
-2.53456 0.343752
-2.52872 0.342387
-2.52288 0.340935
-2.51704 0.339398
-2.5112 0.337859
-2.50536 0.336319
-2.49952 0.334606
-2.49368 0.332938
-2.48784 0.331224
-2.482 0.329687
-2.47616 0.32784
-2.47032 0.325906
-2.46448 0.324015
-2.45864 0.322037
-2.4528 0.320058
-2.44696 0.318078
-2.44112 0.316098
-2.43528 0.314029
-2.42944 0.312049
-2.4236 0.309893
-2.41776 0.307736
-2.41192 0.305535
-2.40608 0.303334
-2.40024 0.301134
-2.3944 0.298845
-2.38856 0.296644
-2.38272 0.294397
-2.37688 0.292151
-2.37104 0.289905
-2.3652 0.287659
-2.35936 0.285412
-2.35352 0.28321
-2.34768 0.281007
-2.34184 0.278761
-2.336 0.276471
-2.33016 0.274225
-2.32432 0.271979
-2.31848 0.269688
-2.31264 0.267397
-2.3068 0.265148
-2.30096 0.262901
-2.29512 0.260654
-2.28928 0.258405
-2.28344 0.256026
-2.2776 0.253734
-2.27176 0.25153
-2.26592 0.249328
-2.26008 0.247256
-2.25424 0.244875
-2.2484 0.242539
-2.24256 0.240203
-2.23672 0.237821
-2.23088 0.235438
-2.22504 0.233099
-2.2192 0.230715
-2.21336 0.228375
-2.20752 0.226121
-2.20168 0.223692
-2.19584 0.221353
-2.19 0.218924
-2.18416 0.216585
-2.17832 0.214202
-2.17248 0.211861
-2.16664 0.209433
-2.1608 0.207004
-2.15496 0.204663
-2.14912 0.202236
-2.14328 0.199807
-2.13744 0.19738
-2.1316 0.195499
-2.12576 0.192987
-2.11992 0.191398
-2.11408 0.189477
-2.10824 0.187298
-2.1024 0.185714
-2.09656 0.184296
-2.09072 0.182667
-2.08488 0.180955
-2.07904 0.179121
-2.0732 0.177358
-2.06736 0.176115
-2.06152 0.174611
-2.05568 0.174003
-2.04984 0.172207
-2.044 0.17152
-2.03816 0.17007
-2.03232 0.16958
-2.02648 0.167567
-2.02064 0.166949
-2.0148 0.164942
-2.00896 0.16407
-2.00312 0.163344
-1.99728 0.161459
-1.99144 0.160718
-1.9856 0.159895
-1.97976 0.159026
-1.97392 0.158132
-1.96808 0.156839
-1.96224 0.154497
-1.9564 0.152587
-1.95056 0.151795
-1.94472 0.151361
-1.93888 0.146483
-1.93304 0.144772
-1.9272 0.143201
-1.92136 0.141701
-1.91552 0.139071
-1.90968 0.13647
-1.90384 0.132834
-1.898 0.12939
-1.89216 0.128539
-1.88632 0.12523
-1.88048 0.122976
-1.87464 0.12107
-1.8688 0.118005
-1.86296 0.115218
-1.85712 0.111919
-1.85128 0.108694
-1.84544 0.109402
-1.8396 0.104321
-1.83376 0.100813
-1.82792 0.099716
-1.82208 0.0966723
-1.81624 0.0945142
-1.8104 0.0903111
-1.80456 0.0876022
-1.79872 0.083661
-1.79288 0.0803208
-1.78704 0.0773055
-1.7812 0.0758302
-1.77536 0.0707106
-1.76952 0.0672075
-1.76368 0.0656323
-1.75784 0.0626254
-1.752 0.0588219
-1.74616 0.0556567
-1.74032 0.0531652
-1.73448 0.0502553
-1.72864 0.0464897
-1.7228 0.0438305
-1.71696 0.0393687
-1.71112 0.0370813
-1.70528 0.0338413
-1.69944 0.0323392
-1.6936 0.0291453
-1.68776 0.0269975
-1.68192 0.0239321
-1.67608 0.0229667
-1.67024 0.0213485
-1.6644 0.0208945
-1.65856 0.0197856
-1.65272 0.0198967
-1.64688 0.0202184
-1.64104 0.0204205
-1.6352 0.0213005
-1.62936 0.0230256
-1.62352 0.0245932
-1.61768 0.0269632
-1.61184 0.0262174
-1.606 0.0277554
-1.60016 0.0294679
-1.59432 0.0324693
-1.58848 0.0329442
-1.58264 0.0365009
-1.5768 0.0351648
-1.57096 0.037423
-1.56512 0.0386017
-1.55928 0.0427237
-1.55344 0.0432625
-1.5476 0.0465824
-1.54176 0.0467759
-1.53592 0.0499327
-1.53008 0.0518541
-1.52424 0.0536342
-1.5184 0.0551427
-1.51256 0.0562391
-1.50672 0.0602245
-1.50088 0.0614632
-1.49504 0.0643483
-1.4892 0.0693112
-1.48336 0.0689765
-1.47752 0.0714187
-1.47168 0.0753275
-1.46584 0.0783015
-1.46 0.0824952
-1.45416 0.0849687
-1.44832 0.0881644
-1.44248 0.0919759
-1.43664 0.0925133
-1.4308 0.0962031
-1.42496 0.0961845
-1.41912 0.103112
-1.41328 0.10413
-1.40744 0.106123
-1.4016 0.108792
-1.39576 0.113229
-1.38992 0.115468
-1.38408 0.118247
-1.37824 0.119706
-1.3724 0.122233
-1.36656 0.125553
-1.36072 0.125479
-1.35488 0.127726
-1.34904 0.129021
-1.3432 0.132934
-1.33736 0.134336
-1.33152 0.137119
-1.32568 0.141658
-1.31984 0.144154
-1.314 0.144594
-1.30816 0.149482
-1.30232 0.147437
-1.29648 0.150909
-1.29064 0.155429
-1.2848 0.155734
-1.27896 0.158816
-1.27312 0.160276
-1.26728 0.166969
-1.26144 0.170178
-1.2556 0.173347
-1.24976 0.175544
-1.24392 0.17954
-1.23808 0.184505
-1.23224 0.185949
-1.2264 0.190848
-1.22056 0.191915
-1.21472 0.196246
-1.20888 0.196719
-1.20304 0.198994
-1.1972 0.203099
-1.19136 0.20862
-1.18552 0.208094
-1.17968 0.213178
-1.17384 0.213398
-1.168 0.215175
-1.16216 0.220336
-1.15632 0.222611
-1.15048 0.223756
-1.14464 0.226329
-1.1388 0.224802
-1.13296 0.227321
-1.12712 0.230657
-1.12128 0.234592
-1.11544 0.236404
-1.1096 0.240078
-1.10376 0.241066
-1.09792 0.245438
-1.09208 0.247147
-1.08624 0.250262
-1.0804 0.249588
-1.07456 0.252371
-1.06872 0.254545
-1.06288 0.258206
-1.05704 0.260274
-1.0512 0.266116
-1.04536 0.267684
-1.03952 0.271075
-1.03368 0.273765
-1.02784 0.277016
-1.022 0.281228
-1.01616 0.284353
-1.01032 0.285838
-1.00448 0.290758
-0.99864 0.290099
-0.9928 0.295152
-0.98696 0.293716
-0.98112 0.3002
-0.97528 0.301184
-0.96944 0.303178
-0.9636 0.305785
-0.95776 0.309242
-0.95192 0.311859
-0.94608 0.314774
-0.94024 0.316256
-0.9344 0.317988
-0.92856 0.320506
-0.92272 0.320455
-0.91688 0.32278
-0.91104 0.323199
-0.9052 0.327025
-0.89936 0.328385
-0.89352 0.330317
-0.88768 0.333488
-0.88184 0.335717
-0.876 0.335578
-0.87016 0.341162
-0.86432 0.337611
-0.85848 0.340054
-0.85264 0.342636
-0.8468 0.343216
-0.84096 0.344005
-0.83512 0.344809
-0.82928 0.349331
-0.82344 0.351065
-0.8176 0.351807
-0.81176 0.351762
-0.80592 0.355539
-0.80008 0.357108
-0.79424 0.356666
-0.7884 0.359855
-0.78256 0.359943
-0.77672 0.361188
-0.77088 0.362229
-0.76504 0.362987
-0.7592 0.364261
-0.75336 0.367111
-0.74752 0.365472
-0.74168 0.367233
-0.73584 0.368471
-0.73 0.369553
-0.72416 0.371099
-0.71832 0.371747
-0.71248 0.371938
-0.70664 0.373386
-0.7008 0.37174
-0.69496 0.372639
-0.68912 0.374004
-0.68328 0.374267
-0.67744 0.375038
-0.6716 0.376437
-0.66576 0.376777
-0.65992 0.37821
-0.65408 0.380133
-0.64824 0.381399
-0.6424 0.380865
-0.63656 0.382075
-0.63072 0.38295
-0.62488 0.383944
-0.61904 0.384894
-0.6132 0.386767
-0.60736 0.387252
-0.60152 0.387143
-0.59568 0.387143
-0.58984 0.387143
-0.584 0.387143
-0.57816 0.387143
-0.57232 0.387143
-0.56648 0.387143
-0.56064 0.387143
-0.5548 0.387143
-0.54896 0.387143
-0.54312 0.387143
-0.53728 0.387143
-0.53144 0.387143
-0.5256 0.387143
-0.51976 0.387143
-0.51392 0.387143
-0.50808 0.387143
-0.50224 0.387143
-0.4964 0.387143
-0.49056 0.387143
-0.48472 0.387143
-0.47888 0.387143
-0.47304 0.387143
-0.4672 0.387143
-0.46136 0.387143
-0.45552 0.387143
-0.44968 0.387143
-0.44384 0.387143
-0.438 0.387143
-0.43216 0.387143
-0.42632 0.387143
-0.42048 0.387143
-0.41464 0.387143
-0.4088 0.387143
-0.40296 0.387143
-0.39712 0.387143
-0.39128 0.387143
-0.38544 0.387143
-0.3796 0.387143
-0.37376 0.387143
-0.36792 0.387143
-0.36208 0.387143
-0.35624 0.387143
-0.3504 0.387143
-0.34456 0.387143
-0.33872 0.387143
-0.33288 0.387143
-0.32704 0.387143
-0.3212 0.387143
-0.31536 0.387143
-0.30952 0.387143
-0.30368 0.387143
-0.29784 0.387143
-0.292 0.387143
-0.28616 0.387143
-0.28032 0.387143
-0.27448 0.387143
-0.26864 0.387143
-0.2628 0.387143
-0.25696 0.387143
-0.25112 0.387143
-0.24528 0.387143
-0.23944 0.387143
-0.2336 0.387143
-0.22776 0.387143
-0.22192 0.387143
-0.21608 0.387143
-0.21024 0.387143
-0.2044 0.387143
-0.19856 0.387143
-0.19272 0.387143
-0.18688 0.387143
-0.18104 0.387143
-0.1752 0.387143
-0.16936 0.387143
-0.16352 0.387143
-0.15768 0.387143
-0.15184 0.387143
-0.146 0.387143
-0.14016 0.387143
-0.13432 0.387143
-0.12848 0.387143
-0.12264 0.387143
-0.1168 0.387143
-0.11096 0.387143
-0.10512 0.387143
-0.09928 0.387143
-0.09344 0.387143
-0.0876 0.387143
-0.08176 0.387143
-0.07592 0.387143
-0.07008 0.387143
-0.06424 0.387143
-0.0584 0.387143
-0.05256 0.387143
-0.04672 0.387143
-0.04088 0.387143
-0.03504 0.387143
-0.0292 0.387143
-0.02336 0.387143
-0.01752 0.387143
-0.01168 0.387143
-0.00584 0.387143
