-2.92 0.420175
-2.91416 0.420175
-2.90832 0.420175
-2.90248 0.420175
-2.89664 0.420175
-2.8908 0.420175
-2.88496 0.420175
-2.87912 0.420175
-2.87328 0.420175
-2.86744 0.420175
-2.8616 0.420175
-2.85576 0.420175
-2.84992 0.420175
-2.84408 0.420175
-2.83824 0.420175
-2.8324 0.420175
-2.82656 0.420175
-2.82072 0.420175
-2.81488 0.420175
-2.80904 0.420175
-2.8032 0.420175
-2.79736 0.420175
-2.79152 0.420175
-2.78568 0.420175
-2.77984 0.420175
-2.774 0.420175
-2.76816 0.420175
-2.76232 0.420175
-2.75648 0.420175
-2.75064 0.420175
-2.7448 0.420175
-2.73896 0.420175
-2.73312 0.420175
-2.72728 0.420175
-2.72144 0.420175
-2.7156 0.420175
-2.70976 0.420175
-2.70392 0.420175
-2.69808 0.420175
-2.69224 0.420175
-2.6864 0.420175
-2.68056 0.420175
-2.67472 0.420175
-2.66888 0.420175
-2.66304 0.420175
-2.6572 0.420175
-2.65136 0.420175
-2.64552 0.420175
-2.63968 0.420175
-2.63384 0.420175
-2.628 0.420175
-2.62216 0.420175
-2.61632 0.420175
-2.61048 0.420175
-2.60464 0.420175
-2.5988 0.420175
-2.59296 0.419686
-2.58712 0.418977
-2.58128 0.41818
-2.57544 0.417251
-2.5696 0.416232
-2.56376 0.415125
-2.55792 0.413972
-2.55208 0.412777
-2.54624 0.411537
-2.5404 0.410162
-2.53456 0.408698
-2.52872 0.407235
-2.52288 0.405815
-2.51704 0.404352
-2.5112 0.402757
-2.50536 0.401073
-2.49952 0.399387
-2.49368 0.397659
-2.48784 0.396145
-2.482 0.394587
-2.47616 0.392888
-2.47032 0.391183
-2.46448 0.38993
-2.45864 0.387218
-2.4528 0.386258
-2.44696 0.383838
-2.44112 0.382289
-2.43528 0.379863
-2.42944 0.378987
-2.4236 0.376478
-2.41776 0.37643
-2.41192 0.373755
-2.40608 0.371703
-2.40024 0.370818
-2.3944 0.367639
-2.38856 0.366879
-2.38272 0.365408
-2.37688 0.362265
-2.37104 0.360792
-2.3652 0.358942
-2.35936 0.357926
-2.35352 0.356041
-2.34768 0.353512
-2.34184 0.351529
-2.336 0.349428
-2.33016 0.346991
-2.32432 0.346337
-2.31848 0.343732
-2.31264 0.342245
-2.3068 0.339592
-2.30096 0.336101
-2.29512 0.33508
-2.28928 0.333222
-2.28344 0.331989
-2.2776 0.330207
-2.27176 0.327645
-2.26592 0.327887
-2.26008 0.325396
-2.25424 0.322827
-2.2484 0.323355
-2.24256 0.320697
-2.23672 0.31959
-2.23088 0.31929
-2.22504 0.319145
-2.2192 0.315566
-2.21336 0.316683
-2.20752 0.315967
-2.20168 0.31406
-2.19584 0.312036
-2.19 0.311106
-2.18416 0.310753
-2.17832 0.309772
-2.17248 0.309939
-2.16664 0.305796
-2.1608 0.307809
-2.15496 0.304607
-2.14912 0.303548
-2.14328 0.301639
-2.13744 0.301293
-2.1316 0.300442
-2.12576 0.299204
-2.11992 0.299669
-2.11408 0.299153
-2.10824 0.298712
-2.1024 0.297095
-2.09656 0.295863
-2.09072 0.293909
-2.08488 0.295636
-2.07904 0.295841
-2.0732 0.294223
-2.06736 0.291687
-2.06152 0.294206
-2.05568 0.290058
-2.04984 0.292517
-2.044 0.292649
-2.03816 0.289548
-2.03232 0.289206
-2.02648 0.288438
-2.02064 0.28805
-2.0148 0.287241
-2.00896 0.286187
-2.00312 0.28905
-1.99728 0.287104
-1.99144 0.286938
-1.9856 0.288277
-1.97976 0.287386
-1.97392 0.285551
-1.96808 0.288182
-1.96224 0.285512
-1.9564 0.283742
-1.95056 0.287243
-1.94472 0.28409
-1.93888 0.282478
-1.93304 0.281173
-1.9272 0.281655
-1.92136 0.277967
-1.91552 0.275426
-1.90968 0.2767
-1.90384 0.274745
-1.898 0.270779
-1.89216 0.269488
-1.88632 0.268267
-1.88048 0.263426
-1.87464 0.264316
-1.8688 0.262691
-1.86296 0.2562
-1.85712 0.256679
-1.85128 0.25546
-1.84544 0.250704
-1.8396 0.248851
-1.83376 0.244843
-1.82792 0.242963
-1.82208 0.237668
-1.81624 0.234891
-1.8104 0.236356
-1.80456 0.230934
-1.79872 0.230215
-1.79288 0.226536
-1.78704 0.223361
-1.7812 0.220508
-1.77536 0.217702
-1.76952 0.214451
-1.76368 0.210302
-1.75784 0.209578
-1.752 0.207914
-1.74616 0.199371
-1.74032 0.200511
-1.73448 0.196058
-1.72864 0.191359
-1.7228 0.187834
-1.71696 0.187217
-1.71112 0.180701
-1.70528 0.178755
-1.69944 0.176311
-1.6936 0.174454
-1.68776 0.172995
-1.68192 0.16636
-1.67608 0.162658
-1.67024 0.163703
-1.6644 0.160356
-1.65856 0.156858
-1.65272 0.158513
-1.64688 0.154947
-1.64104 0.151636
-1.6352 0.154528
-1.62936 0.154484
-1.62352 0.153618
-1.61768 0.150575
-1.61184 0.154643
-1.606 0.151579
-1.60016 0.149856
-1.59432 0.152326
-1.58848 0.149606
-1.58264 0.150965
-1.5768 0.152042
-1.57096 0.148997
-1.56512 0.150142
-1.55928 0.15258
-1.55344 0.153626
-1.5476 0.154249
-1.54176 0.15391
-1.53592 0.15264
-1.53008 0.156702
-1.52424 0.154608
-1.5184 0.153849
-1.51256 0.153814
-1.50672 0.1548
-1.50088 0.154273
-1.49504 0.158599
-1.4892 0.159787
-1.48336 0.157246
-1.47752 0.158963
-1.47168 0.160224
-1.46584 0.158689
-1.46 0.162496
-1.45416 0.163035
-1.44832 0.159394
-1.44248 0.165059
-1.43664 0.164475
-1.4308 0.164236
-1.42496 0.163816
-1.41912 0.166311
-1.41328 0.166465
-1.40744 0.165862
-1.4016 0.165427
-1.39576 0.168282
-1.38992 0.170231
-1.38408 0.160614
-1.37824 0.165419
-1.3724 0.167024
-1.36656 0.16718
-1.36072 0.16836
-1.35488 0.168114
-1.34904 0.16591
-1.3432 0.169982
-1.33736 0.16982
-1.33152 0.172922
-1.32568 0.176536
-1.31984 0.177093
-1.314 0.17517
-1.30816 0.172979
-1.30232 0.175911
-1.29648 0.178621
-1.29064 0.17659
-1.2848 0.18118
-1.27896 0.185493
-1.27312 0.187025
-1.26728 0.194466
-1.26144 0.194372
-1.2556 0.1977
-1.24976 0.201497
-1.24392 0.207842
-1.23808 0.204228
-1.23224 0.209506
-1.2264 0.213246
-1.22056 0.217273
-1.21472 0.216167
-1.20888 0.221485
-1.20304 0.2232
-1.1972 0.226389
-1.19136 0.232325
-1.18552 0.233653
-1.17968 0.235813
-1.17384 0.23836
-1.168 0.241261
-1.16216 0.239176
-1.15632 0.242801
-1.15048 0.244999
-1.14464 0.245563
-1.1388 0.247752
-1.13296 0.250257
-1.12712 0.256043
-1.12128 0.258751
-1.11544 0.261532
-1.1096 0.26486
-1.10376 0.268909
-1.09792 0.270067
-1.09208 0.274887
-1.08624 0.272987
-1.0804 0.27551
-1.07456 0.279706
-1.06872 0.278685
-1.06288 0.283336
-1.05704 0.292485
-1.0512 0.29309
-1.04536 0.29362
-1.03952 0.296127
-1.03368 0.298649
-1.02784 0.30108
-1.022 0.305004
-1.01616 0.306353
-1.01032 0.306795
-1.00448 0.313788
-0.99864 0.31488
-0.9928 0.316381
-0.98696 0.317812
-0.98112 0.321234
-0.97528 0.323858
-0.96944 0.325184
-0.9636 0.326018
-0.95776 0.331424
-0.95192 0.33326
-0.94608 0.328267
-0.94024 0.332429
-0.9344 0.336449
-0.92856 0.337571
-0.92272 0.340211
-0.91688 0.340434
-0.91104 0.343274
-0.9052 0.346799
-0.89936 0.350252
-0.89352 0.352616
-0.88768 0.356853
-0.88184 0.357156
-0.876 0.358633
-0.87016 0.359256
-0.86432 0.359796
-0.85848 0.363397
-0.85264 0.364508
-0.8468 0.367516
-0.84096 0.371596
-0.83512 0.373296
-0.82928 0.375072
-0.82344 0.376642
-0.8176 0.378203
-0.81176 0.380281
-0.80592 0.38395
-0.80008 0.382903
-0.79424 0.38522
-0.7884 0.387157
-0.78256 0.388842
-0.77672 0.389312
-0.77088 0.392086
-0.76504 0.393476
-0.7592 0.395083
-0.75336 0.397302
-0.74752 0.395522
-0.74168 0.397241
-0.73584 0.396021
-0.73 0.395308
-0.72416 0.392509
-0.71832 0.393921
-0.71248 0.393515
-0.70664 0.393497
-0.7008 0.394035
-0.69496 0.394619
-0.68912 0.394825
-0.68328 0.395095
-0.67744 0.39578
-0.6716 0.398368
-0.66576 0.397403
-0.65992 0.398421
-0.65408 0.39899
-0.64824 0.397914
-0.6424 0.397612
-0.63656 0.398278
-0.63072 0.398652
-0.62488 0.399648
-0.61904 0.401654
-0.6132 0.40205
-0.60736 0.402274
-0.60152 0.401949
-0.59568 0.401949
-0.58984 0.401949
-0.584 0.401949
-0.57816 0.401949
-0.57232 0.401949
-0.56648 0.401949
-0.56064 0.401949
-0.5548 0.401949
-0.54896 0.401949
-0.54312 0.401949
-0.53728 0.401949
-0.53144 0.401949
-0.5256 0.401949
-0.51976 0.401949
-0.51392 0.401949
-0.50808 0.401949
-0.50224 0.401949
-0.4964 0.401949
-0.49056 0.401949
-0.48472 0.401949
-0.47888 0.401949
-0.47304 0.401949
-0.4672 0.401949
-0.46136 0.401949
-0.45552 0.401949
-0.44968 0.401949
-0.44384 0.401949
-0.438 0.401949
-0.43216 0.401949
-0.42632 0.401949
-0.42048 0.401949
-0.41464 0.401949
-0.4088 0.401949
-0.40296 0.401949
-0.39712 0.401949
-0.39128 0.401949
-0.38544 0.401949
-0.3796 0.401949
-0.37376 0.401949
-0.36792 0.401949
-0.36208 0.401949
-0.35624 0.401949
-0.3504 0.401949
-0.34456 0.401949
-0.33872 0.401949
-0.33288 0.401949
-0.32704 0.401949
-0.3212 0.401949
-0.31536 0.401949
-0.30952 0.401949
-0.30368 0.401949
-0.29784 0.401949
-0.292 0.401949
-0.28616 0.401949
-0.28032 0.401949
-0.27448 0.401949
-0.26864 0.401949
-0.2628 0.401949
-0.25696 0.401949
-0.25112 0.401949
-0.24528 0.401949
-0.23944 0.401949
-0.2336 0.401949
-0.22776 0.401949
-0.22192 0.401949
-0.21608 0.401949
-0.21024 0.401949
-0.2044 0.401949
-0.19856 0.401949
-0.19272 0.401949
-0.18688 0.401949
-0.18104 0.401949
-0.1752 0.401949
-0.16936 0.401949
-0.16352 0.401949
-0.15768 0.401949
-0.15184 0.401949
-0.146 0.401949
-0.14016 0.401949
-0.13432 0.401949
-0.12848 0.401949
-0.12264 0.401949
-0.1168 0.401949
-0.11096 0.401949
-0.10512 0.401949
-0.09928 0.401949
-0.09344 0.401949
-0.0876 0.401949
-0.08176 0.401949
-0.07592 0.401949
-0.07008 0.401949
-0.06424 0.401949
-0.0584 0.401949
-0.05256 0.401949
-0.04672 0.401949
-0.04088 0.401949
-0.03504 0.401949
-0.0292 0.401949
-0.02336 0.401949
-0.01752 0.401949
-0.01168 0.401949
-0.00584 0.401949
