-2.92 0.450782
-2.91416 0.450782
-2.90832 0.450782
-2.90248 0.450782
-2.89664 0.450782
-2.8908 0.450782
-2.88496 0.450782
-2.87912 0.450782
-2.87328 0.450782
-2.86744 0.450782
-2.8616 0.450782
-2.85576 0.450782
-2.84992 0.450782
-2.84408 0.450782
-2.83824 0.450782
-2.8324 0.450782
-2.82656 0.450782
-2.82072 0.450782
-2.81488 0.450782
-2.80904 0.450782
-2.8032 0.450782
-2.79736 0.450782
-2.79152 0.450782
-2.78568 0.450782
-2.77984 0.450782
-2.774 0.450782
-2.76816 0.450782
-2.76232 0.450782
-2.75648 0.450782
-2.75064 0.450782
-2.7448 0.450782
-2.73896 0.450782
-2.73312 0.450782
-2.72728 0.450782
-2.72144 0.450782
-2.7156 0.450782
-2.70976 0.450782
-2.70392 0.450782
-2.69808 0.450782
-2.69224 0.450782
-2.6864 0.450782
-2.68056 0.450782
-2.67472 0.450782
-2.66888 0.450782
-2.66304 0.450782
-2.6572 0.450782
-2.65136 0.450782
-2.64552 0.450782
-2.63968 0.450782
-2.63384 0.450782
-2.628 0.450782
-2.62216 0.450782
-2.61632 0.450782
-2.61048 0.450782
-2.60464 0.450782
-2.5988 0.450782
-2.59296 0.450296
-2.58712 0.449636
-2.58128 0.448886
-2.57544 0.448047
-2.5696 0.447076
-2.56376 0.446014
-2.55792 0.444906
-2.55208 0.443754
-2.54624 0.442511
-2.5404 0.441268
-2.53456 0.439978
-2.52872 0.438644
-2.52288 0.437267
-2.51704 0.43576
-2.5112 0.434121
-2.50536 0.432484
-2.49952 0.431383
-2.49368 0.430659
-2.48784 0.429727
-2.482 0.429497
-2.47616 0.428507
-2.47032 0.428595
-2.46448 0.428101
-2.45864 0.427854
-2.4528 0.426565
-2.44696 0.426613
-2.44112 0.42636
-2.43528 0.425523
-2.42944 0.425598
-2.4236 0.425335
-2.41776 0.424329
-2.41192 0.425279
-2.40608 0.424598
-2.40024 0.424472
-2.3944 0.421911
-2.38856 0.423109
-2.38272 0.42089
-2.37688 0.418785
-2.37104 0.419323
-2.3652 0.416048
-2.35936 0.413563
-2.35352 0.412345
-2.34768 0.410577
-2.34184 0.408842
-2.336 0.406476
-2.33016 0.403617
-2.32432 0.402508
-2.31848 0.400483
-2.31264 0.397917
-2.3068 0.394799
-2.30096 0.393437
-2.29512 0.391921
-2.28928 0.389718
-2.28344 0.388918
-2.2776 0.385135
-2.27176 0.38307
-2.26592 0.381637
-2.26008 0.379151
-2.25424 0.378294
-2.2484 0.374759
-2.24256 0.371802
-2.23672 0.370366
-2.23088 0.370563
-2.22504 0.367608
-2.2192 0.36414
-2.21336 0.361032
-2.20752 0.362314
-2.20168 0.359538
-2.19584 0.354684
-2.19 0.35458
-2.18416 0.352931
-2.17832 0.348667
-2.17248 0.347693
-2.16664 0.345992
-2.1608 0.343671
-2.15496 0.341482
-2.14912 0.338387
-2.14328 0.341325
-2.13744 0.335519
-2.1316 0.334578
-2.12576 0.334282
-2.11992 0.333244
-2.11408 0.331553
-2.10824 0.329687
-2.1024 0.325545
-2.09656 0.325551
-2.09072 0.325112
-2.08488 0.322323
-2.07904 0.320289
-2.0732 0.318646
-2.06736 0.318594
-2.06152 0.318471
-2.05568 0.3145
-2.04984 0.314678
-2.044 0.314707
-2.03816 0.310608
-2.03232 0.311356
-2.02648 0.309417
-2.02064 0.307884
-2.0148 0.307756
-2.00896 0.303281
-2.00312 0.302348
-1.99728 0.303869
-1.99144 0.300218
-1.9856 0.301365
-1.97976 0.296843
-1.97392 0.296218
-1.96808 0.292245
-1.96224 0.293735
-1.9564 0.29428
-1.95056 0.291998
-1.94472 0.291833
-1.93888 0.288671
-1.93304 0.2875
-1.9272 0.281861
-1.92136 0.276995
-1.91552 0.275853
-1.90968 0.274615
-1.90384 0.27475
-1.898 0.26943
-1.89216 0.268642
-1.88632 0.263261
-1.88048 0.261103
-1.87464 0.257821
-1.8688 0.25584
-1.86296 0.252791
-1.85712 0.249531
-1.85128 0.248593
-1.84544 0.243835
-1.8396 0.242299
-1.83376 0.238245
-1.82792 0.233232
-1.82208 0.233331
-1.81624 0.226904
-1.8104 0.22739
-1.80456 0.223034
-1.79872 0.218717
-1.79288 0.219279
-1.78704 0.211689
-1.7812 0.208181
-1.77536 0.206629
-1.76952 0.203507
-1.76368 0.199798
-1.75784 0.197031
-1.752 0.196095
-1.74616 0.193979
-1.74032 0.186974
-1.73448 0.184024
-1.72864 0.184032
-1.7228 0.176482
-1.71696 0.175692
-1.71112 0.174613
-1.70528 0.16775
-1.69944 0.16848
-1.6936 0.164115
-1.68776 0.163054
-1.68192 0.160225
-1.67608 0.160378
-1.67024 0.155398
-1.6644 0.154182
-1.65856 0.151624
-1.65272 0.151591
-1.64688 0.14992
-1.64104 0.150681
-1.6352 0.151874
-1.62936 0.153416
-1.62352 0.151157
-1.61768 0.150242
-1.61184 0.149701
-1.606 0.149506
-1.60016 0.150472
-1.59432 0.150481
-1.58848 0.149249
-1.58264 0.147585
-1.5768 0.148847
-1.57096 0.152592
-1.56512 0.151359
-1.55928 0.155458
-1.55344 0.156616
-1.5476 0.159159
-1.54176 0.156323
-1.53592 0.16164
-1.53008 0.162049
-1.52424 0.157265
-1.5184 0.155851
-1.51256 0.160738
-1.50672 0.157102
-1.50088 0.159117
-1.49504 0.165797
-1.4892 0.163174
-1.48336 0.163767
-1.47752 0.165544
-1.47168 0.168382
-1.46584 0.16737
-1.46 0.166869
-1.45416 0.165843
-1.44832 0.16592
-1.44248 0.169053
-1.43664 0.170959
-1.4308 0.169171
-1.42496 0.168987
-1.41912 0.169948
-1.41328 0.171624
-1.40744 0.172129
-1.4016 0.171959
-1.39576 0.172232
-1.38992 0.17344
-1.38408 0.169668
-1.37824 0.166961
-1.3724 0.173244
-1.36656 0.172849
-1.36072 0.172169
-1.35488 0.17471
-1.34904 0.172601
-1.3432 0.175169
-1.33736 0.173766
-1.33152 0.177812
-1.32568 0.181338
-1.31984 0.178119
-1.314 0.179896
-1.30816 0.183394
-1.30232 0.177694
-1.29648 0.180913
-1.29064 0.179572
-1.2848 0.183973
-1.27896 0.191345
-1.27312 0.189541
-1.26728 0.194485
-1.26144 0.198525
-1.2556 0.199944
-1.24976 0.201357
-1.24392 0.204068
-1.23808 0.208574
-1.23224 0.209329
-1.2264 0.21254
-1.22056 0.216391
-1.21472 0.218771
-1.20888 0.217711
-1.20304 0.222456
-1.1972 0.223819
-1.19136 0.225896
-1.18552 0.227043
-1.17968 0.230636
-1.17384 0.233565
-1.168 0.23294
-1.16216 0.236915
-1.15632 0.236411
-1.15048 0.238777
-1.14464 0.238788
-1.1388 0.241116
-1.13296 0.245406
-1.12712 0.246576
-1.12128 0.25142
-1.11544 0.253654
-1.1096 0.257201
-1.10376 0.257759
-1.09792 0.262214
-1.09208 0.262054
-1.08624 0.261572
-1.0804 0.261141
-1.07456 0.265987
-1.06872 0.268225
-1.06288 0.266674
-1.05704 0.275281
-1.0512 0.27854
-1.04536 0.278717
-1.03952 0.278847
-1.03368 0.28392
-1.02784 0.283534
-1.022 0.285048
-1.01616 0.283878
-1.01032 0.288158
-1.00448 0.289975
-0.99864 0.293151
-0.9928 0.29231
-0.98696 0.294843
-0.98112 0.296334
-0.97528 0.299084
-0.96944 0.298264
-0.9636 0.301755
-0.95776 0.301493
-0.95192 0.301666
-0.94608 0.302142
-0.94024 0.303031
-0.9344 0.306248
-0.92856 0.308713
-0.92272 0.308611
-0.91688 0.312511
-0.91104 0.313505
-0.9052 0.31571
-0.89936 0.317992
-0.89352 0.32002
-0.88768 0.32246
-0.88184 0.324664
-0.876 0.325739
-0.87016 0.327434
-0.86432 0.326768
-0.85848 0.328967
-0.85264 0.329883
-0.8468 0.331446
-0.84096 0.337295
-0.83512 0.33636
-0.82928 0.338096
-0.82344 0.340147
-0.8176 0.342082
-0.81176 0.343469
-0.80592 0.344562
-0.80008 0.345522
-0.79424 0.347712
-0.7884 0.349219
-0.78256 0.350896
-0.77672 0.351303
-0.77088 0.353195
-0.76504 0.354827
-0.7592 0.355876
-0.75336 0.358011
-0.74752 0.3553
-0.74168 0.358276
-0.73584 0.35623
-0.73 0.355538
-0.72416 0.354079
-0.71832 0.35532
-0.71248 0.35361
-0.70664 0.355101
-0.7008 0.355124
-0.69496 0.355772
-0.68912 0.355486
-0.68328 0.356886
-0.67744 0.35656
-0.6716 0.359144
-0.66576 0.358421
-0.65992 0.359353
-0.65408 0.360477
-0.64824 0.358796
-0.6424 0.358868
-0.63656 0.359788
-0.63072 0.360065
-0.62488 0.361021
-0.61904 0.363317
-0.6132 0.363588
-0.60736 0.364069
-0.60152 0.36387
-0.59568 0.36387
-0.58984 0.36387
-0.584 0.36387
-0.57816 0.36387
-0.57232 0.36387
-0.56648 0.36387
-0.56064 0.36387
-0.5548 0.36387
-0.54896 0.36387
-0.54312 0.36387
-0.53728 0.36387
-0.53144 0.36387
-0.5256 0.36387
-0.51976 0.36387
-0.51392 0.36387
-0.50808 0.36387
-0.50224 0.36387
-0.4964 0.36387
-0.49056 0.36387
-0.48472 0.36387
-0.47888 0.36387
-0.47304 0.36387
-0.4672 0.36387
-0.46136 0.36387
-0.45552 0.36387
-0.44968 0.36387
-0.44384 0.36387
-0.438 0.36387
-0.43216 0.36387
-0.42632 0.36387
-0.42048 0.36387
-0.41464 0.36387
-0.4088 0.36387
-0.40296 0.36387
-0.39712 0.36387
-0.39128 0.36387
-0.38544 0.36387
-0.3796 0.36387
-0.37376 0.36387
-0.36792 0.36387
-0.36208 0.36387
-0.35624 0.36387
-0.3504 0.36387
-0.34456 0.36387
-0.33872 0.36387
-0.33288 0.36387
-0.32704 0.36387
-0.3212 0.36387
-0.31536 0.36387
-0.30952 0.36387
-0.30368 0.36387
-0.29784 0.36387
-0.292 0.36387
-0.28616 0.36387
-0.28032 0.36387
-0.27448 0.36387
-0.26864 0.36387
-0.2628 0.36387
-0.25696 0.36387
-0.25112 0.36387
-0.24528 0.36387
-0.23944 0.36387
-0.2336 0.36387
-0.22776 0.36387
-0.22192 0.36387
-0.21608 0.36387
-0.21024 0.36387
-0.2044 0.36387
-0.19856 0.36387
-0.19272 0.36387
-0.18688 0.36387
-0.18104 0.36387
-0.1752 0.36387
-0.16936 0.36387
-0.16352 0.36387
-0.15768 0.36387
-0.15184 0.36387
-0.146 0.36387
-0.14016 0.36387
-0.13432 0.36387
-0.12848 0.36387
-0.12264 0.36387
-0.1168 0.36387
-0.11096 0.36387
-0.10512 0.36387
-0.09928 0.36387
-0.09344 0.36387
-0.0876 0.36387
-0.08176 0.36387
-0.07592 0.36387
-0.07008 0.36387
-0.06424 0.36387
-0.0584 0.36387
-0.05256 0.36387
-0.04672 0.36387
-0.04088 0.36387
-0.03504 0.36387
-0.0292 0.36387
-0.02336 0.36387
-0.01752 0.36387
-0.01168 0.36387
-0.00584 0.36387
