-2.92 0.498765
-2.91416 0.498765
-2.90832 0.498765
-2.90248 0.498765
-2.89664 0.498765
-2.8908 0.498765
-2.88496 0.498765
-2.87912 0.498765
-2.87328 0.498765
-2.86744 0.498765
-2.8616 0.498765
-2.85576 0.498765
-2.84992 0.498765
-2.84408 0.498765
-2.83824 0.498765
-2.8324 0.498765
-2.82656 0.498765
-2.82072 0.498765
-2.81488 0.498765
-2.80904 0.498765
-2.8032 0.498765
-2.79736 0.498765
-2.79152 0.498765
-2.78568 0.498765
-2.77984 0.498765
-2.774 0.498765
-2.76816 0.498765
-2.76232 0.498765
-2.75648 0.498765
-2.75064 0.498765
-2.7448 0.498765
-2.73896 0.498765
-2.73312 0.498765
-2.72728 0.498765
-2.72144 0.498765
-2.7156 0.498765
-2.70976 0.498765
-2.70392 0.498765
-2.69808 0.498765
-2.69224 0.498765
-2.6864 0.498765
-2.68056 0.498765
-2.67472 0.498765
-2.66888 0.498765
-2.66304 0.498765
-2.6572 0.498765
-2.65136 0.498765
-2.64552 0.498765
-2.63968 0.498765
-2.63384 0.498765
-2.628 0.498765
-2.62216 0.498765
-2.61632 0.498765
-2.61048 0.498765
-2.60464 0.498765
-2.5988 0.498765
-2.59296 0.498277
-2.58712 0.497348
-2.58128 0.49633
-2.57544 0.495136
-2.5696 0.493765
-2.56376 0.492127
-2.55792 0.4904
-2.55208 0.488672
-2.54624 0.486812
-2.5404 0.484822
-2.53456 0.482786
-2.52872 0.480619
-2.52288 0.478538
-2.51704 0.476371
-2.5112 0.474249
-2.50536 0.472037
-2.49952 0.470236
-2.49368 0.468603
-2.48784 0.467335
-2.482 0.465831
-2.47616 0.463611
-2.47032 0.462868
-2.46448 0.46118
-2.45864 0.4606
-2.4528 0.459146
-2.44696 0.457691
-2.44112 0.455774
-2.43528 0.45353
-2.42944 0.453151
-2.4236 0.451773
-2.41776 0.449694
-2.41192 0.447983
-2.40608 0.447219
-2.40024 0.443969
-2.3944 0.443862
-2.38856 0.439705
-2.38272 0.437279
-2.37688 0.435691
-2.37104 0.430957
-2.3652 0.430149
-2.35936 0.426069
-2.35352 0.42298
-2.34768 0.420723
-2.34184 0.416396
-2.336 0.41343
-2.33016 0.409759
-2.32432 0.406121
-2.31848 0.404439
-2.31264 0.401509
-2.3068 0.39643
-2.30096 0.392381
-2.29512 0.389334
-2.28928 0.386521
-2.28344 0.381925
-2.2776 0.378951
-2.27176 0.374737
-2.26592 0.372053
-2.26008 0.368709
-2.25424 0.363737
-2.2484 0.359878
-2.24256 0.356194
-2.23672 0.351553
-2.23088 0.347814
-2.22504 0.344247
-2.2192 0.339518
-2.21336 0.335746
-2.20752 0.332555
-2.20168 0.328807
-2.19584 0.325828
-2.19 0.321419
-2.18416 0.317429
-2.17832 0.314109
-2.17248 0.311076
-2.16664 0.308038
-2.1608 0.304096
-2.15496 0.298768
-2.14912 0.297114
-2.14328 0.293549
-2.13744 0.288757
-2.1316 0.286063
-2.12576 0.282528
-2.11992 0.279336
-2.11408 0.275876
-2.10824 0.271252
-2.1024 0.26867
-2.09656 0.264765
-2.09072 0.263018
-2.08488 0.258645
-2.07904 0.255243
-2.0732 0.252537
-2.06736 0.248114
-2.06152 0.245421
-2.05568 0.242055
-2.04984 0.238349
-2.044 0.234322
-2.03816 0.231164
-2.03232 0.227617
-2.02648 0.224328
-2.02064 0.220448
-2.0148 0.217757
-2.00896 0.215483
-2.00312 0.211982
-1.99728 0.210388
-1.99144 0.208563
-1.9856 0.206806
-1.97976 0.205805
-1.97392 0.203323
-1.96808 0.201974
-1.96224 0.199492
-1.9564 0.199142
-1.95056 0.198784
-1.94472 0.197951
-1.93888 0.196786
-1.93304 0.196704
-1.9272 0.196138
-1.92136 0.19536
-1.91552 0.19378
-1.90968 0.192763
-1.90384 0.194349
-1.898 0.195922
-1.89216 0.19193
-1.88632 0.192054
-1.88048 0.191589
-1.87464 0.191524
-1.8688 0.190799
-1.86296 0.194501
-1.85712 0.19081
-1.85128 0.192701
-1.84544 0.192905
-1.8396 0.192755
-1.83376 0.192981
-1.82792 0.194602
-1.82208 0.193481
-1.81624 0.194881
-1.8104 0.194152
-1.80456 0.193723
-1.79872 0.196101
-1.79288 0.196794
-1.78704 0.197808
-1.7812 0.198225
-1.77536 0.198072
-1.76952 0.197183
-1.76368 0.199076
-1.75784 0.202479
-1.752 0.202388
-1.74616 0.201839
-1.74032 0.200467
-1.73448 0.204328
-1.72864 0.204894
-1.7228 0.20592
-1.71696 0.206306
-1.71112 0.206254
-1.70528 0.208391
-1.69944 0.211728
-1.6936 0.210133
-1.68776 0.211054
-1.68192 0.212013
-1.67608 0.212536
-1.67024 0.212852
-1.6644 0.210151
-1.65856 0.212618
-1.65272 0.213648
-1.64688 0.214867
-1.64104 0.213381
-1.6352 0.213841
-1.62936 0.212105
-1.62352 0.211581
-1.61768 0.213264
-1.61184 0.216681
-1.606 0.217843
-1.60016 0.223589
-1.59432 0.224935
-1.58848 0.224345
-1.58264 0.230148
-1.5768 0.230245
-1.57096 0.225652
-1.56512 0.235243
-1.55928 0.233958
-1.55344 0.242827
-1.5476 0.241024
-1.54176 0.250249
-1.53592 0.246602
-1.53008 0.252439
-1.52424 0.250995
-1.5184 0.253378
-1.51256 0.262188
-1.50672 0.26456
-1.50088 0.265413
-1.49504 0.270273
-1.4892 0.273674
-1.48336 0.275318
-1.47752 0.271824
-1.47168 0.277918
-1.46584 0.280576
-1.46 0.28056
-1.45416 0.283519
-1.44832 0.288998
-1.44248 0.290163
-1.43664 0.293066
-1.4308 0.295427
-1.42496 0.304024
-1.41912 0.301355
-1.41328 0.306756
-1.40744 0.310039
-1.4016 0.313607
-1.39576 0.31546
-1.38992 0.319966
-1.38408 0.322949
-1.37824 0.325789
-1.3724 0.324268
-1.36656 0.328328
-1.36072 0.328776
-1.35488 0.330981
-1.34904 0.334426
-1.3432 0.337247
-1.33736 0.342122
-1.33152 0.344739
-1.32568 0.347076
-1.31984 0.352502
-1.314 0.354534
-1.30816 0.356824
-1.30232 0.357292
-1.29648 0.365625
-1.29064 0.365342
-1.2848 0.369741
-1.27896 0.370344
-1.27312 0.371048
-1.26728 0.372497
-1.26144 0.376197
-1.2556 0.375535
-1.24976 0.377776
-1.24392 0.381547
-1.23808 0.38558
-1.23224 0.38801
-1.2264 0.390365
-1.22056 0.392434
-1.21472 0.39589
-1.20888 0.398931
-1.20304 0.399752
-1.1972 0.405372
-1.19136 0.402533
-1.18552 0.406434
-1.17968 0.40792
-1.17384 0.41223
-1.168 0.411899
-1.16216 0.418775
-1.15632 0.417099
-1.15048 0.417363
-1.14464 0.422454
-1.1388 0.419771
-1.13296 0.414184
-1.12712 0.421326
-1.12128 0.422774
-1.11544 0.430091
-1.1096 0.425711
-1.10376 0.432682
-1.09792 0.432361
-1.09208 0.432855
-1.08624 0.429598
-1.0804 0.434974
-1.07456 0.440101
-1.06872 0.437499
-1.06288 0.439153
-1.05704 0.441218
-1.0512 0.443141
-1.04536 0.439854
-1.03952 0.433941
-1.03368 0.438552
-1.02784 0.438053
-1.022 0.433692
-1.01616 0.432438
-1.01032 0.433051
-1.00448 0.430665
-0.99864 0.429362
-0.9928 0.42926
-0.98696 0.432529
-0.98112 0.426725
-0.97528 0.428595
-0.96944 0.427431
-0.9636 0.426155
-0.95776 0.42713
-0.95192 0.425099
-0.94608 0.426331
-0.94024 0.423459
-0.9344 0.423417
-0.92856 0.423081
-0.92272 0.416701
-0.91688 0.417865
-0.91104 0.418116
-0.9052 0.417628
-0.89936 0.41683
-0.89352 0.417486
-0.88768 0.417432
-0.88184 0.417517
-0.876 0.415318
-0.87016 0.414981
-0.86432 0.415747
-0.85848 0.417736
-0.85264 0.416696
-0.8468 0.412872
-0.84096 0.414045
-0.83512 0.412647
-0.82928 0.410715
-0.82344 0.410082
-0.8176 0.40839
-0.81176 0.409047
-0.80592 0.410267
-0.80008 0.406984
-0.79424 0.407361
-0.7884 0.408213
-0.78256 0.407603
-0.77672 0.406803
-0.77088 0.40798
-0.76504 0.407359
-0.7592 0.408861
-0.75336 0.40773
-0.74752 0.408505
-0.74168 0.407848
-0.73584 0.409991
-0.73 0.409897
-0.72416 0.411948
-0.71832 0.411098
-0.71248 0.412281
-0.70664 0.413098
-0.7008 0.412878
-0.69496 0.413457
-0.68912 0.414406
-0.68328 0.415783
-0.67744 0.41975
-0.6716 0.421374
-0.66576 0.422506
-0.65992 0.423926
-0.65408 0.423582
-0.64824 0.424521
-0.6424 0.427254
-0.63656 0.428337
-0.63072 0.428214
-0.62488 0.428349
-0.61904 0.428334
-0.6132 0.428149
-0.60736 0.427124
-0.60152 0.427691
-0.59568 0.427691
-0.58984 0.427691
-0.584 0.427691
-0.57816 0.427691
-0.57232 0.427691
-0.56648 0.427691
-0.56064 0.427691
-0.5548 0.427691
-0.54896 0.427691
-0.54312 0.427691
-0.53728 0.427691
-0.53144 0.427691
-0.5256 0.427691
-0.51976 0.427691
-0.51392 0.427691
-0.50808 0.427691
-0.50224 0.427691
-0.4964 0.427691
-0.49056 0.427691
-0.48472 0.427691
-0.47888 0.427691
-0.47304 0.427691
-0.4672 0.427691
-0.46136 0.427691
-0.45552 0.427691
-0.44968 0.427691
-0.44384 0.427691
-0.438 0.427691
-0.43216 0.427691
-0.42632 0.427691
-0.42048 0.427691
-0.41464 0.427691
-0.4088 0.427691
-0.40296 0.427691
-0.39712 0.427691
-0.39128 0.427691
-0.38544 0.427691
-0.3796 0.427691
-0.37376 0.427691
-0.36792 0.427691
-0.36208 0.427691
-0.35624 0.427691
-0.3504 0.427691
-0.34456 0.427691
-0.33872 0.427691
-0.33288 0.427691
-0.32704 0.427691
-0.3212 0.427691
-0.31536 0.427691
-0.30952 0.427691
-0.30368 0.427691
-0.29784 0.427691
-0.292 0.427691
-0.28616 0.427691
-0.28032 0.427691
-0.27448 0.427691
-0.26864 0.427691
-0.2628 0.427691
-0.25696 0.427691
-0.25112 0.427691
-0.24528 0.427691
-0.23944 0.427691
-0.2336 0.427691
-0.22776 0.427691
-0.22192 0.427691
-0.21608 0.427691
-0.21024 0.427691
-0.2044 0.427691
-0.19856 0.427691
-0.19272 0.427691
-0.18688 0.427691
-0.18104 0.427691
-0.1752 0.427691
-0.16936 0.427691
-0.16352 0.427691
-0.15768 0.427691
-0.15184 0.427691
-0.146 0.427691
-0.14016 0.427691
-0.13432 0.427691
-0.12848 0.427691
-0.12264 0.427691
-0.1168 0.427691
-0.11096 0.427691
-0.10512 0.427691
-0.09928 0.427691
-0.09344 0.427691
-0.0876 0.427691
-0.08176 0.427691
-0.07592 0.427691
-0.07008 0.427691
-0.06424 0.427691
-0.0584 0.427691
-0.05256 0.427691
-0.04672 0.427691
-0.04088 0.427691
-0.03504 0.427691
-0.0292 0.427691
-0.02336 0.427691
-0.01752 0.427691
-0.01168 0.427691
-0.00584 0.427691
