-2.92 0.418447
-2.91416 0.418447
-2.90832 0.418447
-2.90248 0.418447
-2.89664 0.418447
-2.8908 0.418447
-2.88496 0.418447
-2.87912 0.418447
-2.87328 0.418447
-2.86744 0.418447
-2.8616 0.418447
-2.85576 0.418447
-2.84992 0.418447
-2.84408 0.418447
-2.83824 0.418447
-2.8324 0.418447
-2.82656 0.418447
-2.82072 0.418447
-2.81488 0.418447
-2.80904 0.418447
-2.8032 0.418447
-2.79736 0.418447
-2.79152 0.418447
-2.78568 0.418447
-2.77984 0.418447
-2.774 0.418447
-2.76816 0.418447
-2.76232 0.418447
-2.75648 0.418447
-2.75064 0.418447
-2.7448 0.418447
-2.73896 0.418447
-2.73312 0.418447
-2.72728 0.418447
-2.72144 0.418447
-2.7156 0.418447
-2.70976 0.418447
-2.70392 0.418447
-2.69808 0.418447
-2.69224 0.418447
-2.6864 0.418447
-2.68056 0.418447
-2.67472 0.418447
-2.66888 0.418447
-2.66304 0.418447
-2.6572 0.418447
-2.65136 0.418447
-2.64552 0.418447
-2.63968 0.418447
-2.63384 0.418447
-2.628 0.418447
-2.62216 0.418447
-2.61632 0.418447
-2.61048 0.418447
-2.60464 0.418447
-2.5988 0.418447
-2.59296 0.418049
-2.58712 0.417474
-2.58128 0.41681
-2.57544 0.416102
-2.5696 0.415132
-2.56376 0.414119
-2.55792 0.413016
-2.55208 0.411869
-2.54624 0.410635
-2.5404 0.409358
-2.53456 0.408034
-2.52872 0.406666
-2.52288 0.405299
-2.51704 0.403756
-2.5112 0.402169
-2.50536 0.400492
-2.49952 0.399439
-2.49368 0.398553
-2.48784 0.39825
-2.482 0.39741
-2.47616 0.397014
-2.47032 0.396492
-2.46448 0.396172
-2.45864 0.39527
-2.4528 0.395871
-2.44696 0.395135
-2.44112 0.395223
-2.43528 0.39519
-2.42944 0.394575
-2.4236 0.394862
-2.41776 0.39654
-2.41192 0.394633
-2.40608 0.396177
-2.40024 0.395932
-2.3944 0.395935
-2.38856 0.396444
-2.38272 0.395247
-2.37688 0.394339
-2.37104 0.392299
-2.3652 0.392153
-2.35936 0.391279
-2.35352 0.390787
-2.34768 0.389629
-2.34184 0.388345
-2.336 0.386303
-2.33016 0.387449
-2.32432 0.384565
-2.31848 0.381012
-2.31264 0.3842
-2.3068 0.380857
-2.30096 0.382155
-2.29512 0.378138
-2.28928 0.377166
-2.28344 0.37864
-2.2776 0.3747
-2.27176 0.373731
-2.26592 0.372573
-2.26008 0.37283
-2.25424 0.369474
-2.2484 0.368376
-2.24256 0.368291
-2.23672 0.366994
-2.23088 0.365033
-2.22504 0.36466
-2.2192 0.360372
-2.21336 0.358559
-2.20752 0.359532
-2.20168 0.356548
-2.19584 0.356806
-2.19 0.355175
-2.18416 0.354498
-2.17832 0.353086
-2.17248 0.352623
-2.16664 0.350223
-2.1608 0.347242
-2.15496 0.345977
-2.14912 0.346147
-2.14328 0.346235
-2.13744 0.343554
-2.1316 0.340947
-2.12576 0.340103
-2.11992 0.336574
-2.11408 0.336633
-2.10824 0.336597
-2.1024 0.334754
-2.09656 0.333612
-2.09072 0.332902
-2.08488 0.32938
-2.07904 0.330372
-2.0732 0.327259
-2.06736 0.322568
-2.06152 0.325508
-2.05568 0.324716
-2.04984 0.322442
-2.044 0.321411
-2.03816 0.318727
-2.03232 0.31658
-2.02648 0.317743
-2.02064 0.31821
-2.0148 0.315052
-2.00896 0.313559
-2.00312 0.312193
-1.99728 0.309899
-1.99144 0.308857
-1.9856 0.307338
-1.97976 0.305362
-1.97392 0.301753
-1.96808 0.300935
-1.96224 0.303299
-1.9564 0.300916
-1.95056 0.30018
-1.94472 0.297239
-1.93888 0.29677
-1.93304 0.295712
-1.9272 0.291916
-1.92136 0.291357
-1.91552 0.285864
-1.90968 0.286972
-1.90384 0.281629
-1.898 0.278794
-1.89216 0.2766
-1.88632 0.272735
-1.88048 0.272375
-1.87464 0.270636
-1.8688 0.265108
-1.86296 0.264867
-1.85712 0.259872
-1.85128 0.255982
-1.84544 0.254924
-1.8396 0.251921
-1.83376 0.24754
-1.82792 0.245471
-1.82208 0.243292
-1.81624 0.238845
-1.8104 0.239231
-1.80456 0.234408
-1.79872 0.231893
-1.79288 0.22737
-1.78704 0.222122
-1.7812 0.221515
-1.77536 0.217505
-1.76952 0.216671
-1.76368 0.214403
-1.75784 0.207271
-1.752 0.205891
-1.74616 0.203416
-1.74032 0.198293
-1.73448 0.198582
-1.72864 0.193552
-1.7228 0.192533
-1.71696 0.186214
-1.71112 0.183834
-1.70528 0.18278
-1.69944 0.176514
-1.6936 0.175765
-1.68776 0.173627
-1.68192 0.172954
-1.67608 0.168967
-1.67024 0.164855
-1.6644 0.16262
-1.65856 0.16045
-1.65272 0.159216
-1.64688 0.158528
-1.64104 0.15806
-1.6352 0.158027
-1.62936 0.156954
-1.62352 0.160708
-1.61768 0.159
-1.61184 0.158692
-1.606 0.156715
-1.60016 0.16032
-1.59432 0.158355
-1.58848 0.155187
-1.58264 0.159017
-1.5768 0.157837
-1.57096 0.152538
-1.56512 0.156259
-1.55928 0.157837
-1.55344 0.158624
-1.5476 0.156699
-1.54176 0.161352
-1.53592 0.159457
-1.53008 0.16129
-1.52424 0.160694
-1.5184 0.160411
-1.51256 0.16036
-1.50672 0.160678
-1.50088 0.158623
-1.49504 0.163889
-1.4892 0.163231
-1.48336 0.167558
-1.47752 0.165357
-1.47168 0.167341
-1.46584 0.168843
-1.46 0.167287
-1.45416 0.172078
-1.44832 0.167716
-1.44248 0.172081
-1.43664 0.172154
-1.4308 0.170937
-1.42496 0.17142
-1.41912 0.174164
-1.41328 0.176665
-1.40744 0.175345
-1.4016 0.177556
-1.39576 0.179067
-1.38992 0.176145
-1.38408 0.173486
-1.37824 0.177611
-1.3724 0.1786
-1.36656 0.178581
-1.36072 0.179409
-1.35488 0.182477
-1.34904 0.181478
-1.3432 0.18604
-1.33736 0.18649
-1.33152 0.188099
-1.32568 0.191977
-1.31984 0.189656
-1.314 0.186706
-1.30816 0.196035
-1.30232 0.194426
-1.29648 0.192924
-1.29064 0.194967
-1.2848 0.199234
-1.27896 0.205729
-1.27312 0.206235
-1.26728 0.215108
-1.26144 0.211415
-1.2556 0.2152
-1.24976 0.219923
-1.24392 0.222609
-1.23808 0.226952
-1.23224 0.229936
-1.2264 0.233873
-1.22056 0.23687
-1.21472 0.238794
-1.20888 0.244306
-1.20304 0.244367
-1.1972 0.249843
-1.19136 0.251342
-1.18552 0.255247
-1.17968 0.257751
-1.17384 0.264597
-1.168 0.262032
-1.16216 0.264755
-1.15632 0.268566
-1.15048 0.267354
-1.14464 0.275643
-1.1388 0.274613
-1.13296 0.279143
-1.12712 0.284565
-1.12128 0.288355
-1.11544 0.292476
-1.1096 0.295834
-1.10376 0.301611
-1.09792 0.30213
-1.09208 0.307273
-1.08624 0.304884
-1.0804 0.307697
-1.07456 0.309407
-1.06872 0.311847
-1.06288 0.315703
-1.05704 0.320188
-1.0512 0.324915
-1.04536 0.328006
-1.03952 0.327839
-1.03368 0.332813
-1.02784 0.333828
-1.022 0.336305
-1.01616 0.338841
-1.01032 0.33929
-1.00448 0.344973
-0.99864 0.346179
-0.9928 0.346431
-0.98696 0.348305
-0.98112 0.35229
-0.97528 0.357346
-0.96944 0.355744
-0.9636 0.360358
-0.95776 0.364062
-0.95192 0.361442
-0.94608 0.36092
-0.94024 0.364789
-0.9344 0.366023
-0.92856 0.367094
-0.92272 0.369547
-0.91688 0.373455
-0.91104 0.374603
-0.9052 0.37901
-0.89936 0.379138
-0.89352 0.383245
-0.88768 0.385733
-0.88184 0.38769
-0.876 0.38742
-0.87016 0.392667
-0.86432 0.393842
-0.85848 0.394093
-0.85264 0.395152
-0.8468 0.399338
-0.84096 0.402876
-0.83512 0.404739
-0.82928 0.407411
-0.82344 0.408209
-0.8176 0.407656
-0.81176 0.411586
-0.80592 0.412889
-0.80008 0.416098
-0.79424 0.416096
-0.7884 0.418877
-0.78256 0.42132
-0.77672 0.42119
-0.77088 0.423626
-0.76504 0.425395
-0.7592 0.427335
-0.75336 0.426898
-0.74752 0.427556
-0.74168 0.429316
-0.73584 0.428378
-0.73 0.429798
-0.72416 0.427206
-0.71832 0.428709
-0.71248 0.427795
-0.70664 0.429805
-0.7008 0.42915
-0.69496 0.430131
-0.68912 0.429851
-0.68328 0.431554
-0.67744 0.431102
-0.6716 0.433774
-0.66576 0.433059
-0.65992 0.434239
-0.65408 0.434819
-0.64824 0.433519
-0.6424 0.433594
-0.63656 0.434099
-0.63072 0.434418
-0.62488 0.435248
-0.61904 0.437461
-0.6132 0.437778
-0.60736 0.438004
-0.60152 0.437639
-0.59568 0.437639
-0.58984 0.437639
-0.584 0.437639
-0.57816 0.437639
-0.57232 0.437639
-0.56648 0.437639
-0.56064 0.437639
-0.5548 0.437639
-0.54896 0.437639
-0.54312 0.437639
-0.53728 0.437639
-0.53144 0.437639
-0.5256 0.437639
-0.51976 0.437639
-0.51392 0.437639
-0.50808 0.437639
-0.50224 0.437639
-0.4964 0.437639
-0.49056 0.437639
-0.48472 0.437639
-0.47888 0.437639
-0.47304 0.437639
-0.4672 0.437639
-0.46136 0.437639
-0.45552 0.437639
-0.44968 0.437639
-0.44384 0.437639
-0.438 0.437639
-0.43216 0.437639
-0.42632 0.437639
-0.42048 0.437639
-0.41464 0.437639
-0.4088 0.437639
-0.40296 0.437639
-0.39712 0.437639
-0.39128 0.437639
-0.38544 0.437639
-0.3796 0.437639
-0.37376 0.437639
-0.36792 0.437639
-0.36208 0.437639
-0.35624 0.437639
-0.3504 0.437639
-0.34456 0.437639
-0.33872 0.437639
-0.33288 0.437639
-0.32704 0.437639
-0.3212 0.437639
-0.31536 0.437639
-0.30952 0.437639
-0.30368 0.437639
-0.29784 0.437639
-0.292 0.437639
-0.28616 0.437639
-0.28032 0.437639
-0.27448 0.437639
-0.26864 0.437639
-0.2628 0.437639
-0.25696 0.437639
-0.25112 0.437639
-0.24528 0.437639
-0.23944 0.437639
-0.2336 0.437639
-0.22776 0.437639
-0.22192 0.437639
-0.21608 0.437639
-0.21024 0.437639
-0.2044 0.437639
-0.19856 0.437639
-0.19272 0.437639
-0.18688 0.437639
-0.18104 0.437639
-0.1752 0.437639
-0.16936 0.437639
-0.16352 0.437639
-0.15768 0.437639
-0.15184 0.437639
-0.146 0.437639
-0.14016 0.437639
-0.13432 0.437639
-0.12848 0.437639
-0.12264 0.437639
-0.1168 0.437639
-0.11096 0.437639
-0.10512 0.437639
-0.09928 0.437639
-0.09344 0.437639
-0.0876 0.437639
-0.08176 0.437639
-0.07592 0.437639
-0.07008 0.437639
-0.06424 0.437639
-0.0584 0.437639
-0.05256 0.437639
-0.04672 0.437639
-0.04088 0.437639
-0.03504 0.437639
-0.0292 0.437639
-0.02336 0.437639
-0.01752 0.437639
-0.01168 0.437639
-0.00584 0.437639
