-2.92 0.504758
-2.91416 0.504758
-2.90832 0.504758
-2.90248 0.504758
-2.89664 0.504758
-2.8908 0.504758
-2.88496 0.504758
-2.87912 0.504758
-2.87328 0.504758
-2.86744 0.504758
-2.8616 0.504758
-2.85576 0.504758
-2.84992 0.504758
-2.84408 0.504758
-2.83824 0.504758
-2.8324 0.504758
-2.82656 0.504758
-2.82072 0.504758
-2.81488 0.504758
-2.80904 0.504758
-2.8032 0.504758
-2.79736 0.504758
-2.79152 0.504758
-2.78568 0.504758
-2.77984 0.504758
-2.774 0.504758
-2.76816 0.504758
-2.76232 0.504758
-2.75648 0.504758
-2.75064 0.504758
-2.7448 0.504758
-2.73896 0.504758
-2.73312 0.504758
-2.72728 0.504758
-2.72144 0.504758
-2.7156 0.504758
-2.70976 0.504758
-2.70392 0.504758
-2.69808 0.504758
-2.69224 0.504758
-2.6864 0.504758
-2.68056 0.504758
-2.67472 0.504758
-2.66888 0.504758
-2.66304 0.504758
-2.6572 0.504758
-2.65136 0.504758
-2.64552 0.504758
-2.63968 0.504758
-2.63384 0.504758
-2.628 0.504758
-2.62216 0.504758
-2.61632 0.504758
-2.61048 0.504758
-2.60464 0.504758
-2.5988 0.504758
-2.59296 0.504183
-2.58712 0.503473
-2.58128 0.502673
-2.57544 0.501739
-2.5696 0.500672
-2.56376 0.499556
-2.55792 0.498308
-2.55208 0.497017
-2.54624 0.495724
-2.5404 0.49421
-2.53456 0.492608
-2.52872 0.490877
-2.52288 0.489234
-2.51704 0.487374
-2.5112 0.485515
-2.50536 0.483529
-2.49952 0.481995
-2.49368 0.4812
-2.48784 0.479742
-2.482 0.478541
-2.47616 0.478398
-2.47032 0.476438
-2.46448 0.475834
-2.45864 0.474573
-2.4528 0.473145
-2.44696 0.471801
-2.44112 0.471195
-2.43528 0.470248
-2.42944 0.46844
-2.4236 0.468476
-2.41776 0.467325
-2.41192 0.466165
-2.40608 0.464675
-2.40024 0.463431
-2.3944 0.463747
-2.38856 0.461856
-2.38272 0.458871
-2.37688 0.457636
-2.37104 0.452502
-2.3652 0.451955
-2.35936 0.450659
-2.35352 0.446922
-2.34768 0.446387
-2.34184 0.442025
-2.336 0.441147
-2.33016 0.440377
-2.32432 0.434212
-2.31848 0.433781
-2.31264 0.432197
-2.3068 0.427942
-2.30096 0.426027
-2.29512 0.424313
-2.28928 0.420225
-2.28344 0.419376
-2.2776 0.415242
-2.27176 0.412323
-2.26592 0.410738
-2.26008 0.406849
-2.25424 0.40417
-2.2484 0.401396
-2.24256 0.397332
-2.23672 0.396018
-2.23088 0.392206
-2.22504 0.389477
-2.2192 0.383858
-2.21336 0.380839
-2.20752 0.379812
-2.20168 0.375275
-2.19584 0.370078
-2.19 0.367414
-2.18416 0.365136
-2.17832 0.361646
-2.17248 0.357559
-2.16664 0.353228
-2.1608 0.349992
-2.15496 0.348084
-2.14912 0.343621
-2.14328 0.336527
-2.13744 0.334409
-2.1316 0.33086
-2.12576 0.326785
-2.11992 0.322912
-2.11408 0.319372
-2.10824 0.314117
-2.1024 0.312037
-2.09656 0.308081
-2.09072 0.30174
-2.08488 0.29731
-2.07904 0.293991
-2.0732 0.291325
-2.06736 0.285144
-2.06152 0.281864
-2.05568 0.277568
-2.04984 0.273112
-2.044 0.267398
-2.03816 0.264785
-2.03232 0.259568
-2.02648 0.254464
-2.02064 0.252094
-2.0148 0.247713
-2.00896 0.243266
-2.00312 0.239941
-1.99728 0.236998
-1.99144 0.233225
-1.9856 0.229644
-1.97976 0.227966
-1.97392 0.225526
-1.96808 0.222253
-1.96224 0.221125
-1.9564 0.215497
-1.95056 0.216739
-1.94472 0.214129
-1.93888 0.213297
-1.93304 0.212364
-1.9272 0.209912
-1.92136 0.208372
-1.91552 0.205197
-1.90968 0.205276
-1.90384 0.203896
-1.898 0.203573
-1.89216 0.201687
-1.88632 0.202945
-1.88048 0.202263
-1.87464 0.201765
-1.8688 0.200499
-1.86296 0.198305
-1.85712 0.200546
-1.85128 0.198394
-1.84544 0.198483
-1.8396 0.196662
-1.83376 0.196163
-1.82792 0.196995
-1.82208 0.198344
-1.81624 0.194865
-1.8104 0.200399
-1.80456 0.195733
-1.79872 0.19673
-1.79288 0.197662
-1.78704 0.198097
-1.7812 0.198226
-1.77536 0.201929
-1.76952 0.20386
-1.76368 0.201818
-1.75784 0.199608
-1.752 0.201218
-1.74616 0.204542
-1.74032 0.203188
-1.73448 0.204724
-1.72864 0.20533
-1.7228 0.206662
-1.71696 0.207517
-1.71112 0.206531
-1.70528 0.211141
-1.69944 0.211636
-1.6936 0.209677
-1.68776 0.211413
-1.68192 0.214532
-1.67608 0.210425
-1.67024 0.214721
-1.6644 0.21339
-1.65856 0.212895
-1.65272 0.215653
-1.64688 0.214207
-1.64104 0.213286
-1.6352 0.215957
-1.62936 0.213973
-1.62352 0.21542
-1.61768 0.216533
-1.61184 0.215943
-1.606 0.224922
-1.60016 0.222036
-1.59432 0.225359
-1.58848 0.231158
-1.58264 0.228797
-1.5768 0.231944
-1.57096 0.231836
-1.56512 0.237616
-1.55928 0.237106
-1.55344 0.241957
-1.5476 0.245904
-1.54176 0.252878
-1.53592 0.251243
-1.53008 0.251782
-1.52424 0.25474
-1.5184 0.260418
-1.51256 0.265797
-1.50672 0.264524
-1.50088 0.268274
-1.49504 0.271997
-1.4892 0.274233
-1.48336 0.272404
-1.47752 0.275976
-1.47168 0.279448
-1.46584 0.279858
-1.46 0.283565
-1.45416 0.289229
-1.44832 0.293752
-1.44248 0.298684
-1.43664 0.298711
-1.4308 0.301778
-1.42496 0.301945
-1.41912 0.304255
-1.41328 0.309026
-1.40744 0.310014
-1.4016 0.314209
-1.39576 0.317288
-1.38992 0.320365
-1.38408 0.326524
-1.37824 0.32415
-1.3724 0.329559
-1.36656 0.326724
-1.36072 0.327834
-1.35488 0.332374
-1.34904 0.334581
-1.3432 0.334837
-1.33736 0.342418
-1.33152 0.351169
-1.32568 0.351709
-1.31984 0.350779
-1.314 0.356068
-1.30816 0.355184
-1.30232 0.361816
-1.29648 0.362826
-1.29064 0.369587
-1.2848 0.371075
-1.27896 0.373701
-1.27312 0.372991
-1.26728 0.378978
-1.26144 0.379029
-1.2556 0.379583
-1.24976 0.384413
-1.24392 0.388504
-1.23808 0.387739
-1.23224 0.394129
-1.2264 0.395272
-1.22056 0.397739
-1.21472 0.401529
-1.20888 0.402984
-1.20304 0.405199
-1.1972 0.410058
-1.19136 0.40953
-1.18552 0.411605
-1.17968 0.412173
-1.17384 0.41512
-1.168 0.425038
-1.16216 0.423589
-1.15632 0.424606
-1.15048 0.427314
-1.14464 0.425391
-1.1388 0.426961
-1.13296 0.427883
-1.12712 0.430999
-1.12128 0.432179
-1.11544 0.435001
-1.1096 0.438905
-1.10376 0.441811
-1.09792 0.441214
-1.09208 0.440638
-1.08624 0.441333
-1.0804 0.445428
-1.07456 0.450193
-1.06872 0.445206
-1.06288 0.447851
-1.05704 0.452675
-1.0512 0.451557
-1.04536 0.446206
-1.03952 0.448987
-1.03368 0.447259
-1.02784 0.445963
-1.022 0.443751
-1.01616 0.447514
-1.01032 0.447492
-1.00448 0.448971
-0.99864 0.442781
-0.9928 0.444208
-0.98696 0.439291
-0.98112 0.438968
-0.97528 0.443646
-0.96944 0.439866
-0.9636 0.438698
-0.95776 0.438841
-0.95192 0.440537
-0.94608 0.442079
-0.94024 0.435643
-0.9344 0.437318
-0.92856 0.433411
-0.92272 0.432996
-0.91688 0.43276
-0.91104 0.429922
-0.9052 0.428953
-0.89936 0.433062
-0.89352 0.434033
-0.88768 0.431526
-0.88184 0.432107
-0.876 0.433256
-0.87016 0.429511
-0.86432 0.433019
-0.85848 0.430974
-0.85264 0.432034
-0.8468 0.430542
-0.84096 0.42935
-0.83512 0.429287
-0.82928 0.427141
-0.82344 0.425757
-0.8176 0.42439
-0.81176 0.425807
-0.80592 0.425014
-0.80008 0.424089
-0.79424 0.424221
-0.7884 0.423805
-0.78256 0.425127
-0.77672 0.425588
-0.77088 0.425309
-0.76504 0.425396
-0.7592 0.425598
-0.75336 0.425429
-0.74752 0.424822
-0.74168 0.425103
-0.73584 0.426436
-0.73 0.427155
-0.72416 0.429115
-0.71832 0.429037
-0.71248 0.430018
-0.70664 0.430734
-0.7008 0.430737
-0.69496 0.431775
-0.68912 0.432941
-0.68328 0.434196
-0.67744 0.438426
-0.6716 0.440101
-0.66576 0.440972
-0.65992 0.442601
-0.65408 0.441966
-0.64824 0.443875
-0.6424 0.446729
-0.63656 0.447413
-0.63072 0.447707
-0.62488 0.447913
-0.61904 0.448523
-0.6132 0.447289
-0.60736 0.446515
-0.60152 0.447039
-0.59568 0.447039
-0.58984 0.447039
-0.584 0.447039
-0.57816 0.447039
-0.57232 0.447039
-0.56648 0.447039
-0.56064 0.447039
-0.5548 0.447039
-0.54896 0.447039
-0.54312 0.447039
-0.53728 0.447039
-0.53144 0.447039
-0.5256 0.447039
-0.51976 0.447039
-0.51392 0.447039
-0.50808 0.447039
-0.50224 0.447039
-0.4964 0.447039
-0.49056 0.447039
-0.48472 0.447039
-0.47888 0.447039
-0.47304 0.447039
-0.4672 0.447039
-0.46136 0.447039
-0.45552 0.447039
-0.44968 0.447039
-0.44384 0.447039
-0.438 0.447039
-0.43216 0.447039
-0.42632 0.447039
-0.42048 0.447039
-0.41464 0.447039
-0.4088 0.447039
-0.40296 0.447039
-0.39712 0.447039
-0.39128 0.447039
-0.38544 0.447039
-0.3796 0.447039
-0.37376 0.447039
-0.36792 0.447039
-0.36208 0.447039
-0.35624 0.447039
-0.3504 0.447039
-0.34456 0.447039
-0.33872 0.447039
-0.33288 0.447039
-0.32704 0.447039
-0.3212 0.447039
-0.31536 0.447039
-0.30952 0.447039
-0.30368 0.447039
-0.29784 0.447039
-0.292 0.447039
-0.28616 0.447039
-0.28032 0.447039
-0.27448 0.447039
-0.26864 0.447039
-0.2628 0.447039
-0.25696 0.447039
-0.25112 0.447039
-0.24528 0.447039
-0.23944 0.447039
-0.2336 0.447039
-0.22776 0.447039
-0.22192 0.447039
-0.21608 0.447039
-0.21024 0.447039
-0.2044 0.447039
-0.19856 0.447039
-0.19272 0.447039
-0.18688 0.447039
-0.18104 0.447039
-0.1752 0.447039
-0.16936 0.447039
-0.16352 0.447039
-0.15768 0.447039
-0.15184 0.447039
-0.146 0.447039
-0.14016 0.447039
-0.13432 0.447039
-0.12848 0.447039
-0.12264 0.447039
-0.1168 0.447039
-0.11096 0.447039
-0.10512 0.447039
-0.09928 0.447039
-0.09344 0.447039
-0.0876 0.447039
-0.08176 0.447039
-0.07592 0.447039
-0.07008 0.447039
-0.06424 0.447039
-0.0584 0.447039
-0.05256 0.447039
-0.04672 0.447039
-0.04088 0.447039
-0.03504 0.447039
-0.0292 0.447039
-0.02336 0.447039
-0.01752 0.447039
-0.01168 0.447039
-0.00584 0.447039
