-2.92 0.47399
-2.91416 0.47399
-2.90832 0.47399
-2.90248 0.47399
-2.89664 0.47399
-2.8908 0.47399
-2.88496 0.47399
-2.87912 0.47399
-2.87328 0.47399
-2.86744 0.47399
-2.8616 0.47399
-2.85576 0.47399
-2.84992 0.47399
-2.84408 0.47399
-2.83824 0.47399
-2.8324 0.47399
-2.82656 0.47399
-2.82072 0.47399
-2.81488 0.47399
-2.80904 0.47399
-2.8032 0.47399
-2.79736 0.47399
-2.79152 0.47399
-2.78568 0.47399
-2.77984 0.47399
-2.774 0.47399
-2.76816 0.47399
-2.76232 0.47399
-2.75648 0.47399
-2.75064 0.47399
-2.7448 0.47399
-2.73896 0.47399
-2.73312 0.47399
-2.72728 0.47399
-2.72144 0.47399
-2.7156 0.47399
-2.70976 0.47399
-2.70392 0.47399
-2.69808 0.47399
-2.69224 0.47399
-2.6864 0.47399
-2.68056 0.47399
-2.67472 0.47399
-2.66888 0.47399
-2.66304 0.47399
-2.6572 0.47399
-2.65136 0.47399
-2.64552 0.47399
-2.63968 0.47399
-2.63384 0.47399
-2.628 0.47399
-2.62216 0.47399
-2.61632 0.47399
-2.61048 0.47399
-2.60464 0.47399
-2.5988 0.47399
-2.59296 0.473418
-2.58712 0.472711
-2.58128 0.472005
-2.57544 0.471079
-2.5696 0.470021
-2.56376 0.468786
-2.55792 0.467418
-2.55208 0.466094
-2.54624 0.464638
-2.5404 0.463049
-2.53456 0.461374
-2.52872 0.459698
-2.52288 0.45789
-2.51704 0.456037
-2.5112 0.454184
-2.50536 0.4522
-2.49952 0.450748
-2.49368 0.449259
-2.48784 0.448559
-2.482 0.448115
-2.47616 0.446655
-2.47032 0.446022
-2.46448 0.444762
-2.45864 0.444455
-2.4528 0.444275
-2.44696 0.442593
-2.44112 0.442325
-2.43528 0.441053
-2.42944 0.441454
-2.4236 0.440474
-2.41776 0.440202
-2.41192 0.439976
-2.40608 0.438663
-2.40024 0.438217
-2.3944 0.43836
-2.38856 0.436756
-2.38272 0.437578
-2.37688 0.437518
-2.37104 0.433957
-2.3652 0.434099
-2.35936 0.432082
-2.35352 0.428927
-2.34768 0.428215
-2.34184 0.427773
-2.336 0.425588
-2.33016 0.423825
-2.32432 0.422633
-2.31848 0.420016
-2.31264 0.418715
-2.3068 0.415897
-2.30096 0.415086
-2.29512 0.41402
-2.28928 0.414132
-2.28344 0.409979
-2.2776 0.411849
-2.27176 0.407696
-2.26592 0.403958
-2.26008 0.404247
-2.25424 0.404915
-2.2484 0.397635
-2.24256 0.39793
-2.23672 0.398079
-2.23088 0.395375
-2.22504 0.390111
-2.2192 0.388444
-2.21336 0.38857
-2.20752 0.386662
-2.20168 0.382746
-2.19584 0.383369
-2.19 0.377166
-2.18416 0.379086
-2.17832 0.375252
-2.17248 0.373979
-2.16664 0.372539
-2.1608 0.370073
-2.15496 0.36708
-2.14912 0.36492
-2.14328 0.362183
-2.13744 0.362537
-2.1316 0.361952
-2.12576 0.358183
-2.11992 0.357402
-2.11408 0.352902
-2.10824 0.349307
-2.1024 0.349303
-2.09656 0.348655
-2.09072 0.34642
-2.08488 0.344004
-2.07904 0.343157
-2.0732 0.339309
-2.06736 0.33797
-2.06152 0.333201
-2.05568 0.334302
-2.04984 0.332736
-2.044 0.329145
-2.03816 0.325469
-2.03232 0.326862
-2.02648 0.325047
-2.02064 0.323911
-2.0148 0.321594
-2.00896 0.319135
-2.00312 0.31686
-1.99728 0.317159
-1.99144 0.31423
-1.9856 0.309874
-1.97976 0.309574
-1.97392 0.306959
-1.96808 0.303919
-1.96224 0.305411
-1.9564 0.30578
-1.95056 0.301215
-1.94472 0.300337
-1.93888 0.2983
-1.93304 0.292503
-1.9272 0.290645
-1.92136 0.290477
-1.91552 0.286722
-1.90968 0.280413
-1.90384 0.278971
-1.898 0.278174
-1.89216 0.274106
-1.88632 0.272548
-1.88048 0.270181
-1.87464 0.267776
-1.8688 0.263805
-1.86296 0.259368
-1.85712 0.255891
-1.85128 0.251856
-1.84544 0.251952
-1.8396 0.247801
-1.83376 0.245271
-1.82792 0.241442
-1.82208 0.238017
-1.81624 0.237406
-1.8104 0.231865
-1.80456 0.226451
-1.79872 0.227279
-1.79288 0.221725
-1.78704 0.218789
-1.7812 0.216486
-1.77536 0.214134
-1.76952 0.210986
-1.76368 0.209311
-1.75784 0.204008
-1.752 0.202719
-1.74616 0.198641
-1.74032 0.196734
-1.73448 0.191395
-1.72864 0.188922
-1.7228 0.187718
-1.71696 0.181859
-1.71112 0.179914
-1.70528 0.174678
-1.69944 0.172437
-1.6936 0.1683
-1.68776 0.164289
-1.68192 0.162196
-1.67608 0.157333
-1.67024 0.156635
-1.6644 0.153149
-1.65856 0.156082
-1.65272 0.149831
-1.64688 0.151345
-1.64104 0.151152
-1.6352 0.15118
-1.62936 0.151311
-1.62352 0.148445
-1.61768 0.148995
-1.61184 0.149383
-1.606 0.150817
-1.60016 0.147925
-1.59432 0.150928
-1.58848 0.154271
-1.58264 0.152429
-1.5768 0.151955
-1.57096 0.151606
-1.56512 0.1547
-1.55928 0.153362
-1.55344 0.15642
-1.5476 0.157861
-1.54176 0.160126
-1.53592 0.16096
-1.53008 0.160179
-1.52424 0.155783
-1.5184 0.158609
-1.51256 0.162198
-1.50672 0.161416
-1.50088 0.16136
-1.49504 0.165855
-1.4892 0.165906
-1.48336 0.166253
-1.47752 0.170797
-1.47168 0.166826
-1.46584 0.170289
-1.46 0.169724
-1.45416 0.17096
-1.44832 0.169871
-1.44248 0.174144
-1.43664 0.173014
-1.4308 0.175401
-1.42496 0.176379
-1.41912 0.179605
-1.41328 0.179415
-1.40744 0.180517
-1.4016 0.182605
-1.39576 0.181665
-1.38992 0.181194
-1.38408 0.184926
-1.37824 0.184752
-1.3724 0.185139
-1.36656 0.18755
-1.36072 0.184174
-1.35488 0.187846
-1.34904 0.189403
-1.3432 0.19152
-1.33736 0.192976
-1.33152 0.196712
-1.32568 0.198522
-1.31984 0.20051
-1.314 0.196994
-1.30816 0.200355
-1.30232 0.200185
-1.29648 0.203092
-1.29064 0.203116
-1.2848 0.207382
-1.27896 0.211293
-1.27312 0.215126
-1.26728 0.219174
-1.26144 0.219494
-1.2556 0.224062
-1.24976 0.227901
-1.24392 0.227098
-1.23808 0.234288
-1.23224 0.234705
-1.2264 0.237121
-1.22056 0.240178
-1.21472 0.240678
-1.20888 0.245777
-1.20304 0.245968
-1.1972 0.251163
-1.19136 0.25404
-1.18552 0.257246
-1.17968 0.26008
-1.17384 0.260581
-1.168 0.264378
-1.16216 0.263035
-1.15632 0.26782
-1.15048 0.272282
-1.14464 0.272842
-1.1388 0.27568
-1.13296 0.279793
-1.12712 0.281909
-1.12128 0.284666
-1.11544 0.288756
-1.1096 0.292296
-1.10376 0.295263
-1.09792 0.301426
-1.09208 0.300554
-1.08624 0.299816
-1.0804 0.299936
-1.07456 0.306398
-1.06872 0.307655
-1.06288 0.309575
-1.05704 0.31574
-1.0512 0.317475
-1.04536 0.318711
-1.03952 0.324651
-1.03368 0.323248
-1.02784 0.326023
-1.022 0.328287
-1.01616 0.331231
-1.01032 0.331921
-1.00448 0.336202
-0.99864 0.337888
-0.9928 0.339792
-0.98696 0.343667
-0.98112 0.345144
-0.97528 0.345994
-0.96944 0.34917
-0.9636 0.351129
-0.95776 0.352735
-0.95192 0.35451
-0.94608 0.355513
-0.94024 0.358018
-0.9344 0.360086
-0.92856 0.362632
-0.92272 0.362214
-0.91688 0.365854
-0.91104 0.36912
-0.9052 0.371314
-0.89936 0.374368
-0.89352 0.377085
-0.88768 0.38072
-0.88184 0.382963
-0.876 0.381384
-0.87016 0.385105
-0.86432 0.383869
-0.85848 0.387413
-0.85264 0.389959
-0.8468 0.392123
-0.84096 0.395408
-0.83512 0.399391
-0.82928 0.400644
-0.82344 0.401194
-0.8176 0.4036
-0.81176 0.405963
-0.80592 0.407479
-0.80008 0.4101
-0.79424 0.410723
-0.7884 0.411782
-0.78256 0.414098
-0.77672 0.416797
-0.77088 0.419225
-0.76504 0.419269
-0.7592 0.421991
-0.75336 0.424477
-0.74752 0.421422
-0.74168 0.423935
-0.73584 0.422563
-0.73 0.424493
-0.72416 0.421946
-0.71832 0.424927
-0.71248 0.422627
-0.70664 0.424006
-0.7008 0.423343
-0.69496 0.425088
-0.68912 0.424769
-0.68328 0.42559
-0.67744 0.426281
-0.6716 0.428657
-0.66576 0.428904
-0.65992 0.430344
-0.65408 0.429779
-0.64824 0.428985
-0.6424 0.429484
-0.63656 0.429644
-0.63072 0.430265
-0.62488 0.431481
-0.61904 0.433825
-0.6132 0.434396
-0.60736 0.434709
-0.60152 0.434514
-0.59568 0.434514
-0.58984 0.434514
-0.584 0.434514
-0.57816 0.434514
-0.57232 0.434514
-0.56648 0.434514
-0.56064 0.434514
-0.5548 0.434514
-0.54896 0.434514
-0.54312 0.434514
-0.53728 0.434514
-0.53144 0.434514
-0.5256 0.434514
-0.51976 0.434514
-0.51392 0.434514
-0.50808 0.434514
-0.50224 0.434514
-0.4964 0.434514
-0.49056 0.434514
-0.48472 0.434514
-0.47888 0.434514
-0.47304 0.434514
-0.4672 0.434514
-0.46136 0.434514
-0.45552 0.434514
-0.44968 0.434514
-0.44384 0.434514
-0.438 0.434514
-0.43216 0.434514
-0.42632 0.434514
-0.42048 0.434514
-0.41464 0.434514
-0.4088 0.434514
-0.40296 0.434514
-0.39712 0.434514
-0.39128 0.434514
-0.38544 0.434514
-0.3796 0.434514
-0.37376 0.434514
-0.36792 0.434514
-0.36208 0.434514
-0.35624 0.434514
-0.3504 0.434514
-0.34456 0.434514
-0.33872 0.434514
-0.33288 0.434514
-0.32704 0.434514
-0.3212 0.434514
-0.31536 0.434514
-0.30952 0.434514
-0.30368 0.434514
-0.29784 0.434514
-0.292 0.434514
-0.28616 0.434514
-0.28032 0.434514
-0.27448 0.434514
-0.26864 0.434514
-0.2628 0.434514
-0.25696 0.434514
-0.25112 0.434514
-0.24528 0.434514
-0.23944 0.434514
-0.2336 0.434514
-0.22776 0.434514
-0.22192 0.434514
-0.21608 0.434514
-0.21024 0.434514
-0.2044 0.434514
-0.19856 0.434514
-0.19272 0.434514
-0.18688 0.434514
-0.18104 0.434514
-0.1752 0.434514
-0.16936 0.434514
-0.16352 0.434514
-0.15768 0.434514
-0.15184 0.434514
-0.146 0.434514
-0.14016 0.434514
-0.13432 0.434514
-0.12848 0.434514
-0.12264 0.434514
-0.1168 0.434514
-0.11096 0.434514
-0.10512 0.434514
-0.09928 0.434514
-0.09344 0.434514
-0.0876 0.434514
-0.08176 0.434514
-0.07592 0.434514
-0.07008 0.434514
-0.06424 0.434514
-0.0584 0.434514
-0.05256 0.434514
-0.04672 0.434514
-0.04088 0.434514
-0.03504 0.434514
-0.0292 0.434514
-0.02336 0.434514
-0.01752 0.434514
-0.01168 0.434514
-0.00584 0.434514
