-2.92 0.486212
-2.91416 0.486212
-2.90832 0.486212
-2.90248 0.486212
-2.89664 0.486212
-2.8908 0.486212
-2.88496 0.486212
-2.87912 0.486212
-2.87328 0.486212
-2.86744 0.486212
-2.8616 0.486212
-2.85576 0.486212
-2.84992 0.486212
-2.84408 0.486212
-2.83824 0.486212
-2.8324 0.486212
-2.82656 0.486212
-2.82072 0.486212
-2.81488 0.486212
-2.80904 0.486212
-2.8032 0.486212
-2.79736 0.486212
-2.79152 0.486212
-2.78568 0.486212
-2.77984 0.486212
-2.774 0.486212
-2.76816 0.486212
-2.76232 0.486212
-2.75648 0.486212
-2.75064 0.486212
-2.7448 0.486212
-2.73896 0.486212
-2.73312 0.486212
-2.72728 0.486212
-2.72144 0.486212
-2.7156 0.486212
-2.70976 0.486212
-2.70392 0.486212
-2.69808 0.486212
-2.69224 0.486212
-2.6864 0.486212
-2.68056 0.486212
-2.67472 0.486212
-2.66888 0.486212
-2.66304 0.486212
-2.6572 0.486212
-2.65136 0.486212
-2.64552 0.486212
-2.63968 0.486212
-2.63384 0.486212
-2.628 0.486212
-2.62216 0.486212
-2.61632 0.486212
-2.61048 0.486212
-2.60464 0.486212
-2.5988 0.486212
-2.59296 0.485771
-2.58712 0.485021
-2.58128 0.484182
-2.57544 0.483254
-2.5696 0.482193
-2.56376 0.480999
-2.55792 0.479717
-2.55208 0.478346
-2.54624 0.476976
-2.5404 0.475564
-2.53456 0.474018
-2.52872 0.472382
-2.52288 0.470703
-2.51704 0.468938
-2.5112 0.467045
-2.50536 0.465194
-2.49952 0.463666
-2.49368 0.461885
-2.48784 0.460849
-2.482 0.459897
-2.47616 0.457776
-2.47032 0.457216
-2.46448 0.455423
-2.45864 0.454737
-2.4528 0.452148
-2.44696 0.451829
-2.44112 0.450971
-2.43528 0.449328
-2.42944 0.448142
-2.4236 0.447198
-2.41776 0.446422
-2.41192 0.444282
-2.40608 0.444786
-2.40024 0.442935
-2.3944 0.441987
-2.38856 0.44134
-2.38272 0.437903
-2.37688 0.435765
-2.37104 0.434691
-2.3652 0.433083
-2.35936 0.430799
-2.35352 0.42812
-2.34768 0.426499
-2.34184 0.425008
-2.336 0.42115
-2.33016 0.419743
-2.32432 0.416671
-2.31848 0.413004
-2.31264 0.411259
-2.3068 0.408756
-2.30096 0.405248
-2.29512 0.401831
-2.28928 0.398209
-2.28344 0.395155
-2.2776 0.391856
-2.27176 0.389345
-2.26592 0.386138
-2.26008 0.382144
-2.25424 0.37833
-2.2484 0.373782
-2.24256 0.370775
-2.23672 0.367631
-2.23088 0.366397
-2.22504 0.359381
-2.2192 0.35744
-2.21336 0.354874
-2.20752 0.349854
-2.20168 0.345326
-2.19584 0.343393
-2.19 0.339785
-2.18416 0.334511
-2.17832 0.330242
-2.17248 0.326342
-2.16664 0.322938
-2.1608 0.318246
-2.15496 0.314637
-2.14912 0.309817
-2.14328 0.307751
-2.13744 0.30306
-2.1316 0.298943
-2.12576 0.293411
-2.11992 0.290146
-2.11408 0.284188
-2.10824 0.281379
-2.1024 0.277012
-2.09656 0.27366
-2.09072 0.268707
-2.08488 0.263672
-2.07904 0.259216
-2.0732 0.25528
-2.06736 0.25204
-2.06152 0.24734
-2.05568 0.244142
-2.04984 0.24079
-2.044 0.236801
-2.03816 0.233486
-2.03232 0.229586
-2.02648 0.224799
-2.02064 0.220863
-2.0148 0.217779
-2.00896 0.213169
-2.00312 0.211436
-1.99728 0.208707
-1.99144 0.206334
-1.9856 0.204575
-1.97976 0.203118
-1.97392 0.201108
-1.96808 0.199968
-1.96224 0.198239
-1.9564 0.1973
-1.95056 0.195868
-1.94472 0.196401
-1.93888 0.193777
-1.93304 0.193754
-1.9272 0.19264
-1.92136 0.191866
-1.91552 0.190367
-1.90968 0.188886
-1.90384 0.189224
-1.898 0.190409
-1.89216 0.190005
-1.88632 0.186704
-1.88048 0.187734
-1.87464 0.187084
-1.8688 0.186635
-1.86296 0.188412
-1.85712 0.186526
-1.85128 0.186712
-1.84544 0.187817
-1.8396 0.18898
-1.83376 0.18721
-1.82792 0.187488
-1.82208 0.189133
-1.81624 0.188447
-1.8104 0.188632
-1.80456 0.187724
-1.79872 0.190011
-1.79288 0.19009
-1.78704 0.190852
-1.7812 0.191745
-1.77536 0.190888
-1.76952 0.195895
-1.76368 0.194734
-1.75784 0.195472
-1.752 0.197116
-1.74616 0.194784
-1.74032 0.197849
-1.73448 0.197186
-1.72864 0.200732
-1.7228 0.201919
-1.71696 0.202354
-1.71112 0.204974
-1.70528 0.204384
-1.69944 0.206917
-1.6936 0.20805
-1.68776 0.208895
-1.68192 0.210308
-1.67608 0.209387
-1.67024 0.208304
-1.6644 0.208734
-1.65856 0.209489
-1.65272 0.211944
-1.64688 0.209843
-1.64104 0.213095
-1.6352 0.211735
-1.62936 0.21432
-1.62352 0.213391
-1.61768 0.213313
-1.61184 0.214863
-1.606 0.219196
-1.60016 0.221936
-1.59432 0.223527
-1.58848 0.225246
-1.58264 0.226701
-1.5768 0.226269
-1.57096 0.230094
-1.56512 0.233164
-1.55928 0.230552
-1.55344 0.235327
-1.5476 0.240216
-1.54176 0.244736
-1.53592 0.246406
-1.53008 0.245835
-1.52424 0.250775
-1.5184 0.252865
-1.51256 0.253434
-1.50672 0.257453
-1.50088 0.26285
-1.49504 0.260626
-1.4892 0.265389
-1.48336 0.26786
-1.47752 0.267893
-1.47168 0.275479
-1.46584 0.27224
-1.46 0.27794
-1.45416 0.278545
-1.44832 0.28226
-1.44248 0.281944
-1.43664 0.285007
-1.4308 0.286085
-1.42496 0.294927
-1.41912 0.29419
-1.41328 0.289552
-1.40744 0.297589
-1.4016 0.30576
-1.39576 0.303585
-1.38992 0.30747
-1.38408 0.308081
-1.37824 0.312261
-1.3724 0.312938
-1.36656 0.313942
-1.36072 0.317518
-1.35488 0.315251
-1.34904 0.317435
-1.3432 0.323441
-1.33736 0.327022
-1.33152 0.333776
-1.32568 0.334266
-1.31984 0.338342
-1.314 0.342897
-1.30816 0.336504
-1.30232 0.345431
-1.29648 0.34655
-1.29064 0.354133
-1.2848 0.352349
-1.27896 0.355956
-1.27312 0.359784
-1.26728 0.359219
-1.26144 0.360922
-1.2556 0.366988
-1.24976 0.367142
-1.24392 0.370089
-1.23808 0.372366
-1.23224 0.373564
-1.2264 0.376705
-1.22056 0.37817
-1.21472 0.38123
-1.20888 0.382768
-1.20304 0.387655
-1.1972 0.394038
-1.19136 0.390112
-1.18552 0.394923
-1.17968 0.396994
-1.17384 0.396448
-1.168 0.403336
-1.16216 0.40529
-1.15632 0.405086
-1.15048 0.406833
-1.14464 0.406517
-1.1388 0.406707
-1.13296 0.40876
-1.12712 0.411877
-1.12128 0.411616
-1.11544 0.414011
-1.1096 0.41948
-1.10376 0.422519
-1.09792 0.422434
-1.09208 0.419772
-1.08624 0.42126
-1.0804 0.426195
-1.07456 0.423218
-1.06872 0.427722
-1.06288 0.433123
-1.05704 0.427751
-1.0512 0.430077
-1.04536 0.429338
-1.03952 0.426372
-1.03368 0.429332
-1.02784 0.425679
-1.022 0.425597
-1.01616 0.424351
-1.01032 0.425233
-1.00448 0.422498
-0.99864 0.421111
-0.9928 0.420937
-0.98696 0.423845
-0.98112 0.420773
-0.97528 0.415148
-0.96944 0.418972
-0.9636 0.421347
-0.95776 0.419939
-0.95192 0.419556
-0.94608 0.417878
-0.94024 0.419391
-0.9344 0.41482
-0.92856 0.413515
-0.92272 0.412155
-0.91688 0.408879
-0.91104 0.408151
-0.9052 0.408662
-0.89936 0.410727
-0.89352 0.41159
-0.88768 0.408992
-0.88184 0.410485
-0.876 0.409734
-0.87016 0.40505
-0.86432 0.408029
-0.85848 0.407663
-0.85264 0.408361
-0.8468 0.404474
-0.84096 0.406181
-0.83512 0.406409
-0.82928 0.401737
-0.82344 0.400614
-0.8176 0.401684
-0.81176 0.398641
-0.80592 0.400103
-0.80008 0.397539
-0.79424 0.397914
-0.7884 0.397205
-0.78256 0.397913
-0.77672 0.397455
-0.77088 0.396387
-0.76504 0.397688
-0.7592 0.397413
-0.75336 0.395673
-0.74752 0.396355
-0.74168 0.395718
-0.73584 0.39621
-0.73 0.397614
-0.72416 0.397924
-0.71832 0.398105
-0.71248 0.397589
-0.70664 0.398002
-0.7008 0.398419
-0.69496 0.399015
-0.68912 0.39903
-0.68328 0.400358
-0.67744 0.403865
-0.6716 0.405124
-0.66576 0.406263
-0.65992 0.406717
-0.65408 0.407173
-0.64824 0.40768
-0.6424 0.409859
-0.63656 0.410357
-0.63072 0.410468
-0.62488 0.410661
-0.61904 0.410132
-0.6132 0.409355
-0.60736 0.408446
-0.60152 0.408707
-0.59568 0.408707
-0.58984 0.408707
-0.584 0.408707
-0.57816 0.408707
-0.57232 0.408707
-0.56648 0.408707
-0.56064 0.408707
-0.5548 0.408707
-0.54896 0.408707
-0.54312 0.408707
-0.53728 0.408707
-0.53144 0.408707
-0.5256 0.408707
-0.51976 0.408707
-0.51392 0.408707
-0.50808 0.408707
-0.50224 0.408707
-0.4964 0.408707
-0.49056 0.408707
-0.48472 0.408707
-0.47888 0.408707
-0.47304 0.408707
-0.4672 0.408707
-0.46136 0.408707
-0.45552 0.408707
-0.44968 0.408707
-0.44384 0.408707
-0.438 0.408707
-0.43216 0.408707
-0.42632 0.408707
-0.42048 0.408707
-0.41464 0.408707
-0.4088 0.408707
-0.40296 0.408707
-0.39712 0.408707
-0.39128 0.408707
-0.38544 0.408707
-0.3796 0.408707
-0.37376 0.408707
-0.36792 0.408707
-0.36208 0.408707
-0.35624 0.408707
-0.3504 0.408707
-0.34456 0.408707
-0.33872 0.408707
-0.33288 0.408707
-0.32704 0.408707
-0.3212 0.408707
-0.31536 0.408707
-0.30952 0.408707
-0.30368 0.408707
-0.29784 0.408707
-0.292 0.408707
-0.28616 0.408707
-0.28032 0.408707
-0.27448 0.408707
-0.26864 0.408707
-0.2628 0.408707
-0.25696 0.408707
-0.25112 0.408707
-0.24528 0.408707
-0.23944 0.408707
-0.2336 0.408707
-0.22776 0.408707
-0.22192 0.408707
-0.21608 0.408707
-0.21024 0.408707
-0.2044 0.408707
-0.19856 0.408707
-0.19272 0.408707
-0.18688 0.408707
-0.18104 0.408707
-0.1752 0.408707
-0.16936 0.408707
-0.16352 0.408707
-0.15768 0.408707
-0.15184 0.408707
-0.146 0.408707
-0.14016 0.408707
-0.13432 0.408707
-0.12848 0.408707
-0.12264 0.408707
-0.1168 0.408707
-0.11096 0.408707
-0.10512 0.408707
-0.09928 0.408707
-0.09344 0.408707
-0.0876 0.408707
-0.08176 0.408707
-0.07592 0.408707
-0.07008 0.408707
-0.06424 0.408707
-0.0584 0.408707
-0.05256 0.408707
-0.04672 0.408707
-0.04088 0.408707
-0.03504 0.408707
-0.0292 0.408707
-0.02336 0.408707
-0.01752 0.408707
-0.01168 0.408707
-0.00584 0.408707
