-2.92 0.41047
-2.91416 0.41047
-2.90832 0.41047
-2.90248 0.41047
-2.89664 0.41047
-2.8908 0.41047
-2.88496 0.41047
-2.87912 0.41047
-2.87328 0.41047
-2.86744 0.41047
-2.8616 0.41047
-2.85576 0.41047
-2.84992 0.41047
-2.84408 0.41047
-2.83824 0.41047
-2.8324 0.41047
-2.82656 0.41047
-2.82072 0.41047
-2.81488 0.41047
-2.80904 0.41047
-2.8032 0.41047
-2.79736 0.41047
-2.79152 0.41047
-2.78568 0.41047
-2.77984 0.41047
-2.774 0.41047
-2.76816 0.41047
-2.76232 0.41047
-2.75648 0.41047
-2.75064 0.41047
-2.7448 0.41047
-2.73896 0.41047
-2.73312 0.41047
-2.72728 0.41047
-2.72144 0.41047
-2.7156 0.41047
-2.70976 0.41047
-2.70392 0.41047
-2.69808 0.41047
-2.69224 0.41047
-2.6864 0.41047
-2.68056 0.41047
-2.67472 0.41047
-2.66888 0.41047
-2.66304 0.41047
-2.6572 0.41047
-2.65136 0.41047
-2.64552 0.41047
-2.63968 0.41047
-2.63384 0.41047
-2.628 0.41047
-2.62216 0.41047
-2.61632 0.41047
-2.61048 0.41047
-2.60464 0.41047
-2.5988 0.41047
-2.59296 0.410207
-2.58712 0.409767
-2.58128 0.409282
-2.57544 0.408663
-2.5696 0.407869
-2.56376 0.407077
-2.55792 0.406195
-2.55208 0.405181
-2.54624 0.40421
-2.5404 0.403062
-2.53456 0.401871
-2.52872 0.400504
-2.52288 0.399182
-2.51704 0.397727
-2.5112 0.396272
-2.50536 0.394729
-2.49952 0.393645
-2.49368 0.392347
-2.48784 0.391758
-2.482 0.391048
-2.47616 0.390203
-2.47032 0.389524
-2.46448 0.388461
-2.45864 0.38798
-2.4528 0.387039
-2.44696 0.385725
-2.44112 0.385408
-2.43528 0.384591
-2.42944 0.384739
-2.4236 0.384172
-2.41776 0.383142
-2.41192 0.384074
-2.40608 0.381707
-2.40024 0.381509
-2.3944 0.381883
-2.38856 0.38219
-2.38272 0.380533
-2.37688 0.377616
-2.37104 0.376504
-2.3652 0.374341
-2.35936 0.374517
-2.35352 0.373096
-2.34768 0.370346
-2.34184 0.36948
-2.336 0.367691
-2.33016 0.366271
-2.32432 0.364984
-2.31848 0.362603
-2.31264 0.361265
-2.3068 0.359257
-2.30096 0.357157
-2.29512 0.356447
-2.28928 0.352457
-2.28344 0.351044
-2.2776 0.34973
-2.27176 0.347553
-2.26592 0.342589
-2.26008 0.341121
-2.25424 0.34002
-2.2484 0.337286
-2.24256 0.333586
-2.23672 0.329926
-2.23088 0.327732
-2.22504 0.323228
-2.2192 0.322505
-2.21336 0.317083
-2.20752 0.315895
-2.20168 0.314369
-2.19584 0.311205
-2.19 0.307581
-2.18416 0.303787
-2.17832 0.299028
-2.17248 0.296949
-2.16664 0.29306
-2.1608 0.292293
-2.15496 0.287238
-2.14912 0.286005
-2.14328 0.280735
-2.13744 0.276763
-2.1316 0.275947
-2.12576 0.270459
-2.11992 0.269435
-2.11408 0.264665
-2.10824 0.260028
-2.1024 0.258451
-2.09656 0.252633
-2.09072 0.250936
-2.08488 0.247088
-2.07904 0.242268
-2.0732 0.240154
-2.06736 0.235052
-2.06152 0.231168
-2.05568 0.227026
-2.04984 0.22393
-2.044 0.220857
-2.03816 0.216003
-2.03232 0.212494
-2.02648 0.208435
-2.02064 0.205547
-2.0148 0.201918
-2.00896 0.198153
-2.00312 0.195574
-1.99728 0.191563
-1.99144 0.189114
-1.9856 0.185464
-1.97976 0.18424
-1.97392 0.181379
-1.96808 0.178083
-1.96224 0.179154
-1.9564 0.178149
-1.95056 0.175111
-1.94472 0.174756
-1.93888 0.175317
-1.93304 0.175423
-1.9272 0.174535
-1.92136 0.172745
-1.91552 0.173334
-1.90968 0.17146
-1.90384 0.171909
-1.898 0.170947
-1.89216 0.169848
-1.88632 0.170756
-1.88048 0.174383
-1.87464 0.169804
-1.8688 0.171943
-1.86296 0.171422
-1.85712 0.172128
-1.85128 0.171121
-1.84544 0.166414
-1.8396 0.17387
-1.83376 0.171607
-1.82792 0.172212
-1.82208 0.173178
-1.81624 0.17459
-1.8104 0.174205
-1.80456 0.174284
-1.79872 0.175215
-1.79288 0.174801
-1.78704 0.175433
-1.7812 0.17636
-1.77536 0.178399
-1.76952 0.175353
-1.76368 0.181275
-1.75784 0.181828
-1.752 0.183594
-1.74616 0.182333
-1.74032 0.182323
-1.73448 0.186446
-1.72864 0.185995
-1.7228 0.19187
-1.71696 0.190154
-1.71112 0.18973
-1.70528 0.195091
-1.69944 0.195695
-1.6936 0.196085
-1.68776 0.198184
-1.68192 0.200939
-1.67608 0.19984
-1.67024 0.202324
-1.6644 0.20134
-1.65856 0.197946
-1.65272 0.203951
-1.64688 0.202154
-1.64104 0.20226
-1.6352 0.201163
-1.62936 0.204782
-1.62352 0.206204
-1.61768 0.207052
-1.61184 0.20662
-1.606 0.209114
-1.60016 0.21208
-1.59432 0.212552
-1.58848 0.213537
-1.58264 0.219425
-1.5768 0.223324
-1.57096 0.218786
-1.56512 0.22683
-1.55928 0.228749
-1.55344 0.228542
-1.5476 0.230141
-1.54176 0.234059
-1.53592 0.239535
-1.53008 0.239275
-1.52424 0.244484
-1.5184 0.249978
-1.51256 0.250924
-1.50672 0.250676
-1.50088 0.256579
-1.49504 0.259619
-1.4892 0.262093
-1.48336 0.265875
-1.47752 0.267416
-1.47168 0.269671
-1.46584 0.271795
-1.46 0.27564
-1.45416 0.273234
-1.44832 0.277041
-1.44248 0.283261
-1.43664 0.284168
-1.4308 0.287468
-1.42496 0.288859
-1.41912 0.291363
-1.41328 0.297739
-1.40744 0.297341
-1.4016 0.300721
-1.39576 0.300246
-1.38992 0.307025
-1.38408 0.311022
-1.37824 0.310423
-1.3724 0.313031
-1.36656 0.320747
-1.36072 0.325433
-1.35488 0.323634
-1.34904 0.32683
-1.3432 0.331855
-1.33736 0.333728
-1.33152 0.333789
-1.32568 0.340443
-1.31984 0.345668
-1.314 0.345978
-1.30816 0.347257
-1.30232 0.351553
-1.29648 0.357022
-1.29064 0.358554
-1.2848 0.362962
-1.27896 0.362651
-1.27312 0.363819
-1.26728 0.367721
-1.26144 0.370097
-1.2556 0.370754
-1.24976 0.375606
-1.24392 0.377695
-1.23808 0.376898
-1.23224 0.377574
-1.2264 0.3828
-1.22056 0.379883
-1.21472 0.387417
-1.20888 0.385856
-1.20304 0.386662
-1.1972 0.387706
-1.19136 0.395653
-1.18552 0.395933
-1.17968 0.398417
-1.17384 0.400579
-1.168 0.403464
-1.16216 0.406636
-1.15632 0.406335
-1.15048 0.411331
-1.14464 0.416211
-1.1388 0.42128
-1.13296 0.41649
-1.12712 0.422512
-1.12128 0.425441
-1.11544 0.425913
-1.1096 0.425416
-1.10376 0.427063
-1.09792 0.429775
-1.09208 0.429861
-1.08624 0.43632
-1.0804 0.439347
-1.07456 0.437553
-1.06872 0.436049
-1.06288 0.44129
-1.05704 0.441172
-1.0512 0.442038
-1.04536 0.443771
-1.03952 0.442517
-1.03368 0.440903
-1.02784 0.442123
-1.022 0.441957
-1.01616 0.438064
-1.01032 0.436973
-1.00448 0.437698
-0.99864 0.437361
-0.9928 0.437561
-0.98696 0.437476
-0.98112 0.4354
-0.97528 0.438698
-0.96944 0.435096
-0.9636 0.434363
-0.95776 0.430563
-0.95192 0.431046
-0.94608 0.431472
-0.94024 0.427603
-0.9344 0.429467
-0.92856 0.433941
-0.92272 0.432416
-0.91688 0.429739
-0.91104 0.429795
-0.9052 0.43031
-0.89936 0.430649
-0.89352 0.429969
-0.88768 0.431051
-0.88184 0.430498
-0.876 0.428777
-0.87016 0.427386
-0.86432 0.429943
-0.85848 0.428538
-0.85264 0.429424
-0.8468 0.429672
-0.84096 0.427404
-0.83512 0.424709
-0.82928 0.424603
-0.82344 0.425875
-0.8176 0.424184
-0.81176 0.423076
-0.80592 0.423329
-0.80008 0.422246
-0.79424 0.421043
-0.7884 0.421322
-0.78256 0.420544
-0.77672 0.419459
-0.77088 0.420539
-0.76504 0.419455
-0.7592 0.419309
-0.75336 0.419545
-0.74752 0.419404
-0.74168 0.420091
-0.73584 0.420102
-0.73 0.42077
-0.72416 0.421399
-0.71832 0.420873
-0.71248 0.422019
-0.70664 0.424152
-0.7008 0.424797
-0.69496 0.426071
-0.68912 0.428118
-0.68328 0.429438
-0.67744 0.430455
-0.6716 0.432403
-0.66576 0.433547
-0.65992 0.435236
-0.65408 0.434434
-0.64824 0.43591
-0.6424 0.438808
-0.63656 0.43935
-0.63072 0.439589
-0.62488 0.439947
-0.61904 0.438661
-0.6132 0.438466
-0.60736 0.43835
-0.60152 0.438779
-0.59568 0.438779
-0.58984 0.438779
-0.584 0.438779
-0.57816 0.438779
-0.57232 0.438779
-0.56648 0.438779
-0.56064 0.438779
-0.5548 0.438779
-0.54896 0.438779
-0.54312 0.438779
-0.53728 0.438779
-0.53144 0.438779
-0.5256 0.438779
-0.51976 0.438779
-0.51392 0.438779
-0.50808 0.438779
-0.50224 0.438779
-0.4964 0.438779
-0.49056 0.438779
-0.48472 0.438779
-0.47888 0.438779
-0.47304 0.438779
-0.4672 0.438779
-0.46136 0.438779
-0.45552 0.438779
-0.44968 0.438779
-0.44384 0.438779
-0.438 0.438779
-0.43216 0.438779
-0.42632 0.438779
-0.42048 0.438779
-0.41464 0.438779
-0.4088 0.438779
-0.40296 0.438779
-0.39712 0.438779
-0.39128 0.438779
-0.38544 0.438779
-0.3796 0.438779
-0.37376 0.438779
-0.36792 0.438779
-0.36208 0.438779
-0.35624 0.438779
-0.3504 0.438779
-0.34456 0.438779
-0.33872 0.438779
-0.33288 0.438779
-0.32704 0.438779
-0.3212 0.438779
-0.31536 0.438779
-0.30952 0.438779
-0.30368 0.438779
-0.29784 0.438779
-0.292 0.438779
-0.28616 0.438779
-0.28032 0.438779
-0.27448 0.438779
-0.26864 0.438779
-0.2628 0.438779
-0.25696 0.438779
-0.25112 0.438779
-0.24528 0.438779
-0.23944 0.438779
-0.2336 0.438779
-0.22776 0.438779
-0.22192 0.438779
-0.21608 0.438779
-0.21024 0.438779
-0.2044 0.438779
-0.19856 0.438779
-0.19272 0.438779
-0.18688 0.438779
-0.18104 0.438779
-0.1752 0.438779
-0.16936 0.438779
-0.16352 0.438779
-0.15768 0.438779
-0.15184 0.438779
-0.146 0.438779
-0.14016 0.438779
-0.13432 0.438779
-0.12848 0.438779
-0.12264 0.438779
-0.1168 0.438779
-0.11096 0.438779
-0.10512 0.438779
-0.09928 0.438779
-0.09344 0.438779
-0.0876 0.438779
-0.08176 0.438779
-0.07592 0.438779
-0.07008 0.438779
-0.06424 0.438779
-0.0584 0.438779
-0.05256 0.438779
-0.04672 0.438779
-0.04088 0.438779
-0.03504 0.438779
-0.0292 0.438779
-0.02336 0.438779
-0.01752 0.438779
-0.01168 0.438779
-0.00584 0.438779
