-2.92 0.478182
-2.91416 0.478182
-2.90832 0.478182
-2.90248 0.478182
-2.89664 0.478182
-2.8908 0.478182
-2.88496 0.478182
-2.87912 0.478182
-2.87328 0.478182
-2.86744 0.478182
-2.8616 0.478182
-2.85576 0.478182
-2.84992 0.478182
-2.84408 0.478182
-2.83824 0.478182
-2.8324 0.478182
-2.82656 0.478182
-2.82072 0.478182
-2.81488 0.478182
-2.80904 0.478182
-2.8032 0.478182
-2.79736 0.478182
-2.79152 0.478182
-2.78568 0.478182
-2.77984 0.478182
-2.774 0.478182
-2.76816 0.478182
-2.76232 0.478182
-2.75648 0.478182
-2.75064 0.478182
-2.7448 0.478182
-2.73896 0.478182
-2.73312 0.478182
-2.72728 0.478182
-2.72144 0.478182
-2.7156 0.478182
-2.70976 0.478182
-2.70392 0.478182
-2.69808 0.478182
-2.69224 0.478182
-2.6864 0.478182
-2.68056 0.478182
-2.67472 0.478182
-2.66888 0.478182
-2.66304 0.478182
-2.6572 0.478182
-2.65136 0.478182
-2.64552 0.478182
-2.63968 0.478182
-2.63384 0.478182
-2.628 0.478182
-2.62216 0.478182
-2.61632 0.478182
-2.61048 0.478182
-2.60464 0.478182
-2.5988 0.478182
-2.59296 0.477786
-2.58712 0.477082
-2.58128 0.476289
-2.57544 0.475319
-2.5696 0.474216
-2.56376 0.473113
-2.55792 0.471923
-2.55208 0.470688
-2.54624 0.469411
-2.5404 0.467912
-2.53456 0.466327
-2.52872 0.464741
-2.52288 0.463068
-2.51704 0.46135
-2.5112 0.459587
-2.50536 0.457736
-2.49952 0.456209
-2.49368 0.455181
-2.48784 0.454108
-2.482 0.45288
-2.47616 0.451304
-2.47032 0.450767
-2.46448 0.449896
-2.45864 0.448065
-2.4528 0.446566
-2.44696 0.445401
-2.44112 0.443148
-2.43528 0.442136
-2.42944 0.44117
-2.4236 0.43858
-2.41776 0.436438
-2.41192 0.435467
-2.40608 0.433404
-2.40024 0.43159
-2.3944 0.428406
-2.38856 0.427343
-2.38272 0.423616
-2.37688 0.421305
-2.37104 0.418068
-2.3652 0.414127
-2.35936 0.411341
-2.35352 0.407555
-2.34768 0.404359
-2.34184 0.401199
-2.336 0.397828
-2.33016 0.39334
-2.32432 0.389881
-2.31848 0.387047
-2.31264 0.383627
-2.3068 0.379002
-2.30096 0.376287
-2.29512 0.372957
-2.28928 0.370289
-2.28344 0.366486
-2.2776 0.361883
-2.27176 0.358835
-2.26592 0.355541
-2.26008 0.353666
-2.25424 0.349558
-2.2484 0.345874
-2.24256 0.34319
-2.23672 0.339757
-2.23088 0.335485
-2.22504 0.332844
-2.2192 0.329236
-2.21336 0.325885
-2.20752 0.322406
-2.20168 0.319802
-2.19584 0.316446
-2.19 0.313426
-2.18416 0.30973
-2.17832 0.305987
-2.17248 0.301912
-2.16664 0.299511
-2.1608 0.29636
-2.15496 0.292491
-2.14912 0.289213
-2.14328 0.285976
-2.13744 0.282736
-2.1316 0.278699
-2.12576 0.275414
-2.11992 0.271372
-2.11408 0.268526
-2.10824 0.265117
-2.1024 0.26087
-2.09656 0.258638
-2.09072 0.254594
-2.08488 0.252232
-2.07904 0.247382
-2.0732 0.243852
-2.06736 0.241326
-2.06152 0.235719
-2.05568 0.234463
-2.04984 0.230921
-2.044 0.226425
-2.03816 0.222974
-2.03232 0.219425
-2.02648 0.216564
-2.02064 0.211804
-2.0148 0.208186
-2.00896 0.205777
-2.00312 0.202206
-1.99728 0.198119
-1.99144 0.196695
-1.9856 0.193252
-1.97976 0.190097
-1.97392 0.188167
-1.96808 0.186375
-1.96224 0.184427
-1.9564 0.184074
-1.95056 0.182612
-1.94472 0.18222
-1.93888 0.181497
-1.93304 0.178448
-1.9272 0.177971
-1.92136 0.17827
-1.91552 0.176711
-1.90968 0.177403
-1.90384 0.174732
-1.898 0.175335
-1.89216 0.176634
-1.88632 0.173122
-1.88048 0.174647
-1.87464 0.171519
-1.8688 0.175362
-1.86296 0.174347
-1.85712 0.174554
-1.85128 0.175553
-1.84544 0.17465
-1.8396 0.174301
-1.83376 0.174355
-1.82792 0.177195
-1.82208 0.176925
-1.81624 0.176164
-1.8104 0.175833
-1.80456 0.177803
-1.79872 0.177593
-1.79288 0.179572
-1.78704 0.175895
-1.7812 0.180171
-1.77536 0.179099
-1.76952 0.178908
-1.76368 0.183326
-1.75784 0.18094
-1.752 0.181928
-1.74616 0.185651
-1.74032 0.184782
-1.73448 0.189134
-1.72864 0.189828
-1.7228 0.186404
-1.71696 0.193578
-1.71112 0.191753
-1.70528 0.194602
-1.69944 0.196558
-1.6936 0.19845
-1.68776 0.19802
-1.68192 0.200987
-1.67608 0.204083
-1.67024 0.204839
-1.6644 0.201542
-1.65856 0.203277
-1.65272 0.205619
-1.64688 0.204186
-1.64104 0.203174
-1.6352 0.206637
-1.62936 0.208504
-1.62352 0.207765
-1.61768 0.208094
-1.61184 0.20682
-1.606 0.209748
-1.60016 0.213477
-1.59432 0.211834
-1.58848 0.21854
-1.58264 0.219264
-1.5768 0.222617
-1.57096 0.224926
-1.56512 0.228512
-1.55928 0.228701
-1.55344 0.228175
-1.5476 0.231074
-1.54176 0.233189
-1.53592 0.237055
-1.53008 0.239751
-1.52424 0.242592
-1.5184 0.247682
-1.51256 0.246751
-1.50672 0.252185
-1.50088 0.256602
-1.49504 0.25296
-1.4892 0.260497
-1.48336 0.26389
-1.47752 0.265111
-1.47168 0.265942
-1.46584 0.266654
-1.46 0.268949
-1.45416 0.270469
-1.44832 0.267652
-1.44248 0.273994
-1.43664 0.271863
-1.4308 0.27987
-1.42496 0.279422
-1.41912 0.283723
-1.41328 0.284599
-1.40744 0.288611
-1.4016 0.289265
-1.39576 0.290221
-1.38992 0.290073
-1.38408 0.295066
-1.37824 0.296896
-1.3724 0.299334
-1.36656 0.305607
-1.36072 0.305396
-1.35488 0.310927
-1.34904 0.310231
-1.3432 0.313333
-1.33736 0.313346
-1.33152 0.314627
-1.32568 0.320579
-1.31984 0.319889
-1.314 0.320952
-1.30816 0.322808
-1.30232 0.327932
-1.29648 0.331492
-1.29064 0.336724
-1.2848 0.332231
-1.27896 0.342359
-1.27312 0.336585
-1.26728 0.335727
-1.26144 0.342409
-1.2556 0.338894
-1.24976 0.341075
-1.24392 0.34317
-1.23808 0.345256
-1.23224 0.347896
-1.2264 0.348756
-1.22056 0.349002
-1.21472 0.352559
-1.20888 0.352387
-1.20304 0.350787
-1.1972 0.356641
-1.19136 0.3588
-1.18552 0.35887
-1.17968 0.360584
-1.17384 0.358969
-1.168 0.362361
-1.16216 0.366632
-1.15632 0.366002
-1.15048 0.369132
-1.14464 0.372451
-1.1388 0.373281
-1.13296 0.375449
-1.12712 0.376874
-1.12128 0.376633
-1.11544 0.374523
-1.1096 0.375599
-1.10376 0.377748
-1.09792 0.379552
-1.09208 0.379791
-1.08624 0.379846
-1.0804 0.386547
-1.07456 0.38206
-1.06872 0.388194
-1.06288 0.389097
-1.05704 0.380656
-1.0512 0.384189
-1.04536 0.385389
-1.03952 0.385166
-1.03368 0.383006
-1.02784 0.380736
-1.022 0.379969
-1.01616 0.376877
-1.01032 0.372331
-1.00448 0.371721
-0.99864 0.368711
-0.9928 0.372741
-0.98696 0.367944
-0.98112 0.367253
-0.97528 0.364811
-0.96944 0.364534
-0.9636 0.363419
-0.95776 0.358499
-0.95192 0.356864
-0.94608 0.358582
-0.94024 0.356288
-0.9344 0.357016
-0.92856 0.355809
-0.92272 0.353568
-0.91688 0.355928
-0.91104 0.351545
-0.9052 0.350129
-0.89936 0.346377
-0.89352 0.348509
-0.88768 0.346373
-0.88184 0.346341
-0.876 0.343158
-0.87016 0.34264
-0.86432 0.341661
-0.85848 0.342149
-0.85264 0.34123
-0.8468 0.339251
-0.84096 0.339909
-0.83512 0.334346
-0.82928 0.332158
-0.82344 0.332377
-0.8176 0.330872
-0.81176 0.327875
-0.80592 0.326991
-0.80008 0.324434
-0.79424 0.322315
-0.7884 0.321818
-0.78256 0.320103
-0.77672 0.320239
-0.77088 0.317679
-0.76504 0.317084
-0.7592 0.316996
-0.75336 0.316326
-0.74752 0.314557
-0.74168 0.31494
-0.73584 0.314221
-0.73 0.313513
-0.72416 0.313992
-0.71832 0.313734
-0.71248 0.314368
-0.70664 0.31611
-0.7008 0.316323
-0.69496 0.31772
-0.68912 0.31815
-0.68328 0.319422
-0.67744 0.320654
-0.6716 0.321757
-0.66576 0.322554
-0.65992 0.323139
-0.65408 0.322632
-0.64824 0.32368
-0.6424 0.325012
-0.63656 0.326181
-0.63072 0.326041
-0.62488 0.32674
-0.61904 0.324185
-0.6132 0.323951
-0.60736 0.32367
-0.60152 0.323978
-0.59568 0.323978
-0.58984 0.323978
-0.584 0.323978
-0.57816 0.323978
-0.57232 0.323978
-0.56648 0.323978
-0.56064 0.323978
-0.5548 0.323978
-0.54896 0.323978
-0.54312 0.323978
-0.53728 0.323978
-0.53144 0.323978
-0.5256 0.323978
-0.51976 0.323978
-0.51392 0.323978
-0.50808 0.323978
-0.50224 0.323978
-0.4964 0.323978
-0.49056 0.323978
-0.48472 0.323978
-0.47888 0.323978
-0.47304 0.323978
-0.4672 0.323978
-0.46136 0.323978
-0.45552 0.323978
-0.44968 0.323978
-0.44384 0.323978
-0.438 0.323978
-0.43216 0.323978
-0.42632 0.323978
-0.42048 0.323978
-0.41464 0.323978
-0.4088 0.323978
-0.40296 0.323978
-0.39712 0.323978
-0.39128 0.323978
-0.38544 0.323978
-0.3796 0.323978
-0.37376 0.323978
-0.36792 0.323978
-0.36208 0.323978
-0.35624 0.323978
-0.3504 0.323978
-0.34456 0.323978
-0.33872 0.323978
-0.33288 0.323978
-0.32704 0.323978
-0.3212 0.323978
-0.31536 0.323978
-0.30952 0.323978
-0.30368 0.323978
-0.29784 0.323978
-0.292 0.323978
-0.28616 0.323978
-0.28032 0.323978
-0.27448 0.323978
-0.26864 0.323978
-0.2628 0.323978
-0.25696 0.323978
-0.25112 0.323978
-0.24528 0.323978
-0.23944 0.323978
-0.2336 0.323978
-0.22776 0.323978
-0.22192 0.323978
-0.21608 0.323978
-0.21024 0.323978
-0.2044 0.323978
-0.19856 0.323978
-0.19272 0.323978
-0.18688 0.323978
-0.18104 0.323978
-0.1752 0.323978
-0.16936 0.323978
-0.16352 0.323978
-0.15768 0.323978
-0.15184 0.323978
-0.146 0.323978
-0.14016 0.323978
-0.13432 0.323978
-0.12848 0.323978
-0.12264 0.323978
-0.1168 0.323978
-0.11096 0.323978
-0.10512 0.323978
-0.09928 0.323978
-0.09344 0.323978
-0.0876 0.323978
-0.08176 0.323978
-0.07592 0.323978
-0.07008 0.323978
-0.06424 0.323978
-0.0584 0.323978
-0.05256 0.323978
-0.04672 0.323978
-0.04088 0.323978
-0.03504 0.323978
-0.0292 0.323978
-0.02336 0.323978
-0.01752 0.323978
-0.01168 0.323978
-0.00584 0.323978
