-2.92 0.426909
-2.91416 0.426909
-2.90832 0.426909
-2.90248 0.426909
-2.89664 0.426909
-2.8908 0.426909
-2.88496 0.426909
-2.87912 0.426909
-2.87328 0.426909
-2.86744 0.426909
-2.8616 0.426909
-2.85576 0.426909
-2.84992 0.426909
-2.84408 0.426909
-2.83824 0.426909
-2.8324 0.426909
-2.82656 0.426909
-2.82072 0.426909
-2.81488 0.426909
-2.80904 0.426909
-2.8032 0.426909
-2.79736 0.426909
-2.79152 0.426909
-2.78568 0.426909
-2.77984 0.426909
-2.774 0.426909
-2.76816 0.426909
-2.76232 0.426909
-2.75648 0.426909
-2.75064 0.426909
-2.7448 0.426909
-2.73896 0.426909
-2.73312 0.426909
-2.72728 0.426909
-2.72144 0.426909
-2.7156 0.426909
-2.70976 0.426909
-2.70392 0.426909
-2.69808 0.426909
-2.69224 0.426909
-2.6864 0.426909
-2.68056 0.426909
-2.67472 0.426909
-2.66888 0.426909
-2.66304 0.426909
-2.6572 0.426909
-2.65136 0.426909
-2.64552 0.426909
-2.63968 0.426909
-2.63384 0.426909
-2.628 0.426909
-2.62216 0.426909
-2.61632 0.426909
-2.61048 0.426909
-2.60464 0.426909
-2.5988 0.426909
-2.59296 0.426377
-2.58712 0.425623
-2.58128 0.424781
-2.57544 0.423809
-2.5696 0.422835
-2.56376 0.421685
-2.55792 0.420402
-2.55208 0.419118
-2.54624 0.417835
-2.5404 0.416505
-2.53456 0.415131
-2.52872 0.413625
-2.52288 0.412075
-2.51704 0.410479
-2.5112 0.408798
-2.50536 0.407118
-2.49952 0.405482
-2.49368 0.403846
-2.48784 0.402031
-2.482 0.400521
-2.47616 0.398491
-2.47032 0.396623
-2.46448 0.394467
-2.45864 0.392438
-2.4528 0.390403
-2.44696 0.388327
-2.44112 0.386286
-2.43528 0.38395
-2.42944 0.381695
-2.4236 0.37948
-2.41776 0.377347
-2.41192 0.375091
-2.40608 0.372663
-2.40024 0.370488
-2.3944 0.368099
-2.38856 0.366006
-2.38272 0.363576
-2.37688 0.36102
-2.37104 0.358753
-2.3652 0.356692
-2.35936 0.353631
-2.35352 0.351566
-2.34768 0.348587
-2.34184 0.346522
-2.336 0.343875
-2.33016 0.341766
-2.32432 0.339246
-2.31848 0.337136
-2.31264 0.334489
-2.3068 0.331424
-2.30096 0.32981
-2.29512 0.327034
-2.28928 0.325425
-2.28344 0.322604
-2.2776 0.319606
-2.27176 0.316584
-2.26592 0.314843
-2.26008 0.311231
-2.25424 0.310037
-2.2484 0.306701
-2.24256 0.303746
-2.23672 0.301847
-2.23088 0.300101
-2.22504 0.296971
-2.2192 0.294274
-2.21336 0.292578
-2.20752 0.289364
-2.20168 0.287746
-2.19584 0.284409
-2.19 0.282414
-2.18416 0.277603
-2.17832 0.275894
-2.17248 0.273391
-2.16664 0.2719
-2.1608 0.267425
-2.15496 0.265886
-2.14912 0.264308
-2.14328 0.260414
-2.13744 0.257576
-2.1316 0.256551
-2.12576 0.254006
-2.11992 0.251124
-2.11408 0.247186
-2.10824 0.245232
-2.1024 0.243449
-2.09656 0.240872
-2.09072 0.236426
-2.08488 0.235488
-2.07904 0.232646
-2.0732 0.231373
-2.06736 0.228028
-2.06152 0.224432
-2.05568 0.222532
-2.04984 0.22134
-2.044 0.217959
-2.03816 0.216729
-2.03232 0.211819
-2.02648 0.211094
-2.02064 0.207749
-2.0148 0.206136
-2.00896 0.202671
-2.00312 0.201303
-1.99728 0.200277
-1.99144 0.199193
-1.9856 0.197561
-1.97976 0.195693
-1.97392 0.194549
-1.96808 0.198503
-1.96224 0.196556
-1.9564 0.192819
-1.95056 0.192485
-1.94472 0.191472
-1.93888 0.192894
-1.93304 0.193316
-1.9272 0.193234
-1.92136 0.193461
-1.91552 0.192269
-1.90968 0.192469
-1.90384 0.19057
-1.898 0.1903
-1.89216 0.18873
-1.88632 0.191934
-1.88048 0.190242
-1.87464 0.191462
-1.8688 0.192734
-1.86296 0.193629
-1.85712 0.190552
-1.85128 0.191315
-1.84544 0.194661
-1.8396 0.193688
-1.83376 0.194815
-1.82792 0.195317
-1.82208 0.19573
-1.81624 0.19312
-1.8104 0.196022
-1.80456 0.194272
-1.79872 0.19912
-1.79288 0.195433
-1.78704 0.196508
-1.7812 0.196272
-1.77536 0.195323
-1.76952 0.197308
-1.76368 0.199355
-1.75784 0.198988
-1.752 0.201433
-1.74616 0.203008
-1.74032 0.20625
-1.73448 0.204253
-1.72864 0.204573
-1.7228 0.20718
-1.71696 0.208149
-1.71112 0.20915
-1.70528 0.20778
-1.69944 0.205208
-1.6936 0.207819
-1.68776 0.211193
-1.68192 0.209047
-1.67608 0.209404
-1.67024 0.211808
-1.6644 0.210159
-1.65856 0.212823
-1.65272 0.213977
-1.64688 0.211787
-1.64104 0.212196
-1.6352 0.209643
-1.62936 0.212849
-1.62352 0.211888
-1.61768 0.211763
-1.61184 0.207422
-1.606 0.215621
-1.60016 0.21783
-1.59432 0.217225
-1.58848 0.221222
-1.58264 0.224349
-1.5768 0.226126
-1.57096 0.224679
-1.56512 0.224134
-1.55928 0.227291
-1.55344 0.235679
-1.5476 0.230445
-1.54176 0.235508
-1.53592 0.242209
-1.53008 0.239623
-1.52424 0.24492
-1.5184 0.244939
-1.51256 0.247654
-1.50672 0.248135
-1.50088 0.254633
-1.49504 0.259962
-1.4892 0.258306
-1.48336 0.256443
-1.47752 0.259574
-1.47168 0.262357
-1.46584 0.266424
-1.46 0.26741
-1.45416 0.269004
-1.44832 0.272679
-1.44248 0.278165
-1.43664 0.279737
-1.4308 0.279285
-1.42496 0.284062
-1.41912 0.282319
-1.41328 0.289555
-1.40744 0.292476
-1.4016 0.293509
-1.39576 0.294949
-1.38992 0.298018
-1.38408 0.300075
-1.37824 0.302699
-1.3724 0.307264
-1.36656 0.302867
-1.36072 0.311567
-1.35488 0.30959
-1.34904 0.311095
-1.3432 0.315542
-1.33736 0.321439
-1.33152 0.327298
-1.32568 0.326754
-1.31984 0.325674
-1.314 0.331167
-1.30816 0.32921
-1.30232 0.338023
-1.29648 0.335354
-1.29064 0.342205
-1.2848 0.347099
-1.27896 0.348845
-1.27312 0.351943
-1.26728 0.350477
-1.26144 0.346736
-1.2556 0.354395
-1.24976 0.353435
-1.24392 0.35952
-1.23808 0.359753
-1.23224 0.363913
-1.2264 0.367377
-1.22056 0.369475
-1.21472 0.375709
-1.20888 0.374449
-1.20304 0.377991
-1.1972 0.381815
-1.19136 0.384915
-1.18552 0.386362
-1.17968 0.386006
-1.17384 0.386688
-1.168 0.395272
-1.16216 0.396907
-1.15632 0.398951
-1.15048 0.397746
-1.14464 0.405651
-1.1388 0.402926
-1.13296 0.40079
-1.12712 0.399982
-1.12128 0.405096
-1.11544 0.414149
-1.1096 0.408507
-1.10376 0.4134
-1.09792 0.419323
-1.09208 0.41546
-1.08624 0.417958
-1.0804 0.418623
-1.07456 0.419795
-1.06872 0.421634
-1.06288 0.423983
-1.05704 0.430694
-1.0512 0.426818
-1.04536 0.420227
-1.03952 0.423305
-1.03368 0.421801
-1.02784 0.424647
-1.022 0.423173
-1.01616 0.421281
-1.01032 0.420695
-1.00448 0.423706
-0.99864 0.42165
-0.9928 0.419174
-0.98696 0.42254
-0.98112 0.417852
-0.97528 0.419911
-0.96944 0.421751
-0.9636 0.420448
-0.95776 0.420459
-0.95192 0.419556
-0.94608 0.418472
-0.94024 0.418643
-0.9344 0.418078
-0.92856 0.413577
-0.92272 0.416098
-0.91688 0.414038
-0.91104 0.41228
-0.9052 0.414177
-0.89936 0.414712
-0.89352 0.41625
-0.88768 0.415632
-0.88184 0.41399
-0.876 0.415923
-0.87016 0.410871
-0.86432 0.415272
-0.85848 0.413689
-0.85264 0.414601
-0.8468 0.412804
-0.84096 0.412896
-0.83512 0.414421
-0.82928 0.410427
-0.82344 0.40912
-0.8176 0.409461
-0.81176 0.407327
-0.80592 0.406776
-0.80008 0.406668
-0.79424 0.406364
-0.7884 0.406566
-0.78256 0.406164
-0.77672 0.406038
-0.77088 0.40631
-0.76504 0.405591
-0.7592 0.405885
-0.75336 0.405479
-0.74752 0.405857
-0.74168 0.405662
-0.73584 0.406732
-0.73 0.407902
-0.72416 0.408403
-0.71832 0.408602
-0.71248 0.408642
-0.70664 0.409952
-0.7008 0.410348
-0.69496 0.410877
-0.68912 0.412121
-0.68328 0.41337
-0.67744 0.417289
-0.6716 0.41932
-0.66576 0.420441
-0.65992 0.422012
-0.65408 0.421633
-0.64824 0.422502
-0.6424 0.425065
-0.63656 0.426643
-0.63072 0.426828
-0.62488 0.427774
-0.61904 0.427926
-0.6132 0.427133
-0.60736 0.426533
-0.60152 0.42714
-0.59568 0.42714
-0.58984 0.42714
-0.584 0.42714
-0.57816 0.42714
-0.57232 0.42714
-0.56648 0.42714
-0.56064 0.42714
-0.5548 0.42714
-0.54896 0.42714
-0.54312 0.42714
-0.53728 0.42714
-0.53144 0.42714
-0.5256 0.42714
-0.51976 0.42714
-0.51392 0.42714
-0.50808 0.42714
-0.50224 0.42714
-0.4964 0.42714
-0.49056 0.42714
-0.48472 0.42714
-0.47888 0.42714
-0.47304 0.42714
-0.4672 0.42714
-0.46136 0.42714
-0.45552 0.42714
-0.44968 0.42714
-0.44384 0.42714
-0.438 0.42714
-0.43216 0.42714
-0.42632 0.42714
-0.42048 0.42714
-0.41464 0.42714
-0.4088 0.42714
-0.40296 0.42714
-0.39712 0.42714
-0.39128 0.42714
-0.38544 0.42714
-0.3796 0.42714
-0.37376 0.42714
-0.36792 0.42714
-0.36208 0.42714
-0.35624 0.42714
-0.3504 0.42714
-0.34456 0.42714
-0.33872 0.42714
-0.33288 0.42714
-0.32704 0.42714
-0.3212 0.42714
-0.31536 0.42714
-0.30952 0.42714
-0.30368 0.42714
-0.29784 0.42714
-0.292 0.42714
-0.28616 0.42714
-0.28032 0.42714
-0.27448 0.42714
-0.26864 0.42714
-0.2628 0.42714
-0.25696 0.42714
-0.25112 0.42714
-0.24528 0.42714
-0.23944 0.42714
-0.2336 0.42714
-0.22776 0.42714
-0.22192 0.42714
-0.21608 0.42714
-0.21024 0.42714
-0.2044 0.42714
-0.19856 0.42714
-0.19272 0.42714
-0.18688 0.42714
-0.18104 0.42714
-0.1752 0.42714
-0.16936 0.42714
-0.16352 0.42714
-0.15768 0.42714
-0.15184 0.42714
-0.146 0.42714
-0.14016 0.42714
-0.13432 0.42714
-0.12848 0.42714
-0.12264 0.42714
-0.1168 0.42714
-0.11096 0.42714
-0.10512 0.42714
-0.09928 0.42714
-0.09344 0.42714
-0.0876 0.42714
-0.08176 0.42714
-0.07592 0.42714
-0.07008 0.42714
-0.06424 0.42714
-0.0584 0.42714
-0.05256 0.42714
-0.04672 0.42714
-0.04088 0.42714
-0.03504 0.42714
-0.0292 0.42714
-0.02336 0.42714
-0.01752 0.42714
-0.01168 0.42714
-0.00584 0.42714
