-2.92 0.478342
-2.91416 0.478342
-2.90832 0.478342
-2.90248 0.478342
-2.89664 0.478342
-2.8908 0.478342
-2.88496 0.478342
-2.87912 0.478342
-2.87328 0.478342
-2.86744 0.478342
-2.8616 0.478342
-2.85576 0.478342
-2.84992 0.478342
-2.84408 0.478342
-2.83824 0.478342
-2.8324 0.478342
-2.82656 0.478342
-2.82072 0.478342
-2.81488 0.478342
-2.80904 0.478342
-2.8032 0.478342
-2.79736 0.478342
-2.79152 0.478342
-2.78568 0.478342
-2.77984 0.478342
-2.774 0.478342
-2.76816 0.478342
-2.76232 0.478342
-2.75648 0.478342
-2.75064 0.478342
-2.7448 0.478342
-2.73896 0.478342
-2.73312 0.478342
-2.72728 0.478342
-2.72144 0.478342
-2.7156 0.478342
-2.70976 0.478342
-2.70392 0.478342
-2.69808 0.478342
-2.69224 0.478342
-2.6864 0.478342
-2.68056 0.478342
-2.67472 0.478342
-2.66888 0.478342
-2.66304 0.478342
-2.6572 0.478342
-2.65136 0.478342
-2.64552 0.478342
-2.63968 0.478342
-2.63384 0.478342
-2.628 0.478342
-2.62216 0.478342
-2.61632 0.478342
-2.61048 0.478342
-2.60464 0.478342
-2.5988 0.478342
-2.59296 0.477813
-2.58712 0.477063
-2.58128 0.476269
-2.57544 0.47543
-2.5696 0.474504
-2.56376 0.4734
-2.55792 0.472294
-2.55208 0.4711
-2.54624 0.469861
-2.5404 0.468445
-2.53456 0.466898
-2.52872 0.465307
-2.52288 0.463716
-2.51704 0.462124
-2.5112 0.460398
-2.50536 0.458584
-2.49952 0.457132
-2.49368 0.455848
-2.48784 0.454568
-2.482 0.454837
-2.47616 0.45397
-2.47032 0.453056
-2.46448 0.451682
-2.45864 0.451969
-2.4528 0.451252
-2.44696 0.449402
-2.44112 0.44959
-2.43528 0.44953
-2.42944 0.448885
-2.4236 0.448779
-2.41776 0.448969
-2.41192 0.447733
-2.40608 0.448372
-2.40024 0.447092
-2.3944 0.446436
-2.38856 0.446233
-2.38272 0.446421
-2.37688 0.444348
-2.37104 0.442615
-2.3652 0.440791
-2.35936 0.438675
-2.35352 0.439323
-2.34768 0.436793
-2.34184 0.435387
-2.336 0.435945
-2.33016 0.43296
-2.32432 0.429924
-2.31848 0.431698
-2.31264 0.428616
-2.3068 0.427262
-2.30096 0.424379
-2.29512 0.422193
-2.28928 0.421875
-2.28344 0.41955
-2.2776 0.417221
-2.27176 0.41897
-2.26592 0.415483
-2.26008 0.414203
-2.25424 0.41402
-2.2484 0.412653
-2.24256 0.408614
-2.23672 0.40851
-2.23088 0.405708
-2.22504 0.403498
-2.2192 0.405793
-2.21336 0.402585
-2.20752 0.399111
-2.20168 0.399037
-2.19584 0.397556
-2.19 0.393583
-2.18416 0.394159
-2.17832 0.391199
-2.17248 0.391285
-2.16664 0.391733
-2.1608 0.387844
-2.15496 0.384465
-2.14912 0.384498
-2.14328 0.381595
-2.13744 0.380279
-2.1316 0.378442
-2.12576 0.377287
-2.11992 0.37819
-2.11408 0.376039
-2.10824 0.371557
-2.1024 0.370484
-2.09656 0.370545
-2.09072 0.367075
-2.08488 0.364141
-2.07904 0.36262
-2.0732 0.363775
-2.06736 0.360061
-2.06152 0.358937
-2.05568 0.357848
-2.04984 0.357274
-2.044 0.353982
-2.03816 0.350156
-2.03232 0.347992
-2.02648 0.34917
-2.02064 0.348396
-2.0148 0.346507
-2.00896 0.343708
-2.00312 0.342145
-1.99728 0.340994
-1.99144 0.338354
-1.9856 0.335637
-1.97976 0.336224
-1.97392 0.334145
-1.96808 0.333175
-1.96224 0.327739
-1.9564 0.328264
-1.95056 0.325221
-1.94472 0.325297
-1.93888 0.324244
-1.93304 0.322392
-1.9272 0.321972
-1.92136 0.318474
-1.91552 0.312894
-1.90968 0.31216
-1.90384 0.310069
-1.898 0.305183
-1.89216 0.298977
-1.88632 0.296644
-1.88048 0.296884
-1.87464 0.291619
-1.8688 0.288982
-1.86296 0.285132
-1.85712 0.281762
-1.85128 0.27601
-1.84544 0.275012
-1.8396 0.269122
-1.83376 0.267164
-1.82792 0.262494
-1.82208 0.260047
-1.81624 0.257033
-1.8104 0.254471
-1.80456 0.248164
-1.79872 0.245267
-1.79288 0.243026
-1.78704 0.238135
-1.7812 0.235185
-1.77536 0.231107
-1.76952 0.231097
-1.76368 0.221721
-1.75784 0.21935
-1.752 0.212821
-1.74616 0.210479
-1.74032 0.206939
-1.73448 0.204203
-1.72864 0.199711
-1.7228 0.196609
-1.71696 0.188302
-1.71112 0.190115
-1.70528 0.181776
-1.69944 0.179798
-1.6936 0.171384
-1.68776 0.170622
-1.68192 0.167963
-1.67608 0.164798
-1.67024 0.163136
-1.6644 0.159076
-1.65856 0.159302
-1.65272 0.152238
-1.64688 0.153422
-1.64104 0.153152
-1.6352 0.151692
-1.62936 0.152952
-1.62352 0.149471
-1.61768 0.149827
-1.61184 0.148721
-1.606 0.146102
-1.60016 0.147843
-1.59432 0.146905
-1.58848 0.148301
-1.58264 0.145574
-1.5768 0.14438
-1.57096 0.146148
-1.56512 0.144412
-1.55928 0.145622
-1.55344 0.143887
-1.5476 0.146043
-1.54176 0.144831
-1.53592 0.147743
-1.53008 0.147822
-1.52424 0.144566
-1.5184 0.143176
-1.51256 0.142491
-1.50672 0.143575
-1.50088 0.142529
-1.49504 0.143596
-1.4892 0.149118
-1.48336 0.146262
-1.47752 0.147256
-1.47168 0.144805
-1.46584 0.144991
-1.46 0.144188
-1.45416 0.144763
-1.44832 0.144996
-1.44248 0.149516
-1.43664 0.146314
-1.4308 0.148373
-1.42496 0.149181
-1.41912 0.146346
-1.41328 0.146912
-1.40744 0.148162
-1.4016 0.147821
-1.39576 0.146051
-1.38992 0.145999
-1.38408 0.143456
-1.37824 0.143496
-1.3724 0.144063
-1.36656 0.144241
-1.36072 0.141923
-1.35488 0.141444
-1.34904 0.142799
-1.3432 0.144574
-1.33736 0.146459
-1.33152 0.147943
-1.32568 0.147587
-1.31984 0.149803
-1.314 0.148943
-1.30816 0.149368
-1.30232 0.146708
-1.29648 0.148817
-1.29064 0.14799
-1.2848 0.151743
-1.27896 0.159078
-1.27312 0.16118
-1.26728 0.163909
-1.26144 0.167874
-1.2556 0.169488
-1.24976 0.175958
-1.24392 0.177132
-1.23808 0.178066
-1.23224 0.182069
-1.2264 0.185018
-1.22056 0.186595
-1.21472 0.189383
-1.20888 0.193832
-1.20304 0.196075
-1.1972 0.198451
-1.19136 0.200471
-1.18552 0.202138
-1.17968 0.205652
-1.17384 0.20923
-1.168 0.209017
-1.16216 0.210189
-1.15632 0.211506
-1.15048 0.214893
-1.14464 0.216253
-1.1388 0.217403
-1.13296 0.224247
-1.12712 0.225674
-1.12128 0.229729
-1.11544 0.232059
-1.1096 0.236553
-1.10376 0.238923
-1.09792 0.241887
-1.09208 0.244142
-1.08624 0.242807
-1.0804 0.246609
-1.07456 0.249402
-1.06872 0.251311
-1.06288 0.252764
-1.05704 0.258839
-1.0512 0.263201
-1.04536 0.265825
-1.03952 0.266807
-1.03368 0.269782
-1.02784 0.271865
-1.022 0.272707
-1.01616 0.277074
-1.01032 0.278897
-1.00448 0.283591
-0.99864 0.285212
-0.9928 0.28754
-0.98696 0.291698
-0.98112 0.291584
-0.97528 0.294196
-0.96944 0.296534
-0.9636 0.300084
-0.95776 0.300142
-0.95192 0.303151
-0.94608 0.301431
-0.94024 0.305543
-0.9344 0.306649
-0.92856 0.308396
-0.92272 0.310597
-0.91688 0.312799
-0.91104 0.315218
-0.9052 0.318432
-0.89936 0.322662
-0.89352 0.323042
-0.88768 0.326263
-0.88184 0.330708
-0.876 0.329803
-0.87016 0.332966
-0.86432 0.332112
-0.85848 0.334896
-0.85264 0.336069
-0.8468 0.337425
-0.84096 0.343832
-0.83512 0.344582
-0.82928 0.347107
-0.82344 0.349213
-0.8176 0.349874
-0.81176 0.353121
-0.80592 0.35362
-0.80008 0.355192
-0.79424 0.356162
-0.7884 0.358378
-0.78256 0.357863
-0.77672 0.359492
-0.77088 0.362762
-0.76504 0.362531
-0.7592 0.363781
-0.75336 0.363383
-0.74752 0.362044
-0.74168 0.363967
-0.73584 0.362461
-0.73 0.363616
-0.72416 0.359798
-0.71832 0.360317
-0.71248 0.359653
-0.70664 0.359838
-0.7008 0.359004
-0.69496 0.360069
-0.68912 0.358935
-0.68328 0.36012
-0.67744 0.359206
-0.6716 0.361866
-0.66576 0.361525
-0.65992 0.362198
-0.65408 0.362517
-0.64824 0.360922
-0.6424 0.360652
-0.63656 0.360637
-0.63072 0.36083
-0.62488 0.361657
-0.61904 0.363151
-0.6132 0.363717
-0.60736 0.364154
-0.60152 0.363621
-0.59568 0.363621
-0.58984 0.363621
-0.584 0.363621
-0.57816 0.363621
-0.57232 0.363621
-0.56648 0.363621
-0.56064 0.363621
-0.5548 0.363621
-0.54896 0.363621
-0.54312 0.363621
-0.53728 0.363621
-0.53144 0.363621
-0.5256 0.363621
-0.51976 0.363621
-0.51392 0.363621
-0.50808 0.363621
-0.50224 0.363621
-0.4964 0.363621
-0.49056 0.363621
-0.48472 0.363621
-0.47888 0.363621
-0.47304 0.363621
-0.4672 0.363621
-0.46136 0.363621
-0.45552 0.363621
-0.44968 0.363621
-0.44384 0.363621
-0.438 0.363621
-0.43216 0.363621
-0.42632 0.363621
-0.42048 0.363621
-0.41464 0.363621
-0.4088 0.363621
-0.40296 0.363621
-0.39712 0.363621
-0.39128 0.363621
-0.38544 0.363621
-0.3796 0.363621
-0.37376 0.363621
-0.36792 0.363621
-0.36208 0.363621
-0.35624 0.363621
-0.3504 0.363621
-0.34456 0.363621
-0.33872 0.363621
-0.33288 0.363621
-0.32704 0.363621
-0.3212 0.363621
-0.31536 0.363621
-0.30952 0.363621
-0.30368 0.363621
-0.29784 0.363621
-0.292 0.363621
-0.28616 0.363621
-0.28032 0.363621
-0.27448 0.363621
-0.26864 0.363621
-0.2628 0.363621
-0.25696 0.363621
-0.25112 0.363621
-0.24528 0.363621
-0.23944 0.363621
-0.2336 0.363621
-0.22776 0.363621
-0.22192 0.363621
-0.21608 0.363621
-0.21024 0.363621
-0.2044 0.363621
-0.19856 0.363621
-0.19272 0.363621
-0.18688 0.363621
-0.18104 0.363621
-0.1752 0.363621
-0.16936 0.363621
-0.16352 0.363621
-0.15768 0.363621
-0.15184 0.363621
-0.146 0.363621
-0.14016 0.363621
-0.13432 0.363621
-0.12848 0.363621
-0.12264 0.363621
-0.1168 0.363621
-0.11096 0.363621
-0.10512 0.363621
-0.09928 0.363621
-0.09344 0.363621
-0.0876 0.363621
-0.08176 0.363621
-0.07592 0.363621
-0.07008 0.363621
-0.06424 0.363621
-0.0584 0.363621
-0.05256 0.363621
-0.04672 0.363621
-0.04088 0.363621
-0.03504 0.363621
-0.0292 0.363621
-0.02336 0.363621
-0.01752 0.363621
-0.01168 0.363621
-0.00584 0.363621
