-2.92 0.521196
-2.91416 0.521196
-2.90832 0.521196
-2.90248 0.521196
-2.89664 0.521196
-2.8908 0.521196
-2.88496 0.521196
-2.87912 0.521196
-2.87328 0.521196
-2.86744 0.521196
-2.8616 0.521196
-2.85576 0.521196
-2.84992 0.521196
-2.84408 0.521196
-2.83824 0.521196
-2.8324 0.521196
-2.82656 0.521196
-2.82072 0.521196
-2.81488 0.521196
-2.80904 0.521196
-2.8032 0.521196
-2.79736 0.521196
-2.79152 0.521196
-2.78568 0.521196
-2.77984 0.521196
-2.774 0.521196
-2.76816 0.521196
-2.76232 0.521196
-2.75648 0.521196
-2.75064 0.521196
-2.7448 0.521196
-2.73896 0.521196
-2.73312 0.521196
-2.72728 0.521196
-2.72144 0.521196
-2.7156 0.521196
-2.70976 0.521196
-2.70392 0.521196
-2.69808 0.521196
-2.69224 0.521196
-2.6864 0.521196
-2.68056 0.521196
-2.67472 0.521196
-2.66888 0.521196
-2.66304 0.521196
-2.6572 0.521196
-2.65136 0.521196
-2.64552 0.521196
-2.63968 0.521196
-2.63384 0.521196
-2.628 0.521196
-2.62216 0.521196
-2.61632 0.521196
-2.61048 0.521196
-2.60464 0.521196
-2.5988 0.521196
-2.59296 0.520885
-2.58712 0.520266
-2.58128 0.519515
-2.57544 0.518734
-2.5696 0.517697
-2.56376 0.51657
-2.55792 0.515311
-2.55208 0.514008
-2.54624 0.512705
-2.5404 0.511225
-2.53456 0.509699
-2.52872 0.508039
-2.52288 0.50638
-2.51704 0.504631
-2.5112 0.502794
-2.50536 0.500871
-2.49952 0.498861
-2.49368 0.4968
-2.48784 0.494736
-2.482 0.492637
-2.47616 0.490567
-2.47032 0.488245
-2.46448 0.485878
-2.45864 0.48355
-2.4528 0.481292
-2.44696 0.478749
-2.44112 0.47591
-2.43528 0.473563
-2.42944 0.471131
-2.4236 0.468289
-2.41776 0.466023
-2.41192 0.463386
-2.40608 0.460786
-2.40024 0.458221
-2.3944 0.455116
-2.38856 0.452119
-2.38272 0.449594
-2.37688 0.44641
-2.37104 0.443304
-2.3652 0.440231
-2.35936 0.436947
-2.35352 0.433635
-2.34768 0.430524
-2.34184 0.427651
-2.336 0.423863
-2.33016 0.421071
-2.32432 0.417578
-2.31848 0.414733
-2.31264 0.411107
-2.3068 0.407693
-2.30096 0.404265
-2.29512 0.401296
-2.28928 0.398166
-2.28344 0.394577
-2.2776 0.390981
-2.27176 0.387472
-2.26592 0.384091
-2.26008 0.381374
-2.25424 0.377855
-2.2484 0.374048
-2.24256 0.370077
-2.23672 0.366809
-2.23088 0.363542
-2.22504 0.360399
-2.2192 0.356296
-2.21336 0.352562
-2.20752 0.349416
-2.20168 0.346137
-2.19584 0.341871
-2.19 0.338091
-2.18416 0.334481
-2.17832 0.330783
-2.17248 0.32648
-2.16664 0.323708
-2.1608 0.320303
-2.15496 0.316022
-2.14912 0.31203
-2.14328 0.308912
-2.13744 0.305217
-2.1316 0.301221
-2.12576 0.297224
-2.11992 0.293602
-2.11408 0.290366
-2.10824 0.286322
-2.1024 0.282201
-2.09656 0.278582
-2.09072 0.275168
-2.08488 0.270375
-2.07904 0.267176
-2.0732 0.262797
-2.06736 0.259558
-2.06152 0.255056
-2.05568 0.250889
-2.04984 0.247814
-2.044 0.243869
-2.03816 0.24088
-2.03232 0.235405
-2.02648 0.233632
-2.02064 0.228878
-2.0148 0.224371
-2.00896 0.22257
-2.00312 0.218529
-1.99728 0.216787
-1.99144 0.214765
-1.9856 0.211918
-1.97976 0.210684
-1.97392 0.209662
-1.96808 0.207359
-1.96224 0.206273
-1.9564 0.204871
-1.95056 0.201792
-1.94472 0.201144
-1.93888 0.199626
-1.93304 0.199381
-1.9272 0.195935
-1.92136 0.197315
-1.91552 0.195522
-1.90968 0.194412
-1.90384 0.191331
-1.898 0.192706
-1.89216 0.192128
-1.88632 0.191901
-1.88048 0.191576
-1.87464 0.189012
-1.8688 0.191414
-1.86296 0.189138
-1.85712 0.187867
-1.85128 0.190552
-1.84544 0.189386
-1.8396 0.189547
-1.83376 0.188618
-1.82792 0.187877
-1.82208 0.190169
-1.81624 0.193226
-1.8104 0.190254
-1.80456 0.188735
-1.79872 0.190502
-1.79288 0.191458
-1.78704 0.191943
-1.7812 0.190772
-1.77536 0.191371
-1.76952 0.193078
-1.76368 0.190521
-1.75784 0.196249
-1.752 0.194134
-1.74616 0.193566
-1.74032 0.196868
-1.73448 0.196615
-1.72864 0.197098
-1.7228 0.199382
-1.71696 0.202578
-1.71112 0.201003
-1.70528 0.201259
-1.69944 0.204773
-1.6936 0.205233
-1.68776 0.203668
-1.68192 0.207241
-1.67608 0.203718
-1.67024 0.205967
-1.6644 0.205176
-1.65856 0.206863
-1.65272 0.208687
-1.64688 0.205983
-1.64104 0.209732
-1.6352 0.211006
-1.62936 0.209679
-1.62352 0.210012
-1.61768 0.21186
-1.61184 0.212557
-1.606 0.213965
-1.60016 0.222935
-1.59432 0.218286
-1.58848 0.22516
-1.58264 0.230339
-1.5768 0.225244
-1.57096 0.22881
-1.56512 0.230729
-1.55928 0.235047
-1.55344 0.236602
-1.5476 0.245732
-1.54176 0.248934
-1.53592 0.250462
-1.53008 0.251614
-1.52424 0.25124
-1.5184 0.258274
-1.51256 0.26056
-1.50672 0.264847
-1.50088 0.265151
-1.49504 0.271608
-1.4892 0.269429
-1.48336 0.275425
-1.47752 0.275462
-1.47168 0.27819
-1.46584 0.279639
-1.46 0.286716
-1.45416 0.287642
-1.44832 0.288785
-1.44248 0.292622
-1.43664 0.29514
-1.4308 0.298607
-1.42496 0.303096
-1.41912 0.304455
-1.41328 0.304797
-1.40744 0.307578
-1.4016 0.311353
-1.39576 0.316655
-1.38992 0.31901
-1.38408 0.325515
-1.37824 0.32736
-1.3724 0.326726
-1.36656 0.326203
-1.36072 0.331819
-1.35488 0.334497
-1.34904 0.332782
-1.3432 0.334805
-1.33736 0.338702
-1.33152 0.346877
-1.32568 0.347577
-1.31984 0.348697
-1.314 0.353864
-1.30816 0.352912
-1.30232 0.358437
-1.29648 0.363545
-1.29064 0.365693
-1.2848 0.37023
-1.27896 0.371543
-1.27312 0.373179
-1.26728 0.369605
-1.26144 0.374782
-1.2556 0.377712
-1.24976 0.377169
-1.24392 0.385347
-1.23808 0.385865
-1.23224 0.386415
-1.2264 0.389658
-1.22056 0.39075
-1.21472 0.396227
-1.20888 0.393844
-1.20304 0.402824
-1.1972 0.401771
-1.19136 0.403193
-1.18552 0.405759
-1.17968 0.410441
-1.17384 0.410364
-1.168 0.413095
-1.16216 0.419636
-1.15632 0.412043
-1.15048 0.418404
-1.14464 0.421807
-1.1388 0.417349
-1.13296 0.419791
-1.12712 0.419207
-1.12128 0.425048
-1.11544 0.425505
-1.1096 0.43276
-1.10376 0.433211
-1.09792 0.43358
-1.09208 0.431506
-1.08624 0.428533
-1.0804 0.437238
-1.07456 0.43664
-1.06872 0.438606
-1.06288 0.437261
-1.05704 0.442031
-1.0512 0.436544
-1.04536 0.439065
-1.03952 0.437551
-1.03368 0.435955
-1.02784 0.435077
-1.022 0.43591
-1.01616 0.434235
-1.01032 0.430117
-1.00448 0.429452
-0.99864 0.428927
-0.9928 0.430895
-0.98696 0.431988
-0.98112 0.430043
-0.97528 0.427297
-0.96944 0.426295
-0.9636 0.42618
-0.95776 0.425821
-0.95192 0.426838
-0.94608 0.427855
-0.94024 0.425074
-0.9344 0.423841
-0.92856 0.421971
-0.92272 0.420814
-0.91688 0.41851
-0.91104 0.415871
-0.9052 0.415041
-0.89936 0.41816
-0.89352 0.419674
-0.88768 0.416462
-0.88184 0.416963
-0.876 0.418002
-0.87016 0.414271
-0.86432 0.417537
-0.85848 0.417678
-0.85264 0.41855
-0.8468 0.416818
-0.84096 0.417928
-0.83512 0.416448
-0.82928 0.412302
-0.82344 0.411842
-0.8176 0.410696
-0.81176 0.410956
-0.80592 0.412135
-0.80008 0.409609
-0.79424 0.410658
-0.7884 0.410536
-0.78256 0.410052
-0.77672 0.410576
-0.77088 0.410544
-0.76504 0.411888
-0.7592 0.410018
-0.75336 0.410629
-0.74752 0.40991
-0.74168 0.411804
-0.73584 0.412113
-0.73 0.412963
-0.72416 0.413088
-0.71832 0.413184
-0.71248 0.413834
-0.70664 0.414902
-0.7008 0.415157
-0.69496 0.415454
-0.68912 0.416293
-0.68328 0.417915
-0.67744 0.42228
-0.6716 0.422868
-0.66576 0.424526
-0.65992 0.425178
-0.65408 0.426078
-0.64824 0.426103
-0.6424 0.429074
-0.63656 0.429802
-0.63072 0.430265
-0.62488 0.430096
-0.61904 0.430186
-0.6132 0.429471
-0.60736 0.428359
-0.60152 0.428927
-0.59568 0.428927
-0.58984 0.428927
-0.584 0.428927
-0.57816 0.428927
-0.57232 0.428927
-0.56648 0.428927
-0.56064 0.428927
-0.5548 0.428927
-0.54896 0.428927
-0.54312 0.428927
-0.53728 0.428927
-0.53144 0.428927
-0.5256 0.428927
-0.51976 0.428927
-0.51392 0.428927
-0.50808 0.428927
-0.50224 0.428927
-0.4964 0.428927
-0.49056 0.428927
-0.48472 0.428927
-0.47888 0.428927
-0.47304 0.428927
-0.4672 0.428927
-0.46136 0.428927
-0.45552 0.428927
-0.44968 0.428927
-0.44384 0.428927
-0.438 0.428927
-0.43216 0.428927
-0.42632 0.428927
-0.42048 0.428927
-0.41464 0.428927
-0.4088 0.428927
-0.40296 0.428927
-0.39712 0.428927
-0.39128 0.428927
-0.38544 0.428927
-0.3796 0.428927
-0.37376 0.428927
-0.36792 0.428927
-0.36208 0.428927
-0.35624 0.428927
-0.3504 0.428927
-0.34456 0.428927
-0.33872 0.428927
-0.33288 0.428927
-0.32704 0.428927
-0.3212 0.428927
-0.31536 0.428927
-0.30952 0.428927
-0.30368 0.428927
-0.29784 0.428927
-0.292 0.428927
-0.28616 0.428927
-0.28032 0.428927
-0.27448 0.428927
-0.26864 0.428927
-0.2628 0.428927
-0.25696 0.428927
-0.25112 0.428927
-0.24528 0.428927
-0.23944 0.428927
-0.2336 0.428927
-0.22776 0.428927
-0.22192 0.428927
-0.21608 0.428927
-0.21024 0.428927
-0.2044 0.428927
-0.19856 0.428927
-0.19272 0.428927
-0.18688 0.428927
-0.18104 0.428927
-0.1752 0.428927
-0.16936 0.428927
-0.16352 0.428927
-0.15768 0.428927
-0.15184 0.428927
-0.146 0.428927
-0.14016 0.428927
-0.13432 0.428927
-0.12848 0.428927
-0.12264 0.428927
-0.1168 0.428927
-0.11096 0.428927
-0.10512 0.428927
-0.09928 0.428927
-0.09344 0.428927
-0.0876 0.428927
-0.08176 0.428927
-0.07592 0.428927
-0.07008 0.428927
-0.06424 0.428927
-0.0584 0.428927
-0.05256 0.428927
-0.04672 0.428927
-0.04088 0.428927
-0.03504 0.428927
-0.0292 0.428927
-0.02336 0.428927
-0.01752 0.428927
-0.01168 0.428927
-0.00584 0.428927
