-2.92 0.453139
-2.91416 0.453139
-2.90832 0.453139
-2.90248 0.453139
-2.89664 0.453139
-2.8908 0.453139
-2.88496 0.453139
-2.87912 0.453139
-2.87328 0.453139
-2.86744 0.453139
-2.8616 0.453139
-2.85576 0.453139
-2.84992 0.453139
-2.84408 0.453139
-2.83824 0.453139
-2.8324 0.453139
-2.82656 0.453139
-2.82072 0.453139
-2.81488 0.453139
-2.80904 0.453139
-2.8032 0.453139
-2.79736 0.453139
-2.79152 0.453139
-2.78568 0.453139
-2.77984 0.453139
-2.774 0.453139
-2.76816 0.453139
-2.76232 0.453139
-2.75648 0.453139
-2.75064 0.453139
-2.7448 0.453139
-2.73896 0.453139
-2.73312 0.453139
-2.72728 0.453139
-2.72144 0.453139
-2.7156 0.453139
-2.70976 0.453139
-2.70392 0.453139
-2.69808 0.453139
-2.69224 0.453139
-2.6864 0.453139
-2.68056 0.453139
-2.67472 0.453139
-2.66888 0.453139
-2.66304 0.453139
-2.6572 0.453139
-2.65136 0.453139
-2.64552 0.453139
-2.63968 0.453139
-2.63384 0.453139
-2.628 0.453139
-2.62216 0.453139
-2.61632 0.453139
-2.61048 0.453139
-2.60464 0.453139
-2.5988 0.453139
-2.59296 0.452652
-2.58712 0.451855
-2.58128 0.450925
-2.57544 0.449953
-2.5696 0.448848
-2.56376 0.447655
-2.55792 0.44633
-2.55208 0.445006
-2.54624 0.44368
-2.5404 0.442135
-2.53456 0.440458
-2.52872 0.438782
-2.52288 0.437106
-2.51704 0.435341
-2.5112 0.433488
-2.50536 0.431635
-2.49952 0.42978
-2.49368 0.427926
-2.48784 0.426027
-2.482 0.424215
-2.47616 0.422136
-2.47032 0.420014
-2.46448 0.417677
-2.45864 0.415545
-2.4528 0.413167
-2.44696 0.410992
-2.44112 0.408817
-2.43528 0.406182
-2.42944 0.404259
-2.4236 0.402211
-2.41776 0.39995
-2.41192 0.397733
-2.40608 0.395675
-2.40024 0.393616
-2.3944 0.391468
-2.38856 0.388992
-2.38272 0.387261
-2.37688 0.384734
-2.37104 0.382706
-2.3652 0.380136
-2.35936 0.378023
-2.35352 0.374654
-2.34768 0.373338
-2.34184 0.370432
-2.336 0.369198
-2.33016 0.366209
-2.32432 0.363927
-2.31848 0.36345
-2.31264 0.359533
-2.3068 0.356952
-2.30096 0.355095
-2.29512 0.351387
-2.28928 0.349148
-2.28344 0.349504
-2.2776 0.346342
-2.27176 0.344105
-2.26592 0.341237
-2.26008 0.338156
-2.25424 0.337792
-2.2484 0.334121
-2.24256 0.331666
-2.23672 0.328913
-2.23088 0.327848
-2.22504 0.323164
-2.2192 0.322725
-2.21336 0.318998
-2.20752 0.316962
-2.20168 0.31484
-2.19584 0.309987
-2.19 0.307778
-2.18416 0.304644
-2.17832 0.302353
-2.17248 0.29934
-2.16664 0.296748
-2.1608 0.293562
-2.15496 0.290598
-2.14912 0.288429
-2.14328 0.285242
-2.13744 0.282911
-2.1316 0.279271
-2.12576 0.27702
-2.11992 0.275734
-2.11408 0.273288
-2.10824 0.268466
-2.1024 0.269002
-2.09656 0.267512
-2.09072 0.264414
-2.08488 0.262344
-2.07904 0.259669
-2.0732 0.258185
-2.06736 0.255514
-2.06152 0.251625
-2.05568 0.25176
-2.04984 0.251572
-2.044 0.248779
-2.03816 0.245534
-2.03232 0.247086
-2.02648 0.245256
-2.02064 0.242497
-2.0148 0.241906
-2.00896 0.238991
-2.00312 0.236061
-1.99728 0.236555
-1.99144 0.23292
-1.9856 0.234678
-1.97976 0.234905
-1.97392 0.233304
-1.96808 0.232526
-1.96224 0.229683
-1.9564 0.226956
-1.95056 0.226856
-1.94472 0.228844
-1.93888 0.228677
-1.93304 0.222485
-1.9272 0.221338
-1.92136 0.220472
-1.91552 0.219742
-1.90968 0.216175
-1.90384 0.215015
-1.898 0.213301
-1.89216 0.214114
-1.88632 0.210767
-1.88048 0.206986
-1.87464 0.203957
-1.8688 0.202807
-1.86296 0.197359
-1.85712 0.198649
-1.85128 0.196525
-1.84544 0.19579
-1.8396 0.190559
-1.83376 0.19008
-1.82792 0.189915
-1.82208 0.190014
-1.81624 0.186817
-1.8104 0.183485
-1.80456 0.182493
-1.79872 0.174905
-1.79288 0.177908
-1.78704 0.174386
-1.7812 0.168973
-1.77536 0.172949
-1.76952 0.166047
-1.76368 0.165313
-1.75784 0.166938
-1.752 0.165084
-1.74616 0.161916
-1.74032 0.156963
-1.73448 0.157493
-1.72864 0.155531
-1.7228 0.152315
-1.71696 0.150175
-1.71112 0.149354
-1.70528 0.144776
-1.69944 0.141807
-1.6936 0.146232
-1.68776 0.14037
-1.68192 0.139512
-1.67608 0.139545
-1.67024 0.135802
-1.6644 0.134972
-1.65856 0.136749
-1.65272 0.135639
-1.64688 0.135586
-1.64104 0.134224
-1.6352 0.134673
-1.62936 0.136437
-1.62352 0.137009
-1.61768 0.137784
-1.61184 0.138033
-1.606 0.137121
-1.60016 0.142995
-1.59432 0.140961
-1.58848 0.140244
-1.58264 0.140356
-1.5768 0.143358
-1.57096 0.145495
-1.56512 0.144491
-1.55928 0.147252
-1.55344 0.147227
-1.5476 0.153506
-1.54176 0.157345
-1.53592 0.157369
-1.53008 0.158764
-1.52424 0.154484
-1.5184 0.15906
-1.51256 0.162532
-1.50672 0.16541
-1.50088 0.165177
-1.49504 0.164061
-1.4892 0.171016
-1.48336 0.172891
-1.47752 0.17431
-1.47168 0.174098
-1.46584 0.177827
-1.46 0.180033
-1.45416 0.179463
-1.44832 0.182675
-1.44248 0.185992
-1.43664 0.188244
-1.4308 0.189795
-1.42496 0.189043
-1.41912 0.193538
-1.41328 0.192992
-1.40744 0.195894
-1.4016 0.194234
-1.39576 0.197058
-1.38992 0.19849
-1.38408 0.198365
-1.37824 0.197156
-1.3724 0.200457
-1.36656 0.202576
-1.36072 0.199081
-1.35488 0.205926
-1.34904 0.206073
-1.3432 0.207504
-1.33736 0.209276
-1.33152 0.214755
-1.32568 0.213566
-1.31984 0.219499
-1.314 0.215522
-1.30816 0.219881
-1.30232 0.217895
-1.29648 0.222612
-1.29064 0.221957
-1.2848 0.223803
-1.27896 0.232383
-1.27312 0.234661
-1.26728 0.236949
-1.26144 0.236042
-1.2556 0.244402
-1.24976 0.247888
-1.24392 0.251812
-1.23808 0.253543
-1.23224 0.255205
-1.2264 0.26018
-1.22056 0.261443
-1.21472 0.266509
-1.20888 0.26533
-1.20304 0.269774
-1.1972 0.272751
-1.19136 0.275519
-1.18552 0.281264
-1.17968 0.28064
-1.17384 0.28201
-1.168 0.2834
-1.16216 0.287719
-1.15632 0.287327
-1.15048 0.289162
-1.14464 0.290001
-1.1388 0.296435
-1.13296 0.296664
-1.12712 0.300712
-1.12128 0.302941
-1.11544 0.305944
-1.1096 0.311091
-1.10376 0.310152
-1.09792 0.313741
-1.09208 0.316502
-1.08624 0.314574
-1.0804 0.318918
-1.07456 0.321162
-1.06872 0.325017
-1.06288 0.327116
-1.05704 0.331939
-1.0512 0.335004
-1.04536 0.338418
-1.03952 0.337581
-1.03368 0.342126
-1.02784 0.343815
-1.022 0.345715
-1.01616 0.348234
-1.01032 0.351639
-1.00448 0.353743
-0.99864 0.356427
-0.9928 0.358821
-0.98696 0.359608
-0.98112 0.363653
-0.97528 0.366125
-0.96944 0.367364
-0.9636 0.370415
-0.95776 0.373203
-0.95192 0.374169
-0.94608 0.373708
-0.94024 0.376074
-0.9344 0.37813
-0.92856 0.382718
-0.92272 0.381423
-0.91688 0.38596
-0.91104 0.389085
-0.9052 0.391746
-0.89936 0.394911
-0.89352 0.398946
-0.88768 0.401546
-0.88184 0.404534
-0.876 0.404408
-0.87016 0.408707
-0.86432 0.407358
-0.85848 0.410253
-0.85264 0.411584
-0.8468 0.415772
-0.84096 0.42174
-0.83512 0.424456
-0.82928 0.426684
-0.82344 0.427616
-0.8176 0.430253
-0.81176 0.432509
-0.80592 0.435148
-0.80008 0.43576
-0.79424 0.438867
-0.7884 0.440091
-0.78256 0.4417
-0.77672 0.444871
-0.77088 0.445804
-0.76504 0.44852
-0.7592 0.449633
-0.75336 0.451563
-0.74752 0.453054
-0.74168 0.453805
-0.73584 0.452578
-0.73 0.455667
-0.72416 0.452205
-0.71832 0.452872
-0.71248 0.454009
-0.70664 0.455346
-0.7008 0.45568
-0.69496 0.456989
-0.68912 0.456369
-0.68328 0.458456
-0.67744 0.458649
-0.6716 0.461621
-0.66576 0.461342
-0.65992 0.462625
-0.65408 0.463155
-0.64824 0.461742
-0.6424 0.46212
-0.63656 0.46297
-0.63072 0.4636
-0.62488 0.464902
-0.61904 0.467376
-0.6132 0.467916
-0.60736 0.468315
-0.60152 0.468036
-0.59568 0.468036
-0.58984 0.468036
-0.584 0.468036
-0.57816 0.468036
-0.57232 0.468036
-0.56648 0.468036
-0.56064 0.468036
-0.5548 0.468036
-0.54896 0.468036
-0.54312 0.468036
-0.53728 0.468036
-0.53144 0.468036
-0.5256 0.468036
-0.51976 0.468036
-0.51392 0.468036
-0.50808 0.468036
-0.50224 0.468036
-0.4964 0.468036
-0.49056 0.468036
-0.48472 0.468036
-0.47888 0.468036
-0.47304 0.468036
-0.4672 0.468036
-0.46136 0.468036
-0.45552 0.468036
-0.44968 0.468036
-0.44384 0.468036
-0.438 0.468036
-0.43216 0.468036
-0.42632 0.468036
-0.42048 0.468036
-0.41464 0.468036
-0.4088 0.468036
-0.40296 0.468036
-0.39712 0.468036
-0.39128 0.468036
-0.38544 0.468036
-0.3796 0.468036
-0.37376 0.468036
-0.36792 0.468036
-0.36208 0.468036
-0.35624 0.468036
-0.3504 0.468036
-0.34456 0.468036
-0.33872 0.468036
-0.33288 0.468036
-0.32704 0.468036
-0.3212 0.468036
-0.31536 0.468036
-0.30952 0.468036
-0.30368 0.468036
-0.29784 0.468036
-0.292 0.468036
-0.28616 0.468036
-0.28032 0.468036
-0.27448 0.468036
-0.26864 0.468036
-0.2628 0.468036
-0.25696 0.468036
-0.25112 0.468036
-0.24528 0.468036
-0.23944 0.468036
-0.2336 0.468036
-0.22776 0.468036
-0.22192 0.468036
-0.21608 0.468036
-0.21024 0.468036
-0.2044 0.468036
-0.19856 0.468036
-0.19272 0.468036
-0.18688 0.468036
-0.18104 0.468036
-0.1752 0.468036
-0.16936 0.468036
-0.16352 0.468036
-0.15768 0.468036
-0.15184 0.468036
-0.146 0.468036
-0.14016 0.468036
-0.13432 0.468036
-0.12848 0.468036
-0.12264 0.468036
-0.1168 0.468036
-0.11096 0.468036
-0.10512 0.468036
-0.09928 0.468036
-0.09344 0.468036
-0.0876 0.468036
-0.08176 0.468036
-0.07592 0.468036
-0.07008 0.468036
-0.06424 0.468036
-0.0584 0.468036
-0.05256 0.468036
-0.04672 0.468036
-0.04088 0.468036
-0.03504 0.468036
-0.0292 0.468036
-0.02336 0.468036
-0.01752 0.468036
-0.01168 0.468036
-0.00584 0.468036
