-2.92 0.452813
-2.91416 0.452813
-2.90832 0.452813
-2.90248 0.452813
-2.89664 0.452813
-2.8908 0.452813
-2.88496 0.452813
-2.87912 0.452813
-2.87328 0.452813
-2.86744 0.452813
-2.8616 0.452813
-2.85576 0.452813
-2.84992 0.452813
-2.84408 0.452813
-2.83824 0.452813
-2.8324 0.452813
-2.82656 0.452813
-2.82072 0.452813
-2.81488 0.452813
-2.80904 0.452813
-2.8032 0.452813
-2.79736 0.452813
-2.79152 0.452813
-2.78568 0.452813
-2.77984 0.452813
-2.774 0.452813
-2.76816 0.452813
-2.76232 0.452813
-2.75648 0.452813
-2.75064 0.452813
-2.7448 0.452813
-2.73896 0.452813
-2.73312 0.452813
-2.72728 0.452813
-2.72144 0.452813
-2.7156 0.452813
-2.70976 0.452813
-2.70392 0.452813
-2.69808 0.452813
-2.69224 0.452813
-2.6864 0.452813
-2.68056 0.452813
-2.67472 0.452813
-2.66888 0.452813
-2.66304 0.452813
-2.6572 0.452813
-2.65136 0.452813
-2.64552 0.452813
-2.63968 0.452813
-2.63384 0.452813
-2.628 0.452813
-2.62216 0.452813
-2.61632 0.452813
-2.61048 0.452813
-2.60464 0.452813
-2.5988 0.452813
-2.59296 0.452458
-2.58712 0.451886
-2.58128 0.451267
-2.57544 0.450518
-2.5696 0.449681
-2.56376 0.448626
-2.55792 0.447482
-2.55208 0.446338
-2.54624 0.445106
-2.5404 0.443652
-2.53456 0.44211
-2.52872 0.440479
-2.52288 0.438804
-2.51704 0.43713
-2.5112 0.435409
-2.50536 0.433556
-2.49952 0.431825
-2.49368 0.430046
-2.48784 0.428349
-2.482 0.426496
-2.47616 0.424879
-2.47032 0.422968
-2.46448 0.421344
-2.45864 0.419261
-2.4528 0.417838
-2.44696 0.41567
-2.44112 0.414034
-2.43528 0.412732
-2.42944 0.411686
-2.4236 0.409053
-2.41776 0.408675
-2.41192 0.407121
-2.40608 0.406231
-2.40024 0.405383
-2.3944 0.403036
-2.38856 0.403274
-2.38272 0.403512
-2.37688 0.400821
-2.37104 0.400068
-2.3652 0.399593
-2.35936 0.398106
-2.35352 0.397805
-2.34768 0.397497
-2.34184 0.396436
-2.336 0.396593
-2.33016 0.395372
-2.32432 0.393259
-2.31848 0.391732
-2.31264 0.390715
-2.3068 0.390114
-2.30096 0.390385
-2.29512 0.389662
-2.28928 0.389236
-2.28344 0.388378
-2.2776 0.387651
-2.27176 0.386131
-2.26592 0.384985
-2.26008 0.384139
-2.25424 0.384675
-2.2484 0.382648
-2.24256 0.383096
-2.23672 0.381143
-2.23088 0.380779
-2.22504 0.380687
-2.2192 0.378196
-2.21336 0.377254
-2.20752 0.377454
-2.20168 0.374037
-2.19584 0.376928
-2.19 0.37267
-2.18416 0.370346
-2.17832 0.370968
-2.17248 0.368938
-2.16664 0.366018
-2.1608 0.36677
-2.15496 0.364111
-2.14912 0.364189
-2.14328 0.361319
-2.13744 0.361316
-2.1316 0.359625
-2.12576 0.357585
-2.11992 0.357064
-2.11408 0.356519
-2.10824 0.353701
-2.1024 0.353107
-2.09656 0.349301
-2.09072 0.349298
-2.08488 0.347245
-2.07904 0.347061
-2.0732 0.345337
-2.06736 0.345096
-2.06152 0.345568
-2.05568 0.343742
-2.04984 0.340621
-2.044 0.342737
-2.03816 0.340124
-2.03232 0.342077
-2.02648 0.337677
-2.02064 0.332823
-2.0148 0.331058
-2.00896 0.332749
-2.00312 0.330128
-1.99728 0.325391
-1.99144 0.326279
-1.9856 0.327322
-1.97976 0.326334
-1.97392 0.322148
-1.96808 0.321436
-1.96224 0.320935
-1.9564 0.321335
-1.95056 0.318137
-1.94472 0.317238
-1.93888 0.316187
-1.93304 0.31283
-1.9272 0.310648
-1.92136 0.307684
-1.91552 0.30439
-1.90968 0.303026
-1.90384 0.297474
-1.898 0.296613
-1.89216 0.291793
-1.88632 0.291728
-1.88048 0.284168
-1.87464 0.28278
-1.8688 0.282893
-1.86296 0.279062
-1.85712 0.275152
-1.85128 0.271211
-1.84544 0.268579
-1.8396 0.263974
-1.83376 0.261069
-1.82792 0.258536
-1.82208 0.254744
-1.81624 0.249308
-1.8104 0.246208
-1.80456 0.241387
-1.79872 0.238585
-1.79288 0.238439
-1.78704 0.232145
-1.7812 0.228957
-1.77536 0.223586
-1.76952 0.221412
-1.76368 0.216911
-1.75784 0.214982
-1.752 0.212832
-1.74616 0.208835
-1.74032 0.203707
-1.73448 0.202304
-1.72864 0.197709
-1.7228 0.19506
-1.71696 0.18841
-1.71112 0.184977
-1.70528 0.181418
-1.69944 0.176719
-1.6936 0.176227
-1.68776 0.172242
-1.68192 0.167717
-1.67608 0.164246
-1.67024 0.161694
-1.6644 0.15685
-1.65856 0.15505
-1.65272 0.154812
-1.64688 0.15288
-1.64104 0.150197
-1.6352 0.149194
-1.62936 0.151446
-1.62352 0.151189
-1.61768 0.150801
-1.61184 0.147111
-1.606 0.143214
-1.60016 0.144752
-1.59432 0.143772
-1.58848 0.143304
-1.58264 0.141655
-1.5768 0.143317
-1.57096 0.146241
-1.56512 0.146007
-1.55928 0.143164
-1.55344 0.142377
-1.5476 0.147119
-1.54176 0.147776
-1.53592 0.149172
-1.53008 0.148247
-1.52424 0.146747
-1.5184 0.144943
-1.51256 0.144547
-1.50672 0.147875
-1.50088 0.146885
-1.49504 0.151536
-1.4892 0.14867
-1.48336 0.150829
-1.47752 0.150708
-1.47168 0.152843
-1.46584 0.149399
-1.46 0.151306
-1.45416 0.1517
-1.44832 0.153395
-1.44248 0.15367
-1.43664 0.151597
-1.4308 0.155139
-1.42496 0.157718
-1.41912 0.156027
-1.41328 0.155504
-1.40744 0.157457
-1.4016 0.154708
-1.39576 0.156668
-1.38992 0.154726
-1.38408 0.153065
-1.37824 0.152483
-1.3724 0.153097
-1.36656 0.153064
-1.36072 0.15258
-1.35488 0.156096
-1.34904 0.154206
-1.3432 0.155758
-1.33736 0.158002
-1.33152 0.157372
-1.32568 0.160871
-1.31984 0.161811
-1.314 0.15829
-1.30816 0.163593
-1.30232 0.160806
-1.29648 0.159887
-1.29064 0.162375
-1.2848 0.166313
-1.27896 0.172491
-1.27312 0.174756
-1.26728 0.176609
-1.26144 0.1807
-1.2556 0.182426
-1.24976 0.185769
-1.24392 0.187941
-1.23808 0.191007
-1.23224 0.192367
-1.2264 0.194534
-1.22056 0.197736
-1.21472 0.200671
-1.20888 0.203724
-1.20304 0.207439
-1.1972 0.207028
-1.19136 0.211213
-1.18552 0.217126
-1.17968 0.217088
-1.17384 0.220507
-1.168 0.219589
-1.16216 0.221941
-1.15632 0.223567
-1.15048 0.226954
-1.14464 0.226277
-1.1388 0.233418
-1.13296 0.235737
-1.12712 0.239348
-1.12128 0.241342
-1.11544 0.244295
-1.1096 0.247292
-1.10376 0.251444
-1.09792 0.254712
-1.09208 0.258802
-1.08624 0.255076
-1.0804 0.257876
-1.07456 0.260287
-1.06872 0.264235
-1.06288 0.266464
-1.05704 0.274058
-1.0512 0.275043
-1.04536 0.278565
-1.03952 0.282427
-1.03368 0.28475
-1.02784 0.284941
-1.022 0.288124
-1.01616 0.290886
-1.01032 0.294068
-1.00448 0.295393
-0.99864 0.297341
-0.9928 0.30061
-0.98696 0.304383
-0.98112 0.306331
-0.97528 0.30807
-0.96944 0.312355
-0.9636 0.312404
-0.95776 0.314196
-0.95192 0.316625
-0.94608 0.315332
-0.94024 0.317241
-0.9344 0.31894
-0.92856 0.321197
-0.92272 0.323355
-0.91688 0.327038
-0.91104 0.329454
-0.9052 0.330481
-0.89936 0.334005
-0.89352 0.336159
-0.88768 0.340651
-0.88184 0.343026
-0.876 0.341322
-0.87016 0.346599
-0.86432 0.345749
-0.85848 0.34694
-0.85264 0.349155
-0.8468 0.351521
-0.84096 0.357711
-0.83512 0.358183
-0.82928 0.359676
-0.82344 0.363431
-0.8176 0.364489
-0.81176 0.366439
-0.80592 0.368627
-0.80008 0.369601
-0.79424 0.370059
-0.7884 0.371839
-0.78256 0.374535
-0.77672 0.375797
-0.77088 0.376716
-0.76504 0.379672
-0.7592 0.379242
-0.75336 0.381593
-0.74752 0.381845
-0.74168 0.382627
-0.73584 0.380257
-0.73 0.381678
-0.72416 0.378498
-0.71832 0.37912
-0.71248 0.378723
-0.70664 0.378999
-0.7008 0.379276
-0.69496 0.380395
-0.68912 0.380369
-0.68328 0.380643
-0.67744 0.380692
-0.6716 0.383916
-0.66576 0.383455
-0.65992 0.384807
-0.65408 0.384918
-0.64824 0.38358
-0.6424 0.383743
-0.63656 0.384116
-0.63072 0.384688
-0.62488 0.385642
-0.61904 0.387686
-0.6132 0.388256
-0.60736 0.388524
-0.60152 0.388285
-0.59568 0.388285
-0.58984 0.388285
-0.584 0.388285
-0.57816 0.388285
-0.57232 0.388285
-0.56648 0.388285
-0.56064 0.388285
-0.5548 0.388285
-0.54896 0.388285
-0.54312 0.388285
-0.53728 0.388285
-0.53144 0.388285
-0.5256 0.388285
-0.51976 0.388285
-0.51392 0.388285
-0.50808 0.388285
-0.50224 0.388285
-0.4964 0.388285
-0.49056 0.388285
-0.48472 0.388285
-0.47888 0.388285
-0.47304 0.388285
-0.4672 0.388285
-0.46136 0.388285
-0.45552 0.388285
-0.44968 0.388285
-0.44384 0.388285
-0.438 0.388285
-0.43216 0.388285
-0.42632 0.388285
-0.42048 0.388285
-0.41464 0.388285
-0.4088 0.388285
-0.40296 0.388285
-0.39712 0.388285
-0.39128 0.388285
-0.38544 0.388285
-0.3796 0.388285
-0.37376 0.388285
-0.36792 0.388285
-0.36208 0.388285
-0.35624 0.388285
-0.3504 0.388285
-0.34456 0.388285
-0.33872 0.388285
-0.33288 0.388285
-0.32704 0.388285
-0.3212 0.388285
-0.31536 0.388285
-0.30952 0.388285
-0.30368 0.388285
-0.29784 0.388285
-0.292 0.388285
-0.28616 0.388285
-0.28032 0.388285
-0.27448 0.388285
-0.26864 0.388285
-0.2628 0.388285
-0.25696 0.388285
-0.25112 0.388285
-0.24528 0.388285
-0.23944 0.388285
-0.2336 0.388285
-0.22776 0.388285
-0.22192 0.388285
-0.21608 0.388285
-0.21024 0.388285
-0.2044 0.388285
-0.19856 0.388285
-0.19272 0.388285
-0.18688 0.388285
-0.18104 0.388285
-0.1752 0.388285
-0.16936 0.388285
-0.16352 0.388285
-0.15768 0.388285
-0.15184 0.388285
-0.146 0.388285
-0.14016 0.388285
-0.13432 0.388285
-0.12848 0.388285
-0.12264 0.388285
-0.1168 0.388285
-0.11096 0.388285
-0.10512 0.388285
-0.09928 0.388285
-0.09344 0.388285
-0.0876 0.388285
-0.08176 0.388285
-0.07592 0.388285
-0.07008 0.388285
-0.06424 0.388285
-0.0584 0.388285
-0.05256 0.388285
-0.04672 0.388285
-0.04088 0.388285
-0.03504 0.388285
-0.0292 0.388285
-0.02336 0.388285
-0.01752 0.388285
-0.01168 0.388285
-0.00584 0.388285
