-2.92 0.479523
-2.91416 0.479523
-2.90832 0.479523
-2.90248 0.479523
-2.89664 0.479523
-2.8908 0.479523
-2.88496 0.479523
-2.87912 0.479523
-2.87328 0.479523
-2.86744 0.479523
-2.8616 0.479523
-2.85576 0.479523
-2.84992 0.479523
-2.84408 0.479523
-2.83824 0.479523
-2.8324 0.479523
-2.82656 0.479523
-2.82072 0.479523
-2.81488 0.479523
-2.80904 0.479523
-2.8032 0.479523
-2.79736 0.479523
-2.79152 0.479523
-2.78568 0.479523
-2.77984 0.479523
-2.774 0.479523
-2.76816 0.479523
-2.76232 0.479523
-2.75648 0.479523
-2.75064 0.479523
-2.7448 0.479523
-2.73896 0.479523
-2.73312 0.479523
-2.72728 0.479523
-2.72144 0.479523
-2.7156 0.479523
-2.70976 0.479523
-2.70392 0.479523
-2.69808 0.479523
-2.69224 0.479523
-2.6864 0.479523
-2.68056 0.479523
-2.67472 0.479523
-2.66888 0.479523
-2.66304 0.479523
-2.6572 0.479523
-2.65136 0.479523
-2.64552 0.479523
-2.63968 0.479523
-2.63384 0.479523
-2.628 0.479523
-2.62216 0.479523
-2.61632 0.479523
-2.61048 0.479523
-2.60464 0.479523
-2.5988 0.479523
-2.59296 0.47904
-2.58712 0.478423
-2.58128 0.477764
-2.57544 0.476926
-2.5696 0.475954
-2.56376 0.474807
-2.55792 0.473616
-2.55208 0.472379
-2.54624 0.471009
-2.5404 0.469466
-2.53456 0.467875
-2.52872 0.466159
-2.52288 0.464398
-2.51704 0.462597
-2.5112 0.460663
-2.50536 0.458773
-2.49952 0.457165
-2.49368 0.456135
-2.48784 0.454685
-2.482 0.454231
-2.47616 0.452565
-2.47032 0.452005
-2.46448 0.45062
-2.45864 0.450016
-2.4528 0.449621
-2.44696 0.44956
-2.44112 0.44714
-2.43528 0.446489
-2.42944 0.44539
-2.4236 0.443956
-2.41776 0.443763
-2.41192 0.444512
-2.40608 0.440757
-2.40024 0.440593
-2.3944 0.440925
-2.38856 0.438584
-2.38272 0.435083
-2.37688 0.434057
-2.37104 0.432156
-2.3652 0.431311
-2.35936 0.426847
-2.35352 0.425372
-2.34768 0.422608
-2.34184 0.419969
-2.336 0.418362
-2.33016 0.414882
-2.32432 0.415025
-2.31848 0.412671
-2.31264 0.409235
-2.3068 0.408325
-2.30096 0.402811
-2.29512 0.40203
-2.28928 0.400385
-2.28344 0.398201
-2.2776 0.396138
-2.27176 0.392875
-2.26592 0.390854
-2.26008 0.388789
-2.25424 0.389056
-2.2484 0.385269
-2.24256 0.382354
-2.23672 0.380213
-2.23088 0.378578
-2.22504 0.374751
-2.2192 0.371155
-2.21336 0.370123
-2.20752 0.366287
-2.20168 0.363479
-2.19584 0.360982
-2.19 0.357176
-2.18416 0.354623
-2.17832 0.352033
-2.17248 0.348191
-2.16664 0.345609
-2.1608 0.343103
-2.15496 0.338958
-2.14912 0.335502
-2.14328 0.331489
-2.13744 0.326844
-2.1316 0.323069
-2.12576 0.322585
-2.11992 0.317265
-2.11408 0.316056
-2.10824 0.310197
-2.1024 0.306091
-2.09656 0.30248
-2.09072 0.298054
-2.08488 0.298257
-2.07904 0.295144
-2.0732 0.291701
-2.06736 0.285432
-2.06152 0.281319
-2.05568 0.277894
-2.04984 0.27345
-2.044 0.271081
-2.03816 0.267227
-2.03232 0.261347
-2.02648 0.261851
-2.02064 0.256662
-2.0148 0.25213
-2.00896 0.246809
-2.00312 0.24507
-1.99728 0.242481
-1.99144 0.240891
-1.9856 0.237818
-1.97976 0.233839
-1.97392 0.233189
-1.96808 0.230519
-1.96224 0.231594
-1.9564 0.228658
-1.95056 0.225548
-1.94472 0.226236
-1.93888 0.222648
-1.93304 0.221199
-1.9272 0.22043
-1.92136 0.218646
-1.91552 0.217161
-1.90968 0.214632
-1.90384 0.212105
-1.898 0.21519
-1.89216 0.215234
-1.88632 0.212419
-1.88048 0.210672
-1.87464 0.208406
-1.8688 0.207181
-1.86296 0.208957
-1.85712 0.2059
-1.85128 0.205257
-1.84544 0.204336
-1.8396 0.20259
-1.83376 0.203076
-1.82792 0.206898
-1.82208 0.20479
-1.81624 0.204395
-1.8104 0.204044
-1.80456 0.203069
-1.79872 0.205287
-1.79288 0.205942
-1.78704 0.206127
-1.7812 0.201554
-1.77536 0.205303
-1.76952 0.205263
-1.76368 0.204933
-1.75784 0.205038
-1.752 0.204503
-1.74616 0.206943
-1.74032 0.208267
-1.73448 0.209286
-1.72864 0.210592
-1.7228 0.20851
-1.71696 0.210981
-1.71112 0.213041
-1.70528 0.213169
-1.69944 0.213373
-1.6936 0.213374
-1.68776 0.215149
-1.68192 0.213937
-1.67608 0.214802
-1.67024 0.210453
-1.6644 0.215221
-1.65856 0.213944
-1.65272 0.210818
-1.64688 0.214974
-1.64104 0.215859
-1.6352 0.212832
-1.62936 0.210835
-1.62352 0.210756
-1.61768 0.214648
-1.61184 0.216218
-1.606 0.220659
-1.60016 0.217208
-1.59432 0.224084
-1.58848 0.223364
-1.58264 0.225658
-1.5768 0.229288
-1.57096 0.230522
-1.56512 0.229296
-1.55928 0.235245
-1.55344 0.24192
-1.5476 0.242027
-1.54176 0.242372
-1.53592 0.244971
-1.53008 0.24693
-1.52424 0.248453
-1.5184 0.251373
-1.51256 0.252723
-1.50672 0.256074
-1.50088 0.259079
-1.49504 0.259562
-1.4892 0.267172
-1.48336 0.266248
-1.47752 0.268352
-1.47168 0.274607
-1.46584 0.26895
-1.46 0.278606
-1.45416 0.278397
-1.44832 0.284886
-1.44248 0.285638
-1.43664 0.286869
-1.4308 0.29159
-1.42496 0.296069
-1.41912 0.293971
-1.41328 0.299576
-1.40744 0.29825
-1.4016 0.303104
-1.39576 0.306269
-1.38992 0.306583
-1.38408 0.314716
-1.37824 0.314574
-1.3724 0.31797
-1.36656 0.321688
-1.36072 0.319858
-1.35488 0.323234
-1.34904 0.322258
-1.3432 0.323198
-1.33736 0.329242
-1.33152 0.332569
-1.32568 0.338052
-1.31984 0.338292
-1.314 0.342766
-1.30816 0.342282
-1.30232 0.349384
-1.29648 0.351545
-1.29064 0.351363
-1.2848 0.35774
-1.27896 0.357717
-1.27312 0.36103
-1.26728 0.364437
-1.26144 0.362335
-1.2556 0.362963
-1.24976 0.369086
-1.24392 0.36961
-1.23808 0.370455
-1.23224 0.374671
-1.2264 0.377478
-1.22056 0.380321
-1.21472 0.378771
-1.20888 0.384893
-1.20304 0.389469
-1.1972 0.38791
-1.19136 0.389905
-1.18552 0.391559
-1.17968 0.393859
-1.17384 0.396363
-1.168 0.403605
-1.16216 0.399003
-1.15632 0.402367
-1.15048 0.402717
-1.14464 0.402193
-1.1388 0.405327
-1.13296 0.407516
-1.12712 0.405109
-1.12128 0.410216
-1.11544 0.418312
-1.1096 0.418309
-1.10376 0.415375
-1.09792 0.416764
-1.09208 0.41721
-1.08624 0.418579
-1.0804 0.420355
-1.07456 0.421527
-1.06872 0.422829
-1.06288 0.423228
-1.05704 0.422473
-1.0512 0.426371
-1.04536 0.422341
-1.03952 0.422554
-1.03368 0.426958
-1.02784 0.418714
-1.022 0.423873
-1.01616 0.419969
-1.01032 0.42251
-1.00448 0.419546
-0.99864 0.419818
-0.9928 0.418047
-0.98696 0.419001
-0.98112 0.413761
-0.97528 0.417298
-0.96944 0.412507
-0.9636 0.412897
-0.95776 0.413752
-0.95192 0.411121
-0.94608 0.414805
-0.94024 0.411772
-0.9344 0.411291
-0.92856 0.411217
-0.92272 0.406747
-0.91688 0.406557
-0.91104 0.402221
-0.9052 0.401775
-0.89936 0.405135
-0.89352 0.406174
-0.88768 0.407336
-0.88184 0.404783
-0.876 0.405409
-0.87016 0.401456
-0.86432 0.403698
-0.85848 0.402985
-0.85264 0.401797
-0.8468 0.401763
-0.84096 0.400887
-0.83512 0.400434
-0.82928 0.400943
-0.82344 0.395047
-0.8176 0.397411
-0.81176 0.396819
-0.80592 0.396185
-0.80008 0.396207
-0.79424 0.394708
-0.7884 0.395195
-0.78256 0.394759
-0.77672 0.394271
-0.77088 0.392285
-0.76504 0.394821
-0.7592 0.394237
-0.75336 0.394123
-0.74752 0.39421
-0.74168 0.394366
-0.73584 0.394852
-0.73 0.395653
-0.72416 0.396231
-0.71832 0.396731
-0.71248 0.39719
-0.70664 0.397545
-0.7008 0.398542
-0.69496 0.39926
-0.68912 0.400166
-0.68328 0.401199
-0.67744 0.405809
-0.6716 0.406998
-0.66576 0.408028
-0.65992 0.408304
-0.65408 0.408393
-0.64824 0.409573
-0.6424 0.411974
-0.63656 0.413067
-0.63072 0.414155
-0.62488 0.413899
-0.61904 0.413382
-0.6132 0.413034
-0.60736 0.41209
-0.60152 0.412613
-0.59568 0.412613
-0.58984 0.412613
-0.584 0.412613
-0.57816 0.412613
-0.57232 0.412613
-0.56648 0.412613
-0.56064 0.412613
-0.5548 0.412613
-0.54896 0.412613
-0.54312 0.412613
-0.53728 0.412613
-0.53144 0.412613
-0.5256 0.412613
-0.51976 0.412613
-0.51392 0.412613
-0.50808 0.412613
-0.50224 0.412613
-0.4964 0.412613
-0.49056 0.412613
-0.48472 0.412613
-0.47888 0.412613
-0.47304 0.412613
-0.4672 0.412613
-0.46136 0.412613
-0.45552 0.412613
-0.44968 0.412613
-0.44384 0.412613
-0.438 0.412613
-0.43216 0.412613
-0.42632 0.412613
-0.42048 0.412613
-0.41464 0.412613
-0.4088 0.412613
-0.40296 0.412613
-0.39712 0.412613
-0.39128 0.412613
-0.38544 0.412613
-0.3796 0.412613
-0.37376 0.412613
-0.36792 0.412613
-0.36208 0.412613
-0.35624 0.412613
-0.3504 0.412613
-0.34456 0.412613
-0.33872 0.412613
-0.33288 0.412613
-0.32704 0.412613
-0.3212 0.412613
-0.31536 0.412613
-0.30952 0.412613
-0.30368 0.412613
-0.29784 0.412613
-0.292 0.412613
-0.28616 0.412613
-0.28032 0.412613
-0.27448 0.412613
-0.26864 0.412613
-0.2628 0.412613
-0.25696 0.412613
-0.25112 0.412613
-0.24528 0.412613
-0.23944 0.412613
-0.2336 0.412613
-0.22776 0.412613
-0.22192 0.412613
-0.21608 0.412613
-0.21024 0.412613
-0.2044 0.412613
-0.19856 0.412613
-0.19272 0.412613
-0.18688 0.412613
-0.18104 0.412613
-0.1752 0.412613
-0.16936 0.412613
-0.16352 0.412613
-0.15768 0.412613
-0.15184 0.412613
-0.146 0.412613
-0.14016 0.412613
-0.13432 0.412613
-0.12848 0.412613
-0.12264 0.412613
-0.1168 0.412613
-0.11096 0.412613
-0.10512 0.412613
-0.09928 0.412613
-0.09344 0.412613
-0.0876 0.412613
-0.08176 0.412613
-0.07592 0.412613
-0.07008 0.412613
-0.06424 0.412613
-0.0584 0.412613
-0.05256 0.412613
-0.04672 0.412613
-0.04088 0.412613
-0.03504 0.412613
-0.0292 0.412613
-0.02336 0.412613
-0.01752 0.412613
-0.01168 0.412613
-0.00584 0.412613
