-2.92 0.519578
-2.91416 0.519578
-2.90832 0.519578
-2.90248 0.519578
-2.89664 0.519578
-2.8908 0.519578
-2.88496 0.519578
-2.87912 0.519578
-2.87328 0.519578
-2.86744 0.519578
-2.8616 0.519578
-2.85576 0.519578
-2.84992 0.519578
-2.84408 0.519578
-2.83824 0.519578
-2.8324 0.519578
-2.82656 0.519578
-2.82072 0.519578
-2.81488 0.519578
-2.80904 0.519578
-2.8032 0.519578
-2.79736 0.519578
-2.79152 0.519578
-2.78568 0.519578
-2.77984 0.519578
-2.774 0.519578
-2.76816 0.519578
-2.76232 0.519578
-2.75648 0.519578
-2.75064 0.519578
-2.7448 0.519578
-2.73896 0.519578
-2.73312 0.519578
-2.72728 0.519578
-2.72144 0.519578
-2.7156 0.519578
-2.70976 0.519578
-2.70392 0.519578
-2.69808 0.519578
-2.69224 0.519578
-2.6864 0.519578
-2.68056 0.519578
-2.67472 0.519578
-2.66888 0.519578
-2.66304 0.519578
-2.6572 0.519578
-2.65136 0.519578
-2.64552 0.519578
-2.63968 0.519578
-2.63384 0.519578
-2.628 0.519578
-2.62216 0.519578
-2.61632 0.519578
-2.61048 0.519578
-2.60464 0.519578
-2.5988 0.519578
-2.59296 0.518781
-2.58712 0.517719
-2.58128 0.516611
-2.57544 0.515369
-2.5696 0.514039
-2.56376 0.512576
-2.55792 0.511024
-2.55208 0.509517
-2.54624 0.507919
-2.5404 0.506322
-2.53456 0.504678
-2.52872 0.503033
-2.52288 0.501304
-2.51704 0.499483
-2.5112 0.497576
-2.50536 0.495535
-2.49952 0.493946
-2.49368 0.492772
-2.48784 0.491598
-2.482 0.490472
-2.47616 0.489649
-2.47032 0.489151
-2.46448 0.487042
-2.45864 0.486625
-2.4528 0.485254
-2.44696 0.484833
-2.44112 0.483619
-2.43528 0.48393
-2.42944 0.48271
-2.4236 0.480783
-2.41776 0.481788
-2.41192 0.480645
-2.40608 0.479259
-2.40024 0.479143
-2.3944 0.478285
-2.38856 0.476345
-2.38272 0.475744
-2.37688 0.473979
-2.37104 0.470926
-2.3652 0.471328
-2.35936 0.468518
-2.35352 0.467818
-2.34768 0.46464
-2.34184 0.462337
-2.336 0.461723
-2.33016 0.460209
-2.32432 0.457601
-2.31848 0.45375
-2.31264 0.452104
-2.3068 0.450373
-2.30096 0.449599
-2.29512 0.446233
-2.28928 0.442218
-2.28344 0.440559
-2.2776 0.439198
-2.27176 0.439335
-2.26592 0.435656
-2.26008 0.433595
-2.25424 0.429633
-2.2484 0.430653
-2.24256 0.426791
-2.23672 0.423709
-2.23088 0.421795
-2.22504 0.419316
-2.2192 0.416559
-2.21336 0.413368
-2.20752 0.41242
-2.20168 0.4098
-2.19584 0.408218
-2.19 0.403522
-2.18416 0.403079
-2.17832 0.399327
-2.17248 0.397539
-2.16664 0.393702
-2.1608 0.390783
-2.15496 0.388553
-2.14912 0.386014
-2.14328 0.38488
-2.13744 0.380824
-2.1316 0.381177
-2.12576 0.375118
-2.11992 0.373938
-2.11408 0.372352
-2.10824 0.369114
-2.1024 0.367826
-2.09656 0.366266
-2.09072 0.361361
-2.08488 0.360022
-2.07904 0.356052
-2.0732 0.355501
-2.06736 0.35117
-2.06152 0.351134
-2.05568 0.352173
-2.04984 0.343636
-2.044 0.34122
-2.03816 0.340324
-2.03232 0.33807
-2.02648 0.338261
-2.02064 0.333009
-2.0148 0.333278
-2.00896 0.328958
-2.00312 0.328128
-1.99728 0.326111
-1.99144 0.324369
-1.9856 0.325463
-1.97976 0.319884
-1.97392 0.319
-1.96808 0.315071
-1.96224 0.314223
-1.9564 0.311642
-1.95056 0.307598
-1.94472 0.306408
-1.93888 0.300594
-1.93304 0.297733
-1.9272 0.294565
-1.92136 0.294405
-1.91552 0.290681
-1.90968 0.285745
-1.90384 0.281138
-1.898 0.276087
-1.89216 0.277971
-1.88632 0.270304
-1.88048 0.271169
-1.87464 0.265827
-1.8688 0.262413
-1.86296 0.257345
-1.85712 0.257405
-1.85128 0.252457
-1.84544 0.245351
-1.8396 0.242669
-1.83376 0.24384
-1.82792 0.240014
-1.82208 0.236881
-1.81624 0.230594
-1.8104 0.224605
-1.80456 0.225259
-1.79872 0.218849
-1.79288 0.21471
-1.78704 0.214795
-1.7812 0.210222
-1.77536 0.206777
-1.76952 0.203821
-1.76368 0.199108
-1.75784 0.196495
-1.752 0.192898
-1.74616 0.187444
-1.74032 0.185789
-1.73448 0.181321
-1.72864 0.177474
-1.7228 0.174103
-1.71696 0.170851
-1.71112 0.166189
-1.70528 0.162996
-1.69944 0.162536
-1.6936 0.16097
-1.68776 0.157268
-1.68192 0.152243
-1.67608 0.149189
-1.67024 0.147994
-1.6644 0.148617
-1.65856 0.144614
-1.65272 0.144404
-1.64688 0.145662
-1.64104 0.143292
-1.6352 0.143116
-1.62936 0.138631
-1.62352 0.139069
-1.61768 0.139997
-1.61184 0.13959
-1.606 0.141936
-1.60016 0.140186
-1.59432 0.143069
-1.58848 0.139851
-1.58264 0.142993
-1.5768 0.139874
-1.57096 0.142859
-1.56512 0.143235
-1.55928 0.145145
-1.55344 0.144408
-1.5476 0.150118
-1.54176 0.147255
-1.53592 0.150957
-1.53008 0.145111
-1.52424 0.148882
-1.5184 0.145383
-1.51256 0.148536
-1.50672 0.148911
-1.50088 0.149226
-1.49504 0.147096
-1.4892 0.155085
-1.48336 0.150465
-1.47752 0.153339
-1.47168 0.151342
-1.46584 0.155886
-1.46 0.157065
-1.45416 0.157203
-1.44832 0.160318
-1.44248 0.159824
-1.43664 0.159511
-1.4308 0.159892
-1.42496 0.161823
-1.41912 0.163217
-1.41328 0.163808
-1.40744 0.164961
-1.4016 0.165321
-1.39576 0.165693
-1.38992 0.166924
-1.38408 0.169905
-1.37824 0.167681
-1.3724 0.167212
-1.36656 0.171222
-1.36072 0.173008
-1.35488 0.169691
-1.34904 0.168579
-1.3432 0.170397
-1.33736 0.169428
-1.33152 0.171699
-1.32568 0.173724
-1.31984 0.178635
-1.314 0.176796
-1.30816 0.182241
-1.30232 0.1829
-1.29648 0.183312
-1.29064 0.187118
-1.2848 0.190255
-1.27896 0.193532
-1.27312 0.19823
-1.26728 0.20201
-1.26144 0.203414
-1.2556 0.207745
-1.24976 0.210858
-1.24392 0.213252
-1.23808 0.220782
-1.23224 0.221107
-1.2264 0.225655
-1.22056 0.229957
-1.21472 0.231989
-1.20888 0.235735
-1.20304 0.23621
-1.1972 0.238689
-1.19136 0.24124
-1.18552 0.2437
-1.17968 0.246744
-1.17384 0.24967
-1.168 0.253154
-1.16216 0.253899
-1.15632 0.258202
-1.15048 0.258452
-1.14464 0.260371
-1.1388 0.259924
-1.13296 0.264932
-1.12712 0.2638
-1.12128 0.270226
-1.11544 0.270925
-1.1096 0.276221
-1.10376 0.277103
-1.09792 0.280541
-1.09208 0.278352
-1.08624 0.283995
-1.0804 0.282209
-1.07456 0.287836
-1.06872 0.287477
-1.06288 0.291988
-1.05704 0.291941
-1.0512 0.300024
-1.04536 0.299546
-1.03952 0.30295
-1.03368 0.305642
-1.02784 0.309896
-1.022 0.311399
-1.01616 0.3152
-1.01032 0.318529
-1.00448 0.320453
-0.99864 0.321001
-0.9928 0.321057
-0.98696 0.324692
-0.98112 0.327609
-0.97528 0.329009
-0.96944 0.330801
-0.9636 0.333949
-0.95776 0.33523
-0.95192 0.338476
-0.94608 0.33992
-0.94024 0.340585
-0.9344 0.343424
-0.92856 0.34691
-0.92272 0.349751
-0.91688 0.347052
-0.91104 0.348316
-0.9052 0.350049
-0.89936 0.351842
-0.89352 0.354474
-0.88768 0.358158
-0.88184 0.359619
-0.876 0.358293
-0.87016 0.364833
-0.86432 0.36374
-0.85848 0.363804
-0.85264 0.366266
-0.8468 0.368219
-0.84096 0.370929
-0.83512 0.372713
-0.82928 0.376719
-0.82344 0.377317
-0.8176 0.381037
-0.81176 0.383023
-0.80592 0.385734
-0.80008 0.38847
-0.79424 0.389295
-0.7884 0.392404
-0.78256 0.393917
-0.77672 0.395894
-0.77088 0.398136
-0.76504 0.398337
-0.7592 0.398131
-0.75336 0.399803
-0.74752 0.398659
-0.74168 0.399128
-0.73584 0.399324
-0.73 0.399773
-0.72416 0.398166
-0.71832 0.400638
-0.71248 0.399104
-0.70664 0.400267
-0.7008 0.396886
-0.69496 0.398259
-0.68912 0.397428
-0.68328 0.398008
-0.67744 0.398017
-0.6716 0.398924
-0.66576 0.398839
-0.65992 0.40006
-0.65408 0.399662
-0.64824 0.401008
-0.6424 0.399254
-0.63656 0.400508
-0.63072 0.401721
-0.62488 0.402678
-0.61904 0.403634
-0.6132 0.405509
-0.60736 0.405656
-0.60152 0.405591
-0.59568 0.405591
-0.58984 0.405591
-0.584 0.405591
-0.57816 0.405591
-0.57232 0.405591
-0.56648 0.405591
-0.56064 0.405591
-0.5548 0.405591
-0.54896 0.405591
-0.54312 0.405591
-0.53728 0.405591
-0.53144 0.405591
-0.5256 0.405591
-0.51976 0.405591
-0.51392 0.405591
-0.50808 0.405591
-0.50224 0.405591
-0.4964 0.405591
-0.49056 0.405591
-0.48472 0.405591
-0.47888 0.405591
-0.47304 0.405591
-0.4672 0.405591
-0.46136 0.405591
-0.45552 0.405591
-0.44968 0.405591
-0.44384 0.405591
-0.438 0.405591
-0.43216 0.405591
-0.42632 0.405591
-0.42048 0.405591
-0.41464 0.405591
-0.4088 0.405591
-0.40296 0.405591
-0.39712 0.405591
-0.39128 0.405591
-0.38544 0.405591
-0.3796 0.405591
-0.37376 0.405591
-0.36792 0.405591
-0.36208 0.405591
-0.35624 0.405591
-0.3504 0.405591
-0.34456 0.405591
-0.33872 0.405591
-0.33288 0.405591
-0.32704 0.405591
-0.3212 0.405591
-0.31536 0.405591
-0.30952 0.405591
-0.30368 0.405591
-0.29784 0.405591
-0.292 0.405591
-0.28616 0.405591
-0.28032 0.405591
-0.27448 0.405591
-0.26864 0.405591
-0.2628 0.405591
-0.25696 0.405591
-0.25112 0.405591
-0.24528 0.405591
-0.23944 0.405591
-0.2336 0.405591
-0.22776 0.405591
-0.22192 0.405591
-0.21608 0.405591
-0.21024 0.405591
-0.2044 0.405591
-0.19856 0.405591
-0.19272 0.405591
-0.18688 0.405591
-0.18104 0.405591
-0.1752 0.405591
-0.16936 0.405591
-0.16352 0.405591
-0.15768 0.405591
-0.15184 0.405591
-0.146 0.405591
-0.14016 0.405591
-0.13432 0.405591
-0.12848 0.405591
-0.12264 0.405591
-0.1168 0.405591
-0.11096 0.405591
-0.10512 0.405591
-0.09928 0.405591
-0.09344 0.405591
-0.0876 0.405591
-0.08176 0.405591
-0.07592 0.405591
-0.07008 0.405591
-0.06424 0.405591
-0.0584 0.405591
-0.05256 0.405591
-0.04672 0.405591
-0.04088 0.405591
-0.03504 0.405591
-0.0292 0.405591
-0.02336 0.405591
-0.01752 0.405591
-0.01168 0.405591
-0.00584 0.405591
