-2.92 0.46675
-2.91416 0.46675
-2.90832 0.46675
-2.90248 0.46675
-2.89664 0.46675
-2.8908 0.46675
-2.88496 0.46675
-2.87912 0.46675
-2.87328 0.46675
-2.86744 0.46675
-2.8616 0.46675
-2.85576 0.46675
-2.84992 0.46675
-2.84408 0.46675
-2.83824 0.46675
-2.8324 0.46675
-2.82656 0.46675
-2.82072 0.46675
-2.81488 0.46675
-2.80904 0.46675
-2.8032 0.46675
-2.79736 0.46675
-2.79152 0.46675
-2.78568 0.46675
-2.77984 0.46675
-2.774 0.46675
-2.76816 0.46675
-2.76232 0.46675
-2.75648 0.46675
-2.75064 0.46675
-2.7448 0.46675
-2.73896 0.46675
-2.73312 0.46675
-2.72728 0.46675
-2.72144 0.46675
-2.7156 0.46675
-2.70976 0.46675
-2.70392 0.46675
-2.69808 0.46675
-2.69224 0.46675
-2.6864 0.46675
-2.68056 0.46675
-2.67472 0.46675
-2.66888 0.46675
-2.66304 0.46675
-2.6572 0.46675
-2.65136 0.46675
-2.64552 0.46675
-2.63968 0.46675
-2.63384 0.46675
-2.628 0.46675
-2.62216 0.46675
-2.61632 0.46675
-2.61048 0.46675
-2.60464 0.46675
-2.5988 0.46675
-2.59296 0.466396
-2.58712 0.465776
-2.58128 0.465066
-2.57544 0.464312
-2.5696 0.463423
-2.56376 0.462402
-2.55792 0.461291
-2.55208 0.460225
-2.54624 0.459069
-2.5404 0.457736
-2.53456 0.456403
-2.52872 0.454981
-2.52288 0.453559
-2.51704 0.452004
-2.5112 0.45036
-2.50536 0.448631
-2.49952 0.447019
-2.49368 0.445576
-2.48784 0.444087
-2.482 0.442437
-2.47616 0.441105
-2.47032 0.439764
-2.46448 0.438297
-2.45864 0.43691
-2.4528 0.435847
-2.44696 0.435568
-2.44112 0.434133
-2.43528 0.432943
-2.42944 0.432787
-2.4236 0.431678
-2.41776 0.430773
-2.41192 0.430537
-2.40608 0.430248
-2.40024 0.430049
-2.3944 0.429048
-2.38856 0.428756
-2.38272 0.427552
-2.37688 0.426711
-2.37104 0.425254
-2.3652 0.425704
-2.35936 0.423873
-2.35352 0.421214
-2.34768 0.420949
-2.34184 0.421646
-2.336 0.421544
-2.33016 0.419923
-2.32432 0.4187
-2.31848 0.417565
-2.31264 0.417392
-2.3068 0.417515
-2.30096 0.416178
-2.29512 0.415568
-2.28928 0.412468
-2.28344 0.41317
-2.2776 0.413662
-2.27176 0.411624
-2.26592 0.410868
-2.26008 0.409837
-2.25424 0.406867
-2.2484 0.406778
-2.24256 0.403307
-2.23672 0.402009
-2.23088 0.402336
-2.22504 0.398275
-2.2192 0.399888
-2.21336 0.396624
-2.20752 0.395084
-2.20168 0.394065
-2.19584 0.393179
-2.19 0.391221
-2.18416 0.388832
-2.17832 0.386312
-2.17248 0.385636
-2.16664 0.380874
-2.1608 0.382714
-2.15496 0.377921
-2.14912 0.378297
-2.14328 0.377931
-2.13744 0.371885
-2.1316 0.372947
-2.12576 0.369794
-2.11992 0.370319
-2.11408 0.369021
-2.10824 0.363711
-2.1024 0.362377
-2.09656 0.360884
-2.09072 0.360043
-2.08488 0.358235
-2.07904 0.354304
-2.0732 0.354282
-2.06736 0.354246
-2.06152 0.347704
-2.05568 0.34725
-2.04984 0.344589
-2.044 0.345201
-2.03816 0.344789
-2.03232 0.340956
-2.02648 0.338649
-2.02064 0.335794
-2.0148 0.334072
-2.00896 0.332918
-2.00312 0.334206
-1.99728 0.328276
-1.99144 0.329358
-1.9856 0.326027
-1.97976 0.323881
-1.97392 0.32441
-1.96808 0.321926
-1.96224 0.320285
-1.9564 0.31963
-1.95056 0.315859
-1.94472 0.313459
-1.93888 0.305471
-1.93304 0.306759
-1.9272 0.302053
-1.92136 0.298954
-1.91552 0.298891
-1.90968 0.295122
-1.90384 0.293089
-1.898 0.28925
-1.89216 0.282025
-1.88632 0.281229
-1.88048 0.278194
-1.87464 0.276415
-1.8688 0.270521
-1.86296 0.271786
-1.85712 0.263401
-1.85128 0.258444
-1.84544 0.255777
-1.8396 0.25617
-1.83376 0.251901
-1.82792 0.251475
-1.82208 0.244529
-1.81624 0.241333
-1.8104 0.240763
-1.80456 0.236462
-1.79872 0.231973
-1.79288 0.227177
-1.78704 0.220075
-1.7812 0.218383
-1.77536 0.218855
-1.76952 0.215673
-1.76368 0.210618
-1.75784 0.206536
-1.752 0.202595
-1.74616 0.197801
-1.74032 0.194507
-1.73448 0.192876
-1.72864 0.190923
-1.7228 0.184632
-1.71696 0.18467
-1.71112 0.18039
-1.70528 0.178241
-1.69944 0.170543
-1.6936 0.171308
-1.68776 0.167059
-1.68192 0.163532
-1.67608 0.16255
-1.67024 0.157409
-1.6644 0.158822
-1.65856 0.153521
-1.65272 0.157315
-1.64688 0.153146
-1.64104 0.152407
-1.6352 0.153338
-1.62936 0.151977
-1.62352 0.151652
-1.61768 0.155432
-1.61184 0.150195
-1.606 0.149969
-1.60016 0.150657
-1.59432 0.152743
-1.58848 0.150575
-1.58264 0.152089
-1.5768 0.147468
-1.57096 0.149046
-1.56512 0.148253
-1.55928 0.147237
-1.55344 0.147815
-1.5476 0.150597
-1.54176 0.147625
-1.53592 0.148879
-1.53008 0.148896
-1.52424 0.151058
-1.5184 0.147832
-1.51256 0.147187
-1.50672 0.149605
-1.50088 0.144457
-1.49504 0.144865
-1.4892 0.150794
-1.48336 0.148851
-1.47752 0.149787
-1.47168 0.150867
-1.46584 0.150643
-1.46 0.150812
-1.45416 0.152982
-1.44832 0.156015
-1.44248 0.155911
-1.43664 0.153675
-1.4308 0.157396
-1.42496 0.155384
-1.41912 0.158209
-1.41328 0.155326
-1.40744 0.157445
-1.4016 0.157586
-1.39576 0.15999
-1.38992 0.158853
-1.38408 0.158893
-1.37824 0.16132
-1.3724 0.160604
-1.36656 0.158744
-1.36072 0.16162
-1.35488 0.158381
-1.34904 0.15742
-1.3432 0.158947
-1.33736 0.158951
-1.33152 0.161726
-1.32568 0.159836
-1.31984 0.162985
-1.314 0.162154
-1.30816 0.16814
-1.30232 0.166239
-1.29648 0.170423
-1.29064 0.173705
-1.2848 0.173618
-1.27896 0.177828
-1.27312 0.181032
-1.26728 0.184113
-1.26144 0.186286
-1.2556 0.189048
-1.24976 0.192757
-1.24392 0.198636
-1.23808 0.199518
-1.23224 0.203637
-1.2264 0.20464
-1.22056 0.206944
-1.21472 0.21045
-1.20888 0.213477
-1.20304 0.213013
-1.1972 0.215405
-1.19136 0.218877
-1.18552 0.221643
-1.17968 0.22582
-1.17384 0.225026
-1.168 0.228392
-1.16216 0.230768
-1.15632 0.236575
-1.15048 0.235231
-1.14464 0.235944
-1.1388 0.235739
-1.13296 0.238498
-1.12712 0.240627
-1.12128 0.242839
-1.11544 0.244451
-1.1096 0.250707
-1.10376 0.248987
-1.09792 0.250828
-1.09208 0.257631
-1.08624 0.260189
-1.0804 0.258029
-1.07456 0.257042
-1.06872 0.262302
-1.06288 0.261889
-1.05704 0.261631
-1.0512 0.269365
-1.04536 0.27048
-1.03952 0.272928
-1.03368 0.277147
-1.02784 0.278151
-1.022 0.280672
-1.01616 0.284426
-1.01032 0.286187
-1.00448 0.286909
-0.99864 0.288934
-0.9928 0.290704
-0.98696 0.290908
-0.98112 0.295534
-0.97528 0.295488
-0.96944 0.297846
-0.9636 0.29855
-0.95776 0.300155
-0.95192 0.302134
-0.94608 0.30286
-0.94024 0.306094
-0.9344 0.306125
-0.92856 0.305859
-0.92272 0.309177
-0.91688 0.306598
-0.91104 0.308022
-0.9052 0.311474
-0.89936 0.311258
-0.89352 0.314932
-0.88768 0.315802
-0.88184 0.317612
-0.876 0.318051
-0.87016 0.321124
-0.86432 0.318952
-0.85848 0.321053
-0.85264 0.321963
-0.8468 0.323007
-0.84096 0.324885
-0.83512 0.326398
-0.82928 0.327082
-0.82344 0.330943
-0.8176 0.331446
-0.81176 0.333613
-0.80592 0.336269
-0.80008 0.338054
-0.79424 0.339654
-0.7884 0.340645
-0.78256 0.343279
-0.77672 0.343269
-0.77088 0.34519
-0.76504 0.345723
-0.7592 0.345577
-0.75336 0.346181
-0.74752 0.345619
-0.74168 0.347278
-0.73584 0.344896
-0.73 0.346136
-0.72416 0.344553
-0.71832 0.3465
-0.71248 0.345375
-0.70664 0.346524
-0.7008 0.343002
-0.69496 0.344055
-0.68912 0.34302
-0.68328 0.344545
-0.67744 0.344334
-0.6716 0.345182
-0.66576 0.344338
-0.65992 0.345508
-0.65408 0.345656
-0.64824 0.346743
-0.6424 0.344602
-0.63656 0.345723
-0.63072 0.346633
-0.62488 0.347669
-0.61904 0.348575
-0.6132 0.350274
-0.60736 0.350626
-0.60152 0.350391
-0.59568 0.350391
-0.58984 0.350391
-0.584 0.350391
-0.57816 0.350391
-0.57232 0.350391
-0.56648 0.350391
-0.56064 0.350391
-0.5548 0.350391
-0.54896 0.350391
-0.54312 0.350391
-0.53728 0.350391
-0.53144 0.350391
-0.5256 0.350391
-0.51976 0.350391
-0.51392 0.350391
-0.50808 0.350391
-0.50224 0.350391
-0.4964 0.350391
-0.49056 0.350391
-0.48472 0.350391
-0.47888 0.350391
-0.47304 0.350391
-0.4672 0.350391
-0.46136 0.350391
-0.45552 0.350391
-0.44968 0.350391
-0.44384 0.350391
-0.438 0.350391
-0.43216 0.350391
-0.42632 0.350391
-0.42048 0.350391
-0.41464 0.350391
-0.4088 0.350391
-0.40296 0.350391
-0.39712 0.350391
-0.39128 0.350391
-0.38544 0.350391
-0.3796 0.350391
-0.37376 0.350391
-0.36792 0.350391
-0.36208 0.350391
-0.35624 0.350391
-0.3504 0.350391
-0.34456 0.350391
-0.33872 0.350391
-0.33288 0.350391
-0.32704 0.350391
-0.3212 0.350391
-0.31536 0.350391
-0.30952 0.350391
-0.30368 0.350391
-0.29784 0.350391
-0.292 0.350391
-0.28616 0.350391
-0.28032 0.350391
-0.27448 0.350391
-0.26864 0.350391
-0.2628 0.350391
-0.25696 0.350391
-0.25112 0.350391
-0.24528 0.350391
-0.23944 0.350391
-0.2336 0.350391
-0.22776 0.350391
-0.22192 0.350391
-0.21608 0.350391
-0.21024 0.350391
-0.2044 0.350391
-0.19856 0.350391
-0.19272 0.350391
-0.18688 0.350391
-0.18104 0.350391
-0.1752 0.350391
-0.16936 0.350391
-0.16352 0.350391
-0.15768 0.350391
-0.15184 0.350391
-0.146 0.350391
-0.14016 0.350391
-0.13432 0.350391
-0.12848 0.350391
-0.12264 0.350391
-0.1168 0.350391
-0.11096 0.350391
-0.10512 0.350391
-0.09928 0.350391
-0.09344 0.350391
-0.0876 0.350391
-0.08176 0.350391
-0.07592 0.350391
-0.07008 0.350391
-0.06424 0.350391
-0.0584 0.350391
-0.05256 0.350391
-0.04672 0.350391
-0.04088 0.350391
-0.03504 0.350391
-0.0292 0.350391
-0.02336 0.350391
-0.01752 0.350391
-0.01168 0.350391
-0.00584 0.350391
