-2.92 0.504801
-2.91416 0.504801
-2.90832 0.504801
-2.90248 0.504801
-2.89664 0.504801
-2.8908 0.504801
-2.88496 0.504801
-2.87912 0.504801
-2.87328 0.504801
-2.86744 0.504801
-2.8616 0.504801
-2.85576 0.504801
-2.84992 0.504801
-2.84408 0.504801
-2.83824 0.504801
-2.8324 0.504801
-2.82656 0.504801
-2.82072 0.504801
-2.81488 0.504801
-2.80904 0.504801
-2.8032 0.504801
-2.79736 0.504801
-2.79152 0.504801
-2.78568 0.504801
-2.77984 0.504801
-2.774 0.504801
-2.76816 0.504801
-2.76232 0.504801
-2.75648 0.504801
-2.75064 0.504801
-2.7448 0.504801
-2.73896 0.504801
-2.73312 0.504801
-2.72728 0.504801
-2.72144 0.504801
-2.7156 0.504801
-2.70976 0.504801
-2.70392 0.504801
-2.69808 0.504801
-2.69224 0.504801
-2.6864 0.504801
-2.68056 0.504801
-2.67472 0.504801
-2.66888 0.504801
-2.66304 0.504801
-2.6572 0.504801
-2.65136 0.504801
-2.64552 0.504801
-2.63968 0.504801
-2.63384 0.504801
-2.628 0.504801
-2.62216 0.504801
-2.61632 0.504801
-2.61048 0.504801
-2.60464 0.504801
-2.5988 0.504801
-2.59296 0.504181
-2.58712 0.503209
-2.58128 0.502148
-2.57544 0.500911
-2.5696 0.499451
-2.56376 0.497902
-2.55792 0.496265
-2.55208 0.494584
-2.54624 0.492861
-2.5404 0.490959
-2.53456 0.489015
-2.52872 0.486938
-2.52288 0.484862
-2.51704 0.482697
-2.5112 0.480529
-2.50536 0.478363
-2.49952 0.476191
-2.49368 0.474315
-2.48784 0.472056
-2.482 0.470256
-2.47616 0.468147
-2.47032 0.465627
-2.46448 0.463553
-2.45864 0.462014
-2.4528 0.459446
-2.44696 0.45729
-2.44112 0.45472
-2.43528 0.452718
-2.42944 0.449987
-2.4236 0.448359
-2.41776 0.445584
-2.41192 0.444785
-2.40608 0.443193
-2.40024 0.4412
-2.3944 0.439608
-2.38856 0.43827
-2.38272 0.43663
-2.37688 0.435303
-2.37104 0.433329
-2.3652 0.432
-2.35936 0.430072
-2.35352 0.429151
-2.34768 0.426321
-2.34184 0.426513
-2.336 0.425464
-2.33016 0.423916
-2.32432 0.42146
-2.31848 0.42146
-2.31264 0.418785
-2.3068 0.418742
-2.30096 0.416697
-2.29512 0.417388
-2.28928 0.414766
-2.28344 0.413006
-2.2776 0.410837
-2.27176 0.411084
-2.26592 0.409992
-2.26008 0.410825
-2.25424 0.408184
-2.2484 0.406259
-2.24256 0.406958
-2.23672 0.404448
-2.23088 0.405182
-2.22504 0.402001
-2.2192 0.400108
-2.21336 0.400736
-2.20752 0.397516
-2.20168 0.399175
-2.19584 0.397275
-2.19 0.395779
-2.18416 0.395945
-2.17832 0.393588
-2.17248 0.391531
-2.16664 0.389961
-2.1608 0.38762
-2.15496 0.387322
-2.14912 0.383331
-2.14328 0.38377
-2.13744 0.383515
-2.1316 0.382893
-2.12576 0.377247
-2.11992 0.376975
-2.11408 0.373157
-2.10824 0.372395
-2.1024 0.373338
-2.09656 0.372172
-2.09072 0.36823
-2.08488 0.36815
-2.07904 0.365538
-2.0732 0.362906
-2.06736 0.361324
-2.06152 0.360156
-2.05568 0.359153
-2.04984 0.35738
-2.044 0.356898
-2.03816 0.355095
-2.03232 0.349595
-2.02648 0.348215
-2.02064 0.349728
-2.0148 0.344556
-2.00896 0.343103
-2.00312 0.340534
-1.99728 0.342191
-1.99144 0.338193
-1.9856 0.336532
-1.97976 0.336247
-1.97392 0.332843
-1.96808 0.332434
-1.96224 0.330253
-1.9564 0.328358
-1.95056 0.3239
-1.94472 0.319261
-1.93888 0.320163
-1.93304 0.313606
-1.9272 0.315448
-1.92136 0.308865
-1.91552 0.303512
-1.90968 0.303272
-1.90384 0.303181
-1.898 0.294123
-1.89216 0.292174
-1.88632 0.290296
-1.88048 0.283734
-1.87464 0.281018
-1.8688 0.278262
-1.86296 0.275958
-1.85712 0.267599
-1.85128 0.269513
-1.84544 0.261879
-1.8396 0.258678
-1.83376 0.253596
-1.82792 0.25197
-1.82208 0.24861
-1.81624 0.247879
-1.8104 0.24375
-1.80456 0.239035
-1.79872 0.232882
-1.79288 0.228162
-1.78704 0.224891
-1.7812 0.222071
-1.77536 0.21507
-1.76952 0.211334
-1.76368 0.20756
-1.75784 0.203238
-1.752 0.199209
-1.74616 0.193751
-1.74032 0.194089
-1.73448 0.187253
-1.72864 0.186586
-1.7228 0.178826
-1.71696 0.176263
-1.71112 0.168138
-1.70528 0.168205
-1.69944 0.16447
-1.6936 0.161334
-1.68776 0.157098
-1.68192 0.154238
-1.67608 0.146579
-1.67024 0.144355
-1.6644 0.144207
-1.65856 0.141144
-1.65272 0.13907
-1.64688 0.136598
-1.64104 0.135402
-1.6352 0.135407
-1.62936 0.132991
-1.62352 0.131447
-1.61768 0.132927
-1.61184 0.128093
-1.606 0.132058
-1.60016 0.128382
-1.59432 0.131583
-1.58848 0.13063
-1.58264 0.127676
-1.5768 0.12848
-1.57096 0.129017
-1.56512 0.128763
-1.55928 0.126778
-1.55344 0.129269
-1.5476 0.129706
-1.54176 0.129577
-1.53592 0.128501
-1.53008 0.130076
-1.52424 0.128734
-1.5184 0.129603
-1.51256 0.125608
-1.50672 0.127112
-1.50088 0.12514
-1.49504 0.128156
-1.4892 0.132964
-1.48336 0.130927
-1.47752 0.134572
-1.47168 0.132284
-1.46584 0.136747
-1.46 0.13701
-1.45416 0.139987
-1.44832 0.142032
-1.44248 0.13967
-1.43664 0.140136
-1.4308 0.139482
-1.42496 0.142831
-1.41912 0.141616
-1.41328 0.142447
-1.40744 0.145513
-1.4016 0.146947
-1.39576 0.144027
-1.38992 0.145103
-1.38408 0.147072
-1.37824 0.149135
-1.3724 0.146152
-1.36656 0.147773
-1.36072 0.14746
-1.35488 0.148128
-1.34904 0.148416
-1.3432 0.145895
-1.33736 0.148249
-1.33152 0.148218
-1.32568 0.150863
-1.31984 0.149918
-1.314 0.150275
-1.30816 0.154884
-1.30232 0.155385
-1.29648 0.15992
-1.29064 0.161527
-1.2848 0.163062
-1.27896 0.165577
-1.27312 0.168645
-1.26728 0.17525
-1.26144 0.180333
-1.2556 0.181259
-1.24976 0.18409
-1.24392 0.187981
-1.23808 0.192155
-1.23224 0.194734
-1.2264 0.196862
-1.22056 0.199708
-1.21472 0.201811
-1.20888 0.20557
-1.20304 0.20896
-1.1972 0.211727
-1.19136 0.213933
-1.18552 0.216628
-1.17968 0.218846
-1.17384 0.221267
-1.168 0.224615
-1.16216 0.226991
-1.15632 0.231605
-1.15048 0.234903
-1.14464 0.235214
-1.1388 0.234431
-1.13296 0.236744
-1.12712 0.239284
-1.12128 0.241591
-1.11544 0.245198
-1.1096 0.24769
-1.10376 0.249611
-1.09792 0.252743
-1.09208 0.255857
-1.08624 0.258516
-1.0804 0.258468
-1.07456 0.258034
-1.06872 0.261831
-1.06288 0.263028
-1.05704 0.267303
-1.0512 0.272179
-1.04536 0.275491
-1.03952 0.281902
-1.03368 0.280044
-1.02784 0.285736
-1.022 0.289384
-1.01616 0.294141
-1.01032 0.297452
-1.00448 0.298179
-0.99864 0.299105
-0.9928 0.300341
-0.98696 0.305352
-0.98112 0.306691
-0.97528 0.310434
-0.96944 0.314049
-0.9636 0.315414
-0.95776 0.316224
-0.95192 0.319118
-0.94608 0.322003
-0.94024 0.325857
-0.9344 0.325711
-0.92856 0.328544
-0.92272 0.329873
-0.91688 0.330908
-0.91104 0.333537
-0.9052 0.333356
-0.89936 0.338073
-0.89352 0.337717
-0.88768 0.342159
-0.88184 0.342809
-0.876 0.343506
-0.87016 0.348477
-0.86432 0.348307
-0.85848 0.351038
-0.85264 0.352616
-0.8468 0.354391
-0.84096 0.356513
-0.83512 0.357066
-0.82928 0.363381
-0.82344 0.366706
-0.8176 0.366966
-0.81176 0.369706
-0.80592 0.372696
-0.80008 0.375239
-0.79424 0.377131
-0.7884 0.379401
-0.78256 0.380212
-0.77672 0.381758
-0.77088 0.383778
-0.76504 0.38483
-0.7592 0.385339
-0.75336 0.385712
-0.74752 0.385703
-0.74168 0.385624
-0.73584 0.385282
-0.73 0.386953
-0.72416 0.385977
-0.71832 0.387861
-0.71248 0.387756
-0.70664 0.388507
-0.7008 0.384759
-0.69496 0.38702
-0.68912 0.386244
-0.68328 0.386688
-0.67744 0.387035
-0.6716 0.388616
-0.66576 0.388081
-0.65992 0.388891
-0.65408 0.38933
-0.64824 0.3906
-0.6424 0.388766
-0.63656 0.390073
-0.63072 0.391248
-0.62488 0.392419
-0.61904 0.39346
-0.6132 0.39508
-0.60736 0.395604
-0.60152 0.395456
-0.59568 0.395456
-0.58984 0.395456
-0.584 0.395456
-0.57816 0.395456
-0.57232 0.395456
-0.56648 0.395456
-0.56064 0.395456
-0.5548 0.395456
-0.54896 0.395456
-0.54312 0.395456
-0.53728 0.395456
-0.53144 0.395456
-0.5256 0.395456
-0.51976 0.395456
-0.51392 0.395456
-0.50808 0.395456
-0.50224 0.395456
-0.4964 0.395456
-0.49056 0.395456
-0.48472 0.395456
-0.47888 0.395456
-0.47304 0.395456
-0.4672 0.395456
-0.46136 0.395456
-0.45552 0.395456
-0.44968 0.395456
-0.44384 0.395456
-0.438 0.395456
-0.43216 0.395456
-0.42632 0.395456
-0.42048 0.395456
-0.41464 0.395456
-0.4088 0.395456
-0.40296 0.395456
-0.39712 0.395456
-0.39128 0.395456
-0.38544 0.395456
-0.3796 0.395456
-0.37376 0.395456
-0.36792 0.395456
-0.36208 0.395456
-0.35624 0.395456
-0.3504 0.395456
-0.34456 0.395456
-0.33872 0.395456
-0.33288 0.395456
-0.32704 0.395456
-0.3212 0.395456
-0.31536 0.395456
-0.30952 0.395456
-0.30368 0.395456
-0.29784 0.395456
-0.292 0.395456
-0.28616 0.395456
-0.28032 0.395456
-0.27448 0.395456
-0.26864 0.395456
-0.2628 0.395456
-0.25696 0.395456
-0.25112 0.395456
-0.24528 0.395456
-0.23944 0.395456
-0.2336 0.395456
-0.22776 0.395456
-0.22192 0.395456
-0.21608 0.395456
-0.21024 0.395456
-0.2044 0.395456
-0.19856 0.395456
-0.19272 0.395456
-0.18688 0.395456
-0.18104 0.395456
-0.1752 0.395456
-0.16936 0.395456
-0.16352 0.395456
-0.15768 0.395456
-0.15184 0.395456
-0.146 0.395456
-0.14016 0.395456
-0.13432 0.395456
-0.12848 0.395456
-0.12264 0.395456
-0.1168 0.395456
-0.11096 0.395456
-0.10512 0.395456
-0.09928 0.395456
-0.09344 0.395456
-0.0876 0.395456
-0.08176 0.395456
-0.07592 0.395456
-0.07008 0.395456
-0.06424 0.395456
-0.0584 0.395456
-0.05256 0.395456
-0.04672 0.395456
-0.04088 0.395456
-0.03504 0.395456
-0.0292 0.395456
-0.02336 0.395456
-0.01752 0.395456
-0.01168 0.395456
-0.00584 0.395456
