-2.92 0.407752
-2.91416 0.407752
-2.90832 0.407752
-2.90248 0.407752
-2.89664 0.407752
-2.8908 0.407752
-2.88496 0.407752
-2.87912 0.407752
-2.87328 0.407752
-2.86744 0.407752
-2.8616 0.407752
-2.85576 0.407752
-2.84992 0.407752
-2.84408 0.407752
-2.83824 0.407752
-2.8324 0.407752
-2.82656 0.407752
-2.82072 0.407752
-2.81488 0.407752
-2.80904 0.407752
-2.8032 0.407752
-2.79736 0.407752
-2.79152 0.407752
-2.78568 0.407752
-2.77984 0.407752
-2.774 0.407752
-2.76816 0.407752
-2.76232 0.407752
-2.75648 0.407752
-2.75064 0.407752
-2.7448 0.407752
-2.73896 0.407752
-2.73312 0.407752
-2.72728 0.407752
-2.72144 0.407752
-2.7156 0.407752
-2.70976 0.407752
-2.70392 0.407752
-2.69808 0.407752
-2.69224 0.407752
-2.6864 0.407752
-2.68056 0.407752
-2.67472 0.407752
-2.66888 0.407752
-2.66304 0.407752
-2.6572 0.407752
-2.65136 0.407752
-2.64552 0.407752
-2.63968 0.407752
-2.63384 0.407752
-2.628 0.407752
-2.62216 0.407752
-2.61632 0.407752
-2.61048 0.407752
-2.60464 0.407752
-2.5988 0.407752
-2.59296 0.407093
-2.58712 0.406345
-2.58128 0.405553
-2.57544 0.404629
-2.5696 0.40366
-2.56376 0.402514
-2.55792 0.401235
-2.55208 0.4
-2.54624 0.398678
-2.5404 0.397222
-2.53456 0.395679
-2.52872 0.394091
-2.52288 0.392503
-2.51704 0.390913
-2.5112 0.38928
-2.50536 0.387642
-2.49952 0.385871
-2.49368 0.384392
-2.48784 0.383039
-2.482 0.381609
-2.47616 0.380038
-2.47032 0.377878
-2.46448 0.376131
-2.45864 0.374999
-2.4528 0.372213
-2.44696 0.370628
-2.44112 0.369944
-2.43528 0.368192
-2.42944 0.366233
-2.4236 0.363774
-2.41776 0.36255
-2.41192 0.361374
-2.40608 0.358911
-2.40024 0.35719
-2.3944 0.356299
-2.38856 0.355693
-2.38272 0.353944
-2.37688 0.353881
-2.37104 0.351585
-2.3652 0.349575
-2.35936 0.348809
-2.35352 0.348743
-2.34768 0.347367
-2.34184 0.346142
-2.336 0.346217
-2.33016 0.344671
-2.32432 0.343778
-2.31848 0.343382
-2.31264 0.342828
-2.3068 0.342327
-2.30096 0.340949
-2.29512 0.339689
-2.28928 0.34067
-2.28344 0.339629
-2.2776 0.338606
-2.27176 0.337688
-2.26592 0.338293
-2.26008 0.337456
-2.25424 0.337489
-2.2484 0.336817
-2.24256 0.336344
-2.23672 0.33702
-2.23088 0.334118
-2.22504 0.335222
-2.2192 0.332447
-2.21336 0.334682
-2.20752 0.332876
-2.20168 0.332473
-2.19584 0.331335
-2.19 0.329758
-2.18416 0.330364
-2.17832 0.330485
-2.17248 0.330269
-2.16664 0.329949
-2.1608 0.328734
-2.15496 0.329201
-2.14912 0.328952
-2.14328 0.326744
-2.13744 0.324806
-2.1316 0.324882
-2.12576 0.325455
-2.11992 0.324905
-2.11408 0.324561
-2.10824 0.322823
-2.1024 0.319015
-2.09656 0.320758
-2.09072 0.320161
-2.08488 0.319813
-2.07904 0.317292
-2.0732 0.317503
-2.06736 0.316734
-2.06152 0.313591
-2.05568 0.315548
-2.04984 0.314058
-2.044 0.312445
-2.03816 0.314296
-2.03232 0.311776
-2.02648 0.310568
-2.02064 0.311354
-2.0148 0.308063
-2.00896 0.307341
-2.00312 0.307166
-1.99728 0.306434
-1.99144 0.303763
-1.9856 0.304261
-1.97976 0.30223
-1.97392 0.299391
-1.96808 0.305789
-1.96224 0.296719
-1.9564 0.299695
-1.95056 0.294825
-1.94472 0.29797
-1.93888 0.290092
-1.93304 0.287753
-1.9272 0.284756
-1.92136 0.285029
-1.91552 0.281236
-1.90968 0.276628
-1.90384 0.274772
-1.898 0.272755
-1.89216 0.271874
-1.88632 0.266632
-1.88048 0.264925
-1.87464 0.261947
-1.8688 0.259633
-1.86296 0.256641
-1.85712 0.253807
-1.85128 0.250093
-1.84544 0.246515
-1.8396 0.24449
-1.83376 0.240163
-1.82792 0.237019
-1.82208 0.232384
-1.81624 0.230431
-1.8104 0.227453
-1.80456 0.22321
-1.79872 0.223462
-1.79288 0.222702
-1.78704 0.213084
-1.7812 0.212665
-1.77536 0.207975
-1.76952 0.207669
-1.76368 0.201381
-1.75784 0.198958
-1.752 0.192928
-1.74616 0.187767
-1.74032 0.186929
-1.73448 0.184395
-1.72864 0.180145
-1.7228 0.178461
-1.71696 0.172831
-1.71112 0.17282
-1.70528 0.165913
-1.69944 0.164403
-1.6936 0.1619
-1.68776 0.155509
-1.68192 0.154185
-1.67608 0.149843
-1.67024 0.150632
-1.6644 0.146032
-1.65856 0.144407
-1.65272 0.144076
-1.64688 0.142373
-1.64104 0.139765
-1.6352 0.13906
-1.62936 0.138115
-1.62352 0.137638
-1.61768 0.138101
-1.61184 0.136622
-1.606 0.137041
-1.60016 0.134162
-1.59432 0.133529
-1.58848 0.13587
-1.58264 0.13777
-1.5768 0.134988
-1.57096 0.137955
-1.56512 0.134122
-1.55928 0.135986
-1.55344 0.135046
-1.5476 0.132835
-1.54176 0.13203
-1.53592 0.132421
-1.53008 0.136323
-1.52424 0.134796
-1.5184 0.129017
-1.51256 0.132956
-1.50672 0.129927
-1.50088 0.134527
-1.49504 0.131069
-1.4892 0.131391
-1.48336 0.135038
-1.47752 0.135374
-1.47168 0.134098
-1.46584 0.136623
-1.46 0.138496
-1.45416 0.138926
-1.44832 0.138746
-1.44248 0.138619
-1.43664 0.138207
-1.4308 0.140826
-1.42496 0.1412
-1.41912 0.139897
-1.41328 0.1411
-1.40744 0.140039
-1.4016 0.143378
-1.39576 0.143012
-1.38992 0.141495
-1.38408 0.143169
-1.37824 0.142812
-1.3724 0.140896
-1.36656 0.142108
-1.36072 0.143186
-1.35488 0.139319
-1.34904 0.138143
-1.3432 0.141756
-1.33736 0.141827
-1.33152 0.139829
-1.32568 0.140076
-1.31984 0.140129
-1.314 0.140166
-1.30816 0.143692
-1.30232 0.14468
-1.29648 0.148208
-1.29064 0.148508
-1.2848 0.149956
-1.27896 0.150621
-1.27312 0.158189
-1.26728 0.160806
-1.26144 0.163998
-1.2556 0.165077
-1.24976 0.169319
-1.24392 0.174197
-1.23808 0.177601
-1.23224 0.181328
-1.2264 0.182398
-1.22056 0.182075
-1.21472 0.187589
-1.20888 0.190832
-1.20304 0.191541
-1.1972 0.193147
-1.19136 0.195416
-1.18552 0.197854
-1.17968 0.200741
-1.17384 0.206197
-1.168 0.206675
-1.16216 0.20896
-1.15632 0.209495
-1.15048 0.213385
-1.14464 0.214259
-1.1388 0.215207
-1.13296 0.217804
-1.12712 0.217989
-1.12128 0.221549
-1.11544 0.223671
-1.1096 0.224205
-1.10376 0.228378
-1.09792 0.229535
-1.09208 0.233334
-1.08624 0.236643
-1.0804 0.233761
-1.07456 0.23651
-1.06872 0.238788
-1.06288 0.242566
-1.05704 0.241922
-1.0512 0.248731
-1.04536 0.251194
-1.03952 0.255087
-1.03368 0.256884
-1.02784 0.25942
-1.022 0.263182
-1.01616 0.266956
-1.01032 0.266354
-1.00448 0.271881
-0.99864 0.272181
-0.9928 0.275294
-0.98696 0.277618
-0.98112 0.279875
-0.97528 0.279762
-0.96944 0.282515
-0.9636 0.28582
-0.95776 0.288437
-0.95192 0.288635
-0.94608 0.291251
-0.94024 0.293486
-0.9344 0.294491
-0.92856 0.297879
-0.92272 0.297133
-0.91688 0.297411
-0.91104 0.298578
-0.9052 0.30127
-0.89936 0.303181
-0.89352 0.30416
-0.88768 0.305558
-0.88184 0.308223
-0.876 0.307958
-0.87016 0.310982
-0.86432 0.311607
-0.85848 0.312507
-0.85264 0.314662
-0.8468 0.315922
-0.84096 0.316988
-0.83512 0.319637
-0.82928 0.323485
-0.82344 0.325003
-0.8176 0.326619
-0.81176 0.327956
-0.80592 0.33179
-0.80008 0.333144
-0.79424 0.335578
-0.7884 0.337103
-0.78256 0.336759
-0.77672 0.340128
-0.77088 0.341003
-0.76504 0.342439
-0.7592 0.34141
-0.75336 0.341033
-0.74752 0.341486
-0.74168 0.342185
-0.73584 0.340751
-0.73 0.341578
-0.72416 0.340847
-0.71832 0.340329
-0.71248 0.340235
-0.70664 0.341526
-0.7008 0.339027
-0.69496 0.33998
-0.68912 0.337681
-0.68328 0.339883
-0.67744 0.338596
-0.6716 0.339573
-0.66576 0.338822
-0.65992 0.340422
-0.65408 0.340573
-0.64824 0.341365
-0.6424 0.339193
-0.63656 0.340239
-0.63072 0.341149
-0.62488 0.342016
-0.61904 0.342843
-0.6132 0.344626
-0.60736 0.344981
-0.60152 0.344538
-0.59568 0.344538
-0.58984 0.344538
-0.584 0.344538
-0.57816 0.344538
-0.57232 0.344538
-0.56648 0.344538
-0.56064 0.344538
-0.5548 0.344538
-0.54896 0.344538
-0.54312 0.344538
-0.53728 0.344538
-0.53144 0.344538
-0.5256 0.344538
-0.51976 0.344538
-0.51392 0.344538
-0.50808 0.344538
-0.50224 0.344538
-0.4964 0.344538
-0.49056 0.344538
-0.48472 0.344538
-0.47888 0.344538
-0.47304 0.344538
-0.4672 0.344538
-0.46136 0.344538
-0.45552 0.344538
-0.44968 0.344538
-0.44384 0.344538
-0.438 0.344538
-0.43216 0.344538
-0.42632 0.344538
-0.42048 0.344538
-0.41464 0.344538
-0.4088 0.344538
-0.40296 0.344538
-0.39712 0.344538
-0.39128 0.344538
-0.38544 0.344538
-0.3796 0.344538
-0.37376 0.344538
-0.36792 0.344538
-0.36208 0.344538
-0.35624 0.344538
-0.3504 0.344538
-0.34456 0.344538
-0.33872 0.344538
-0.33288 0.344538
-0.32704 0.344538
-0.3212 0.344538
-0.31536 0.344538
-0.30952 0.344538
-0.30368 0.344538
-0.29784 0.344538
-0.292 0.344538
-0.28616 0.344538
-0.28032 0.344538
-0.27448 0.344538
-0.26864 0.344538
-0.2628 0.344538
-0.25696 0.344538
-0.25112 0.344538
-0.24528 0.344538
-0.23944 0.344538
-0.2336 0.344538
-0.22776 0.344538
-0.22192 0.344538
-0.21608 0.344538
-0.21024 0.344538
-0.2044 0.344538
-0.19856 0.344538
-0.19272 0.344538
-0.18688 0.344538
-0.18104 0.344538
-0.1752 0.344538
-0.16936 0.344538
-0.16352 0.344538
-0.15768 0.344538
-0.15184 0.344538
-0.146 0.344538
-0.14016 0.344538
-0.13432 0.344538
-0.12848 0.344538
-0.12264 0.344538
-0.1168 0.344538
-0.11096 0.344538
-0.10512 0.344538
-0.09928 0.344538
-0.09344 0.344538
-0.0876 0.344538
-0.08176 0.344538
-0.07592 0.344538
-0.07008 0.344538
-0.06424 0.344538
-0.0584 0.344538
-0.05256 0.344538
-0.04672 0.344538
-0.04088 0.344538
-0.03504 0.344538
-0.0292 0.344538
-0.02336 0.344538
-0.01752 0.344538
-0.01168 0.344538
-0.00584 0.344538
