-2.92 0.435107
-2.91416 0.435107
-2.90832 0.435107
-2.90248 0.435107
-2.89664 0.435107
-2.8908 0.435107
-2.88496 0.435107
-2.87912 0.435107
-2.87328 0.435107
-2.86744 0.435107
-2.8616 0.435107
-2.85576 0.435107
-2.84992 0.435107
-2.84408 0.435107
-2.83824 0.435107
-2.8324 0.435107
-2.82656 0.435107
-2.82072 0.435107
-2.81488 0.435107
-2.80904 0.435107
-2.8032 0.435107
-2.79736 0.435107
-2.79152 0.435107
-2.78568 0.435107
-2.77984 0.435107
-2.774 0.435107
-2.76816 0.435107
-2.76232 0.435107
-2.75648 0.435107
-2.75064 0.435107
-2.7448 0.435107
-2.73896 0.435107
-2.73312 0.435107
-2.72728 0.435107
-2.72144 0.435107
-2.7156 0.435107
-2.70976 0.435107
-2.70392 0.435107
-2.69808 0.435107
-2.69224 0.435107
-2.6864 0.435107
-2.68056 0.435107
-2.67472 0.435107
-2.66888 0.435107
-2.66304 0.435107
-2.6572 0.435107
-2.65136 0.435107
-2.64552 0.435107
-2.63968 0.435107
-2.63384 0.435107
-2.628 0.435107
-2.62216 0.435107
-2.61632 0.435107
-2.61048 0.435107
-2.60464 0.435107
-2.5988 0.435107
-2.59296 0.43449
-2.58712 0.433698
-2.58128 0.432817
-2.57544 0.431846
-2.5696 0.430876
-2.56376 0.429772
-2.55792 0.428537
-2.55208 0.427258
-2.54624 0.425979
-2.5404 0.424568
-2.53456 0.423156
-2.52872 0.421653
-2.52288 0.420105
-2.51704 0.418559
-2.5112 0.416968
-2.50536 0.415376
-2.49952 0.413568
-2.49368 0.411759
-2.48784 0.409906
-2.482 0.408394
-2.47616 0.406527
-2.47032 0.404614
-2.46448 0.402446
-2.45864 0.400775
-2.4528 0.398979
-2.44696 0.39677
-2.44112 0.394971
-2.43528 0.393174
-2.42944 0.390675
-2.4236 0.389866
-2.41776 0.387817
-2.41192 0.386144
-2.40608 0.383556
-2.40024 0.382898
-2.3944 0.380644
-2.38856 0.378746
-2.38272 0.376734
-2.37688 0.375047
-2.37104 0.372067
-2.3652 0.371046
-2.35936 0.367978
-2.35352 0.366916
-2.34768 0.365012
-2.34184 0.364689
-2.336 0.361841
-2.33016 0.361014
-2.32432 0.358401
-2.31848 0.357757
-2.31264 0.354268
-2.3068 0.355896
-2.30096 0.353515
-2.29512 0.351787
-2.28928 0.350419
-2.28344 0.351735
-2.2776 0.350074
-2.27176 0.347062
-2.26592 0.347134
-2.26008 0.346162
-2.25424 0.346224
-2.2484 0.344619
-2.24256 0.342796
-2.23672 0.343389
-2.23088 0.341249
-2.22504 0.341434
-2.2192 0.342239
-2.21336 0.33829
-2.20752 0.337348
-2.20168 0.334825
-2.19584 0.334288
-2.19 0.337307
-2.18416 0.335298
-2.17832 0.334934
-2.17248 0.333829
-2.16664 0.333441
-2.1608 0.332881
-2.15496 0.335101
-2.14912 0.33273
-2.14328 0.331895
-2.13744 0.329194
-2.1316 0.328882
-2.12576 0.330323
-2.11992 0.330473
-2.11408 0.330307
-2.10824 0.328729
-2.1024 0.323918
-2.09656 0.323439
-2.09072 0.325038
-2.08488 0.326933
-2.07904 0.325673
-2.0732 0.323238
-2.06736 0.323555
-2.06152 0.322781
-2.05568 0.320846
-2.04984 0.322329
-2.044 0.321504
-2.03816 0.318472
-2.03232 0.318174
-2.02648 0.317984
-2.02064 0.315264
-2.0148 0.317563
-2.00896 0.313813
-2.00312 0.316773
-1.99728 0.314422
-1.99144 0.31504
-1.9856 0.311266
-1.97976 0.310357
-1.97392 0.308733
-1.96808 0.310773
-1.96224 0.310455
-1.9564 0.306361
-1.95056 0.303242
-1.94472 0.302117
-1.93888 0.297181
-1.93304 0.296001
-1.9272 0.295155
-1.92136 0.29313
-1.91552 0.288515
-1.90968 0.288302
-1.90384 0.283265
-1.898 0.280132
-1.89216 0.28143
-1.88632 0.275616
-1.88048 0.272295
-1.87464 0.268921
-1.8688 0.267619
-1.86296 0.260088
-1.85712 0.256592
-1.85128 0.257866
-1.84544 0.251682
-1.8396 0.24818
-1.83376 0.243842
-1.82792 0.242958
-1.82208 0.239079
-1.81624 0.234266
-1.8104 0.230909
-1.80456 0.233198
-1.79872 0.225296
-1.79288 0.223212
-1.78704 0.217236
-1.7812 0.211817
-1.77536 0.210133
-1.76952 0.206275
-1.76368 0.199622
-1.75784 0.199878
-1.752 0.196695
-1.74616 0.190809
-1.74032 0.188343
-1.73448 0.185877
-1.72864 0.179894
-1.7228 0.176541
-1.71696 0.175081
-1.71112 0.168126
-1.70528 0.166882
-1.69944 0.164456
-1.6936 0.162904
-1.68776 0.157597
-1.68192 0.152684
-1.67608 0.149309
-1.67024 0.146076
-1.6644 0.147788
-1.65856 0.142952
-1.65272 0.141795
-1.64688 0.140175
-1.64104 0.139395
-1.6352 0.141163
-1.62936 0.138652
-1.62352 0.138968
-1.61768 0.136971
-1.61184 0.137407
-1.606 0.135814
-1.60016 0.133695
-1.59432 0.136306
-1.58848 0.134362
-1.58264 0.133915
-1.5768 0.132465
-1.57096 0.133071
-1.56512 0.134882
-1.55928 0.132587
-1.55344 0.131904
-1.5476 0.134346
-1.54176 0.131798
-1.53592 0.132582
-1.53008 0.133091
-1.52424 0.134676
-1.5184 0.128794
-1.51256 0.13243
-1.50672 0.131103
-1.50088 0.130725
-1.49504 0.128075
-1.4892 0.130706
-1.48336 0.131255
-1.47752 0.132974
-1.47168 0.130147
-1.46584 0.130338
-1.46 0.132404
-1.45416 0.134401
-1.44832 0.133893
-1.44248 0.133122
-1.43664 0.133243
-1.4308 0.133401
-1.42496 0.135187
-1.41912 0.132433
-1.41328 0.134925
-1.40744 0.134119
-1.4016 0.135313
-1.39576 0.135237
-1.38992 0.134488
-1.38408 0.135446
-1.37824 0.132988
-1.3724 0.135602
-1.36656 0.134364
-1.36072 0.136017
-1.35488 0.130463
-1.34904 0.129248
-1.3432 0.131806
-1.33736 0.132611
-1.33152 0.12893
-1.32568 0.131351
-1.31984 0.130352
-1.314 0.128919
-1.30816 0.134619
-1.30232 0.13263
-1.29648 0.134507
-1.29064 0.135901
-1.2848 0.140047
-1.27896 0.142219
-1.27312 0.145003
-1.26728 0.148429
-1.26144 0.154565
-1.2556 0.155353
-1.24976 0.15672
-1.24392 0.159408
-1.23808 0.165939
-1.23224 0.16651
-1.2264 0.169002
-1.22056 0.171864
-1.21472 0.172594
-1.20888 0.173159
-1.20304 0.179784
-1.1972 0.180998
-1.19136 0.182013
-1.18552 0.18348
-1.17968 0.187997
-1.17384 0.188275
-1.168 0.190813
-1.16216 0.192702
-1.15632 0.196499
-1.15048 0.197437
-1.14464 0.198059
-1.1388 0.19685
-1.13296 0.196649
-1.12712 0.203228
-1.12128 0.203606
-1.11544 0.205992
-1.1096 0.207688
-1.10376 0.21153
-1.09792 0.21169
-1.09208 0.216259
-1.08624 0.217663
-1.0804 0.218026
-1.07456 0.218434
-1.06872 0.222445
-1.06288 0.222538
-1.05704 0.223297
-1.0512 0.228881
-1.04536 0.232137
-1.03952 0.23546
-1.03368 0.235024
-1.02784 0.237896
-1.022 0.242524
-1.01616 0.246396
-1.01032 0.246427
-1.00448 0.248991
-0.99864 0.251492
-0.9928 0.252681
-0.98696 0.255119
-0.98112 0.256093
-0.97528 0.258464
-0.96944 0.260158
-0.9636 0.26256
-0.95776 0.264812
-0.95192 0.265868
-0.94608 0.269009
-0.94024 0.269805
-0.9344 0.27229
-0.92856 0.272506
-0.92272 0.275632
-0.91688 0.272073
-0.91104 0.273
-0.9052 0.27667
-0.89936 0.27844
-0.89352 0.278245
-0.88768 0.279626
-0.88184 0.282286
-0.876 0.283151
-0.87016 0.287509
-0.86432 0.284888
-0.85848 0.287293
-0.85264 0.287704
-0.8468 0.290268
-0.84096 0.290749
-0.83512 0.29263
-0.82928 0.295978
-0.82344 0.298789
-0.8176 0.299953
-0.81176 0.300381
-0.80592 0.302804
-0.80008 0.305883
-0.79424 0.307577
-0.7884 0.308347
-0.78256 0.308876
-0.77672 0.309921
-0.77088 0.3103
-0.76504 0.312711
-0.7592 0.312498
-0.75336 0.31185
-0.74752 0.31175
-0.74168 0.311936
-0.73584 0.310791
-0.73 0.309451
-0.72416 0.308971
-0.71832 0.311766
-0.71248 0.30905
-0.70664 0.310028
-0.7008 0.305599
-0.69496 0.306386
-0.68912 0.306132
-0.68328 0.306567
-0.67744 0.306287
-0.6716 0.306759
-0.66576 0.306295
-0.65992 0.306919
-0.65408 0.306995
-0.64824 0.308162
-0.6424 0.305769
-0.63656 0.306641
-0.63072 0.307558
-0.62488 0.30838
-0.61904 0.309119
-0.6132 0.310614
-0.60736 0.311047
-0.60152 0.310726
-0.59568 0.310726
-0.58984 0.310726
-0.584 0.310726
-0.57816 0.310726
-0.57232 0.310726
-0.56648 0.310726
-0.56064 0.310726
-0.5548 0.310726
-0.54896 0.310726
-0.54312 0.310726
-0.53728 0.310726
-0.53144 0.310726
-0.5256 0.310726
-0.51976 0.310726
-0.51392 0.310726
-0.50808 0.310726
-0.50224 0.310726
-0.4964 0.310726
-0.49056 0.310726
-0.48472 0.310726
-0.47888 0.310726
-0.47304 0.310726
-0.4672 0.310726
-0.46136 0.310726
-0.45552 0.310726
-0.44968 0.310726
-0.44384 0.310726
-0.438 0.310726
-0.43216 0.310726
-0.42632 0.310726
-0.42048 0.310726
-0.41464 0.310726
-0.4088 0.310726
-0.40296 0.310726
-0.39712 0.310726
-0.39128 0.310726
-0.38544 0.310726
-0.3796 0.310726
-0.37376 0.310726
-0.36792 0.310726
-0.36208 0.310726
-0.35624 0.310726
-0.3504 0.310726
-0.34456 0.310726
-0.33872 0.310726
-0.33288 0.310726
-0.32704 0.310726
-0.3212 0.310726
-0.31536 0.310726
-0.30952 0.310726
-0.30368 0.310726
-0.29784 0.310726
-0.292 0.310726
-0.28616 0.310726
-0.28032 0.310726
-0.27448 0.310726
-0.26864 0.310726
-0.2628 0.310726
-0.25696 0.310726
-0.25112 0.310726
-0.24528 0.310726
-0.23944 0.310726
-0.2336 0.310726
-0.22776 0.310726
-0.22192 0.310726
-0.21608 0.310726
-0.21024 0.310726
-0.2044 0.310726
-0.19856 0.310726
-0.19272 0.310726
-0.18688 0.310726
-0.18104 0.310726
-0.1752 0.310726
-0.16936 0.310726
-0.16352 0.310726
-0.15768 0.310726
-0.15184 0.310726
-0.146 0.310726
-0.14016 0.310726
-0.13432 0.310726
-0.12848 0.310726
-0.12264 0.310726
-0.1168 0.310726
-0.11096 0.310726
-0.10512 0.310726
-0.09928 0.310726
-0.09344 0.310726
-0.0876 0.310726
-0.08176 0.310726
-0.07592 0.310726
-0.07008 0.310726
-0.06424 0.310726
-0.0584 0.310726
-0.05256 0.310726
-0.04672 0.310726
-0.04088 0.310726
-0.03504 0.310726
-0.0292 0.310726
-0.02336 0.310726
-0.01752 0.310726
-0.01168 0.310726
-0.00584 0.310726
