-2.92 0.512178
-2.91416 0.512178
-2.90832 0.512178
-2.90248 0.512178
-2.89664 0.512178
-2.8908 0.512178
-2.88496 0.512178
-2.87912 0.512178
-2.87328 0.512178
-2.86744 0.512178
-2.8616 0.512178
-2.85576 0.512178
-2.84992 0.512178
-2.84408 0.512178
-2.83824 0.512178
-2.8324 0.512178
-2.82656 0.512178
-2.82072 0.512178
-2.81488 0.512178
-2.80904 0.512178
-2.8032 0.512178
-2.79736 0.512178
-2.79152 0.512178
-2.78568 0.512178
-2.77984 0.512178
-2.774 0.512178
-2.76816 0.512178
-2.76232 0.512178
-2.75648 0.512178
-2.75064 0.512178
-2.7448 0.512178
-2.73896 0.512178
-2.73312 0.512178
-2.72728 0.512178
-2.72144 0.512178
-2.7156 0.512178
-2.70976 0.512178
-2.70392 0.512178
-2.69808 0.512178
-2.69224 0.512178
-2.6864 0.512178
-2.68056 0.512178
-2.67472 0.512178
-2.66888 0.512178
-2.66304 0.512178
-2.6572 0.512178
-2.65136 0.512178
-2.64552 0.512178
-2.63968 0.512178
-2.63384 0.512178
-2.628 0.512178
-2.62216 0.512178
-2.61632 0.512178
-2.61048 0.512178
-2.60464 0.512178
-2.5988 0.512178
-2.59296 0.511649
-2.58712 0.510903
-2.58128 0.510068
-2.57544 0.509102
-2.5696 0.507915
-2.56376 0.50655
-2.55792 0.505009
-2.55208 0.503424
-2.54624 0.501708
-2.5404 0.49999
-2.53456 0.49814
-2.52872 0.496246
-2.52288 0.494309
-2.51704 0.492284
-2.5112 0.490127
-2.50536 0.487967
-2.49952 0.485719
-2.49368 0.483603
-2.48784 0.481487
-2.482 0.479458
-2.47616 0.477209
-2.47032 0.474916
-2.46448 0.472619
-2.45864 0.470278
-2.4528 0.467768
-2.44696 0.465422
-2.44112 0.462869
-2.43528 0.460396
-2.42944 0.457923
-2.4236 0.455447
-2.41776 0.453134
-2.41192 0.45037
-2.40608 0.448013
-2.40024 0.445496
-2.3944 0.442837
-2.38856 0.44089
-2.38272 0.438322
-2.37688 0.435366
-2.37104 0.433198
-2.3652 0.430456
-2.35936 0.427487
-2.35352 0.42515
-2.34768 0.422355
-2.34184 0.420221
-2.336 0.416712
-2.33016 0.414582
-2.32432 0.411744
-2.31848 0.408531
-2.31264 0.406261
-2.3068 0.403883
-2.30096 0.400995
-2.29512 0.39769
-2.28928 0.395091
-2.28344 0.392561
-2.2776 0.389662
-2.27176 0.385808
-2.26592 0.383741
-2.26008 0.381071
-2.25424 0.378493
-2.2484 0.374552
-2.24256 0.3711
-2.23672 0.368161
-2.23088 0.365917
-2.22504 0.362625
-2.2192 0.357849
-2.21336 0.355529
-2.20752 0.354199
-2.20168 0.351265
-2.19584 0.347597
-2.19 0.347541
-2.18416 0.343183
-2.17832 0.3407
-2.17248 0.338463
-2.16664 0.336699
-2.1608 0.333258
-2.15496 0.332408
-2.14912 0.329357
-2.14328 0.328746
-2.13744 0.325866
-2.1316 0.325081
-2.12576 0.324201
-2.11992 0.321481
-2.11408 0.319382
-2.10824 0.316186
-2.1024 0.31714
-2.09656 0.313524
-2.09072 0.313258
-2.08488 0.310038
-2.07904 0.308542
-2.0732 0.305471
-2.06736 0.304329
-2.06152 0.304671
-2.05568 0.302382
-2.04984 0.301328
-2.044 0.302832
-2.03816 0.297703
-2.03232 0.298295
-2.02648 0.296223
-2.02064 0.296686
-2.0148 0.293208
-2.00896 0.291831
-2.00312 0.291759
-1.99728 0.29079
-1.99144 0.288687
-1.9856 0.287914
-1.97976 0.28744
-1.97392 0.283721
-1.96808 0.284879
-1.96224 0.281326
-1.9564 0.27925
-1.95056 0.280614
-1.94472 0.276993
-1.93888 0.272499
-1.93304 0.273281
-1.9272 0.26602
-1.92136 0.268223
-1.91552 0.26696
-1.90968 0.263897
-1.90384 0.260605
-1.898 0.255217
-1.89216 0.256712
-1.88632 0.253938
-1.88048 0.250302
-1.87464 0.247661
-1.8688 0.247647
-1.86296 0.242703
-1.85712 0.237003
-1.85128 0.238583
-1.84544 0.237973
-1.8396 0.230102
-1.83376 0.229926
-1.82792 0.227522
-1.82208 0.226581
-1.81624 0.221431
-1.8104 0.218372
-1.80456 0.219187
-1.79872 0.213679
-1.79288 0.210984
-1.78704 0.207552
-1.7812 0.206951
-1.77536 0.205193
-1.76952 0.197505
-1.76368 0.194105
-1.75784 0.193321
-1.752 0.191109
-1.74616 0.184309
-1.74032 0.182052
-1.73448 0.181242
-1.72864 0.177344
-1.7228 0.17403
-1.71696 0.172001
-1.71112 0.169002
-1.70528 0.164602
-1.69944 0.160494
-1.6936 0.159911
-1.68776 0.158822
-1.68192 0.150919
-1.67608 0.150578
-1.67024 0.149519
-1.6644 0.148178
-1.65856 0.143947
-1.65272 0.142351
-1.64688 0.144882
-1.64104 0.141287
-1.6352 0.142786
-1.62936 0.138681
-1.62352 0.140572
-1.61768 0.140068
-1.61184 0.1403
-1.606 0.141179
-1.60016 0.138309
-1.59432 0.140981
-1.58848 0.13892
-1.58264 0.143703
-1.5768 0.139648
-1.57096 0.141036
-1.56512 0.14236
-1.55928 0.143701
-1.55344 0.143124
-1.5476 0.142812
-1.54176 0.141844
-1.53592 0.144357
-1.53008 0.143608
-1.52424 0.14447
-1.5184 0.14246
-1.51256 0.146226
-1.50672 0.146784
-1.50088 0.142103
-1.49504 0.146086
-1.4892 0.149363
-1.48336 0.148104
-1.47752 0.148689
-1.47168 0.150527
-1.46584 0.151179
-1.46 0.152807
-1.45416 0.157093
-1.44832 0.156636
-1.44248 0.157839
-1.43664 0.156727
-1.4308 0.159809
-1.42496 0.157605
-1.41912 0.160411
-1.41328 0.159833
-1.40744 0.163943
-1.4016 0.160622
-1.39576 0.162772
-1.38992 0.163582
-1.38408 0.165973
-1.37824 0.164039
-1.3724 0.166237
-1.36656 0.169185
-1.36072 0.163742
-1.35488 0.165263
-1.34904 0.163667
-1.3432 0.165341
-1.33736 0.16702
-1.33152 0.165485
-1.32568 0.167421
-1.31984 0.167878
-1.314 0.168366
-1.30816 0.17122
-1.30232 0.165825
-1.29648 0.172606
-1.29064 0.175065
-1.2848 0.174081
-1.27896 0.17688
-1.27312 0.179957
-1.26728 0.18681
-1.26144 0.187972
-1.2556 0.191527
-1.24976 0.19389
-1.24392 0.195628
-1.23808 0.200824
-1.23224 0.201004
-1.2264 0.206919
-1.22056 0.206689
-1.21472 0.209381
-1.20888 0.212392
-1.20304 0.212658
-1.1972 0.218158
-1.19136 0.219562
-1.18552 0.221274
-1.17968 0.224498
-1.17384 0.227116
-1.168 0.229276
-1.16216 0.232499
-1.15632 0.235005
-1.15048 0.235953
-1.14464 0.238943
-1.1388 0.237827
-1.13296 0.239886
-1.12712 0.241548
-1.12128 0.246005
-1.11544 0.244674
-1.1096 0.248124
-1.10376 0.248662
-1.09792 0.251699
-1.09208 0.254626
-1.08624 0.256239
-1.0804 0.256178
-1.07456 0.257501
-1.06872 0.260018
-1.06288 0.264158
-1.05704 0.265665
-1.0512 0.271727
-1.04536 0.271908
-1.03952 0.273564
-1.03368 0.275888
-1.02784 0.278852
-1.022 0.282425
-1.01616 0.284926
-1.01032 0.286633
-1.00448 0.29069
-0.99864 0.290382
-0.9928 0.294406
-0.98696 0.292562
-0.98112 0.297168
-0.97528 0.298875
-0.96944 0.300512
-0.9636 0.302209
-0.95776 0.306566
-0.95192 0.308159
-0.94608 0.310477
-0.94024 0.310255
-0.9344 0.314184
-0.92856 0.315463
-0.92272 0.314541
-0.91688 0.315068
-0.91104 0.315788
-0.9052 0.31922
-0.89936 0.320592
-0.89352 0.321836
-0.88768 0.323797
-0.88184 0.32743
-0.876 0.327164
-0.87016 0.331927
-0.86432 0.32895
-0.85848 0.332448
-0.85264 0.333865
-0.8468 0.334463
-0.84096 0.3362
-0.83512 0.33791
-0.82928 0.342916
-0.82344 0.34534
-0.8176 0.346311
-0.81176 0.34734
-0.80592 0.350039
-0.80008 0.353898
-0.79424 0.353984
-0.7884 0.357782
-0.78256 0.357512
-0.77672 0.358776
-0.77088 0.361425
-0.76504 0.361651
-0.7592 0.365084
-0.75336 0.365081
-0.74752 0.36527
-0.74168 0.364951
-0.73584 0.365064
-0.73 0.365319
-0.72416 0.36688
-0.71832 0.366201
-0.71248 0.365897
-0.70664 0.367313
-0.7008 0.364256
-0.69496 0.365079
-0.68912 0.36507
-0.68328 0.366269
-0.67744 0.365494
-0.6716 0.3674
-0.66576 0.365905
-0.65992 0.367755
-0.65408 0.367909
-0.64824 0.369219
-0.6424 0.36726
-0.63656 0.368643
-0.63072 0.369611
-0.62488 0.370613
-0.61904 0.371613
-0.6132 0.373491
-0.60736 0.374064
-0.60152 0.373875
-0.59568 0.373875
-0.58984 0.373875
-0.584 0.373875
-0.57816 0.373875
-0.57232 0.373875
-0.56648 0.373875
-0.56064 0.373875
-0.5548 0.373875
-0.54896 0.373875
-0.54312 0.373875
-0.53728 0.373875
-0.53144 0.373875
-0.5256 0.373875
-0.51976 0.373875
-0.51392 0.373875
-0.50808 0.373875
-0.50224 0.373875
-0.4964 0.373875
-0.49056 0.373875
-0.48472 0.373875
-0.47888 0.373875
-0.47304 0.373875
-0.4672 0.373875
-0.46136 0.373875
-0.45552 0.373875
-0.44968 0.373875
-0.44384 0.373875
-0.438 0.373875
-0.43216 0.373875
-0.42632 0.373875
-0.42048 0.373875
-0.41464 0.373875
-0.4088 0.373875
-0.40296 0.373875
-0.39712 0.373875
-0.39128 0.373875
-0.38544 0.373875
-0.3796 0.373875
-0.37376 0.373875
-0.36792 0.373875
-0.36208 0.373875
-0.35624 0.373875
-0.3504 0.373875
-0.34456 0.373875
-0.33872 0.373875
-0.33288 0.373875
-0.32704 0.373875
-0.3212 0.373875
-0.31536 0.373875
-0.30952 0.373875
-0.30368 0.373875
-0.29784 0.373875
-0.292 0.373875
-0.28616 0.373875
-0.28032 0.373875
-0.27448 0.373875
-0.26864 0.373875
-0.2628 0.373875
-0.25696 0.373875
-0.25112 0.373875
-0.24528 0.373875
-0.23944 0.373875
-0.2336 0.373875
-0.22776 0.373875
-0.22192 0.373875
-0.21608 0.373875
-0.21024 0.373875
-0.2044 0.373875
-0.19856 0.373875
-0.19272 0.373875
-0.18688 0.373875
-0.18104 0.373875
-0.1752 0.373875
-0.16936 0.373875
-0.16352 0.373875
-0.15768 0.373875
-0.15184 0.373875
-0.146 0.373875
-0.14016 0.373875
-0.13432 0.373875
-0.12848 0.373875
-0.12264 0.373875
-0.1168 0.373875
-0.11096 0.373875
-0.10512 0.373875
-0.09928 0.373875
-0.09344 0.373875
-0.0876 0.373875
-0.08176 0.373875
-0.07592 0.373875
-0.07008 0.373875
-0.06424 0.373875
-0.0584 0.373875
-0.05256 0.373875
-0.04672 0.373875
-0.04088 0.373875
-0.03504 0.373875
-0.0292 0.373875
-0.02336 0.373875
-0.01752 0.373875
-0.01168 0.373875
-0.00584 0.373875
