-2.92 0.404662
-2.91416 0.404662
-2.90832 0.404662
-2.90248 0.404662
-2.89664 0.404662
-2.8908 0.404662
-2.88496 0.404662
-2.87912 0.404662
-2.87328 0.404662
-2.86744 0.404662
-2.8616 0.404662
-2.85576 0.404662
-2.84992 0.404662
-2.84408 0.404662
-2.83824 0.404662
-2.8324 0.404662
-2.82656 0.404662
-2.82072 0.404662
-2.81488 0.404662
-2.80904 0.404662
-2.8032 0.404662
-2.79736 0.404662
-2.79152 0.404662
-2.78568 0.404662
-2.77984 0.404662
-2.774 0.404662
-2.76816 0.404662
-2.76232 0.404662
-2.75648 0.404662
-2.75064 0.404662
-2.7448 0.404662
-2.73896 0.404662
-2.73312 0.404662
-2.72728 0.404662
-2.72144 0.404662
-2.7156 0.404662
-2.70976 0.404662
-2.70392 0.404662
-2.69808 0.404662
-2.69224 0.404662
-2.6864 0.404662
-2.68056 0.404662
-2.67472 0.404662
-2.66888 0.404662
-2.66304 0.404662
-2.6572 0.404662
-2.65136 0.404662
-2.64552 0.404662
-2.63968 0.404662
-2.63384 0.404662
-2.628 0.404662
-2.62216 0.404662
-2.61632 0.404662
-2.61048 0.404662
-2.60464 0.404662
-2.5988 0.404662
-2.59296 0.404218
-2.58712 0.403511
-2.58128 0.402715
-2.57544 0.401788
-2.5696 0.400813
-2.56376 0.399751
-2.55792 0.398599
-2.55208 0.397447
-2.54624 0.396206
-2.5404 0.394831
-2.53456 0.393369
-2.52872 0.391905
-2.52288 0.390443
-2.51704 0.388979
-2.5112 0.387428
-2.50536 0.385745
-2.49952 0.38406
-2.49368 0.382289
-2.48784 0.380607
-2.482 0.379008
-2.47616 0.377145
-2.47032 0.375359
-2.46448 0.373445
-2.45864 0.371236
-2.4528 0.369443
-2.44696 0.367357
-2.44112 0.365061
-2.43528 0.363345
-2.42944 0.361303
-2.4236 0.35946
-2.41776 0.357573
-2.41192 0.355354
-2.40608 0.3528
-2.40024 0.351415
-2.3944 0.348398
-2.38856 0.346848
-2.38272 0.344918
-2.37688 0.342441
-2.37104 0.340719
-2.3652 0.337953
-2.35936 0.336727
-2.35352 0.334378
-2.34768 0.332066
-2.34184 0.329249
-2.336 0.327648
-2.33016 0.325507
-2.32432 0.323233
-2.31848 0.321672
-2.31264 0.319563
-2.3068 0.317208
-2.30096 0.31485
-2.29512 0.313042
-2.28928 0.311731
-2.28344 0.310129
-2.2776 0.307931
-2.27176 0.305708
-2.26592 0.305832
-2.26008 0.302636
-2.25424 0.300698
-2.2484 0.301483
-2.24256 0.299122
-2.23672 0.297855
-2.23088 0.297346
-2.22504 0.296911
-2.2192 0.294596
-2.21336 0.294629
-2.20752 0.294288
-2.20168 0.292088
-2.19584 0.290146
-2.19 0.28938
-2.18416 0.288151
-2.17832 0.287976
-2.17248 0.288224
-2.16664 0.284879
-2.1608 0.285383
-2.15496 0.284195
-2.14912 0.283597
-2.14328 0.281483
-2.13744 0.280249
-2.1316 0.280453
-2.12576 0.277367
-2.11992 0.279809
-2.11408 0.278797
-2.10824 0.277984
-2.1024 0.276538
-2.09656 0.27455
-2.09072 0.273272
-2.08488 0.275173
-2.07904 0.275679
-2.0732 0.273981
-2.06736 0.273303
-2.06152 0.272495
-2.05568 0.270082
-2.04984 0.273516
-2.044 0.272924
-2.03816 0.268699
-2.03232 0.268277
-2.02648 0.266997
-2.02064 0.266786
-2.0148 0.266235
-2.00896 0.263707
-2.00312 0.264671
-1.99728 0.264715
-1.99144 0.26405
-1.9856 0.265016
-1.97976 0.262523
-1.97392 0.260022
-1.96808 0.26104
-1.96224 0.259517
-1.9564 0.257618
-1.95056 0.258763
-1.94472 0.25708
-1.93888 0.254997
-1.93304 0.254502
-1.9272 0.253618
-1.92136 0.248408
-1.91552 0.247099
-1.90968 0.245492
-1.90384 0.244744
-1.898 0.241104
-1.89216 0.239686
-1.88632 0.236688
-1.88048 0.235022
-1.87464 0.232751
-1.8688 0.23157
-1.86296 0.224763
-1.85712 0.224216
-1.85128 0.222465
-1.84544 0.218146
-1.8396 0.216215
-1.83376 0.211566
-1.82792 0.209741
-1.82208 0.204029
-1.81624 0.203864
-1.8104 0.202527
-1.80456 0.19797
-1.79872 0.195556
-1.79288 0.192489
-1.78704 0.189324
-1.7812 0.186701
-1.77536 0.182525
-1.76952 0.179274
-1.76368 0.175522
-1.75784 0.174516
-1.752 0.171798
-1.74616 0.165497
-1.74032 0.164616
-1.73448 0.158833
-1.72864 0.157655
-1.7228 0.153934
-1.71696 0.151855
-1.71112 0.144811
-1.70528 0.144449
-1.69944 0.141839
-1.6936 0.138808
-1.68776 0.136704
-1.68192 0.130782
-1.67608 0.12787
-1.67024 0.127351
-1.6644 0.123219
-1.65856 0.12181
-1.65272 0.122511
-1.64688 0.120103
-1.64104 0.118393
-1.6352 0.119097
-1.62936 0.118933
-1.62352 0.119253
-1.61768 0.117387
-1.61184 0.119651
-1.606 0.116932
-1.60016 0.115444
-1.59432 0.115512
-1.58848 0.116447
-1.58264 0.11343
-1.5768 0.118954
-1.57096 0.114356
-1.56512 0.117344
-1.55928 0.117786
-1.55344 0.11913
-1.5476 0.119118
-1.54176 0.122178
-1.53592 0.121122
-1.53008 0.122096
-1.52424 0.119337
-1.5184 0.121322
-1.51256 0.121842
-1.50672 0.121371
-1.50088 0.122233
-1.49504 0.125968
-1.4892 0.126612
-1.48336 0.12752
-1.47752 0.12889
-1.47168 0.128802
-1.46584 0.126903
-1.46 0.130307
-1.45416 0.132852
-1.44832 0.129609
-1.44248 0.13545
-1.43664 0.135115
-1.4308 0.135686
-1.42496 0.134702
-1.41912 0.136402
-1.41328 0.139379
-1.40744 0.139188
-1.4016 0.135453
-1.39576 0.139746
-1.38992 0.143046
-1.38408 0.135685
-1.37824 0.138844
-1.3724 0.140281
-1.36656 0.142093
-1.36072 0.144022
-1.35488 0.144919
-1.34904 0.14555
-1.3432 0.149297
-1.33736 0.152164
-1.33152 0.156413
-1.32568 0.162782
-1.31984 0.165142
-1.314 0.164505
-1.30816 0.164782
-1.30232 0.169386
-1.29648 0.174013
-1.29064 0.175727
-1.2848 0.17876
-1.27896 0.183144
-1.27312 0.185737
-1.26728 0.192566
-1.26144 0.192731
-1.2556 0.196212
-1.24976 0.199331
-1.24392 0.205211
-1.23808 0.201993
-1.23224 0.207918
-1.2264 0.210972
-1.22056 0.214236
-1.21472 0.215113
-1.20888 0.220514
-1.20304 0.221037
-1.1972 0.225658
-1.19136 0.230368
-1.18552 0.232748
-1.17968 0.233623
-1.17384 0.238579
-1.168 0.238853
-1.16216 0.238112
-1.15632 0.242021
-1.15048 0.24486
-1.14464 0.246096
-1.1388 0.248827
-1.13296 0.250849
-1.12712 0.256513
-1.12128 0.259636
-1.11544 0.263209
-1.1096 0.264769
-1.10376 0.270956
-1.09792 0.272494
-1.09208 0.274908
-1.08624 0.274942
-1.0804 0.276405
-1.07456 0.281274
-1.06872 0.281255
-1.06288 0.285016
-1.05704 0.294414
-1.0512 0.295012
-1.04536 0.297521
-1.03952 0.299223
-1.03368 0.301485
-1.02784 0.302428
-1.022 0.308461
-1.01616 0.310311
-1.01032 0.310694
-1.00448 0.318749
-0.99864 0.318442
-0.9928 0.3204
-0.98696 0.321319
-0.98112 0.32457
-0.97528 0.32855
-0.96944 0.329827
-0.9636 0.331031
-0.95776 0.335165
-0.95192 0.337929
-0.94608 0.334109
-0.94024 0.338099
-0.9344 0.340925
-0.92856 0.343268
-0.92272 0.34484
-0.91688 0.346071
-0.91104 0.348485
-0.9052 0.35238
-0.89936 0.35578
-0.89352 0.358357
-0.88768 0.362417
-0.88184 0.363726
-0.876 0.364908
-0.87016 0.36498
-0.86432 0.365511
-0.85848 0.369995
-0.85264 0.371218
-0.8468 0.37401
-0.84096 0.377706
-0.83512 0.380626
-0.82928 0.382228
-0.82344 0.383116
-0.8176 0.385561
-0.81176 0.387466
-0.80592 0.391179
-0.80008 0.39076
-0.79424 0.3927
-0.7884 0.394841
-0.78256 0.39657
-0.77672 0.397286
-0.77088 0.399806
-0.76504 0.400219
-0.7592 0.401271
-0.75336 0.402008
-0.74752 0.401659
-0.74168 0.402363
-0.73584 0.403128
-0.73 0.401355
-0.72416 0.400081
-0.71832 0.400226
-0.71248 0.401467
-0.70664 0.400646
-0.7008 0.402536
-0.69496 0.402442
-0.68912 0.403746
-0.68328 0.402957
-0.67744 0.405081
-0.6716 0.407123
-0.66576 0.407259
-0.65992 0.4076
-0.65408 0.408722
-0.64824 0.407176
-0.6424 0.407844
-0.63656 0.408128
-0.63072 0.40922
-0.62488 0.410299
-0.61904 0.412429
-0.6132 0.412783
-0.60736 0.413008
-0.60152 0.412683
-0.59568 0.412683
-0.58984 0.412683
-0.584 0.412683
-0.57816 0.412683
-0.57232 0.412683
-0.56648 0.412683
-0.56064 0.412683
-0.5548 0.412683
-0.54896 0.412683
-0.54312 0.412683
-0.53728 0.412683
-0.53144 0.412683
-0.5256 0.412683
-0.51976 0.412683
-0.51392 0.412683
-0.50808 0.412683
-0.50224 0.412683
-0.4964 0.412683
-0.49056 0.412683
-0.48472 0.412683
-0.47888 0.412683
-0.47304 0.412683
-0.4672 0.412683
-0.46136 0.412683
-0.45552 0.412683
-0.44968 0.412683
-0.44384 0.412683
-0.438 0.412683
-0.43216 0.412683
-0.42632 0.412683
-0.42048 0.412683
-0.41464 0.412683
-0.4088 0.412683
-0.40296 0.412683
-0.39712 0.412683
-0.39128 0.412683
-0.38544 0.412683
-0.3796 0.412683
-0.37376 0.412683
-0.36792 0.412683
-0.36208 0.412683
-0.35624 0.412683
-0.3504 0.412683
-0.34456 0.412683
-0.33872 0.412683
-0.33288 0.412683
-0.32704 0.412683
-0.3212 0.412683
-0.31536 0.412683
-0.30952 0.412683
-0.30368 0.412683
-0.29784 0.412683
-0.292 0.412683
-0.28616 0.412683
-0.28032 0.412683
-0.27448 0.412683
-0.26864 0.412683
-0.2628 0.412683
-0.25696 0.412683
-0.25112 0.412683
-0.24528 0.412683
-0.23944 0.412683
-0.2336 0.412683
-0.22776 0.412683
-0.22192 0.412683
-0.21608 0.412683
-0.21024 0.412683
-0.2044 0.412683
-0.19856 0.412683
-0.19272 0.412683
-0.18688 0.412683
-0.18104 0.412683
-0.1752 0.412683
-0.16936 0.412683
-0.16352 0.412683
-0.15768 0.412683
-0.15184 0.412683
-0.146 0.412683
-0.14016 0.412683
-0.13432 0.412683
-0.12848 0.412683
-0.12264 0.412683
-0.1168 0.412683
-0.11096 0.412683
-0.10512 0.412683
-0.09928 0.412683
-0.09344 0.412683
-0.0876 0.412683
-0.08176 0.412683
-0.07592 0.412683
-0.07008 0.412683
-0.06424 0.412683
-0.0584 0.412683
-0.05256 0.412683
-0.04672 0.412683
-0.04088 0.412683
-0.03504 0.412683
-0.0292 0.412683
-0.02336 0.412683
-0.01752 0.412683
-0.01168 0.412683
-0.00584 0.412683
