-2.92 0.426708
-2.91416 0.426708
-2.90832 0.426708
-2.90248 0.426708
-2.89664 0.426708
-2.8908 0.426708
-2.88496 0.426708
-2.87912 0.426708
-2.87328 0.426708
-2.86744 0.426708
-2.8616 0.426708
-2.85576 0.426708
-2.84992 0.426708
-2.84408 0.426708
-2.83824 0.426708
-2.8324 0.426708
-2.82656 0.426708
-2.82072 0.426708
-2.81488 0.426708
-2.80904 0.426708
-2.8032 0.426708
-2.79736 0.426708
-2.79152 0.426708
-2.78568 0.426708
-2.77984 0.426708
-2.774 0.426708
-2.76816 0.426708
-2.76232 0.426708
-2.75648 0.426708
-2.75064 0.426708
-2.7448 0.426708
-2.73896 0.426708
-2.73312 0.426708
-2.72728 0.426708
-2.72144 0.426708
-2.7156 0.426708
-2.70976 0.426708
-2.70392 0.426708
-2.69808 0.426708
-2.69224 0.426708
-2.6864 0.426708
-2.68056 0.426708
-2.67472 0.426708
-2.66888 0.426708
-2.66304 0.426708
-2.6572 0.426708
-2.65136 0.426708
-2.64552 0.426708
-2.63968 0.426708
-2.63384 0.426708
-2.628 0.426708
-2.62216 0.426708
-2.61632 0.426708
-2.61048 0.426708
-2.60464 0.426708
-2.5988 0.426708
-2.59296 0.426312
-2.58712 0.425652
-2.58128 0.424904
-2.57544 0.424023
-2.5696 0.423007
-2.56376 0.422037
-2.55792 0.420934
-2.55208 0.419787
-2.54624 0.418552
-2.5404 0.417185
-2.53456 0.415731
-2.52872 0.414234
-2.52288 0.412605
-2.51704 0.411019
-2.5112 0.409345
-2.50536 0.407583
-2.49952 0.405688
-2.49368 0.403835
-2.48784 0.401895
-2.482 0.400548
-2.47616 0.398477
-2.47032 0.396824
-2.46448 0.395128
-2.45864 0.393098
-2.4528 0.390691
-2.44696 0.388622
-2.44112 0.386171
-2.43528 0.383884
-2.42944 0.381517
-2.4236 0.379394
-2.41776 0.376805
-2.41192 0.374637
-2.40608 0.372175
-2.40024 0.369793
-2.3944 0.367573
-2.38856 0.365273
-2.38272 0.362507
-2.37688 0.360197
-2.37104 0.357593
-2.3652 0.354953
-2.35936 0.352638
-2.35352 0.349865
-2.34768 0.347304
-2.34184 0.344993
-2.336 0.342176
-2.33016 0.339782
-2.32432 0.336876
-2.31848 0.334263
-2.31264 0.331398
-2.3068 0.328657
-2.30096 0.325787
-2.29512 0.323386
-2.28928 0.320562
-2.28344 0.317775
-2.2776 0.314482
-2.27176 0.311573
-2.26592 0.309672
-2.26008 0.307144
-2.25424 0.303891
-2.2484 0.301103
-2.24256 0.298184
-2.23672 0.294973
-2.23088 0.292016
-2.22504 0.289644
-2.2192 0.286431
-2.21336 0.283936
-2.20752 0.280727
-2.20168 0.278014
-2.19584 0.275178
-2.19 0.272302
-2.18416 0.26934
-2.17832 0.266037
-2.17248 0.262864
-2.16664 0.260531
-2.1608 0.258241
-2.15496 0.254686
-2.14912 0.251976
-2.14328 0.249431
-2.13744 0.246382
-2.1316 0.242994
-2.12576 0.240116
-2.11992 0.236768
-2.11408 0.234148
-2.10824 0.231055
-2.1024 0.228088
-2.09656 0.22512
-2.09072 0.222235
-2.08488 0.219894
-2.07904 0.215696
-2.0732 0.213154
-2.06736 0.210145
-2.06152 0.206539
-2.05568 0.204418
-2.04984 0.201614
-2.044 0.198192
-2.03816 0.195177
-2.03232 0.191865
-2.02648 0.18932
-2.02064 0.185968
-2.0148 0.182408
-2.00896 0.180539
-2.00312 0.177486
-1.99728 0.173627
-1.99144 0.17198
-1.9856 0.169481
-1.97976 0.166216
-1.97392 0.164014
-1.96808 0.16313
-1.96224 0.161272
-1.9564 0.160935
-1.95056 0.159074
-1.94472 0.158566
-1.93888 0.157817
-1.93304 0.155536
-1.9272 0.155039
-1.92136 0.155341
-1.91552 0.154551
-1.90968 0.154599
-1.90384 0.152237
-1.898 0.153475
-1.89216 0.154005
-1.88632 0.15177
-1.88048 0.152587
-1.87464 0.151368
-1.8688 0.154229
-1.86296 0.154243
-1.85712 0.152698
-1.85128 0.153817
-1.84544 0.154418
-1.8396 0.153938
-1.83376 0.153022
-1.82792 0.157207
-1.82208 0.156219
-1.81624 0.15631
-1.8104 0.154488
-1.80456 0.156244
-1.79872 0.156682
-1.79288 0.158071
-1.78704 0.155593
-1.7812 0.159207
-1.77536 0.158926
-1.76952 0.157763
-1.76368 0.163139
-1.75784 0.162067
-1.752 0.162353
-1.74616 0.165179
-1.74032 0.165066
-1.73448 0.168654
-1.72864 0.169411
-1.7228 0.168456
-1.71696 0.173557
-1.71112 0.171875
-1.70528 0.173669
-1.69944 0.175945
-1.6936 0.17652
-1.68776 0.177194
-1.68192 0.18105
-1.67608 0.182365
-1.67024 0.182954
-1.6644 0.18118
-1.65856 0.182339
-1.65272 0.183377
-1.64688 0.182774
-1.64104 0.181477
-1.6352 0.185679
-1.62936 0.187179
-1.62352 0.186739
-1.61768 0.186968
-1.61184 0.184209
-1.606 0.188266
-1.60016 0.190951
-1.59432 0.191022
-1.58848 0.195653
-1.58264 0.196762
-1.5768 0.19959
-1.57096 0.202841
-1.56512 0.206323
-1.55928 0.206454
-1.55344 0.20452
-1.5476 0.207022
-1.54176 0.210662
-1.53592 0.213495
-1.53008 0.215764
-1.52424 0.216379
-1.5184 0.225028
-1.51256 0.223275
-1.50672 0.228547
-1.50088 0.231077
-1.49504 0.229236
-1.4892 0.235989
-1.48336 0.241111
-1.47752 0.240787
-1.47168 0.241652
-1.46584 0.242195
-1.46 0.243721
-1.45416 0.245884
-1.44832 0.244347
-1.44248 0.248607
-1.43664 0.248276
-1.4308 0.255523
-1.42496 0.255735
-1.41912 0.257421
-1.41328 0.260051
-1.40744 0.262384
-1.4016 0.266062
-1.39576 0.26621
-1.38992 0.266354
-1.38408 0.270146
-1.37824 0.273321
-1.3724 0.275438
-1.36656 0.28162
-1.36072 0.281417
-1.35488 0.286089
-1.34904 0.286655
-1.3432 0.290811
-1.33736 0.290492
-1.33152 0.290962
-1.32568 0.297587
-1.31984 0.298933
-1.314 0.299231
-1.30816 0.301473
-1.30232 0.305109
-1.29648 0.310098
-1.29064 0.314574
-1.2848 0.31185
-1.27896 0.320825
-1.27312 0.314656
-1.26728 0.317448
-1.26144 0.32397
-1.2556 0.320609
-1.24976 0.322874
-1.24392 0.326496
-1.23808 0.326336
-1.23224 0.32762
-1.2264 0.330376
-1.22056 0.329812
-1.21472 0.332201
-1.20888 0.334819
-1.20304 0.331047
-1.1972 0.338291
-1.19136 0.341773
-1.18552 0.342121
-1.17968 0.344692
-1.17384 0.341404
-1.168 0.344974
-1.16216 0.350587
-1.15632 0.350011
-1.15048 0.353096
-1.14464 0.355756
-1.1388 0.357021
-1.13296 0.359173
-1.12712 0.363878
-1.12128 0.362006
-1.11544 0.359524
-1.1096 0.361913
-1.10376 0.365496
-1.09792 0.367556
-1.09208 0.365373
-1.08624 0.365944
-1.0804 0.374717
-1.07456 0.370217
-1.06872 0.37559
-1.06288 0.377292
-1.05704 0.370629
-1.0512 0.373718
-1.04536 0.37607
-1.03952 0.374362
-1.03368 0.374744
-1.02784 0.372679
-1.022 0.371358
-1.01616 0.368986
-1.01032 0.365363
-1.00448 0.363994
-0.99864 0.361838
-0.9928 0.365059
-0.98696 0.362932
-0.98112 0.360196
-0.97528 0.359241
-0.96944 0.358441
-0.9636 0.35853
-0.95776 0.354235
-0.95192 0.352478
-0.94608 0.353678
-0.94024 0.352178
-0.9344 0.352155
-0.92856 0.352474
-0.92272 0.349976
-0.91688 0.352632
-0.91104 0.348076
-0.9052 0.348266
-0.89936 0.343785
-0.89352 0.345234
-0.88768 0.34471
-0.88184 0.344586
-0.876 0.341672
-0.87016 0.341099
-0.86432 0.340372
-0.85848 0.340435
-0.85264 0.339933
-0.8468 0.338716
-0.84096 0.33954
-0.83512 0.334604
-0.82928 0.33258
-0.82344 0.332931
-0.8176 0.331888
-0.81176 0.329602
-0.80592 0.328457
-0.80008 0.325519
-0.79424 0.32386
-0.7884 0.323355
-0.78256 0.321507
-0.77672 0.321724
-0.77088 0.319642
-0.76504 0.319066
-0.7592 0.319146
-0.75336 0.318132
-0.74752 0.316869
-0.74168 0.317379
-0.73584 0.316694
-0.73 0.315862
-0.72416 0.316381
-0.71832 0.316161
-0.71248 0.3165
-0.70664 0.318538
-0.7008 0.318837
-0.69496 0.320108
-0.68912 0.320877
-0.68328 0.322191
-0.67744 0.323635
-0.6716 0.324524
-0.66576 0.325622
-0.65992 0.326251
-0.65408 0.325742
-0.64824 0.326834
-0.6424 0.328166
-0.63656 0.329544
-0.63072 0.32932
-0.62488 0.330102
-0.61904 0.327547
-0.6132 0.327311
-0.60736 0.327029
-0.60152 0.327335
-0.59568 0.327335
-0.58984 0.327335
-0.584 0.327335
-0.57816 0.327335
-0.57232 0.327335
-0.56648 0.327335
-0.56064 0.327335
-0.5548 0.327335
-0.54896 0.327335
-0.54312 0.327335
-0.53728 0.327335
-0.53144 0.327335
-0.5256 0.327335
-0.51976 0.327335
-0.51392 0.327335
-0.50808 0.327335
-0.50224 0.327335
-0.4964 0.327335
-0.49056 0.327335
-0.48472 0.327335
-0.47888 0.327335
-0.47304 0.327335
-0.4672 0.327335
-0.46136 0.327335
-0.45552 0.327335
-0.44968 0.327335
-0.44384 0.327335
-0.438 0.327335
-0.43216 0.327335
-0.42632 0.327335
-0.42048 0.327335
-0.41464 0.327335
-0.4088 0.327335
-0.40296 0.327335
-0.39712 0.327335
-0.39128 0.327335
-0.38544 0.327335
-0.3796 0.327335
-0.37376 0.327335
-0.36792 0.327335
-0.36208 0.327335
-0.35624 0.327335
-0.3504 0.327335
-0.34456 0.327335
-0.33872 0.327335
-0.33288 0.327335
-0.32704 0.327335
-0.3212 0.327335
-0.31536 0.327335
-0.30952 0.327335
-0.30368 0.327335
-0.29784 0.327335
-0.292 0.327335
-0.28616 0.327335
-0.28032 0.327335
-0.27448 0.327335
-0.26864 0.327335
-0.2628 0.327335
-0.25696 0.327335
-0.25112 0.327335
-0.24528 0.327335
-0.23944 0.327335
-0.2336 0.327335
-0.22776 0.327335
-0.22192 0.327335
-0.21608 0.327335
-0.21024 0.327335
-0.2044 0.327335
-0.19856 0.327335
-0.19272 0.327335
-0.18688 0.327335
-0.18104 0.327335
-0.1752 0.327335
-0.16936 0.327335
-0.16352 0.327335
-0.15768 0.327335
-0.15184 0.327335
-0.146 0.327335
-0.14016 0.327335
-0.13432 0.327335
-0.12848 0.327335
-0.12264 0.327335
-0.1168 0.327335
-0.11096 0.327335
-0.10512 0.327335
-0.09928 0.327335
-0.09344 0.327335
-0.0876 0.327335
-0.08176 0.327335
-0.07592 0.327335
-0.07008 0.327335
-0.06424 0.327335
-0.0584 0.327335
-0.05256 0.327335
-0.04672 0.327335
-0.04088 0.327335
-0.03504 0.327335
-0.0292 0.327335
-0.02336 0.327335
-0.01752 0.327335
-0.01168 0.327335
-0.00584 0.327335
