-2.92 0.454023
-2.91416 0.454023
-2.90832 0.454023
-2.90248 0.454023
-2.89664 0.454023
-2.8908 0.454023
-2.88496 0.454023
-2.87912 0.454023
-2.87328 0.454023
-2.86744 0.454023
-2.8616 0.454023
-2.85576 0.454023
-2.84992 0.454023
-2.84408 0.454023
-2.83824 0.454023
-2.8324 0.454023
-2.82656 0.454023
-2.82072 0.454023
-2.81488 0.454023
-2.80904 0.454023
-2.8032 0.454023
-2.79736 0.454023
-2.79152 0.454023
-2.78568 0.454023
-2.77984 0.454023
-2.774 0.454023
-2.76816 0.454023
-2.76232 0.454023
-2.75648 0.454023
-2.75064 0.454023
-2.7448 0.454023
-2.73896 0.454023
-2.73312 0.454023
-2.72728 0.454023
-2.72144 0.454023
-2.7156 0.454023
-2.70976 0.454023
-2.70392 0.454023
-2.69808 0.454023
-2.69224 0.454023
-2.6864 0.454023
-2.68056 0.454023
-2.67472 0.454023
-2.66888 0.454023
-2.66304 0.454023
-2.6572 0.454023
-2.65136 0.454023
-2.64552 0.454023
-2.63968 0.454023
-2.63384 0.454023
-2.628 0.454023
-2.62216 0.454023
-2.61632 0.454023
-2.61048 0.454023
-2.60464 0.454023
-2.5988 0.454023
-2.59296 0.453581
-2.58712 0.452832
-2.58128 0.451994
-2.57544 0.451023
-2.5696 0.449917
-2.56376 0.448678
-2.55792 0.447351
-2.55208 0.445934
-2.54624 0.444562
-2.5404 0.443147
-2.53456 0.441556
-2.52872 0.439918
-2.52288 0.438235
-2.51704 0.436467
-2.5112 0.434611
-2.50536 0.432841
-2.49952 0.431028
-2.49368 0.429037
-2.48784 0.427091
-2.482 0.425274
-2.47616 0.42348
-2.47032 0.421476
-2.46448 0.419557
-2.45864 0.417715
-2.4528 0.415541
-2.44696 0.4137
-2.44112 0.412139
-2.43528 0.409714
-2.42944 0.407708
-2.4236 0.4059
-2.41776 0.404169
-2.41192 0.401692
-2.40608 0.400502
-2.40024 0.397899
-2.3944 0.396124
-2.38856 0.395266
-2.38272 0.392282
-2.37688 0.390465
-2.37104 0.38823
-2.3652 0.386411
-2.35936 0.384416
-2.35352 0.382763
-2.34768 0.380019
-2.34184 0.378648
-2.336 0.375571
-2.33016 0.373785
-2.32432 0.371834
-2.31848 0.367745
-2.31264 0.365248
-2.3068 0.36287
-2.30096 0.359281
-2.29512 0.356119
-2.28928 0.354119
-2.28344 0.349868
-2.2776 0.346946
-2.27176 0.343862
-2.26592 0.34124
-2.26008 0.338283
-2.25424 0.33327
-2.2484 0.330556
-2.24256 0.327796
-2.23672 0.323361
-2.23088 0.320928
-2.22504 0.316535
-2.2192 0.313053
-2.21336 0.30903
-2.20752 0.306099
-2.20168 0.301779
-2.19584 0.298261
-2.19 0.294607
-2.18416 0.29046
-2.17832 0.287313
-2.17248 0.284877
-2.16664 0.280644
-2.1608 0.277118
-2.15496 0.273806
-2.14912 0.270241
-2.14328 0.267428
-2.13744 0.263905
-2.1316 0.260423
-2.12576 0.256647
-2.11992 0.25396
-2.11408 0.250189
-2.10824 0.247002
-2.1024 0.243813
-2.09656 0.241841
-2.09072 0.237812
-2.08488 0.234706
-2.07904 0.230593
-2.0732 0.227825
-2.06736 0.224131
-2.06152 0.221154
-2.05568 0.217961
-2.04984 0.215949
-2.044 0.212346
-2.03816 0.208821
-2.03232 0.206087
-2.02648 0.202568
-2.02064 0.200386
-2.0148 0.196395
-2.00896 0.192495
-2.00312 0.190526
-1.99728 0.187967
-1.99144 0.185503
-1.9856 0.184005
-1.97976 0.182335
-1.97392 0.180245
-1.96808 0.179801
-1.96224 0.17767
-1.9564 0.176938
-1.95056 0.174764
-1.94472 0.175071
-1.93888 0.172994
-1.93304 0.172197
-1.9272 0.171354
-1.92136 0.170982
-1.91552 0.169769
-1.90968 0.168739
-1.90384 0.168486
-1.898 0.168847
-1.89216 0.168071
-1.88632 0.1663
-1.88048 0.166623
-1.87464 0.166657
-1.8688 0.166323
-1.86296 0.167521
-1.85712 0.165924
-1.85128 0.167089
-1.84544 0.166547
-1.8396 0.166756
-1.83376 0.167604
-1.82792 0.167198
-1.82208 0.170241
-1.81624 0.168878
-1.8104 0.170003
-1.80456 0.168918
-1.79872 0.171605
-1.79288 0.169107
-1.78704 0.171211
-1.7812 0.172507
-1.77536 0.172102
-1.76952 0.175145
-1.76368 0.174768
-1.75784 0.175211
-1.752 0.176907
-1.74616 0.175731
-1.74032 0.177204
-1.73448 0.177737
-1.72864 0.180929
-1.7228 0.182662
-1.71696 0.182543
-1.71112 0.186719
-1.70528 0.185271
-1.69944 0.187021
-1.6936 0.18826
-1.68776 0.188863
-1.68192 0.189715
-1.67608 0.190241
-1.67024 0.189362
-1.6644 0.189894
-1.65856 0.18771
-1.65272 0.193137
-1.64688 0.191032
-1.64104 0.192999
-1.6352 0.191152
-1.62936 0.192722
-1.62352 0.192357
-1.61768 0.193412
-1.61184 0.192848
-1.606 0.197804
-1.60016 0.19907
-1.59432 0.203539
-1.58848 0.203019
-1.58264 0.204924
-1.5768 0.203501
-1.57096 0.207462
-1.56512 0.211015
-1.55928 0.209947
-1.55344 0.213384
-1.5476 0.217186
-1.54176 0.220137
-1.53592 0.223016
-1.53008 0.223259
-1.52424 0.227397
-1.5184 0.230093
-1.51256 0.232468
-1.50672 0.233958
-1.50088 0.242564
-1.49504 0.237835
-1.4892 0.240821
-1.48336 0.242819
-1.47752 0.243895
-1.47168 0.248531
-1.46584 0.249389
-1.46 0.251417
-1.45416 0.254509
-1.44832 0.256405
-1.44248 0.258028
-1.43664 0.262947
-1.4308 0.26211
-1.42496 0.269315
-1.41912 0.26945
-1.41328 0.266298
-1.40744 0.272925
-1.4016 0.279377
-1.39576 0.278442
-1.38992 0.283909
-1.38408 0.283703
-1.37824 0.290069
-1.3724 0.289503
-1.36656 0.29025
-1.36072 0.294624
-1.35488 0.293414
-1.34904 0.295957
-1.3432 0.29959
-1.33736 0.30486
-1.33152 0.310654
-1.32568 0.310363
-1.31984 0.317376
-1.314 0.320446
-1.30816 0.314941
-1.30232 0.323333
-1.29648 0.326576
-1.29064 0.329555
-1.2848 0.330334
-1.27896 0.335587
-1.27312 0.337364
-1.26728 0.336148
-1.26144 0.337772
-1.2556 0.343985
-1.24976 0.345199
-1.24392 0.34503
-1.23808 0.350003
-1.23224 0.351829
-1.2264 0.354133
-1.22056 0.355409
-1.21472 0.358462
-1.20888 0.359388
-1.20304 0.364719
-1.1972 0.369182
-1.19136 0.368603
-1.18552 0.372997
-1.17968 0.376565
-1.17384 0.374575
-1.168 0.380839
-1.16216 0.382453
-1.15632 0.385482
-1.15048 0.384551
-1.14464 0.386185
-1.1388 0.38634
-1.13296 0.38837
-1.12712 0.392392
-1.12128 0.39081
-1.11544 0.393797
-1.1096 0.400116
-1.10376 0.401769
-1.09792 0.401876
-1.09208 0.401085
-1.08624 0.40393
-1.0804 0.406926
-1.07456 0.406216
-1.06872 0.408713
-1.06288 0.414132
-1.05704 0.410031
-1.0512 0.411233
-1.04536 0.410795
-1.03952 0.408018
-1.03368 0.412095
-1.02784 0.408528
-1.022 0.407997
-1.01616 0.40748
-1.01032 0.408038
-1.00448 0.405544
-0.99864 0.406139
-0.9928 0.404846
-0.98696 0.405855
-0.98112 0.404364
-0.97528 0.398486
-0.96944 0.402343
-0.9636 0.403495
-0.95776 0.402241
-0.95192 0.402092
-0.94608 0.401128
-0.94024 0.402644
-0.9344 0.399042
-0.92856 0.398108
-0.92272 0.396113
-0.91688 0.393006
-0.91104 0.391748
-0.9052 0.392429
-0.89936 0.395184
-0.89352 0.39475
-0.88768 0.393454
-0.88184 0.394243
-0.876 0.393709
-0.87016 0.389348
-0.86432 0.392021
-0.85848 0.391142
-0.85264 0.392959
-0.8468 0.388997
-0.84096 0.390799
-0.83512 0.39051
-0.82928 0.3863
-0.82344 0.385165
-0.8176 0.386177
-0.81176 0.382753
-0.80592 0.384256
-0.80008 0.38188
-0.79424 0.382353
-0.7884 0.381838
-0.78256 0.382384
-0.77672 0.381787
-0.77088 0.380809
-0.76504 0.38172
-0.7592 0.381516
-0.75336 0.37991
-0.74752 0.380842
-0.74168 0.380077
-0.73584 0.380658
-0.73 0.381796
-0.72416 0.382231
-0.71832 0.382315
-0.71248 0.381763
-0.70664 0.382425
-0.7008 0.382762
-0.69496 0.383265
-0.68912 0.38332
-0.68328 0.384605
-0.67744 0.388148
-0.6716 0.389297
-0.66576 0.390308
-0.65992 0.390963
-0.65408 0.391297
-0.64824 0.39184
-0.6424 0.393974
-0.63656 0.394467
-0.63072 0.394664
-0.62488 0.394771
-0.61904 0.394324
-0.6132 0.393506
-0.60736 0.392596
-0.60152 0.392856
-0.59568 0.392856
-0.58984 0.392856
-0.584 0.392856
-0.57816 0.392856
-0.57232 0.392856
-0.56648 0.392856
-0.56064 0.392856
-0.5548 0.392856
-0.54896 0.392856
-0.54312 0.392856
-0.53728 0.392856
-0.53144 0.392856
-0.5256 0.392856
-0.51976 0.392856
-0.51392 0.392856
-0.50808 0.392856
-0.50224 0.392856
-0.4964 0.392856
-0.49056 0.392856
-0.48472 0.392856
-0.47888 0.392856
-0.47304 0.392856
-0.4672 0.392856
-0.46136 0.392856
-0.45552 0.392856
-0.44968 0.392856
-0.44384 0.392856
-0.438 0.392856
-0.43216 0.392856
-0.42632 0.392856
-0.42048 0.392856
-0.41464 0.392856
-0.4088 0.392856
-0.40296 0.392856
-0.39712 0.392856
-0.39128 0.392856
-0.38544 0.392856
-0.3796 0.392856
-0.37376 0.392856
-0.36792 0.392856
-0.36208 0.392856
-0.35624 0.392856
-0.3504 0.392856
-0.34456 0.392856
-0.33872 0.392856
-0.33288 0.392856
-0.32704 0.392856
-0.3212 0.392856
-0.31536 0.392856
-0.30952 0.392856
-0.30368 0.392856
-0.29784 0.392856
-0.292 0.392856
-0.28616 0.392856
-0.28032 0.392856
-0.27448 0.392856
-0.26864 0.392856
-0.2628 0.392856
-0.25696 0.392856
-0.25112 0.392856
-0.24528 0.392856
-0.23944 0.392856
-0.2336 0.392856
-0.22776 0.392856
-0.22192 0.392856
-0.21608 0.392856
-0.21024 0.392856
-0.2044 0.392856
-0.19856 0.392856
-0.19272 0.392856
-0.18688 0.392856
-0.18104 0.392856
-0.1752 0.392856
-0.16936 0.392856
-0.16352 0.392856
-0.15768 0.392856
-0.15184 0.392856
-0.146 0.392856
-0.14016 0.392856
-0.13432 0.392856
-0.12848 0.392856
-0.12264 0.392856
-0.1168 0.392856
-0.11096 0.392856
-0.10512 0.392856
-0.09928 0.392856
-0.09344 0.392856
-0.0876 0.392856
-0.08176 0.392856
-0.07592 0.392856
-0.07008 0.392856
-0.06424 0.392856
-0.0584 0.392856
-0.05256 0.392856
-0.04672 0.392856
-0.04088 0.392856
-0.03504 0.392856
-0.0292 0.392856
-0.02336 0.392856
-0.01752 0.392856
-0.01168 0.392856
-0.00584 0.392856
