-2.92 0.43568
-2.91416 0.43568
-2.90832 0.43568
-2.90248 0.43568
-2.89664 0.43568
-2.8908 0.43568
-2.88496 0.43568
-2.87912 0.43568
-2.87328 0.43568
-2.86744 0.43568
-2.8616 0.43568
-2.85576 0.43568
-2.84992 0.43568
-2.84408 0.43568
-2.83824 0.43568
-2.8324 0.43568
-2.82656 0.43568
-2.82072 0.43568
-2.81488 0.43568
-2.80904 0.43568
-2.8032 0.43568
-2.79736 0.43568
-2.79152 0.43568
-2.78568 0.43568
-2.77984 0.43568
-2.774 0.43568
-2.76816 0.43568
-2.76232 0.43568
-2.75648 0.43568
-2.75064 0.43568
-2.7448 0.43568
-2.73896 0.43568
-2.73312 0.43568
-2.72728 0.43568
-2.72144 0.43568
-2.7156 0.43568
-2.70976 0.43568
-2.70392 0.43568
-2.69808 0.43568
-2.69224 0.43568
-2.6864 0.43568
-2.68056 0.43568
-2.67472 0.43568
-2.66888 0.43568
-2.66304 0.43568
-2.6572 0.43568
-2.65136 0.43568
-2.64552 0.43568
-2.63968 0.43568
-2.63384 0.43568
-2.628 0.43568
-2.62216 0.43568
-2.61632 0.43568
-2.61048 0.43568
-2.60464 0.43568
-2.5988 0.43568
-2.59296 0.435107
-2.58712 0.434401
-2.58128 0.433695
-2.57544 0.432813
-2.5696 0.431842
-2.56376 0.430693
-2.55792 0.42937
-2.55208 0.42809
-2.54624 0.426679
-2.5404 0.425178
-2.53456 0.42359
-2.52872 0.422001
-2.52288 0.420237
-2.51704 0.418471
-2.5112 0.416704
-2.50536 0.41485
-2.49952 0.41291
-2.49368 0.410969
-2.48784 0.409072
-2.482 0.407723
-2.47616 0.405737
-2.47032 0.404328
-2.46448 0.402372
-2.45864 0.400371
-2.4528 0.399165
-2.44696 0.396916
-2.44112 0.395455
-2.43528 0.393277
-2.42944 0.392148
-2.4236 0.390263
-2.41776 0.387961
-2.41192 0.386747
-2.40608 0.385238
-2.40024 0.383011
-2.3944 0.381579
-2.38856 0.379647
-2.38272 0.378805
-2.37688 0.377002
-2.37104 0.375738
-2.3652 0.373431
-2.35936 0.371829
-2.35352 0.369304
-2.34768 0.368804
-2.34184 0.366157
-2.336 0.365353
-2.33016 0.364215
-2.32432 0.362025
-2.31848 0.359913
-2.31264 0.359241
-2.3068 0.356345
-2.30096 0.355203
-2.29512 0.352677
-2.28928 0.353264
-2.28344 0.351071
-2.2776 0.350898
-2.27176 0.347661
-2.26592 0.345309
-2.26008 0.345108
-2.25424 0.344725
-2.2484 0.339877
-2.24256 0.340594
-2.23672 0.338232
-2.23088 0.336375
-2.22504 0.33275
-2.2192 0.329374
-2.21336 0.330171
-2.20752 0.327346
-2.20168 0.325322
-2.19584 0.325283
-2.19 0.320513
-2.18416 0.320556
-2.17832 0.318575
-2.17248 0.316425
-2.16664 0.316255
-2.1608 0.312505
-2.15496 0.311456
-2.14912 0.308379
-2.14328 0.308341
-2.13744 0.307113
-2.1316 0.305897
-2.12576 0.303407
-2.11992 0.302305
-2.11408 0.299484
-2.10824 0.295981
-2.1024 0.295686
-2.09656 0.294971
-2.09072 0.291056
-2.08488 0.289489
-2.07904 0.289071
-2.0732 0.286246
-2.06736 0.284993
-2.06152 0.28267
-2.05568 0.282179
-2.04984 0.281632
-2.044 0.278479
-2.03816 0.275357
-2.03232 0.276046
-2.02648 0.275926
-2.02064 0.275178
-2.0148 0.273913
-2.00896 0.270923
-2.00312 0.269369
-1.99728 0.269288
-1.99144 0.267092
-1.9856 0.265109
-1.97976 0.263512
-1.97392 0.262762
-1.96808 0.258924
-1.96224 0.262194
-1.9564 0.260768
-1.95056 0.258031
-1.94472 0.257201
-1.93888 0.253987
-1.93304 0.252818
-1.9272 0.251568
-1.92136 0.24941
-1.91552 0.247262
-1.90968 0.241008
-1.90384 0.239827
-1.898 0.238021
-1.89216 0.234729
-1.88632 0.232705
-1.88048 0.230189
-1.87464 0.226827
-1.8688 0.224401
-1.86296 0.220734
-1.85712 0.21825
-1.85128 0.213687
-1.84544 0.214177
-1.8396 0.210294
-1.83376 0.206611
-1.82792 0.204301
-1.82208 0.20107
-1.81624 0.200382
-1.8104 0.194197
-1.80456 0.191093
-1.79872 0.189809
-1.79288 0.186996
-1.78704 0.183723
-1.7812 0.182805
-1.77536 0.178938
-1.76952 0.176141
-1.76368 0.171658
-1.75784 0.171929
-1.752 0.169088
-1.74616 0.165393
-1.74032 0.162819
-1.73448 0.15907
-1.72864 0.155213
-1.7228 0.153118
-1.71696 0.146898
-1.71112 0.14711
-1.70528 0.14164
-1.69944 0.140717
-1.6936 0.135508
-1.68776 0.131715
-1.68192 0.130215
-1.67608 0.126558
-1.67024 0.124099
-1.6644 0.121773
-1.65856 0.123104
-1.65272 0.119126
-1.64688 0.119908
-1.64104 0.118875
-1.6352 0.120508
-1.62936 0.120051
-1.62352 0.117737
-1.61768 0.118316
-1.61184 0.118651
-1.606 0.117925
-1.60016 0.117663
-1.59432 0.120287
-1.58848 0.121028
-1.58264 0.119859
-1.5768 0.121435
-1.57096 0.12144
-1.56512 0.122615
-1.55928 0.121837
-1.55344 0.12376
-1.5476 0.125825
-1.54176 0.125742
-1.53592 0.129136
-1.53008 0.128655
-1.52424 0.125331
-1.5184 0.127278
-1.51256 0.130233
-1.50672 0.129694
-1.50088 0.127663
-1.49504 0.13327
-1.4892 0.133733
-1.48336 0.134461
-1.47752 0.140487
-1.47168 0.135302
-1.46584 0.13649
-1.46 0.137143
-1.45416 0.137709
-1.44832 0.137106
-1.44248 0.142156
-1.43664 0.139679
-1.4308 0.141722
-1.42496 0.144064
-1.41912 0.146225
-1.41328 0.146334
-1.40744 0.148222
-1.4016 0.151064
-1.39576 0.148136
-1.38992 0.150151
-1.38408 0.150128
-1.37824 0.151666
-1.3724 0.153228
-1.36656 0.155358
-1.36072 0.152908
-1.35488 0.156511
-1.34904 0.159436
-1.3432 0.160721
-1.33736 0.164027
-1.33152 0.168643
-1.32568 0.173072
-1.31984 0.173668
-1.314 0.175698
-1.30816 0.178453
-1.30232 0.181248
-1.29648 0.185253
-1.29064 0.186452
-1.2848 0.190194
-1.27896 0.193848
-1.27312 0.199487
-1.26728 0.202675
-1.26144 0.202055
-1.2556 0.206366
-1.24976 0.209675
-1.24392 0.209547
-1.23808 0.215796
-1.23224 0.216544
-1.2264 0.218647
-1.22056 0.222549
-1.21472 0.222919
-1.20888 0.22617
-1.20304 0.228848
-1.1972 0.231749
-1.19136 0.236698
-1.18552 0.239671
-1.17968 0.241236
-1.17384 0.242568
-1.168 0.244908
-1.16216 0.245337
-1.15632 0.249098
-1.15048 0.251735
-1.14464 0.253543
-1.1388 0.25697
-1.13296 0.26141
-1.12712 0.261527
-1.12128 0.263926
-1.11544 0.268935
-1.1096 0.272419
-1.10376 0.2747
-1.09792 0.279539
-1.09208 0.279898
-1.08624 0.279234
-1.0804 0.280917
-1.07456 0.285627
-1.06872 0.288402
-1.06288 0.28818
-1.05704 0.295486
-1.0512 0.295433
-1.04536 0.297589
-1.03952 0.30416
-1.03368 0.302529
-1.02784 0.304104
-1.022 0.305339
-1.01616 0.308439
-1.01032 0.308774
-1.00448 0.313687
-0.99864 0.315024
-0.9928 0.316666
-0.98696 0.319933
-0.98112 0.321484
-0.97528 0.322369
-0.96944 0.32638
-0.9636 0.328579
-0.95776 0.329328
-0.95192 0.330839
-0.94608 0.330984
-0.94024 0.333526
-0.9344 0.335625
-0.92856 0.337783
-0.92272 0.337012
-0.91688 0.340131
-0.91104 0.3433
-0.9052 0.345577
-0.89936 0.347687
-0.89352 0.351239
-0.88768 0.354613
-0.88184 0.355785
-0.876 0.355091
-0.87016 0.358762
-0.86432 0.357261
-0.85848 0.360585
-0.85264 0.362993
-0.8468 0.365022
-0.84096 0.367576
-0.83512 0.372186
-0.82928 0.372835
-0.82344 0.373714
-0.8176 0.37641
-0.81176 0.377921
-0.80592 0.379343
-0.80008 0.381619
-0.79424 0.382664
-0.7884 0.383668
-0.78256 0.385683
-0.77672 0.38787
-0.77088 0.390168
-0.76504 0.389443
-0.7592 0.3906
-0.75336 0.392576
-0.74752 0.39011
-0.74168 0.391388
-0.73584 0.391575
-0.73 0.392062
-0.72416 0.390863
-0.71832 0.392234
-0.71248 0.391278
-0.70664 0.391422
-0.7008 0.392318
-0.69496 0.393253
-0.68912 0.393603
-0.68328 0.393488
-0.67744 0.395234
-0.6716 0.397016
-0.66576 0.397944
-0.65992 0.398624
-0.65408 0.399118
-0.64824 0.397435
-0.6424 0.398907
-0.63656 0.398515
-0.63072 0.399814
-0.62488 0.400986
-0.61904 0.403329
-0.6132 0.403939
-0.60736 0.404252
-0.60152 0.404057
-0.59568 0.404057
-0.58984 0.404057
-0.584 0.404057
-0.57816 0.404057
-0.57232 0.404057
-0.56648 0.404057
-0.56064 0.404057
-0.5548 0.404057
-0.54896 0.404057
-0.54312 0.404057
-0.53728 0.404057
-0.53144 0.404057
-0.5256 0.404057
-0.51976 0.404057
-0.51392 0.404057
-0.50808 0.404057
-0.50224 0.404057
-0.4964 0.404057
-0.49056 0.404057
-0.48472 0.404057
-0.47888 0.404057
-0.47304 0.404057
-0.4672 0.404057
-0.46136 0.404057
-0.45552 0.404057
-0.44968 0.404057
-0.44384 0.404057
-0.438 0.404057
-0.43216 0.404057
-0.42632 0.404057
-0.42048 0.404057
-0.41464 0.404057
-0.4088 0.404057
-0.40296 0.404057
-0.39712 0.404057
-0.39128 0.404057
-0.38544 0.404057
-0.3796 0.404057
-0.37376 0.404057
-0.36792 0.404057
-0.36208 0.404057
-0.35624 0.404057
-0.3504 0.404057
-0.34456 0.404057
-0.33872 0.404057
-0.33288 0.404057
-0.32704 0.404057
-0.3212 0.404057
-0.31536 0.404057
-0.30952 0.404057
-0.30368 0.404057
-0.29784 0.404057
-0.292 0.404057
-0.28616 0.404057
-0.28032 0.404057
-0.27448 0.404057
-0.26864 0.404057
-0.2628 0.404057
-0.25696 0.404057
-0.25112 0.404057
-0.24528 0.404057
-0.23944 0.404057
-0.2336 0.404057
-0.22776 0.404057
-0.22192 0.404057
-0.21608 0.404057
-0.21024 0.404057
-0.2044 0.404057
-0.19856 0.404057
-0.19272 0.404057
-0.18688 0.404057
-0.18104 0.404057
-0.1752 0.404057
-0.16936 0.404057
-0.16352 0.404057
-0.15768 0.404057
-0.15184 0.404057
-0.146 0.404057
-0.14016 0.404057
-0.13432 0.404057
-0.12848 0.404057
-0.12264 0.404057
-0.1168 0.404057
-0.11096 0.404057
-0.10512 0.404057
-0.09928 0.404057
-0.09344 0.404057
-0.0876 0.404057
-0.08176 0.404057
-0.07592 0.404057
-0.07008 0.404057
-0.06424 0.404057
-0.0584 0.404057
-0.05256 0.404057
-0.04672 0.404057
-0.04088 0.404057
-0.03504 0.404057
-0.0292 0.404057
-0.02336 0.404057
-0.01752 0.404057
-0.01168 0.404057
-0.00584 0.404057
