-2.92 0.417687
-2.91416 0.417687
-2.90832 0.417687
-2.90248 0.417687
-2.89664 0.417687
-2.8908 0.417687
-2.88496 0.417687
-2.87912 0.417687
-2.87328 0.417687
-2.86744 0.417687
-2.8616 0.417687
-2.85576 0.417687
-2.84992 0.417687
-2.84408 0.417687
-2.83824 0.417687
-2.8324 0.417687
-2.82656 0.417687
-2.82072 0.417687
-2.81488 0.417687
-2.80904 0.417687
-2.8032 0.417687
-2.79736 0.417687
-2.79152 0.417687
-2.78568 0.417687
-2.77984 0.417687
-2.774 0.417687
-2.76816 0.417687
-2.76232 0.417687
-2.75648 0.417687
-2.75064 0.417687
-2.7448 0.417687
-2.73896 0.417687
-2.73312 0.417687
-2.72728 0.417687
-2.72144 0.417687
-2.7156 0.417687
-2.70976 0.417687
-2.70392 0.417687
-2.69808 0.417687
-2.69224 0.417687
-2.6864 0.417687
-2.68056 0.417687
-2.67472 0.417687
-2.66888 0.417687
-2.66304 0.417687
-2.6572 0.417687
-2.65136 0.417687
-2.64552 0.417687
-2.63968 0.417687
-2.63384 0.417687
-2.628 0.417687
-2.62216 0.417687
-2.61632 0.417687
-2.61048 0.417687
-2.60464 0.417687
-2.5988 0.417687
-2.59296 0.417159
-2.58712 0.41641
-2.58128 0.415618
-2.57544 0.414781
-2.5696 0.413856
-2.56376 0.412796
-2.55792 0.411692
-2.55208 0.410501
-2.54624 0.409309
-2.5404 0.408026
-2.53456 0.40657
-2.52872 0.405071
-2.52288 0.403572
-2.51704 0.40207
-2.5112 0.40048
-2.50536 0.398804
-2.49952 0.396994
-2.49368 0.395141
-2.48784 0.393334
-2.482 0.392204
-2.47616 0.390516
-2.47032 0.389076
-2.46448 0.387343
-2.45864 0.38602
-2.4528 0.384655
-2.44696 0.382787
-2.44112 0.380916
-2.43528 0.380126
-2.42944 0.378207
-2.4236 0.377162
-2.41776 0.375456
-2.41192 0.373495
-2.40608 0.371949
-2.40024 0.370816
-2.3944 0.369686
-2.38856 0.367843
-2.38272 0.366622
-2.37688 0.364317
-2.37104 0.363132
-2.3652 0.360989
-2.35936 0.359929
-2.35352 0.358379
-2.34768 0.356652
-2.34184 0.354882
-2.336 0.355288
-2.33016 0.352475
-2.32432 0.350962
-2.31848 0.350867
-2.31264 0.349011
-2.3068 0.347626
-2.30096 0.344841
-2.29512 0.34329
-2.28928 0.342186
-2.28344 0.339322
-2.2776 0.338723
-2.27176 0.3388
-2.26592 0.336868
-2.26008 0.335185
-2.25424 0.334674
-2.2484 0.33256
-2.24256 0.330747
-2.23672 0.329263
-2.23088 0.327228
-2.22504 0.325619
-2.2192 0.32675
-2.21336 0.324557
-2.20752 0.32067
-2.20168 0.32104
-2.19584 0.318305
-2.19 0.316567
-2.18416 0.316526
-2.17832 0.315173
-2.17248 0.313898
-2.16664 0.315246
-2.1608 0.311112
-2.15496 0.309849
-2.14912 0.309556
-2.14328 0.306343
-2.13744 0.307107
-2.1316 0.304439
-2.12576 0.303937
-2.11992 0.305161
-2.11408 0.303146
-2.10824 0.300451
-2.1024 0.298676
-2.09656 0.299099
-2.09072 0.29707
-2.08488 0.29539
-2.07904 0.294598
-2.0732 0.296034
-2.06736 0.293424
-2.06152 0.291906
-2.05568 0.29038
-2.04984 0.290399
-2.044 0.289187
-2.03816 0.285384
-2.03232 0.28459
-2.02648 0.286415
-2.02064 0.285155
-2.0148 0.282784
-2.00896 0.282121
-2.00312 0.282082
-1.99728 0.281419
-1.99144 0.279604
-1.9856 0.279058
-1.97976 0.277338
-1.97392 0.277011
-1.96808 0.275755
-1.96224 0.272658
-1.9564 0.27207
-1.95056 0.271022
-1.94472 0.270353
-1.93888 0.271642
-1.93304 0.268398
-1.9272 0.268942
-1.92136 0.267091
-1.91552 0.260568
-1.90968 0.259343
-1.90384 0.257851
-1.898 0.254547
-1.89216 0.249716
-1.88632 0.246512
-1.88048 0.246604
-1.87464 0.241878
-1.8688 0.240404
-1.86296 0.237996
-1.85712 0.233472
-1.85128 0.228316
-1.84544 0.226933
-1.8396 0.221342
-1.83376 0.219375
-1.82792 0.215154
-1.82208 0.213143
-1.81624 0.210882
-1.8104 0.206997
-1.80456 0.202908
-1.79872 0.198179
-1.79288 0.198888
-1.78704 0.192895
-1.7812 0.191025
-1.77536 0.186701
-1.76952 0.188008
-1.76368 0.178473
-1.75784 0.176651
-1.752 0.170824
-1.74616 0.168902
-1.74032 0.165041
-1.73448 0.163706
-1.72864 0.159021
-1.7228 0.157069
-1.71696 0.15016
-1.71112 0.150192
-1.70528 0.143675
-1.69944 0.140883
-1.6936 0.134856
-1.68776 0.133666
-1.68192 0.129862
-1.67608 0.128744
-1.67024 0.12706
-1.6644 0.123446
-1.65856 0.122336
-1.65272 0.117285
-1.64688 0.118441
-1.64104 0.115089
-1.6352 0.117013
-1.62936 0.115086
-1.62352 0.114338
-1.61768 0.113695
-1.61184 0.114385
-1.606 0.111715
-1.60016 0.113213
-1.59432 0.111932
-1.58848 0.113138
-1.58264 0.108951
-1.5768 0.110471
-1.57096 0.111161
-1.56512 0.109744
-1.55928 0.109673
-1.55344 0.109885
-1.5476 0.109521
-1.54176 0.111841
-1.53592 0.111244
-1.53008 0.112588
-1.52424 0.108942
-1.5184 0.108728
-1.51256 0.108336
-1.50672 0.10784
-1.50088 0.109077
-1.49504 0.108964
-1.4892 0.114231
-1.48336 0.112086
-1.47752 0.110406
-1.47168 0.11012
-1.46584 0.109371
-1.46 0.11018
-1.45416 0.109728
-1.44832 0.111276
-1.44248 0.11397
-1.43664 0.112112
-1.4308 0.11324
-1.42496 0.115192
-1.41912 0.111868
-1.41328 0.111612
-1.40744 0.112322
-1.4016 0.113589
-1.39576 0.111105
-1.38992 0.112379
-1.38408 0.108392
-1.37824 0.110609
-1.3724 0.109723
-1.36656 0.109752
-1.36072 0.109899
-1.35488 0.109324
-1.34904 0.111695
-1.3432 0.114471
-1.33736 0.117919
-1.33152 0.119998
-1.32568 0.123426
-1.31984 0.126564
-1.314 0.127434
-1.30816 0.131178
-1.30232 0.128463
-1.29648 0.132591
-1.29064 0.133834
-1.2848 0.136343
-1.27896 0.144286
-1.27312 0.145229
-1.26728 0.147173
-1.26144 0.150989
-1.2556 0.153318
-1.24976 0.157394
-1.24392 0.158967
-1.23808 0.159717
-1.23224 0.161169
-1.2264 0.164488
-1.22056 0.166801
-1.21472 0.168511
-1.20888 0.172388
-1.20304 0.17407
-1.1972 0.17499
-1.19136 0.177962
-1.18552 0.178683
-1.17968 0.183118
-1.17384 0.184559
-1.168 0.184792
-1.16216 0.184373
-1.15632 0.186523
-1.15048 0.189476
-1.14464 0.190479
-1.1388 0.191434
-1.13296 0.197549
-1.12712 0.1995
-1.12128 0.202307
-1.11544 0.204001
-1.1096 0.20931
-1.10376 0.211201
-1.09792 0.213518
-1.09208 0.215738
-1.08624 0.213703
-1.0804 0.217195
-1.07456 0.218956
-1.06872 0.220853
-1.06288 0.223085
-1.05704 0.227628
-1.0512 0.232298
-1.04536 0.233978
-1.03952 0.236002
-1.03368 0.237264
-1.02784 0.238822
-1.022 0.239435
-1.01616 0.243315
-1.01032 0.245
-1.00448 0.250052
-0.99864 0.250391
-0.9928 0.252107
-0.98696 0.255824
-0.98112 0.255439
-0.97528 0.25715
-0.96944 0.25951
-0.9636 0.262953
-0.95776 0.262402
-0.95192 0.264588
-0.94608 0.262303
-0.94024 0.266355
-0.9344 0.266634
-0.92856 0.26849
-0.92272 0.269069
-0.91688 0.27159
-0.91104 0.273309
-0.9052 0.276512
-0.89936 0.280723
-0.89352 0.279942
-0.88768 0.283403
-0.88184 0.286607
-0.876 0.285871
-0.87016 0.288975
-0.86432 0.287173
-0.85848 0.289521
-0.85264 0.290768
-0.8468 0.291514
-0.84096 0.297908
-0.83512 0.298436
-0.82928 0.3001
-0.82344 0.302282
-0.8176 0.302726
-0.81176 0.305029
-0.80592 0.305985
-0.80008 0.30692
-0.79424 0.307371
-0.7884 0.310044
-0.78256 0.309605
-0.77672 0.310131
-0.77088 0.313184
-0.76504 0.312318
-0.7592 0.311701
-0.75336 0.310577
-0.74752 0.310629
-0.74168 0.310864
-0.73584 0.310954
-0.73 0.310712
-0.72416 0.307859
-0.71832 0.307699
-0.71248 0.308049
-0.70664 0.307467
-0.7008 0.307478
-0.69496 0.307356
-0.68912 0.307355
-0.68328 0.307527
-0.67744 0.30779
-0.6716 0.309431
-0.66576 0.309978
-0.65992 0.309504
-0.65408 0.310922
-0.64824 0.308564
-0.6424 0.309138
-0.63656 0.308525
-0.63072 0.309305
-0.62488 0.310045
-0.61904 0.311453
-0.6132 0.311976
-0.60736 0.31237
-0.60152 0.311879
-0.59568 0.311879
-0.58984 0.311879
-0.584 0.311879
-0.57816 0.311879
-0.57232 0.311879
-0.56648 0.311879
-0.56064 0.311879
-0.5548 0.311879
-0.54896 0.311879
-0.54312 0.311879
-0.53728 0.311879
-0.53144 0.311879
-0.5256 0.311879
-0.51976 0.311879
-0.51392 0.311879
-0.50808 0.311879
-0.50224 0.311879
-0.4964 0.311879
-0.49056 0.311879
-0.48472 0.311879
-0.47888 0.311879
-0.47304 0.311879
-0.4672 0.311879
-0.46136 0.311879
-0.45552 0.311879
-0.44968 0.311879
-0.44384 0.311879
-0.438 0.311879
-0.43216 0.311879
-0.42632 0.311879
-0.42048 0.311879
-0.41464 0.311879
-0.4088 0.311879
-0.40296 0.311879
-0.39712 0.311879
-0.39128 0.311879
-0.38544 0.311879
-0.3796 0.311879
-0.37376 0.311879
-0.36792 0.311879
-0.36208 0.311879
-0.35624 0.311879
-0.3504 0.311879
-0.34456 0.311879
-0.33872 0.311879
-0.33288 0.311879
-0.32704 0.311879
-0.3212 0.311879
-0.31536 0.311879
-0.30952 0.311879
-0.30368 0.311879
-0.29784 0.311879
-0.292 0.311879
-0.28616 0.311879
-0.28032 0.311879
-0.27448 0.311879
-0.26864 0.311879
-0.2628 0.311879
-0.25696 0.311879
-0.25112 0.311879
-0.24528 0.311879
-0.23944 0.311879
-0.2336 0.311879
-0.22776 0.311879
-0.22192 0.311879
-0.21608 0.311879
-0.21024 0.311879
-0.2044 0.311879
-0.19856 0.311879
-0.19272 0.311879
-0.18688 0.311879
-0.18104 0.311879
-0.1752 0.311879
-0.16936 0.311879
-0.16352 0.311879
-0.15768 0.311879
-0.15184 0.311879
-0.146 0.311879
-0.14016 0.311879
-0.13432 0.311879
-0.12848 0.311879
-0.12264 0.311879
-0.1168 0.311879
-0.11096 0.311879
-0.10512 0.311879
-0.09928 0.311879
-0.09344 0.311879
-0.0876 0.311879
-0.08176 0.311879
-0.07592 0.311879
-0.07008 0.311879
-0.06424 0.311879
-0.0584 0.311879
-0.05256 0.311879
-0.04672 0.311879
-0.04088 0.311879
-0.03504 0.311879
-0.0292 0.311879
-0.02336 0.311879
-0.01752 0.311879
-0.01168 0.311879
-0.00584 0.311879
