-2.92 0.428016
-2.91416 0.428016
-2.90832 0.428016
-2.90248 0.428016
-2.89664 0.428016
-2.8908 0.428016
-2.88496 0.428016
-2.87912 0.428016
-2.87328 0.428016
-2.86744 0.428016
-2.8616 0.428016
-2.85576 0.428016
-2.84992 0.428016
-2.84408 0.428016
-2.83824 0.428016
-2.8324 0.428016
-2.82656 0.428016
-2.82072 0.428016
-2.81488 0.428016
-2.80904 0.428016
-2.8032 0.428016
-2.79736 0.428016
-2.79152 0.428016
-2.78568 0.428016
-2.77984 0.428016
-2.774 0.428016
-2.76816 0.428016
-2.76232 0.428016
-2.75648 0.428016
-2.75064 0.428016
-2.7448 0.428016
-2.73896 0.428016
-2.73312 0.428016
-2.72728 0.428016
-2.72144 0.428016
-2.7156 0.428016
-2.70976 0.428016
-2.70392 0.428016
-2.69808 0.428016
-2.69224 0.428016
-2.6864 0.428016
-2.68056 0.428016
-2.67472 0.428016
-2.66888 0.428016
-2.66304 0.428016
-2.6572 0.428016
-2.65136 0.428016
-2.64552 0.428016
-2.63968 0.428016
-2.63384 0.428016
-2.628 0.428016
-2.62216 0.428016
-2.61632 0.428016
-2.61048 0.428016
-2.60464 0.428016
-2.5988 0.428016
-2.59296 0.427573
-2.58712 0.426821
-2.58128 0.42598
-2.57544 0.425052
-2.5696 0.423946
-2.56376 0.422839
-2.55792 0.421558
-2.55208 0.420278
-2.54624 0.419041
-2.5404 0.417629
-2.53456 0.416129
-2.52872 0.414584
-2.52288 0.412996
-2.51704 0.411363
-2.5112 0.409685
-2.50536 0.407877
-2.49952 0.406068
-2.49368 0.404258
-2.48784 0.40236
-2.482 0.400592
-2.47616 0.398475
-2.47032 0.396401
-2.46448 0.39424
-2.45864 0.392036
-2.4528 0.389873
-2.44696 0.387711
-2.44112 0.385673
-2.43528 0.383212
-2.42944 0.381052
-2.4236 0.379345
-2.41776 0.376923
-2.41192 0.374716
-2.40608 0.372755
-2.40024 0.370915
-2.3944 0.368575
-2.38856 0.366613
-2.38272 0.364689
-2.37688 0.36243
-2.37104 0.360127
-2.3652 0.358658
-2.35936 0.356349
-2.35352 0.353118
-2.34768 0.351398
-2.34184 0.349168
-2.336 0.346943
-2.33016 0.344466
-2.32432 0.342112
-2.31848 0.340852
-2.31264 0.33787
-2.3068 0.334676
-2.30096 0.33295
-2.29512 0.329293
-2.28928 0.32681
-2.28344 0.325796
-2.2776 0.32285
-2.27176 0.320242
-2.26592 0.316917
-2.26008 0.314263
-2.25424 0.311855
-2.2484 0.309021
-2.24256 0.305608
-2.23672 0.30257
-2.23088 0.301174
-2.22504 0.297166
-2.2192 0.296272
-2.21336 0.291672
-2.20752 0.289226
-2.20168 0.287276
-2.19584 0.283815
-2.19 0.280989
-2.18416 0.277904
-2.17832 0.275795
-2.17248 0.272626
-2.16664 0.27009
-2.1608 0.265485
-2.15496 0.263589
-2.14912 0.261813
-2.14328 0.257545
-2.13744 0.256618
-2.1316 0.252776
-2.12576 0.25045
-2.11992 0.24762
-2.11408 0.2467
-2.10824 0.243531
-2.1024 0.24307
-2.09656 0.241384
-2.09072 0.238218
-2.08488 0.237466
-2.07904 0.235062
-2.0732 0.233718
-2.06736 0.232327
-2.06152 0.229844
-2.05568 0.230032
-2.04984 0.228724
-2.044 0.225518
-2.03816 0.225406
-2.03232 0.226129
-2.02648 0.223768
-2.02064 0.222036
-2.0148 0.221797
-2.00896 0.220067
-2.00312 0.217111
-1.99728 0.21657
-1.99144 0.214004
-1.9856 0.215947
-1.97976 0.215417
-1.97392 0.215901
-1.96808 0.213571
-1.96224 0.211163
-1.9564 0.209716
-1.95056 0.209161
-1.94472 0.211462
-1.93888 0.209395
-1.93304 0.205547
-1.9272 0.204617
-1.92136 0.202161
-1.91552 0.201276
-1.90968 0.200325
-1.90384 0.197112
-1.898 0.195991
-1.89216 0.195874
-1.88632 0.192747
-1.88048 0.189591
-1.87464 0.185166
-1.8688 0.184179
-1.86296 0.179878
-1.85712 0.180358
-1.85128 0.179729
-1.84544 0.175684
-1.8396 0.17303
-1.83376 0.172581
-1.82792 0.172298
-1.82208 0.170126
-1.81624 0.16834
-1.8104 0.164246
-1.80456 0.163679
-1.79872 0.157924
-1.79288 0.156125
-1.78704 0.155778
-1.7812 0.149697
-1.77536 0.151839
-1.76952 0.146881
-1.76368 0.145178
-1.75784 0.144744
-1.752 0.143182
-1.74616 0.14212
-1.74032 0.138237
-1.73448 0.139374
-1.72864 0.134735
-1.7228 0.132372
-1.71696 0.130992
-1.71112 0.128241
-1.70528 0.124607
-1.69944 0.123491
-1.6936 0.124467
-1.68776 0.118945
-1.68192 0.118954
-1.67608 0.116068
-1.67024 0.113895
-1.6644 0.113669
-1.65856 0.110293
-1.65272 0.110319
-1.64688 0.112543
-1.64104 0.111017
-1.6352 0.109641
-1.62936 0.109633
-1.62352 0.112241
-1.61768 0.110885
-1.61184 0.112366
-1.606 0.112293
-1.60016 0.116352
-1.59432 0.112895
-1.58848 0.111943
-1.58264 0.111891
-1.5768 0.115296
-1.57096 0.117562
-1.56512 0.117249
-1.55928 0.119394
-1.55344 0.117668
-1.5476 0.121721
-1.54176 0.125884
-1.53592 0.123657
-1.53008 0.128248
-1.52424 0.124732
-1.5184 0.125391
-1.51256 0.130526
-1.50672 0.131937
-1.50088 0.13135
-1.49504 0.13121
-1.4892 0.137136
-1.48336 0.139757
-1.47752 0.138427
-1.47168 0.141776
-1.46584 0.143284
-1.46 0.145459
-1.45416 0.14513
-1.44832 0.145169
-1.44248 0.149604
-1.43664 0.152797
-1.4308 0.152664
-1.42496 0.153297
-1.41912 0.15728
-1.41328 0.157216
-1.40744 0.159166
-1.4016 0.158884
-1.39576 0.162322
-1.38992 0.163289
-1.38408 0.161048
-1.37824 0.16215
-1.3724 0.165859
-1.36656 0.167136
-1.36072 0.166701
-1.35488 0.171092
-1.34904 0.173616
-1.3432 0.176396
-1.33736 0.180374
-1.33152 0.184268
-1.32568 0.184991
-1.31984 0.191244
-1.314 0.190968
-1.30816 0.197461
-1.30232 0.194214
-1.29648 0.201045
-1.29064 0.201866
-1.2848 0.205517
-1.27896 0.212961
-1.27312 0.214294
-1.26728 0.216817
-1.26144 0.218695
-1.2556 0.22506
-1.24976 0.229506
-1.24392 0.232164
-1.23808 0.234265
-1.23224 0.236124
-1.2264 0.23955
-1.22056 0.240113
-1.21472 0.244453
-1.20888 0.246726
-1.20304 0.249985
-1.1972 0.25456
-1.19136 0.256052
-1.18552 0.261702
-1.17968 0.262423
-1.17384 0.264514
-1.168 0.265754
-1.16216 0.269993
-1.15632 0.270564
-1.15048 0.272024
-1.14464 0.27368
-1.1388 0.279638
-1.13296 0.280756
-1.12712 0.283905
-1.12128 0.286513
-1.11544 0.288956
-1.1096 0.294938
-1.10376 0.294842
-1.09792 0.297994
-1.09208 0.301643
-1.08624 0.29963
-1.0804 0.303796
-1.07456 0.307215
-1.06872 0.308783
-1.06288 0.310367
-1.05704 0.317089
-1.0512 0.31926
-1.04536 0.324609
-1.03952 0.323474
-1.03368 0.328251
-1.02784 0.329011
-1.022 0.334329
-1.01616 0.335191
-1.01032 0.337027
-1.00448 0.340013
-0.99864 0.345179
-0.9928 0.345206
-0.98696 0.347545
-0.98112 0.350319
-0.97528 0.354761
-0.96944 0.355484
-0.9636 0.358616
-0.95776 0.360589
-0.95192 0.36189
-0.94608 0.361374
-0.94024 0.36475
-0.9344 0.367089
-0.92856 0.371161
-0.92272 0.369736
-0.91688 0.373886
-0.91104 0.377674
-0.9052 0.380034
-0.89936 0.383353
-0.89352 0.387635
-0.88768 0.389337
-0.88184 0.391344
-0.876 0.392914
-0.87016 0.396942
-0.86432 0.395245
-0.85848 0.398933
-0.85264 0.399448
-0.8468 0.403208
-0.84096 0.409416
-0.83512 0.411489
-0.82928 0.41404
-0.82344 0.415005
-0.8176 0.41742
-0.81176 0.419871
-0.80592 0.42233
-0.80008 0.422514
-0.79424 0.426155
-0.7884 0.427611
-0.78256 0.428673
-0.77672 0.431495
-0.77088 0.432382
-0.76504 0.433775
-0.7592 0.434033
-0.75336 0.435709
-0.74752 0.437992
-0.74168 0.437471
-0.73584 0.437549
-0.73 0.439361
-0.72416 0.437331
-0.71832 0.437102
-0.71248 0.438952
-0.70664 0.439524
-0.7008 0.440909
-0.69496 0.440692
-0.68912 0.441377
-0.68328 0.442492
-0.67744 0.443478
-0.6716 0.445431
-0.66576 0.446208
-0.65992 0.446431
-0.65408 0.448061
-0.64824 0.446178
-0.6424 0.447441
-0.63656 0.4477
-0.63072 0.448923
-0.62488 0.450183
-0.61904 0.452654
-0.6132 0.453191
-0.60736 0.453591
-0.60152 0.453311
-0.59568 0.453311
-0.58984 0.453311
-0.584 0.453311
-0.57816 0.453311
-0.57232 0.453311
-0.56648 0.453311
-0.56064 0.453311
-0.5548 0.453311
-0.54896 0.453311
-0.54312 0.453311
-0.53728 0.453311
-0.53144 0.453311
-0.5256 0.453311
-0.51976 0.453311
-0.51392 0.453311
-0.50808 0.453311
-0.50224 0.453311
-0.4964 0.453311
-0.49056 0.453311
-0.48472 0.453311
-0.47888 0.453311
-0.47304 0.453311
-0.4672 0.453311
-0.46136 0.453311
-0.45552 0.453311
-0.44968 0.453311
-0.44384 0.453311
-0.438 0.453311
-0.43216 0.453311
-0.42632 0.453311
-0.42048 0.453311
-0.41464 0.453311
-0.4088 0.453311
-0.40296 0.453311
-0.39712 0.453311
-0.39128 0.453311
-0.38544 0.453311
-0.3796 0.453311
-0.37376 0.453311
-0.36792 0.453311
-0.36208 0.453311
-0.35624 0.453311
-0.3504 0.453311
-0.34456 0.453311
-0.33872 0.453311
-0.33288 0.453311
-0.32704 0.453311
-0.3212 0.453311
-0.31536 0.453311
-0.30952 0.453311
-0.30368 0.453311
-0.29784 0.453311
-0.292 0.453311
-0.28616 0.453311
-0.28032 0.453311
-0.27448 0.453311
-0.26864 0.453311
-0.2628 0.453311
-0.25696 0.453311
-0.25112 0.453311
-0.24528 0.453311
-0.23944 0.453311
-0.2336 0.453311
-0.22776 0.453311
-0.22192 0.453311
-0.21608 0.453311
-0.21024 0.453311
-0.2044 0.453311
-0.19856 0.453311
-0.19272 0.453311
-0.18688 0.453311
-0.18104 0.453311
-0.1752 0.453311
-0.16936 0.453311
-0.16352 0.453311
-0.15768 0.453311
-0.15184 0.453311
-0.146 0.453311
-0.14016 0.453311
-0.13432 0.453311
-0.12848 0.453311
-0.12264 0.453311
-0.1168 0.453311
-0.11096 0.453311
-0.10512 0.453311
-0.09928 0.453311
-0.09344 0.453311
-0.0876 0.453311
-0.08176 0.453311
-0.07592 0.453311
-0.07008 0.453311
-0.06424 0.453311
-0.0584 0.453311
-0.05256 0.453311
-0.04672 0.453311
-0.04088 0.453311
-0.03504 0.453311
-0.0292 0.453311
-0.02336 0.453311
-0.01752 0.453311
-0.01168 0.453311
-0.00584 0.453311
