-2.92 0.44235
-2.91416 0.44235
-2.90832 0.44235
-2.90248 0.44235
-2.89664 0.44235
-2.8908 0.44235
-2.88496 0.44235
-2.87912 0.44235
-2.87328 0.44235
-2.86744 0.44235
-2.8616 0.44235
-2.85576 0.44235
-2.84992 0.44235
-2.84408 0.44235
-2.83824 0.44235
-2.8324 0.44235
-2.82656 0.44235
-2.82072 0.44235
-2.81488 0.44235
-2.80904 0.44235
-2.8032 0.44235
-2.79736 0.44235
-2.79152 0.44235
-2.78568 0.44235
-2.77984 0.44235
-2.774 0.44235
-2.76816 0.44235
-2.76232 0.44235
-2.75648 0.44235
-2.75064 0.44235
-2.7448 0.44235
-2.73896 0.44235
-2.73312 0.44235
-2.72728 0.44235
-2.72144 0.44235
-2.7156 0.44235
-2.70976 0.44235
-2.70392 0.44235
-2.69808 0.44235
-2.69224 0.44235
-2.6864 0.44235
-2.68056 0.44235
-2.67472 0.44235
-2.66888 0.44235
-2.66304 0.44235
-2.6572 0.44235
-2.65136 0.44235
-2.64552 0.44235
-2.63968 0.44235
-2.63384 0.44235
-2.628 0.44235
-2.62216 0.44235
-2.61632 0.44235
-2.61048 0.44235
-2.60464 0.44235
-2.5988 0.44235
-2.59296 0.441778
-2.58712 0.441031
-2.58128 0.440195
-2.57544 0.439269
-2.5696 0.438255
-2.56376 0.437149
-2.55792 0.435998
-2.55208 0.434804
-2.54624 0.433519
-2.5404 0.432189
-2.53456 0.430813
-2.52872 0.429393
-2.52288 0.427974
-2.51704 0.426468
-2.5112 0.42483
-2.50536 0.423194
-2.49952 0.421556
-2.49368 0.419916
-2.48784 0.418235
-2.482 0.416926
-2.47616 0.41515
-2.47032 0.413907
-2.46448 0.412124
-2.45864 0.410751
-2.4528 0.408501
-2.44696 0.407128
-2.44112 0.405583
-2.43528 0.404285
-2.42944 0.402233
-2.4236 0.400932
-2.41776 0.398711
-2.41192 0.397446
-2.40608 0.394758
-2.40024 0.393789
-2.3944 0.390841
-2.38856 0.388912
-2.38272 0.387476
-2.37688 0.384028
-2.37104 0.38389
-2.3652 0.380942
-2.35936 0.378828
-2.35352 0.376521
-2.34768 0.374788
-2.34184 0.372176
-2.336 0.369725
-2.33016 0.366945
-2.32432 0.36391
-2.31848 0.363764
-2.31264 0.361737
-2.3068 0.358406
-2.30096 0.357129
-2.29512 0.355734
-2.28928 0.352231
-2.28344 0.351887
-2.2776 0.349436
-2.27176 0.34766
-2.26592 0.346221
-2.26008 0.34453
-2.25424 0.342364
-2.2484 0.340506
-2.24256 0.337457
-2.23672 0.336729
-2.23088 0.335707
-2.22504 0.333423
-2.2192 0.330072
-2.21336 0.329224
-2.20752 0.327442
-2.20168 0.327892
-2.19584 0.323879
-2.19 0.322309
-2.18416 0.320112
-2.17832 0.316894
-2.17248 0.316381
-2.16664 0.3146
-2.1608 0.312866
-2.15496 0.312854
-2.14912 0.307864
-2.14328 0.310641
-2.13744 0.307521
-2.1316 0.305104
-2.12576 0.305947
-2.11992 0.303401
-2.11408 0.301628
-2.10824 0.299849
-2.1024 0.297094
-2.09656 0.296343
-2.09072 0.29477
-2.08488 0.292988
-2.07904 0.291584
-2.0732 0.289604
-2.06736 0.288635
-2.06152 0.288047
-2.05568 0.284583
-2.04984 0.28455
-2.044 0.283621
-2.03816 0.281421
-2.03232 0.279681
-2.02648 0.278164
-2.02064 0.277142
-2.0148 0.276377
-2.00896 0.273551
-2.00312 0.272792
-1.99728 0.273256
-1.99144 0.269992
-1.9856 0.270338
-1.97976 0.26594
-1.97392 0.267253
-1.96808 0.263369
-1.96224 0.26439
-1.9564 0.261852
-1.95056 0.261279
-1.94472 0.260905
-1.93888 0.259202
-1.93304 0.25607
-1.9272 0.251242
-1.92136 0.249007
-1.91552 0.245916
-1.90968 0.244958
-1.90384 0.242922
-1.898 0.239706
-1.89216 0.237852
-1.88632 0.232169
-1.88048 0.232386
-1.87464 0.227521
-1.8688 0.225198
-1.86296 0.223296
-1.85712 0.219998
-1.85128 0.218012
-1.84544 0.213095
-1.8396 0.209692
-1.83376 0.20752
-1.82792 0.201198
-1.82208 0.201084
-1.81624 0.194855
-1.8104 0.19393
-1.80456 0.190559
-1.79872 0.186293
-1.79288 0.185769
-1.78704 0.180702
-1.7812 0.176328
-1.77536 0.173498
-1.76952 0.171182
-1.76368 0.168005
-1.75784 0.165069
-1.752 0.163311
-1.74616 0.16053
-1.74032 0.155566
-1.73448 0.152352
-1.72864 0.152011
-1.7228 0.144901
-1.71696 0.143345
-1.71112 0.141068
-1.70528 0.13599
-1.69944 0.137585
-1.6936 0.134031
-1.68776 0.129625
-1.68192 0.128988
-1.67608 0.124843
-1.67024 0.121603
-1.6644 0.120488
-1.65856 0.119887
-1.65272 0.11949
-1.64688 0.117714
-1.64104 0.116445
-1.6352 0.119396
-1.62936 0.117878
-1.62352 0.117411
-1.61768 0.11749
-1.61184 0.116556
-1.606 0.117318
-1.60016 0.115877
-1.59432 0.116726
-1.58848 0.115578
-1.58264 0.115348
-1.5768 0.116913
-1.57096 0.119101
-1.56512 0.118547
-1.55928 0.120759
-1.55344 0.122697
-1.5476 0.125535
-1.54176 0.125345
-1.53592 0.127214
-1.53008 0.127375
-1.52424 0.123504
-1.5184 0.123176
-1.51256 0.126862
-1.50672 0.125753
-1.50088 0.126141
-1.49504 0.132628
-1.4892 0.131031
-1.48336 0.131208
-1.47752 0.133034
-1.47168 0.135249
-1.46584 0.136238
-1.46 0.13476
-1.45416 0.13392
-1.44832 0.135817
-1.44248 0.137863
-1.43664 0.139023
-1.4308 0.138189
-1.42496 0.137598
-1.41912 0.137249
-1.41328 0.139626
-1.40744 0.141461
-1.4016 0.141131
-1.39576 0.140948
-1.38992 0.142672
-1.38408 0.139053
-1.37824 0.138284
-1.3724 0.14271
-1.36656 0.142909
-1.36072 0.144859
-1.35488 0.145971
-1.34904 0.147416
-1.3432 0.150399
-1.33736 0.153212
-1.33152 0.158027
-1.32568 0.161933
-1.31984 0.159779
-1.314 0.165882
-1.30816 0.167663
-1.30232 0.166937
-1.29648 0.171475
-1.29064 0.172157
-1.2848 0.176249
-1.27896 0.182083
-1.27312 0.181168
-1.26728 0.18666
-1.26144 0.189689
-1.2556 0.192544
-1.24976 0.193908
-1.24392 0.196452
-1.23808 0.199205
-1.23224 0.200685
-1.2264 0.204093
-1.22056 0.207309
-1.21472 0.209985
-1.20888 0.209086
-1.20304 0.213611
-1.1972 0.215439
-1.19136 0.217882
-1.18552 0.21967
-1.17968 0.222659
-1.17384 0.226694
-1.168 0.225092
-1.16216 0.22931
-1.15632 0.227707
-1.15048 0.231294
-1.14464 0.231934
-1.1388 0.23379
-1.13296 0.238964
-1.12712 0.240266
-1.12128 0.244637
-1.11544 0.249461
-1.1096 0.251515
-1.10376 0.252154
-1.09792 0.255888
-1.09208 0.256781
-1.08624 0.254686
-1.0804 0.256204
-1.07456 0.260666
-1.06872 0.262517
-1.06288 0.263506
-1.05704 0.271304
-1.0512 0.273459
-1.04536 0.27338
-1.03952 0.275788
-1.03368 0.278871
-1.02784 0.280895
-1.022 0.280161
-1.01616 0.281352
-1.01032 0.285377
-1.00448 0.288336
-0.99864 0.290358
-0.9928 0.290154
-0.98696 0.29255
-0.98112 0.293357
-0.97528 0.296231
-0.96944 0.296971
-0.9636 0.299993
-0.95776 0.300365
-0.95192 0.300279
-0.94608 0.301091
-0.94024 0.301426
-0.9344 0.304641
-0.92856 0.306169
-0.92272 0.307587
-0.91688 0.310679
-0.91104 0.312855
-0.9052 0.315136
-0.89936 0.31809
-0.89352 0.32037
-0.88768 0.322089
-0.88184 0.32505
-0.876 0.326045
-0.87016 0.327598
-0.86432 0.327654
-0.85848 0.32904
-0.85264 0.330079
-0.8468 0.331588
-0.84096 0.337221
-0.83512 0.337212
-0.82928 0.339064
-0.82344 0.340011
-0.8176 0.342911
-0.81176 0.344587
-0.80592 0.344578
-0.80008 0.345953
-0.79424 0.347877
-0.7884 0.3498
-0.78256 0.351429
-0.77672 0.351406
-0.77088 0.352822
-0.76504 0.354106
-0.7592 0.353538
-0.75336 0.35461
-0.74752 0.353663
-0.74168 0.356076
-0.73584 0.354529
-0.73 0.353142
-0.72416 0.352522
-0.71832 0.352489
-0.71248 0.352294
-0.70664 0.352634
-0.7008 0.353625
-0.69496 0.353591
-0.68912 0.354225
-0.68328 0.354818
-0.67744 0.355626
-0.6716 0.357105
-0.66576 0.357568
-0.65992 0.357607
-0.65408 0.359788
-0.64824 0.357177
-0.6424 0.358222
-0.63656 0.358591
-0.63072 0.359544
-0.62488 0.360499
-0.61904 0.362793
-0.6132 0.363063
-0.60736 0.363543
-0.60152 0.363344
-0.59568 0.363344
-0.58984 0.363344
-0.584 0.363344
-0.57816 0.363344
-0.57232 0.363344
-0.56648 0.363344
-0.56064 0.363344
-0.5548 0.363344
-0.54896 0.363344
-0.54312 0.363344
-0.53728 0.363344
-0.53144 0.363344
-0.5256 0.363344
-0.51976 0.363344
-0.51392 0.363344
-0.50808 0.363344
-0.50224 0.363344
-0.4964 0.363344
-0.49056 0.363344
-0.48472 0.363344
-0.47888 0.363344
-0.47304 0.363344
-0.4672 0.363344
-0.46136 0.363344
-0.45552 0.363344
-0.44968 0.363344
-0.44384 0.363344
-0.438 0.363344
-0.43216 0.363344
-0.42632 0.363344
-0.42048 0.363344
-0.41464 0.363344
-0.4088 0.363344
-0.40296 0.363344
-0.39712 0.363344
-0.39128 0.363344
-0.38544 0.363344
-0.3796 0.363344
-0.37376 0.363344
-0.36792 0.363344
-0.36208 0.363344
-0.35624 0.363344
-0.3504 0.363344
-0.34456 0.363344
-0.33872 0.363344
-0.33288 0.363344
-0.32704 0.363344
-0.3212 0.363344
-0.31536 0.363344
-0.30952 0.363344
-0.30368 0.363344
-0.29784 0.363344
-0.292 0.363344
-0.28616 0.363344
-0.28032 0.363344
-0.27448 0.363344
-0.26864 0.363344
-0.2628 0.363344
-0.25696 0.363344
-0.25112 0.363344
-0.24528 0.363344
-0.23944 0.363344
-0.2336 0.363344
-0.22776 0.363344
-0.22192 0.363344
-0.21608 0.363344
-0.21024 0.363344
-0.2044 0.363344
-0.19856 0.363344
-0.19272 0.363344
-0.18688 0.363344
-0.18104 0.363344
-0.1752 0.363344
-0.16936 0.363344
-0.16352 0.363344
-0.15768 0.363344
-0.15184 0.363344
-0.146 0.363344
-0.14016 0.363344
-0.13432 0.363344
-0.12848 0.363344
-0.12264 0.363344
-0.1168 0.363344
-0.11096 0.363344
-0.10512 0.363344
-0.09928 0.363344
-0.09344 0.363344
-0.0876 0.363344
-0.08176 0.363344
-0.07592 0.363344
-0.07008 0.363344
-0.06424 0.363344
-0.0584 0.363344
-0.05256 0.363344
-0.04672 0.363344
-0.04088 0.363344
-0.03504 0.363344
-0.0292 0.363344
-0.02336 0.363344
-0.01752 0.363344
-0.01168 0.363344
-0.00584 0.363344
