-2.92 0.401034
-2.91416 0.401034
-2.90832 0.401034
-2.90248 0.401034
-2.89664 0.401034
-2.8908 0.401034
-2.88496 0.401034
-2.87912 0.401034
-2.87328 0.401034
-2.86744 0.401034
-2.8616 0.401034
-2.85576 0.401034
-2.84992 0.401034
-2.84408 0.401034
-2.83824 0.401034
-2.8324 0.401034
-2.82656 0.401034
-2.82072 0.401034
-2.81488 0.401034
-2.80904 0.401034
-2.8032 0.401034
-2.79736 0.401034
-2.79152 0.401034
-2.78568 0.401034
-2.77984 0.401034
-2.774 0.401034
-2.76816 0.401034
-2.76232 0.401034
-2.75648 0.401034
-2.75064 0.401034
-2.7448 0.401034
-2.73896 0.401034
-2.73312 0.401034
-2.72728 0.401034
-2.72144 0.401034
-2.7156 0.401034
-2.70976 0.401034
-2.70392 0.401034
-2.69808 0.401034
-2.69224 0.401034
-2.6864 0.401034
-2.68056 0.401034
-2.67472 0.401034
-2.66888 0.401034
-2.66304 0.401034
-2.6572 0.401034
-2.65136 0.401034
-2.64552 0.401034
-2.63968 0.401034
-2.63384 0.401034
-2.628 0.401034
-2.62216 0.401034
-2.61632 0.401034
-2.61048 0.401034
-2.60464 0.401034
-2.5988 0.401034
-2.59296 0.400637
-2.58712 0.400065
-2.58128 0.399404
-2.57544 0.398743
-2.5696 0.397862
-2.56376 0.396939
-2.55792 0.395926
-2.55208 0.394868
-2.54624 0.393724
-2.5404 0.392581
-2.53456 0.391391
-2.52872 0.390069
-2.52288 0.388749
-2.51704 0.387339
-2.5112 0.385841
-2.50536 0.384299
-2.49952 0.382712
-2.49368 0.381082
-2.48784 0.379493
-2.482 0.378368
-2.47616 0.376858
-2.47032 0.375802
-2.46448 0.37395
-2.45864 0.372805
-2.4528 0.371909
-2.44696 0.370264
-2.44112 0.368485
-2.43528 0.367622
-2.42944 0.365804
-2.4236 0.364436
-2.41776 0.362859
-2.41192 0.361911
-2.40608 0.36025
-2.40024 0.360095
-2.3944 0.357851
-2.38856 0.356978
-2.38272 0.355313
-2.37688 0.354358
-2.37104 0.352275
-2.3652 0.351328
-2.35936 0.349783
-2.35352 0.348201
-2.34768 0.347418
-2.34184 0.345377
-2.336 0.344338
-2.33016 0.344059
-2.32432 0.341763
-2.31848 0.339838
-2.31264 0.340438
-2.3068 0.338261
-2.30096 0.337599
-2.29512 0.336134
-2.28928 0.333833
-2.28344 0.334431
-2.2776 0.331915
-2.27176 0.330156
-2.26592 0.329495
-2.26008 0.328418
-2.25424 0.327201
-2.2484 0.324802
-2.24256 0.324387
-2.23672 0.323086
-2.23088 0.320742
-2.22504 0.320746
-2.2192 0.317461
-2.21336 0.316114
-2.20752 0.314307
-2.20168 0.31309
-2.19584 0.312506
-2.19 0.311372
-2.18416 0.309182
-2.17832 0.309612
-2.17248 0.307885
-2.16664 0.305318
-2.1608 0.303678
-2.15496 0.302159
-2.14912 0.302088
-2.14328 0.300101
-2.13744 0.299563
-2.1316 0.296744
-2.12576 0.296113
-2.11992 0.292834
-2.11408 0.292209
-2.10824 0.293019
-2.1024 0.290376
-2.09656 0.290172
-2.09072 0.288069
-2.08488 0.284236
-2.07904 0.287332
-2.0732 0.28388
-2.06736 0.27911
-2.06152 0.281707
-2.05568 0.280238
-2.04984 0.278644
-2.044 0.27667
-2.03816 0.275845
-2.03232 0.273275
-2.02648 0.274685
-2.02064 0.272496
-2.0148 0.270607
-2.00896 0.268973
-2.00312 0.266904
-1.99728 0.267941
-1.99144 0.264702
-1.9856 0.263185
-1.97976 0.260458
-1.97392 0.258744
-1.96808 0.25778
-1.96224 0.259575
-1.9564 0.257394
-1.95056 0.256699
-1.94472 0.253949
-1.93888 0.252866
-1.93304 0.251153
-1.9272 0.247268
-1.92136 0.245079
-1.91552 0.241742
-1.90968 0.242108
-1.90384 0.23749
-1.898 0.233207
-1.89216 0.232619
-1.88632 0.22808
-1.88048 0.227414
-1.87464 0.226259
-1.8688 0.221479
-1.86296 0.219157
-1.85712 0.215595
-1.85128 0.214736
-1.84544 0.211075
-1.8396 0.210756
-1.83376 0.204144
-1.82792 0.202418
-1.82208 0.198899
-1.81624 0.197616
-1.8104 0.194426
-1.80456 0.192374
-1.79872 0.188954
-1.79288 0.186482
-1.78704 0.182232
-1.7812 0.180884
-1.77536 0.178462
-1.76952 0.177431
-1.76368 0.175225
-1.75784 0.1713
-1.752 0.166132
-1.74616 0.164662
-1.74032 0.162275
-1.73448 0.160959
-1.72864 0.156583
-1.7228 0.154259
-1.71696 0.149733
-1.71112 0.146901
-1.70528 0.14529
-1.69944 0.139694
-1.6936 0.140377
-1.68776 0.1378
-1.68192 0.136762
-1.67608 0.133277
-1.67024 0.129395
-1.6644 0.126923
-1.65856 0.126057
-1.65272 0.125204
-1.64688 0.124095
-1.64104 0.123754
-1.6352 0.125461
-1.62936 0.122463
-1.62352 0.123879
-1.61768 0.123708
-1.61184 0.124749
-1.606 0.124008
-1.60016 0.124956
-1.59432 0.124434
-1.58848 0.121203
-1.58264 0.125172
-1.5768 0.123562
-1.57096 0.118414
-1.56512 0.12356
-1.55928 0.124229
-1.55344 0.126474
-1.5476 0.124807
-1.54176 0.126652
-1.53592 0.127251
-1.53008 0.128569
-1.52424 0.126807
-1.5184 0.129632
-1.51256 0.126815
-1.50672 0.128888
-1.50088 0.127053
-1.49504 0.131802
-1.4892 0.132698
-1.48336 0.135351
-1.47752 0.133319
-1.47168 0.138625
-1.46584 0.136582
-1.46 0.135903
-1.45416 0.13951
-1.44832 0.138272
-1.44248 0.140888
-1.43664 0.142883
-1.4308 0.140502
-1.42496 0.14101
-1.41912 0.143703
-1.41328 0.146136
-1.40744 0.146447
-1.4016 0.146293
-1.39576 0.148861
-1.38992 0.145481
-1.38408 0.145172
-1.37824 0.148387
-1.3724 0.150062
-1.36656 0.14998
-1.36072 0.153794
-1.35488 0.154559
-1.34904 0.156785
-1.3432 0.162088
-1.33736 0.164668
-1.33152 0.168693
-1.32568 0.172848
-1.31984 0.174083
-1.314 0.17215
-1.30816 0.184871
-1.30232 0.184748
-1.29648 0.185093
-1.29064 0.187149
-1.2848 0.193109
-1.27896 0.197448
-1.27312 0.199378
-1.26728 0.206734
-1.26144 0.205961
-1.2556 0.208765
-1.24976 0.212938
-1.24392 0.216593
-1.23808 0.22068
-1.23224 0.222682
-1.2264 0.226334
-1.22056 0.230505
-1.21472 0.233748
-1.20888 0.237731
-1.20304 0.23956
-1.1972 0.242794
-1.19136 0.243486
-1.18552 0.247131
-1.17968 0.250638
-1.17384 0.257867
-1.168 0.255595
-1.16216 0.257765
-1.15632 0.261107
-1.15048 0.260872
-1.14464 0.268732
-1.1388 0.267307
-1.13296 0.271795
-1.12712 0.276873
-1.12128 0.280791
-1.11544 0.283932
-1.1096 0.288808
-1.10376 0.29407
-1.09792 0.295093
-1.09208 0.299605
-1.08624 0.296322
-1.0804 0.30074
-1.07456 0.300883
-1.06872 0.305811
-1.06288 0.307039
-1.05704 0.311993
-1.0512 0.317563
-1.04536 0.32052
-1.03952 0.320222
-1.03368 0.325869
-1.02784 0.32676
-1.022 0.328977
-1.01616 0.331254
-1.01032 0.331865
-1.00448 0.337508
-0.99864 0.338533
-0.9928 0.338115
-0.98696 0.341374
-0.98112 0.345572
-0.97528 0.348166
-0.96944 0.34919
-0.9636 0.35274
-0.95776 0.356949
-0.95192 0.353821
-0.94608 0.353461
-0.94024 0.357458
-0.9344 0.359157
-0.92856 0.359386
-0.92272 0.363236
-0.91688 0.366842
-0.91104 0.368326
-0.9052 0.371589
-0.89936 0.372526
-0.89352 0.376756
-0.88768 0.379243
-0.88184 0.380604
-0.876 0.380762
-0.87016 0.386933
-0.86432 0.386623
-0.85848 0.38814
-0.85264 0.388397
-0.8468 0.392913
-0.84096 0.395894
-0.83512 0.397963
-0.82928 0.400504
-0.82344 0.40147
-0.8176 0.401587
-0.81176 0.40467
-0.80592 0.406263
-0.80008 0.40896
-0.79424 0.408782
-0.7884 0.411222
-0.78256 0.413744
-0.77672 0.413352
-0.77088 0.415194
-0.76504 0.416753
-0.7592 0.416613
-0.75336 0.415582
-0.74752 0.417214
-0.74168 0.418126
-0.73584 0.418747
-0.73 0.419108
-0.72416 0.417776
-0.71832 0.418264
-0.71248 0.418444
-0.70664 0.419349
-0.7008 0.419282
-0.69496 0.419711
-0.68912 0.420274
-0.68328 0.421004
-0.67744 0.421692
-0.6716 0.423477
-0.66576 0.42399
-0.65992 0.424242
-0.65408 0.42592
-0.64824 0.423985
-0.6424 0.424906
-0.63656 0.424901
-0.63072 0.425854
-0.62488 0.426682
-0.61904 0.428893
-0.6132 0.429207
-0.60736 0.429432
-0.60152 0.429065
-0.59568 0.429065
-0.58984 0.429065
-0.584 0.429065
-0.57816 0.429065
-0.57232 0.429065
-0.56648 0.429065
-0.56064 0.429065
-0.5548 0.429065
-0.54896 0.429065
-0.54312 0.429065
-0.53728 0.429065
-0.53144 0.429065
-0.5256 0.429065
-0.51976 0.429065
-0.51392 0.429065
-0.50808 0.429065
-0.50224 0.429065
-0.4964 0.429065
-0.49056 0.429065
-0.48472 0.429065
-0.47888 0.429065
-0.47304 0.429065
-0.4672 0.429065
-0.46136 0.429065
-0.45552 0.429065
-0.44968 0.429065
-0.44384 0.429065
-0.438 0.429065
-0.43216 0.429065
-0.42632 0.429065
-0.42048 0.429065
-0.41464 0.429065
-0.4088 0.429065
-0.40296 0.429065
-0.39712 0.429065
-0.39128 0.429065
-0.38544 0.429065
-0.3796 0.429065
-0.37376 0.429065
-0.36792 0.429065
-0.36208 0.429065
-0.35624 0.429065
-0.3504 0.429065
-0.34456 0.429065
-0.33872 0.429065
-0.33288 0.429065
-0.32704 0.429065
-0.3212 0.429065
-0.31536 0.429065
-0.30952 0.429065
-0.30368 0.429065
-0.29784 0.429065
-0.292 0.429065
-0.28616 0.429065
-0.28032 0.429065
-0.27448 0.429065
-0.26864 0.429065
-0.2628 0.429065
-0.25696 0.429065
-0.25112 0.429065
-0.24528 0.429065
-0.23944 0.429065
-0.2336 0.429065
-0.22776 0.429065
-0.22192 0.429065
-0.21608 0.429065
-0.21024 0.429065
-0.2044 0.429065
-0.19856 0.429065
-0.19272 0.429065
-0.18688 0.429065
-0.18104 0.429065
-0.1752 0.429065
-0.16936 0.429065
-0.16352 0.429065
-0.15768 0.429065
-0.15184 0.429065
-0.146 0.429065
-0.14016 0.429065
-0.13432 0.429065
-0.12848 0.429065
-0.12264 0.429065
-0.1168 0.429065
-0.11096 0.429065
-0.10512 0.429065
-0.09928 0.429065
-0.09344 0.429065
-0.0876 0.429065
-0.08176 0.429065
-0.07592 0.429065
-0.07008 0.429065
-0.06424 0.429065
-0.0584 0.429065
-0.05256 0.429065
-0.04672 0.429065
-0.04088 0.429065
-0.03504 0.429065
-0.0292 0.429065
-0.02336 0.429065
-0.01752 0.429065
-0.01168 0.429065
-0.00584 0.429065
