-2.92 0.38631
-2.91416 0.38631
-2.90832 0.38631
-2.90248 0.38631
-2.89664 0.38631
-2.8908 0.38631
-2.88496 0.38631
-2.87912 0.38631
-2.87328 0.38631
-2.86744 0.38631
-2.8616 0.38631
-2.85576 0.38631
-2.84992 0.38631
-2.84408 0.38631
-2.83824 0.38631
-2.8324 0.38631
-2.82656 0.38631
-2.82072 0.38631
-2.81488 0.38631
-2.80904 0.38631
-2.8032 0.38631
-2.79736 0.38631
-2.79152 0.38631
-2.78568 0.38631
-2.77984 0.38631
-2.774 0.38631
-2.76816 0.38631
-2.76232 0.38631
-2.75648 0.38631
-2.75064 0.38631
-2.7448 0.38631
-2.73896 0.38631
-2.73312 0.38631
-2.72728 0.38631
-2.72144 0.38631
-2.7156 0.38631
-2.70976 0.38631
-2.70392 0.38631
-2.69808 0.38631
-2.69224 0.38631
-2.6864 0.38631
-2.68056 0.38631
-2.67472 0.38631
-2.66888 0.38631
-2.66304 0.38631
-2.6572 0.38631
-2.65136 0.38631
-2.64552 0.38631
-2.63968 0.38631
-2.63384 0.38631
-2.628 0.38631
-2.62216 0.38631
-2.61632 0.38631
-2.61048 0.38631
-2.60464 0.38631
-2.5988 0.38631
-2.59296 0.385778
-2.58712 0.385026
-2.58128 0.384185
-2.57544 0.383257
-2.5696 0.382284
-2.56376 0.381178
-2.55792 0.379896
-2.55208 0.378613
-2.54624 0.37733
-2.5404 0.376045
-2.53456 0.374717
-2.52872 0.3733
-2.52288 0.371752
-2.51704 0.370203
-2.5112 0.368523
-2.50536 0.366887
-2.49952 0.365252
-2.49368 0.36366
-2.48784 0.361934
-2.482 0.36043
-2.47616 0.35853
-2.47032 0.356586
-2.46448 0.354643
-2.45864 0.352785
-2.4528 0.3508
-2.44696 0.348901
-2.44112 0.346913
-2.43528 0.34488
-2.42944 0.342762
-2.4236 0.340598
-2.41776 0.338473
-2.41192 0.336308
-2.40608 0.334056
-2.40024 0.331973
-2.3944 0.329719
-2.38856 0.327593
-2.38272 0.325381
-2.37688 0.323212
-2.37104 0.320956
-2.3652 0.318704
-2.35936 0.316406
-2.35352 0.314362
-2.34768 0.311897
-2.34184 0.309931
-2.336 0.307842
-2.33016 0.305622
-2.32432 0.303495
-2.31848 0.301154
-2.31264 0.299401
-2.3068 0.297268
-2.30096 0.295134
-2.29512 0.293212
-2.28928 0.291458
-2.28344 0.289243
-2.2776 0.286561
-2.27176 0.284765
-2.26592 0.282378
-2.26008 0.280033
-2.25424 0.278653
-2.2484 0.275834
-2.24256 0.273269
-2.23672 0.271508
-2.23088 0.269781
-2.22504 0.266627
-2.2192 0.264901
-2.21336 0.263133
-2.20752 0.259933
-2.20168 0.25837
-2.19584 0.255292
-2.19 0.25394
-2.18416 0.24985
-2.17832 0.247698
-2.17248 0.245671
-2.16664 0.243854
-2.1608 0.24035
-2.15496 0.239036
-2.14912 0.236549
-2.14328 0.233299
-2.13744 0.231776
-2.1316 0.230382
-2.12576 0.228527
-2.11992 0.224598
-2.11408 0.221686
-2.10824 0.219281
-2.1024 0.217804
-2.09656 0.215154
-2.09072 0.211185
-2.08488 0.210596
-2.07904 0.208524
-2.0732 0.205958
-2.06736 0.203426
-2.06152 0.199289
-2.05568 0.197571
-2.04984 0.196051
-2.044 0.193403
-2.03816 0.192558
-2.03232 0.188251
-2.02648 0.186778
-2.02064 0.184584
-2.0148 0.182604
-2.00896 0.179572
-2.00312 0.176444
-1.99728 0.176276
-1.99144 0.173514
-1.9856 0.172985
-1.97976 0.171174
-1.97392 0.170256
-1.96808 0.171776
-1.96224 0.170125
-1.9564 0.167891
-1.95056 0.166407
-1.94472 0.165287
-1.93888 0.167134
-1.93304 0.165921
-1.9272 0.166139
-1.92136 0.165792
-1.91552 0.163931
-1.90968 0.164814
-1.90384 0.161967
-1.898 0.162419
-1.89216 0.161266
-1.88632 0.164241
-1.88048 0.162093
-1.87464 0.163868
-1.8688 0.165115
-1.86296 0.16568
-1.85712 0.164344
-1.85128 0.165034
-1.84544 0.168128
-1.8396 0.166666
-1.83376 0.166911
-1.82792 0.168422
-1.82208 0.1702
-1.81624 0.168871
-1.8104 0.171109
-1.80456 0.16809
-1.79872 0.174284
-1.79288 0.170073
-1.78704 0.171973
-1.7812 0.170537
-1.77536 0.171958
-1.76952 0.176094
-1.76368 0.175237
-1.75784 0.174154
-1.752 0.178222
-1.74616 0.178032
-1.74032 0.180517
-1.73448 0.179787
-1.72864 0.182199
-1.7228 0.182759
-1.71696 0.183442
-1.71112 0.185641
-1.70528 0.185075
-1.69944 0.182839
-1.6936 0.185323
-1.68776 0.187724
-1.68192 0.187151
-1.67608 0.186687
-1.67024 0.189309
-1.6644 0.188615
-1.65856 0.188525
-1.65272 0.190664
-1.64688 0.187407
-1.64104 0.187329
-1.6352 0.188612
-1.62936 0.190122
-1.62352 0.18887
-1.61768 0.18718
-1.61184 0.185079
-1.606 0.191585
-1.60016 0.193724
-1.59432 0.19519
-1.58848 0.198561
-1.58264 0.200699
-1.5768 0.202489
-1.57096 0.200472
-1.56512 0.20016
-1.55928 0.205341
-1.55344 0.210759
-1.5476 0.206263
-1.54176 0.211752
-1.53592 0.217366
-1.53008 0.21557
-1.52424 0.219597
-1.5184 0.219664
-1.51256 0.220892
-1.50672 0.224353
-1.50088 0.229449
-1.49504 0.233942
-1.4892 0.23333
-1.48336 0.231164
-1.47752 0.232493
-1.47168 0.236578
-1.46584 0.241194
-1.46 0.241835
-1.45416 0.243005
-1.44832 0.246971
-1.44248 0.251225
-1.43664 0.25361
-1.4308 0.25362
-1.42496 0.259013
-1.41912 0.258247
-1.41328 0.261092
-1.40744 0.266541
-1.4016 0.26635
-1.39576 0.269076
-1.38992 0.272215
-1.38408 0.274911
-1.37824 0.277524
-1.3724 0.28225
-1.36656 0.277919
-1.36072 0.287921
-1.35488 0.283566
-1.34904 0.287225
-1.3432 0.288042
-1.33736 0.295967
-1.33152 0.304148
-1.32568 0.304803
-1.31984 0.303242
-1.314 0.307976
-1.30816 0.307863
-1.30232 0.316506
-1.29648 0.31463
-1.29064 0.321547
-1.2848 0.326401
-1.27896 0.327716
-1.27312 0.332117
-1.26728 0.33063
-1.26144 0.328316
-1.2556 0.33439
-1.24976 0.336519
-1.24392 0.340246
-1.23808 0.341314
-1.23224 0.344832
-1.2264 0.348715
-1.22056 0.349963
-1.21472 0.359202
-1.20888 0.357041
-1.20304 0.360616
-1.1972 0.366798
-1.19136 0.366725
-1.18552 0.369319
-1.17968 0.369618
-1.17384 0.370095
-1.168 0.376985
-1.16216 0.381784
-1.15632 0.383393
-1.15048 0.384389
-1.14464 0.389323
-1.1388 0.389557
-1.13296 0.387942
-1.12712 0.386775
-1.12128 0.39244
-1.11544 0.401107
-1.1096 0.395138
-1.10376 0.401626
-1.09792 0.40687
-1.09208 0.403167
-1.08624 0.407232
-1.0804 0.40752
-1.07456 0.408437
-1.06872 0.4117
-1.06288 0.413249
-1.05704 0.420245
-1.0512 0.417201
-1.04536 0.410704
-1.03952 0.412925
-1.03368 0.412781
-1.02784 0.415199
-1.022 0.414141
-1.01616 0.414478
-1.01032 0.413551
-1.00448 0.416823
-0.99864 0.414173
-0.9928 0.412319
-0.98696 0.416222
-0.98112 0.411313
-0.97528 0.412572
-0.96944 0.415213
-0.9636 0.414576
-0.95776 0.413867
-0.95192 0.414229
-0.94608 0.412457
-0.94024 0.413302
-0.9344 0.413179
-0.92856 0.40864
-0.92272 0.411023
-0.91688 0.407854
-0.91104 0.406135
-0.9052 0.408738
-0.89936 0.409107
-0.89352 0.410468
-0.88768 0.411367
-0.88184 0.408576
-0.876 0.410382
-0.87016 0.406204
-0.86432 0.410014
-0.85848 0.408976
-0.85264 0.409072
-0.8468 0.407829
-0.84096 0.407744
-0.83512 0.409935
-0.82928 0.406359
-0.82344 0.4045
-0.8176 0.405638
-0.81176 0.40312
-0.80592 0.402813
-0.80008 0.403343
-0.79424 0.402612
-0.7884 0.402346
-0.78256 0.402366
-0.77672 0.402529
-0.77088 0.402461
-0.76504 0.401826
-0.7592 0.402244
-0.75336 0.401582
-0.74752 0.402464
-0.74168 0.402351
-0.73584 0.403122
-0.73 0.40429
-0.72416 0.404996
-0.71832 0.404816
-0.71248 0.404938
-0.70664 0.406372
-0.7008 0.406725
-0.69496 0.40759
-0.68912 0.408619
-0.68328 0.409868
-0.67744 0.413829
-0.6716 0.415687
-0.66576 0.416642
-0.65992 0.418382
-0.65408 0.417877
-0.64824 0.418872
-0.6424 0.421518
-0.63656 0.423054
-0.63072 0.42324
-0.62488 0.424312
-0.61904 0.424423
-0.6132 0.423672
-0.60736 0.423069
-0.60152 0.423676
-0.59568 0.423676
-0.58984 0.423676
-0.584 0.423676
-0.57816 0.423676
-0.57232 0.423676
-0.56648 0.423676
-0.56064 0.423676
-0.5548 0.423676
-0.54896 0.423676
-0.54312 0.423676
-0.53728 0.423676
-0.53144 0.423676
-0.5256 0.423676
-0.51976 0.423676
-0.51392 0.423676
-0.50808 0.423676
-0.50224 0.423676
-0.4964 0.423676
-0.49056 0.423676
-0.48472 0.423676
-0.47888 0.423676
-0.47304 0.423676
-0.4672 0.423676
-0.46136 0.423676
-0.45552 0.423676
-0.44968 0.423676
-0.44384 0.423676
-0.438 0.423676
-0.43216 0.423676
-0.42632 0.423676
-0.42048 0.423676
-0.41464 0.423676
-0.4088 0.423676
-0.40296 0.423676
-0.39712 0.423676
-0.39128 0.423676
-0.38544 0.423676
-0.3796 0.423676
-0.37376 0.423676
-0.36792 0.423676
-0.36208 0.423676
-0.35624 0.423676
-0.3504 0.423676
-0.34456 0.423676
-0.33872 0.423676
-0.33288 0.423676
-0.32704 0.423676
-0.3212 0.423676
-0.31536 0.423676
-0.30952 0.423676
-0.30368 0.423676
-0.29784 0.423676
-0.292 0.423676
-0.28616 0.423676
-0.28032 0.423676
-0.27448 0.423676
-0.26864 0.423676
-0.2628 0.423676
-0.25696 0.423676
-0.25112 0.423676
-0.24528 0.423676
-0.23944 0.423676
-0.2336 0.423676
-0.22776 0.423676
-0.22192 0.423676
-0.21608 0.423676
-0.21024 0.423676
-0.2044 0.423676
-0.19856 0.423676
-0.19272 0.423676
-0.18688 0.423676
-0.18104 0.423676
-0.1752 0.423676
-0.16936 0.423676
-0.16352 0.423676
-0.15768 0.423676
-0.15184 0.423676
-0.146 0.423676
-0.14016 0.423676
-0.13432 0.423676
-0.12848 0.423676
-0.12264 0.423676
-0.1168 0.423676
-0.11096 0.423676
-0.10512 0.423676
-0.09928 0.423676
-0.09344 0.423676
-0.0876 0.423676
-0.08176 0.423676
-0.07592 0.423676
-0.07008 0.423676
-0.06424 0.423676
-0.0584 0.423676
-0.05256 0.423676
-0.04672 0.423676
-0.04088 0.423676
-0.03504 0.423676
-0.0292 0.423676
-0.02336 0.423676
-0.01752 0.423676
-0.01168 0.423676
-0.00584 0.423676
