-2.92 0.446201
-2.91416 0.446201
-2.90832 0.446201
-2.90248 0.446201
-2.89664 0.446201
-2.8908 0.446201
-2.88496 0.446201
-2.87912 0.446201
-2.87328 0.446201
-2.86744 0.446201
-2.8616 0.446201
-2.85576 0.446201
-2.84992 0.446201
-2.84408 0.446201
-2.83824 0.446201
-2.8324 0.446201
-2.82656 0.446201
-2.82072 0.446201
-2.81488 0.446201
-2.80904 0.446201
-2.8032 0.446201
-2.79736 0.446201
-2.79152 0.446201
-2.78568 0.446201
-2.77984 0.446201
-2.774 0.446201
-2.76816 0.446201
-2.76232 0.446201
-2.75648 0.446201
-2.75064 0.446201
-2.7448 0.446201
-2.73896 0.446201
-2.73312 0.446201
-2.72728 0.446201
-2.72144 0.446201
-2.7156 0.446201
-2.70976 0.446201
-2.70392 0.446201
-2.69808 0.446201
-2.69224 0.446201
-2.6864 0.446201
-2.68056 0.446201
-2.67472 0.446201
-2.66888 0.446201
-2.66304 0.446201
-2.6572 0.446201
-2.65136 0.446201
-2.64552 0.446201
-2.63968 0.446201
-2.63384 0.446201
-2.628 0.446201
-2.62216 0.446201
-2.61632 0.446201
-2.61048 0.446201
-2.60464 0.446201
-2.5988 0.446201
-2.59296 0.445713
-2.58712 0.445007
-2.58128 0.444257
-2.57544 0.443376
-2.5696 0.442233
-2.56376 0.440956
-2.55792 0.439593
-2.55208 0.438229
-2.54624 0.436821
-2.5404 0.435324
-2.53456 0.433695
-2.52872 0.432065
-2.52288 0.430436
-2.51704 0.428762
-2.5112 0.427087
-2.50536 0.425282
-2.49952 0.423521
-2.49368 0.421759
-2.48784 0.41991
-2.482 0.418147
-2.47616 0.416163
-2.47032 0.414051
-2.46448 0.411933
-2.45864 0.409771
-2.4528 0.407566
-2.44696 0.405446
-2.44112 0.403067
-2.43528 0.400683
-2.42944 0.398387
-2.4236 0.395916
-2.41776 0.393447
-2.41192 0.390843
-2.40608 0.388323
-2.40024 0.38576
-2.3944 0.383236
-2.38856 0.380549
-2.38272 0.378233
-2.37688 0.375672
-2.37104 0.373186
-2.3652 0.370743
-2.35936 0.368172
-2.35352 0.36623
-2.34768 0.363536
-2.34184 0.361342
-2.336 0.358895
-2.33016 0.356867
-2.32432 0.353912
-2.31848 0.351754
-2.31264 0.348796
-2.3068 0.347108
-2.30096 0.344197
-2.29512 0.342213
-2.28928 0.339767
-2.28344 0.337315
-2.2776 0.33465
-2.27176 0.33204
-2.26592 0.32917
-2.26008 0.326552
-2.25424 0.324345
-2.2484 0.320582
-2.24256 0.3188
-2.23672 0.314871
-2.23088 0.314095
-2.22504 0.310541
-2.2192 0.3093
-2.21336 0.305199
-2.20752 0.302906
-2.20168 0.30082
-2.19584 0.297021
-2.19 0.295356
-2.18416 0.292474
-2.17832 0.288869
-2.17248 0.284759
-2.16664 0.280989
-2.1608 0.278232
-2.15496 0.276699
-2.14912 0.272332
-2.14328 0.270343
-2.13744 0.266528
-2.1316 0.264819
-2.12576 0.26067
-2.11992 0.258503
-2.11408 0.257855
-2.10824 0.251884
-2.1024 0.24862
-2.09656 0.245058
-2.09072 0.243057
-2.08488 0.240089
-2.07904 0.237248
-2.0732 0.234913
-2.06736 0.232331
-2.06152 0.227835
-2.05568 0.225415
-2.04984 0.223173
-2.044 0.219996
-2.03816 0.218375
-2.03232 0.212363
-2.02648 0.212689
-2.02064 0.207395
-2.0148 0.205435
-2.00896 0.201836
-2.00312 0.19844
-1.99728 0.197322
-1.99144 0.193851
-1.9856 0.193533
-1.97976 0.192236
-1.97392 0.190609
-1.96808 0.190267
-1.96224 0.189107
-1.9564 0.187898
-1.95056 0.186108
-1.94472 0.182715
-1.93888 0.183445
-1.93304 0.183042
-1.9272 0.180446
-1.92136 0.179629
-1.91552 0.179277
-1.90968 0.179351
-1.90384 0.179386
-1.898 0.178276
-1.89216 0.177244
-1.88632 0.175627
-1.88048 0.177313
-1.87464 0.17534
-1.8688 0.175835
-1.86296 0.17426
-1.85712 0.174716
-1.85128 0.17675
-1.84544 0.17725
-1.8396 0.174796
-1.83376 0.176291
-1.82792 0.17765
-1.82208 0.176251
-1.81624 0.178728
-1.8104 0.177616
-1.80456 0.176847
-1.79872 0.17815
-1.79288 0.177019
-1.78704 0.175359
-1.7812 0.177797
-1.77536 0.176087
-1.76952 0.177255
-1.76368 0.176537
-1.75784 0.177356
-1.752 0.179594
-1.74616 0.177575
-1.74032 0.177584
-1.73448 0.179974
-1.72864 0.176729
-1.7228 0.180738
-1.71696 0.179279
-1.71112 0.180817
-1.70528 0.182228
-1.69944 0.183952
-1.6936 0.185395
-1.68776 0.18636
-1.68192 0.18244
-1.67608 0.183927
-1.67024 0.181942
-1.6644 0.183227
-1.65856 0.18276
-1.65272 0.181126
-1.64688 0.183643
-1.64104 0.184814
-1.6352 0.184903
-1.62936 0.183407
-1.62352 0.185406
-1.61768 0.181946
-1.61184 0.186258
-1.606 0.188475
-1.60016 0.19076
-1.59432 0.189145
-1.58848 0.196195
-1.58264 0.192969
-1.5768 0.196662
-1.57096 0.203391
-1.56512 0.202367
-1.55928 0.203261
-1.55344 0.209241
-1.5476 0.209362
-1.54176 0.209346
-1.53592 0.21408
-1.53008 0.210743
-1.52424 0.216706
-1.5184 0.223362
-1.51256 0.223905
-1.50672 0.223524
-1.50088 0.226377
-1.49504 0.23091
-1.4892 0.230941
-1.48336 0.228759
-1.47752 0.232374
-1.47168 0.237085
-1.46584 0.237285
-1.46 0.241161
-1.45416 0.241569
-1.44832 0.246697
-1.44248 0.250095
-1.43664 0.247495
-1.4308 0.253931
-1.42496 0.25343
-1.41912 0.257977
-1.41328 0.260231
-1.40744 0.264563
-1.4016 0.266606
-1.39576 0.268656
-1.38992 0.269233
-1.38408 0.273264
-1.37824 0.277003
-1.3724 0.278887
-1.36656 0.280025
-1.36072 0.283018
-1.35488 0.288116
-1.34904 0.282273
-1.3432 0.293489
-1.33736 0.292749
-1.33152 0.296974
-1.32568 0.298949
-1.31984 0.30264
-1.314 0.30757
-1.30816 0.306075
-1.30232 0.312404
-1.29648 0.314591
-1.29064 0.315647
-1.2848 0.320305
-1.27896 0.320182
-1.27312 0.328544
-1.26728 0.330033
-1.26144 0.328089
-1.2556 0.330156
-1.24976 0.336002
-1.24392 0.336215
-1.23808 0.340703
-1.23224 0.34004
-1.2264 0.346169
-1.22056 0.344378
-1.21472 0.348285
-1.20888 0.354065
-1.20304 0.356839
-1.1972 0.36005
-1.19136 0.36113
-1.18552 0.364453
-1.17968 0.364741
-1.17384 0.37092
-1.168 0.370021
-1.16216 0.374806
-1.15632 0.373043
-1.15048 0.379338
-1.14464 0.379721
-1.1388 0.382573
-1.13296 0.386312
-1.12712 0.386105
-1.12128 0.390049
-1.11544 0.393935
-1.1096 0.395825
-1.10376 0.396125
-1.09792 0.401093
-1.09208 0.396039
-1.08624 0.400876
-1.0804 0.407855
-1.07456 0.40751
-1.06872 0.410189
-1.06288 0.406986
-1.05704 0.411819
-1.0512 0.409859
-1.04536 0.405387
-1.03952 0.408432
-1.03368 0.412127
-1.02784 0.406335
-1.022 0.407894
-1.01616 0.406028
-1.01032 0.408593
-1.00448 0.407153
-0.99864 0.403431
-0.9928 0.405857
-0.98696 0.405237
-0.98112 0.407497
-0.97528 0.404701
-0.96944 0.405111
-0.9636 0.407436
-0.95776 0.404077
-0.95192 0.400903
-0.94608 0.403684
-0.94024 0.403107
-0.9344 0.402311
-0.92856 0.400576
-0.92272 0.402062
-0.91688 0.40277
-0.91104 0.395155
-0.9052 0.401024
-0.89936 0.399166
-0.89352 0.398718
-0.88768 0.398312
-0.88184 0.398943
-0.876 0.398522
-0.87016 0.396248
-0.86432 0.397239
-0.85848 0.397811
-0.85264 0.397238
-0.8468 0.396675
-0.84096 0.398515
-0.83512 0.398244
-0.82928 0.396439
-0.82344 0.394151
-0.8176 0.392703
-0.81176 0.393248
-0.80592 0.392672
-0.80008 0.394346
-0.79424 0.39401
-0.7884 0.395241
-0.78256 0.393815
-0.77672 0.394698
-0.77088 0.394765
-0.76504 0.39349
-0.7592 0.395429
-0.75336 0.395221
-0.74752 0.395419
-0.74168 0.395279
-0.73584 0.396605
-0.73 0.39665
-0.72416 0.396777
-0.71832 0.398772
-0.71248 0.398913
-0.70664 0.400191
-0.7008 0.399535
-0.69496 0.400455
-0.68912 0.401156
-0.68328 0.403176
-0.67744 0.406415
-0.6716 0.408412
-0.66576 0.408754
-0.65992 0.410347
-0.65408 0.410098
-0.64824 0.410965
-0.6424 0.413033
-0.63656 0.414018
-0.63072 0.413922
-0.62488 0.41459
-0.61904 0.415206
-0.6132 0.41513
-0.60736 0.414109
-0.60152 0.414676
-0.59568 0.414676
-0.58984 0.414676
-0.584 0.414676
-0.57816 0.414676
-0.57232 0.414676
-0.56648 0.414676
-0.56064 0.414676
-0.5548 0.414676
-0.54896 0.414676
-0.54312 0.414676
-0.53728 0.414676
-0.53144 0.414676
-0.5256 0.414676
-0.51976 0.414676
-0.51392 0.414676
-0.50808 0.414676
-0.50224 0.414676
-0.4964 0.414676
-0.49056 0.414676
-0.48472 0.414676
-0.47888 0.414676
-0.47304 0.414676
-0.4672 0.414676
-0.46136 0.414676
-0.45552 0.414676
-0.44968 0.414676
-0.44384 0.414676
-0.438 0.414676
-0.43216 0.414676
-0.42632 0.414676
-0.42048 0.414676
-0.41464 0.414676
-0.4088 0.414676
-0.40296 0.414676
-0.39712 0.414676
-0.39128 0.414676
-0.38544 0.414676
-0.3796 0.414676
-0.37376 0.414676
-0.36792 0.414676
-0.36208 0.414676
-0.35624 0.414676
-0.3504 0.414676
-0.34456 0.414676
-0.33872 0.414676
-0.33288 0.414676
-0.32704 0.414676
-0.3212 0.414676
-0.31536 0.414676
-0.30952 0.414676
-0.30368 0.414676
-0.29784 0.414676
-0.292 0.414676
-0.28616 0.414676
-0.28032 0.414676
-0.27448 0.414676
-0.26864 0.414676
-0.2628 0.414676
-0.25696 0.414676
-0.25112 0.414676
-0.24528 0.414676
-0.23944 0.414676
-0.2336 0.414676
-0.22776 0.414676
-0.22192 0.414676
-0.21608 0.414676
-0.21024 0.414676
-0.2044 0.414676
-0.19856 0.414676
-0.19272 0.414676
-0.18688 0.414676
-0.18104 0.414676
-0.1752 0.414676
-0.16936 0.414676
-0.16352 0.414676
-0.15768 0.414676
-0.15184 0.414676
-0.146 0.414676
-0.14016 0.414676
-0.13432 0.414676
-0.12848 0.414676
-0.12264 0.414676
-0.1168 0.414676
-0.11096 0.414676
-0.10512 0.414676
-0.09928 0.414676
-0.09344 0.414676
-0.0876 0.414676
-0.08176 0.414676
-0.07592 0.414676
-0.07008 0.414676
-0.06424 0.414676
-0.0584 0.414676
-0.05256 0.414676
-0.04672 0.414676
-0.04088 0.414676
-0.03504 0.414676
-0.0292 0.414676
-0.02336 0.414676
-0.01752 0.414676
-0.01168 0.414676
-0.00584 0.414676
