-2.92 0.469346
-2.91416 0.469346
-2.90832 0.469346
-2.90248 0.469346
-2.89664 0.469346
-2.8908 0.469346
-2.88496 0.469346
-2.87912 0.469346
-2.87328 0.469346
-2.86744 0.469346
-2.8616 0.469346
-2.85576 0.469346
-2.84992 0.469346
-2.84408 0.469346
-2.83824 0.469346
-2.8324 0.469346
-2.82656 0.469346
-2.82072 0.469346
-2.81488 0.469346
-2.80904 0.469346
-2.8032 0.469346
-2.79736 0.469346
-2.79152 0.469346
-2.78568 0.469346
-2.77984 0.469346
-2.774 0.469346
-2.76816 0.469346
-2.76232 0.469346
-2.75648 0.469346
-2.75064 0.469346
-2.7448 0.469346
-2.73896 0.469346
-2.73312 0.469346
-2.72728 0.469346
-2.72144 0.469346
-2.7156 0.469346
-2.70976 0.469346
-2.70392 0.469346
-2.69808 0.469346
-2.69224 0.469346
-2.6864 0.469346
-2.68056 0.469346
-2.67472 0.469346
-2.66888 0.469346
-2.66304 0.469346
-2.6572 0.469346
-2.65136 0.469346
-2.64552 0.469346
-2.63968 0.469346
-2.63384 0.469346
-2.628 0.469346
-2.62216 0.469346
-2.61632 0.469346
-2.61048 0.469346
-2.60464 0.469346
-2.5988 0.469346
-2.59296 0.469035
-2.58712 0.468416
-2.58128 0.467665
-2.57544 0.466885
-2.5696 0.46585
-2.56376 0.464727
-2.55792 0.463471
-2.55208 0.462169
-2.54624 0.460823
-2.5404 0.45939
-2.53456 0.457823
-2.52872 0.456166
-2.52288 0.454465
-2.51704 0.452718
-2.5112 0.450884
-2.50536 0.448965
-2.49952 0.447001
-2.49368 0.444947
-2.48784 0.442849
-2.482 0.440841
-2.47616 0.438655
-2.47032 0.436424
-2.46448 0.434151
-2.45864 0.431834
-2.4528 0.429471
-2.44696 0.427192
-2.44112 0.4247
-2.43528 0.422203
-2.42944 0.419749
-2.4236 0.417296
-2.41776 0.414756
-2.41192 0.412214
-2.40608 0.409503
-2.40024 0.406744
-2.3944 0.404194
-2.38856 0.40134
-2.38272 0.398751
-2.37688 0.396116
-2.37104 0.393144
-2.3652 0.390341
-2.35936 0.387407
-2.35352 0.384815
-2.34768 0.382095
-2.34184 0.379286
-2.336 0.376263
-2.33016 0.373534
-2.32432 0.370597
-2.31848 0.367527
-2.31264 0.364543
-2.3068 0.361691
-2.30096 0.358493
-2.29512 0.35563
-2.28928 0.352601
-2.28344 0.349653
-2.2776 0.346531
-2.27176 0.342999
-2.26592 0.340053
-2.26008 0.337189
-2.25424 0.333815
-2.2484 0.330318
-2.24256 0.327154
-2.23672 0.323778
-2.23088 0.320488
-2.22504 0.317616
-2.2192 0.313987
-2.21336 0.310728
-2.20752 0.307521
-2.20168 0.304514
-2.19584 0.300808
-2.19 0.297176
-2.18416 0.294137
-2.17832 0.29088
-2.17248 0.287483
-2.16664 0.284986
-2.1608 0.281236
-2.15496 0.278024
-2.14912 0.274852
-2.14328 0.271304
-2.13744 0.268434
-2.1316 0.264845
-2.12576 0.261845
-2.11992 0.258087
-2.11408 0.25551
-2.10824 0.252169
-2.1024 0.248748
-2.09656 0.245705
-2.09072 0.242075
-2.08488 0.238656
-2.07904 0.2362
-2.0732 0.232483
-2.06736 0.229569
-2.06152 0.225935
-2.05568 0.22239
-2.04984 0.219392
-2.044 0.216652
-2.03816 0.213738
-2.03232 0.209682
-2.02648 0.207442
-2.02064 0.203809
-2.0148 0.200132
-2.00896 0.197265
-2.00312 0.194345
-1.99728 0.192229
-1.99144 0.190018
-1.9856 0.187527
-1.97976 0.187
-1.97392 0.185269
-1.96808 0.183724
-1.96224 0.181868
-1.9564 0.181258
-1.95056 0.178499
-1.94472 0.177184
-1.93888 0.176422
-1.93304 0.176428
-1.9272 0.173655
-1.92136 0.173962
-1.91552 0.172756
-1.90968 0.172757
-1.90384 0.169946
-1.898 0.169177
-1.89216 0.169358
-1.88632 0.169883
-1.88048 0.168227
-1.87464 0.167512
-1.8688 0.168135
-1.86296 0.16618
-1.85712 0.165349
-1.85128 0.16857
-1.84544 0.16757
-1.8396 0.166739
-1.83376 0.166454
-1.82792 0.165802
-1.82208 0.168497
-1.81624 0.170728
-1.8104 0.16749
-1.80456 0.168299
-1.79872 0.168244
-1.79288 0.169298
-1.78704 0.169845
-1.7812 0.170068
-1.77536 0.170139
-1.76952 0.169998
-1.76368 0.169126
-1.75784 0.174635
-1.752 0.172779
-1.74616 0.173425
-1.74032 0.175427
-1.73448 0.175945
-1.72864 0.174475
-1.7228 0.177894
-1.71696 0.179718
-1.71112 0.178825
-1.70528 0.181446
-1.69944 0.181011
-1.6936 0.183343
-1.68776 0.183301
-1.68192 0.186708
-1.67608 0.182503
-1.67024 0.185711
-1.6644 0.183869
-1.65856 0.18559
-1.65272 0.186509
-1.64688 0.184335
-1.64104 0.186211
-1.6352 0.19003
-1.62936 0.18622
-1.62352 0.186891
-1.61768 0.189664
-1.61184 0.189325
-1.606 0.191989
-1.60016 0.197699
-1.59432 0.193779
-1.58848 0.201133
-1.58264 0.206243
-1.5768 0.20167
-1.57096 0.204564
-1.56512 0.207708
-1.55928 0.210457
-1.55344 0.213359
-1.5476 0.220137
-1.54176 0.22372
-1.53592 0.225104
-1.53008 0.225792
-1.52424 0.22638
-1.5184 0.233445
-1.51256 0.236068
-1.50672 0.2384
-1.50088 0.239826
-1.49504 0.245915
-1.4892 0.243954
-1.48336 0.248206
-1.47752 0.248813
-1.47168 0.251291
-1.46584 0.253598
-1.46 0.260314
-1.45416 0.261521
-1.44832 0.26115
-1.44248 0.264379
-1.43664 0.268245
-1.4308 0.27152
-1.42496 0.276295
-1.41912 0.277303
-1.41328 0.278462
-1.40744 0.281151
-1.4016 0.285742
-1.39576 0.287768
-1.38992 0.292277
-1.38408 0.297351
-1.37824 0.301274
-1.3724 0.300591
-1.36656 0.300431
-1.36072 0.305138
-1.35488 0.307536
-1.34904 0.306137
-1.3432 0.309405
-1.33736 0.312833
-1.33152 0.321915
-1.32568 0.319547
-1.31984 0.323756
-1.314 0.329014
-1.30816 0.32769
-1.30232 0.333107
-1.29648 0.336991
-1.29064 0.338513
-1.2848 0.343941
-1.27896 0.347004
-1.27312 0.348077
-1.26728 0.346359
-1.26144 0.349863
-1.2556 0.354471
-1.24976 0.355076
-1.24392 0.361518
-1.23808 0.36121
-1.23224 0.365773
-1.2264 0.365686
-1.22056 0.367872
-1.21472 0.370672
-1.20888 0.371849
-1.20304 0.380359
-1.1972 0.382124
-1.19136 0.381296
-1.18552 0.382976
-1.17968 0.388567
-1.17384 0.390389
-1.168 0.392578
-1.16216 0.397889
-1.15632 0.3934
-1.15048 0.399159
-1.14464 0.402779
-1.1388 0.398556
-1.13296 0.400322
-1.12712 0.401463
-1.12128 0.406261
-1.11544 0.407825
-1.1096 0.414607
-1.10376 0.41577
-1.09792 0.41453
-1.09208 0.415064
-1.08624 0.412951
-1.0804 0.42138
-1.07456 0.420358
-1.06872 0.422409
-1.06288 0.421929
-1.05704 0.427921
-1.0512 0.422885
-1.04536 0.42397
-1.03952 0.423553
-1.03368 0.421896
-1.02784 0.42173
-1.022 0.422654
-1.01616 0.421309
-1.01032 0.418896
-1.00448 0.417022
-0.99864 0.417022
-0.9928 0.41769
-0.98696 0.420206
-0.98112 0.418426
-0.97528 0.415545
-0.96944 0.414415
-0.9636 0.414979
-0.95776 0.415178
-0.95192 0.416428
-0.94608 0.418349
-0.94024 0.415378
-0.9344 0.414087
-0.92856 0.412908
-0.92272 0.411502
-0.91688 0.410493
-0.91104 0.407241
-0.9052 0.407455
-0.89936 0.409014
-0.89352 0.411593
-0.88768 0.408134
-0.88184 0.408934
-0.876 0.410475
-0.87016 0.406932
-0.86432 0.410321
-0.85848 0.409258
-0.85264 0.409891
-0.8468 0.409067
-0.84096 0.41045
-0.83512 0.409369
-0.82928 0.405469
-0.82344 0.405663
-0.8176 0.404096
-0.81176 0.405238
-0.80592 0.405869
-0.80008 0.403374
-0.79424 0.404749
-0.7884 0.404073
-0.78256 0.404389
-0.77672 0.404457
-0.77088 0.404541
-0.76504 0.405886
-0.7592 0.403827
-0.75336 0.404558
-0.74752 0.403987
-0.74168 0.405507
-0.73584 0.406056
-0.73 0.406609
-0.72416 0.407307
-0.71832 0.407205
-0.71248 0.408007
-0.70664 0.409108
-0.7008 0.40957
-0.69496 0.409948
-0.68912 0.411158
-0.68328 0.412413
-0.67744 0.416939
-0.6716 0.417666
-0.66576 0.419083
-0.65992 0.420131
-0.65408 0.4208
-0.64824 0.421108
-0.6424 0.424129
-0.63656 0.425001
-0.63072 0.42536
-0.62488 0.425176
-0.61904 0.425332
-0.6132 0.424649
-0.60736 0.423536
-0.60152 0.424101
-0.59568 0.424101
-0.58984 0.424101
-0.584 0.424101
-0.57816 0.424101
-0.57232 0.424101
-0.56648 0.424101
-0.56064 0.424101
-0.5548 0.424101
-0.54896 0.424101
-0.54312 0.424101
-0.53728 0.424101
-0.53144 0.424101
-0.5256 0.424101
-0.51976 0.424101
-0.51392 0.424101
-0.50808 0.424101
-0.50224 0.424101
-0.4964 0.424101
-0.49056 0.424101
-0.48472 0.424101
-0.47888 0.424101
-0.47304 0.424101
-0.4672 0.424101
-0.46136 0.424101
-0.45552 0.424101
-0.44968 0.424101
-0.44384 0.424101
-0.438 0.424101
-0.43216 0.424101
-0.42632 0.424101
-0.42048 0.424101
-0.41464 0.424101
-0.4088 0.424101
-0.40296 0.424101
-0.39712 0.424101
-0.39128 0.424101
-0.38544 0.424101
-0.3796 0.424101
-0.37376 0.424101
-0.36792 0.424101
-0.36208 0.424101
-0.35624 0.424101
-0.3504 0.424101
-0.34456 0.424101
-0.33872 0.424101
-0.33288 0.424101
-0.32704 0.424101
-0.3212 0.424101
-0.31536 0.424101
-0.30952 0.424101
-0.30368 0.424101
-0.29784 0.424101
-0.292 0.424101
-0.28616 0.424101
-0.28032 0.424101
-0.27448 0.424101
-0.26864 0.424101
-0.2628 0.424101
-0.25696 0.424101
-0.25112 0.424101
-0.24528 0.424101
-0.23944 0.424101
-0.2336 0.424101
-0.22776 0.424101
-0.22192 0.424101
-0.21608 0.424101
-0.21024 0.424101
-0.2044 0.424101
-0.19856 0.424101
-0.19272 0.424101
-0.18688 0.424101
-0.18104 0.424101
-0.1752 0.424101
-0.16936 0.424101
-0.16352 0.424101
-0.15768 0.424101
-0.15184 0.424101
-0.146 0.424101
-0.14016 0.424101
-0.13432 0.424101
-0.12848 0.424101
-0.12264 0.424101
-0.1168 0.424101
-0.11096 0.424101
-0.10512 0.424101
-0.09928 0.424101
-0.09344 0.424101
-0.0876 0.424101
-0.08176 0.424101
-0.07592 0.424101
-0.07008 0.424101
-0.06424 0.424101
-0.0584 0.424101
-0.05256 0.424101
-0.04672 0.424101
-0.04088 0.424101
-0.03504 0.424101
-0.0292 0.424101
-0.02336 0.424101
-0.01752 0.424101
-0.01168 0.424101
-0.00584 0.424101
