-2.92 0.517479
-2.91416 0.517479
-2.90832 0.517479
-2.90248 0.517479
-2.89664 0.517479
-2.8908 0.517479
-2.88496 0.517479
-2.87912 0.517479
-2.87328 0.517479
-2.86744 0.517479
-2.8616 0.517479
-2.85576 0.517479
-2.84992 0.517479
-2.84408 0.517479
-2.83824 0.517479
-2.8324 0.517479
-2.82656 0.517479
-2.82072 0.517479
-2.81488 0.517479
-2.80904 0.517479
-2.8032 0.517479
-2.79736 0.517479
-2.79152 0.517479
-2.78568 0.517479
-2.77984 0.517479
-2.774 0.517479
-2.76816 0.517479
-2.76232 0.517479
-2.75648 0.517479
-2.75064 0.517479
-2.7448 0.517479
-2.73896 0.517479
-2.73312 0.517479
-2.72728 0.517479
-2.72144 0.517479
-2.7156 0.517479
-2.70976 0.517479
-2.70392 0.517479
-2.69808 0.517479
-2.69224 0.517479
-2.6864 0.517479
-2.68056 0.517479
-2.67472 0.517479
-2.66888 0.517479
-2.66304 0.517479
-2.6572 0.517479
-2.65136 0.517479
-2.64552 0.517479
-2.63968 0.517479
-2.63384 0.517479
-2.628 0.517479
-2.62216 0.517479
-2.61632 0.517479
-2.61048 0.517479
-2.60464 0.517479
-2.5988 0.517479
-2.59296 0.51699
-2.58712 0.516017
-2.58128 0.514955
-2.57544 0.513762
-2.5696 0.512348
-2.56376 0.510666
-2.55792 0.508895
-2.55208 0.507124
-2.54624 0.505221
-2.5404 0.503187
-2.53456 0.501063
-2.52872 0.498852
-2.52288 0.496684
-2.51704 0.494428
-2.5112 0.492174
-2.50536 0.489829
-2.49952 0.48744
-2.49368 0.48514
-2.48784 0.482708
-2.482 0.480408
-2.47616 0.478092
-2.47032 0.475402
-2.46448 0.473493
-2.45864 0.470836
-2.4528 0.468592
-2.44696 0.466266
-2.44112 0.463564
-2.43528 0.461436
-2.42944 0.458985
-2.4236 0.456403
-2.41776 0.453904
-2.41192 0.450576
-2.40608 0.448613
-2.40024 0.444326
-2.3944 0.442145
-2.38856 0.438264
-2.38272 0.434589
-2.37688 0.431538
-2.37104 0.428524
-2.3652 0.425684
-2.35936 0.421505
-2.35352 0.41858
-2.34768 0.415069
-2.34184 0.412181
-2.336 0.40879
-2.33016 0.405777
-2.32432 0.402013
-2.31848 0.399703
-2.31264 0.396101
-2.3068 0.392758
-2.30096 0.389614
-2.29512 0.386597
-2.28928 0.383155
-2.28344 0.379421
-2.2776 0.376268
-2.27176 0.37354
-2.26592 0.369845
-2.26008 0.366742
-2.25424 0.363215
-2.2484 0.359931
-2.24256 0.356482
-2.23672 0.353246
-2.23088 0.349586
-2.22504 0.346055
-2.2192 0.342606
-2.21336 0.339576
-2.20752 0.336464
-2.20168 0.332089
-2.19584 0.329731
-2.19 0.325612
-2.18416 0.322037
-2.17832 0.318962
-2.17248 0.315967
-2.16664 0.312507
-2.1608 0.309011
-2.15496 0.304837
-2.14912 0.301801
-2.14328 0.298765
-2.13744 0.2943
-2.1316 0.291221
-2.12576 0.287513
-2.11992 0.284598
-2.11408 0.280804
-2.10824 0.276883
-2.1024 0.27338
-2.09656 0.269966
-2.09072 0.266758
-2.08488 0.263299
-2.07904 0.259841
-2.0732 0.256175
-2.06736 0.252378
-2.06152 0.249297
-2.05568 0.245928
-2.04984 0.241838
-2.044 0.238893
-2.03816 0.235142
-2.03232 0.231681
-2.02648 0.2286
-2.02064 0.223877
-2.0148 0.220799
-2.00896 0.218477
-2.00312 0.21485
-1.99728 0.212701
-1.99144 0.209966
-1.9856 0.207481
-1.97976 0.205922
-1.97392 0.202242
-1.96808 0.201372
-1.96224 0.199438
-1.9564 0.198995
-1.95056 0.196254
-1.94472 0.19553
-1.93888 0.193764
-1.93304 0.192691
-1.9272 0.192448
-1.92136 0.190185
-1.91552 0.188462
-1.90968 0.188058
-1.90384 0.187595
-1.898 0.189144
-1.89216 0.185465
-1.88632 0.185238
-1.88048 0.184095
-1.87464 0.184376
-1.8688 0.183219
-1.86296 0.186134
-1.85712 0.182302
-1.85128 0.182876
-1.84544 0.183529
-1.8396 0.182926
-1.83376 0.182847
-1.82792 0.184463
-1.82208 0.182031
-1.81624 0.182821
-1.8104 0.182129
-1.80456 0.182278
-1.79872 0.181875
-1.79288 0.182799
-1.78704 0.183423
-1.7812 0.184723
-1.77536 0.183961
-1.76952 0.183169
-1.76368 0.186029
-1.75784 0.187511
-1.752 0.18667
-1.74616 0.187276
-1.74032 0.184989
-1.73448 0.187581
-1.72864 0.188999
-1.7228 0.189644
-1.71696 0.188576
-1.71112 0.189033
-1.70528 0.192049
-1.69944 0.194314
-1.6936 0.19223
-1.68776 0.19227
-1.68192 0.194677
-1.67608 0.193874
-1.67024 0.191143
-1.6644 0.191176
-1.65856 0.19304
-1.65272 0.192793
-1.64688 0.195091
-1.64104 0.193024
-1.6352 0.191795
-1.62936 0.188483
-1.62352 0.190734
-1.61768 0.190769
-1.61184 0.193834
-1.606 0.196266
-1.60016 0.200743
-1.59432 0.201498
-1.58848 0.200877
-1.58264 0.206458
-1.5768 0.207915
-1.57096 0.201107
-1.56512 0.211863
-1.55928 0.210943
-1.55344 0.219484
-1.5476 0.21748
-1.54176 0.226831
-1.53592 0.223086
-1.53008 0.228748
-1.52424 0.225897
-1.5184 0.232169
-1.51256 0.238016
-1.50672 0.239046
-1.50088 0.242168
-1.49504 0.245036
-1.4892 0.247911
-1.48336 0.250154
-1.47752 0.245068
-1.47168 0.252755
-1.46584 0.25359
-1.46 0.253956
-1.45416 0.258534
-1.44832 0.263426
-1.44248 0.265294
-1.43664 0.26834
-1.4308 0.268667
-1.42496 0.276764
-1.41912 0.275456
-1.41328 0.279904
-1.40744 0.28185
-1.4016 0.286147
-1.39576 0.28944
-1.38992 0.293766
-1.38408 0.294818
-1.37824 0.299618
-1.3724 0.298808
-1.36656 0.301998
-1.36072 0.303426
-1.35488 0.304619
-1.34904 0.309267
-1.3432 0.311861
-1.33736 0.316964
-1.33152 0.318622
-1.32568 0.322658
-1.31984 0.327701
-1.314 0.327119
-1.30816 0.332351
-1.30232 0.332083
-1.29648 0.340327
-1.29064 0.33981
-1.2848 0.344062
-1.27896 0.343959
-1.27312 0.346227
-1.26728 0.347621
-1.26144 0.351874
-1.2556 0.351544
-1.24976 0.3547
-1.24392 0.35719
-1.23808 0.360917
-1.23224 0.363625
-1.2264 0.366017
-1.22056 0.36911
-1.21472 0.372228
-1.20888 0.376276
-1.20304 0.376814
-1.1972 0.382207
-1.19136 0.379811
-1.18552 0.385688
-1.17968 0.385117
-1.17384 0.391165
-1.168 0.391454
-1.16216 0.397997
-1.15632 0.397009
-1.15048 0.397569
-1.14464 0.402913
-1.1388 0.401204
-1.13296 0.394915
-1.12712 0.403202
-1.12128 0.404401
-1.11544 0.413047
-1.1096 0.409364
-1.10376 0.414467
-1.09792 0.415439
-1.09208 0.416173
-1.08624 0.414196
-1.0804 0.419615
-1.07456 0.424027
-1.06872 0.422512
-1.06288 0.424176
-1.05704 0.425776
-1.0512 0.428003
-1.04536 0.426227
-1.03952 0.4185
-1.03368 0.424952
-1.02784 0.423598
-1.022 0.420071
-1.01616 0.420579
-1.01032 0.421887
-1.00448 0.419399
-0.99864 0.418101
-0.9928 0.417477
-0.98696 0.420723
-0.98112 0.415515
-0.97528 0.418345
-0.96944 0.416918
-0.9636 0.416622
-0.95776 0.417365
-0.95192 0.415495
-0.94608 0.415897
-0.94024 0.415005
-0.9344 0.415331
-0.92856 0.413766
-0.92272 0.409041
-0.91688 0.409895
-0.91104 0.410023
-0.9052 0.409569
-0.89936 0.409443
-0.89352 0.410024
-0.88768 0.409319
-0.88184 0.410359
-0.876 0.406855
-0.87016 0.407338
-0.86432 0.407815
-0.85848 0.409255
-0.85264 0.409416
-0.8468 0.405543
-0.84096 0.406031
-0.83512 0.405326
-0.82928 0.403875
-0.82344 0.403101
-0.8176 0.401696
-0.81176 0.401608
-0.80592 0.403025
-0.80008 0.39993
-0.79424 0.39985
-0.7884 0.400771
-0.78256 0.400043
-0.77672 0.399849
-0.77088 0.400701
-0.76504 0.400102
-0.7592 0.401045
-0.75336 0.399883
-0.74752 0.400651
-0.74168 0.400455
-0.73584 0.402382
-0.73 0.402198
-0.72416 0.404287
-0.71832 0.4033
-0.71248 0.404516
-0.70664 0.405539
-0.7008 0.405177
-0.69496 0.405846
-0.68912 0.406829
-0.68328 0.408067
-0.67744 0.41178
-0.6716 0.413441
-0.66576 0.414563
-0.65992 0.416112
-0.65408 0.415657
-0.64824 0.416534
-0.6424 0.419228
-0.63656 0.420466
-0.63072 0.420311
-0.62488 0.42048
-0.61904 0.420505
-0.6132 0.420318
-0.60736 0.419294
-0.60152 0.419859
-0.59568 0.419859
-0.58984 0.419859
-0.584 0.419859
-0.57816 0.419859
-0.57232 0.419859
-0.56648 0.419859
-0.56064 0.419859
-0.5548 0.419859
-0.54896 0.419859
-0.54312 0.419859
-0.53728 0.419859
-0.53144 0.419859
-0.5256 0.419859
-0.51976 0.419859
-0.51392 0.419859
-0.50808 0.419859
-0.50224 0.419859
-0.4964 0.419859
-0.49056 0.419859
-0.48472 0.419859
-0.47888 0.419859
-0.47304 0.419859
-0.4672 0.419859
-0.46136 0.419859
-0.45552 0.419859
-0.44968 0.419859
-0.44384 0.419859
-0.438 0.419859
-0.43216 0.419859
-0.42632 0.419859
-0.42048 0.419859
-0.41464 0.419859
-0.4088 0.419859
-0.40296 0.419859
-0.39712 0.419859
-0.39128 0.419859
-0.38544 0.419859
-0.3796 0.419859
-0.37376 0.419859
-0.36792 0.419859
-0.36208 0.419859
-0.35624 0.419859
-0.3504 0.419859
-0.34456 0.419859
-0.33872 0.419859
-0.33288 0.419859
-0.32704 0.419859
-0.3212 0.419859
-0.31536 0.419859
-0.30952 0.419859
-0.30368 0.419859
-0.29784 0.419859
-0.292 0.419859
-0.28616 0.419859
-0.28032 0.419859
-0.27448 0.419859
-0.26864 0.419859
-0.2628 0.419859
-0.25696 0.419859
-0.25112 0.419859
-0.24528 0.419859
-0.23944 0.419859
-0.2336 0.419859
-0.22776 0.419859
-0.22192 0.419859
-0.21608 0.419859
-0.21024 0.419859
-0.2044 0.419859
-0.19856 0.419859
-0.19272 0.419859
-0.18688 0.419859
-0.18104 0.419859
-0.1752 0.419859
-0.16936 0.419859
-0.16352 0.419859
-0.15768 0.419859
-0.15184 0.419859
-0.146 0.419859
-0.14016 0.419859
-0.13432 0.419859
-0.12848 0.419859
-0.12264 0.419859
-0.1168 0.419859
-0.11096 0.419859
-0.10512 0.419859
-0.09928 0.419859
-0.09344 0.419859
-0.0876 0.419859
-0.08176 0.419859
-0.07592 0.419859
-0.07008 0.419859
-0.06424 0.419859
-0.0584 0.419859
-0.05256 0.419859
-0.04672 0.419859
-0.04088 0.419859
-0.03504 0.419859
-0.0292 0.419859
-0.02336 0.419859
-0.01752 0.419859
-0.01168 0.419859
-0.00584 0.419859
