-2.92 0.478452
-2.91416 0.478452
-2.90832 0.478452
-2.90248 0.478452
-2.89664 0.478452
-2.8908 0.478452
-2.88496 0.478452
-2.87912 0.478452
-2.87328 0.478452
-2.86744 0.478452
-2.8616 0.478452
-2.85576 0.478452
-2.84992 0.478452
-2.84408 0.478452
-2.83824 0.478452
-2.8324 0.478452
-2.82656 0.478452
-2.82072 0.478452
-2.81488 0.478452
-2.80904 0.478452
-2.8032 0.478452
-2.79736 0.478452
-2.79152 0.478452
-2.78568 0.478452
-2.77984 0.478452
-2.774 0.478452
-2.76816 0.478452
-2.76232 0.478452
-2.75648 0.478452
-2.75064 0.478452
-2.7448 0.478452
-2.73896 0.478452
-2.73312 0.478452
-2.72728 0.478452
-2.72144 0.478452
-2.7156 0.478452
-2.70976 0.478452
-2.70392 0.478452
-2.69808 0.478452
-2.69224 0.478452
-2.6864 0.478452
-2.68056 0.478452
-2.67472 0.478452
-2.66888 0.478452
-2.66304 0.478452
-2.6572 0.478452
-2.65136 0.478452
-2.64552 0.478452
-2.63968 0.478452
-2.63384 0.478452
-2.628 0.478452
-2.62216 0.478452
-2.61632 0.478452
-2.61048 0.478452
-2.60464 0.478452
-2.5988 0.478452
-2.59296 0.477877
-2.58712 0.477168
-2.58128 0.476368
-2.57544 0.475434
-2.5696 0.474368
-2.56376 0.473254
-2.55792 0.471961
-2.55208 0.470627
-2.54624 0.469247
-2.5404 0.467688
-2.53456 0.466042
-2.52872 0.464266
-2.52288 0.462491
-2.51704 0.460545
-2.5112 0.458554
-2.50536 0.456437
-2.49952 0.45436
-2.49368 0.452242
-2.48784 0.450038
-2.482 0.44788
-2.47616 0.446081
-2.47032 0.443499
-2.46448 0.441529
-2.45864 0.439437
-2.4528 0.437421
-2.44696 0.434627
-2.44112 0.433147
-2.43528 0.430793
-2.42944 0.428527
-2.4236 0.425796
-2.41776 0.424639
-2.41192 0.421779
-2.40608 0.419623
-2.40024 0.417264
-2.3944 0.415272
-2.38856 0.413493
-2.38272 0.410629
-2.37688 0.40918
-2.37104 0.4059
-2.3652 0.404231
-2.35936 0.401528
-2.35352 0.399567
-2.34768 0.397617
-2.34184 0.395032
-2.336 0.393201
-2.33016 0.393004
-2.32432 0.388256
-2.31848 0.386539
-2.31264 0.385131
-2.3068 0.382003
-2.30096 0.380463
-2.29512 0.378718
-2.28928 0.376177
-2.28344 0.373211
-2.2776 0.370538
-2.27176 0.368206
-2.26592 0.366671
-2.26008 0.363286
-2.25424 0.360613
-2.2484 0.357932
-2.24256 0.354501
-2.23672 0.351652
-2.23088 0.349596
-2.22504 0.346086
-2.2192 0.341772
-2.21336 0.339091
-2.20752 0.337163
-2.20168 0.331591
-2.19584 0.328449
-2.19 0.324296
-2.18416 0.322743
-2.17832 0.319094
-2.17248 0.315064
-2.16664 0.310791
-2.1608 0.307944
-2.15496 0.305473
-2.14912 0.30123
-2.14328 0.295862
-2.13744 0.293423
-2.1316 0.289058
-2.12576 0.285369
-2.11992 0.282216
-2.11408 0.277774
-2.10824 0.274665
-2.1024 0.270928
-2.09656 0.266773
-2.09072 0.261988
-2.08488 0.25766
-2.07904 0.254428
-2.0732 0.251404
-2.06736 0.246912
-2.06152 0.242799
-2.05568 0.23831
-2.04984 0.235327
-2.044 0.230928
-2.03816 0.227058
-2.03232 0.222059
-2.02648 0.21966
-2.02064 0.216299
-2.0148 0.2126
-2.00896 0.208907
-2.00312 0.206263
-1.99728 0.202906
-1.99144 0.201322
-1.9856 0.198558
-1.97976 0.197018
-1.97392 0.195008
-1.96808 0.193222
-1.96224 0.192726
-1.9564 0.188276
-1.95056 0.188385
-1.94472 0.187692
-1.93888 0.186137
-1.93304 0.186413
-1.9272 0.184101
-1.92136 0.184248
-1.91552 0.18188
-1.90968 0.18305
-1.90384 0.180718
-1.898 0.180233
-1.89216 0.17921
-1.88632 0.180725
-1.88048 0.180518
-1.87464 0.178966
-1.8688 0.179324
-1.86296 0.176758
-1.85712 0.17948
-1.85128 0.179147
-1.84544 0.17869
-1.8396 0.177659
-1.83376 0.177089
-1.82792 0.17899
-1.82208 0.180207
-1.81624 0.177624
-1.8104 0.182246
-1.80456 0.177471
-1.79872 0.178589
-1.79288 0.179523
-1.78704 0.180476
-1.7812 0.18109
-1.77536 0.183001
-1.76952 0.185234
-1.76368 0.184592
-1.75784 0.182359
-1.752 0.184534
-1.74616 0.184552
-1.74032 0.184729
-1.73448 0.186279
-1.72864 0.186467
-1.7228 0.188826
-1.71696 0.188708
-1.71112 0.189828
-1.70528 0.192116
-1.69944 0.19285
-1.6936 0.190246
-1.68776 0.191959
-1.68192 0.19612
-1.67608 0.190695
-1.67024 0.195232
-1.6644 0.194023
-1.65856 0.193063
-1.65272 0.195272
-1.64688 0.193031
-1.64104 0.194229
-1.6352 0.193863
-1.62936 0.192785
-1.62352 0.194551
-1.61768 0.193606
-1.61184 0.193759
-1.606 0.202529
-1.60016 0.200347
-1.59432 0.203926
-1.58848 0.209537
-1.58264 0.208747
-1.5768 0.210014
-1.57096 0.209768
-1.56512 0.215883
-1.55928 0.215004
-1.55344 0.220081
-1.5476 0.223014
-1.54176 0.229089
-1.53592 0.229022
-1.53008 0.230503
-1.52424 0.233736
-1.5184 0.237249
-1.51256 0.242159
-1.50672 0.242115
-1.50088 0.245972
-1.49504 0.247979
-1.4892 0.248718
-1.48336 0.24896
-1.47752 0.253144
-1.47168 0.257113
-1.46584 0.258022
-1.46 0.260132
-1.45416 0.267757
-1.44832 0.270447
-1.44248 0.274342
-1.43664 0.274767
-1.4308 0.278806
-1.42496 0.277412
-1.41912 0.280165
-1.41328 0.288778
-1.40744 0.287473
-1.4016 0.293427
-1.39576 0.29452
-1.38992 0.297671
-1.38408 0.306261
-1.37824 0.300699
-1.3724 0.309242
-1.36656 0.307268
-1.36072 0.306913
-1.35488 0.313327
-1.34904 0.316426
-1.3432 0.316971
-1.33736 0.324095
-1.33152 0.331761
-1.32568 0.331921
-1.31984 0.332629
-1.314 0.337605
-1.30816 0.336432
-1.30232 0.343868
-1.29648 0.342897
-1.29064 0.350167
-1.2848 0.353684
-1.27896 0.356237
-1.27312 0.354753
-1.26728 0.362426
-1.26144 0.363102
-1.2556 0.363389
-1.24976 0.368452
-1.24392 0.37158
-1.23808 0.370793
-1.23224 0.378681
-1.2264 0.38079
-1.22056 0.382043
-1.21472 0.38722
-1.20888 0.388486
-1.20304 0.391563
-1.1972 0.395847
-1.19136 0.396956
-1.18552 0.397959
-1.17968 0.40005
-1.17384 0.400481
-1.168 0.410436
-1.16216 0.412145
-1.15632 0.41523
-1.15048 0.418553
-1.14464 0.416115
-1.1388 0.418226
-1.13296 0.419104
-1.12712 0.423286
-1.12128 0.42289
-1.11544 0.427721
-1.1096 0.43337
-1.10376 0.434344
-1.09792 0.433769
-1.09208 0.435442
-1.08624 0.436329
-1.0804 0.438932
-1.07456 0.443645
-1.06872 0.442671
-1.06288 0.44298
-1.05704 0.448092
-1.0512 0.447274
-1.04536 0.443305
-1.03952 0.445826
-1.03368 0.445379
-1.02784 0.444012
-1.022 0.441986
-1.01616 0.446506
-1.01032 0.446596
-1.00448 0.447025
-0.99864 0.442214
-0.9928 0.444621
-0.98696 0.440048
-0.98112 0.439836
-0.97528 0.444562
-0.96944 0.441755
-0.9636 0.442136
-0.95776 0.440629
-0.95192 0.442501
-0.94608 0.444473
-0.94024 0.438492
-0.9344 0.441231
-0.92856 0.436882
-0.92272 0.436994
-0.91688 0.436336
-0.91104 0.435292
-0.9052 0.433472
-0.89936 0.438665
-0.89352 0.438984
-0.88768 0.43649
-0.88184 0.436676
-0.876 0.437765
-0.87016 0.434856
-0.86432 0.438985
-0.85848 0.436238
-0.85264 0.437603
-0.8468 0.436442
-0.84096 0.435026
-0.83512 0.435156
-0.82928 0.433281
-0.82344 0.432507
-0.8176 0.431541
-0.81176 0.432611
-0.80592 0.43176
-0.80008 0.431017
-0.79424 0.431509
-0.7884 0.430426
-0.78256 0.432449
-0.77672 0.432749
-0.77088 0.432212
-0.76504 0.432646
-0.7592 0.432877
-0.75336 0.432709
-0.74752 0.432178
-0.74168 0.432835
-0.73584 0.434302
-0.73 0.434486
-0.72416 0.436923
-0.71832 0.436715
-0.71248 0.437906
-0.70664 0.438502
-0.7008 0.438576
-0.69496 0.439693
-0.68912 0.441014
-0.68328 0.442274
-0.67744 0.446539
-0.6716 0.448091
-0.66576 0.448914
-0.65992 0.450624
-0.65408 0.450158
-0.64824 0.452064
-0.6424 0.455
-0.63656 0.455596
-0.63072 0.456014
-0.62488 0.456173
-0.61904 0.456785
-0.6132 0.455549
-0.60736 0.454776
-0.60152 0.455299
-0.59568 0.455299
-0.58984 0.455299
-0.584 0.455299
-0.57816 0.455299
-0.57232 0.455299
-0.56648 0.455299
-0.56064 0.455299
-0.5548 0.455299
-0.54896 0.455299
-0.54312 0.455299
-0.53728 0.455299
-0.53144 0.455299
-0.5256 0.455299
-0.51976 0.455299
-0.51392 0.455299
-0.50808 0.455299
-0.50224 0.455299
-0.4964 0.455299
-0.49056 0.455299
-0.48472 0.455299
-0.47888 0.455299
-0.47304 0.455299
-0.4672 0.455299
-0.46136 0.455299
-0.45552 0.455299
-0.44968 0.455299
-0.44384 0.455299
-0.438 0.455299
-0.43216 0.455299
-0.42632 0.455299
-0.42048 0.455299
-0.41464 0.455299
-0.4088 0.455299
-0.40296 0.455299
-0.39712 0.455299
-0.39128 0.455299
-0.38544 0.455299
-0.3796 0.455299
-0.37376 0.455299
-0.36792 0.455299
-0.36208 0.455299
-0.35624 0.455299
-0.3504 0.455299
-0.34456 0.455299
-0.33872 0.455299
-0.33288 0.455299
-0.32704 0.455299
-0.3212 0.455299
-0.31536 0.455299
-0.30952 0.455299
-0.30368 0.455299
-0.29784 0.455299
-0.292 0.455299
-0.28616 0.455299
-0.28032 0.455299
-0.27448 0.455299
-0.26864 0.455299
-0.2628 0.455299
-0.25696 0.455299
-0.25112 0.455299
-0.24528 0.455299
-0.23944 0.455299
-0.2336 0.455299
-0.22776 0.455299
-0.22192 0.455299
-0.21608 0.455299
-0.21024 0.455299
-0.2044 0.455299
-0.19856 0.455299
-0.19272 0.455299
-0.18688 0.455299
-0.18104 0.455299
-0.1752 0.455299
-0.16936 0.455299
-0.16352 0.455299
-0.15768 0.455299
-0.15184 0.455299
-0.146 0.455299
-0.14016 0.455299
-0.13432 0.455299
-0.12848 0.455299
-0.12264 0.455299
-0.1168 0.455299
-0.11096 0.455299
-0.10512 0.455299
-0.09928 0.455299
-0.09344 0.455299
-0.0876 0.455299
-0.08176 0.455299
-0.07592 0.455299
-0.07008 0.455299
-0.06424 0.455299
-0.0584 0.455299
-0.05256 0.455299
-0.04672 0.455299
-0.04088 0.455299
-0.03504 0.455299
-0.0292 0.455299
-0.02336 0.455299
-0.01752 0.455299
-0.01168 0.455299
-0.00584 0.455299
