-2.92 0.494327
-2.91416 0.494327
-2.90832 0.494327
-2.90248 0.494327
-2.89664 0.494327
-2.8908 0.494327
-2.88496 0.494327
-2.87912 0.494327
-2.87328 0.494327
-2.86744 0.494327
-2.8616 0.494327
-2.85576 0.494327
-2.84992 0.494327
-2.84408 0.494327
-2.83824 0.494327
-2.8324 0.494327
-2.82656 0.494327
-2.82072 0.494327
-2.81488 0.494327
-2.80904 0.494327
-2.8032 0.494327
-2.79736 0.494327
-2.79152 0.494327
-2.78568 0.494327
-2.77984 0.494327
-2.774 0.494327
-2.76816 0.494327
-2.76232 0.494327
-2.75648 0.494327
-2.75064 0.494327
-2.7448 0.494327
-2.73896 0.494327
-2.73312 0.494327
-2.72728 0.494327
-2.72144 0.494327
-2.7156 0.494327
-2.70976 0.494327
-2.70392 0.494327
-2.69808 0.494327
-2.69224 0.494327
-2.6864 0.494327
-2.68056 0.494327
-2.67472 0.494327
-2.66888 0.494327
-2.66304 0.494327
-2.6572 0.494327
-2.65136 0.494327
-2.64552 0.494327
-2.63968 0.494327
-2.63384 0.494327
-2.628 0.494327
-2.62216 0.494327
-2.61632 0.494327
-2.61048 0.494327
-2.60464 0.494327
-2.5988 0.494327
-2.59296 0.4938
-2.58712 0.493096
-2.58128 0.492348
-2.57544 0.491423
-2.5696 0.490321
-2.56376 0.489043
-2.55792 0.487679
-2.55208 0.486268
-2.54624 0.484813
-2.5404 0.48314
-2.53456 0.481376
-2.52872 0.47949
-2.52288 0.477601
-2.51704 0.47563
-2.5112 0.473482
-2.50536 0.471378
-2.49952 0.469273
-2.49368 0.467037
-2.48784 0.464714
-2.482 0.462436
-2.47616 0.460391
-2.47032 0.458094
-2.46448 0.4558
-2.45864 0.453583
-2.4528 0.451786
-2.44696 0.449904
-2.44112 0.447395
-2.43528 0.444882
-2.42944 0.442874
-2.4236 0.440072
-2.41776 0.437891
-2.41192 0.436204
-2.40608 0.432858
-2.40024 0.430011
-2.3944 0.42807
-2.38856 0.426057
-2.38272 0.423453
-2.37688 0.421098
-2.37104 0.418701
-2.3652 0.417263
-2.35936 0.413738
-2.35352 0.411717
-2.34768 0.409031
-2.34184 0.406966
-2.336 0.404108
-2.33016 0.40191
-2.32432 0.399563
-2.31848 0.397908
-2.31264 0.394797
-2.3068 0.392556
-2.30096 0.389859
-2.29512 0.388167
-2.28928 0.386561
-2.28344 0.384495
-2.2776 0.382341
-2.27176 0.380447
-2.26592 0.378211
-2.26008 0.375433
-2.25424 0.374447
-2.2484 0.370948
-2.24256 0.36861
-2.23672 0.367131
-2.23088 0.365086
-2.22504 0.362342
-2.2192 0.358043
-2.21336 0.357391
-2.20752 0.35293
-2.20168 0.350006
-2.19584 0.347471
-2.19 0.344548
-2.18416 0.341329
-2.17832 0.337451
-2.17248 0.334448
-2.16664 0.332907
-2.1608 0.32819
-2.15496 0.325308
-2.14912 0.322188
-2.14328 0.318007
-2.13744 0.313703
-2.1316 0.310188
-2.12576 0.30732
-2.11992 0.303884
-2.11408 0.301508
-2.10824 0.296111
-2.1024 0.289581
-2.09656 0.288037
-2.09072 0.284232
-2.08488 0.283111
-2.07904 0.277584
-2.0732 0.274274
-2.06736 0.26838
-2.06152 0.264194
-2.05568 0.260602
-2.04984 0.255659
-2.044 0.253124
-2.03816 0.248934
-2.03232 0.244239
-2.02648 0.241357
-2.02064 0.236964
-2.0148 0.232571
-2.00896 0.227757
-2.00312 0.224712
-1.99728 0.221752
-1.99144 0.219675
-1.9856 0.215252
-1.97976 0.213091
-1.97392 0.210009
-1.96808 0.207098
-1.96224 0.207808
-1.9564 0.204086
-1.95056 0.201514
-1.94472 0.202048
-1.93888 0.199394
-1.93304 0.197786
-1.9272 0.196172
-1.92136 0.195615
-1.91552 0.195139
-1.90968 0.192417
-1.90384 0.189569
-1.898 0.192368
-1.89216 0.192419
-1.88632 0.190701
-1.88048 0.189311
-1.87464 0.186913
-1.8688 0.187563
-1.86296 0.189384
-1.85712 0.188395
-1.85128 0.188617
-1.84544 0.186422
-1.8396 0.184839
-1.83376 0.186311
-1.82792 0.18811
-1.82208 0.188268
-1.81624 0.186218
-1.8104 0.186626
-1.80456 0.187478
-1.79872 0.186118
-1.79288 0.186663
-1.78704 0.186731
-1.7812 0.182541
-1.77536 0.185693
-1.76952 0.185495
-1.76368 0.187235
-1.75784 0.187334
-1.752 0.186439
-1.74616 0.189085
-1.74032 0.188845
-1.73448 0.190273
-1.72864 0.191704
-1.7228 0.188261
-1.71696 0.19106
-1.71112 0.194138
-1.70528 0.193581
-1.69944 0.192049
-1.6936 0.192639
-1.68776 0.194089
-1.68192 0.194647
-1.67608 0.195566
-1.67024 0.191369
-1.6644 0.194736
-1.65856 0.192444
-1.65272 0.190179
-1.64688 0.191562
-1.64104 0.192887
-1.6352 0.191219
-1.62936 0.189513
-1.62352 0.189074
-1.61768 0.190967
-1.61184 0.194639
-1.606 0.198925
-1.60016 0.198174
-1.59432 0.202186
-1.58848 0.20171
-1.58264 0.20429
-1.5768 0.205658
-1.57096 0.207877
-1.56512 0.207984
-1.55928 0.212476
-1.55344 0.217969
-1.5476 0.218759
-1.54176 0.21863
-1.53592 0.221756
-1.53008 0.224464
-1.52424 0.224406
-1.5184 0.229205
-1.51256 0.230928
-1.50672 0.234472
-1.50088 0.235465
-1.49504 0.236364
-1.4892 0.241826
-1.48336 0.242925
-1.47752 0.244465
-1.47168 0.250183
-1.46584 0.246232
-1.46 0.256102
-1.45416 0.254314
-1.44832 0.261675
-1.44248 0.262844
-1.43664 0.263542
-1.4308 0.266603
-1.42496 0.271532
-1.41912 0.270476
-1.41328 0.276309
-1.40744 0.27549
-1.4016 0.278963
-1.39576 0.283324
-1.38992 0.283072
-1.38408 0.291679
-1.37824 0.292203
-1.3724 0.295061
-1.36656 0.300489
-1.36072 0.298232
-1.35488 0.301748
-1.34904 0.301295
-1.3432 0.303306
-1.33736 0.308759
-1.33152 0.313783
-1.32568 0.319326
-1.31984 0.320368
-1.314 0.323583
-1.30816 0.321401
-1.30232 0.329485
-1.29648 0.334501
-1.29064 0.334457
-1.2848 0.337906
-1.27896 0.340286
-1.27312 0.34219
-1.26728 0.345839
-1.26144 0.346814
-1.2556 0.346316
-1.24976 0.351849
-1.24392 0.354698
-1.23808 0.355385
-1.23224 0.358146
-1.2264 0.362889
-1.22056 0.364713
-1.21472 0.362244
-1.20888 0.369879
-1.20304 0.372905
-1.1972 0.373716
-1.19136 0.376508
-1.18552 0.376881
-1.17968 0.38077
-1.17384 0.383535
-1.168 0.390607
-1.16216 0.38922
-1.15632 0.391314
-1.15048 0.393485
-1.14464 0.392036
-1.1388 0.395098
-1.13296 0.396813
-1.12712 0.396884
-1.12128 0.40069
-1.11544 0.407661
-1.1096 0.409288
-1.10376 0.407543
-1.09792 0.410881
-1.09208 0.40981
-1.08624 0.41317
-1.0804 0.414799
-1.07456 0.413917
-1.06872 0.417445
-1.06288 0.416699
-1.05704 0.416686
-1.0512 0.420344
-1.04536 0.417622
-1.03952 0.416913
-1.03368 0.423301
-1.02784 0.414778
-1.022 0.421325
-1.01616 0.416697
-1.01032 0.421466
-1.00448 0.418152
-0.99864 0.417097
-0.9928 0.416815
-0.98696 0.417516
-0.98112 0.414148
-0.97528 0.417171
-0.96944 0.41195
-0.9636 0.413647
-0.95776 0.414382
-0.95192 0.411726
-0.94608 0.415395
-0.94024 0.413446
-0.9344 0.412892
-0.92856 0.411757
-0.92272 0.408052
-0.91688 0.409211
-0.91104 0.404594
-0.9052 0.404734
-0.89936 0.40739
-0.89352 0.409156
-0.88768 0.41052
-0.88184 0.40837
-0.876 0.409176
-0.87016 0.404732
-0.86432 0.407083
-0.85848 0.407435
-0.85264 0.406937
-0.8468 0.405732
-0.84096 0.405312
-0.83512 0.404746
-0.82928 0.406025
-0.82344 0.400224
-0.8176 0.402464
-0.81176 0.401402
-0.80592 0.401862
-0.80008 0.401304
-0.79424 0.399925
-0.7884 0.400653
-0.78256 0.399962
-0.77672 0.399313
-0.77088 0.397656
-0.76504 0.399464
-0.7592 0.398665
-0.75336 0.399092
-0.74752 0.39926
-0.74168 0.399204
-0.73584 0.399524
-0.73 0.400691
-0.72416 0.400815
-0.71832 0.401977
-0.71248 0.401769
-0.70664 0.402164
-0.7008 0.403032
-0.69496 0.403913
-0.68912 0.404561
-0.68328 0.405802
-0.67744 0.410447
-0.6716 0.411397
-0.66576 0.412329
-0.65992 0.412732
-0.65408 0.412735
-0.64824 0.413997
-0.6424 0.416351
-0.63656 0.417272
-0.63072 0.418356
-0.62488 0.41797
-0.61904 0.417321
-0.6132 0.416925
-0.60736 0.415938
-0.60152 0.416458
-0.59568 0.416458
-0.58984 0.416458
-0.584 0.416458
-0.57816 0.416458
-0.57232 0.416458
-0.56648 0.416458
-0.56064 0.416458
-0.5548 0.416458
-0.54896 0.416458
-0.54312 0.416458
-0.53728 0.416458
-0.53144 0.416458
-0.5256 0.416458
-0.51976 0.416458
-0.51392 0.416458
-0.50808 0.416458
-0.50224 0.416458
-0.4964 0.416458
-0.49056 0.416458
-0.48472 0.416458
-0.47888 0.416458
-0.47304 0.416458
-0.4672 0.416458
-0.46136 0.416458
-0.45552 0.416458
-0.44968 0.416458
-0.44384 0.416458
-0.438 0.416458
-0.43216 0.416458
-0.42632 0.416458
-0.42048 0.416458
-0.41464 0.416458
-0.4088 0.416458
-0.40296 0.416458
-0.39712 0.416458
-0.39128 0.416458
-0.38544 0.416458
-0.3796 0.416458
-0.37376 0.416458
-0.36792 0.416458
-0.36208 0.416458
-0.35624 0.416458
-0.3504 0.416458
-0.34456 0.416458
-0.33872 0.416458
-0.33288 0.416458
-0.32704 0.416458
-0.3212 0.416458
-0.31536 0.416458
-0.30952 0.416458
-0.30368 0.416458
-0.29784 0.416458
-0.292 0.416458
-0.28616 0.416458
-0.28032 0.416458
-0.27448 0.416458
-0.26864 0.416458
-0.2628 0.416458
-0.25696 0.416458
-0.25112 0.416458
-0.24528 0.416458
-0.23944 0.416458
-0.2336 0.416458
-0.22776 0.416458
-0.22192 0.416458
-0.21608 0.416458
-0.21024 0.416458
-0.2044 0.416458
-0.19856 0.416458
-0.19272 0.416458
-0.18688 0.416458
-0.18104 0.416458
-0.1752 0.416458
-0.16936 0.416458
-0.16352 0.416458
-0.15768 0.416458
-0.15184 0.416458
-0.146 0.416458
-0.14016 0.416458
-0.13432 0.416458
-0.12848 0.416458
-0.12264 0.416458
-0.1168 0.416458
-0.11096 0.416458
-0.10512 0.416458
-0.09928 0.416458
-0.09344 0.416458
-0.0876 0.416458
-0.08176 0.416458
-0.07592 0.416458
-0.07008 0.416458
-0.06424 0.416458
-0.0584 0.416458
-0.05256 0.416458
-0.04672 0.416458
-0.04088 0.416458
-0.03504 0.416458
-0.0292 0.416458
-0.02336 0.416458
-0.01752 0.416458
-0.01168 0.416458
-0.00584 0.416458
