-2.92 0.484443
-2.91416 0.484443
-2.90832 0.484443
-2.90248 0.484443
-2.89664 0.484443
-2.8908 0.484443
-2.88496 0.484443
-2.87912 0.484443
-2.87328 0.484443
-2.86744 0.484443
-2.8616 0.484443
-2.85576 0.484443
-2.84992 0.484443
-2.84408 0.484443
-2.83824 0.484443
-2.8324 0.484443
-2.82656 0.484443
-2.82072 0.484443
-2.81488 0.484443
-2.80904 0.484443
-2.8032 0.484443
-2.79736 0.484443
-2.79152 0.484443
-2.78568 0.484443
-2.77984 0.484443
-2.774 0.484443
-2.76816 0.484443
-2.76232 0.484443
-2.75648 0.484443
-2.75064 0.484443
-2.7448 0.484443
-2.73896 0.484443
-2.73312 0.484443
-2.72728 0.484443
-2.72144 0.484443
-2.7156 0.484443
-2.70976 0.484443
-2.70392 0.484443
-2.69808 0.484443
-2.69224 0.484443
-2.6864 0.484443
-2.68056 0.484443
-2.67472 0.484443
-2.66888 0.484443
-2.66304 0.484443
-2.6572 0.484443
-2.65136 0.484443
-2.64552 0.484443
-2.63968 0.484443
-2.63384 0.484443
-2.628 0.484443
-2.62216 0.484443
-2.61632 0.484443
-2.61048 0.484443
-2.60464 0.484443
-2.5988 0.484443
-2.59296 0.483648
-2.58712 0.482628
-2.58128 0.481564
-2.57544 0.480366
-2.5696 0.479078
-2.56376 0.477657
-2.55792 0.476148
-2.55208 0.47464
-2.54624 0.473085
-2.5404 0.471529
-2.53456 0.469929
-2.52872 0.468327
-2.52288 0.466641
-2.51704 0.464864
-2.5112 0.463
-2.50536 0.461047
-2.49952 0.459095
-2.49368 0.4571
-2.48784 0.455148
-2.482 0.453368
-2.47616 0.451644
-2.47032 0.449417
-2.46448 0.447807
-2.45864 0.445579
-2.4528 0.444173
-2.44696 0.441733
-2.44112 0.440488
-2.43528 0.438702
-2.42944 0.436911
-2.4236 0.433875
-2.41776 0.432661
-2.41192 0.431192
-2.40608 0.428904
-2.40024 0.426857
-2.3944 0.424764
-2.38856 0.422627
-2.38272 0.421121
-2.37688 0.419564
-2.37104 0.416014
-2.3652 0.416291
-2.35936 0.413313
-2.35352 0.411336
-2.34768 0.408446
-2.34184 0.407263
-2.336 0.404786
-2.33016 0.404397
-2.32432 0.401174
-2.31848 0.397944
-2.31264 0.39597
-2.3068 0.394541
-2.30096 0.392526
-2.29512 0.38863
-2.28928 0.386946
-2.28344 0.385173
-2.2776 0.384244
-2.27176 0.381439
-2.26592 0.379717
-2.26008 0.377748
-2.25424 0.374129
-2.2484 0.374113
-2.24256 0.370549
-2.23672 0.368853
-2.23088 0.365532
-2.22504 0.364596
-2.2192 0.361222
-2.21336 0.359115
-2.20752 0.358135
-2.20168 0.35594
-2.19584 0.352613
-2.19 0.349636
-2.18416 0.348495
-2.17832 0.345788
-2.17248 0.343309
-2.16664 0.340229
-2.1608 0.337157
-2.15496 0.335268
-2.14912 0.334334
-2.14328 0.333836
-2.13744 0.329541
-2.1316 0.329619
-2.12576 0.325951
-2.11992 0.322702
-2.11408 0.32254
-2.10824 0.319882
-2.1024 0.317481
-2.09656 0.317175
-2.09072 0.31238
-2.08488 0.312084
-2.07904 0.308886
-2.0732 0.308473
-2.06736 0.303571
-2.06152 0.30438
-2.05568 0.304218
-2.04984 0.298324
-2.044 0.297751
-2.03816 0.297207
-2.03232 0.293715
-2.02648 0.294546
-2.02064 0.290513
-2.0148 0.289414
-2.00896 0.288543
-2.00312 0.286941
-1.99728 0.285713
-1.99144 0.283949
-1.9856 0.284206
-1.97976 0.280033
-1.97392 0.279996
-1.96808 0.276801
-1.96224 0.274913
-1.9564 0.272639
-1.95056 0.270082
-1.94472 0.267843
-1.93888 0.263792
-1.93304 0.261602
-1.9272 0.258119
-1.92136 0.257793
-1.91552 0.254981
-1.90968 0.24851
-1.90384 0.246598
-1.898 0.241157
-1.89216 0.241768
-1.88632 0.236397
-1.88048 0.235432
-1.87464 0.230032
-1.8688 0.227474
-1.86296 0.222374
-1.85712 0.223119
-1.85128 0.219365
-1.84544 0.213188
-1.8396 0.209269
-1.83376 0.210512
-1.82792 0.208647
-1.82208 0.204155
-1.81624 0.199459
-1.8104 0.192278
-1.80456 0.19319
-1.79872 0.187729
-1.79288 0.182687
-1.78704 0.183256
-1.7812 0.179842
-1.77536 0.174396
-1.76952 0.172512
-1.76368 0.168988
-1.75784 0.165282
-1.752 0.162364
-1.74616 0.156733
-1.74032 0.156066
-1.73448 0.149369
-1.72864 0.147694
-1.7228 0.144211
-1.71696 0.141771
-1.71112 0.135861
-1.70528 0.13365
-1.69944 0.131768
-1.6936 0.128026
-1.68776 0.127203
-1.68192 0.123263
-1.67608 0.120854
-1.67024 0.119291
-1.6644 0.11857
-1.65856 0.115429
-1.65272 0.115896
-1.64688 0.115033
-1.64104 0.112498
-1.6352 0.113632
-1.62936 0.110386
-1.62352 0.109863
-1.61768 0.111012
-1.61184 0.110407
-1.606 0.112287
-1.60016 0.112714
-1.59432 0.115701
-1.58848 0.112511
-1.58264 0.114478
-1.5768 0.113481
-1.57096 0.114985
-1.56512 0.112799
-1.55928 0.115576
-1.55344 0.117627
-1.5476 0.118112
-1.54176 0.117928
-1.53592 0.12049
-1.53008 0.118261
-1.52424 0.117813
-1.5184 0.116342
-1.51256 0.119074
-1.50672 0.120019
-1.50088 0.120312
-1.49504 0.119619
-1.4892 0.126246
-1.48336 0.120696
-1.47752 0.123747
-1.47168 0.125005
-1.46584 0.128051
-1.46 0.129374
-1.45416 0.131303
-1.44832 0.13483
-1.44248 0.132986
-1.43664 0.132453
-1.4308 0.13418
-1.42496 0.136147
-1.41912 0.135872
-1.41328 0.135831
-1.40744 0.137988
-1.4016 0.138315
-1.39576 0.138541
-1.38992 0.140518
-1.38408 0.144924
-1.37824 0.144312
-1.3724 0.147192
-1.36656 0.151486
-1.36072 0.154681
-1.35488 0.15411
-1.34904 0.155654
-1.3432 0.157776
-1.33736 0.161449
-1.33152 0.162308
-1.32568 0.166833
-1.31984 0.171505
-1.314 0.16957
-1.30816 0.175095
-1.30232 0.174555
-1.29648 0.175978
-1.29064 0.179581
-1.2848 0.183097
-1.27896 0.18687
-1.27312 0.191027
-1.26728 0.192536
-1.26144 0.195164
-1.2556 0.199197
-1.24976 0.201534
-1.24392 0.204172
-1.23808 0.212008
-1.23224 0.212519
-1.2264 0.216285
-1.22056 0.220406
-1.21472 0.22416
-1.20888 0.226489
-1.20304 0.225923
-1.1972 0.228973
-1.19136 0.23223
-1.18552 0.233193
-1.17968 0.236302
-1.17384 0.239142
-1.168 0.242819
-1.16216 0.244275
-1.15632 0.248474
-1.15048 0.248601
-1.14464 0.251923
-1.1388 0.250343
-1.13296 0.254325
-1.12712 0.253345
-1.12128 0.259216
-1.11544 0.259113
-1.1096 0.263046
-1.10376 0.265889
-1.09792 0.269116
-1.09208 0.267262
-1.08624 0.270744
-1.0804 0.270635
-1.07456 0.275186
-1.06872 0.276762
-1.06288 0.281092
-1.05704 0.279219
-1.0512 0.288645
-1.04536 0.28698
-1.03952 0.290489
-1.03368 0.292749
-1.02784 0.29825
-1.022 0.299816
-1.01616 0.303207
-1.01032 0.306509
-1.00448 0.307322
-0.99864 0.307618
-0.9928 0.309466
-0.98696 0.312292
-0.98112 0.31409
-0.97528 0.315235
-0.96944 0.318362
-0.9636 0.319933
-0.95776 0.321763
-0.95192 0.324477
-0.94608 0.326583
-0.94024 0.326728
-0.9344 0.329262
-0.92856 0.332439
-0.92272 0.335139
-0.91688 0.332673
-0.91104 0.333583
-0.9052 0.335347
-0.89936 0.337371
-0.89352 0.338566
-0.88768 0.342404
-0.88184 0.343349
-0.876 0.342775
-0.87016 0.348923
-0.86432 0.34736
-0.85848 0.347538
-0.85264 0.350451
-0.8468 0.352091
-0.84096 0.354585
-0.83512 0.356989
-0.82928 0.359298
-0.82344 0.360138
-0.8176 0.364147
-0.81176 0.36554
-0.80592 0.368878
-0.80008 0.371355
-0.79424 0.372711
-0.7884 0.374849
-0.78256 0.376361
-0.77672 0.377621
-0.77088 0.377833
-0.76504 0.377484
-0.7592 0.377818
-0.75336 0.378941
-0.74752 0.378381
-0.74168 0.377833
-0.73584 0.380511
-0.73 0.379183
-0.72416 0.379253
-0.71832 0.380456
-0.71248 0.380139
-0.70664 0.380539
-0.7008 0.378248
-0.69496 0.378685
-0.68912 0.378907
-0.68328 0.378553
-0.67744 0.379868
-0.6716 0.379716
-0.66576 0.380684
-0.65992 0.380556
-0.65408 0.381802
-0.64824 0.381716
-0.6424 0.381307
-0.63656 0.382687
-0.63072 0.383775
-0.62488 0.384775
-0.61904 0.38573
-0.6132 0.387601
-0.60736 0.38775
-0.60152 0.387682
-0.59568 0.387682
-0.58984 0.387682
-0.584 0.387682
-0.57816 0.387682
-0.57232 0.387682
-0.56648 0.387682
-0.56064 0.387682
-0.5548 0.387682
-0.54896 0.387682
-0.54312 0.387682
-0.53728 0.387682
-0.53144 0.387682
-0.5256 0.387682
-0.51976 0.387682
-0.51392 0.387682
-0.50808 0.387682
-0.50224 0.387682
-0.4964 0.387682
-0.49056 0.387682
-0.48472 0.387682
-0.47888 0.387682
-0.47304 0.387682
-0.4672 0.387682
-0.46136 0.387682
-0.45552 0.387682
-0.44968 0.387682
-0.44384 0.387682
-0.438 0.387682
-0.43216 0.387682
-0.42632 0.387682
-0.42048 0.387682
-0.41464 0.387682
-0.4088 0.387682
-0.40296 0.387682
-0.39712 0.387682
-0.39128 0.387682
-0.38544 0.387682
-0.3796 0.387682
-0.37376 0.387682
-0.36792 0.387682
-0.36208 0.387682
-0.35624 0.387682
-0.3504 0.387682
-0.34456 0.387682
-0.33872 0.387682
-0.33288 0.387682
-0.32704 0.387682
-0.3212 0.387682
-0.31536 0.387682
-0.30952 0.387682
-0.30368 0.387682
-0.29784 0.387682
-0.292 0.387682
-0.28616 0.387682
-0.28032 0.387682
-0.27448 0.387682
-0.26864 0.387682
-0.2628 0.387682
-0.25696 0.387682
-0.25112 0.387682
-0.24528 0.387682
-0.23944 0.387682
-0.2336 0.387682
-0.22776 0.387682
-0.22192 0.387682
-0.21608 0.387682
-0.21024 0.387682
-0.2044 0.387682
-0.19856 0.387682
-0.19272 0.387682
-0.18688 0.387682
-0.18104 0.387682
-0.1752 0.387682
-0.16936 0.387682
-0.16352 0.387682
-0.15768 0.387682
-0.15184 0.387682
-0.146 0.387682
-0.14016 0.387682
-0.13432 0.387682
-0.12848 0.387682
-0.12264 0.387682
-0.1168 0.387682
-0.11096 0.387682
-0.10512 0.387682
-0.09928 0.387682
-0.09344 0.387682
-0.0876 0.387682
-0.08176 0.387682
-0.07592 0.387682
-0.07008 0.387682
-0.06424 0.387682
-0.0584 0.387682
-0.05256 0.387682
-0.04672 0.387682
-0.04088 0.387682
-0.03504 0.387682
-0.0292 0.387682
-0.02336 0.387682
-0.01752 0.387682
-0.01168 0.387682
-0.00584 0.387682
