-2.92 0.470866
-2.91416 0.470866
-2.90832 0.470866
-2.90248 0.470866
-2.89664 0.470866
-2.8908 0.470866
-2.88496 0.470866
-2.87912 0.470866
-2.87328 0.470866
-2.86744 0.470866
-2.8616 0.470866
-2.85576 0.470866
-2.84992 0.470866
-2.84408 0.470866
-2.83824 0.470866
-2.8324 0.470866
-2.82656 0.470866
-2.82072 0.470866
-2.81488 0.470866
-2.80904 0.470866
-2.8032 0.470866
-2.79736 0.470866
-2.79152 0.470866
-2.78568 0.470866
-2.77984 0.470866
-2.774 0.470866
-2.76816 0.470866
-2.76232 0.470866
-2.75648 0.470866
-2.75064 0.470866
-2.7448 0.470866
-2.73896 0.470866
-2.73312 0.470866
-2.72728 0.470866
-2.72144 0.470866
-2.7156 0.470866
-2.70976 0.470866
-2.70392 0.470866
-2.69808 0.470866
-2.69224 0.470866
-2.6864 0.470866
-2.68056 0.470866
-2.67472 0.470866
-2.66888 0.470866
-2.66304 0.470866
-2.6572 0.470866
-2.65136 0.470866
-2.64552 0.470866
-2.63968 0.470866
-2.63384 0.470866
-2.628 0.470866
-2.62216 0.470866
-2.61632 0.470866
-2.61048 0.470866
-2.60464 0.470866
-2.5988 0.470866
-2.59296 0.470467
-2.58712 0.469803
-2.58128 0.469049
-2.57544 0.46825
-2.5696 0.467317
-2.56376 0.466251
-2.55792 0.465097
-2.55208 0.463987
-2.54624 0.462787
-2.5404 0.461453
-2.53456 0.460163
-2.52872 0.458741
-2.52288 0.457319
-2.51704 0.455764
-2.5112 0.454121
-2.50536 0.452347
-2.49952 0.45057
-2.49368 0.448837
-2.48784 0.447016
-2.482 0.445282
-2.47616 0.443449
-2.47032 0.441649
-2.46448 0.439681
-2.45864 0.438247
-2.4528 0.436233
-2.44696 0.435041
-2.44112 0.4329
-2.43528 0.431708
-2.42944 0.42973
-2.4236 0.428159
-2.41776 0.426011
-2.41192 0.425522
-2.40608 0.423201
-2.40024 0.422503
-2.3944 0.420132
-2.38856 0.418464
-2.38272 0.416883
-2.37688 0.415335
-2.37104 0.412746
-2.3652 0.411619
-2.35936 0.410109
-2.35352 0.407563
-2.34768 0.405139
-2.34184 0.404958
-2.336 0.402697
-2.33016 0.400607
-2.32432 0.398589
-2.31848 0.396326
-2.31264 0.394983
-2.3068 0.393185
-2.30096 0.391799
-2.29512 0.391968
-2.28928 0.388032
-2.28344 0.386564
-2.2776 0.386053
-2.27176 0.383508
-2.26592 0.382124
-2.26008 0.381414
-2.25424 0.378682
-2.2484 0.377588
-2.24256 0.373523
-2.23672 0.373261
-2.23088 0.372498
-2.22504 0.368768
-2.2192 0.368674
-2.21336 0.365696
-2.20752 0.364559
-2.20168 0.363165
-2.19584 0.361027
-2.19 0.359058
-2.18416 0.356961
-2.17832 0.354066
-2.17248 0.352335
-2.16664 0.349946
-2.1608 0.349573
-2.15496 0.34599
-2.14912 0.344864
-2.14328 0.34603
-2.13744 0.340154
-2.1316 0.342007
-2.12576 0.337681
-2.11992 0.337799
-2.11408 0.335871
-2.10824 0.332305
-2.1024 0.330987
-2.09656 0.328484
-2.09072 0.327724
-2.08488 0.326009
-2.07904 0.322948
-2.0732 0.321762
-2.06736 0.32063
-2.06152 0.316517
-2.05568 0.316231
-2.04984 0.312197
-2.044 0.31381
-2.03816 0.313186
-2.03232 0.309025
-2.02648 0.30739
-2.02064 0.30348
-2.0148 0.30248
-2.00896 0.302148
-2.00312 0.301986
-1.99728 0.297227
-1.99144 0.297069
-1.9856 0.294763
-1.97976 0.293682
-1.97392 0.293356
-1.96808 0.290672
-1.96224 0.290579
-1.9564 0.287656
-1.95056 0.284719
-1.94472 0.282199
-1.93888 0.276439
-1.93304 0.277207
-1.9272 0.271984
-1.92136 0.268293
-1.91552 0.267799
-1.90968 0.262084
-1.90384 0.2618
-1.898 0.258428
-1.89216 0.249811
-1.88632 0.250677
-1.88048 0.246847
-1.87464 0.245327
-1.8688 0.239742
-1.86296 0.240064
-1.85712 0.232906
-1.85128 0.228395
-1.84544 0.225476
-1.8396 0.225071
-1.83376 0.219755
-1.82792 0.219323
-1.82208 0.214179
-1.81624 0.210645
-1.8104 0.209369
-1.80456 0.206122
-1.79872 0.200634
-1.79288 0.195235
-1.78704 0.190871
-1.7812 0.189386
-1.77536 0.186328
-1.76952 0.184531
-1.76368 0.177974
-1.75784 0.176332
-1.752 0.172047
-1.74616 0.167835
-1.74032 0.165428
-1.73448 0.161203
-1.72864 0.159313
-1.7228 0.154543
-1.71696 0.153817
-1.71112 0.150307
-1.70528 0.147067
-1.69944 0.140813
-1.6936 0.140787
-1.68776 0.137828
-1.68192 0.134063
-1.67608 0.131632
-1.67024 0.126328
-1.6644 0.128285
-1.65856 0.1262
-1.65272 0.126839
-1.64688 0.122807
-1.64104 0.121996
-1.6352 0.123607
-1.62936 0.121178
-1.62352 0.123985
-1.61768 0.124668
-1.61184 0.12197
-1.606 0.120159
-1.60016 0.121552
-1.59432 0.123323
-1.58848 0.122586
-1.58264 0.122347
-1.5768 0.118646
-1.57096 0.120236
-1.56512 0.119837
-1.55928 0.120894
-1.55344 0.12039
-1.5476 0.122331
-1.54176 0.12021
-1.53592 0.12171
-1.53008 0.122001
-1.52424 0.124284
-1.5184 0.12047
-1.51256 0.120314
-1.50672 0.124572
-1.50088 0.120866
-1.49504 0.120291
-1.4892 0.12472
-1.48336 0.12528
-1.47752 0.127068
-1.47168 0.126789
-1.46584 0.127976
-1.46 0.12853
-1.45416 0.131336
-1.44832 0.134241
-1.44248 0.132434
-1.43664 0.133386
-1.4308 0.13581
-1.42496 0.134354
-1.41912 0.137632
-1.41328 0.136528
-1.40744 0.137526
-1.4016 0.138725
-1.39576 0.140839
-1.38992 0.141356
-1.38408 0.142025
-1.37824 0.14496
-1.3724 0.146715
-1.36656 0.148316
-1.36072 0.151185
-1.35488 0.151097
-1.34904 0.152362
-1.3432 0.156013
-1.33736 0.157059
-1.33152 0.162864
-1.32568 0.163718
-1.31984 0.168887
-1.314 0.167967
-1.30816 0.173217
-1.30232 0.171765
-1.29648 0.175092
-1.29064 0.180098
-1.2848 0.180104
-1.27896 0.18346
-1.27312 0.187057
-1.26728 0.191536
-1.26144 0.193379
-1.2556 0.197116
-1.24976 0.200801
-1.24392 0.205954
-1.23808 0.207731
-1.23224 0.212271
-1.2264 0.213775
-1.22056 0.216556
-1.21472 0.2191
-1.20888 0.222811
-1.20304 0.224333
-1.1972 0.224929
-1.19136 0.229528
-1.18552 0.231754
-1.17968 0.236281
-1.17384 0.236417
-1.168 0.240884
-1.16216 0.242922
-1.15632 0.249505
-1.15048 0.249009
-1.14464 0.248294
-1.1388 0.248938
-1.13296 0.251827
-1.12712 0.254324
-1.12128 0.257289
-1.11544 0.261146
-1.1096 0.266274
-1.10376 0.264757
-1.09792 0.26716
-1.09208 0.273085
-1.08624 0.276997
-1.0804 0.274134
-1.07456 0.272355
-1.06872 0.279981
-1.06288 0.28008
-1.05704 0.279706
-1.0512 0.287221
-1.04536 0.290634
-1.03952 0.292708
-1.03368 0.296424
-1.02784 0.296557
-1.022 0.300383
-1.01616 0.304228
-1.01032 0.306462
-1.00448 0.306881
-0.99864 0.310272
-0.9928 0.311073
-0.98696 0.312631
-0.98112 0.316882
-0.97528 0.317681
-0.96944 0.318832
-0.9636 0.320379
-0.95776 0.322922
-0.95192 0.324857
-0.94608 0.325295
-0.94024 0.329546
-0.9344 0.329999
-0.92856 0.329571
-0.92272 0.333187
-0.91688 0.330651
-0.91104 0.332086
-0.9052 0.336132
-0.89936 0.336131
-0.89352 0.340099
-0.88768 0.341143
-0.88184 0.343799
-0.876 0.343281
-0.87016 0.347482
-0.86432 0.345151
-0.85848 0.347342
-0.85264 0.349178
-0.8468 0.350609
-0.84096 0.351944
-0.83512 0.353878
-0.82928 0.355156
-0.82344 0.359189
-0.8176 0.360199
-0.81176 0.362115
-0.80592 0.364394
-0.80008 0.366646
-0.79424 0.36833
-0.7884 0.369701
-0.78256 0.372171
-0.77672 0.3714
-0.77088 0.372528
-0.76504 0.373009
-0.7592 0.372582
-0.75336 0.373483
-0.74752 0.373848
-0.74168 0.374797
-0.73584 0.373976
-0.73 0.374547
-0.72416 0.374107
-0.71832 0.375468
-0.71248 0.375402
-0.70664 0.37571
-0.7008 0.373414
-0.69496 0.373591
-0.68912 0.374027
-0.68328 0.37408
-0.67744 0.375472
-0.6716 0.374722
-0.66576 0.375778
-0.65992 0.375728
-0.65408 0.377392
-0.64824 0.377049
-0.6424 0.376341
-0.63656 0.377548
-0.63072 0.378459
-0.62488 0.379497
-0.61904 0.380403
-0.6132 0.382101
-0.60736 0.382452
-0.60152 0.382216
-0.59568 0.382216
-0.58984 0.382216
-0.584 0.382216
-0.57816 0.382216
-0.57232 0.382216
-0.56648 0.382216
-0.56064 0.382216
-0.5548 0.382216
-0.54896 0.382216
-0.54312 0.382216
-0.53728 0.382216
-0.53144 0.382216
-0.5256 0.382216
-0.51976 0.382216
-0.51392 0.382216
-0.50808 0.382216
-0.50224 0.382216
-0.4964 0.382216
-0.49056 0.382216
-0.48472 0.382216
-0.47888 0.382216
-0.47304 0.382216
-0.4672 0.382216
-0.46136 0.382216
-0.45552 0.382216
-0.44968 0.382216
-0.44384 0.382216
-0.438 0.382216
-0.43216 0.382216
-0.42632 0.382216
-0.42048 0.382216
-0.41464 0.382216
-0.4088 0.382216
-0.40296 0.382216
-0.39712 0.382216
-0.39128 0.382216
-0.38544 0.382216
-0.3796 0.382216
-0.37376 0.382216
-0.36792 0.382216
-0.36208 0.382216
-0.35624 0.382216
-0.3504 0.382216
-0.34456 0.382216
-0.33872 0.382216
-0.33288 0.382216
-0.32704 0.382216
-0.3212 0.382216
-0.31536 0.382216
-0.30952 0.382216
-0.30368 0.382216
-0.29784 0.382216
-0.292 0.382216
-0.28616 0.382216
-0.28032 0.382216
-0.27448 0.382216
-0.26864 0.382216
-0.2628 0.382216
-0.25696 0.382216
-0.25112 0.382216
-0.24528 0.382216
-0.23944 0.382216
-0.2336 0.382216
-0.22776 0.382216
-0.22192 0.382216
-0.21608 0.382216
-0.21024 0.382216
-0.2044 0.382216
-0.19856 0.382216
-0.19272 0.382216
-0.18688 0.382216
-0.18104 0.382216
-0.1752 0.382216
-0.16936 0.382216
-0.16352 0.382216
-0.15768 0.382216
-0.15184 0.382216
-0.146 0.382216
-0.14016 0.382216
-0.13432 0.382216
-0.12848 0.382216
-0.12264 0.382216
-0.1168 0.382216
-0.11096 0.382216
-0.10512 0.382216
-0.09928 0.382216
-0.09344 0.382216
-0.0876 0.382216
-0.08176 0.382216
-0.07592 0.382216
-0.07008 0.382216
-0.06424 0.382216
-0.0584 0.382216
-0.05256 0.382216
-0.04672 0.382216
-0.04088 0.382216
-0.03504 0.382216
-0.0292 0.382216
-0.02336 0.382216
-0.01752 0.382216
-0.01168 0.382216
-0.00584 0.382216
