-2.92 0.524002
-2.91416 0.524002
-2.90832 0.524002
-2.90248 0.524002
-2.89664 0.524002
-2.8908 0.524002
-2.88496 0.524002
-2.87912 0.524002
-2.87328 0.524002
-2.86744 0.524002
-2.8616 0.524002
-2.85576 0.524002
-2.84992 0.524002
-2.84408 0.524002
-2.83824 0.524002
-2.8324 0.524002
-2.82656 0.524002
-2.82072 0.524002
-2.81488 0.524002
-2.80904 0.524002
-2.8032 0.524002
-2.79736 0.524002
-2.79152 0.524002
-2.78568 0.524002
-2.77984 0.524002
-2.774 0.524002
-2.76816 0.524002
-2.76232 0.524002
-2.75648 0.524002
-2.75064 0.524002
-2.7448 0.524002
-2.73896 0.524002
-2.73312 0.524002
-2.72728 0.524002
-2.72144 0.524002
-2.7156 0.524002
-2.70976 0.524002
-2.70392 0.524002
-2.69808 0.524002
-2.69224 0.524002
-2.6864 0.524002
-2.68056 0.524002
-2.67472 0.524002
-2.66888 0.524002
-2.66304 0.524002
-2.6572 0.524002
-2.65136 0.524002
-2.64552 0.524002
-2.63968 0.524002
-2.63384 0.524002
-2.628 0.524002
-2.62216 0.524002
-2.61632 0.524002
-2.61048 0.524002
-2.60464 0.524002
-2.5988 0.524002
-2.59296 0.52343
-2.58712 0.522547
-2.58128 0.521577
-2.57544 0.52043
-2.5696 0.519017
-2.56376 0.517517
-2.55792 0.515928
-2.55208 0.514293
-2.54624 0.512617
-2.5404 0.51076
-2.53456 0.50886
-2.52872 0.506871
-2.52288 0.504839
-2.51704 0.502762
-2.5112 0.500637
-2.50536 0.498515
-2.49952 0.496303
-2.49368 0.494138
-2.48784 0.491883
-2.482 0.489922
-2.47616 0.487571
-2.47032 0.485093
-2.46448 0.48248
-2.45864 0.480239
-2.4528 0.477339
-2.44696 0.474972
-2.44112 0.472357
-2.43528 0.4699
-2.42944 0.467163
-2.4236 0.464748
-2.41776 0.462258
-2.41192 0.460386
-2.40608 0.458879
-2.40024 0.4563
-2.3944 0.454458
-2.38856 0.452501
-2.38272 0.450991
-2.37688 0.448747
-2.37104 0.446402
-2.3652 0.445357
-2.35936 0.443757
-2.35352 0.442455
-2.34768 0.440032
-2.34184 0.439186
-2.336 0.437257
-2.33016 0.43553
-2.32432 0.432437
-2.31848 0.43221
-2.31264 0.428734
-2.3068 0.427768
-2.30096 0.425833
-2.29512 0.42428
-2.28928 0.421225
-2.28344 0.419112
-2.2776 0.416926
-2.27176 0.415538
-2.26592 0.413309
-2.26008 0.413085
-2.25424 0.408734
-2.2484 0.407126
-2.24256 0.406359
-2.23672 0.402947
-2.23088 0.401388
-2.22504 0.397265
-2.2192 0.395364
-2.21336 0.39423
-2.20752 0.392575
-2.20168 0.390596
-2.19584 0.388732
-2.19 0.386179
-2.18416 0.385371
-2.17832 0.38162
-2.17248 0.379131
-2.16664 0.37581
-2.1608 0.374995
-2.15496 0.37306
-2.14912 0.370239
-2.14328 0.367834
-2.13744 0.367985
-2.1316 0.367356
-2.12576 0.363283
-2.11992 0.359948
-2.11408 0.355285
-2.10824 0.35405
-2.1024 0.353986
-2.09656 0.351715
-2.09072 0.350486
-2.08488 0.347743
-2.07904 0.3443
-2.0732 0.341808
-2.06736 0.340987
-2.06152 0.337695
-2.05568 0.337401
-2.04984 0.335298
-2.044 0.334253
-2.03816 0.33235
-2.03232 0.328938
-2.02648 0.326576
-2.02064 0.327116
-2.0148 0.323443
-2.00896 0.321563
-2.00312 0.318519
-1.99728 0.31933
-1.99144 0.314957
-1.9856 0.313818
-1.97976 0.312107
-1.97392 0.308449
-1.96808 0.308776
-1.96224 0.304272
-1.9564 0.304907
-1.95056 0.298788
-1.94472 0.294675
-1.93888 0.294825
-1.93304 0.288902
-1.9272 0.29002
-1.92136 0.28407
-1.91552 0.279264
-1.90968 0.278133
-1.90384 0.275862
-1.898 0.268404
-1.89216 0.264937
-1.88632 0.26426
-1.88048 0.25568
-1.87464 0.253692
-1.8688 0.249672
-1.86296 0.247986
-1.85712 0.239453
-1.85128 0.239829
-1.84544 0.234212
-1.8396 0.229942
-1.83376 0.225621
-1.82792 0.221995
-1.82208 0.217898
-1.81624 0.216716
-1.8104 0.213071
-1.80456 0.207908
-1.79872 0.20254
-1.79288 0.197847
-1.78704 0.193523
-1.7812 0.190227
-1.77536 0.184789
-1.76952 0.180651
-1.76368 0.177898
-1.75784 0.171812
-1.752 0.169347
-1.74616 0.162252
-1.74032 0.162555
-1.73448 0.158016
-1.72864 0.1555
-1.7228 0.148161
-1.71696 0.146414
-1.71112 0.138578
-1.70528 0.139408
-1.69944 0.135141
-1.6936 0.129896
-1.68776 0.126325
-1.68192 0.12339
-1.67608 0.118949
-1.67024 0.116826
-1.6644 0.115256
-1.65856 0.111537
-1.65272 0.109587
-1.64688 0.109144
-1.64104 0.107944
-1.6352 0.108324
-1.62936 0.105455
-1.62352 0.103368
-1.61768 0.104573
-1.61184 0.102284
-1.606 0.103299
-1.60016 0.10201
-1.59432 0.104335
-1.58848 0.105306
-1.58264 0.101153
-1.5768 0.102038
-1.57096 0.102776
-1.56512 0.102729
-1.55928 0.100413
-1.55344 0.101519
-1.5476 0.102978
-1.54176 0.103417
-1.53592 0.102643
-1.53008 0.104834
-1.52424 0.10436
-1.5184 0.103295
-1.51256 0.100814
-1.50672 0.1028
-1.50088 0.101587
-1.49504 0.104639
-1.4892 0.108992
-1.48336 0.10534
-1.47752 0.10955
-1.47168 0.106441
-1.46584 0.111599
-1.46 0.113269
-1.45416 0.116821
-1.44832 0.115784
-1.44248 0.117194
-1.43664 0.116675
-1.4308 0.117215
-1.42496 0.118662
-1.41912 0.119156
-1.41328 0.120361
-1.40744 0.122274
-1.4016 0.123349
-1.39576 0.121778
-1.38992 0.124038
-1.38408 0.124495
-1.37824 0.126529
-1.3724 0.126216
-1.36656 0.129515
-1.36072 0.132028
-1.35488 0.133026
-1.34904 0.136529
-1.3432 0.13597
-1.33736 0.139101
-1.33152 0.141139
-1.32568 0.147608
-1.31984 0.147075
-1.314 0.148687
-1.30816 0.153641
-1.30232 0.153719
-1.29648 0.158283
-1.29064 0.159891
-1.2848 0.160787
-1.27896 0.163322
-1.27312 0.166607
-1.26728 0.173534
-1.26144 0.177564
-1.2556 0.177731
-1.24976 0.181469
-1.24392 0.186072
-1.23808 0.189768
-1.23224 0.191633
-1.2264 0.194015
-1.22056 0.198271
-1.21472 0.199365
-1.20888 0.203118
-1.20304 0.20592
-1.1972 0.20796
-1.19136 0.211809
-1.18552 0.213574
-1.17968 0.215784
-1.17384 0.218023
-1.168 0.220877
-1.16216 0.223438
-1.15632 0.228007
-1.15048 0.231056
-1.14464 0.232295
-1.1388 0.231371
-1.13296 0.233053
-1.12712 0.234953
-1.12128 0.238638
-1.11544 0.241292
-1.1096 0.24423
-1.10376 0.246184
-1.09792 0.248984
-1.09208 0.251717
-1.08624 0.254569
-1.0804 0.254997
-1.07456 0.254553
-1.06872 0.257929
-1.06288 0.259702
-1.05704 0.263722
-1.0512 0.268339
-1.04536 0.271265
-1.03952 0.277932
-1.03368 0.275474
-1.02784 0.28096
-1.022 0.286024
-1.01616 0.290118
-1.01032 0.292824
-1.00448 0.293797
-0.99864 0.294836
-0.9928 0.295857
-0.98696 0.300531
-0.98112 0.301901
-0.97528 0.30598
-0.96944 0.308618
-0.9636 0.309562
-0.95776 0.311415
-0.95192 0.314336
-0.94608 0.316883
-0.94024 0.320599
-0.9344 0.320662
-0.92856 0.323399
-0.92272 0.32426
-0.91688 0.324581
-0.91104 0.327702
-0.9052 0.327549
-0.89936 0.331592
-0.89352 0.331983
-0.88768 0.336335
-0.88184 0.336468
-0.876 0.336912
-0.87016 0.342554
-0.86432 0.34204
-0.85848 0.344814
-0.85264 0.346175
-0.8468 0.347603
-0.84096 0.349677
-0.83512 0.350683
-0.82928 0.356358
-0.82344 0.360058
-0.8176 0.360142
-0.81176 0.362874
-0.80592 0.366317
-0.80008 0.368688
-0.79424 0.370446
-0.7884 0.372633
-0.78256 0.373986
-0.77672 0.37502
-0.77088 0.376025
-0.76504 0.375977
-0.7592 0.375851
-0.75336 0.376848
-0.74752 0.377047
-0.74168 0.377083
-0.73584 0.377793
-0.73 0.377979
-0.72416 0.378813
-0.71832 0.378966
-0.71248 0.380206
-0.70664 0.379687
-0.7008 0.377612
-0.69496 0.378351
-0.68912 0.379082
-0.68328 0.378382
-0.67744 0.380031
-0.6716 0.380005
-0.66576 0.381236
-0.65992 0.380445
-0.65408 0.382483
-0.64824 0.382235
-0.6424 0.381831
-0.63656 0.38309
-0.63072 0.384259
-0.62488 0.385425
-0.61904 0.386463
-0.6132 0.388079
-0.60736 0.388559
-0.60152 0.388366
-0.59568 0.388366
-0.58984 0.388366
-0.584 0.388366
-0.57816 0.388366
-0.57232 0.388366
-0.56648 0.388366
-0.56064 0.388366
-0.5548 0.388366
-0.54896 0.388366
-0.54312 0.388366
-0.53728 0.388366
-0.53144 0.388366
-0.5256 0.388366
-0.51976 0.388366
-0.51392 0.388366
-0.50808 0.388366
-0.50224 0.388366
-0.4964 0.388366
-0.49056 0.388366
-0.48472 0.388366
-0.47888 0.388366
-0.47304 0.388366
-0.4672 0.388366
-0.46136 0.388366
-0.45552 0.388366
-0.44968 0.388366
-0.44384 0.388366
-0.438 0.388366
-0.43216 0.388366
-0.42632 0.388366
-0.42048 0.388366
-0.41464 0.388366
-0.4088 0.388366
-0.40296 0.388366
-0.39712 0.388366
-0.39128 0.388366
-0.38544 0.388366
-0.3796 0.388366
-0.37376 0.388366
-0.36792 0.388366
-0.36208 0.388366
-0.35624 0.388366
-0.3504 0.388366
-0.34456 0.388366
-0.33872 0.388366
-0.33288 0.388366
-0.32704 0.388366
-0.3212 0.388366
-0.31536 0.388366
-0.30952 0.388366
-0.30368 0.388366
-0.29784 0.388366
-0.292 0.388366
-0.28616 0.388366
-0.28032 0.388366
-0.27448 0.388366
-0.26864 0.388366
-0.2628 0.388366
-0.25696 0.388366
-0.25112 0.388366
-0.24528 0.388366
-0.23944 0.388366
-0.2336 0.388366
-0.22776 0.388366
-0.22192 0.388366
-0.21608 0.388366
-0.21024 0.388366
-0.2044 0.388366
-0.19856 0.388366
-0.19272 0.388366
-0.18688 0.388366
-0.18104 0.388366
-0.1752 0.388366
-0.16936 0.388366
-0.16352 0.388366
-0.15768 0.388366
-0.15184 0.388366
-0.146 0.388366
-0.14016 0.388366
-0.13432 0.388366
-0.12848 0.388366
-0.12264 0.388366
-0.1168 0.388366
-0.11096 0.388366
-0.10512 0.388366
-0.09928 0.388366
-0.09344 0.388366
-0.0876 0.388366
-0.08176 0.388366
-0.07592 0.388366
-0.07008 0.388366
-0.06424 0.388366
-0.0584 0.388366
-0.05256 0.388366
-0.04672 0.388366
-0.04088 0.388366
-0.03504 0.388366
-0.0292 0.388366
-0.02336 0.388366
-0.01752 0.388366
-0.01168 0.388366
-0.00584 0.388366
