-2.92 0.431914
-2.91416 0.431914
-2.90832 0.431914
-2.90248 0.431914
-2.89664 0.431914
-2.8908 0.431914
-2.88496 0.431914
-2.87912 0.431914
-2.87328 0.431914
-2.86744 0.431914
-2.8616 0.431914
-2.85576 0.431914
-2.84992 0.431914
-2.84408 0.431914
-2.83824 0.431914
-2.8324 0.431914
-2.82656 0.431914
-2.82072 0.431914
-2.81488 0.431914
-2.80904 0.431914
-2.8032 0.431914
-2.79736 0.431914
-2.79152 0.431914
-2.78568 0.431914
-2.77984 0.431914
-2.774 0.431914
-2.76816 0.431914
-2.76232 0.431914
-2.75648 0.431914
-2.75064 0.431914
-2.7448 0.431914
-2.73896 0.431914
-2.73312 0.431914
-2.72728 0.431914
-2.72144 0.431914
-2.7156 0.431914
-2.70976 0.431914
-2.70392 0.431914
-2.69808 0.431914
-2.69224 0.431914
-2.6864 0.431914
-2.68056 0.431914
-2.67472 0.431914
-2.66888 0.431914
-2.66304 0.431914
-2.6572 0.431914
-2.65136 0.431914
-2.64552 0.431914
-2.63968 0.431914
-2.63384 0.431914
-2.628 0.431914
-2.62216 0.431914
-2.61632 0.431914
-2.61048 0.431914
-2.60464 0.431914
-2.5988 0.431914
-2.59296 0.431255
-2.58712 0.430508
-2.58128 0.429716
-2.57544 0.428793
-2.5696 0.427867
-2.56376 0.426764
-2.55792 0.425529
-2.55208 0.424339
-2.54624 0.42306
-2.5404 0.421648
-2.53456 0.420104
-2.52872 0.418515
-2.52288 0.416926
-2.51704 0.415336
-2.5112 0.413702
-2.50536 0.412066
-2.49952 0.410256
-2.49368 0.408574
-2.48784 0.407014
-2.482 0.405337
-2.47616 0.403768
-2.47032 0.401613
-2.46448 0.399704
-2.45864 0.397913
-2.4528 0.395628
-2.44696 0.393423
-2.44112 0.391916
-2.43528 0.390079
-2.42944 0.388285
-2.4236 0.385826
-2.41776 0.383823
-2.41192 0.382028
-2.40608 0.379648
-2.40024 0.377643
-2.3944 0.376091
-2.38856 0.374293
-2.38272 0.372454
-2.37688 0.371813
-2.37104 0.370054
-2.3652 0.368205
-2.35936 0.366071
-2.35352 0.364968
-2.34768 0.36412
-2.34184 0.362313
-2.336 0.362506
-2.33016 0.360746
-2.32432 0.359268
-2.31848 0.358167
-2.31264 0.356612
-2.3068 0.356392
-2.30096 0.355332
-2.29512 0.354239
-2.28928 0.353601
-2.28344 0.353378
-2.2776 0.350772
-2.27176 0.350673
-2.26592 0.349447
-2.26008 0.347014
-2.25424 0.347959
-2.2484 0.34736
-2.24256 0.345794
-2.23672 0.345395
-2.23088 0.341689
-2.22504 0.341665
-2.2192 0.338707
-2.21336 0.338227
-2.20752 0.336236
-2.20168 0.334407
-2.19584 0.332797
-2.19 0.330595
-2.18416 0.330267
-2.17832 0.328961
-2.17248 0.329028
-2.16664 0.3277
-2.1608 0.325798
-2.15496 0.32418
-2.14912 0.323412
-2.14328 0.319151
-2.13744 0.317289
-2.1316 0.317223
-2.12576 0.316528
-2.11992 0.315383
-2.11408 0.31376
-2.10824 0.310973
-2.1024 0.308935
-2.09656 0.308196
-2.09072 0.30754
-2.08488 0.307533
-2.07904 0.304621
-2.0732 0.302336
-2.06736 0.301651
-2.06152 0.297692
-2.05568 0.297716
-2.04984 0.297719
-2.044 0.294914
-2.03816 0.295029
-2.03232 0.292659
-2.02648 0.292096
-2.02064 0.291299
-2.0148 0.288609
-2.00896 0.286786
-2.00312 0.286269
-1.99728 0.285199
-1.99144 0.284848
-1.9856 0.281307
-1.97976 0.278805
-1.97392 0.275864
-1.96808 0.280619
-1.96224 0.27364
-1.9564 0.275913
-1.95056 0.270791
-1.94472 0.272385
-1.93888 0.265137
-1.93304 0.262137
-1.9272 0.25816
-1.92136 0.259332
-1.91552 0.25527
-1.90968 0.249156
-1.90384 0.249156
-1.898 0.245618
-1.89216 0.243832
-1.88632 0.239251
-1.88048 0.23635
-1.87464 0.232656
-1.8688 0.230737
-1.86296 0.225948
-1.85712 0.224868
-1.85128 0.220699
-1.84544 0.218111
-1.8396 0.214949
-1.83376 0.210152
-1.82792 0.20693
-1.82208 0.203466
-1.81624 0.200344
-1.8104 0.197439
-1.80456 0.193888
-1.79872 0.192197
-1.79288 0.18956
-1.78704 0.183626
-1.7812 0.180619
-1.77536 0.177745
-1.76952 0.175119
-1.76368 0.171245
-1.75784 0.16737
-1.752 0.162869
-1.74616 0.157603
-1.74032 0.157646
-1.73448 0.152032
-1.72864 0.149805
-1.7228 0.147082
-1.71696 0.144315
-1.71112 0.141326
-1.70528 0.134684
-1.69944 0.135029
-1.6936 0.130374
-1.68776 0.126696
-1.68192 0.123444
-1.67608 0.119156
-1.67024 0.11914
-1.6644 0.116446
-1.65856 0.114645
-1.65272 0.114611
-1.64688 0.111512
-1.64104 0.109835
-1.6352 0.109757
-1.62936 0.108708
-1.62352 0.10907
-1.61768 0.108374
-1.61184 0.109307
-1.606 0.109189
-1.60016 0.107091
-1.59432 0.107677
-1.58848 0.109443
-1.58264 0.10983
-1.5768 0.107739
-1.57096 0.11042
-1.56512 0.108823
-1.55928 0.106898
-1.55344 0.108281
-1.5476 0.107001
-1.54176 0.105642
-1.53592 0.106288
-1.53008 0.108635
-1.52424 0.108752
-1.5184 0.103286
-1.51256 0.107643
-1.50672 0.104464
-1.50088 0.106695
-1.49504 0.106258
-1.4892 0.105883
-1.48336 0.109383
-1.47752 0.109026
-1.47168 0.108958
-1.46584 0.111365
-1.46 0.111903
-1.45416 0.114275
-1.44832 0.111894
-1.44248 0.113275
-1.43664 0.113166
-1.4308 0.114427
-1.42496 0.115037
-1.41912 0.114263
-1.41328 0.115223
-1.40744 0.115398
-1.4016 0.118486
-1.39576 0.118528
-1.38992 0.115982
-1.38408 0.118238
-1.37824 0.11822
-1.3724 0.117939
-1.36656 0.121812
-1.36072 0.123114
-1.35488 0.120756
-1.34904 0.121933
-1.3432 0.126445
-1.33736 0.128631
-1.33152 0.129869
-1.32568 0.131719
-1.31984 0.133509
-1.314 0.134087
-1.30816 0.138849
-1.30232 0.140148
-1.29648 0.142316
-1.29064 0.142159
-1.2848 0.144459
-1.27896 0.145165
-1.27312 0.151498
-1.26728 0.15553
-1.26144 0.157964
-1.2556 0.158478
-1.24976 0.16263
-1.24392 0.167869
-1.23808 0.171028
-1.23224 0.174146
-1.2264 0.175288
-1.22056 0.175028
-1.21472 0.180515
-1.20888 0.183693
-1.20304 0.184524
-1.1972 0.184995
-1.19136 0.188463
-1.18552 0.19005
-1.17968 0.192545
-1.17384 0.198542
-1.168 0.198138
-1.16216 0.199647
-1.15632 0.201779
-1.15048 0.204317
-1.14464 0.205884
-1.1388 0.205576
-1.13296 0.208658
-1.12712 0.208468
-1.12128 0.212776
-1.11544 0.214178
-1.1096 0.214988
-1.10376 0.218818
-1.09792 0.22014
-1.09208 0.224952
-1.08624 0.226518
-1.0804 0.224763
-1.07456 0.226207
-1.06872 0.228767
-1.06288 0.233293
-1.05704 0.233194
-1.0512 0.238388
-1.04536 0.241228
-1.03952 0.245789
-1.03368 0.246098
-1.02784 0.248832
-1.022 0.251955
-1.01616 0.255052
-1.01032 0.255403
-1.00448 0.260547
-0.99864 0.261216
-0.9928 0.263732
-0.98696 0.265538
-0.98112 0.268126
-0.97528 0.268762
-0.96944 0.270531
-0.9636 0.273622
-0.95776 0.276399
-0.95192 0.277082
-0.94608 0.278769
-0.94024 0.280822
-0.9344 0.281649
-0.92856 0.284904
-0.92272 0.284822
-0.91688 0.283907
-0.91104 0.285487
-0.9052 0.287664
-0.89936 0.289564
-0.89352 0.291083
-0.88768 0.29163
-0.88184 0.294243
-0.876 0.294018
-0.87016 0.297204
-0.86432 0.297436
-0.85848 0.29824
-0.85264 0.300221
-0.8468 0.301349
-0.84096 0.302867
-0.83512 0.30504
-0.82928 0.308964
-0.82344 0.309756
-0.8176 0.311236
-0.81176 0.312607
-0.80592 0.316263
-0.80008 0.317647
-0.79424 0.319607
-0.7884 0.321077
-0.78256 0.320767
-0.77672 0.32433
-0.77088 0.323051
-0.76504 0.323168
-0.7592 0.322011
-0.75336 0.322
-0.74752 0.322107
-0.74168 0.32305
-0.73584 0.322913
-0.73 0.322678
-0.72416 0.323203
-0.71832 0.321288
-0.71248 0.322528
-0.70664 0.322301
-0.7008 0.321398
-0.69496 0.320277
-0.68912 0.319909
-0.68328 0.320169
-0.67744 0.320816
-0.6716 0.320651
-0.66576 0.321121
-0.65992 0.321075
-0.65408 0.322786
-0.64824 0.32227
-0.6424 0.321479
-0.63656 0.322521
-0.63072 0.323433
-0.62488 0.324298
-0.61904 0.325123
-0.6132 0.326904
-0.60736 0.327259
-0.60152 0.326814
-0.59568 0.326814
-0.58984 0.326814
-0.584 0.326814
-0.57816 0.326814
-0.57232 0.326814
-0.56648 0.326814
-0.56064 0.326814
-0.5548 0.326814
-0.54896 0.326814
-0.54312 0.326814
-0.53728 0.326814
-0.53144 0.326814
-0.5256 0.326814
-0.51976 0.326814
-0.51392 0.326814
-0.50808 0.326814
-0.50224 0.326814
-0.4964 0.326814
-0.49056 0.326814
-0.48472 0.326814
-0.47888 0.326814
-0.47304 0.326814
-0.4672 0.326814
-0.46136 0.326814
-0.45552 0.326814
-0.44968 0.326814
-0.44384 0.326814
-0.438 0.326814
-0.43216 0.326814
-0.42632 0.326814
-0.42048 0.326814
-0.41464 0.326814
-0.4088 0.326814
-0.40296 0.326814
-0.39712 0.326814
-0.39128 0.326814
-0.38544 0.326814
-0.3796 0.326814
-0.37376 0.326814
-0.36792 0.326814
-0.36208 0.326814
-0.35624 0.326814
-0.3504 0.326814
-0.34456 0.326814
-0.33872 0.326814
-0.33288 0.326814
-0.32704 0.326814
-0.3212 0.326814
-0.31536 0.326814
-0.30952 0.326814
-0.30368 0.326814
-0.29784 0.326814
-0.292 0.326814
-0.28616 0.326814
-0.28032 0.326814
-0.27448 0.326814
-0.26864 0.326814
-0.2628 0.326814
-0.25696 0.326814
-0.25112 0.326814
-0.24528 0.326814
-0.23944 0.326814
-0.2336 0.326814
-0.22776 0.326814
-0.22192 0.326814
-0.21608 0.326814
-0.21024 0.326814
-0.2044 0.326814
-0.19856 0.326814
-0.19272 0.326814
-0.18688 0.326814
-0.18104 0.326814
-0.1752 0.326814
-0.16936 0.326814
-0.16352 0.326814
-0.15768 0.326814
-0.15184 0.326814
-0.146 0.326814
-0.14016 0.326814
-0.13432 0.326814
-0.12848 0.326814
-0.12264 0.326814
-0.1168 0.326814
-0.11096 0.326814
-0.10512 0.326814
-0.09928 0.326814
-0.09344 0.326814
-0.0876 0.326814
-0.08176 0.326814
-0.07592 0.326814
-0.07008 0.326814
-0.06424 0.326814
-0.0584 0.326814
-0.05256 0.326814
-0.04672 0.326814
-0.04088 0.326814
-0.03504 0.326814
-0.0292 0.326814
-0.02336 0.326814
-0.01752 0.326814
-0.01168 0.326814
-0.00584 0.326814
