-2.92 0.422324
-2.91416 0.422324
-2.90832 0.422324
-2.90248 0.422324
-2.89664 0.422324
-2.8908 0.422324
-2.88496 0.422324
-2.87912 0.422324
-2.87328 0.422324
-2.86744 0.422324
-2.8616 0.422324
-2.85576 0.422324
-2.84992 0.422324
-2.84408 0.422324
-2.83824 0.422324
-2.8324 0.422324
-2.82656 0.422324
-2.82072 0.422324
-2.81488 0.422324
-2.80904 0.422324
-2.8032 0.422324
-2.79736 0.422324
-2.79152 0.422324
-2.78568 0.422324
-2.77984 0.422324
-2.774 0.422324
-2.76816 0.422324
-2.76232 0.422324
-2.75648 0.422324
-2.75064 0.422324
-2.7448 0.422324
-2.73896 0.422324
-2.73312 0.422324
-2.72728 0.422324
-2.72144 0.422324
-2.7156 0.422324
-2.70976 0.422324
-2.70392 0.422324
-2.69808 0.422324
-2.69224 0.422324
-2.6864 0.422324
-2.68056 0.422324
-2.67472 0.422324
-2.66888 0.422324
-2.66304 0.422324
-2.6572 0.422324
-2.65136 0.422324
-2.64552 0.422324
-2.63968 0.422324
-2.63384 0.422324
-2.628 0.422324
-2.62216 0.422324
-2.61632 0.422324
-2.61048 0.422324
-2.60464 0.422324
-2.5988 0.422324
-2.59296 0.421749
-2.58712 0.421042
-2.58128 0.42029
-2.57544 0.419449
-2.5696 0.418607
-2.56376 0.417589
-2.55792 0.416483
-2.55208 0.415332
-2.54624 0.414137
-2.5404 0.412811
-2.53456 0.411441
-2.52872 0.410023
-2.52288 0.408563
-2.51704 0.407102
-2.5112 0.405596
-2.50536 0.404045
-2.49952 0.402366
-2.49368 0.400685
-2.48784 0.39896
-2.482 0.397576
-2.47616 0.395836
-2.47032 0.393848
-2.46448 0.392058
-2.45864 0.3899
-2.4528 0.388275
-2.44696 0.386277
-2.44112 0.384193
-2.43528 0.382609
-2.42944 0.38032
-2.4236 0.378484
-2.41776 0.376687
-2.41192 0.374565
-2.40608 0.372556
-2.40024 0.371039
-2.3944 0.368906
-2.38856 0.366437
-2.38272 0.364264
-2.37688 0.363033
-2.37104 0.359271
-2.3652 0.358004
-2.35936 0.35519
-2.35352 0.354503
-2.34768 0.351441
-2.34184 0.350541
-2.336 0.348226
-2.33016 0.347611
-2.32432 0.344831
-2.31848 0.343305
-2.31264 0.341351
-2.3068 0.340916
-2.30096 0.340018
-2.29512 0.33824
-2.28928 0.336418
-2.28344 0.336232
-2.2776 0.334197
-2.27176 0.33234
-2.26592 0.332702
-2.26008 0.33151
-2.25424 0.331319
-2.2484 0.329829
-2.24256 0.327876
-2.23672 0.327183
-2.23088 0.326656
-2.22504 0.325708
-2.2192 0.326049
-2.21336 0.323047
-2.20752 0.321563
-2.20168 0.319567
-2.19584 0.317527
-2.19 0.319875
-2.18416 0.31873
-2.17832 0.316604
-2.17248 0.31683
-2.16664 0.316471
-2.1608 0.313731
-2.15496 0.314033
-2.14912 0.3122
-2.14328 0.312476
-2.13744 0.309101
-2.1316 0.309702
-2.12576 0.308118
-2.11992 0.308014
-2.11408 0.306074
-2.10824 0.306625
-2.1024 0.300638
-2.09656 0.29865
-2.09072 0.298805
-2.08488 0.299234
-2.07904 0.298974
-2.0732 0.297147
-2.06736 0.295869
-2.06152 0.29459
-2.05568 0.291718
-2.04984 0.293799
-2.044 0.290278
-2.03816 0.288493
-2.03232 0.288933
-2.02648 0.286649
-2.02064 0.284921
-2.0148 0.286156
-2.00896 0.282453
-2.00312 0.283062
-1.99728 0.281571
-1.99144 0.282029
-1.9856 0.279362
-1.97976 0.276734
-1.97392 0.277181
-1.96808 0.27654
-1.96224 0.276095
-1.9564 0.271004
-1.95056 0.268912
-1.94472 0.267942
-1.93888 0.263619
-1.93304 0.259622
-1.9272 0.260459
-1.92136 0.258267
-1.91552 0.253237
-1.90968 0.252663
-1.90384 0.248486
-1.898 0.244364
-1.89216 0.245363
-1.88632 0.239598
-1.88048 0.238493
-1.87464 0.233538
-1.8688 0.232112
-1.86296 0.227163
-1.85712 0.222525
-1.85128 0.222063
-1.84544 0.215442
-1.8396 0.211249
-1.83376 0.211218
-1.82792 0.207419
-1.82208 0.203244
-1.81624 0.200513
-1.8104 0.196537
-1.80456 0.198978
-1.79872 0.19079
-1.79288 0.18794
-1.78704 0.183194
-1.7812 0.177253
-1.77536 0.175851
-1.76952 0.171734
-1.76368 0.166373
-1.75784 0.166671
-1.752 0.165031
-1.74616 0.15755
-1.74032 0.154734
-1.73448 0.154673
-1.72864 0.149486
-1.7228 0.14507
-1.71696 0.14392
-1.71112 0.137274
-1.70528 0.136044
-1.69944 0.133973
-1.6936 0.132711
-1.68776 0.127373
-1.68192 0.122299
-1.67608 0.11919
-1.67024 0.116659
-1.6644 0.119235
-1.65856 0.114678
-1.65272 0.112659
-1.64688 0.111533
-1.64104 0.111408
-1.6352 0.112259
-1.62936 0.111862
-1.62352 0.110122
-1.61768 0.109755
-1.61184 0.110307
-1.606 0.1088
-1.60016 0.105353
-1.59432 0.109816
-1.58848 0.108134
-1.58264 0.108105
-1.5768 0.107136
-1.57096 0.107971
-1.56512 0.110594
-1.55928 0.108787
-1.55344 0.107571
-1.5476 0.110435
-1.54176 0.108322
-1.53592 0.107571
-1.53008 0.108604
-1.52424 0.110192
-1.5184 0.104961
-1.51256 0.107532
-1.50672 0.107183
-1.50088 0.106871
-1.49504 0.103952
-1.4892 0.106553
-1.48336 0.108379
-1.47752 0.108509
-1.47168 0.107474
-1.46584 0.108235
-1.46 0.111224
-1.45416 0.112546
-1.44832 0.111293
-1.44248 0.11226
-1.43664 0.111678
-1.4308 0.113263
-1.42496 0.113908
-1.41912 0.112836
-1.41328 0.11346
-1.40744 0.114488
-1.4016 0.114846
-1.39576 0.115341
-1.38992 0.114556
-1.38408 0.116776
-1.37824 0.115103
-1.3724 0.11627
-1.36656 0.116844
-1.36072 0.120483
-1.35488 0.117491
-1.34904 0.117735
-1.3432 0.123149
-1.33736 0.126072
-1.33152 0.125336
-1.32568 0.129155
-1.31984 0.129657
-1.314 0.130465
-1.30816 0.137104
-1.30232 0.135459
-1.29648 0.136979
-1.29064 0.137095
-1.2848 0.143543
-1.27896 0.145259
-1.27312 0.1466
-1.26728 0.150314
-1.26144 0.156458
-1.2556 0.156187
-1.24976 0.159237
-1.24392 0.162335
-1.23808 0.167136
-1.23224 0.168214
-1.2264 0.170999
-1.22056 0.174697
-1.21472 0.17606
-1.20888 0.176063
-1.20304 0.182609
-1.1972 0.1842
-1.19136 0.184613
-1.18552 0.186636
-1.17968 0.190634
-1.17384 0.192044
-1.168 0.194448
-1.16216 0.194824
-1.15632 0.20035
-1.15048 0.200738
-1.14464 0.202271
-1.1388 0.2006
-1.13296 0.200863
-1.12712 0.20698
-1.12128 0.208232
-1.11544 0.210108
-1.1096 0.212516
-1.10376 0.215984
-1.09792 0.215502
-1.09208 0.221125
-1.08624 0.221983
-1.0804 0.221709
-1.07456 0.222949
-1.06872 0.227426
-1.06288 0.227642
-1.05704 0.227727
-1.0512 0.233481
-1.04536 0.237226
-1.03952 0.239793
-1.03368 0.240562
-1.02784 0.243823
-1.022 0.247685
-1.01616 0.251479
-1.01032 0.252004
-1.00448 0.25478
-0.99864 0.256723
-0.9928 0.257994
-0.98696 0.261146
-0.98112 0.261901
-0.97528 0.263938
-0.96944 0.266167
-0.9636 0.268279
-0.95776 0.270692
-0.95192 0.271996
-0.94608 0.275124
-0.94024 0.276047
-0.9344 0.278277
-0.92856 0.278577
-0.92272 0.281487
-0.91688 0.278178
-0.91104 0.279016
-0.9052 0.282542
-0.89936 0.284866
-0.89352 0.284863
-0.88768 0.286208
-0.88184 0.288524
-0.876 0.289098
-0.87016 0.29416
-0.86432 0.291949
-0.85848 0.294055
-0.85264 0.293961
-0.8468 0.297265
-0.84096 0.297237
-0.83512 0.299032
-0.82928 0.302542
-0.82344 0.305433
-0.8176 0.306386
-0.81176 0.30777
-0.80592 0.309268
-0.80008 0.312844
-0.79424 0.314032
-0.7884 0.315253
-0.78256 0.316286
-0.77672 0.317368
-0.77088 0.316178
-0.76504 0.317668
-0.7592 0.316811
-0.75336 0.31654
-0.74752 0.316813
-0.74168 0.317714
-0.73584 0.316604
-0.73 0.315431
-0.72416 0.31655
-0.71832 0.316903
-0.71248 0.316539
-0.70664 0.315913
-0.7008 0.313336
-0.69496 0.312051
-0.68912 0.314071
-0.68328 0.312818
-0.67744 0.314215
-0.6716 0.312994
-0.66576 0.314215
-0.65992 0.313362
-0.65408 0.314912
-0.64824 0.31465
-0.6424 0.313721
-0.63656 0.314589
-0.63072 0.315459
-0.62488 0.316323
-0.61904 0.317101
-0.6132 0.318638
-0.60736 0.319112
-0.60152 0.318835
-0.59568 0.318835
-0.58984 0.318835
-0.584 0.318835
-0.57816 0.318835
-0.57232 0.318835
-0.56648 0.318835
-0.56064 0.318835
-0.5548 0.318835
-0.54896 0.318835
-0.54312 0.318835
-0.53728 0.318835
-0.53144 0.318835
-0.5256 0.318835
-0.51976 0.318835
-0.51392 0.318835
-0.50808 0.318835
-0.50224 0.318835
-0.4964 0.318835
-0.49056 0.318835
-0.48472 0.318835
-0.47888 0.318835
-0.47304 0.318835
-0.4672 0.318835
-0.46136 0.318835
-0.45552 0.318835
-0.44968 0.318835
-0.44384 0.318835
-0.438 0.318835
-0.43216 0.318835
-0.42632 0.318835
-0.42048 0.318835
-0.41464 0.318835
-0.4088 0.318835
-0.40296 0.318835
-0.39712 0.318835
-0.39128 0.318835
-0.38544 0.318835
-0.3796 0.318835
-0.37376 0.318835
-0.36792 0.318835
-0.36208 0.318835
-0.35624 0.318835
-0.3504 0.318835
-0.34456 0.318835
-0.33872 0.318835
-0.33288 0.318835
-0.32704 0.318835
-0.3212 0.318835
-0.31536 0.318835
-0.30952 0.318835
-0.30368 0.318835
-0.29784 0.318835
-0.292 0.318835
-0.28616 0.318835
-0.28032 0.318835
-0.27448 0.318835
-0.26864 0.318835
-0.2628 0.318835
-0.25696 0.318835
-0.25112 0.318835
-0.24528 0.318835
-0.23944 0.318835
-0.2336 0.318835
-0.22776 0.318835
-0.22192 0.318835
-0.21608 0.318835
-0.21024 0.318835
-0.2044 0.318835
-0.19856 0.318835
-0.19272 0.318835
-0.18688 0.318835
-0.18104 0.318835
-0.1752 0.318835
-0.16936 0.318835
-0.16352 0.318835
-0.15768 0.318835
-0.15184 0.318835
-0.146 0.318835
-0.14016 0.318835
-0.13432 0.318835
-0.12848 0.318835
-0.12264 0.318835
-0.1168 0.318835
-0.11096 0.318835
-0.10512 0.318835
-0.09928 0.318835
-0.09344 0.318835
-0.0876 0.318835
-0.08176 0.318835
-0.07592 0.318835
-0.07008 0.318835
-0.06424 0.318835
-0.0584 0.318835
-0.05256 0.318835
-0.04672 0.318835
-0.04088 0.318835
-0.03504 0.318835
-0.0292 0.318835
-0.02336 0.318835
-0.01752 0.318835
-0.01168 0.318835
-0.00584 0.318835
