-2.92 0.524455
-2.91416 0.524455
-2.90832 0.524455
-2.90248 0.524455
-2.89664 0.524455
-2.8908 0.524455
-2.88496 0.524455
-2.87912 0.524455
-2.87328 0.524455
-2.86744 0.524455
-2.8616 0.524455
-2.85576 0.524455
-2.84992 0.524455
-2.84408 0.524455
-2.83824 0.524455
-2.8324 0.524455
-2.82656 0.524455
-2.82072 0.524455
-2.81488 0.524455
-2.80904 0.524455
-2.8032 0.524455
-2.79736 0.524455
-2.79152 0.524455
-2.78568 0.524455
-2.77984 0.524455
-2.774 0.524455
-2.76816 0.524455
-2.76232 0.524455
-2.75648 0.524455
-2.75064 0.524455
-2.7448 0.524455
-2.73896 0.524455
-2.73312 0.524455
-2.72728 0.524455
-2.72144 0.524455
-2.7156 0.524455
-2.70976 0.524455
-2.70392 0.524455
-2.69808 0.524455
-2.69224 0.524455
-2.6864 0.524455
-2.68056 0.524455
-2.67472 0.524455
-2.66888 0.524455
-2.66304 0.524455
-2.6572 0.524455
-2.65136 0.524455
-2.64552 0.524455
-2.63968 0.524455
-2.63384 0.524455
-2.628 0.524455
-2.62216 0.524455
-2.61632 0.524455
-2.61048 0.524455
-2.60464 0.524455
-2.5988 0.524455
-2.59296 0.523838
-2.58712 0.523002
-2.58128 0.522079
-2.57544 0.521068
-2.5696 0.519836
-2.56376 0.518426
-2.55792 0.51684
-2.55208 0.515211
-2.54624 0.513452
-2.5404 0.51169
-2.53456 0.509797
-2.52872 0.507859
-2.52288 0.505877
-2.51704 0.503809
-2.5112 0.501607
-2.50536 0.499491
-2.49952 0.497243
-2.49368 0.495127
-2.48784 0.493011
-2.482 0.491026
-2.47616 0.488777
-2.47032 0.486484
-2.46448 0.484146
-2.45864 0.481764
-2.4528 0.47925
-2.44696 0.476818
-2.44112 0.474177
-2.43528 0.471654
-2.42944 0.469052
-2.4236 0.466447
-2.41776 0.464009
-2.41192 0.461152
-2.40608 0.458584
-2.40024 0.456059
-2.3944 0.453187
-2.38856 0.451024
-2.38272 0.448446
-2.37688 0.445237
-2.37104 0.442779
-2.3652 0.440151
-2.35936 0.437055
-2.35352 0.434881
-2.34768 0.431999
-2.34184 0.429408
-2.336 0.426102
-2.33016 0.423593
-2.32432 0.420832
-2.31848 0.417567
-2.31264 0.41517
-2.3068 0.412408
-2.30096 0.409599
-2.29512 0.405987
-2.28928 0.403847
-2.28344 0.400606
-2.2776 0.397825
-2.27176 0.393624
-2.26592 0.390686
-2.26008 0.388588
-2.25424 0.385004
-2.2484 0.3816
-2.24256 0.377691
-2.23672 0.374865
-2.23088 0.372247
-2.22504 0.367988
-2.2192 0.363781
-2.21336 0.360667
-2.20752 0.358463
-2.20168 0.355766
-2.19584 0.351348
-2.19 0.350532
-2.18416 0.346581
-2.17832 0.343766
-2.17248 0.341265
-2.16664 0.338902
-2.1608 0.335446
-2.15496 0.333926
-2.14912 0.331992
-2.14328 0.328827
-2.13744 0.325932
-2.1316 0.324229
-2.12576 0.323382
-2.11992 0.320815
-2.11408 0.31946
-2.10824 0.315495
-2.1024 0.314694
-2.09656 0.311485
-2.09072 0.310081
-2.08488 0.306674
-2.07904 0.3058
-2.0732 0.303549
-2.06736 0.30107
-2.06152 0.301856
-2.05568 0.300134
-2.04984 0.297953
-2.044 0.298439
-2.03816 0.294637
-2.03232 0.294412
-2.02648 0.292639
-2.02064 0.292373
-2.0148 0.289717
-2.00896 0.287604
-2.00312 0.287295
-1.99728 0.287354
-1.99144 0.283143
-1.9856 0.284562
-1.97976 0.283181
-1.97392 0.280215
-1.96808 0.280659
-1.96224 0.278744
-1.9564 0.27468
-1.95056 0.27593
-1.94472 0.272824
-1.93888 0.26869
-1.93304 0.267725
-1.9272 0.262124
-1.92136 0.263521
-1.91552 0.261292
-1.90968 0.257604
-1.90384 0.255176
-1.898 0.250081
-1.89216 0.250759
-1.88632 0.247765
-1.88048 0.24609
-1.87464 0.242533
-1.8688 0.240528
-1.86296 0.235388
-1.85712 0.230281
-1.85128 0.231741
-1.84544 0.229635
-1.8396 0.22102
-1.83376 0.221613
-1.82792 0.217757
-1.82208 0.217005
-1.81624 0.211782
-1.8104 0.208432
-1.80456 0.206457
-1.79872 0.200838
-1.79288 0.197225
-1.78704 0.194339
-1.7812 0.190061
-1.77536 0.189251
-1.76952 0.182828
-1.76368 0.178624
-1.75784 0.17709
-1.752 0.174433
-1.74616 0.166379
-1.74032 0.164084
-1.73448 0.162554
-1.72864 0.158797
-1.7228 0.153851
-1.71696 0.152182
-1.71112 0.148061
-1.70528 0.144341
-1.69944 0.13909
-1.6936 0.137105
-1.68776 0.135682
-1.68192 0.129756
-1.67608 0.129745
-1.67024 0.128413
-1.6644 0.126663
-1.65856 0.12181
-1.65272 0.121508
-1.64688 0.12271
-1.64104 0.11933
-1.6352 0.118668
-1.62936 0.117744
-1.62352 0.116685
-1.61768 0.11792
-1.61184 0.116733
-1.606 0.12019
-1.60016 0.118107
-1.59432 0.119402
-1.58848 0.11606
-1.58264 0.120721
-1.5768 0.117483
-1.57096 0.119561
-1.56512 0.119109
-1.55928 0.120913
-1.55344 0.120357
-1.5476 0.121303
-1.54176 0.119883
-1.53592 0.122577
-1.53008 0.12279
-1.52424 0.122771
-1.5184 0.120502
-1.51256 0.122701
-1.50672 0.125936
-1.50088 0.122381
-1.49504 0.123353
-1.4892 0.12707
-1.48336 0.127987
-1.47752 0.128312
-1.47168 0.13098
-1.46584 0.129845
-1.46 0.1332
-1.45416 0.13691
-1.44832 0.134897
-1.44248 0.13765
-1.43664 0.136835
-1.4308 0.138935
-1.42496 0.136982
-1.41912 0.139614
-1.41328 0.140967
-1.40744 0.143881
-1.4016 0.141616
-1.39576 0.145446
-1.38992 0.144631
-1.38408 0.146813
-1.37824 0.145781
-1.3724 0.147067
-1.36656 0.148909
-1.36072 0.148081
-1.35488 0.150623
-1.34904 0.15016
-1.3432 0.15404
-1.33736 0.155617
-1.33152 0.158472
-1.32568 0.161683
-1.31984 0.162865
-1.314 0.166173
-1.30816 0.169326
-1.30232 0.165417
-1.29648 0.171613
-1.29064 0.175008
-1.2848 0.174925
-1.27896 0.177026
-1.27312 0.179245
-1.26728 0.186394
-1.26144 0.187922
-1.2556 0.191182
-1.24976 0.193796
-1.24392 0.195477
-1.23808 0.201261
-1.23224 0.201388
-1.2264 0.206255
-1.22056 0.205479
-1.21472 0.209204
-1.20888 0.212087
-1.20304 0.212514
-1.1972 0.217754
-1.19136 0.219508
-1.18552 0.220819
-1.17968 0.224613
-1.17384 0.225044
-1.168 0.228645
-1.16216 0.232312
-1.15632 0.235522
-1.15048 0.234232
-1.14464 0.239084
-1.1388 0.237368
-1.13296 0.237821
-1.12712 0.241205
-1.12128 0.245612
-1.11544 0.244405
-1.1096 0.247341
-1.10376 0.247875
-1.09792 0.252043
-1.09208 0.254332
-1.08624 0.256322
-1.0804 0.255448
-1.07456 0.256768
-1.06872 0.259749
-1.06288 0.263583
-1.05704 0.265128
-1.0512 0.270169
-1.04536 0.2709
-1.03952 0.273727
-1.03368 0.275664
-1.02784 0.277952
-1.022 0.281811
-1.01616 0.284185
-1.01032 0.285919
-1.00448 0.289296
-0.99864 0.289996
-0.9928 0.293339
-0.98696 0.291661
-0.98112 0.295923
-0.97528 0.298081
-0.96944 0.299495
-0.9636 0.300822
-0.95776 0.30555
-0.95192 0.306074
-0.94608 0.309193
-0.94024 0.309637
-0.9344 0.312303
-0.92856 0.313699
-0.92272 0.314362
-0.91688 0.314634
-0.91104 0.314932
-0.9052 0.318306
-0.89936 0.319122
-0.89352 0.320472
-0.88768 0.322477
-0.88184 0.32597
-0.876 0.326254
-0.87016 0.330333
-0.86432 0.327936
-0.85848 0.331092
-0.85264 0.332801
-0.8468 0.333809
-0.84096 0.335535
-0.83512 0.336478
-0.82928 0.341474
-0.82344 0.344136
-0.8176 0.345272
-0.81176 0.346327
-0.80592 0.348852
-0.80008 0.352661
-0.79424 0.353583
-0.7884 0.356155
-0.78256 0.35646
-0.77672 0.358008
-0.77088 0.360536
-0.76504 0.358352
-0.7592 0.361863
-0.75336 0.36186
-0.74752 0.362255
-0.74168 0.361593
-0.73584 0.362917
-0.73 0.362331
-0.72416 0.365021
-0.71832 0.36328
-0.71248 0.364575
-0.70664 0.364636
-0.7008 0.363594
-0.69496 0.36294
-0.68912 0.364359
-0.68328 0.363832
-0.67744 0.364693
-0.6716 0.36487
-0.66576 0.365311
-0.65992 0.365355
-0.65408 0.367275
-0.64824 0.367196
-0.6424 0.366581
-0.63656 0.367963
-0.63072 0.368929
-0.62488 0.369928
-0.61904 0.370926
-0.6132 0.372801
-0.60736 0.373373
-0.60152 0.373182
-0.59568 0.373182
-0.58984 0.373182
-0.584 0.373182
-0.57816 0.373182
-0.57232 0.373182
-0.56648 0.373182
-0.56064 0.373182
-0.5548 0.373182
-0.54896 0.373182
-0.54312 0.373182
-0.53728 0.373182
-0.53144 0.373182
-0.5256 0.373182
-0.51976 0.373182
-0.51392 0.373182
-0.50808 0.373182
-0.50224 0.373182
-0.4964 0.373182
-0.49056 0.373182
-0.48472 0.373182
-0.47888 0.373182
-0.47304 0.373182
-0.4672 0.373182
-0.46136 0.373182
-0.45552 0.373182
-0.44968 0.373182
-0.44384 0.373182
-0.438 0.373182
-0.43216 0.373182
-0.42632 0.373182
-0.42048 0.373182
-0.41464 0.373182
-0.4088 0.373182
-0.40296 0.373182
-0.39712 0.373182
-0.39128 0.373182
-0.38544 0.373182
-0.3796 0.373182
-0.37376 0.373182
-0.36792 0.373182
-0.36208 0.373182
-0.35624 0.373182
-0.3504 0.373182
-0.34456 0.373182
-0.33872 0.373182
-0.33288 0.373182
-0.32704 0.373182
-0.3212 0.373182
-0.31536 0.373182
-0.30952 0.373182
-0.30368 0.373182
-0.29784 0.373182
-0.292 0.373182
-0.28616 0.373182
-0.28032 0.373182
-0.27448 0.373182
-0.26864 0.373182
-0.2628 0.373182
-0.25696 0.373182
-0.25112 0.373182
-0.24528 0.373182
-0.23944 0.373182
-0.2336 0.373182
-0.22776 0.373182
-0.22192 0.373182
-0.21608 0.373182
-0.21024 0.373182
-0.2044 0.373182
-0.19856 0.373182
-0.19272 0.373182
-0.18688 0.373182
-0.18104 0.373182
-0.1752 0.373182
-0.16936 0.373182
-0.16352 0.373182
-0.15768 0.373182
-0.15184 0.373182
-0.146 0.373182
-0.14016 0.373182
-0.13432 0.373182
-0.12848 0.373182
-0.12264 0.373182
-0.1168 0.373182
-0.11096 0.373182
-0.10512 0.373182
-0.09928 0.373182
-0.09344 0.373182
-0.0876 0.373182
-0.08176 0.373182
-0.07592 0.373182
-0.07008 0.373182
-0.06424 0.373182
-0.0584 0.373182
-0.05256 0.373182
-0.04672 0.373182
-0.04088 0.373182
-0.03504 0.373182
-0.0292 0.373182
-0.02336 0.373182
-0.01752 0.373182
-0.01168 0.373182
-0.00584 0.373182
