-2.92 0.366078
-2.91416 0.366078
-2.90832 0.366078
-2.90248 0.366078
-2.89664 0.366078
-2.8908 0.366078
-2.88496 0.366078
-2.87912 0.366078
-2.87328 0.366078
-2.86744 0.366078
-2.8616 0.366078
-2.85576 0.366078
-2.84992 0.366078
-2.84408 0.366078
-2.83824 0.366078
-2.8324 0.366078
-2.82656 0.366078
-2.82072 0.366078
-2.81488 0.366078
-2.80904 0.366078
-2.8032 0.366078
-2.79736 0.366078
-2.79152 0.366078
-2.78568 0.366078
-2.77984 0.366078
-2.774 0.366078
-2.76816 0.366078
-2.76232 0.366078
-2.75648 0.366078
-2.75064 0.366078
-2.7448 0.366078
-2.73896 0.366078
-2.73312 0.366078
-2.72728 0.366078
-2.72144 0.366078
-2.7156 0.366078
-2.70976 0.366078
-2.70392 0.366078
-2.69808 0.366078
-2.69224 0.366078
-2.6864 0.366078
-2.68056 0.366078
-2.67472 0.366078
-2.66888 0.366078
-2.66304 0.366078
-2.6572 0.366078
-2.65136 0.366078
-2.64552 0.366078
-2.63968 0.366078
-2.63384 0.366078
-2.628 0.366078
-2.62216 0.366078
-2.61632 0.366078
-2.61048 0.366078
-2.60464 0.366078
-2.5988 0.366078
-2.59296 0.365724
-2.58712 0.365194
-2.58128 0.36453
-2.57544 0.363909
-2.5696 0.363114
-2.56376 0.362187
-2.55792 0.361128
-2.55208 0.360022
-2.54624 0.358785
-2.5404 0.357592
-2.53456 0.356355
-2.52872 0.355073
-2.52288 0.353704
-2.51704 0.352249
-2.5112 0.350749
-2.50536 0.349205
-2.49952 0.347704
-2.49368 0.346113
-2.48784 0.344567
-2.482 0.343021
-2.47616 0.341297
-2.47032 0.339529
-2.46448 0.337716
-2.45864 0.335947
-2.4528 0.334178
-2.44696 0.33241
-2.44112 0.330465
-2.43528 0.328476
-2.42944 0.326576
-2.4236 0.325087
-2.41776 0.323264
-2.41192 0.322068
-2.40608 0.320281
-2.40024 0.318912
-2.3944 0.317332
-2.38856 0.31596
-2.38272 0.314375
-2.37688 0.312791
-2.37104 0.31116
-2.3652 0.309496
-2.35936 0.308583
-2.35352 0.305865
-2.34768 0.305036
-2.34184 0.303871
-2.336 0.30182
-2.33016 0.301286
-2.32432 0.299155
-2.31848 0.297315
-2.31264 0.296486
-2.3068 0.294772
-2.30096 0.294112
-2.29512 0.291937
-2.28928 0.29026
-2.28344 0.290819
-2.2776 0.287843
-2.27176 0.286299
-2.26592 0.286612
-2.26008 0.28587
-2.25424 0.284111
-2.2484 0.282438
-2.24256 0.282322
-2.23672 0.280267
-2.23088 0.279359
-2.22504 0.278868
-2.2192 0.276433
-2.21336 0.274587
-2.20752 0.274432
-2.20168 0.272674
-2.19584 0.271928
-2.19 0.271603
-2.18416 0.270093
-2.17832 0.270827
-2.17248 0.269237
-2.16664 0.267222
-2.1608 0.265464
-2.15496 0.264334
-2.14912 0.264013
-2.14328 0.262464
-2.13744 0.262777
-2.1316 0.260426
-2.12576 0.259047
-2.11992 0.257756
-2.11408 0.256468
-2.10824 0.256565
-2.1024 0.254688
-2.09656 0.254191
-2.09072 0.25281
-2.08488 0.250675
-2.07904 0.25167
-2.0732 0.24995
-2.06736 0.243409
-2.06152 0.248505
-2.05568 0.247676
-2.04984 0.245622
-2.044 0.244037
-2.03816 0.243335
-2.03232 0.241912
-2.02648 0.242949
-2.02064 0.24102
-2.0148 0.239645
-2.00896 0.236578
-2.00312 0.236077
-1.99728 0.235891
-1.99144 0.236253
-1.9856 0.23233
-1.97976 0.232051
-1.97392 0.229969
-1.96808 0.231134
-1.96224 0.229211
-1.9564 0.229489
-1.95056 0.227652
-1.94472 0.226352
-1.93888 0.226037
-1.93304 0.225296
-1.9272 0.221504
-1.92136 0.219793
-1.91552 0.21706
-1.90968 0.217724
-1.90384 0.212268
-1.898 0.210814
-1.89216 0.209447
-1.88632 0.204178
-1.88048 0.203356
-1.87464 0.201738
-1.8688 0.197735
-1.86296 0.195262
-1.85712 0.192405
-1.85128 0.190447
-1.84544 0.187764
-1.8396 0.18707
-1.83376 0.183211
-1.82792 0.178604
-1.82208 0.177713
-1.81624 0.175579
-1.8104 0.173948
-1.80456 0.169319
-1.79872 0.167164
-1.79288 0.163969
-1.78704 0.161882
-1.7812 0.160131
-1.77536 0.156856
-1.76952 0.156114
-1.76368 0.153008
-1.75784 0.150205
-1.752 0.144767
-1.74616 0.144182
-1.74032 0.140331
-1.73448 0.139646
-1.72864 0.136385
-1.7228 0.133139
-1.71696 0.129295
-1.71112 0.124967
-1.70528 0.123709
-1.69944 0.120819
-1.6936 0.118788
-1.68776 0.117056
-1.68192 0.117286
-1.67608 0.112094
-1.67024 0.110008
-1.6644 0.106882
-1.65856 0.105774
-1.65272 0.10819
-1.64688 0.103267
-1.64104 0.103611
-1.6352 0.105508
-1.62936 0.103559
-1.62352 0.107322
-1.61768 0.104252
-1.61184 0.105836
-1.606 0.104102
-1.60016 0.106316
-1.59432 0.104682
-1.58848 0.102721
-1.58264 0.105572
-1.5768 0.105754
-1.57096 0.102994
-1.56512 0.106378
-1.55928 0.106601
-1.55344 0.107866
-1.5476 0.106888
-1.54176 0.10887
-1.53592 0.1093
-1.53008 0.111484
-1.52424 0.108562
-1.5184 0.111452
-1.51256 0.110012
-1.50672 0.111185
-1.50088 0.112314
-1.49504 0.116347
-1.4892 0.116464
-1.48336 0.117596
-1.47752 0.119501
-1.47168 0.121261
-1.46584 0.121399
-1.46 0.12245
-1.45416 0.124922
-1.44832 0.123012
-1.44248 0.126175
-1.43664 0.128005
-1.4308 0.125328
-1.42496 0.128801
-1.41912 0.130977
-1.41328 0.133682
-1.40744 0.133568
-1.4016 0.134132
-1.39576 0.139151
-1.38992 0.139041
-1.38408 0.13757
-1.37824 0.14044
-1.3724 0.143726
-1.36656 0.144537
-1.36072 0.149294
-1.35488 0.152685
-1.34904 0.156122
-1.3432 0.15915
-1.33736 0.162698
-1.33152 0.165937
-1.32568 0.171684
-1.31984 0.172283
-1.314 0.172075
-1.30816 0.182416
-1.30232 0.184304
-1.29648 0.183152
-1.29064 0.185219
-1.2848 0.190374
-1.27896 0.19677
-1.27312 0.198124
-1.26728 0.205206
-1.26144 0.202909
-1.2556 0.207402
-1.24976 0.212716
-1.24392 0.215485
-1.23808 0.218663
-1.23224 0.22037
-1.2264 0.224985
-1.22056 0.227641
-1.21472 0.231934
-1.20888 0.234804
-1.20304 0.237189
-1.1972 0.240505
-1.19136 0.240329
-1.18552 0.248098
-1.17968 0.248504
-1.17384 0.255133
-1.168 0.253366
-1.16216 0.254692
-1.15632 0.258697
-1.15048 0.258807
-1.14464 0.265604
-1.1388 0.266591
-1.13296 0.271287
-1.12712 0.277424
-1.12128 0.279298
-1.11544 0.282312
-1.1096 0.286803
-1.10376 0.290495
-1.09792 0.293381
-1.09208 0.295427
-1.08624 0.294015
-1.0804 0.299362
-1.07456 0.298943
-1.06872 0.303534
-1.06288 0.307178
-1.05704 0.312336
-1.0512 0.316257
-1.04536 0.318824
-1.03952 0.321232
-1.03368 0.325229
-1.02784 0.3265
-1.022 0.329385
-1.01616 0.330949
-1.01032 0.332659
-1.00448 0.337274
-0.99864 0.339481
-0.9928 0.339317
-0.98696 0.342193
-0.98112 0.346805
-0.97528 0.349786
-0.96944 0.350254
-0.9636 0.351688
-0.95776 0.356905
-0.95192 0.356694
-0.94608 0.355272
-0.94024 0.359262
-0.9344 0.361426
-0.92856 0.361304
-0.92272 0.36422
-0.91688 0.367142
-0.91104 0.370272
-0.9052 0.372427
-0.89936 0.373955
-0.89352 0.378058
-0.88768 0.381347
-0.88184 0.381813
-0.876 0.382696
-0.87016 0.387506
-0.86432 0.388423
-0.85848 0.389727
-0.85264 0.390575
-0.8468 0.393993
-0.84096 0.399346
-0.83512 0.40095
-0.82928 0.402811
-0.82344 0.403992
-0.8176 0.404618
-0.81176 0.408717
-0.80592 0.409848
-0.80008 0.412835
-0.79424 0.411938
-0.7884 0.415228
-0.78256 0.417837
-0.77672 0.417825
-0.77088 0.419288
-0.76504 0.420592
-0.7592 0.420578
-0.75336 0.4206
-0.74752 0.421976
-0.74168 0.424113
-0.73584 0.424014
-0.73 0.424375
-0.72416 0.422412
-0.71832 0.423407
-0.71248 0.424057
-0.70664 0.42505
-0.7008 0.424983
-0.69496 0.426218
-0.68912 0.426529
-0.68328 0.427895
-0.67744 0.428369
-0.6716 0.430956
-0.66576 0.431427
-0.65992 0.431978
-0.65408 0.433401
-0.64824 0.431972
-0.6424 0.432427
-0.63656 0.432971
-0.63072 0.434092
-0.62488 0.434877
-0.61904 0.437044
-0.6132 0.43727
-0.60736 0.437453
-0.60152 0.436999
-0.59568 0.436999
-0.58984 0.436999
-0.584 0.436999
-0.57816 0.436999
-0.57232 0.436999
-0.56648 0.436999
-0.56064 0.436999
-0.5548 0.436999
-0.54896 0.436999
-0.54312 0.436999
-0.53728 0.436999
-0.53144 0.436999
-0.5256 0.436999
-0.51976 0.436999
-0.51392 0.436999
-0.50808 0.436999
-0.50224 0.436999
-0.4964 0.436999
-0.49056 0.436999
-0.48472 0.436999
-0.47888 0.436999
-0.47304 0.436999
-0.4672 0.436999
-0.46136 0.436999
-0.45552 0.436999
-0.44968 0.436999
-0.44384 0.436999
-0.438 0.436999
-0.43216 0.436999
-0.42632 0.436999
-0.42048 0.436999
-0.41464 0.436999
-0.4088 0.436999
-0.40296 0.436999
-0.39712 0.436999
-0.39128 0.436999
-0.38544 0.436999
-0.3796 0.436999
-0.37376 0.436999
-0.36792 0.436999
-0.36208 0.436999
-0.35624 0.436999
-0.3504 0.436999
-0.34456 0.436999
-0.33872 0.436999
-0.33288 0.436999
-0.32704 0.436999
-0.3212 0.436999
-0.31536 0.436999
-0.30952 0.436999
-0.30368 0.436999
-0.29784 0.436999
-0.292 0.436999
-0.28616 0.436999
-0.28032 0.436999
-0.27448 0.436999
-0.26864 0.436999
-0.2628 0.436999
-0.25696 0.436999
-0.25112 0.436999
-0.24528 0.436999
-0.23944 0.436999
-0.2336 0.436999
-0.22776 0.436999
-0.22192 0.436999
-0.21608 0.436999
-0.21024 0.436999
-0.2044 0.436999
-0.19856 0.436999
-0.19272 0.436999
-0.18688 0.436999
-0.18104 0.436999
-0.1752 0.436999
-0.16936 0.436999
-0.16352 0.436999
-0.15768 0.436999
-0.15184 0.436999
-0.146 0.436999
-0.14016 0.436999
-0.13432 0.436999
-0.12848 0.436999
-0.12264 0.436999
-0.1168 0.436999
-0.11096 0.436999
-0.10512 0.436999
-0.09928 0.436999
-0.09344 0.436999
-0.0876 0.436999
-0.08176 0.436999
-0.07592 0.436999
-0.07008 0.436999
-0.06424 0.436999
-0.0584 0.436999
-0.05256 0.436999
-0.04672 0.436999
-0.04088 0.436999
-0.03504 0.436999
-0.0292 0.436999
-0.02336 0.436999
-0.01752 0.436999
-0.01168 0.436999
-0.00584 0.436999
