-2.92 0.395172
-2.91416 0.395172
-2.90832 0.395172
-2.90248 0.395172
-2.89664 0.395172
-2.8908 0.395172
-2.88496 0.395172
-2.87912 0.395172
-2.87328 0.395172
-2.86744 0.395172
-2.8616 0.395172
-2.85576 0.395172
-2.84992 0.395172
-2.84408 0.395172
-2.83824 0.395172
-2.8324 0.395172
-2.82656 0.395172
-2.82072 0.395172
-2.81488 0.395172
-2.80904 0.395172
-2.8032 0.395172
-2.79736 0.395172
-2.79152 0.395172
-2.78568 0.395172
-2.77984 0.395172
-2.774 0.395172
-2.76816 0.395172
-2.76232 0.395172
-2.75648 0.395172
-2.75064 0.395172
-2.7448 0.395172
-2.73896 0.395172
-2.73312 0.395172
-2.72728 0.395172
-2.72144 0.395172
-2.7156 0.395172
-2.70976 0.395172
-2.70392 0.395172
-2.69808 0.395172
-2.69224 0.395172
-2.6864 0.395172
-2.68056 0.395172
-2.67472 0.395172
-2.66888 0.395172
-2.66304 0.395172
-2.6572 0.395172
-2.65136 0.395172
-2.64552 0.395172
-2.63968 0.395172
-2.63384 0.395172
-2.628 0.395172
-2.62216 0.395172
-2.61632 0.395172
-2.61048 0.395172
-2.60464 0.395172
-2.5988 0.395172
-2.59296 0.394642
-2.58712 0.393846
-2.58128 0.393004
-2.57544 0.392075
-2.5696 0.391012
-2.56376 0.389861
-2.55792 0.388711
-2.55208 0.387472
-2.54624 0.386188
-2.5404 0.384904
-2.53456 0.383619
-2.52872 0.382288
-2.52288 0.380913
-2.51704 0.379365
-2.5112 0.377729
-2.50536 0.376138
-2.49952 0.374548
-2.49368 0.373001
-2.48784 0.371277
-2.482 0.369731
-2.47616 0.367788
-2.47032 0.365889
-2.46448 0.363945
-2.45864 0.362
-2.4528 0.360055
-2.44696 0.358111
-2.44112 0.356034
-2.43528 0.353916
-2.42944 0.351751
-2.4236 0.349542
-2.41776 0.347375
-2.41192 0.345166
-2.40608 0.342911
-2.40024 0.340742
-2.3944 0.338443
-2.38856 0.336274
-2.38272 0.333973
-2.37688 0.331587
-2.37104 0.329113
-2.3652 0.326897
-2.35936 0.324467
-2.35352 0.322081
-2.34768 0.319734
-2.34184 0.317511
-2.336 0.315077
-2.33016 0.312855
-2.32432 0.310552
-2.31848 0.308201
-2.31264 0.305891
-2.3068 0.303541
-2.30096 0.30161
-2.29512 0.299468
-2.28928 0.297285
-2.28344 0.294806
-2.2776 0.292115
-2.27176 0.289425
-2.26592 0.28728
-2.26008 0.284423
-2.25424 0.282865
-2.2484 0.279618
-2.24256 0.276964
-2.23672 0.27473
-2.23088 0.273125
-2.22504 0.269881
-2.2192 0.267437
-2.21336 0.265792
-2.20752 0.262971
-2.20168 0.261027
-2.19584 0.258372
-2.19 0.255712
-2.18416 0.25276
-2.17832 0.250482
-2.17248 0.248247
-2.16664 0.246056
-2.1608 0.242554
-2.15496 0.240358
-2.14912 0.238165
-2.14328 0.23534
-2.13744 0.233354
-2.1316 0.231074
-2.12576 0.229093
-2.11992 0.225717
-2.11408 0.22192
-2.10824 0.220106
-2.1024 0.219095
-2.09656 0.21661
-2.09072 0.212429
-2.08488 0.211421
-2.07904 0.209182
-2.0732 0.207498
-2.06736 0.203487
-2.06152 0.200744
-2.05568 0.198727
-2.04984 0.195812
-2.044 0.193922
-2.03816 0.192573
-2.03232 0.187753
-2.02648 0.186198
-2.02064 0.184297
-2.0148 0.181892
-2.00896 0.178814
-2.00312 0.176234
-1.99728 0.175011
-1.99144 0.173179
-1.9856 0.171977
-1.97976 0.169443
-1.97392 0.167779
-1.96808 0.169389
-1.96224 0.167298
-1.9564 0.165205
-1.95056 0.164747
-1.94472 0.16289
-1.93888 0.164186
-1.93304 0.161465
-1.9272 0.162754
-1.92136 0.162775
-1.91552 0.159682
-1.90968 0.160404
-1.90384 0.157507
-1.898 0.157484
-1.89216 0.156885
-1.88632 0.158818
-1.88048 0.158559
-1.87464 0.159711
-1.8688 0.159241
-1.86296 0.159567
-1.85712 0.156333
-1.85128 0.157832
-1.84544 0.158976
-1.8396 0.157464
-1.83376 0.159457
-1.82792 0.158924
-1.82208 0.159799
-1.81624 0.159382
-1.8104 0.161074
-1.80456 0.158033
-1.79872 0.162904
-1.79288 0.158622
-1.78704 0.160449
-1.7812 0.158928
-1.77536 0.160356
-1.76952 0.162091
-1.76368 0.162226
-1.75784 0.163196
-1.752 0.165576
-1.74616 0.164562
-1.74032 0.167593
-1.73448 0.166878
-1.72864 0.166896
-1.7228 0.170047
-1.71696 0.167284
-1.71112 0.169605
-1.70528 0.169213
-1.69944 0.168547
-1.6936 0.169596
-1.68776 0.1716
-1.68192 0.172181
-1.67608 0.172601
-1.67024 0.174344
-1.6644 0.173575
-1.65856 0.174862
-1.65272 0.177747
-1.64688 0.175714
-1.64104 0.17383
-1.6352 0.172891
-1.62936 0.175611
-1.62352 0.172664
-1.61768 0.174063
-1.61184 0.171545
-1.606 0.177166
-1.60016 0.181458
-1.59432 0.180531
-1.58848 0.183924
-1.58264 0.186507
-1.5768 0.1866
-1.57096 0.187125
-1.56512 0.186793
-1.55928 0.191005
-1.55344 0.196738
-1.5476 0.192789
-1.54176 0.198357
-1.53592 0.204739
-1.53008 0.200342
-1.52424 0.205316
-1.5184 0.204807
-1.51256 0.208715
-1.50672 0.20983
-1.50088 0.215849
-1.49504 0.220227
-1.4892 0.218477
-1.48336 0.218366
-1.47752 0.220122
-1.47168 0.22088
-1.46584 0.226878
-1.46 0.226972
-1.45416 0.229429
-1.44832 0.231772
-1.44248 0.238712
-1.43664 0.239957
-1.4308 0.238287
-1.42496 0.245342
-1.41912 0.242021
-1.41328 0.246536
-1.40744 0.252735
-1.4016 0.253384
-1.39576 0.254516
-1.38992 0.259528
-1.38408 0.261138
-1.37824 0.263841
-1.3724 0.267003
-1.36656 0.265727
-1.36072 0.274604
-1.35488 0.272463
-1.34904 0.27487
-1.3432 0.278192
-1.33736 0.281874
-1.33152 0.290071
-1.32568 0.291778
-1.31984 0.291318
-1.314 0.296164
-1.30816 0.295353
-1.30232 0.303498
-1.29648 0.301215
-1.29064 0.307071
-1.2848 0.313243
-1.27896 0.315267
-1.27312 0.31846
-1.26728 0.317544
-1.26144 0.316378
-1.2556 0.321007
-1.24976 0.323198
-1.24392 0.329995
-1.23808 0.328052
-1.23224 0.332707
-1.2264 0.336228
-1.22056 0.33913
-1.21472 0.344805
-1.20888 0.343473
-1.20304 0.347024
-1.1972 0.351841
-1.19136 0.35345
-1.18552 0.354212
-1.17968 0.355994
-1.17384 0.356322
-1.168 0.366012
-1.16216 0.369951
-1.15632 0.369665
-1.15048 0.373233
-1.14464 0.375973
-1.1388 0.37469
-1.13296 0.373634
-1.12712 0.373947
-1.12128 0.381044
-1.11544 0.387222
-1.1096 0.38193
-1.10376 0.388068
-1.09792 0.392601
-1.09208 0.389884
-1.08624 0.392892
-1.0804 0.393987
-1.07456 0.39667
-1.06872 0.396657
-1.06288 0.402246
-1.05704 0.407188
-1.0512 0.403885
-1.04536 0.400353
-1.03952 0.401445
-1.03368 0.400394
-1.02784 0.403799
-1.022 0.403326
-1.01616 0.402647
-1.01032 0.402836
-1.00448 0.405966
-0.99864 0.404562
-0.9928 0.402254
-0.98696 0.406473
-0.98112 0.402099
-0.97528 0.402509
-0.96944 0.406088
-0.9636 0.404647
-0.95776 0.404458
-0.95192 0.404735
-0.94608 0.402639
-0.94024 0.40426
-0.9344 0.40422
-0.92856 0.400332
-0.92272 0.403985
-0.91688 0.400772
-0.91104 0.399114
-0.9052 0.400869
-0.89936 0.401823
-0.89352 0.404301
-0.88768 0.404269
-0.88184 0.402512
-0.876 0.403661
-0.87016 0.400531
-0.86432 0.403841
-0.85848 0.402292
-0.85264 0.402432
-0.8468 0.402111
-0.84096 0.401819
-0.83512 0.40407
-0.82928 0.400935
-0.82344 0.3992
-0.8176 0.400512
-0.81176 0.397206
-0.80592 0.398751
-0.80008 0.398084
-0.79424 0.397714
-0.7884 0.39816
-0.78256 0.397426
-0.77672 0.397804
-0.77088 0.397929
-0.76504 0.396944
-0.7592 0.397084
-0.75336 0.396828
-0.74752 0.396984
-0.74168 0.397606
-0.73584 0.398148
-0.73 0.399796
-0.72416 0.400232
-0.71832 0.399925
-0.71248 0.400216
-0.70664 0.401819
-0.7008 0.402187
-0.69496 0.402995
-0.68912 0.403985
-0.68328 0.405551
-0.67744 0.40924
-0.6716 0.411186
-0.66576 0.412224
-0.65992 0.414219
-0.65408 0.413656
-0.64824 0.414965
-0.6424 0.417163
-0.63656 0.418957
-0.63072 0.41898
-0.62488 0.420148
-0.61904 0.420153
-0.6132 0.419633
-0.60736 0.419113
-0.60152 0.419719
-0.59568 0.419719
-0.58984 0.419719
-0.584 0.419719
-0.57816 0.419719
-0.57232 0.419719
-0.56648 0.419719
-0.56064 0.419719
-0.5548 0.419719
-0.54896 0.419719
-0.54312 0.419719
-0.53728 0.419719
-0.53144 0.419719
-0.5256 0.419719
-0.51976 0.419719
-0.51392 0.419719
-0.50808 0.419719
-0.50224 0.419719
-0.4964 0.419719
-0.49056 0.419719
-0.48472 0.419719
-0.47888 0.419719
-0.47304 0.419719
-0.4672 0.419719
-0.46136 0.419719
-0.45552 0.419719
-0.44968 0.419719
-0.44384 0.419719
-0.438 0.419719
-0.43216 0.419719
-0.42632 0.419719
-0.42048 0.419719
-0.41464 0.419719
-0.4088 0.419719
-0.40296 0.419719
-0.39712 0.419719
-0.39128 0.419719
-0.38544 0.419719
-0.3796 0.419719
-0.37376 0.419719
-0.36792 0.419719
-0.36208 0.419719
-0.35624 0.419719
-0.3504 0.419719
-0.34456 0.419719
-0.33872 0.419719
-0.33288 0.419719
-0.32704 0.419719
-0.3212 0.419719
-0.31536 0.419719
-0.30952 0.419719
-0.30368 0.419719
-0.29784 0.419719
-0.292 0.419719
-0.28616 0.419719
-0.28032 0.419719
-0.27448 0.419719
-0.26864 0.419719
-0.2628 0.419719
-0.25696 0.419719
-0.25112 0.419719
-0.24528 0.419719
-0.23944 0.419719
-0.2336 0.419719
-0.22776 0.419719
-0.22192 0.419719
-0.21608 0.419719
-0.21024 0.419719
-0.2044 0.419719
-0.19856 0.419719
-0.19272 0.419719
-0.18688 0.419719
-0.18104 0.419719
-0.1752 0.419719
-0.16936 0.419719
-0.16352 0.419719
-0.15768 0.419719
-0.15184 0.419719
-0.146 0.419719
-0.14016 0.419719
-0.13432 0.419719
-0.12848 0.419719
-0.12264 0.419719
-0.1168 0.419719
-0.11096 0.419719
-0.10512 0.419719
-0.09928 0.419719
-0.09344 0.419719
-0.0876 0.419719
-0.08176 0.419719
-0.07592 0.419719
-0.07008 0.419719
-0.06424 0.419719
-0.0584 0.419719
-0.05256 0.419719
-0.04672 0.419719
-0.04088 0.419719
-0.03504 0.419719
-0.0292 0.419719
-0.02336 0.419719
-0.01752 0.419719
-0.01168 0.419719
-0.00584 0.419719
