-2.92 0.441332
-2.91416 0.441332
-2.90832 0.441332
-2.90248 0.441332
-2.89664 0.441332
-2.8908 0.441332
-2.88496 0.441332
-2.87912 0.441332
-2.87328 0.441332
-2.86744 0.441332
-2.8616 0.441332
-2.85576 0.441332
-2.84992 0.441332
-2.84408 0.441332
-2.83824 0.441332
-2.8324 0.441332
-2.82656 0.441332
-2.82072 0.441332
-2.81488 0.441332
-2.80904 0.441332
-2.8032 0.441332
-2.79736 0.441332
-2.79152 0.441332
-2.78568 0.441332
-2.77984 0.441332
-2.774 0.441332
-2.76816 0.441332
-2.76232 0.441332
-2.75648 0.441332
-2.75064 0.441332
-2.7448 0.441332
-2.73896 0.441332
-2.73312 0.441332
-2.72728 0.441332
-2.72144 0.441332
-2.7156 0.441332
-2.70976 0.441332
-2.70392 0.441332
-2.69808 0.441332
-2.69224 0.441332
-2.6864 0.441332
-2.68056 0.441332
-2.67472 0.441332
-2.66888 0.441332
-2.66304 0.441332
-2.6572 0.441332
-2.65136 0.441332
-2.64552 0.441332
-2.63968 0.441332
-2.63384 0.441332
-2.628 0.441332
-2.62216 0.441332
-2.61632 0.441332
-2.61048 0.441332
-2.60464 0.441332
-2.5988 0.441332
-2.59296 0.440802
-2.58712 0.440095
-2.58128 0.439295
-2.57544 0.438495
-2.5696 0.437562
-2.56376 0.436494
-2.55792 0.435335
-2.55208 0.434089
-2.54624 0.432797
-2.5404 0.431459
-2.53456 0.430033
-2.52872 0.428517
-2.52288 0.426916
-2.51704 0.425178
-2.5112 0.423447
-2.50536 0.421671
-2.49952 0.419896
-2.49368 0.417991
-2.48784 0.415957
-2.482 0.413971
-2.47616 0.411722
-2.47032 0.409475
-2.46448 0.407182
-2.45864 0.40489
-2.4528 0.40255
-2.44696 0.400217
-2.44112 0.397838
-2.43528 0.395415
-2.42944 0.393078
-2.4236 0.39086
-2.41776 0.388598
-2.41192 0.386332
-2.40608 0.383981
-2.40024 0.3818
-2.3944 0.379653
-2.38856 0.377845
-2.38272 0.375198
-2.37688 0.373426
-2.37104 0.370238
-2.3652 0.368418
-2.35936 0.366722
-2.35352 0.364234
-2.34768 0.362499
-2.34184 0.359677
-2.336 0.358476
-2.33016 0.357247
-2.32432 0.354339
-2.31848 0.352262
-2.31264 0.350525
-2.3068 0.347243
-2.30096 0.346543
-2.29512 0.343933
-2.28928 0.34169
-2.28344 0.339524
-2.2776 0.336525
-2.27176 0.334244
-2.26592 0.33159
-2.26008 0.328383
-2.25424 0.326011
-2.2484 0.323925
-2.24256 0.320125
-2.23672 0.316783
-2.23088 0.314904
-2.22504 0.311359
-2.2192 0.306427
-2.21336 0.305136
-2.20752 0.301378
-2.20168 0.297612
-2.19584 0.294644
-2.19 0.290416
-2.18416 0.289122
-2.17832 0.284937
-2.17248 0.280918
-2.16664 0.277573
-2.1608 0.274693
-2.15496 0.271728
-2.14912 0.267996
-2.14328 0.262512
-2.13744 0.259959
-2.1316 0.255772
-2.12576 0.252346
-2.11992 0.249958
-2.11408 0.245526
-2.10824 0.242974
-2.1024 0.2395
-2.09656 0.236486
-2.09072 0.232634
-2.08488 0.228777
-2.07904 0.225765
-2.0732 0.223715
-2.06736 0.219864
-2.06152 0.216472
-2.05568 0.212455
-2.04984 0.210029
-2.044 0.206983
-2.03816 0.203207
-2.03232 0.199017
-2.02648 0.197216
-2.02064 0.193235
-2.0148 0.190804
-2.00896 0.187585
-2.00312 0.185834
-1.99728 0.182233
-1.99144 0.180874
-1.9856 0.179041
-1.97976 0.177509
-1.97392 0.176185
-1.96808 0.174019
-1.96224 0.173368
-1.9564 0.169606
-1.95056 0.169845
-1.94472 0.169209
-1.93888 0.167675
-1.93304 0.168303
-1.9272 0.165618
-1.92136 0.16632
-1.91552 0.163691
-1.90968 0.164143
-1.90384 0.162278
-1.898 0.161955
-1.89216 0.161367
-1.88632 0.162234
-1.88048 0.162414
-1.87464 0.160686
-1.8688 0.161192
-1.86296 0.158738
-1.85712 0.160825
-1.85128 0.160879
-1.84544 0.160245
-1.8396 0.159107
-1.83376 0.158623
-1.82792 0.160277
-1.82208 0.161688
-1.81624 0.159043
-1.8104 0.164178
-1.80456 0.159131
-1.79872 0.15984
-1.79288 0.161088
-1.78704 0.162189
-1.7812 0.162768
-1.77536 0.163662
-1.76952 0.167094
-1.76368 0.164812
-1.75784 0.16349
-1.752 0.165461
-1.74616 0.16542
-1.74032 0.166461
-1.73448 0.167559
-1.72864 0.167888
-1.7228 0.170113
-1.71696 0.168764
-1.71112 0.169454
-1.70528 0.173189
-1.69944 0.17306
-1.6936 0.170868
-1.68776 0.173241
-1.68192 0.176413
-1.67608 0.172179
-1.67024 0.175679
-1.6644 0.174503
-1.65856 0.174207
-1.65272 0.176132
-1.64688 0.173865
-1.64104 0.175573
-1.6352 0.175265
-1.62936 0.173753
-1.62352 0.176818
-1.61768 0.1758
-1.61184 0.175555
-1.606 0.183862
-1.60016 0.182584
-1.59432 0.184356
-1.58848 0.189595
-1.58264 0.191009
-1.5768 0.191379
-1.57096 0.19195
-1.56512 0.197096
-1.55928 0.19649
-1.55344 0.200312
-1.5476 0.203934
-1.54176 0.208568
-1.53592 0.208469
-1.53008 0.21125
-1.52424 0.213083
-1.5184 0.216927
-1.51256 0.222107
-1.50672 0.221331
-1.50088 0.225569
-1.49504 0.228775
-1.4892 0.229755
-1.48336 0.229598
-1.47752 0.233812
-1.47168 0.237576
-1.46584 0.238218
-1.46 0.239752
-1.45416 0.247301
-1.44832 0.250577
-1.44248 0.254045
-1.43664 0.255128
-1.4308 0.25918
-1.42496 0.258261
-1.41912 0.261236
-1.41328 0.268706
-1.40744 0.26822
-1.4016 0.274727
-1.39576 0.275289
-1.38992 0.278346
-1.38408 0.287616
-1.37824 0.281885
-1.3724 0.290136
-1.36656 0.28793
-1.36072 0.288918
-1.35488 0.294194
-1.34904 0.297722
-1.3432 0.29865
-1.33736 0.305188
-1.33152 0.313194
-1.32568 0.314115
-1.31984 0.314567
-1.314 0.319035
-1.30816 0.319212
-1.30232 0.324163
-1.29648 0.323361
-1.29064 0.331344
-1.2848 0.334061
-1.27896 0.336813
-1.27312 0.335583
-1.26728 0.342957
-1.26144 0.343801
-1.2556 0.345013
-1.24976 0.349318
-1.24392 0.353117
-1.23808 0.351947
-1.23224 0.360217
-1.2264 0.36211
-1.22056 0.364075
-1.21472 0.368536
-1.20888 0.370266
-1.20304 0.373464
-1.1972 0.376905
-1.19136 0.37801
-1.18552 0.379812
-1.17968 0.38194
-1.17384 0.382029
-1.168 0.391821
-1.16216 0.393777
-1.15632 0.397324
-1.15048 0.400683
-1.14464 0.398791
-1.1388 0.400311
-1.13296 0.401561
-1.12712 0.40638
-1.12128 0.405512
-1.11544 0.41039
-1.1096 0.415146
-1.10376 0.417552
-1.09792 0.418583
-1.09208 0.418823
-1.08624 0.420044
-1.0804 0.422313
-1.07456 0.427771
-1.06872 0.42773
-1.06288 0.427734
-1.05704 0.433265
-1.0512 0.43253
-1.04536 0.428769
-1.03952 0.431369
-1.03368 0.431309
-1.02784 0.431023
-1.022 0.429
-1.01616 0.434204
-1.01032 0.43348
-1.00448 0.434163
-0.99864 0.429944
-0.9928 0.432853
-0.98696 0.428408
-0.98112 0.428652
-0.97528 0.433552
-0.96944 0.430822
-0.9636 0.431504
-0.95776 0.429913
-0.95192 0.43237
-0.94608 0.434601
-0.94024 0.428996
-0.9344 0.432066
-0.92856 0.428051
-0.92272 0.428801
-0.91688 0.428188
-0.91104 0.427598
-0.9052 0.425906
-0.89936 0.43073
-0.89352 0.430785
-0.88768 0.429061
-0.88184 0.429411
-0.876 0.430849
-0.87016 0.428679
-0.86432 0.432139
-0.85848 0.430361
-0.85264 0.431727
-0.8468 0.43107
-0.84096 0.429911
-0.83512 0.429785
-0.82928 0.429
-0.82344 0.428117
-0.8176 0.427606
-0.81176 0.428587
-0.80592 0.427749
-0.80008 0.427498
-0.79424 0.428043
-0.7884 0.426822
-0.78256 0.429086
-0.77672 0.429559
-0.77088 0.428945
-0.76504 0.430045
-0.7592 0.43023
-0.75336 0.43023
-0.74752 0.429985
-0.74168 0.430809
-0.73584 0.432317
-0.73 0.432804
-0.72416 0.435145
-0.71832 0.435149
-0.71248 0.436294
-0.70664 0.436934
-0.7008 0.437212
-0.69496 0.438247
-0.68912 0.439487
-0.68328 0.440532
-0.67744 0.444721
-0.6716 0.446316
-0.66576 0.447336
-0.65992 0.448946
-0.65408 0.448609
-0.64824 0.450387
-0.6424 0.453195
-0.63656 0.453702
-0.63072 0.454117
-0.62488 0.454401
-0.61904 0.455096
-0.6132 0.453987
-0.60736 0.453298
-0.60152 0.453821
-0.59568 0.453821
-0.58984 0.453821
-0.584 0.453821
-0.57816 0.453821
-0.57232 0.453821
-0.56648 0.453821
-0.56064 0.453821
-0.5548 0.453821
-0.54896 0.453821
-0.54312 0.453821
-0.53728 0.453821
-0.53144 0.453821
-0.5256 0.453821
-0.51976 0.453821
-0.51392 0.453821
-0.50808 0.453821
-0.50224 0.453821
-0.4964 0.453821
-0.49056 0.453821
-0.48472 0.453821
-0.47888 0.453821
-0.47304 0.453821
-0.4672 0.453821
-0.46136 0.453821
-0.45552 0.453821
-0.44968 0.453821
-0.44384 0.453821
-0.438 0.453821
-0.43216 0.453821
-0.42632 0.453821
-0.42048 0.453821
-0.41464 0.453821
-0.4088 0.453821
-0.40296 0.453821
-0.39712 0.453821
-0.39128 0.453821
-0.38544 0.453821
-0.3796 0.453821
-0.37376 0.453821
-0.36792 0.453821
-0.36208 0.453821
-0.35624 0.453821
-0.3504 0.453821
-0.34456 0.453821
-0.33872 0.453821
-0.33288 0.453821
-0.32704 0.453821
-0.3212 0.453821
-0.31536 0.453821
-0.30952 0.453821
-0.30368 0.453821
-0.29784 0.453821
-0.292 0.453821
-0.28616 0.453821
-0.28032 0.453821
-0.27448 0.453821
-0.26864 0.453821
-0.2628 0.453821
-0.25696 0.453821
-0.25112 0.453821
-0.24528 0.453821
-0.23944 0.453821
-0.2336 0.453821
-0.22776 0.453821
-0.22192 0.453821
-0.21608 0.453821
-0.21024 0.453821
-0.2044 0.453821
-0.19856 0.453821
-0.19272 0.453821
-0.18688 0.453821
-0.18104 0.453821
-0.1752 0.453821
-0.16936 0.453821
-0.16352 0.453821
-0.15768 0.453821
-0.15184 0.453821
-0.146 0.453821
-0.14016 0.453821
-0.13432 0.453821
-0.12848 0.453821
-0.12264 0.453821
-0.1168 0.453821
-0.11096 0.453821
-0.10512 0.453821
-0.09928 0.453821
-0.09344 0.453821
-0.0876 0.453821
-0.08176 0.453821
-0.07592 0.453821
-0.07008 0.453821
-0.06424 0.453821
-0.0584 0.453821
-0.05256 0.453821
-0.04672 0.453821
-0.04088 0.453821
-0.03504 0.453821
-0.0292 0.453821
-0.02336 0.453821
-0.01752 0.453821
-0.01168 0.453821
-0.00584 0.453821
