-2.92 0.413303
-2.91416 0.413303
-2.90832 0.413303
-2.90248 0.413303
-2.89664 0.413303
-2.8908 0.413303
-2.88496 0.413303
-2.87912 0.413303
-2.87328 0.413303
-2.86744 0.413303
-2.8616 0.413303
-2.85576 0.413303
-2.84992 0.413303
-2.84408 0.413303
-2.83824 0.413303
-2.8324 0.413303
-2.82656 0.413303
-2.82072 0.413303
-2.81488 0.413303
-2.80904 0.413303
-2.8032 0.413303
-2.79736 0.413303
-2.79152 0.413303
-2.78568 0.413303
-2.77984 0.413303
-2.774 0.413303
-2.76816 0.413303
-2.76232 0.413303
-2.75648 0.413303
-2.75064 0.413303
-2.7448 0.413303
-2.73896 0.413303
-2.73312 0.413303
-2.72728 0.413303
-2.72144 0.413303
-2.7156 0.413303
-2.70976 0.413303
-2.70392 0.413303
-2.69808 0.413303
-2.69224 0.413303
-2.6864 0.413303
-2.68056 0.413303
-2.67472 0.413303
-2.66888 0.413303
-2.66304 0.413303
-2.6572 0.413303
-2.65136 0.413303
-2.64552 0.413303
-2.63968 0.413303
-2.63384 0.413303
-2.628 0.413303
-2.62216 0.413303
-2.61632 0.413303
-2.61048 0.413303
-2.60464 0.413303
-2.5988 0.413303
-2.59296 0.412862
-2.58712 0.412201
-2.58128 0.411364
-2.57544 0.410483
-2.5696 0.409512
-2.56376 0.408405
-2.55792 0.407167
-2.55208 0.405883
-2.54624 0.404511
-2.5404 0.40314
-2.53456 0.40168
-2.52872 0.400265
-2.52288 0.398805
-2.51704 0.397166
-2.5112 0.395441
-2.50536 0.3938
-2.49952 0.39212
-2.49368 0.390351
-2.48784 0.388583
-2.482 0.386943
-2.47616 0.385043
-2.47032 0.383095
-2.46448 0.381191
-2.45864 0.379196
-2.4528 0.377114
-2.44696 0.374988
-2.44112 0.372774
-2.43528 0.370604
-2.42944 0.368522
-2.4236 0.366433
-2.41776 0.364342
-2.41192 0.362418
-2.40608 0.360282
-2.40024 0.358393
-2.3944 0.356417
-2.38856 0.35482
-2.38272 0.35222
-2.37688 0.350245
-2.37104 0.348183
-2.3652 0.34654
-2.35936 0.344182
-2.35352 0.342622
-2.34768 0.340223
-2.34184 0.337991
-2.336 0.335591
-2.33016 0.333525
-2.32432 0.331628
-2.31848 0.328218
-2.31264 0.32594
-2.3068 0.322907
-2.30096 0.320081
-2.29512 0.316344
-2.28928 0.314563
-2.28344 0.310612
-2.2776 0.307948
-2.27176 0.304999
-2.26592 0.302133
-2.26008 0.299307
-2.25424 0.295425
-2.2484 0.292718
-2.24256 0.289761
-2.23672 0.286506
-2.23088 0.284046
-2.22504 0.280919
-2.2192 0.277744
-2.21336 0.274861
-2.20752 0.271984
-2.20168 0.268804
-2.19584 0.266177
-2.19 0.262328
-2.18416 0.259486
-2.17832 0.256812
-2.17248 0.254303
-2.16664 0.251672
-2.1608 0.247824
-2.15496 0.245232
-2.14912 0.242474
-2.14328 0.239295
-2.13744 0.236705
-2.1316 0.233653
-2.12576 0.230559
-2.11992 0.227465
-2.11408 0.224417
-2.10824 0.221871
-2.1024 0.218695
-2.09656 0.216653
-2.09072 0.213307
-2.08488 0.210887
-2.07904 0.207625
-2.0732 0.205164
-2.06736 0.201525
-2.06152 0.199024
-2.05568 0.195763
-2.04984 0.193975
-2.044 0.190765
-2.03816 0.188303
-2.03232 0.185249
-2.02648 0.18212
-2.02064 0.18012
-2.0148 0.176268
-2.00896 0.173472
-2.00312 0.171346
-1.99728 0.169305
-1.99144 0.166808
-1.9856 0.165573
-1.97976 0.164121
-1.97392 0.16221
-1.96808 0.161816
-1.96224 0.159323
-1.9564 0.158552
-1.95056 0.156643
-1.94472 0.156884
-1.93888 0.156071
-1.93304 0.154403
-1.9272 0.153434
-1.92136 0.153223
-1.91552 0.152354
-1.90968 0.151005
-1.90384 0.150569
-1.898 0.151646
-1.89216 0.151163
-1.88632 0.148734
-1.88048 0.149105
-1.87464 0.148865
-1.8688 0.14906
-1.86296 0.148795
-1.85712 0.148757
-1.85128 0.149706
-1.84544 0.149479
-1.8396 0.14926
-1.83376 0.149858
-1.82792 0.150003
-1.82208 0.152621
-1.81624 0.151432
-1.8104 0.153037
-1.80456 0.15061
-1.79872 0.154299
-1.79288 0.152067
-1.78704 0.153728
-1.7812 0.155067
-1.77536 0.155369
-1.76952 0.157636
-1.76368 0.15744
-1.75784 0.156692
-1.752 0.159818
-1.74616 0.157882
-1.74032 0.158384
-1.73448 0.159361
-1.72864 0.1614
-1.7228 0.164504
-1.71696 0.163932
-1.71112 0.167479
-1.70528 0.166291
-1.69944 0.167708
-1.6936 0.169257
-1.68776 0.169869
-1.68192 0.171334
-1.67608 0.171017
-1.67024 0.170549
-1.6644 0.172455
-1.65856 0.169873
-1.65272 0.174159
-1.64688 0.171958
-1.64104 0.175426
-1.6352 0.173826
-1.62936 0.173695
-1.62352 0.17428
-1.61768 0.174312
-1.61184 0.175546
-1.606 0.179694
-1.60016 0.181603
-1.59432 0.183747
-1.58848 0.185263
-1.58264 0.186663
-1.5768 0.184826
-1.57096 0.188747
-1.56512 0.192332
-1.55928 0.191312
-1.55344 0.194716
-1.5476 0.197948
-1.54176 0.201409
-1.53592 0.203889
-1.53008 0.204525
-1.52424 0.207655
-1.5184 0.210837
-1.51256 0.21262
-1.50672 0.21428
-1.50088 0.222645
-1.49504 0.219159
-1.4892 0.221692
-1.48336 0.222789
-1.47752 0.224296
-1.47168 0.229233
-1.46584 0.229884
-1.46 0.231695
-1.45416 0.234631
-1.44832 0.237708
-1.44248 0.237655
-1.43664 0.243203
-1.4308 0.243303
-1.42496 0.249662
-1.41912 0.249639
-1.41328 0.246833
-1.40744 0.254084
-1.4016 0.259365
-1.39576 0.259618
-1.38992 0.264917
-1.38408 0.265681
-1.37824 0.270695
-1.3724 0.271017
-1.36656 0.271851
-1.36072 0.275416
-1.35488 0.274971
-1.34904 0.277047
-1.3432 0.280592
-1.33736 0.285488
-1.33152 0.291707
-1.32568 0.291278
-1.31984 0.296388
-1.314 0.299851
-1.30816 0.294335
-1.30232 0.303618
-1.29648 0.305933
-1.29064 0.309668
-1.2848 0.309261
-1.27896 0.315736
-1.27312 0.316843
-1.26728 0.316761
-1.26144 0.318307
-1.2556 0.323928
-1.24976 0.324037
-1.24392 0.32611
-1.23808 0.330194
-1.23224 0.332697
-1.2264 0.334198
-1.22056 0.334204
-1.21472 0.339452
-1.20888 0.33987
-1.20304 0.345749
-1.1972 0.350045
-1.19136 0.348578
-1.18552 0.352636
-1.17968 0.355569
-1.17384 0.355144
-1.168 0.362667
-1.16216 0.363357
-1.15632 0.366636
-1.15048 0.364436
-1.14464 0.367544
-1.1388 0.366895
-1.13296 0.369303
-1.12712 0.373031
-1.12128 0.371616
-1.11544 0.375444
-1.1096 0.381843
-1.10376 0.383074
-1.09792 0.383264
-1.09208 0.383701
-1.08624 0.386405
-1.0804 0.388477
-1.07456 0.389241
-1.06872 0.391065
-1.06288 0.39711
-1.05704 0.39356
-1.0512 0.395175
-1.04536 0.394184
-1.03952 0.392671
-1.03368 0.396503
-1.02784 0.393099
-1.022 0.392824
-1.01616 0.392942
-1.01032 0.392566
-1.00448 0.390753
-0.99864 0.392228
-0.9928 0.390559
-0.98696 0.392372
-0.98112 0.390721
-0.97528 0.385433
-0.96944 0.389709
-0.9636 0.390191
-0.95776 0.389947
-0.95192 0.390057
-0.94608 0.389928
-0.94024 0.390988
-0.9344 0.387369
-0.92856 0.387287
-0.92272 0.385498
-0.91688 0.382688
-0.91104 0.381405
-0.9052 0.382375
-0.89936 0.384964
-0.89352 0.384819
-0.88768 0.383605
-0.88184 0.384573
-0.876 0.384325
-0.87016 0.380719
-0.86432 0.383068
-0.85848 0.382145
-0.85264 0.384338
-0.8468 0.380242
-0.84096 0.382257
-0.83512 0.382637
-0.82928 0.378809
-0.82344 0.377877
-0.8176 0.378311
-0.81176 0.375521
-0.80592 0.377433
-0.80008 0.375067
-0.79424 0.375753
-0.7884 0.375318
-0.78256 0.375828
-0.77672 0.37556
-0.77088 0.374586
-0.76504 0.375823
-0.7592 0.375628
-0.75336 0.373972
-0.74752 0.375481
-0.74168 0.374673
-0.73584 0.37517
-0.73 0.376393
-0.72416 0.376953
-0.71832 0.377038
-0.71248 0.376528
-0.70664 0.377197
-0.7008 0.377822
-0.69496 0.37833
-0.68912 0.378472
-0.68328 0.379671
-0.67744 0.382971
-0.6716 0.384121
-0.66576 0.385219
-0.65992 0.385977
-0.65408 0.386438
-0.64824 0.38698
-0.6424 0.389031
-0.63656 0.389437
-0.63072 0.389888
-0.62488 0.389824
-0.61904 0.389586
-0.6132 0.388852
-0.60736 0.388109
-0.60152 0.388368
-0.59568 0.388368
-0.58984 0.388368
-0.584 0.388368
-0.57816 0.388368
-0.57232 0.388368
-0.56648 0.388368
-0.56064 0.388368
-0.5548 0.388368
-0.54896 0.388368
-0.54312 0.388368
-0.53728 0.388368
-0.53144 0.388368
-0.5256 0.388368
-0.51976 0.388368
-0.51392 0.388368
-0.50808 0.388368
-0.50224 0.388368
-0.4964 0.388368
-0.49056 0.388368
-0.48472 0.388368
-0.47888 0.388368
-0.47304 0.388368
-0.4672 0.388368
-0.46136 0.388368
-0.45552 0.388368
-0.44968 0.388368
-0.44384 0.388368
-0.438 0.388368
-0.43216 0.388368
-0.42632 0.388368
-0.42048 0.388368
-0.41464 0.388368
-0.4088 0.388368
-0.40296 0.388368
-0.39712 0.388368
-0.39128 0.388368
-0.38544 0.388368
-0.3796 0.388368
-0.37376 0.388368
-0.36792 0.388368
-0.36208 0.388368
-0.35624 0.388368
-0.3504 0.388368
-0.34456 0.388368
-0.33872 0.388368
-0.33288 0.388368
-0.32704 0.388368
-0.3212 0.388368
-0.31536 0.388368
-0.30952 0.388368
-0.30368 0.388368
-0.29784 0.388368
-0.292 0.388368
-0.28616 0.388368
-0.28032 0.388368
-0.27448 0.388368
-0.26864 0.388368
-0.2628 0.388368
-0.25696 0.388368
-0.25112 0.388368
-0.24528 0.388368
-0.23944 0.388368
-0.2336 0.388368
-0.22776 0.388368
-0.22192 0.388368
-0.21608 0.388368
-0.21024 0.388368
-0.2044 0.388368
-0.19856 0.388368
-0.19272 0.388368
-0.18688 0.388368
-0.18104 0.388368
-0.1752 0.388368
-0.16936 0.388368
-0.16352 0.388368
-0.15768 0.388368
-0.15184 0.388368
-0.146 0.388368
-0.14016 0.388368
-0.13432 0.388368
-0.12848 0.388368
-0.12264 0.388368
-0.1168 0.388368
-0.11096 0.388368
-0.10512 0.388368
-0.09928 0.388368
-0.09344 0.388368
-0.0876 0.388368
-0.08176 0.388368
-0.07592 0.388368
-0.07008 0.388368
-0.06424 0.388368
-0.0584 0.388368
-0.05256 0.388368
-0.04672 0.388368
-0.04088 0.388368
-0.03504 0.388368
-0.0292 0.388368
-0.02336 0.388368
-0.01752 0.388368
-0.01168 0.388368
-0.00584 0.388368
