-2.92 0.407509
-2.91416 0.407509
-2.90832 0.407509
-2.90248 0.407509
-2.89664 0.407509
-2.8908 0.407509
-2.88496 0.407509
-2.87912 0.407509
-2.87328 0.407509
-2.86744 0.407509
-2.8616 0.407509
-2.85576 0.407509
-2.84992 0.407509
-2.84408 0.407509
-2.83824 0.407509
-2.8324 0.407509
-2.82656 0.407509
-2.82072 0.407509
-2.81488 0.407509
-2.80904 0.407509
-2.8032 0.407509
-2.79736 0.407509
-2.79152 0.407509
-2.78568 0.407509
-2.77984 0.407509
-2.774 0.407509
-2.76816 0.407509
-2.76232 0.407509
-2.75648 0.407509
-2.75064 0.407509
-2.7448 0.407509
-2.73896 0.407509
-2.73312 0.407509
-2.72728 0.407509
-2.72144 0.407509
-2.7156 0.407509
-2.70976 0.407509
-2.70392 0.407509
-2.69808 0.407509
-2.69224 0.407509
-2.6864 0.407509
-2.68056 0.407509
-2.67472 0.407509
-2.66888 0.407509
-2.66304 0.407509
-2.6572 0.407509
-2.65136 0.407509
-2.64552 0.407509
-2.63968 0.407509
-2.63384 0.407509
-2.628 0.407509
-2.62216 0.407509
-2.61632 0.407509
-2.61048 0.407509
-2.60464 0.407509
-2.5988 0.407509
-2.59296 0.407024
-2.58712 0.406361
-2.58128 0.405655
-2.57544 0.404904
-2.5696 0.404022
-2.56376 0.403051
-2.55792 0.401902
-2.55208 0.400667
-2.54624 0.399344
-2.5404 0.398021
-2.53456 0.396609
-2.52872 0.395198
-2.52288 0.393565
-2.51704 0.391932
-2.5112 0.390254
-2.50536 0.388578
-2.49952 0.386812
-2.49368 0.38509
-2.48784 0.383366
-2.482 0.38169
-2.47616 0.37975
-2.47032 0.377766
-2.46448 0.375694
-2.45864 0.373579
-2.4528 0.37155
-2.44696 0.369435
-2.44112 0.367276
-2.43528 0.365029
-2.42944 0.362782
-2.4236 0.360909
-2.41776 0.358825
-2.41192 0.357074
-2.40608 0.355322
-2.40024 0.353315
-2.3944 0.351936
-2.38856 0.349215
-2.38272 0.348047
-2.37688 0.346289
-2.37104 0.344827
-2.3652 0.342442
-2.35936 0.340887
-2.35352 0.338117
-2.34768 0.338037
-2.34184 0.335645
-2.336 0.333925
-2.33016 0.332919
-2.32432 0.330943
-2.31848 0.32888
-2.31264 0.327457
-2.3068 0.325825
-2.30096 0.324188
-2.29512 0.322636
-2.28928 0.321343
-2.28344 0.319325
-2.2776 0.31887
-2.27176 0.317063
-2.26592 0.314214
-2.26008 0.314022
-2.25424 0.313394
-2.2484 0.309981
-2.24256 0.309823
-2.23672 0.308099
-2.23088 0.305995
-2.22504 0.302206
-2.2192 0.299845
-2.21336 0.299806
-2.20752 0.297617
-2.20168 0.295767
-2.19584 0.295817
-2.19 0.291218
-2.18416 0.290593
-2.17832 0.288827
-2.17248 0.287275
-2.16664 0.286011
-2.1608 0.28378
-2.15496 0.281892
-2.14912 0.280251
-2.14328 0.279332
-2.13744 0.277647
-2.1316 0.276389
-2.12576 0.274114
-2.11992 0.272723
-2.11408 0.270706
-2.10824 0.266829
-2.1024 0.266244
-2.09656 0.266882
-2.09072 0.263309
-2.08488 0.262042
-2.07904 0.260113
-2.0732 0.258643
-2.06736 0.257732
-2.06152 0.25562
-2.05568 0.255639
-2.04984 0.254593
-2.044 0.252286
-2.03816 0.249085
-2.03232 0.249691
-2.02648 0.249786
-2.02064 0.248663
-2.0148 0.248921
-2.00896 0.245174
-2.00312 0.244809
-1.99728 0.243932
-1.99144 0.241444
-1.9856 0.240055
-1.97976 0.239349
-1.97392 0.237927
-1.96808 0.234942
-1.96224 0.237957
-1.9564 0.236835
-1.95056 0.233424
-1.94472 0.233401
-1.93888 0.230107
-1.93304 0.229365
-1.9272 0.228158
-1.92136 0.225335
-1.91552 0.22433
-1.90968 0.21926
-1.90384 0.217371
-1.898 0.214974
-1.89216 0.212537
-1.88632 0.210305
-1.88048 0.207872
-1.87464 0.205338
-1.8688 0.203086
-1.86296 0.199164
-1.85712 0.19711
-1.85128 0.191536
-1.84544 0.193172
-1.8396 0.188787
-1.83376 0.185077
-1.82792 0.183373
-1.82208 0.181164
-1.81624 0.179166
-1.8104 0.173533
-1.80456 0.170728
-1.79872 0.169108
-1.79288 0.167057
-1.78704 0.163403
-1.7812 0.162715
-1.77536 0.15867
-1.76952 0.156802
-1.76368 0.152544
-1.75784 0.151009
-1.752 0.147447
-1.74616 0.143753
-1.74032 0.14193
-1.73448 0.138637
-1.72864 0.134644
-1.7228 0.132449
-1.71696 0.125473
-1.71112 0.127628
-1.70528 0.122421
-1.69944 0.121405
-1.6936 0.116808
-1.68776 0.113179
-1.68192 0.111304
-1.67608 0.106888
-1.67024 0.106542
-1.6644 0.103621
-1.65856 0.104059
-1.65272 0.101238
-1.64688 0.102788
-1.64104 0.101667
-1.6352 0.102314
-1.62936 0.102832
-1.62352 0.100918
-1.61768 0.10146
-1.61184 0.101895
-1.606 0.101108
-1.60016 0.102272
-1.59432 0.104758
-1.58848 0.102827
-1.58264 0.104093
-1.5768 0.10507
-1.57096 0.105173
-1.56512 0.106017
-1.55928 0.106245
-1.55344 0.107796
-1.5476 0.109667
-1.54176 0.109745
-1.53592 0.11368
-1.53008 0.111908
-1.52424 0.109198
-1.5184 0.110115
-1.51256 0.114317
-1.50672 0.113216
-1.50088 0.113132
-1.49504 0.117867
-1.4892 0.117153
-1.48336 0.119039
-1.47752 0.122727
-1.47168 0.119455
-1.46584 0.121277
-1.46 0.121887
-1.45416 0.122244
-1.44832 0.122545
-1.44248 0.126776
-1.43664 0.124702
-1.4308 0.126577
-1.42496 0.130952
-1.41912 0.131098
-1.41328 0.13205
-1.40744 0.133865
-1.4016 0.136837
-1.39576 0.135874
-1.38992 0.138904
-1.38408 0.137398
-1.37824 0.140315
-1.3724 0.143199
-1.36656 0.146462
-1.36072 0.145719
-1.35488 0.150693
-1.34904 0.153826
-1.3432 0.156304
-1.33736 0.159154
-1.33152 0.163052
-1.32568 0.16825
-1.31984 0.169613
-1.314 0.170961
-1.30816 0.173845
-1.30232 0.17613
-1.29648 0.180477
-1.29064 0.181931
-1.2848 0.185886
-1.27896 0.188525
-1.27312 0.194924
-1.26728 0.198067
-1.26144 0.19728
-1.2556 0.201832
-1.24976 0.204809
-1.24392 0.205402
-1.23808 0.211354
-1.23224 0.212139
-1.2264 0.213651
-1.22056 0.218016
-1.21472 0.21906
-1.20888 0.221974
-1.20304 0.224862
-1.1972 0.227422
-1.19136 0.232962
-1.18552 0.234661
-1.17968 0.237031
-1.17384 0.237813
-1.168 0.240537
-1.16216 0.24079
-1.15632 0.244381
-1.15048 0.247313
-1.14464 0.248821
-1.1388 0.252036
-1.13296 0.2569
-1.12712 0.257225
-1.12128 0.259371
-1.11544 0.264294
-1.1096 0.268032
-1.10376 0.270311
-1.09792 0.2743
-1.09208 0.274785
-1.08624 0.273615
-1.0804 0.275799
-1.07456 0.280468
-1.06872 0.283241
-1.06288 0.283824
-1.05704 0.291337
-1.0512 0.29082
-1.04536 0.292848
-1.03952 0.299711
-1.03368 0.298549
-1.02784 0.299568
-1.022 0.301568
-1.01616 0.304668
-1.01032 0.305594
-1.00448 0.309825
-0.99864 0.311588
-0.9928 0.313398
-0.98696 0.316448
-0.98112 0.317744
-0.97528 0.319181
-0.96944 0.322851
-0.9636 0.324794
-0.95776 0.326135
-0.95192 0.327307
-0.94608 0.327578
-0.94024 0.330074
-0.9344 0.332427
-0.92856 0.334625
-0.92272 0.334068
-0.91688 0.33689
-0.91104 0.340144
-0.9052 0.342501
-0.89936 0.344485
-0.89352 0.348124
-0.88768 0.351583
-0.88184 0.353137
-0.876 0.352739
-0.87016 0.356407
-0.86432 0.354698
-0.85848 0.358786
-0.85264 0.360812
-0.8468 0.363009
-0.84096 0.365648
-0.83512 0.369836
-0.82928 0.370951
-0.82344 0.371745
-0.8176 0.374655
-0.81176 0.376332
-0.80592 0.378009
-0.80008 0.379946
-0.79424 0.381456
-0.7884 0.382251
-0.78256 0.38401
-0.77672 0.386325
-0.77088 0.388198
-0.76504 0.386837
-0.7592 0.388289
-0.75336 0.390218
-0.74752 0.38813
-0.74168 0.389449
-0.73584 0.38955
-0.73 0.390119
-0.72416 0.388791
-0.71832 0.390753
-0.71248 0.389078
-0.70664 0.389901
-0.7008 0.390459
-0.69496 0.391944
-0.68912 0.39183
-0.68328 0.392305
-0.67744 0.39367
-0.6716 0.39613
-0.66576 0.396804
-0.65992 0.397989
-0.65408 0.398145
-0.64824 0.396842
-0.6424 0.397721
-0.63656 0.397921
-0.63072 0.399178
-0.62488 0.400391
-0.61904 0.402645
-0.6132 0.403299
-0.60736 0.403612
-0.60152 0.403417
-0.59568 0.403417
-0.58984 0.403417
-0.584 0.403417
-0.57816 0.403417
-0.57232 0.403417
-0.56648 0.403417
-0.56064 0.403417
-0.5548 0.403417
-0.54896 0.403417
-0.54312 0.403417
-0.53728 0.403417
-0.53144 0.403417
-0.5256 0.403417
-0.51976 0.403417
-0.51392 0.403417
-0.50808 0.403417
-0.50224 0.403417
-0.4964 0.403417
-0.49056 0.403417
-0.48472 0.403417
-0.47888 0.403417
-0.47304 0.403417
-0.4672 0.403417
-0.46136 0.403417
-0.45552 0.403417
-0.44968 0.403417
-0.44384 0.403417
-0.438 0.403417
-0.43216 0.403417
-0.42632 0.403417
-0.42048 0.403417
-0.41464 0.403417
-0.4088 0.403417
-0.40296 0.403417
-0.39712 0.403417
-0.39128 0.403417
-0.38544 0.403417
-0.3796 0.403417
-0.37376 0.403417
-0.36792 0.403417
-0.36208 0.403417
-0.35624 0.403417
-0.3504 0.403417
-0.34456 0.403417
-0.33872 0.403417
-0.33288 0.403417
-0.32704 0.403417
-0.3212 0.403417
-0.31536 0.403417
-0.30952 0.403417
-0.30368 0.403417
-0.29784 0.403417
-0.292 0.403417
-0.28616 0.403417
-0.28032 0.403417
-0.27448 0.403417
-0.26864 0.403417
-0.2628 0.403417
-0.25696 0.403417
-0.25112 0.403417
-0.24528 0.403417
-0.23944 0.403417
-0.2336 0.403417
-0.22776 0.403417
-0.22192 0.403417
-0.21608 0.403417
-0.21024 0.403417
-0.2044 0.403417
-0.19856 0.403417
-0.19272 0.403417
-0.18688 0.403417
-0.18104 0.403417
-0.1752 0.403417
-0.16936 0.403417
-0.16352 0.403417
-0.15768 0.403417
-0.15184 0.403417
-0.146 0.403417
-0.14016 0.403417
-0.13432 0.403417
-0.12848 0.403417
-0.12264 0.403417
-0.1168 0.403417
-0.11096 0.403417
-0.10512 0.403417
-0.09928 0.403417
-0.09344 0.403417
-0.0876 0.403417
-0.08176 0.403417
-0.07592 0.403417
-0.07008 0.403417
-0.06424 0.403417
-0.0584 0.403417
-0.05256 0.403417
-0.04672 0.403417
-0.04088 0.403417
-0.03504 0.403417
-0.0292 0.403417
-0.02336 0.403417
-0.01752 0.403417
-0.01168 0.403417
-0.00584 0.403417
