-2.92 0.325557
-2.91416 0.325557
-2.90832 0.325557
-2.90248 0.325557
-2.89664 0.325557
-2.8908 0.325557
-2.88496 0.325557
-2.87912 0.325557
-2.87328 0.325557
-2.86744 0.325557
-2.8616 0.325557
-2.85576 0.325557
-2.84992 0.325557
-2.84408 0.325557
-2.83824 0.325557
-2.8324 0.325557
-2.82656 0.325557
-2.82072 0.325557
-2.81488 0.325557
-2.80904 0.325557
-2.8032 0.325557
-2.79736 0.325557
-2.79152 0.325557
-2.78568 0.325557
-2.77984 0.325557
-2.774 0.325557
-2.76816 0.325557
-2.76232 0.325557
-2.75648 0.325557
-2.75064 0.325557
-2.7448 0.325557
-2.73896 0.325557
-2.73312 0.325557
-2.72728 0.325557
-2.72144 0.325557
-2.7156 0.325557
-2.70976 0.325557
-2.70392 0.325557
-2.69808 0.325557
-2.69224 0.325557
-2.6864 0.325557
-2.68056 0.325557
-2.67472 0.325557
-2.66888 0.325557
-2.66304 0.325557
-2.6572 0.325557
-2.65136 0.325557
-2.64552 0.325557
-2.63968 0.325557
-2.63384 0.325557
-2.628 0.325557
-2.62216 0.325557
-2.61632 0.325557
-2.61048 0.325557
-2.60464 0.325557
-2.5988 0.325557
-2.59296 0.325246
-2.58712 0.324672
-2.58128 0.324011
-2.57544 0.323305
-2.5696 0.322599
-2.56376 0.321761
-2.55792 0.320706
-2.55208 0.319651
-2.54624 0.318552
-2.5404 0.317452
-2.53456 0.316307
-2.52872 0.31503
-2.52288 0.313708
-2.51704 0.312386
-2.5112 0.311152
-2.50536 0.309875
-2.49952 0.308509
-2.49368 0.307097
-2.48784 0.305643
-2.482 0.304278
-2.47616 0.302779
-2.47032 0.301236
-2.46448 0.299647
-2.45864 0.298014
-2.4528 0.296295
-2.44696 0.294662
-2.44112 0.292941
-2.43528 0.291221
-2.42944 0.289587
-2.4236 0.288239
-2.41776 0.28681
-2.41192 0.28538
-2.40608 0.284369
-2.40024 0.282978
-2.3944 0.281924
-2.38856 0.280532
-2.38272 0.279642
-2.37688 0.278334
-2.37104 0.277654
-2.3652 0.276429
-2.35936 0.275369
-2.35352 0.273728
-2.34768 0.273096
-2.34184 0.272116
-2.336 0.27148
-2.33016 0.270679
-2.32432 0.268904
-2.31848 0.268597
-2.31264 0.267241
-2.3068 0.266726
-2.30096 0.264523
-2.29512 0.264851
-2.28928 0.263368
-2.28344 0.262973
-2.2776 0.261064
-2.27176 0.260963
-2.26592 0.259101
-2.26008 0.258417
-2.25424 0.258235
-2.2484 0.257205
-2.24256 0.257529
-2.23672 0.255692
-2.23088 0.254962
-2.22504 0.254021
-2.2192 0.252743
-2.21336 0.251715
-2.20752 0.251533
-2.20168 0.249537
-2.19584 0.249983
-2.19 0.24828
-2.18416 0.247633
-2.17832 0.247492
-2.17248 0.245862
-2.16664 0.246098
-2.1608 0.244482
-2.15496 0.24404
-2.14912 0.243223
-2.14328 0.242571
-2.13744 0.242815
-2.1316 0.241826
-2.12576 0.239865
-2.11992 0.237937
-2.11408 0.238564
-2.10824 0.238256
-2.1024 0.237859
-2.09656 0.236058
-2.09072 0.23613
-2.08488 0.235864
-2.07904 0.235384
-2.0732 0.234192
-2.06736 0.234689
-2.06152 0.233874
-2.05568 0.232545
-2.04984 0.231045
-2.044 0.232689
-2.03816 0.230728
-2.03232 0.233598
-2.02648 0.230324
-2.02064 0.227858
-2.0148 0.228018
-2.00896 0.23024
-2.00312 0.228239
-1.99728 0.223736
-1.99144 0.225118
-1.9856 0.226769
-1.97976 0.226417
-1.97392 0.224415
-1.96808 0.224605
-1.96224 0.223286
-1.9564 0.22396
-1.95056 0.223102
-1.94472 0.221697
-1.93888 0.222456
-1.93304 0.219859
-1.9272 0.217737
-1.92136 0.214975
-1.91552 0.21289
-1.90968 0.213141
-1.90384 0.209244
-1.898 0.208718
-1.89216 0.205708
-1.88632 0.205579
-1.88048 0.201803
-1.87464 0.198407
-1.8688 0.197054
-1.86296 0.195995
-1.85712 0.193365
-1.85128 0.191031
-1.84544 0.188024
-1.8396 0.186231
-1.83376 0.180907
-1.82792 0.179681
-1.82208 0.179439
-1.81624 0.171049
-1.8104 0.171857
-1.80456 0.168905
-1.79872 0.166502
-1.79288 0.163871
-1.78704 0.161664
-1.7812 0.159154
-1.77536 0.153688
-1.76952 0.153037
-1.76368 0.152288
-1.75784 0.148983
-1.752 0.146045
-1.74616 0.143083
-1.74032 0.139542
-1.73448 0.138282
-1.72864 0.133435
-1.7228 0.132948
-1.71696 0.126534
-1.71112 0.1243
-1.70528 0.123396
-1.69944 0.117387
-1.6936 0.118045
-1.68776 0.113292
-1.68192 0.11176
-1.67608 0.106737
-1.67024 0.104166
-1.6644 0.101068
-1.65856 0.102314
-1.65272 0.101578
-1.64688 0.0995685
-1.64104 0.0974778
-1.6352 0.0996939
-1.62936 0.0996803
-1.62352 0.0982611
-1.61768 0.0989647
-1.61184 0.0961235
-1.606 0.0929193
-1.60016 0.0946487
-1.59432 0.0922292
-1.58848 0.0943168
-1.58264 0.0931536
-1.5768 0.0939393
-1.57096 0.096037
-1.56512 0.0948653
-1.55928 0.0941727
-1.55344 0.0946144
-1.5476 0.0972043
-1.54176 0.0962062
-1.53592 0.0993183
-1.53008 0.099176
-1.52424 0.0972275
-1.5184 0.0971356
-1.51256 0.0965572
-1.50672 0.0976971
-1.50088 0.0981027
-1.49504 0.102133
-1.4892 0.101289
-1.48336 0.102912
-1.47752 0.10366
-1.47168 0.105054
-1.46584 0.102591
-1.46 0.10447
-1.45416 0.10447
-1.44832 0.107553
-1.44248 0.104932
-1.43664 0.106386
-1.4308 0.108939
-1.42496 0.109869
-1.41912 0.110802
-1.41328 0.110882
-1.40744 0.114143
-1.4016 0.113054
-1.39576 0.113527
-1.38992 0.113624
-1.38408 0.113396
-1.37824 0.114739
-1.3724 0.116185
-1.36656 0.117689
-1.36072 0.120187
-1.35488 0.124913
-1.34904 0.126767
-1.3432 0.130162
-1.33736 0.133641
-1.33152 0.135505
-1.32568 0.141183
-1.31984 0.144232
-1.314 0.142512
-1.30816 0.150308
-1.30232 0.148801
-1.29648 0.149958
-1.29064 0.152957
-1.2848 0.157935
-1.27896 0.164885
-1.27312 0.165892
-1.26728 0.168925
-1.26144 0.172989
-1.2556 0.175315
-1.24976 0.176973
-1.24392 0.180654
-1.23808 0.183124
-1.23224 0.183479
-1.2264 0.186189
-1.22056 0.189345
-1.21472 0.193001
-1.20888 0.194947
-1.20304 0.199617
-1.1972 0.198936
-1.19136 0.203219
-1.18552 0.208376
-1.17968 0.209465
-1.17384 0.21137
-1.168 0.211204
-1.16216 0.213039
-1.15632 0.214579
-1.15048 0.217281
-1.14464 0.217748
-1.1388 0.222508
-1.13296 0.225801
-1.12712 0.229283
-1.12128 0.231779
-1.11544 0.233638
-1.1096 0.237849
-1.10376 0.240305
-1.09792 0.243656
-1.09208 0.247913
-1.08624 0.244902
-1.0804 0.248626
-1.07456 0.249556
-1.06872 0.25329
-1.06288 0.255257
-1.05704 0.262255
-1.0512 0.263321
-1.04536 0.268233
-1.03952 0.271246
-1.03368 0.272217
-1.02784 0.273667
-1.022 0.276928
-1.01616 0.279263
-1.01032 0.281894
-1.00448 0.282709
-0.99864 0.285539
-0.9928 0.289099
-0.98696 0.291935
-0.98112 0.293964
-0.97528 0.295368
-0.96944 0.301295
-0.9636 0.299733
-0.95776 0.3022
-0.95192 0.303911
-0.94608 0.303119
-0.94024 0.304728
-0.9344 0.30719
-0.92856 0.308763
-0.92272 0.310839
-0.91688 0.314899
-0.91104 0.317184
-0.9052 0.318419
-0.89936 0.322525
-0.89352 0.324476
-0.88768 0.329718
-0.88184 0.331327
-0.876 0.32975
-0.87016 0.335232
-0.86432 0.33366
-0.85848 0.334674
-0.85264 0.337094
-0.8468 0.339452
-0.84096 0.345809
-0.83512 0.346232
-0.82928 0.348048
-0.82344 0.351209
-0.8176 0.353017
-0.81176 0.354033
-0.80592 0.356507
-0.80008 0.35756
-0.79424 0.357964
-0.7884 0.359309
-0.78256 0.361868
-0.77672 0.362063
-0.77088 0.36327
-0.76504 0.364696
-0.7592 0.363153
-0.75336 0.364266
-0.74752 0.365565
-0.74168 0.365872
-0.73584 0.365476
-0.73 0.365239
-0.72416 0.363148
-0.71832 0.363165
-0.71248 0.363989
-0.70664 0.364086
-0.7008 0.364058
-0.69496 0.365417
-0.68912 0.365806
-0.68328 0.36603
-0.67744 0.366539
-0.6716 0.36925
-0.66576 0.369506
-0.65992 0.370555
-0.65408 0.371217
-0.64824 0.369876
-0.6424 0.370585
-0.63656 0.37087
-0.63072 0.371994
-0.62488 0.372947
-0.61904 0.374989
-0.6132 0.375596
-0.60736 0.375823
-0.60152 0.375582
-0.59568 0.375582
-0.58984 0.375582
-0.584 0.375582
-0.57816 0.375582
-0.57232 0.375582
-0.56648 0.375582
-0.56064 0.375582
-0.5548 0.375582
-0.54896 0.375582
-0.54312 0.375582
-0.53728 0.375582
-0.53144 0.375582
-0.5256 0.375582
-0.51976 0.375582
-0.51392 0.375582
-0.50808 0.375582
-0.50224 0.375582
-0.4964 0.375582
-0.49056 0.375582
-0.48472 0.375582
-0.47888 0.375582
-0.47304 0.375582
-0.4672 0.375582
-0.46136 0.375582
-0.45552 0.375582
-0.44968 0.375582
-0.44384 0.375582
-0.438 0.375582
-0.43216 0.375582
-0.42632 0.375582
-0.42048 0.375582
-0.41464 0.375582
-0.4088 0.375582
-0.40296 0.375582
-0.39712 0.375582
-0.39128 0.375582
-0.38544 0.375582
-0.3796 0.375582
-0.37376 0.375582
-0.36792 0.375582
-0.36208 0.375582
-0.35624 0.375582
-0.3504 0.375582
-0.34456 0.375582
-0.33872 0.375582
-0.33288 0.375582
-0.32704 0.375582
-0.3212 0.375582
-0.31536 0.375582
-0.30952 0.375582
-0.30368 0.375582
-0.29784 0.375582
-0.292 0.375582
-0.28616 0.375582
-0.28032 0.375582
-0.27448 0.375582
-0.26864 0.375582
-0.2628 0.375582
-0.25696 0.375582
-0.25112 0.375582
-0.24528 0.375582
-0.23944 0.375582
-0.2336 0.375582
-0.22776 0.375582
-0.22192 0.375582
-0.21608 0.375582
-0.21024 0.375582
-0.2044 0.375582
-0.19856 0.375582
-0.19272 0.375582
-0.18688 0.375582
-0.18104 0.375582
-0.1752 0.375582
-0.16936 0.375582
-0.16352 0.375582
-0.15768 0.375582
-0.15184 0.375582
-0.146 0.375582
-0.14016 0.375582
-0.13432 0.375582
-0.12848 0.375582
-0.12264 0.375582
-0.1168 0.375582
-0.11096 0.375582
-0.10512 0.375582
-0.09928 0.375582
-0.09344 0.375582
-0.0876 0.375582
-0.08176 0.375582
-0.07592 0.375582
-0.07008 0.375582
-0.06424 0.375582
-0.0584 0.375582
-0.05256 0.375582
-0.04672 0.375582
-0.04088 0.375582
-0.03504 0.375582
-0.0292 0.375582
-0.02336 0.375582
-0.01752 0.375582
-0.01168 0.375582
-0.00584 0.375582
