-2.92 0.397855
-2.91416 0.397855
-2.90832 0.397855
-2.90248 0.397855
-2.89664 0.397855
-2.8908 0.397855
-2.88496 0.397855
-2.87912 0.397855
-2.87328 0.397855
-2.86744 0.397855
-2.8616 0.397855
-2.85576 0.397855
-2.84992 0.397855
-2.84408 0.397855
-2.83824 0.397855
-2.8324 0.397855
-2.82656 0.397855
-2.82072 0.397855
-2.81488 0.397855
-2.80904 0.397855
-2.8032 0.397855
-2.79736 0.397855
-2.79152 0.397855
-2.78568 0.397855
-2.77984 0.397855
-2.774 0.397855
-2.76816 0.397855
-2.76232 0.397855
-2.75648 0.397855
-2.75064 0.397855
-2.7448 0.397855
-2.73896 0.397855
-2.73312 0.397855
-2.72728 0.397855
-2.72144 0.397855
-2.7156 0.397855
-2.70976 0.397855
-2.70392 0.397855
-2.69808 0.397855
-2.69224 0.397855
-2.6864 0.397855
-2.68056 0.397855
-2.67472 0.397855
-2.66888 0.397855
-2.66304 0.397855
-2.6572 0.397855
-2.65136 0.397855
-2.64552 0.397855
-2.63968 0.397855
-2.63384 0.397855
-2.628 0.397855
-2.62216 0.397855
-2.61632 0.397855
-2.61048 0.397855
-2.60464 0.397855
-2.5988 0.397855
-2.59296 0.397459
-2.58712 0.39675
-2.58128 0.39591
-2.57544 0.395113
-2.5696 0.394141
-2.56376 0.393035
-2.55792 0.391886
-2.55208 0.390693
-2.54624 0.389456
-2.5404 0.388132
-2.53456 0.386851
-2.52872 0.385482
-2.52288 0.384028
-2.51704 0.382442
-2.5112 0.380855
-2.50536 0.379224
-2.49952 0.377679
-2.49368 0.376088
-2.48784 0.374366
-2.482 0.372731
-2.47616 0.370746
-2.47032 0.368803
-2.46448 0.366816
-2.45864 0.364829
-2.4528 0.362843
-2.44696 0.360769
-2.44112 0.358696
-2.43528 0.356579
-2.42944 0.354508
-2.4236 0.352596
-2.41776 0.350391
-2.41192 0.348315
-2.40608 0.34636
-2.40024 0.344112
-2.3944 0.341989
-2.38856 0.339742
-2.38272 0.337618
-2.37688 0.335453
-2.37104 0.33358
-2.3652 0.331662
-2.35936 0.329698
-2.35352 0.326522
-2.34768 0.324729
-2.34184 0.322889
-2.336 0.320844
-2.33016 0.318378
-2.32432 0.316208
-2.31848 0.315083
-2.31264 0.312615
-2.3068 0.309602
-2.30096 0.307427
-2.29512 0.304996
-2.28928 0.30231
-2.28344 0.301012
-2.2776 0.29879
-2.27176 0.29594
-2.26592 0.293463
-2.26008 0.290986
-2.25424 0.288378
-2.2484 0.285006
-2.24256 0.282904
-2.23672 0.279788
-2.23088 0.278023
-2.22504 0.274613
-2.2192 0.273265
-2.21336 0.269557
-2.20752 0.267288
-2.20168 0.265095
-2.19584 0.261768
-2.19 0.259114
-2.18416 0.256036
-2.17832 0.254815
-2.17248 0.251863
-2.16664 0.248533
-2.1608 0.244692
-2.15496 0.242591
-2.14912 0.241327
-2.14328 0.237358
-2.13744 0.23648
-2.1316 0.233233
-2.12576 0.230871
-2.11992 0.228341
-2.11408 0.227679
-2.10824 0.224262
-2.1024 0.22389
-2.09656 0.22204
-2.09072 0.219005
-2.08488 0.218552
-2.07904 0.216574
-2.0732 0.215317
-2.06736 0.213426
-2.06152 0.211535
-2.05568 0.212063
-2.04984 0.209998
-2.044 0.20764
-2.03816 0.207784
-2.03232 0.207711
-2.02648 0.205438
-2.02064 0.204596
-2.0148 0.203941
-2.00896 0.201793
-2.00312 0.199221
-1.99728 0.199655
-1.99144 0.197263
-1.9856 0.198294
-1.97976 0.198136
-1.97392 0.198073
-1.96808 0.196555
-1.96224 0.193853
-1.9564 0.193004
-1.95056 0.192963
-1.94472 0.195014
-1.93888 0.192659
-1.93304 0.188904
-1.9272 0.188614
-1.92136 0.185697
-1.91552 0.185119
-1.90968 0.183963
-1.90384 0.181685
-1.898 0.180277
-1.89216 0.17979
-1.88632 0.176963
-1.88048 0.174452
-1.87464 0.169696
-1.8688 0.168932
-1.86296 0.165313
-1.85712 0.16525
-1.85128 0.164505
-1.84544 0.161022
-1.8396 0.158417
-1.83376 0.158571
-1.82792 0.156989
-1.82208 0.1555
-1.81624 0.154191
-1.8104 0.149558
-1.80456 0.149387
-1.79872 0.144108
-1.79288 0.142611
-1.78704 0.142527
-1.7812 0.135657
-1.77536 0.138355
-1.76952 0.134334
-1.76368 0.132286
-1.75784 0.131604
-1.752 0.128454
-1.74616 0.127869
-1.74032 0.124146
-1.73448 0.123881
-1.72864 0.1197
-1.7228 0.116834
-1.71696 0.114901
-1.71112 0.112388
-1.70528 0.108179
-1.69944 0.108208
-1.6936 0.107148
-1.68776 0.10254
-1.68192 0.102098
-1.67608 0.0996344
-1.67024 0.0984533
-1.6644 0.096421
-1.65856 0.0935407
-1.65272 0.0952992
-1.64688 0.0968099
-1.64104 0.0951065
-1.6352 0.0938922
-1.62936 0.0935412
-1.62352 0.0968708
-1.61768 0.0943248
-1.61184 0.0949312
-1.606 0.0954433
-1.60016 0.0992972
-1.59432 0.097049
-1.58848 0.096666
-1.58264 0.0962948
-1.5768 0.0992195
-1.57096 0.0996267
-1.56512 0.0999463
-1.55928 0.102595
-1.55344 0.100286
-1.5476 0.104928
-1.54176 0.10748
-1.53592 0.104872
-1.53008 0.109723
-1.52424 0.107601
-1.5184 0.108003
-1.51256 0.11149
-1.50672 0.113215
-1.50088 0.112509
-1.49504 0.113266
-1.4892 0.117458
-1.48336 0.122235
-1.47752 0.120904
-1.47168 0.122916
-1.46584 0.123467
-1.46 0.126707
-1.45416 0.125661
-1.44832 0.127093
-1.44248 0.129458
-1.43664 0.13333
-1.4308 0.133708
-1.42496 0.134373
-1.41912 0.137389
-1.41328 0.139448
-1.40744 0.140039
-1.4016 0.141164
-1.39576 0.143466
-1.38992 0.145748
-1.38408 0.142653
-1.37824 0.145708
-1.3724 0.149882
-1.36656 0.152699
-1.36072 0.152809
-1.35488 0.158388
-1.34904 0.161634
-1.3432 0.164742
-1.33736 0.167669
-1.33152 0.172241
-1.32568 0.173468
-1.31984 0.178413
-1.314 0.178266
-1.30816 0.185424
-1.30232 0.181209
-1.29648 0.187697
-1.29064 0.189069
-1.2848 0.193011
-1.27896 0.199569
-1.27312 0.201786
-1.26728 0.204141
-1.26144 0.20652
-1.2556 0.212549
-1.24976 0.215979
-1.24392 0.220116
-1.23808 0.221032
-1.23224 0.225167
-1.2264 0.227574
-1.22056 0.2286
-1.21472 0.233441
-1.20888 0.23609
-1.20304 0.239933
-1.1972 0.243579
-1.19136 0.245617
-1.18552 0.251727
-1.17968 0.252279
-1.17384 0.254242
-1.168 0.255896
-1.16216 0.260642
-1.15632 0.260612
-1.15048 0.262363
-1.14464 0.264019
-1.1388 0.269844
-1.13296 0.271595
-1.12712 0.274947
-1.12128 0.276838
-1.11544 0.28084
-1.1096 0.286263
-1.10376 0.28807
-1.09792 0.290415
-1.09208 0.294865
-1.08624 0.293184
-1.0804 0.296843
-1.07456 0.300763
-1.06872 0.302033
-1.06288 0.304708
-1.05704 0.311724
-1.0512 0.313721
-1.04536 0.319784
-1.03952 0.318347
-1.03368 0.323757
-1.02784 0.325145
-1.022 0.329361
-1.01616 0.330729
-1.01032 0.332982
-1.00448 0.336048
-0.99864 0.340577
-0.9928 0.341575
-0.98696 0.343571
-0.98112 0.346678
-0.97528 0.351374
-0.96944 0.352307
-0.9636 0.354927
-0.95776 0.357279
-0.95192 0.358449
-0.94608 0.358779
-0.94024 0.361817
-0.9344 0.364572
-0.92856 0.368391
-0.92272 0.367132
-0.91688 0.371619
-0.91104 0.375023
-0.9052 0.377468
-0.89936 0.381333
-0.89352 0.385024
-0.88768 0.386765
-0.88184 0.38873
-0.876 0.390719
-0.87016 0.394787
-0.86432 0.393259
-0.85848 0.396985
-0.85264 0.397457
-0.8468 0.401468
-0.84096 0.407464
-0.83512 0.409621
-0.82928 0.412086
-0.82344 0.413344
-0.8176 0.416138
-0.81176 0.418419
-0.80592 0.421005
-0.80008 0.421315
-0.79424 0.424744
-0.7884 0.426116
-0.78256 0.426881
-0.77672 0.42928
-0.77088 0.430336
-0.76504 0.430714
-0.7592 0.431773
-0.75336 0.433237
-0.74752 0.435138
-0.74168 0.435251
-0.73584 0.435368
-0.73 0.437009
-0.72416 0.434931
-0.71832 0.435168
-0.71248 0.436172
-0.70664 0.437421
-0.7008 0.438296
-0.69496 0.438878
-0.68912 0.438969
-0.68328 0.440799
-0.67744 0.440897
-0.6716 0.443822
-0.66576 0.443964
-0.65992 0.44499
-0.65408 0.44624
-0.64824 0.444864
-0.6424 0.445749
-0.63656 0.446388
-0.63072 0.44761
-0.62488 0.448825
-0.61904 0.451338
-0.6132 0.451875
-0.60736 0.452273
-0.60152 0.451992
-0.59568 0.451992
-0.58984 0.451992
-0.584 0.451992
-0.57816 0.451992
-0.57232 0.451992
-0.56648 0.451992
-0.56064 0.451992
-0.5548 0.451992
-0.54896 0.451992
-0.54312 0.451992
-0.53728 0.451992
-0.53144 0.451992
-0.5256 0.451992
-0.51976 0.451992
-0.51392 0.451992
-0.50808 0.451992
-0.50224 0.451992
-0.4964 0.451992
-0.49056 0.451992
-0.48472 0.451992
-0.47888 0.451992
-0.47304 0.451992
-0.4672 0.451992
-0.46136 0.451992
-0.45552 0.451992
-0.44968 0.451992
-0.44384 0.451992
-0.438 0.451992
-0.43216 0.451992
-0.42632 0.451992
-0.42048 0.451992
-0.41464 0.451992
-0.4088 0.451992
-0.40296 0.451992
-0.39712 0.451992
-0.39128 0.451992
-0.38544 0.451992
-0.3796 0.451992
-0.37376 0.451992
-0.36792 0.451992
-0.36208 0.451992
-0.35624 0.451992
-0.3504 0.451992
-0.34456 0.451992
-0.33872 0.451992
-0.33288 0.451992
-0.32704 0.451992
-0.3212 0.451992
-0.31536 0.451992
-0.30952 0.451992
-0.30368 0.451992
-0.29784 0.451992
-0.292 0.451992
-0.28616 0.451992
-0.28032 0.451992
-0.27448 0.451992
-0.26864 0.451992
-0.2628 0.451992
-0.25696 0.451992
-0.25112 0.451992
-0.24528 0.451992
-0.23944 0.451992
-0.2336 0.451992
-0.22776 0.451992
-0.22192 0.451992
-0.21608 0.451992
-0.21024 0.451992
-0.2044 0.451992
-0.19856 0.451992
-0.19272 0.451992
-0.18688 0.451992
-0.18104 0.451992
-0.1752 0.451992
-0.16936 0.451992
-0.16352 0.451992
-0.15768 0.451992
-0.15184 0.451992
-0.146 0.451992
-0.14016 0.451992
-0.13432 0.451992
-0.12848 0.451992
-0.12264 0.451992
-0.1168 0.451992
-0.11096 0.451992
-0.10512 0.451992
-0.09928 0.451992
-0.09344 0.451992
-0.0876 0.451992
-0.08176 0.451992
-0.07592 0.451992
-0.07008 0.451992
-0.06424 0.451992
-0.0584 0.451992
-0.05256 0.451992
-0.04672 0.451992
-0.04088 0.451992
-0.03504 0.451992
-0.0292 0.451992
-0.02336 0.451992
-0.01752 0.451992
-0.01168 0.451992
-0.00584 0.451992
