-2.92 0.408029
-2.91416 0.408029
-2.90832 0.408029
-2.90248 0.408029
-2.89664 0.408029
-2.8908 0.408029
-2.88496 0.408029
-2.87912 0.408029
-2.87328 0.408029
-2.86744 0.408029
-2.8616 0.408029
-2.85576 0.408029
-2.84992 0.408029
-2.84408 0.408029
-2.83824 0.408029
-2.8324 0.408029
-2.82656 0.408029
-2.82072 0.408029
-2.81488 0.408029
-2.80904 0.408029
-2.8032 0.408029
-2.79736 0.408029
-2.79152 0.408029
-2.78568 0.408029
-2.77984 0.408029
-2.774 0.408029
-2.76816 0.408029
-2.76232 0.408029
-2.75648 0.408029
-2.75064 0.408029
-2.7448 0.408029
-2.73896 0.408029
-2.73312 0.408029
-2.72728 0.408029
-2.72144 0.408029
-2.7156 0.408029
-2.70976 0.408029
-2.70392 0.408029
-2.69808 0.408029
-2.69224 0.408029
-2.6864 0.408029
-2.68056 0.408029
-2.67472 0.408029
-2.66888 0.408029
-2.66304 0.408029
-2.6572 0.408029
-2.65136 0.408029
-2.64552 0.408029
-2.63968 0.408029
-2.63384 0.408029
-2.628 0.408029
-2.62216 0.408029
-2.61632 0.408029
-2.61048 0.408029
-2.60464 0.408029
-2.5988 0.408029
-2.59296 0.40763
-2.58712 0.407011
-2.58128 0.406261
-2.57544 0.405511
-2.5696 0.404544
-2.56376 0.403357
-2.55792 0.402127
-2.55208 0.400807
-2.54624 0.399399
-2.5404 0.397947
-2.53456 0.396366
-2.52872 0.394826
-2.52288 0.393285
-2.51704 0.3917
-2.5112 0.390027
-2.50536 0.388311
-2.49952 0.386639
-2.49368 0.38501
-2.48784 0.383293
-2.482 0.381577
-2.47616 0.379727
-2.47032 0.377793
-2.46448 0.375898
-2.45864 0.373958
-2.4528 0.372018
-2.44696 0.370076
-2.44112 0.36796
-2.43528 0.365756
-2.42944 0.363683
-2.4236 0.361478
-2.41776 0.359318
-2.41192 0.356981
-2.40608 0.354644
-2.40024 0.352218
-2.3944 0.34979
-2.38856 0.347321
-2.38272 0.345018
-2.37688 0.342714
-2.37104 0.340238
-2.3652 0.33793
-2.35936 0.335534
-2.35352 0.333519
-2.34768 0.331165
-2.34184 0.329021
-2.336 0.326709
-2.33016 0.324774
-2.32432 0.321914
-2.31848 0.319804
-2.31264 0.316896
-2.3068 0.315341
-2.30096 0.312649
-2.29512 0.310211
-2.28928 0.307937
-2.28344 0.305828
-2.2776 0.301994
-2.27176 0.299979
-2.26592 0.297537
-2.26008 0.294677
-2.25424 0.292399
-2.2484 0.288981
-2.24256 0.286956
-2.23672 0.28354
-2.23088 0.282608
-2.22504 0.278899
-2.2192 0.277879
-2.21336 0.274293
-2.20752 0.271551
-2.20168 0.268596
-2.19584 0.266361
-2.19 0.264708
-2.18416 0.261586
-2.17832 0.258161
-2.17248 0.254441
-2.16664 0.251651
-2.1608 0.249031
-2.15496 0.247339
-2.14912 0.243449
-2.14328 0.241891
-2.13744 0.238679
-2.1316 0.236775
-2.12576 0.233226
-2.11992 0.231997
-2.11408 0.230476
-2.10824 0.225908
-2.1024 0.223159
-2.09656 0.220409
-2.09072 0.218296
-2.08488 0.215592
-2.07904 0.212932
-2.0732 0.211367
-2.06736 0.208751
-2.06152 0.204563
-2.05568 0.202664
-2.04984 0.201065
-2.044 0.197858
-2.03816 0.196375
-2.03232 0.191303
-2.02648 0.191559
-2.02064 0.186907
-2.0148 0.184747
-2.00896 0.181792
-2.00312 0.178576
-1.99728 0.177854
-1.99144 0.174518
-1.9856 0.174632
-1.97976 0.173091
-1.97392 0.171958
-1.96808 0.171396
-1.96224 0.170023
-1.9564 0.168881
-1.95056 0.167399
-1.94472 0.164523
-1.93888 0.16471
-1.93304 0.164659
-1.9272 0.162452
-1.92136 0.16122
-1.91552 0.160714
-1.90968 0.160843
-1.90384 0.160341
-1.898 0.160281
-1.89216 0.15921
-1.88632 0.157776
-1.88048 0.159373
-1.87464 0.157153
-1.8688 0.157826
-1.86296 0.156474
-1.85712 0.156934
-1.85128 0.158895
-1.84544 0.159613
-1.8396 0.156363
-1.83376 0.157569
-1.82792 0.15796
-1.82208 0.15771
-1.81624 0.159181
-1.8104 0.158711
-1.80456 0.158412
-1.79872 0.159268
-1.79288 0.158525
-1.78704 0.157044
-1.7812 0.158517
-1.77536 0.157157
-1.76952 0.158352
-1.76368 0.157411
-1.75784 0.157385
-1.752 0.159618
-1.74616 0.157522
-1.74032 0.158622
-1.73448 0.160847
-1.72864 0.158805
-1.7228 0.162179
-1.71696 0.160228
-1.71112 0.161661
-1.70528 0.163123
-1.69944 0.167714
-1.6936 0.167458
-1.68776 0.166798
-1.68192 0.165229
-1.67608 0.165445
-1.67024 0.164431
-1.6644 0.164906
-1.65856 0.16484
-1.65272 0.164838
-1.64688 0.166503
-1.64104 0.166593
-1.6352 0.167533
-1.62936 0.166156
-1.62352 0.167578
-1.61768 0.165188
-1.61184 0.169674
-1.606 0.171095
-1.60016 0.173802
-1.59432 0.171696
-1.58848 0.178814
-1.58264 0.175588
-1.5768 0.179411
-1.57096 0.186095
-1.56512 0.184581
-1.55928 0.185793
-1.55344 0.190883
-1.5476 0.193037
-1.54176 0.192729
-1.53592 0.197458
-1.53008 0.193492
-1.52424 0.200556
-1.5184 0.205643
-1.51256 0.207153
-1.50672 0.206146
-1.50088 0.209374
-1.49504 0.213272
-1.4892 0.213514
-1.48336 0.211321
-1.47752 0.215079
-1.47168 0.220791
-1.46584 0.220191
-1.46 0.224401
-1.45416 0.225786
-1.44832 0.231715
-1.44248 0.233086
-1.43664 0.231329
-1.4308 0.236239
-1.42496 0.237977
-1.41912 0.242015
-1.41328 0.244108
-1.40744 0.248782
-1.4016 0.251288
-1.39576 0.253472
-1.38992 0.254133
-1.38408 0.259473
-1.37824 0.262826
-1.3724 0.264904
-1.36656 0.266751
-1.36072 0.269573
-1.35488 0.274116
-1.34904 0.268574
-1.3432 0.279667
-1.33736 0.278921
-1.33152 0.282849
-1.32568 0.285628
-1.31984 0.289912
-1.314 0.294163
-1.30816 0.292539
-1.30232 0.298994
-1.29648 0.299618
-1.29064 0.301811
-1.2848 0.307147
-1.27896 0.306215
-1.27312 0.31386
-1.26728 0.315808
-1.26144 0.315511
-1.2556 0.316599
-1.24976 0.322154
-1.24392 0.322159
-1.23808 0.327315
-1.23224 0.327201
-1.2264 0.331471
-1.22056 0.329678
-1.21472 0.334133
-1.20888 0.340967
-1.20304 0.341964
-1.1972 0.346693
-1.19136 0.346289
-1.18552 0.350628
-1.17968 0.351118
-1.17384 0.356958
-1.168 0.355513
-1.16216 0.360975
-1.15632 0.359884
-1.15048 0.365202
-1.14464 0.365245
-1.1388 0.367123
-1.13296 0.372296
-1.12712 0.371874
-1.12128 0.375394
-1.11544 0.379025
-1.1096 0.381967
-1.10376 0.382728
-1.09792 0.386595
-1.09208 0.382044
-1.08624 0.386671
-1.0804 0.393691
-1.07456 0.393384
-1.06872 0.396185
-1.06288 0.392894
-1.05704 0.397682
-1.0512 0.396477
-1.04536 0.392637
-1.03952 0.395217
-1.03368 0.398693
-1.02784 0.394087
-1.022 0.395646
-1.01616 0.395082
-1.01032 0.397016
-1.00448 0.395194
-0.99864 0.391465
-0.9928 0.394949
-0.98696 0.393651
-0.98112 0.395902
-0.97528 0.394254
-0.96944 0.394531
-0.9636 0.396859
-0.95776 0.393244
-0.95192 0.39104
-0.94608 0.393988
-0.94024 0.393196
-0.9344 0.393416
-0.92856 0.391761
-0.92272 0.39257
-0.91688 0.39374
-0.91104 0.386929
-0.9052 0.392161
-0.89936 0.390807
-0.89352 0.391244
-0.88768 0.390667
-0.88184 0.391468
-0.876 0.39105
-0.87016 0.389533
-0.86432 0.39035
-0.85848 0.390879
-0.85264 0.390856
-0.8468 0.390292
-0.84096 0.392296
-0.83512 0.391603
-0.82928 0.390935
-0.82344 0.388775
-0.8176 0.387957
-0.81176 0.388249
-0.80592 0.388264
-0.80008 0.389429
-0.79424 0.389724
-0.7884 0.390912
-0.78256 0.389529
-0.77672 0.390539
-0.77088 0.390645
-0.76504 0.38941
-0.7592 0.391347
-0.75336 0.391603
-0.74752 0.3918
-0.74168 0.391829
-0.73584 0.393198
-0.73 0.393537
-0.72416 0.393704
-0.71832 0.395659
-0.71248 0.395841
-0.70664 0.397162
-0.7008 0.3968
-0.69496 0.397678
-0.68912 0.398293
-0.68328 0.40031
-0.67744 0.403378
-0.6716 0.405458
-0.66576 0.405589
-0.65992 0.407477
-0.65408 0.407143
-0.64824 0.408177
-0.6424 0.409993
-0.63656 0.411189
-0.63072 0.411219
-0.62488 0.411888
-0.61904 0.412504
-0.6132 0.412723
-0.60736 0.411784
-0.60152 0.412351
-0.59568 0.412351
-0.58984 0.412351
-0.584 0.412351
-0.57816 0.412351
-0.57232 0.412351
-0.56648 0.412351
-0.56064 0.412351
-0.5548 0.412351
-0.54896 0.412351
-0.54312 0.412351
-0.53728 0.412351
-0.53144 0.412351
-0.5256 0.412351
-0.51976 0.412351
-0.51392 0.412351
-0.50808 0.412351
-0.50224 0.412351
-0.4964 0.412351
-0.49056 0.412351
-0.48472 0.412351
-0.47888 0.412351
-0.47304 0.412351
-0.4672 0.412351
-0.46136 0.412351
-0.45552 0.412351
-0.44968 0.412351
-0.44384 0.412351
-0.438 0.412351
-0.43216 0.412351
-0.42632 0.412351
-0.42048 0.412351
-0.41464 0.412351
-0.4088 0.412351
-0.40296 0.412351
-0.39712 0.412351
-0.39128 0.412351
-0.38544 0.412351
-0.3796 0.412351
-0.37376 0.412351
-0.36792 0.412351
-0.36208 0.412351
-0.35624 0.412351
-0.3504 0.412351
-0.34456 0.412351
-0.33872 0.412351
-0.33288 0.412351
-0.32704 0.412351
-0.3212 0.412351
-0.31536 0.412351
-0.30952 0.412351
-0.30368 0.412351
-0.29784 0.412351
-0.292 0.412351
-0.28616 0.412351
-0.28032 0.412351
-0.27448 0.412351
-0.26864 0.412351
-0.2628 0.412351
-0.25696 0.412351
-0.25112 0.412351
-0.24528 0.412351
-0.23944 0.412351
-0.2336 0.412351
-0.22776 0.412351
-0.22192 0.412351
-0.21608 0.412351
-0.21024 0.412351
-0.2044 0.412351
-0.19856 0.412351
-0.19272 0.412351
-0.18688 0.412351
-0.18104 0.412351
-0.1752 0.412351
-0.16936 0.412351
-0.16352 0.412351
-0.15768 0.412351
-0.15184 0.412351
-0.146 0.412351
-0.14016 0.412351
-0.13432 0.412351
-0.12848 0.412351
-0.12264 0.412351
-0.1168 0.412351
-0.11096 0.412351
-0.10512 0.412351
-0.09928 0.412351
-0.09344 0.412351
-0.0876 0.412351
-0.08176 0.412351
-0.07592 0.412351
-0.07008 0.412351
-0.06424 0.412351
-0.0584 0.412351
-0.05256 0.412351
-0.04672 0.412351
-0.04088 0.412351
-0.03504 0.412351
-0.0292 0.412351
-0.02336 0.412351
-0.01752 0.412351
-0.01168 0.412351
-0.00584 0.412351
