-2.92 0.430512
-2.91416 0.430512
-2.90832 0.430512
-2.90248 0.430512
-2.89664 0.430512
-2.8908 0.430512
-2.88496 0.430512
-2.87912 0.430512
-2.87328 0.430512
-2.86744 0.430512
-2.8616 0.430512
-2.85576 0.430512
-2.84992 0.430512
-2.84408 0.430512
-2.83824 0.430512
-2.8324 0.430512
-2.82656 0.430512
-2.82072 0.430512
-2.81488 0.430512
-2.80904 0.430512
-2.8032 0.430512
-2.79736 0.430512
-2.79152 0.430512
-2.78568 0.430512
-2.77984 0.430512
-2.774 0.430512
-2.76816 0.430512
-2.76232 0.430512
-2.75648 0.430512
-2.75064 0.430512
-2.7448 0.430512
-2.73896 0.430512
-2.73312 0.430512
-2.72728 0.430512
-2.72144 0.430512
-2.7156 0.430512
-2.70976 0.430512
-2.70392 0.430512
-2.69808 0.430512
-2.69224 0.430512
-2.6864 0.430512
-2.68056 0.430512
-2.67472 0.430512
-2.66888 0.430512
-2.66304 0.430512
-2.6572 0.430512
-2.65136 0.430512
-2.64552 0.430512
-2.63968 0.430512
-2.63384 0.430512
-2.628 0.430512
-2.62216 0.430512
-2.61632 0.430512
-2.61048 0.430512
-2.60464 0.430512
-2.5988 0.430512
-2.59296 0.430245
-2.58712 0.42967
-2.58128 0.428963
-2.57544 0.42821
-2.5696 0.427387
-2.56376 0.426394
-2.55792 0.425314
-2.55208 0.424146
-2.54624 0.422975
-2.5404 0.421761
-2.53456 0.420504
-2.52872 0.419155
-2.52288 0.417718
-2.51704 0.416235
-2.5112 0.414664
-2.50536 0.412917
-2.49952 0.411172
-2.49368 0.409338
-2.48784 0.407461
-2.482 0.405627
-2.47616 0.403661
-2.47032 0.401692
-2.46448 0.399679
-2.45864 0.397535
-2.4528 0.395347
-2.44696 0.393248
-2.44112 0.39106
-2.43528 0.388786
-2.42944 0.386593
-2.4236 0.384317
-2.41776 0.382038
-2.41192 0.379714
-2.40608 0.377347
-2.40024 0.374851
-2.3944 0.372392
-2.38856 0.369836
-2.38272 0.367334
-2.37688 0.364702
-2.37104 0.361988
-2.3652 0.359355
-2.35936 0.356551
-2.35352 0.354001
-2.34768 0.351328
-2.34184 0.348524
-2.336 0.345717
-2.33016 0.343037
-2.32432 0.340319
-2.31848 0.337593
-2.31264 0.33487
-2.3068 0.332154
-2.30096 0.329389
-2.29512 0.326582
-2.28928 0.323937
-2.28344 0.321126
-2.2776 0.318227
-2.27176 0.315337
-2.26592 0.312487
-2.26008 0.310094
-2.25424 0.306899
-2.2484 0.303995
-2.24256 0.301133
-2.23672 0.298016
-2.23088 0.295072
-2.22504 0.292463
-2.2192 0.288966
-2.21336 0.286134
-2.20752 0.283187
-2.20168 0.2804
-2.19584 0.276987
-2.19 0.273783
-2.18416 0.271252
-2.17832 0.267922
-2.17248 0.264573
-2.16664 0.262292
-2.1608 0.258796
-2.15496 0.255717
-2.14912 0.252425
-2.14328 0.249426
-2.13744 0.246638
-2.1316 0.243643
-2.12576 0.239973
-2.11992 0.23672
-2.11408 0.233721
-2.10824 0.23076
-2.1024 0.227764
-2.09656 0.224684
-2.09072 0.22135
-2.08488 0.217848
-2.07904 0.21565
-2.0732 0.211935
-2.06736 0.209105
-2.06152 0.205347
-2.05568 0.201975
-2.04984 0.199442
-2.044 0.196577
-2.03816 0.193832
-2.03232 0.190156
-2.02648 0.187709
-2.02064 0.18416
-2.0148 0.180319
-2.00896 0.178002
-2.00312 0.174241
-1.99728 0.17259
-1.99144 0.170314
-1.9856 0.168238
-1.97976 0.167303
-1.97392 0.166036
-1.96808 0.164137
-1.96224 0.161967
-1.9564 0.161635
-1.95056 0.158939
-1.94472 0.157589
-1.93888 0.157076
-1.93304 0.1565
-1.9272 0.154191
-1.92136 0.154076
-1.91552 0.153162
-1.90968 0.152009
-1.90384 0.150837
-1.898 0.149488
-1.89216 0.149615
-1.88632 0.150544
-1.88048 0.148561
-1.87464 0.147662
-1.8688 0.148322
-1.86296 0.146653
-1.85712 0.146339
-1.85128 0.149099
-1.84544 0.147246
-1.8396 0.147786
-1.83376 0.147818
-1.82792 0.147182
-1.82208 0.147897
-1.81624 0.150205
-1.8104 0.14863
-1.80456 0.147011
-1.79872 0.149593
-1.79288 0.150272
-1.78704 0.151311
-1.7812 0.14983
-1.77536 0.150806
-1.76952 0.150343
-1.76368 0.149391
-1.75784 0.154829
-1.752 0.150574
-1.74616 0.153771
-1.74032 0.154042
-1.73448 0.155264
-1.72864 0.155234
-1.7228 0.158103
-1.71696 0.159673
-1.71112 0.159424
-1.70528 0.158697
-1.69944 0.16063
-1.6936 0.163631
-1.68776 0.163111
-1.68192 0.163949
-1.67608 0.162028
-1.67024 0.163844
-1.6644 0.163368
-1.65856 0.164995
-1.65272 0.166373
-1.64688 0.166037
-1.64104 0.166182
-1.6352 0.169514
-1.62936 0.168382
-1.62352 0.16787
-1.61768 0.170649
-1.61184 0.169
-1.606 0.172548
-1.60016 0.178269
-1.59432 0.173649
-1.58848 0.18035
-1.58264 0.187097
-1.5768 0.181321
-1.57096 0.185794
-1.56512 0.187406
-1.55928 0.191377
-1.55344 0.191791
-1.5476 0.199191
-1.54176 0.202825
-1.53592 0.204139
-1.53008 0.204992
-1.52424 0.205412
-1.5184 0.212327
-1.51256 0.213768
-1.50672 0.217612
-1.50088 0.217931
-1.49504 0.222911
-1.4892 0.223666
-1.48336 0.226775
-1.47752 0.229355
-1.47168 0.230057
-1.46584 0.233168
-1.46 0.238072
-1.45416 0.239824
-1.44832 0.239978
-1.44248 0.242745
-1.43664 0.247411
-1.4308 0.251653
-1.42496 0.257081
-1.41912 0.259095
-1.41328 0.2597
-1.40744 0.262224
-1.4016 0.267079
-1.39576 0.270363
-1.38992 0.273686
-1.38408 0.280202
-1.37824 0.284663
-1.3724 0.283633
-1.36656 0.28749
-1.36072 0.289344
-1.35488 0.292541
-1.34904 0.292647
-1.3432 0.296608
-1.33736 0.299362
-1.33152 0.305202
-1.32568 0.304783
-1.31984 0.310343
-1.314 0.311644
-1.30816 0.312595
-1.30232 0.319893
-1.29648 0.323599
-1.29064 0.326696
-1.2848 0.331213
-1.27896 0.334256
-1.27312 0.334851
-1.26728 0.334367
-1.26144 0.339702
-1.2556 0.343077
-1.24976 0.344546
-1.24392 0.352363
-1.23808 0.349667
-1.23224 0.354291
-1.2264 0.357196
-1.22056 0.359584
-1.21472 0.363416
-1.20888 0.363317
-1.20304 0.372846
-1.1972 0.374299
-1.19136 0.374764
-1.18552 0.375014
-1.17968 0.382863
-1.17384 0.383905
-1.168 0.386605
-1.16216 0.391305
-1.15632 0.388428
-1.15048 0.393274
-1.14464 0.398247
-1.1388 0.395078
-1.13296 0.395642
-1.12712 0.399878
-1.12128 0.405348
-1.11544 0.405019
-1.1096 0.412182
-1.10376 0.416026
-1.09792 0.415424
-1.09208 0.415493
-1.08624 0.414003
-1.0804 0.421573
-1.07456 0.421396
-1.06872 0.425439
-1.06288 0.424802
-1.05704 0.429593
-1.0512 0.426515
-1.04536 0.429608
-1.03952 0.429317
-1.03368 0.428023
-1.02784 0.428593
-1.022 0.429355
-1.01616 0.427678
-1.01032 0.425589
-1.00448 0.426934
-0.99864 0.42738
-0.9928 0.428156
-0.98696 0.432486
-0.98112 0.430708
-0.97528 0.428615
-0.96944 0.428789
-0.9636 0.429806
-0.95776 0.43079
-0.95192 0.431276
-0.94608 0.432781
-0.94024 0.431267
-0.9344 0.431116
-0.92856 0.431448
-0.92272 0.430685
-0.91688 0.429637
-0.91104 0.427796
-0.9052 0.428921
-0.89936 0.431108
-0.89352 0.43241
-0.88768 0.430489
-0.88184 0.432725
-0.876 0.433502
-0.87016 0.430037
-0.86432 0.433837
-0.85848 0.433617
-0.85264 0.435391
-0.8468 0.434776
-0.84096 0.435642
-0.83512 0.435745
-0.82928 0.433497
-0.82344 0.43317
-0.8176 0.432911
-0.81176 0.433953
-0.80592 0.435
-0.80008 0.432719
-0.79424 0.434897
-0.7884 0.434297
-0.78256 0.435457
-0.77672 0.435754
-0.77088 0.436096
-0.76504 0.437295
-0.7592 0.436429
-0.75336 0.437045
-0.74752 0.437413
-0.74168 0.439207
-0.73584 0.440151
-0.73 0.441176
-0.72416 0.441653
-0.71832 0.441544
-0.71248 0.442606
-0.70664 0.444007
-0.7008 0.444429
-0.69496 0.444813
-0.68912 0.44588
-0.68328 0.447399
-0.67744 0.451547
-0.6716 0.452254
-0.66576 0.453894
-0.65992 0.45449
-0.65408 0.455326
-0.64824 0.455706
-0.6424 0.458732
-0.63656 0.459649
-0.63072 0.459976
-0.62488 0.460099
-0.61904 0.460289
-0.6132 0.459805
-0.60736 0.45886
-0.60152 0.459424
-0.59568 0.459424
-0.58984 0.459424
-0.584 0.459424
-0.57816 0.459424
-0.57232 0.459424
-0.56648 0.459424
-0.56064 0.459424
-0.5548 0.459424
-0.54896 0.459424
-0.54312 0.459424
-0.53728 0.459424
-0.53144 0.459424
-0.5256 0.459424
-0.51976 0.459424
-0.51392 0.459424
-0.50808 0.459424
-0.50224 0.459424
-0.4964 0.459424
-0.49056 0.459424
-0.48472 0.459424
-0.47888 0.459424
-0.47304 0.459424
-0.4672 0.459424
-0.46136 0.459424
-0.45552 0.459424
-0.44968 0.459424
-0.44384 0.459424
-0.438 0.459424
-0.43216 0.459424
-0.42632 0.459424
-0.42048 0.459424
-0.41464 0.459424
-0.4088 0.459424
-0.40296 0.459424
-0.39712 0.459424
-0.39128 0.459424
-0.38544 0.459424
-0.3796 0.459424
-0.37376 0.459424
-0.36792 0.459424
-0.36208 0.459424
-0.35624 0.459424
-0.3504 0.459424
-0.34456 0.459424
-0.33872 0.459424
-0.33288 0.459424
-0.32704 0.459424
-0.3212 0.459424
-0.31536 0.459424
-0.30952 0.459424
-0.30368 0.459424
-0.29784 0.459424
-0.292 0.459424
-0.28616 0.459424
-0.28032 0.459424
-0.27448 0.459424
-0.26864 0.459424
-0.2628 0.459424
-0.25696 0.459424
-0.25112 0.459424
-0.24528 0.459424
-0.23944 0.459424
-0.2336 0.459424
-0.22776 0.459424
-0.22192 0.459424
-0.21608 0.459424
-0.21024 0.459424
-0.2044 0.459424
-0.19856 0.459424
-0.19272 0.459424
-0.18688 0.459424
-0.18104 0.459424
-0.1752 0.459424
-0.16936 0.459424
-0.16352 0.459424
-0.15768 0.459424
-0.15184 0.459424
-0.146 0.459424
-0.14016 0.459424
-0.13432 0.459424
-0.12848 0.459424
-0.12264 0.459424
-0.1168 0.459424
-0.11096 0.459424
-0.10512 0.459424
-0.09928 0.459424
-0.09344 0.459424
-0.0876 0.459424
-0.08176 0.459424
-0.07592 0.459424
-0.07008 0.459424
-0.06424 0.459424
-0.0584 0.459424
-0.05256 0.459424
-0.04672 0.459424
-0.04088 0.459424
-0.03504 0.459424
-0.0292 0.459424
-0.02336 0.459424
-0.01752 0.459424
-0.01168 0.459424
-0.00584 0.459424
