-2.92 0.368163
-2.91416 0.368163
-2.90832 0.368163
-2.90248 0.368163
-2.89664 0.368163
-2.8908 0.368163
-2.88496 0.368163
-2.87912 0.368163
-2.87328 0.368163
-2.86744 0.368163
-2.8616 0.368163
-2.85576 0.368163
-2.84992 0.368163
-2.84408 0.368163
-2.83824 0.368163
-2.8324 0.368163
-2.82656 0.368163
-2.82072 0.368163
-2.81488 0.368163
-2.80904 0.368163
-2.8032 0.368163
-2.79736 0.368163
-2.79152 0.368163
-2.78568 0.368163
-2.77984 0.368163
-2.774 0.368163
-2.76816 0.368163
-2.76232 0.368163
-2.75648 0.368163
-2.75064 0.368163
-2.7448 0.368163
-2.73896 0.368163
-2.73312 0.368163
-2.72728 0.368163
-2.72144 0.368163
-2.7156 0.368163
-2.70976 0.368163
-2.70392 0.368163
-2.69808 0.368163
-2.69224 0.368163
-2.6864 0.368163
-2.68056 0.368163
-2.67472 0.368163
-2.66888 0.368163
-2.66304 0.368163
-2.6572 0.368163
-2.65136 0.368163
-2.64552 0.368163
-2.63968 0.368163
-2.63384 0.368163
-2.628 0.368163
-2.62216 0.368163
-2.61632 0.368163
-2.61048 0.368163
-2.60464 0.368163
-2.5988 0.368163
-2.59296 0.367718
-2.58712 0.367056
-2.58128 0.366261
-2.57544 0.365422
-2.5696 0.364538
-2.56376 0.363564
-2.55792 0.362502
-2.55208 0.361438
-2.54624 0.360242
-2.5404 0.359003
-2.53456 0.357673
-2.52872 0.356254
-2.52288 0.35488
-2.51704 0.353461
-2.5112 0.352042
-2.50536 0.350535
-2.49952 0.349073
-2.49368 0.347522
-2.48784 0.346018
-2.482 0.344468
-2.47616 0.342652
-2.47032 0.340749
-2.46448 0.338844
-2.45864 0.33694
-2.4528 0.33508
-2.44696 0.333129
-2.44112 0.331222
-2.43528 0.329185
-2.42944 0.327235
-2.4236 0.325317
-2.41776 0.323317
-2.41192 0.321404
-2.40608 0.319061
-2.40024 0.317308
-2.3944 0.314967
-2.38856 0.313172
-2.38272 0.311249
-2.37688 0.308863
-2.37104 0.307401
-2.3652 0.304557
-2.35936 0.303385
-2.35352 0.301043
-2.34768 0.299035
-2.34184 0.296226
-2.336 0.294424
-2.33016 0.292499
-2.32432 0.290527
-2.31848 0.288593
-2.31264 0.286532
-2.3068 0.284476
-2.30096 0.282336
-2.29512 0.281418
-2.28928 0.279318
-2.28344 0.277852
-2.2776 0.275747
-2.27176 0.274416
-2.26592 0.273711
-2.26008 0.271406
-2.25424 0.270106
-2.2484 0.270315
-2.24256 0.268423
-2.23672 0.266913
-2.23088 0.2665
-2.22504 0.266117
-2.2192 0.264066
-2.21336 0.263731
-2.20752 0.264203
-2.20168 0.262353
-2.19584 0.260965
-2.19 0.259917
-2.18416 0.259203
-2.17832 0.258536
-2.17248 0.259601
-2.16664 0.257067
-2.1608 0.257539
-2.15496 0.256532
-2.14912 0.255735
-2.14328 0.254138
-2.13744 0.252873
-2.1316 0.253891
-2.12576 0.25183
-2.11992 0.252852
-2.11408 0.252317
-2.10824 0.252192
-2.1024 0.250592
-2.09656 0.249035
-2.09072 0.247305
-2.08488 0.249135
-2.07904 0.249401
-2.0732 0.247294
-2.06736 0.246837
-2.06152 0.246297
-2.05568 0.24398
-2.04984 0.246916
-2.044 0.246293
-2.03816 0.242796
-2.03232 0.242343
-2.02648 0.240527
-2.02064 0.24075
-2.0148 0.240253
-2.00896 0.237779
-2.00312 0.238461
-1.99728 0.238895
-1.99144 0.238665
-1.9856 0.238333
-1.97976 0.236991
-1.97392 0.234417
-1.96808 0.236291
-1.96224 0.23457
-1.9564 0.233612
-1.95056 0.23439
-1.94472 0.232887
-1.93888 0.230903
-1.93304 0.229866
-1.9272 0.229706
-1.92136 0.226498
-1.91552 0.22279
-1.90968 0.222293
-1.90384 0.221086
-1.898 0.217285
-1.89216 0.216117
-1.88632 0.213563
-1.88048 0.211868
-1.87464 0.209343
-1.8688 0.208932
-1.86296 0.202133
-1.85712 0.201423
-1.85128 0.198663
-1.84544 0.195032
-1.8396 0.193792
-1.83376 0.189744
-1.82792 0.186576
-1.82208 0.183152
-1.81624 0.181384
-1.8104 0.180819
-1.80456 0.176819
-1.79872 0.173234
-1.79288 0.169696
-1.78704 0.167886
-1.7812 0.163882
-1.77536 0.160036
-1.76952 0.157545
-1.76368 0.153825
-1.75784 0.15252
-1.752 0.149661
-1.74616 0.143504
-1.74032 0.141814
-1.73448 0.138083
-1.72864 0.136199
-1.7228 0.132469
-1.71696 0.131593
-1.71112 0.124735
-1.70528 0.124814
-1.69944 0.121814
-1.6936 0.118372
-1.68776 0.117084
-1.68192 0.111461
-1.67608 0.108856
-1.67024 0.107766
-1.6644 0.103985
-1.65856 0.103227
-1.65272 0.104044
-1.64688 0.101822
-1.64104 0.100526
-1.6352 0.101317
-1.62936 0.101106
-1.62352 0.100849
-1.61768 0.0991189
-1.61184 0.100863
-1.606 0.0993888
-1.60016 0.0980727
-1.59432 0.0983187
-1.58848 0.0980627
-1.58264 0.0967504
-1.5768 0.100908
-1.57096 0.0971708
-1.56512 0.0996811
-1.55928 0.100042
-1.55344 0.101156
-1.5476 0.102044
-1.54176 0.103077
-1.53592 0.103463
-1.53008 0.103451
-1.52424 0.102491
-1.5184 0.103755
-1.51256 0.104491
-1.50672 0.102785
-1.50088 0.105182
-1.49504 0.108951
-1.4892 0.109928
-1.48336 0.109532
-1.47752 0.111515
-1.47168 0.110991
-1.46584 0.109854
-1.46 0.113098
-1.45416 0.115209
-1.44832 0.112981
-1.44248 0.117637
-1.43664 0.118229
-1.4308 0.118891
-1.42496 0.118254
-1.41912 0.11982
-1.41328 0.123351
-1.40744 0.123916
-1.4016 0.121927
-1.39576 0.126009
-1.38992 0.129988
-1.38408 0.122962
-1.37824 0.127613
-1.3724 0.130653
-1.36656 0.133527
-1.36072 0.136219
-1.35488 0.138138
-1.34904 0.139715
-1.3432 0.144509
-1.33736 0.147169
-1.33152 0.151378
-1.32568 0.157873
-1.31984 0.159307
-1.314 0.159645
-1.30816 0.160048
-1.30232 0.164437
-1.29648 0.168054
-1.29064 0.17053
-1.2848 0.1728
-1.27896 0.17769
-1.27312 0.180748
-1.26728 0.186977
-1.26144 0.18719
-1.2556 0.190372
-1.24976 0.193783
-1.24392 0.199365
-1.23808 0.196611
-1.23224 0.202113
-1.2264 0.205586
-1.22056 0.209062
-1.21472 0.209765
-1.20888 0.215084
-1.20304 0.215771
-1.1972 0.220265
-1.19136 0.225053
-1.18552 0.226971
-1.17968 0.228225
-1.17384 0.233099
-1.168 0.234088
-1.16216 0.23301
-1.15632 0.236116
-1.15048 0.239883
-1.14464 0.241753
-1.1388 0.243761
-1.13296 0.245827
-1.12712 0.250855
-1.12128 0.254239
-1.11544 0.258604
-1.1096 0.260132
-1.10376 0.266738
-1.09792 0.26764
-1.09208 0.270685
-1.08624 0.270256
-1.0804 0.272522
-1.07456 0.277177
-1.06872 0.27678
-1.06288 0.28041
-1.05704 0.288752
-1.0512 0.291123
-1.04536 0.293041
-1.03952 0.295547
-1.03368 0.297045
-1.02784 0.29858
-1.022 0.304576
-1.01616 0.30655
-1.01032 0.307308
-1.00448 0.315066
-0.99864 0.314929
-0.9928 0.317011
-0.98696 0.318562
-0.98112 0.321475
-0.97528 0.32545
-0.96944 0.327064
-0.9636 0.328437
-0.95776 0.332147
-0.95192 0.334995
-0.94608 0.331255
-0.94024 0.335201
-0.9344 0.338787
-0.92856 0.340621
-0.92272 0.342359
-0.91688 0.343591
-0.91104 0.346804
-0.9052 0.350444
-0.89936 0.353802
-0.89352 0.356209
-0.88768 0.360438
-0.88184 0.361917
-0.876 0.363142
-0.87016 0.363172
-0.86432 0.36438
-0.85848 0.367888
-0.85264 0.369874
-0.8468 0.372328
-0.84096 0.376406
-0.83512 0.37907
-0.82928 0.380882
-0.82344 0.381685
-0.8176 0.38438
-0.81176 0.386408
-0.80592 0.390204
-0.80008 0.389526
-0.79424 0.391635
-0.7884 0.393734
-0.78256 0.395035
-0.77672 0.395497
-0.77088 0.397889
-0.76504 0.397118
-0.7592 0.399056
-0.75336 0.399454
-0.74752 0.39982
-0.74168 0.400355
-0.73584 0.401163
-0.73 0.399517
-0.72416 0.397647
-0.71832 0.398595
-0.71248 0.399329
-0.70664 0.399223
-0.7008 0.400734
-0.69496 0.401441
-0.68912 0.401603
-0.68328 0.401828
-0.67744 0.403358
-0.6716 0.405904
-0.66576 0.405828
-0.65992 0.40642
-0.65408 0.407457
-0.64824 0.406289
-0.6424 0.406617
-0.63656 0.407281
-0.63072 0.408372
-0.62488 0.409364
-0.61904 0.411494
-0.6132 0.411848
-0.60736 0.412073
-0.60152 0.411747
-0.59568 0.411747
-0.58984 0.411747
-0.584 0.411747
-0.57816 0.411747
-0.57232 0.411747
-0.56648 0.411747
-0.56064 0.411747
-0.5548 0.411747
-0.54896 0.411747
-0.54312 0.411747
-0.53728 0.411747
-0.53144 0.411747
-0.5256 0.411747
-0.51976 0.411747
-0.51392 0.411747
-0.50808 0.411747
-0.50224 0.411747
-0.4964 0.411747
-0.49056 0.411747
-0.48472 0.411747
-0.47888 0.411747
-0.47304 0.411747
-0.4672 0.411747
-0.46136 0.411747
-0.45552 0.411747
-0.44968 0.411747
-0.44384 0.411747
-0.438 0.411747
-0.43216 0.411747
-0.42632 0.411747
-0.42048 0.411747
-0.41464 0.411747
-0.4088 0.411747
-0.40296 0.411747
-0.39712 0.411747
-0.39128 0.411747
-0.38544 0.411747
-0.3796 0.411747
-0.37376 0.411747
-0.36792 0.411747
-0.36208 0.411747
-0.35624 0.411747
-0.3504 0.411747
-0.34456 0.411747
-0.33872 0.411747
-0.33288 0.411747
-0.32704 0.411747
-0.3212 0.411747
-0.31536 0.411747
-0.30952 0.411747
-0.30368 0.411747
-0.29784 0.411747
-0.292 0.411747
-0.28616 0.411747
-0.28032 0.411747
-0.27448 0.411747
-0.26864 0.411747
-0.2628 0.411747
-0.25696 0.411747
-0.25112 0.411747
-0.24528 0.411747
-0.23944 0.411747
-0.2336 0.411747
-0.22776 0.411747
-0.22192 0.411747
-0.21608 0.411747
-0.21024 0.411747
-0.2044 0.411747
-0.19856 0.411747
-0.19272 0.411747
-0.18688 0.411747
-0.18104 0.411747
-0.1752 0.411747
-0.16936 0.411747
-0.16352 0.411747
-0.15768 0.411747
-0.15184 0.411747
-0.146 0.411747
-0.14016 0.411747
-0.13432 0.411747
-0.12848 0.411747
-0.12264 0.411747
-0.1168 0.411747
-0.11096 0.411747
-0.10512 0.411747
-0.09928 0.411747
-0.09344 0.411747
-0.0876 0.411747
-0.08176 0.411747
-0.07592 0.411747
-0.07008 0.411747
-0.06424 0.411747
-0.0584 0.411747
-0.05256 0.411747
-0.04672 0.411747
-0.04088 0.411747
-0.03504 0.411747
-0.0292 0.411747
-0.02336 0.411747
-0.01752 0.411747
-0.01168 0.411747
-0.00584 0.411747
