-2.92 0.396323
-2.91416 0.396323
-2.90832 0.396323
-2.90248 0.396323
-2.89664 0.396323
-2.8908 0.396323
-2.88496 0.396323
-2.87912 0.396323
-2.87328 0.396323
-2.86744 0.396323
-2.8616 0.396323
-2.85576 0.396323
-2.84992 0.396323
-2.84408 0.396323
-2.83824 0.396323
-2.8324 0.396323
-2.82656 0.396323
-2.82072 0.396323
-2.81488 0.396323
-2.80904 0.396323
-2.8032 0.396323
-2.79736 0.396323
-2.79152 0.396323
-2.78568 0.396323
-2.77984 0.396323
-2.774 0.396323
-2.76816 0.396323
-2.76232 0.396323
-2.75648 0.396323
-2.75064 0.396323
-2.7448 0.396323
-2.73896 0.396323
-2.73312 0.396323
-2.72728 0.396323
-2.72144 0.396323
-2.7156 0.396323
-2.70976 0.396323
-2.70392 0.396323
-2.69808 0.396323
-2.69224 0.396323
-2.6864 0.396323
-2.68056 0.396323
-2.67472 0.396323
-2.66888 0.396323
-2.66304 0.396323
-2.6572 0.396323
-2.65136 0.396323
-2.64552 0.396323
-2.63968 0.396323
-2.63384 0.396323
-2.628 0.396323
-2.62216 0.396323
-2.61632 0.396323
-2.61048 0.396323
-2.60464 0.396323
-2.5988 0.396323
-2.59296 0.395971
-2.58712 0.395442
-2.58128 0.394737
-2.57544 0.39403
-2.5696 0.393061
-2.56376 0.392089
-2.55792 0.391117
-2.55208 0.390057
-2.54624 0.388866
-2.5404 0.387631
-2.53456 0.38631
-2.52872 0.384902
-2.52288 0.383405
-2.51704 0.381822
-2.5112 0.380326
-2.50536 0.378787
-2.49952 0.377201
-2.49368 0.375569
-2.48784 0.373847
-2.482 0.372213
-2.47616 0.370316
-2.47032 0.368288
-2.46448 0.366259
-2.45864 0.364228
-2.4528 0.362155
-2.44696 0.360081
-2.44112 0.357965
-2.43528 0.355892
-2.42944 0.353909
-2.4236 0.351791
-2.41776 0.349674
-2.41192 0.347557
-2.40608 0.345481
-2.40024 0.343318
-2.3944 0.341154
-2.38856 0.339037
-2.38272 0.336873
-2.37688 0.334875
-2.37104 0.332368
-2.3652 0.330201
-2.35936 0.327818
-2.35352 0.325476
-2.34768 0.323181
-2.34184 0.320672
-2.336 0.318413
-2.33016 0.31603
-2.32432 0.313473
-2.31848 0.310953
-2.31264 0.308476
-2.3068 0.306124
-2.30096 0.303348
-2.29512 0.30104
-2.28928 0.298142
-2.28344 0.295911
-2.2776 0.292799
-2.27176 0.290533
-2.26592 0.288056
-2.26008 0.286088
-2.25424 0.283308
-2.2484 0.280486
-2.24256 0.277747
-2.23672 0.274881
-2.23088 0.272229
-2.22504 0.269785
-2.2192 0.266881
-2.21336 0.264478
-2.20752 0.261358
-2.20168 0.259203
-2.19584 0.25625
-2.19 0.253886
-2.18416 0.250676
-2.17832 0.247127
-2.17248 0.244258
-2.16664 0.242271
-2.1608 0.239658
-2.15496 0.236578
-2.14912 0.234384
-2.14328 0.231304
-2.13744 0.228896
-2.1316 0.225898
-2.12576 0.2232
-2.11992 0.219778
-2.11408 0.217464
-2.10824 0.214212
-2.1024 0.21138
-2.09656 0.208888
-2.09072 0.206267
-2.08488 0.203518
-2.07904 0.19971
-2.0732 0.197389
-2.06736 0.194518
-2.06152 0.19122
-2.05568 0.189407
-2.04984 0.185435
-2.044 0.182952
-2.03816 0.180753
-2.03232 0.177751
-2.02648 0.175128
-2.02064 0.171618
-2.0148 0.168705
-2.00896 0.166594
-2.00312 0.163129
-1.99728 0.160129
-1.99144 0.158278
-1.9856 0.155449
-1.97976 0.152236
-1.97392 0.151017
-1.96808 0.150099
-1.96224 0.147571
-1.9564 0.146945
-1.95056 0.145557
-1.94472 0.144174
-1.93888 0.144029
-1.93304 0.141625
-1.9272 0.140931
-1.92136 0.141709
-1.91552 0.140453
-1.90968 0.140432
-1.90384 0.138925
-1.898 0.138901
-1.89216 0.13986
-1.88632 0.137977
-1.88048 0.139306
-1.87464 0.136749
-1.8688 0.139991
-1.86296 0.138958
-1.85712 0.138562
-1.85128 0.139901
-1.84544 0.140608
-1.8396 0.13996
-1.83376 0.13923
-1.82792 0.143044
-1.82208 0.141519
-1.81624 0.141497
-1.8104 0.140608
-1.80456 0.141017
-1.79872 0.141341
-1.79288 0.143284
-1.78704 0.142511
-1.7812 0.143881
-1.77536 0.144983
-1.76952 0.143362
-1.76368 0.148222
-1.75784 0.148331
-1.752 0.147141
-1.74616 0.149828
-1.74032 0.14914
-1.73448 0.153283
-1.72864 0.154421
-1.7228 0.154171
-1.71696 0.158931
-1.71112 0.156836
-1.70528 0.159315
-1.69944 0.160767
-1.6936 0.161414
-1.68776 0.161339
-1.68192 0.165437
-1.67608 0.165377
-1.67024 0.166652
-1.6644 0.164284
-1.65856 0.167857
-1.65272 0.169224
-1.64688 0.165694
-1.64104 0.165942
-1.6352 0.171626
-1.62936 0.169959
-1.62352 0.171217
-1.61768 0.172133
-1.61184 0.170442
-1.606 0.175109
-1.60016 0.175536
-1.59432 0.174818
-1.58848 0.179717
-1.58264 0.183251
-1.5768 0.184117
-1.57096 0.183125
-1.56512 0.189456
-1.55928 0.189113
-1.55344 0.188114
-1.5476 0.189197
-1.54176 0.193932
-1.53592 0.197927
-1.53008 0.199587
-1.52424 0.201261
-1.5184 0.207025
-1.51256 0.206559
-1.50672 0.209001
-1.50088 0.213277
-1.49504 0.212894
-1.4892 0.217632
-1.48336 0.220479
-1.47752 0.222604
-1.47168 0.224853
-1.46584 0.224293
-1.46 0.223626
-1.45416 0.228622
-1.44832 0.224617
-1.44248 0.229745
-1.43664 0.230278
-1.4308 0.236159
-1.42496 0.23631
-1.41912 0.237487
-1.41328 0.241955
-1.40744 0.243659
-1.4016 0.245151
-1.39576 0.246028
-1.38992 0.247574
-1.38408 0.252864
-1.37824 0.254668
-1.3724 0.257546
-1.36656 0.262023
-1.36072 0.263301
-1.35488 0.269625
-1.34904 0.267268
-1.3432 0.270436
-1.33736 0.271595
-1.33152 0.270708
-1.32568 0.276784
-1.31984 0.277737
-1.314 0.27792
-1.30816 0.281085
-1.30232 0.285313
-1.29648 0.290163
-1.29064 0.29218
-1.2848 0.291274
-1.27896 0.299095
-1.27312 0.295091
-1.26728 0.297436
-1.26144 0.300738
-1.2556 0.300802
-1.24976 0.302417
-1.24392 0.304812
-1.23808 0.305327
-1.23224 0.308473
-1.2264 0.308162
-1.22056 0.309715
-1.21472 0.313751
-1.20888 0.312427
-1.20304 0.313102
-1.1972 0.319772
-1.19136 0.321165
-1.18552 0.321221
-1.17968 0.323109
-1.17384 0.321889
-1.168 0.326588
-1.16216 0.330084
-1.15632 0.327974
-1.15048 0.333556
-1.14464 0.335865
-1.1388 0.337933
-1.13296 0.336264
-1.12712 0.340203
-1.12128 0.341425
-1.11544 0.338935
-1.1096 0.34097
-1.10376 0.342846
-1.09792 0.345287
-1.09208 0.346028
-1.08624 0.346458
-1.0804 0.352554
-1.07456 0.352295
-1.06872 0.354386
-1.06288 0.354986
-1.05704 0.351158
-1.0512 0.355085
-1.04536 0.356655
-1.03952 0.359278
-1.03368 0.357404
-1.02784 0.354262
-1.022 0.351795
-1.01616 0.352434
-1.01032 0.347791
-1.00448 0.346537
-0.99864 0.346534
-0.9928 0.347673
-0.98696 0.34656
-0.98112 0.344116
-0.97528 0.344344
-0.96944 0.342954
-0.9636 0.343069
-0.95776 0.338256
-0.95192 0.337852
-0.94608 0.339906
-0.94024 0.338095
-0.9344 0.337086
-0.92856 0.337478
-0.92272 0.335831
-0.91688 0.339239
-0.91104 0.334127
-0.9052 0.334358
-0.89936 0.330926
-0.89352 0.330977
-0.88768 0.330875
-0.88184 0.331042
-0.876 0.327968
-0.87016 0.328275
-0.86432 0.327669
-0.85848 0.327263
-0.85264 0.327391
-0.8468 0.326766
-0.84096 0.326652
-0.83512 0.322943
-0.82928 0.320957
-0.82344 0.320839
-0.8176 0.320896
-0.81176 0.318478
-0.80592 0.317464
-0.80008 0.314691
-0.79424 0.31274
-0.7884 0.312608
-0.78256 0.311778
-0.77672 0.311612
-0.77088 0.309619
-0.76504 0.309254
-0.7592 0.308571
-0.75336 0.308447
-0.74752 0.307184
-0.74168 0.307271
-0.73584 0.307056
-0.73 0.306517
-0.72416 0.307035
-0.71832 0.306777
-0.71248 0.306862
-0.70664 0.30873
-0.7008 0.309199
-0.69496 0.3103
-0.68912 0.311065
-0.68328 0.312253
-0.67744 0.313523
-0.6716 0.314666
-0.66576 0.315674
-0.65992 0.316343
-0.65408 0.315707
-0.64824 0.316838
-0.6424 0.317874
-0.63656 0.319165
-0.63072 0.318982
-0.62488 0.319596
-0.61904 0.317675
-0.6132 0.317439
-0.60736 0.31724
-0.60152 0.317545
-0.59568 0.317545
-0.58984 0.317545
-0.584 0.317545
-0.57816 0.317545
-0.57232 0.317545
-0.56648 0.317545
-0.56064 0.317545
-0.5548 0.317545
-0.54896 0.317545
-0.54312 0.317545
-0.53728 0.317545
-0.53144 0.317545
-0.5256 0.317545
-0.51976 0.317545
-0.51392 0.317545
-0.50808 0.317545
-0.50224 0.317545
-0.4964 0.317545
-0.49056 0.317545
-0.48472 0.317545
-0.47888 0.317545
-0.47304 0.317545
-0.4672 0.317545
-0.46136 0.317545
-0.45552 0.317545
-0.44968 0.317545
-0.44384 0.317545
-0.438 0.317545
-0.43216 0.317545
-0.42632 0.317545
-0.42048 0.317545
-0.41464 0.317545
-0.4088 0.317545
-0.40296 0.317545
-0.39712 0.317545
-0.39128 0.317545
-0.38544 0.317545
-0.3796 0.317545
-0.37376 0.317545
-0.36792 0.317545
-0.36208 0.317545
-0.35624 0.317545
-0.3504 0.317545
-0.34456 0.317545
-0.33872 0.317545
-0.33288 0.317545
-0.32704 0.317545
-0.3212 0.317545
-0.31536 0.317545
-0.30952 0.317545
-0.30368 0.317545
-0.29784 0.317545
-0.292 0.317545
-0.28616 0.317545
-0.28032 0.317545
-0.27448 0.317545
-0.26864 0.317545
-0.2628 0.317545
-0.25696 0.317545
-0.25112 0.317545
-0.24528 0.317545
-0.23944 0.317545
-0.2336 0.317545
-0.22776 0.317545
-0.22192 0.317545
-0.21608 0.317545
-0.21024 0.317545
-0.2044 0.317545
-0.19856 0.317545
-0.19272 0.317545
-0.18688 0.317545
-0.18104 0.317545
-0.1752 0.317545
-0.16936 0.317545
-0.16352 0.317545
-0.15768 0.317545
-0.15184 0.317545
-0.146 0.317545
-0.14016 0.317545
-0.13432 0.317545
-0.12848 0.317545
-0.12264 0.317545
-0.1168 0.317545
-0.11096 0.317545
-0.10512 0.317545
-0.09928 0.317545
-0.09344 0.317545
-0.0876 0.317545
-0.08176 0.317545
-0.07592 0.317545
-0.07008 0.317545
-0.06424 0.317545
-0.0584 0.317545
-0.05256 0.317545
-0.04672 0.317545
-0.04088 0.317545
-0.03504 0.317545
-0.0292 0.317545
-0.02336 0.317545
-0.01752 0.317545
-0.01168 0.317545
-0.00584 0.317545
