-2.92 0.48379
-2.91416 0.48379
-2.90832 0.48379
-2.90248 0.48379
-2.89664 0.48379
-2.8908 0.48379
-2.88496 0.48379
-2.87912 0.48379
-2.87328 0.48379
-2.86744 0.48379
-2.8616 0.48379
-2.85576 0.48379
-2.84992 0.48379
-2.84408 0.48379
-2.83824 0.48379
-2.8324 0.48379
-2.82656 0.48379
-2.82072 0.48379
-2.81488 0.48379
-2.80904 0.48379
-2.8032 0.48379
-2.79736 0.48379
-2.79152 0.48379
-2.78568 0.48379
-2.77984 0.48379
-2.774 0.48379
-2.76816 0.48379
-2.76232 0.48379
-2.75648 0.48379
-2.75064 0.48379
-2.7448 0.48379
-2.73896 0.48379
-2.73312 0.48379
-2.72728 0.48379
-2.72144 0.48379
-2.7156 0.48379
-2.70976 0.48379
-2.70392 0.48379
-2.69808 0.48379
-2.69224 0.48379
-2.6864 0.48379
-2.68056 0.48379
-2.67472 0.48379
-2.66888 0.48379
-2.66304 0.48379
-2.6572 0.48379
-2.65136 0.48379
-2.64552 0.48379
-2.63968 0.48379
-2.63384 0.48379
-2.628 0.48379
-2.62216 0.48379
-2.61632 0.48379
-2.61048 0.48379
-2.60464 0.48379
-2.5988 0.48379
-2.59296 0.48339
-2.58712 0.482505
-2.58128 0.481444
-2.57544 0.480294
-2.5696 0.479056
-2.56376 0.47764
-2.55792 0.47596
-2.55208 0.474232
-2.54624 0.472417
-2.5404 0.470602
-2.53456 0.468743
-2.52872 0.466754
-2.52288 0.464717
-2.51704 0.462549
-2.5112 0.46034
-2.50536 0.458085
-2.49952 0.455873
-2.49368 0.453707
-2.48784 0.451451
-2.482 0.449195
-2.47616 0.446676
-2.47032 0.444155
-2.46448 0.441592
-2.45864 0.438984
-2.4528 0.436375
-2.44696 0.433768
-2.44112 0.431158
-2.43528 0.428418
-2.42944 0.425766
-2.4236 0.423068
-2.41776 0.420285
-2.41192 0.417544
-2.40608 0.414846
-2.40024 0.412019
-2.3944 0.409143
-2.38856 0.406226
-2.38272 0.403183
-2.37688 0.400224
-2.37104 0.397301
-2.3652 0.394385
-2.35936 0.391464
-2.35352 0.388545
-2.34768 0.38575
-2.34184 0.382747
-2.336 0.379696
-2.33016 0.376815
-2.32432 0.373724
-2.31848 0.370588
-2.31264 0.367699
-2.3068 0.364655
-2.30096 0.361602
-2.29512 0.358801
-2.28928 0.355577
-2.28344 0.352268
-2.2776 0.349169
-2.27176 0.346538
-2.26592 0.343357
-2.26008 0.340472
-2.25424 0.337121
-2.2484 0.33389
-2.24256 0.330619
-2.23672 0.327561
-2.23088 0.324331
-2.22504 0.321104
-2.2192 0.318044
-2.21336 0.315193
-2.20752 0.311925
-2.20168 0.308187
-2.19584 0.305922
-2.19 0.302232
-2.18416 0.298792
-2.17832 0.295852
-2.17248 0.292996
-2.16664 0.289677
-2.1608 0.286279
-2.15496 0.282789
-2.14912 0.28002
-2.14328 0.277167
-2.13744 0.273135
-2.1316 0.270196
-2.12576 0.266794
-2.11992 0.263725
-2.11408 0.260196
-2.10824 0.256497
-2.1024 0.253425
-2.09656 0.25065
-2.09072 0.247247
-2.08488 0.243887
-2.07904 0.240481
-2.0732 0.237247
-2.06736 0.234051
-2.06152 0.231151
-2.05568 0.227921
-2.04984 0.224432
-2.044 0.221458
-2.03816 0.218308
-2.03232 0.214439
-2.02648 0.211832
-2.02064 0.207205
-2.0148 0.204392
-2.00896 0.202123
-2.00312 0.198717
-1.99728 0.196534
-1.99144 0.193982
-1.9856 0.191593
-1.97976 0.19017
-1.97392 0.18698
-1.96808 0.185977
-1.96224 0.184358
-1.9564 0.18322
-1.95056 0.181371
-1.94472 0.180521
-1.93888 0.178868
-1.93304 0.177668
-1.9272 0.177692
-1.92136 0.175234
-1.91552 0.173499
-1.90968 0.173376
-1.90384 0.172634
-1.898 0.173439
-1.89216 0.170897
-1.88632 0.170168
-1.88048 0.169257
-1.87464 0.168997
-1.8688 0.167857
-1.86296 0.17132
-1.85712 0.167835
-1.85128 0.167459
-1.84544 0.168249
-1.8396 0.16748
-1.83376 0.167741
-1.82792 0.169493
-1.82208 0.166359
-1.81624 0.167159
-1.8104 0.16647
-1.80456 0.166878
-1.79872 0.166776
-1.79288 0.166299
-1.78704 0.16614
-1.7812 0.167571
-1.77536 0.167379
-1.76952 0.167249
-1.76368 0.167773
-1.75784 0.169102
-1.752 0.168923
-1.74616 0.170572
-1.74032 0.167334
-1.73448 0.16963
-1.72864 0.170793
-1.7228 0.171347
-1.71696 0.170514
-1.71112 0.170587
-1.70528 0.173929
-1.69944 0.175736
-1.6936 0.174353
-1.68776 0.173533
-1.68192 0.175718
-1.67608 0.174099
-1.67024 0.172715
-1.6644 0.173015
-1.65856 0.174879
-1.65272 0.17433
-1.64688 0.175598
-1.64104 0.174411
-1.6352 0.173975
-1.62936 0.170108
-1.62352 0.17308
-1.61768 0.17238
-1.61184 0.174411
-1.606 0.177776
-1.60016 0.1824
-1.59432 0.182482
-1.58848 0.182365
-1.58264 0.1875
-1.5768 0.189264
-1.57096 0.182422
-1.56512 0.193659
-1.55928 0.192111
-1.55344 0.199956
-1.5476 0.198367
-1.54176 0.206967
-1.53592 0.204828
-1.53008 0.209123
-1.52424 0.20729
-1.5184 0.211672
-1.51256 0.218192
-1.50672 0.219433
-1.50088 0.221289
-1.49504 0.225481
-1.4892 0.229023
-1.48336 0.230129
-1.47752 0.226147
-1.47168 0.232958
-1.46584 0.234763
-1.46 0.23487
-1.45416 0.238557
-1.44832 0.243664
-1.44248 0.245493
-1.43664 0.248113
-1.4308 0.248698
-1.42496 0.257207
-1.41912 0.254841
-1.41328 0.259922
-1.40744 0.2614
-1.4016 0.26671
-1.39576 0.270762
-1.38992 0.275632
-1.38408 0.27541
-1.37824 0.279671
-1.3724 0.28067
-1.36656 0.283468
-1.36072 0.283893
-1.35488 0.285675
-1.34904 0.290489
-1.3432 0.29308
-1.33736 0.296782
-1.33152 0.298446
-1.32568 0.302614
-1.31984 0.306804
-1.314 0.306232
-1.30816 0.311024
-1.30232 0.312441
-1.29648 0.319129
-1.29064 0.318438
-1.2848 0.322433
-1.27896 0.322705
-1.27312 0.325051
-1.26728 0.327163
-1.26144 0.330569
-1.2556 0.33134
-1.24976 0.332884
-1.24392 0.336133
-1.23808 0.339609
-1.23224 0.341847
-1.2264 0.345216
-1.22056 0.347503
-1.21472 0.351674
-1.20888 0.354665
-1.20304 0.355749
-1.1972 0.360425
-1.19136 0.358625
-1.18552 0.364372
-1.17968 0.364223
-1.17384 0.371156
-1.168 0.370644
-1.16216 0.377145
-1.15632 0.375431
-1.15048 0.377137
-1.14464 0.382435
-1.1388 0.380606
-1.13296 0.375114
-1.12712 0.383149
-1.12128 0.382956
-1.11544 0.392445
-1.1096 0.389522
-1.10376 0.394753
-1.09792 0.396735
-1.09208 0.396497
-1.08624 0.395407
-1.0804 0.400661
-1.07456 0.404601
-1.06872 0.403258
-1.06288 0.405004
-1.05704 0.407404
-1.0512 0.409293
-1.04536 0.408911
-1.03952 0.401773
-1.03368 0.407808
-1.02784 0.406954
-1.022 0.403514
-1.01616 0.404657
-1.01032 0.405882
-1.00448 0.403941
-0.99864 0.402979
-0.9928 0.403242
-0.98696 0.406489
-0.98112 0.401959
-0.97528 0.40428
-0.96944 0.403445
-0.9636 0.403276
-0.95776 0.40347
-0.95192 0.402358
-0.94608 0.403601
-0.94024 0.402373
-0.9344 0.403582
-0.92856 0.402437
-0.92272 0.397241
-0.91688 0.398941
-0.91104 0.398771
-0.9052 0.398314
-0.89936 0.398691
-0.89352 0.399228
-0.88768 0.398567
-0.88184 0.400239
-0.876 0.397164
-0.87016 0.397428
-0.86432 0.397903
-0.85848 0.398794
-0.85264 0.399078
-0.8468 0.396214
-0.84096 0.396996
-0.83512 0.396116
-0.82928 0.395004
-0.82344 0.394437
-0.8176 0.393661
-0.81176 0.393491
-0.80592 0.395032
-0.80008 0.392353
-0.79424 0.392231
-0.7884 0.39289
-0.78256 0.392372
-0.77672 0.392346
-0.77088 0.39341
-0.76504 0.392849
-0.7592 0.394338
-0.75336 0.393006
-0.74752 0.394191
-0.74168 0.393739
-0.73584 0.396124
-0.73 0.395854
-0.72416 0.397814
-0.71832 0.397079
-0.71248 0.39817
-0.70664 0.399148
-0.7008 0.399373
-0.69496 0.399788
-0.68912 0.400684
-0.68328 0.401879
-0.67744 0.405381
-0.6716 0.407209
-0.66576 0.408419
-0.65992 0.409834
-0.65408 0.409463
-0.64824 0.410466
-0.6424 0.413032
-0.63656 0.41432
-0.63072 0.414082
-0.62488 0.414283
-0.61904 0.41435
-0.6132 0.414417
-0.60736 0.413518
-0.60152 0.41404
-0.59568 0.41404
-0.58984 0.41404
-0.584 0.41404
-0.57816 0.41404
-0.57232 0.41404
-0.56648 0.41404
-0.56064 0.41404
-0.5548 0.41404
-0.54896 0.41404
-0.54312 0.41404
-0.53728 0.41404
-0.53144 0.41404
-0.5256 0.41404
-0.51976 0.41404
-0.51392 0.41404
-0.50808 0.41404
-0.50224 0.41404
-0.4964 0.41404
-0.49056 0.41404
-0.48472 0.41404
-0.47888 0.41404
-0.47304 0.41404
-0.4672 0.41404
-0.46136 0.41404
-0.45552 0.41404
-0.44968 0.41404
-0.44384 0.41404
-0.438 0.41404
-0.43216 0.41404
-0.42632 0.41404
-0.42048 0.41404
-0.41464 0.41404
-0.4088 0.41404
-0.40296 0.41404
-0.39712 0.41404
-0.39128 0.41404
-0.38544 0.41404
-0.3796 0.41404
-0.37376 0.41404
-0.36792 0.41404
-0.36208 0.41404
-0.35624 0.41404
-0.3504 0.41404
-0.34456 0.41404
-0.33872 0.41404
-0.33288 0.41404
-0.32704 0.41404
-0.3212 0.41404
-0.31536 0.41404
-0.30952 0.41404
-0.30368 0.41404
-0.29784 0.41404
-0.292 0.41404
-0.28616 0.41404
-0.28032 0.41404
-0.27448 0.41404
-0.26864 0.41404
-0.2628 0.41404
-0.25696 0.41404
-0.25112 0.41404
-0.24528 0.41404
-0.23944 0.41404
-0.2336 0.41404
-0.22776 0.41404
-0.22192 0.41404
-0.21608 0.41404
-0.21024 0.41404
-0.2044 0.41404
-0.19856 0.41404
-0.19272 0.41404
-0.18688 0.41404
-0.18104 0.41404
-0.1752 0.41404
-0.16936 0.41404
-0.16352 0.41404
-0.15768 0.41404
-0.15184 0.41404
-0.146 0.41404
-0.14016 0.41404
-0.13432 0.41404
-0.12848 0.41404
-0.12264 0.41404
-0.1168 0.41404
-0.11096 0.41404
-0.10512 0.41404
-0.09928 0.41404
-0.09344 0.41404
-0.0876 0.41404
-0.08176 0.41404
-0.07592 0.41404
-0.07008 0.41404
-0.06424 0.41404
-0.0584 0.41404
-0.05256 0.41404
-0.04672 0.41404
-0.04088 0.41404
-0.03504 0.41404
-0.0292 0.41404
-0.02336 0.41404
-0.01752 0.41404
-0.01168 0.41404
-0.00584 0.41404
