-2.92 0.405901
-2.91416 0.405901
-2.90832 0.405901
-2.90248 0.405901
-2.89664 0.405901
-2.8908 0.405901
-2.88496 0.405901
-2.87912 0.405901
-2.87328 0.405901
-2.86744 0.405901
-2.8616 0.405901
-2.85576 0.405901
-2.84992 0.405901
-2.84408 0.405901
-2.83824 0.405901
-2.8324 0.405901
-2.82656 0.405901
-2.82072 0.405901
-2.81488 0.405901
-2.80904 0.405901
-2.8032 0.405901
-2.79736 0.405901
-2.79152 0.405901
-2.78568 0.405901
-2.77984 0.405901
-2.774 0.405901
-2.76816 0.405901
-2.76232 0.405901
-2.75648 0.405901
-2.75064 0.405901
-2.7448 0.405901
-2.73896 0.405901
-2.73312 0.405901
-2.72728 0.405901
-2.72144 0.405901
-2.7156 0.405901
-2.70976 0.405901
-2.70392 0.405901
-2.69808 0.405901
-2.69224 0.405901
-2.6864 0.405901
-2.68056 0.405901
-2.67472 0.405901
-2.66888 0.405901
-2.66304 0.405901
-2.6572 0.405901
-2.65136 0.405901
-2.64552 0.405901
-2.63968 0.405901
-2.63384 0.405901
-2.628 0.405901
-2.62216 0.405901
-2.61632 0.405901
-2.61048 0.405901
-2.60464 0.405901
-2.5988 0.405901
-2.59296 0.405462
-2.58712 0.404935
-2.58128 0.40432
-2.57544 0.403662
-2.5696 0.402867
-2.56376 0.401811
-2.55792 0.400755
-2.55208 0.399566
-2.54624 0.398332
-2.5404 0.397099
-2.53456 0.395774
-2.52872 0.394316
-2.52288 0.392771
-2.51704 0.391223
-2.5112 0.389589
-2.50536 0.388039
-2.49952 0.386447
-2.49368 0.38477
-2.48784 0.382958
-2.482 0.381148
-2.47616 0.37916
-2.47032 0.377085
-2.46448 0.375012
-2.45864 0.37285
-2.4528 0.370732
-2.44696 0.368567
-2.44112 0.366403
-2.43528 0.364151
-2.42944 0.361988
-2.4236 0.359943
-2.41776 0.357854
-2.41192 0.35585
-2.40608 0.353717
-2.40024 0.351757
-2.3944 0.349707
-2.38856 0.347787
-2.38272 0.345659
-2.37688 0.344109
-2.37104 0.341182
-2.3652 0.340426
-2.35936 0.337579
-2.35352 0.336195
-2.34768 0.334475
-2.34184 0.332126
-2.336 0.330564
-2.33016 0.328126
-2.32432 0.326244
-2.31848 0.323976
-2.31264 0.322166
-2.3068 0.319895
-2.30096 0.317083
-2.29512 0.316066
-2.28928 0.315384
-2.28344 0.313616
-2.2776 0.311763
-2.27176 0.310212
-2.26592 0.308735
-2.26008 0.305385
-2.25424 0.306167
-2.2484 0.302889
-2.24256 0.300233
-2.23672 0.300475
-2.23088 0.297486
-2.22504 0.295634
-2.2192 0.291305
-2.21336 0.290701
-2.20752 0.288552
-2.20168 0.285214
-2.19584 0.283359
-2.19 0.280111
-2.18416 0.277116
-2.17832 0.274294
-2.17248 0.272143
-2.16664 0.270116
-2.1608 0.266409
-2.15496 0.262569
-2.14912 0.260714
-2.14328 0.257122
-2.13744 0.254042
-2.1316 0.249664
-2.12576 0.248062
-2.11992 0.244556
-2.11408 0.242611
-2.10824 0.238096
-2.1024 0.234305
-2.09656 0.231261
-2.09072 0.228307
-2.08488 0.226737
-2.07904 0.222978
-2.0732 0.218635
-2.06736 0.214968
-2.06152 0.211632
-2.05568 0.208139
-2.04984 0.20367
-2.044 0.20295
-2.03816 0.198563
-2.03232 0.194387
-2.02648 0.192565
-2.02064 0.189609
-2.0148 0.185015
-2.00896 0.181008
-2.00312 0.178728
-1.99728 0.176452
-1.99144 0.174633
-1.9856 0.172819
-1.97976 0.171049
-1.97392 0.169613
-1.96808 0.166832
-1.96224 0.167258
-1.9564 0.165314
-1.95056 0.163547
-1.94472 0.163935
-1.93888 0.162257
-1.93304 0.161534
-1.9272 0.160622
-1.92136 0.161948
-1.91552 0.159821
-1.90968 0.159068
-1.90384 0.156227
-1.898 0.158767
-1.89216 0.158674
-1.88632 0.158924
-1.88048 0.158496
-1.87464 0.15684
-1.8688 0.157365
-1.86296 0.159506
-1.85712 0.156665
-1.85128 0.156872
-1.84544 0.156752
-1.8396 0.156069
-1.83376 0.157456
-1.82792 0.158628
-1.82208 0.159968
-1.81624 0.158819
-1.8104 0.158463
-1.80456 0.160169
-1.79872 0.159089
-1.79288 0.160254
-1.78704 0.160123
-1.7812 0.157802
-1.77536 0.160925
-1.76952 0.161613
-1.76368 0.160893
-1.75784 0.163667
-1.752 0.161671
-1.74616 0.164609
-1.74032 0.165844
-1.73448 0.166637
-1.72864 0.168106
-1.7228 0.166904
-1.71696 0.166631
-1.71112 0.170256
-1.70528 0.171308
-1.69944 0.171833
-1.6936 0.172385
-1.68776 0.171081
-1.68192 0.173329
-1.67608 0.174585
-1.67024 0.170558
-1.6644 0.177712
-1.65856 0.173946
-1.65272 0.173964
-1.64688 0.174887
-1.64104 0.175437
-1.6352 0.175582
-1.62936 0.172472
-1.62352 0.174834
-1.61768 0.17435
-1.61184 0.178482
-1.606 0.182724
-1.60016 0.182244
-1.59432 0.185306
-1.58848 0.186166
-1.58264 0.188759
-1.5768 0.190069
-1.57096 0.191575
-1.56512 0.193876
-1.55928 0.194236
-1.55344 0.199744
-1.5476 0.201455
-1.54176 0.203401
-1.53592 0.203969
-1.53008 0.205762
-1.52424 0.208733
-1.5184 0.211105
-1.51256 0.215338
-1.50672 0.215579
-1.50088 0.21785
-1.49504 0.219935
-1.4892 0.225082
-1.48336 0.226134
-1.47752 0.22689
-1.47168 0.232912
-1.46584 0.227206
-1.46 0.237828
-1.45416 0.237639
-1.44832 0.244789
-1.44248 0.243285
-1.43664 0.245988
-1.4308 0.248393
-1.42496 0.254755
-1.41912 0.251591
-1.41328 0.259293
-1.40744 0.258164
-1.4016 0.261501
-1.39576 0.264481
-1.38992 0.263612
-1.38408 0.273957
-1.37824 0.27105
-1.3724 0.276468
-1.36656 0.282474
-1.36072 0.278871
-1.35488 0.282678
-1.34904 0.28223
-1.3432 0.283159
-1.33736 0.287515
-1.33152 0.292917
-1.32568 0.298333
-1.31984 0.299264
-1.314 0.299266
-1.30816 0.303471
-1.30232 0.308277
-1.29648 0.308583
-1.29064 0.309788
-1.2848 0.313655
-1.27896 0.316226
-1.27312 0.31956
-1.26728 0.322105
-1.26144 0.321568
-1.2556 0.320542
-1.24976 0.328165
-1.24392 0.330123
-1.23808 0.331316
-1.23224 0.332026
-1.2264 0.338543
-1.22056 0.338727
-1.21472 0.340949
-1.20888 0.344836
-1.20304 0.349584
-1.1972 0.351682
-1.19136 0.350955
-1.18552 0.352628
-1.17968 0.355505
-1.17384 0.361331
-1.168 0.366732
-1.16216 0.36554
-1.15632 0.36851
-1.15048 0.368855
-1.14464 0.369935
-1.1388 0.372688
-1.13296 0.376599
-1.12712 0.375118
-1.12128 0.378273
-1.11544 0.38486
-1.1096 0.385717
-1.10376 0.384924
-1.09792 0.388079
-1.09208 0.388795
-1.08624 0.389496
-1.0804 0.392311
-1.07456 0.395499
-1.06872 0.397158
-1.06288 0.396455
-1.05704 0.395405
-1.0512 0.400945
-1.04536 0.399199
-1.03952 0.397809
-1.03368 0.404123
-1.02784 0.394822
-1.022 0.40001
-1.01616 0.397864
-1.01032 0.401315
-1.00448 0.399036
-0.99864 0.397748
-0.9928 0.397999
-0.98696 0.400316
-0.98112 0.395356
-0.97528 0.400275
-0.96944 0.39525
-0.9636 0.396716
-0.95776 0.3964
-0.95192 0.393595
-0.94608 0.39864
-0.94024 0.394451
-0.9344 0.395268
-0.92856 0.395724
-0.92272 0.391468
-0.91688 0.392906
-0.91104 0.388965
-0.9052 0.388847
-0.89936 0.390531
-0.89352 0.392466
-0.88768 0.392859
-0.88184 0.391562
-0.876 0.392046
-0.87016 0.387487
-0.86432 0.391444
-0.85848 0.389659
-0.85264 0.388552
-0.8468 0.389012
-0.84096 0.389026
-0.83512 0.387776
-0.82928 0.387715
-0.82344 0.383631
-0.8176 0.385162
-0.81176 0.384632
-0.80592 0.384562
-0.80008 0.383652
-0.79424 0.382999
-0.7884 0.383288
-0.78256 0.382435
-0.77672 0.381704
-0.77088 0.380254
-0.76504 0.382047
-0.7592 0.381548
-0.75336 0.382319
-0.74752 0.381995
-0.74168 0.382088
-0.73584 0.382682
-0.73 0.383435
-0.72416 0.383761
-0.71832 0.384509
-0.71248 0.38437
-0.70664 0.384845
-0.7008 0.385927
-0.69496 0.386299
-0.68912 0.387027
-0.68328 0.388149
-0.67744 0.392378
-0.6716 0.3934
-0.66576 0.394337
-0.65992 0.395107
-0.65408 0.395194
-0.64824 0.396079
-0.6424 0.398348
-0.63656 0.399438
-0.63072 0.400649
-0.62488 0.400221
-0.61904 0.399909
-0.6132 0.399514
-0.60736 0.398822
-0.60152 0.399343
-0.59568 0.399343
-0.58984 0.399343
-0.584 0.399343
-0.57816 0.399343
-0.57232 0.399343
-0.56648 0.399343
-0.56064 0.399343
-0.5548 0.399343
-0.54896 0.399343
-0.54312 0.399343
-0.53728 0.399343
-0.53144 0.399343
-0.5256 0.399343
-0.51976 0.399343
-0.51392 0.399343
-0.50808 0.399343
-0.50224 0.399343
-0.4964 0.399343
-0.49056 0.399343
-0.48472 0.399343
-0.47888 0.399343
-0.47304 0.399343
-0.4672 0.399343
-0.46136 0.399343
-0.45552 0.399343
-0.44968 0.399343
-0.44384 0.399343
-0.438 0.399343
-0.43216 0.399343
-0.42632 0.399343
-0.42048 0.399343
-0.41464 0.399343
-0.4088 0.399343
-0.40296 0.399343
-0.39712 0.399343
-0.39128 0.399343
-0.38544 0.399343
-0.3796 0.399343
-0.37376 0.399343
-0.36792 0.399343
-0.36208 0.399343
-0.35624 0.399343
-0.3504 0.399343
-0.34456 0.399343
-0.33872 0.399343
-0.33288 0.399343
-0.32704 0.399343
-0.3212 0.399343
-0.31536 0.399343
-0.30952 0.399343
-0.30368 0.399343
-0.29784 0.399343
-0.292 0.399343
-0.28616 0.399343
-0.28032 0.399343
-0.27448 0.399343
-0.26864 0.399343
-0.2628 0.399343
-0.25696 0.399343
-0.25112 0.399343
-0.24528 0.399343
-0.23944 0.399343
-0.2336 0.399343
-0.22776 0.399343
-0.22192 0.399343
-0.21608 0.399343
-0.21024 0.399343
-0.2044 0.399343
-0.19856 0.399343
-0.19272 0.399343
-0.18688 0.399343
-0.18104 0.399343
-0.1752 0.399343
-0.16936 0.399343
-0.16352 0.399343
-0.15768 0.399343
-0.15184 0.399343
-0.146 0.399343
-0.14016 0.399343
-0.13432 0.399343
-0.12848 0.399343
-0.12264 0.399343
-0.1168 0.399343
-0.11096 0.399343
-0.10512 0.399343
-0.09928 0.399343
-0.09344 0.399343
-0.0876 0.399343
-0.08176 0.399343
-0.07592 0.399343
-0.07008 0.399343
-0.06424 0.399343
-0.0584 0.399343
-0.05256 0.399343
-0.04672 0.399343
-0.04088 0.399343
-0.03504 0.399343
-0.0292 0.399343
-0.02336 0.399343
-0.01752 0.399343
-0.01168 0.399343
-0.00584 0.399343
