-2.92 0.447763
-2.91416 0.447763
-2.90832 0.447763
-2.90248 0.447763
-2.89664 0.447763
-2.8908 0.447763
-2.88496 0.447763
-2.87912 0.447763
-2.87328 0.447763
-2.86744 0.447763
-2.8616 0.447763
-2.85576 0.447763
-2.84992 0.447763
-2.84408 0.447763
-2.83824 0.447763
-2.8324 0.447763
-2.82656 0.447763
-2.82072 0.447763
-2.81488 0.447763
-2.80904 0.447763
-2.8032 0.447763
-2.79736 0.447763
-2.79152 0.447763
-2.78568 0.447763
-2.77984 0.447763
-2.774 0.447763
-2.76816 0.447763
-2.76232 0.447763
-2.75648 0.447763
-2.75064 0.447763
-2.7448 0.447763
-2.73896 0.447763
-2.73312 0.447763
-2.72728 0.447763
-2.72144 0.447763
-2.7156 0.447763
-2.70976 0.447763
-2.70392 0.447763
-2.69808 0.447763
-2.69224 0.447763
-2.6864 0.447763
-2.68056 0.447763
-2.67472 0.447763
-2.66888 0.447763
-2.66304 0.447763
-2.6572 0.447763
-2.65136 0.447763
-2.64552 0.447763
-2.63968 0.447763
-2.63384 0.447763
-2.628 0.447763
-2.62216 0.447763
-2.61632 0.447763
-2.61048 0.447763
-2.60464 0.447763
-2.5988 0.447763
-2.59296 0.447013
-2.58712 0.446037
-2.58128 0.444973
-2.57544 0.443819
-2.5696 0.442576
-2.56376 0.441243
-2.55792 0.439822
-2.55208 0.438313
-2.54624 0.43676
-2.5404 0.435205
-2.53456 0.433695
-2.52872 0.43218
-2.52288 0.430537
-2.51704 0.428892
-2.5112 0.427291
-2.50536 0.425601
-2.49952 0.423824
-2.49368 0.42196
-2.48784 0.420096
-2.482 0.418405
-2.47616 0.416361
-2.47032 0.414228
-2.46448 0.412138
-2.45864 0.409959
-2.4528 0.407737
-2.44696 0.405429
-2.44112 0.403117
-2.43528 0.40076
-2.42944 0.398404
-2.4236 0.396664
-2.41776 0.394093
-2.41192 0.39218
-2.40608 0.390026
-2.40024 0.388033
-2.3944 0.38566
-2.38856 0.383785
-2.38272 0.38241
-2.37688 0.380325
-2.37104 0.377948
-2.3652 0.377156
-2.35936 0.375021
-2.35352 0.372596
-2.34768 0.370421
-2.34184 0.368456
-2.336 0.366361
-2.33016 0.365147
-2.32432 0.362598
-2.31848 0.359416
-2.31264 0.357653
-2.3068 0.355311
-2.30096 0.353798
-2.29512 0.3507
-2.28928 0.347975
-2.28344 0.34675
-2.2776 0.344567
-2.27176 0.342182
-2.26592 0.340174
-2.26008 0.338959
-2.25424 0.335641
-2.2484 0.334753
-2.24256 0.331612
-2.23672 0.330595
-2.23088 0.327235
-2.22504 0.325473
-2.2192 0.322737
-2.21336 0.32072
-2.20752 0.32
-2.20168 0.31727
-2.19584 0.315081
-2.19 0.313116
-2.18416 0.312444
-2.17832 0.308828
-2.17248 0.308575
-2.16664 0.305296
-2.1608 0.302151
-2.15496 0.300812
-2.14912 0.300934
-2.14328 0.300235
-2.13744 0.296327
-2.1316 0.296916
-2.12576 0.292548
-2.11992 0.290186
-2.11408 0.289906
-2.10824 0.287342
-2.1024 0.285873
-2.09656 0.285364
-2.09072 0.281207
-2.08488 0.280917
-2.07904 0.278231
-2.0732 0.279168
-2.06736 0.273226
-2.06152 0.27463
-2.05568 0.274646
-2.04984 0.268507
-2.044 0.269161
-2.03816 0.268624
-2.03232 0.265933
-2.02648 0.265556
-2.02064 0.262872
-2.0148 0.261525
-2.00896 0.262257
-2.00312 0.260282
-1.99728 0.259949
-1.99144 0.257309
-1.9856 0.257576
-1.97976 0.255512
-1.97392 0.254733
-1.96808 0.251699
-1.96224 0.250122
-1.9564 0.248992
-1.95056 0.246813
-1.94472 0.244838
-1.93888 0.240044
-1.93304 0.239125
-1.9272 0.234296
-1.92136 0.234486
-1.91552 0.232145
-1.90968 0.226195
-1.90384 0.224408
-1.898 0.219062
-1.89216 0.219642
-1.88632 0.215235
-1.88048 0.213322
-1.87464 0.208305
-1.8688 0.206213
-1.86296 0.201581
-1.85712 0.201698
-1.85128 0.198658
-1.84544 0.19215
-1.8396 0.188659
-1.83376 0.188984
-1.82792 0.18733
-1.82208 0.182754
-1.81624 0.178038
-1.8104 0.171068
-1.80456 0.170465
-1.79872 0.167102
-1.79288 0.161278
-1.78704 0.16189
-1.7812 0.157604
-1.77536 0.154241
-1.76952 0.150328
-1.76368 0.148451
-1.75784 0.143857
-1.752 0.143045
-1.74616 0.136492
-1.74032 0.13606
-1.73448 0.129442
-1.72864 0.127849
-1.7228 0.124106
-1.71696 0.121949
-1.71112 0.11774
-1.70528 0.114852
-1.69944 0.113379
-1.6936 0.108757
-1.68776 0.108233
-1.68192 0.104145
-1.67608 0.10214
-1.67024 0.100906
-1.6644 0.098942
-1.65856 0.0962711
-1.65272 0.0984919
-1.64688 0.0969854
-1.64104 0.0940213
-1.6352 0.094932
-1.62936 0.0928583
-1.62352 0.0930511
-1.61768 0.0923257
-1.61184 0.0927598
-1.606 0.0932132
-1.60016 0.0936309
-1.59432 0.0965294
-1.58848 0.093768
-1.58264 0.0973293
-1.5768 0.0952101
-1.57096 0.0968398
-1.56512 0.0945737
-1.55928 0.0969727
-1.55344 0.0989333
-1.5476 0.100028
-1.54176 0.0987625
-1.53592 0.103166
-1.53008 0.0996629
-1.52424 0.0998499
-1.5184 0.0992739
-1.51256 0.101792
-1.50672 0.101763
-1.50088 0.102836
-1.49504 0.0995097
-1.4892 0.107954
-1.48336 0.102662
-1.47752 0.10529
-1.47168 0.106557
-1.46584 0.109182
-1.46 0.110737
-1.45416 0.1131
-1.44832 0.116324
-1.44248 0.115283
-1.43664 0.115977
-1.4308 0.116971
-1.42496 0.119538
-1.41912 0.11874
-1.41328 0.121102
-1.40744 0.125025
-1.4016 0.125615
-1.39576 0.127233
-1.38992 0.130318
-1.38408 0.135746
-1.37824 0.135727
-1.3724 0.139526
-1.36656 0.142774
-1.36072 0.146855
-1.35488 0.145268
-1.34904 0.147382
-1.3432 0.148621
-1.33736 0.151956
-1.33152 0.153683
-1.32568 0.158127
-1.31984 0.161965
-1.314 0.16126
-1.30816 0.166823
-1.30232 0.166657
-1.29648 0.167197
-1.29064 0.171131
-1.2848 0.174034
-1.27896 0.177718
-1.27312 0.183212
-1.26728 0.183961
-1.26144 0.186712
-1.2556 0.190878
-1.24976 0.192671
-1.24392 0.196517
-1.23808 0.203224
-1.23224 0.203614
-1.2264 0.208118
-1.22056 0.21099
-1.21472 0.214598
-1.20888 0.21735
-1.20304 0.216903
-1.1972 0.220672
-1.19136 0.223291
-1.18552 0.224974
-1.17968 0.227962
-1.17384 0.230574
-1.168 0.234457
-1.16216 0.236197
-1.15632 0.240392
-1.15048 0.239809
-1.14464 0.243211
-1.1388 0.24188
-1.13296 0.246651
-1.12712 0.245202
-1.12128 0.251251
-1.11544 0.251303
-1.1096 0.255275
-1.10376 0.257864
-1.09792 0.260954
-1.09208 0.259611
-1.08624 0.262705
-1.0804 0.263348
-1.07456 0.267612
-1.06872 0.268767
-1.06288 0.27342
-1.05704 0.271415
-1.0512 0.280755
-1.04536 0.280099
-1.03952 0.282718
-1.03368 0.285726
-1.02784 0.290807
-1.022 0.292883
-1.01616 0.295714
-1.01032 0.299014
-1.00448 0.300154
-0.99864 0.300662
-0.9928 0.302419
-0.98696 0.305291
-0.98112 0.307845
-0.97528 0.308945
-0.96944 0.312244
-0.9636 0.313903
-0.95776 0.31598
-0.95192 0.318568
-0.94608 0.320546
-0.94024 0.320648
-0.9344 0.324026
-0.92856 0.326779
-0.92272 0.329739
-0.91688 0.327348
-0.91104 0.328851
-0.9052 0.330788
-0.89936 0.332518
-0.89352 0.333838
-0.88768 0.337463
-0.88184 0.338829
-0.876 0.338387
-0.87016 0.344531
-0.86432 0.3428
-0.85848 0.34348
-0.85264 0.346267
-0.8468 0.348119
-0.84096 0.350652
-0.83512 0.352886
-0.82928 0.355742
-0.82344 0.356665
-0.8176 0.360586
-0.81176 0.362062
-0.80592 0.365606
-0.80008 0.367867
-0.79424 0.369477
-0.7884 0.371023
-0.78256 0.372026
-0.77672 0.371935
-0.77088 0.373068
-0.76504 0.37263
-0.7592 0.373508
-0.75336 0.373952
-0.74752 0.373557
-0.74168 0.373176
-0.73584 0.375644
-0.73 0.374902
-0.72416 0.37434
-0.71832 0.376171
-0.71248 0.375597
-0.70664 0.376416
-0.7008 0.373407
-0.69496 0.374559
-0.68912 0.374193
-0.68328 0.374719
-0.67744 0.37515
-0.6716 0.375921
-0.66576 0.376384
-0.65992 0.377057
-0.65408 0.377797
-0.64824 0.378217
-0.6424 0.377767
-0.63656 0.379148
-0.63072 0.380192
-0.62488 0.381191
-0.61904 0.382144
-0.6132 0.384058
-0.60736 0.384207
-0.60152 0.38414
-0.59568 0.38414
-0.58984 0.38414
-0.584 0.38414
-0.57816 0.38414
-0.57232 0.38414
-0.56648 0.38414
-0.56064 0.38414
-0.5548 0.38414
-0.54896 0.38414
-0.54312 0.38414
-0.53728 0.38414
-0.53144 0.38414
-0.5256 0.38414
-0.51976 0.38414
-0.51392 0.38414
-0.50808 0.38414
-0.50224 0.38414
-0.4964 0.38414
-0.49056 0.38414
-0.48472 0.38414
-0.47888 0.38414
-0.47304 0.38414
-0.4672 0.38414
-0.46136 0.38414
-0.45552 0.38414
-0.44968 0.38414
-0.44384 0.38414
-0.438 0.38414
-0.43216 0.38414
-0.42632 0.38414
-0.42048 0.38414
-0.41464 0.38414
-0.4088 0.38414
-0.40296 0.38414
-0.39712 0.38414
-0.39128 0.38414
-0.38544 0.38414
-0.3796 0.38414
-0.37376 0.38414
-0.36792 0.38414
-0.36208 0.38414
-0.35624 0.38414
-0.3504 0.38414
-0.34456 0.38414
-0.33872 0.38414
-0.33288 0.38414
-0.32704 0.38414
-0.3212 0.38414
-0.31536 0.38414
-0.30952 0.38414
-0.30368 0.38414
-0.29784 0.38414
-0.292 0.38414
-0.28616 0.38414
-0.28032 0.38414
-0.27448 0.38414
-0.26864 0.38414
-0.2628 0.38414
-0.25696 0.38414
-0.25112 0.38414
-0.24528 0.38414
-0.23944 0.38414
-0.2336 0.38414
-0.22776 0.38414
-0.22192 0.38414
-0.21608 0.38414
-0.21024 0.38414
-0.2044 0.38414
-0.19856 0.38414
-0.19272 0.38414
-0.18688 0.38414
-0.18104 0.38414
-0.1752 0.38414
-0.16936 0.38414
-0.16352 0.38414
-0.15768 0.38414
-0.15184 0.38414
-0.146 0.38414
-0.14016 0.38414
-0.13432 0.38414
-0.12848 0.38414
-0.12264 0.38414
-0.1168 0.38414
-0.11096 0.38414
-0.10512 0.38414
-0.09928 0.38414
-0.09344 0.38414
-0.0876 0.38414
-0.08176 0.38414
-0.07592 0.38414
-0.07008 0.38414
-0.06424 0.38414
-0.0584 0.38414
-0.05256 0.38414
-0.04672 0.38414
-0.04088 0.38414
-0.03504 0.38414
-0.0292 0.38414
-0.02336 0.38414
-0.01752 0.38414
-0.01168 0.38414
-0.00584 0.38414
