-2.92 0.442759
-2.91416 0.442759
-2.90832 0.442759
-2.90248 0.442759
-2.89664 0.442759
-2.8908 0.442759
-2.88496 0.442759
-2.87912 0.442759
-2.87328 0.442759
-2.86744 0.442759
-2.8616 0.442759
-2.85576 0.442759
-2.84992 0.442759
-2.84408 0.442759
-2.83824 0.442759
-2.8324 0.442759
-2.82656 0.442759
-2.82072 0.442759
-2.81488 0.442759
-2.80904 0.442759
-2.8032 0.442759
-2.79736 0.442759
-2.79152 0.442759
-2.78568 0.442759
-2.77984 0.442759
-2.774 0.442759
-2.76816 0.442759
-2.76232 0.442759
-2.75648 0.442759
-2.75064 0.442759
-2.7448 0.442759
-2.73896 0.442759
-2.73312 0.442759
-2.72728 0.442759
-2.72144 0.442759
-2.7156 0.442759
-2.70976 0.442759
-2.70392 0.442759
-2.69808 0.442759
-2.69224 0.442759
-2.6864 0.442759
-2.68056 0.442759
-2.67472 0.442759
-2.66888 0.442759
-2.66304 0.442759
-2.6572 0.442759
-2.65136 0.442759
-2.64552 0.442759
-2.63968 0.442759
-2.63384 0.442759
-2.628 0.442759
-2.62216 0.442759
-2.61632 0.442759
-2.61048 0.442759
-2.60464 0.442759
-2.5988 0.442759
-2.59296 0.44236
-2.58712 0.44174
-2.58128 0.441032
-2.57544 0.440278
-2.5696 0.439388
-2.56376 0.438322
-2.55792 0.437123
-2.55208 0.435969
-2.54624 0.434769
-2.5404 0.433435
-2.53456 0.431965
-2.52872 0.430495
-2.52288 0.428982
-2.51704 0.427467
-2.5112 0.425775
-2.50536 0.424041
-2.49952 0.422217
-2.49368 0.420479
-2.48784 0.418654
-2.482 0.416917
-2.47616 0.415089
-2.47032 0.413172
-2.46448 0.411167
-2.45864 0.409073
-2.4528 0.40685
-2.44696 0.404667
-2.44112 0.402441
-2.43528 0.400126
-2.42944 0.397902
-2.4236 0.396083
-2.41776 0.393934
-2.41192 0.392364
-2.40608 0.390378
-2.40024 0.388728
-2.3944 0.386401
-2.38856 0.384825
-2.38272 0.382955
-2.37688 0.38079
-2.37104 0.379333
-2.3652 0.377295
-2.35936 0.375922
-2.35352 0.37426
-2.34768 0.372258
-2.34184 0.370634
-2.336 0.368794
-2.33016 0.366666
-2.32432 0.364116
-2.31848 0.3624
-2.31264 0.361478
-2.3068 0.360016
-2.30096 0.357761
-2.29512 0.357848
-2.28928 0.353712
-2.28344 0.352622
-2.2776 0.35145
-2.27176 0.349535
-2.26592 0.349199
-2.26008 0.347915
-2.25424 0.345565
-2.2484 0.344019
-2.24256 0.340461
-2.23672 0.339246
-2.23088 0.339117
-2.22504 0.336358
-2.2192 0.335683
-2.21336 0.332961
-2.20752 0.332167
-2.20168 0.330495
-2.19584 0.328319
-2.19 0.326648
-2.18416 0.324888
-2.17832 0.32179
-2.17248 0.321116
-2.16664 0.31882
-2.1608 0.318911
-2.15496 0.315293
-2.14912 0.315679
-2.14328 0.31442
-2.13744 0.309974
-2.1316 0.311159
-2.12576 0.305833
-2.11992 0.307345
-2.11408 0.305713
-2.10824 0.302778
-2.1024 0.300134
-2.09656 0.299803
-2.09072 0.298254
-2.08488 0.296497
-2.07904 0.294192
-2.0732 0.29226
-2.06736 0.292137
-2.06152 0.288447
-2.05568 0.288627
-2.04984 0.284803
-2.044 0.286089
-2.03816 0.284835
-2.03232 0.282403
-2.02648 0.28001
-2.02064 0.278002
-2.0148 0.275867
-2.00896 0.275751
-2.00312 0.275465
-1.99728 0.270711
-1.99144 0.27094
-1.9856 0.269606
-1.97976 0.267725
-1.97392 0.267617
-1.96808 0.265569
-1.96224 0.26707
-1.9564 0.263244
-1.95056 0.259172
-1.94472 0.25788
-1.93888 0.252784
-1.93304 0.252136
-1.9272 0.249408
-1.92136 0.244824
-1.91552 0.242023
-1.90968 0.23842
-1.90384 0.237376
-1.898 0.235571
-1.89216 0.228769
-1.88632 0.226983
-1.88048 0.225734
-1.87464 0.222662
-1.8688 0.217751
-1.86296 0.217281
-1.85712 0.211433
-1.85128 0.206863
-1.84544 0.205697
-1.8396 0.204126
-1.83376 0.200793
-1.82792 0.19819
-1.82208 0.19321
-1.81624 0.190025
-1.8104 0.189929
-1.80456 0.185327
-1.79872 0.182745
-1.79288 0.176693
-1.78704 0.172386
-1.7812 0.169238
-1.77536 0.169182
-1.76952 0.165538
-1.76368 0.160845
-1.75784 0.156843
-1.752 0.15385
-1.74616 0.150185
-1.74032 0.146532
-1.73448 0.145507
-1.72864 0.142545
-1.7228 0.138563
-1.71696 0.135935
-1.71112 0.135402
-1.70528 0.131012
-1.69944 0.124036
-1.6936 0.123957
-1.68776 0.119227
-1.68192 0.120028
-1.67608 0.117534
-1.67024 0.113381
-1.6644 0.112489
-1.65856 0.10906
-1.65272 0.111306
-1.64688 0.107539
-1.64104 0.107447
-1.6352 0.107786
-1.62936 0.105177
-1.62352 0.108113
-1.61768 0.108852
-1.61184 0.106895
-1.606 0.105543
-1.60016 0.107106
-1.59432 0.10718
-1.58848 0.107838
-1.58264 0.107091
-1.5768 0.103606
-1.57096 0.108813
-1.56512 0.105605
-1.55928 0.106853
-1.55344 0.106916
-1.5476 0.108873
-1.54176 0.105224
-1.53592 0.106941
-1.53008 0.108594
-1.52424 0.110273
-1.5184 0.107805
-1.51256 0.107937
-1.50672 0.110136
-1.50088 0.108538
-1.49504 0.107829
-1.4892 0.111068
-1.48336 0.112815
-1.47752 0.115148
-1.47168 0.113901
-1.46584 0.115088
-1.46 0.117558
-1.45416 0.117392
-1.44832 0.121353
-1.44248 0.120178
-1.43664 0.122417
-1.4308 0.123766
-1.42496 0.124407
-1.41912 0.127024
-1.41328 0.128558
-1.40744 0.129618
-1.4016 0.131711
-1.39576 0.135313
-1.38992 0.138044
-1.38408 0.140147
-1.37824 0.143256
-1.3724 0.144546
-1.36656 0.146223
-1.36072 0.150966
-1.35488 0.150308
-1.34904 0.152142
-1.3432 0.156
-1.33736 0.156375
-1.33152 0.162394
-1.32568 0.162025
-1.31984 0.167535
-1.314 0.1659
-1.30816 0.171721
-1.30232 0.171165
-1.29648 0.175736
-1.29064 0.179351
-1.2848 0.177896
-1.27896 0.183087
-1.27312 0.187735
-1.26728 0.18943
-1.26144 0.191967
-1.2556 0.194954
-1.24976 0.200191
-1.24392 0.205929
-1.23808 0.206299
-1.23224 0.212026
-1.2264 0.212141
-1.22056 0.216255
-1.21472 0.219165
-1.20888 0.221989
-1.20304 0.221534
-1.1972 0.223591
-1.19136 0.229102
-1.18552 0.231514
-1.17968 0.235342
-1.17384 0.235307
-1.168 0.239223
-1.16216 0.242089
-1.15632 0.246644
-1.15048 0.246315
-1.14464 0.246645
-1.1388 0.247789
-1.13296 0.253239
-1.12712 0.253573
-1.12128 0.256957
-1.11544 0.258575
-1.1096 0.26174
-1.10376 0.2634
-1.09792 0.265826
-1.09208 0.270874
-1.08624 0.274654
-1.0804 0.271988
-1.07456 0.271804
-1.06872 0.276756
-1.06288 0.278065
-1.05704 0.278652
-1.0512 0.284568
-1.04536 0.287217
-1.03952 0.29164
-1.03368 0.293446
-1.02784 0.294923
-1.022 0.297916
-1.01616 0.300225
-1.01032 0.303421
-1.00448 0.304094
-0.99864 0.308779
-0.9928 0.309329
-0.98696 0.309401
-0.98112 0.313098
-0.97528 0.314403
-0.96944 0.31693
-0.9636 0.317842
-0.95776 0.319581
-0.95192 0.32282
-0.94608 0.324094
-0.94024 0.326106
-0.9344 0.326089
-0.92856 0.328103
-0.92272 0.331076
-0.91688 0.328705
-0.91104 0.330388
-0.9052 0.335019
-0.89936 0.33324
-0.89352 0.338138
-0.88768 0.338762
-0.88184 0.342165
-0.876 0.340931
-0.87016 0.345001
-0.86432 0.343426
-0.85848 0.345989
-0.85264 0.346603
-0.8468 0.348195
-0.84096 0.349443
-0.83512 0.351751
-0.82928 0.352898
-0.82344 0.357309
-0.8176 0.357725
-0.81176 0.35964
-0.80592 0.363217
-0.80008 0.364333
-0.79424 0.366097
-0.7884 0.367892
-0.78256 0.370146
-0.77672 0.367946
-0.77088 0.36894
-0.76504 0.368793
-0.7592 0.369376
-0.75336 0.370063
-0.74752 0.370638
-0.74168 0.372217
-0.73584 0.371605
-0.73 0.371586
-0.72416 0.371985
-0.71832 0.372963
-0.71248 0.372688
-0.70664 0.373451
-0.7008 0.370817
-0.69496 0.371963
-0.68912 0.371218
-0.68328 0.372363
-0.67744 0.372409
-0.6716 0.373594
-0.66576 0.373641
-0.65992 0.374477
-0.65408 0.37526
-0.64824 0.375841
-0.6424 0.375047
-0.63656 0.376255
-0.63072 0.377208
-0.62488 0.378203
-0.61904 0.37911
-0.6132 0.380849
-0.60736 0.3812
-0.60152 0.380964
-0.59568 0.380964
-0.58984 0.380964
-0.584 0.380964
-0.57816 0.380964
-0.57232 0.380964
-0.56648 0.380964
-0.56064 0.380964
-0.5548 0.380964
-0.54896 0.380964
-0.54312 0.380964
-0.53728 0.380964
-0.53144 0.380964
-0.5256 0.380964
-0.51976 0.380964
-0.51392 0.380964
-0.50808 0.380964
-0.50224 0.380964
-0.4964 0.380964
-0.49056 0.380964
-0.48472 0.380964
-0.47888 0.380964
-0.47304 0.380964
-0.4672 0.380964
-0.46136 0.380964
-0.45552 0.380964
-0.44968 0.380964
-0.44384 0.380964
-0.438 0.380964
-0.43216 0.380964
-0.42632 0.380964
-0.42048 0.380964
-0.41464 0.380964
-0.4088 0.380964
-0.40296 0.380964
-0.39712 0.380964
-0.39128 0.380964
-0.38544 0.380964
-0.3796 0.380964
-0.37376 0.380964
-0.36792 0.380964
-0.36208 0.380964
-0.35624 0.380964
-0.3504 0.380964
-0.34456 0.380964
-0.33872 0.380964
-0.33288 0.380964
-0.32704 0.380964
-0.3212 0.380964
-0.31536 0.380964
-0.30952 0.380964
-0.30368 0.380964
-0.29784 0.380964
-0.292 0.380964
-0.28616 0.380964
-0.28032 0.380964
-0.27448 0.380964
-0.26864 0.380964
-0.2628 0.380964
-0.25696 0.380964
-0.25112 0.380964
-0.24528 0.380964
-0.23944 0.380964
-0.2336 0.380964
-0.22776 0.380964
-0.22192 0.380964
-0.21608 0.380964
-0.21024 0.380964
-0.2044 0.380964
-0.19856 0.380964
-0.19272 0.380964
-0.18688 0.380964
-0.18104 0.380964
-0.1752 0.380964
-0.16936 0.380964
-0.16352 0.380964
-0.15768 0.380964
-0.15184 0.380964
-0.146 0.380964
-0.14016 0.380964
-0.13432 0.380964
-0.12848 0.380964
-0.12264 0.380964
-0.1168 0.380964
-0.11096 0.380964
-0.10512 0.380964
-0.09928 0.380964
-0.09344 0.380964
-0.0876 0.380964
-0.08176 0.380964
-0.07592 0.380964
-0.07008 0.380964
-0.06424 0.380964
-0.0584 0.380964
-0.05256 0.380964
-0.04672 0.380964
-0.04088 0.380964
-0.03504 0.380964
-0.0292 0.380964
-0.02336 0.380964
-0.01752 0.380964
-0.01168 0.380964
-0.00584 0.380964
