-2.92 0.51095
-2.91416 0.51095
-2.90832 0.51095
-2.90248 0.51095
-2.89664 0.51095
-2.8908 0.51095
-2.88496 0.51095
-2.87912 0.51095
-2.87328 0.51095
-2.86744 0.51095
-2.8616 0.51095
-2.85576 0.51095
-2.84992 0.51095
-2.84408 0.51095
-2.83824 0.51095
-2.8324 0.51095
-2.82656 0.51095
-2.82072 0.51095
-2.81488 0.51095
-2.80904 0.51095
-2.8032 0.51095
-2.79736 0.51095
-2.79152 0.51095
-2.78568 0.51095
-2.77984 0.51095
-2.774 0.51095
-2.76816 0.51095
-2.76232 0.51095
-2.75648 0.51095
-2.75064 0.51095
-2.7448 0.51095
-2.73896 0.51095
-2.73312 0.51095
-2.72728 0.51095
-2.72144 0.51095
-2.7156 0.51095
-2.70976 0.51095
-2.70392 0.51095
-2.69808 0.51095
-2.69224 0.51095
-2.6864 0.51095
-2.68056 0.51095
-2.67472 0.51095
-2.66888 0.51095
-2.66304 0.51095
-2.6572 0.51095
-2.65136 0.51095
-2.64552 0.51095
-2.63968 0.51095
-2.63384 0.51095
-2.628 0.51095
-2.62216 0.51095
-2.61632 0.51095
-2.61048 0.51095
-2.60464 0.51095
-2.5988 0.51095
-2.59296 0.510378
-2.58712 0.509496
-2.58128 0.508525
-2.57544 0.507378
-2.5696 0.505966
-2.56376 0.504465
-2.55792 0.502876
-2.55208 0.501244
-2.54624 0.499568
-2.5404 0.497712
-2.53456 0.495811
-2.52872 0.493822
-2.52288 0.49179
-2.51704 0.489713
-2.5112 0.487589
-2.50536 0.485466
-2.49952 0.483254
-2.49368 0.48109
-2.48784 0.478834
-2.482 0.476667
-2.47616 0.474192
-2.47032 0.471713
-2.46448 0.469059
-2.45864 0.466405
-2.4528 0.463752
-2.44696 0.461097
-2.44112 0.458441
-2.43528 0.455653
-2.42944 0.45321
-2.4236 0.450423
-2.41776 0.448014
-2.41192 0.445935
-2.40608 0.443973
-2.40024 0.441144
-2.3944 0.43914
-2.38856 0.436766
-2.38272 0.434932
-2.37688 0.432848
-2.37104 0.429926
-2.3652 0.428715
-2.35936 0.425618
-2.35352 0.423943
-2.34768 0.421018
-2.34184 0.41968
-2.336 0.417127
-2.33016 0.415031
-2.32432 0.41265
-2.31848 0.410962
-2.31264 0.407614
-2.3068 0.406401
-2.30096 0.404053
-2.29512 0.402545
-2.28928 0.400285
-2.28344 0.397596
-2.2776 0.396042
-2.27176 0.393496
-2.26592 0.392526
-2.26008 0.39093
-2.25424 0.387623
-2.2484 0.384766
-2.24256 0.384918
-2.23672 0.38113
-2.23088 0.37924
-2.22504 0.375125
-2.2192 0.373348
-2.21336 0.372423
-2.20752 0.369646
-2.20168 0.368126
-2.19584 0.365941
-2.19 0.364717
-2.18416 0.363032
-2.17832 0.360038
-2.17248 0.356926
-2.16664 0.35365
-2.1608 0.352338
-2.15496 0.350991
-2.14912 0.348715
-2.14328 0.346189
-2.13744 0.345675
-2.1316 0.3453
-2.12576 0.341817
-2.11992 0.338189
-2.11408 0.334497
-2.10824 0.332552
-2.1024 0.332288
-2.09656 0.33111
-2.09072 0.328751
-2.08488 0.327312
-2.07904 0.323832
-2.0732 0.320714
-2.06736 0.320607
-2.06152 0.317445
-2.05568 0.317114
-2.04984 0.315517
-2.044 0.31477
-2.03816 0.312199
-2.03232 0.308967
-2.02648 0.307404
-2.02064 0.306352
-2.0148 0.304569
-2.00896 0.30202
-2.00312 0.300071
-1.99728 0.300212
-1.99144 0.296062
-1.9856 0.295052
-1.97976 0.29313
-1.97392 0.289686
-1.96808 0.289896
-1.96224 0.28615
-1.9564 0.286789
-1.95056 0.281219
-1.94472 0.27668
-1.93888 0.276505
-1.93304 0.270867
-1.9272 0.272296
-1.92136 0.265998
-1.91552 0.26238
-1.90968 0.260076
-1.90384 0.259325
-1.898 0.252038
-1.89216 0.248491
-1.88632 0.247064
-1.88048 0.240295
-1.87464 0.235567
-1.8688 0.232571
-1.86296 0.231179
-1.85712 0.223657
-1.85128 0.223615
-1.84544 0.217256
-1.8396 0.213829
-1.83376 0.209171
-1.82792 0.206427
-1.82208 0.2013
-1.81624 0.200819
-1.8104 0.19762
-1.80456 0.192329
-1.79872 0.186819
-1.79288 0.182331
-1.78704 0.177999
-1.7812 0.174891
-1.77536 0.169437
-1.76952 0.166172
-1.76368 0.162917
-1.75784 0.15742
-1.752 0.15426
-1.74616 0.147455
-1.74032 0.146644
-1.73448 0.143313
-1.72864 0.140389
-1.7228 0.133099
-1.71696 0.131425
-1.71112 0.12403
-1.70528 0.124938
-1.69944 0.120591
-1.6936 0.115416
-1.68776 0.112714
-1.68192 0.109693
-1.67608 0.104855
-1.67024 0.102372
-1.6644 0.101342
-1.65856 0.0982247
-1.65272 0.0948902
-1.64688 0.0945959
-1.64104 0.0935563
-1.6352 0.09232
-1.62936 0.0905046
-1.62352 0.089468
-1.61768 0.090008
-1.61184 0.0872198
-1.606 0.0895881
-1.60016 0.0876975
-1.59432 0.08966
-1.58848 0.0906212
-1.58264 0.0867136
-1.5768 0.0877027
-1.57096 0.0881741
-1.56512 0.0881646
-1.55928 0.0871236
-1.55344 0.0880002
-1.5476 0.0883422
-1.54176 0.0894734
-1.53592 0.0892236
-1.53008 0.0909491
-1.52424 0.0905556
-1.5184 0.0909296
-1.51256 0.0862391
-1.50672 0.089172
-1.50088 0.0882297
-1.49504 0.0910788
-1.4892 0.0927176
-1.48336 0.0929363
-1.47752 0.0956919
-1.47168 0.0944489
-1.46584 0.0980002
-1.46 0.0996978
-1.45416 0.102237
-1.44832 0.103041
-1.44248 0.103141
-1.43664 0.103882
-1.4308 0.10337
-1.42496 0.106908
-1.41912 0.107112
-1.41328 0.109142
-1.40744 0.111955
-1.4016 0.113375
-1.39576 0.114335
-1.38992 0.118533
-1.38408 0.120184
-1.37824 0.123924
-1.3724 0.123866
-1.36656 0.126706
-1.36072 0.129269
-1.35488 0.130655
-1.34904 0.134368
-1.3432 0.133897
-1.33736 0.137439
-1.33152 0.138475
-1.32568 0.145319
-1.31984 0.144446
-1.314 0.146108
-1.30816 0.151141
-1.30232 0.151795
-1.29648 0.155735
-1.29064 0.156873
-1.2848 0.158224
-1.27896 0.160674
-1.27312 0.164371
-1.26728 0.171043
-1.26144 0.175364
-1.2556 0.175648
-1.24976 0.179179
-1.24392 0.184196
-1.23808 0.187686
-1.23224 0.189758
-1.2264 0.192217
-1.22056 0.196602
-1.21472 0.197065
-1.20888 0.200894
-1.20304 0.204285
-1.1972 0.206114
-1.19136 0.209834
-1.18552 0.211856
-1.17968 0.214313
-1.17384 0.216468
-1.168 0.219489
-1.16216 0.221793
-1.15632 0.22657
-1.15048 0.229615
-1.14464 0.230937
-1.1388 0.229928
-1.13296 0.23161
-1.12712 0.233802
-1.12128 0.236977
-1.11544 0.239924
-1.1096 0.242563
-1.10376 0.245061
-1.09792 0.247608
-1.09208 0.250674
-1.08624 0.253187
-1.0804 0.253782
-1.07456 0.253255
-1.06872 0.256542
-1.06288 0.258564
-1.05704 0.262712
-1.0512 0.26724
-1.04536 0.270079
-1.03952 0.276745
-1.03368 0.274411
-1.02784 0.279936
-1.022 0.284869
-1.01616 0.289173
-1.01032 0.291838
-1.00448 0.292807
-0.99864 0.294014
-0.9928 0.295032
-0.98696 0.299706
-0.98112 0.300948
-0.97528 0.305026
-0.96944 0.30783
-0.9636 0.308647
-0.95776 0.310415
-0.95192 0.3135
-0.94608 0.316044
-0.94024 0.319922
-0.9344 0.319645
-0.92856 0.322547
-0.92272 0.323532
-0.91688 0.323887
-0.91104 0.32692
-0.9052 0.326595
-0.89936 0.330758
-0.89352 0.331145
-0.88768 0.335279
-0.88184 0.335451
-0.876 0.335768
-0.87016 0.341493
-0.86432 0.340933
-0.85848 0.343744
-0.85264 0.345063
-0.8468 0.346611
-0.84096 0.348686
-0.83512 0.349566
-0.82928 0.355321
-0.82344 0.359023
-0.8176 0.359106
-0.81176 0.361838
-0.80592 0.365281
-0.80008 0.367692
-0.79424 0.369367
-0.7884 0.371512
-0.78256 0.372106
-0.77672 0.372259
-0.77088 0.373679
-0.76504 0.373338
-0.7592 0.373335
-0.75336 0.374326
-0.74752 0.374861
-0.74168 0.374767
-0.73584 0.375472
-0.73 0.376249
-0.72416 0.376661
-0.71832 0.377317
-0.71248 0.377967
-0.70664 0.378205
-0.7008 0.374993
-0.69496 0.377119
-0.68912 0.376673
-0.68328 0.377361
-0.67744 0.377789
-0.6716 0.378984
-0.66576 0.379207
-0.65992 0.379426
-0.65408 0.380918
-0.64824 0.381215
-0.6424 0.380808
-0.63656 0.382067
-0.63072 0.383237
-0.62488 0.384402
-0.61904 0.385439
-0.6132 0.387054
-0.60736 0.387535
-0.60152 0.387342
-0.59568 0.387342
-0.58984 0.387342
-0.584 0.387342
-0.57816 0.387342
-0.57232 0.387342
-0.56648 0.387342
-0.56064 0.387342
-0.5548 0.387342
-0.54896 0.387342
-0.54312 0.387342
-0.53728 0.387342
-0.53144 0.387342
-0.5256 0.387342
-0.51976 0.387342
-0.51392 0.387342
-0.50808 0.387342
-0.50224 0.387342
-0.4964 0.387342
-0.49056 0.387342
-0.48472 0.387342
-0.47888 0.387342
-0.47304 0.387342
-0.4672 0.387342
-0.46136 0.387342
-0.45552 0.387342
-0.44968 0.387342
-0.44384 0.387342
-0.438 0.387342
-0.43216 0.387342
-0.42632 0.387342
-0.42048 0.387342
-0.41464 0.387342
-0.4088 0.387342
-0.40296 0.387342
-0.39712 0.387342
-0.39128 0.387342
-0.38544 0.387342
-0.3796 0.387342
-0.37376 0.387342
-0.36792 0.387342
-0.36208 0.387342
-0.35624 0.387342
-0.3504 0.387342
-0.34456 0.387342
-0.33872 0.387342
-0.33288 0.387342
-0.32704 0.387342
-0.3212 0.387342
-0.31536 0.387342
-0.30952 0.387342
-0.30368 0.387342
-0.29784 0.387342
-0.292 0.387342
-0.28616 0.387342
-0.28032 0.387342
-0.27448 0.387342
-0.26864 0.387342
-0.2628 0.387342
-0.25696 0.387342
-0.25112 0.387342
-0.24528 0.387342
-0.23944 0.387342
-0.2336 0.387342
-0.22776 0.387342
-0.22192 0.387342
-0.21608 0.387342
-0.21024 0.387342
-0.2044 0.387342
-0.19856 0.387342
-0.19272 0.387342
-0.18688 0.387342
-0.18104 0.387342
-0.1752 0.387342
-0.16936 0.387342
-0.16352 0.387342
-0.15768 0.387342
-0.15184 0.387342
-0.146 0.387342
-0.14016 0.387342
-0.13432 0.387342
-0.12848 0.387342
-0.12264 0.387342
-0.1168 0.387342
-0.11096 0.387342
-0.10512 0.387342
-0.09928 0.387342
-0.09344 0.387342
-0.0876 0.387342
-0.08176 0.387342
-0.07592 0.387342
-0.07008 0.387342
-0.06424 0.387342
-0.0584 0.387342
-0.05256 0.387342
-0.04672 0.387342
-0.04088 0.387342
-0.03504 0.387342
-0.0292 0.387342
-0.02336 0.387342
-0.01752 0.387342
-0.01168 0.387342
-0.00584 0.387342
