-2.92 0.431577
-2.91416 0.431577
-2.90832 0.431577
-2.90248 0.431577
-2.89664 0.431577
-2.8908 0.431577
-2.88496 0.431577
-2.87912 0.431577
-2.87328 0.431577
-2.86744 0.431577
-2.8616 0.431577
-2.85576 0.431577
-2.84992 0.431577
-2.84408 0.431577
-2.83824 0.431577
-2.8324 0.431577
-2.82656 0.431577
-2.82072 0.431577
-2.81488 0.431577
-2.80904 0.431577
-2.8032 0.431577
-2.79736 0.431577
-2.79152 0.431577
-2.78568 0.431577
-2.77984 0.431577
-2.774 0.431577
-2.76816 0.431577
-2.76232 0.431577
-2.75648 0.431577
-2.75064 0.431577
-2.7448 0.431577
-2.73896 0.431577
-2.73312 0.431577
-2.72728 0.431577
-2.72144 0.431577
-2.7156 0.431577
-2.70976 0.431577
-2.70392 0.431577
-2.69808 0.431577
-2.69224 0.431577
-2.6864 0.431577
-2.68056 0.431577
-2.67472 0.431577
-2.66888 0.431577
-2.66304 0.431577
-2.6572 0.431577
-2.65136 0.431577
-2.64552 0.431577
-2.63968 0.431577
-2.63384 0.431577
-2.628 0.431577
-2.62216 0.431577
-2.61632 0.431577
-2.61048 0.431577
-2.60464 0.431577
-2.5988 0.431577
-2.59296 0.430919
-2.58712 0.430171
-2.58128 0.42938
-2.57544 0.428457
-2.5696 0.427531
-2.56376 0.426428
-2.55792 0.425193
-2.55208 0.424003
-2.54624 0.422724
-2.5404 0.421312
-2.53456 0.419769
-2.52872 0.418181
-2.52288 0.416592
-2.51704 0.415002
-2.5112 0.413369
-2.50536 0.411734
-2.49952 0.409924
-2.49368 0.408244
-2.48784 0.406522
-2.482 0.404887
-2.47616 0.402989
-2.47032 0.400958
-2.46448 0.398924
-2.45864 0.396803
-2.4528 0.394725
-2.44696 0.392602
-2.44112 0.390391
-2.43528 0.388181
-2.42944 0.38622
-2.4236 0.383845
-2.41776 0.381677
-2.41192 0.379962
-2.40608 0.377706
-2.40024 0.375579
-2.3944 0.373819
-2.38856 0.37181
-2.38272 0.370096
-2.37688 0.369164
-2.37104 0.36724
-2.3652 0.365269
-2.35936 0.362801
-2.35352 0.361823
-2.34768 0.360437
-2.34184 0.35896
-2.336 0.35824
-2.33016 0.356354
-2.32432 0.354545
-2.31848 0.353359
-2.31264 0.351971
-2.3068 0.350462
-2.30096 0.349693
-2.29512 0.348014
-2.28928 0.346796
-2.28344 0.345862
-2.2776 0.343843
-2.27176 0.342744
-2.26592 0.340816
-2.26008 0.338669
-2.25424 0.33832
-2.2484 0.338055
-2.24256 0.33474
-2.23672 0.335384
-2.23088 0.331054
-2.22504 0.330946
-2.2192 0.327743
-2.21336 0.328265
-2.20752 0.325026
-2.20168 0.323401
-2.19584 0.320457
-2.19 0.319088
-2.18416 0.318803
-2.17832 0.316664
-2.17248 0.315726
-2.16664 0.314484
-2.1608 0.312586
-2.15496 0.311842
-2.14912 0.309605
-2.14328 0.3061
-2.13744 0.304952
-2.1316 0.303669
-2.12576 0.304194
-2.11992 0.301792
-2.11408 0.300254
-2.10824 0.297006
-2.1024 0.29657
-2.09656 0.294988
-2.09072 0.294335
-2.08488 0.293743
-2.07904 0.291542
-2.0732 0.28901
-2.06736 0.288158
-2.06152 0.284488
-2.05568 0.283219
-2.04984 0.284226
-2.044 0.281803
-2.03816 0.281002
-2.03232 0.280346
-2.02648 0.277685
-2.02064 0.277735
-2.0148 0.274912
-2.00896 0.272712
-2.00312 0.272781
-1.99728 0.271047
-1.99144 0.270435
-1.9856 0.267996
-1.97976 0.264496
-1.97392 0.262212
-1.96808 0.265052
-1.96224 0.260412
-1.9564 0.261383
-1.95056 0.257192
-1.94472 0.258412
-1.93888 0.251243
-1.93304 0.247823
-1.9272 0.244862
-1.92136 0.244774
-1.91552 0.241893
-1.90968 0.23436
-1.90384 0.234338
-1.898 0.231301
-1.89216 0.229067
-1.88632 0.225958
-1.88048 0.222092
-1.87464 0.218401
-1.8688 0.216149
-1.86296 0.212836
-1.85712 0.209445
-1.85128 0.206785
-1.84544 0.202004
-1.8396 0.200356
-1.83376 0.195462
-1.82792 0.193102
-1.82208 0.188486
-1.81624 0.187111
-1.8104 0.182294
-1.80456 0.179774
-1.79872 0.177125
-1.79288 0.175017
-1.78704 0.167994
-1.7812 0.166913
-1.77536 0.162444
-1.76952 0.160137
-1.76368 0.157229
-1.75784 0.152327
-1.752 0.147981
-1.74616 0.143337
-1.74032 0.142719
-1.73448 0.137547
-1.72864 0.134825
-1.7228 0.132919
-1.71696 0.129295
-1.71112 0.126914
-1.70528 0.119895
-1.69944 0.12028
-1.6936 0.114393
-1.68776 0.11161
-1.68192 0.109503
-1.67608 0.105518
-1.67024 0.104951
-1.6644 0.102053
-1.65856 0.100299
-1.65272 0.100219
-1.64688 0.0970981
-1.64104 0.095204
-1.6352 0.0953374
-1.62936 0.094375
-1.62352 0.0957669
-1.61768 0.0950244
-1.61184 0.0952143
-1.606 0.0958285
-1.60016 0.0942278
-1.59432 0.0940518
-1.58848 0.0958784
-1.58264 0.0961931
-1.5768 0.0938186
-1.57096 0.0967169
-1.56512 0.0950173
-1.55928 0.0936819
-1.55344 0.0953014
-1.5476 0.093135
-1.54176 0.0932172
-1.53592 0.0934025
-1.53008 0.0954342
-1.52424 0.0957056
-1.5184 0.091392
-1.51256 0.0939797
-1.50672 0.0920126
-1.50088 0.0935195
-1.49504 0.0937729
-1.4892 0.0929948
-1.48336 0.0965691
-1.47752 0.0965143
-1.47168 0.0969111
-1.46584 0.0987652
-1.46 0.100703
-1.45416 0.101316
-1.44832 0.100101
-1.44248 0.101582
-1.43664 0.102212
-1.4308 0.102474
-1.42496 0.103155
-1.41912 0.102894
-1.41328 0.103761
-1.40744 0.105001
-1.4016 0.109207
-1.39576 0.110554
-1.38992 0.11012
-1.38408 0.113975
-1.37824 0.11609
-1.3724 0.117075
-1.36656 0.120855
-1.36072 0.121793
-1.35488 0.119481
-1.34904 0.12094
-1.3432 0.125257
-1.33736 0.127529
-1.33152 0.128817
-1.32568 0.130625
-1.31984 0.132363
-1.314 0.133326
-1.30816 0.137625
-1.30232 0.138965
-1.29648 0.141127
-1.29064 0.140974
-1.2848 0.143612
-1.27896 0.144312
-1.27312 0.150433
-1.26728 0.154506
-1.26144 0.157104
-1.2556 0.157489
-1.24976 0.16164
-1.24392 0.167171
-1.23808 0.170035
-1.23224 0.173399
-1.2264 0.174408
-1.22056 0.174313
-1.21472 0.179671
-1.20888 0.182889
-1.20304 0.183962
-1.1972 0.184354
-1.19136 0.187519
-1.18552 0.189275
-1.17968 0.19206
-1.17384 0.197972
-1.168 0.197439
-1.16216 0.199282
-1.15632 0.201326
-1.15048 0.20378
-1.14464 0.205301
-1.1388 0.205074
-1.13296 0.208114
-1.12712 0.207671
-1.12128 0.212353
-1.11544 0.213501
-1.1096 0.214348
-1.10376 0.218218
-1.09792 0.219582
-1.09208 0.224433
-1.08624 0.225959
-1.0804 0.224279
-1.07456 0.225848
-1.06872 0.228029
-1.06288 0.232762
-1.05704 0.232658
-1.0512 0.238105
-1.04536 0.240649
-1.03952 0.245292
-1.03368 0.245597
-1.02784 0.248457
-1.022 0.251535
-1.01616 0.254628
-1.01032 0.255103
-1.00448 0.260159
-0.99864 0.260744
-0.9928 0.263422
-0.98696 0.26514
-0.98112 0.267765
-0.97528 0.268398
-0.96944 0.270165
-0.9636 0.273295
-0.95776 0.276026
-0.95192 0.276621
-0.94608 0.278392
-0.94024 0.280483
-0.9344 0.281222
-0.92856 0.284558
-0.92272 0.284475
-0.91688 0.283516
-0.91104 0.285132
-0.9052 0.287309
-0.89936 0.289205
-0.89352 0.290723
-0.88768 0.291225
-0.88184 0.293877
-0.876 0.293654
-0.87016 0.296757
-0.86432 0.297072
-0.85848 0.297875
-0.85264 0.29981
-0.8468 0.30094
-0.84096 0.302497
-0.83512 0.304665
-0.82928 0.308585
-0.82344 0.309375
-0.8176 0.310853
-0.81176 0.31222
-0.80592 0.315873
-0.80008 0.317254
-0.79424 0.31921
-0.7884 0.320678
-0.78256 0.319779
-0.77672 0.322329
-0.77088 0.321428
-0.76504 0.321372
-0.7592 0.320339
-0.75336 0.320453
-0.74752 0.320517
-0.74168 0.32192
-0.73584 0.320899
-0.73 0.321462
-0.72416 0.321065
-0.71832 0.320494
-0.71248 0.320217
-0.70664 0.321756
-0.7008 0.319589
-0.69496 0.319857
-0.68912 0.317717
-0.68328 0.319748
-0.67744 0.319339
-0.6716 0.320223
-0.66576 0.319974
-0.65992 0.320646
-0.65408 0.322021
-0.64824 0.321842
-0.6424 0.321052
-0.63656 0.322094
-0.63072 0.323004
-0.62488 0.323871
-0.61904 0.324694
-0.6132 0.326474
-0.60736 0.326831
-0.60152 0.326385
-0.59568 0.326385
-0.58984 0.326385
-0.584 0.326385
-0.57816 0.326385
-0.57232 0.326385
-0.56648 0.326385
-0.56064 0.326385
-0.5548 0.326385
-0.54896 0.326385
-0.54312 0.326385
-0.53728 0.326385
-0.53144 0.326385
-0.5256 0.326385
-0.51976 0.326385
-0.51392 0.326385
-0.50808 0.326385
-0.50224 0.326385
-0.4964 0.326385
-0.49056 0.326385
-0.48472 0.326385
-0.47888 0.326385
-0.47304 0.326385
-0.4672 0.326385
-0.46136 0.326385
-0.45552 0.326385
-0.44968 0.326385
-0.44384 0.326385
-0.438 0.326385
-0.43216 0.326385
-0.42632 0.326385
-0.42048 0.326385
-0.41464 0.326385
-0.4088 0.326385
-0.40296 0.326385
-0.39712 0.326385
-0.39128 0.326385
-0.38544 0.326385
-0.3796 0.326385
-0.37376 0.326385
-0.36792 0.326385
-0.36208 0.326385
-0.35624 0.326385
-0.3504 0.326385
-0.34456 0.326385
-0.33872 0.326385
-0.33288 0.326385
-0.32704 0.326385
-0.3212 0.326385
-0.31536 0.326385
-0.30952 0.326385
-0.30368 0.326385
-0.29784 0.326385
-0.292 0.326385
-0.28616 0.326385
-0.28032 0.326385
-0.27448 0.326385
-0.26864 0.326385
-0.2628 0.326385
-0.25696 0.326385
-0.25112 0.326385
-0.24528 0.326385
-0.23944 0.326385
-0.2336 0.326385
-0.22776 0.326385
-0.22192 0.326385
-0.21608 0.326385
-0.21024 0.326385
-0.2044 0.326385
-0.19856 0.326385
-0.19272 0.326385
-0.18688 0.326385
-0.18104 0.326385
-0.1752 0.326385
-0.16936 0.326385
-0.16352 0.326385
-0.15768 0.326385
-0.15184 0.326385
-0.146 0.326385
-0.14016 0.326385
-0.13432 0.326385
-0.12848 0.326385
-0.12264 0.326385
-0.1168 0.326385
-0.11096 0.326385
-0.10512 0.326385
-0.09928 0.326385
-0.09344 0.326385
-0.0876 0.326385
-0.08176 0.326385
-0.07592 0.326385
-0.07008 0.326385
-0.06424 0.326385
-0.0584 0.326385
-0.05256 0.326385
-0.04672 0.326385
-0.04088 0.326385
-0.03504 0.326385
-0.0292 0.326385
-0.02336 0.326385
-0.01752 0.326385
-0.01168 0.326385
-0.00584 0.326385
