-2.92 0.421999
-2.91416 0.421999
-2.90832 0.421999
-2.90248 0.421999
-2.89664 0.421999
-2.8908 0.421999
-2.88496 0.421999
-2.87912 0.421999
-2.87328 0.421999
-2.86744 0.421999
-2.8616 0.421999
-2.85576 0.421999
-2.84992 0.421999
-2.84408 0.421999
-2.83824 0.421999
-2.8324 0.421999
-2.82656 0.421999
-2.82072 0.421999
-2.81488 0.421999
-2.80904 0.421999
-2.8032 0.421999
-2.79736 0.421999
-2.79152 0.421999
-2.78568 0.421999
-2.77984 0.421999
-2.774 0.421999
-2.76816 0.421999
-2.76232 0.421999
-2.75648 0.421999
-2.75064 0.421999
-2.7448 0.421999
-2.73896 0.421999
-2.73312 0.421999
-2.72728 0.421999
-2.72144 0.421999
-2.7156 0.421999
-2.70976 0.421999
-2.70392 0.421999
-2.69808 0.421999
-2.69224 0.421999
-2.6864 0.421999
-2.68056 0.421999
-2.67472 0.421999
-2.66888 0.421999
-2.66304 0.421999
-2.6572 0.421999
-2.65136 0.421999
-2.64552 0.421999
-2.63968 0.421999
-2.63384 0.421999
-2.628 0.421999
-2.62216 0.421999
-2.61632 0.421999
-2.61048 0.421999
-2.60464 0.421999
-2.5988 0.421999
-2.59296 0.421424
-2.58712 0.420717
-2.58128 0.419966
-2.57544 0.419125
-2.5696 0.418284
-2.56376 0.417265
-2.55792 0.416159
-2.55208 0.415008
-2.54624 0.413814
-2.5404 0.412488
-2.53456 0.411118
-2.52872 0.409702
-2.52288 0.408241
-2.51704 0.40678
-2.5112 0.405275
-2.50536 0.403724
-2.49952 0.402046
-2.49368 0.400365
-2.48784 0.398642
-2.482 0.397135
-2.47616 0.39519
-2.47032 0.393243
-2.46448 0.391164
-2.45864 0.389129
-2.4528 0.387049
-2.44696 0.384926
-2.44112 0.382759
-2.43528 0.380886
-2.42944 0.37872
-2.4236 0.376719
-2.41776 0.374385
-2.41192 0.372676
-2.40608 0.37017
-2.40024 0.368532
-2.3944 0.366355
-2.38856 0.364138
-2.38272 0.361797
-2.37688 0.359699
-2.37104 0.357387
-2.3652 0.355582
-2.35936 0.352769
-2.35352 0.351668
-2.34768 0.348691
-2.34184 0.347793
-2.336 0.345812
-2.33016 0.34416
-2.32432 0.342214
-2.31848 0.339901
-2.31264 0.338198
-2.3068 0.337643
-2.30096 0.336331
-2.29512 0.334804
-2.28928 0.332776
-2.28344 0.332175
-2.2776 0.330685
-2.27176 0.328954
-2.26592 0.328318
-2.26008 0.327918
-2.25424 0.327107
-2.2484 0.325323
-2.24256 0.322959
-2.23672 0.32243
-2.23088 0.32107
-2.22504 0.320081
-2.2192 0.320139
-2.21336 0.316713
-2.20752 0.314895
-2.20168 0.312653
-2.19584 0.310903
-2.19 0.310832
-2.18416 0.310814
-2.17832 0.308435
-2.17248 0.308619
-2.16664 0.307134
-2.1608 0.304935
-2.15496 0.304191
-2.14912 0.301527
-2.14328 0.301169
-2.13744 0.298839
-2.1316 0.29802
-2.12576 0.296652
-2.11992 0.296667
-2.11408 0.294432
-2.10824 0.294364
-2.1024 0.288794
-2.09656 0.287474
-2.09072 0.286541
-2.08488 0.286553
-2.07904 0.286128
-2.0732 0.28384
-2.06736 0.281932
-2.06152 0.282036
-2.05568 0.278701
-2.04984 0.280326
-2.044 0.277348
-2.03816 0.275604
-2.03232 0.274628
-2.02648 0.272882
-2.02064 0.271613
-2.0148 0.271671
-2.00896 0.268432
-2.00312 0.269334
-1.99728 0.267757
-1.99144 0.267882
-1.9856 0.265593
-1.97976 0.263348
-1.97392 0.262589
-1.96808 0.261806
-1.96224 0.26216
-1.9564 0.256434
-1.95056 0.255355
-1.94472 0.253208
-1.93888 0.249099
-1.93304 0.24602
-1.9272 0.246107
-1.92136 0.244375
-1.91552 0.239433
-1.90968 0.238642
-1.90384 0.234589
-1.898 0.230893
-1.89216 0.231352
-1.88632 0.225327
-1.88048 0.223759
-1.87464 0.219317
-1.8688 0.21789
-1.86296 0.213195
-1.85712 0.208514
-1.85128 0.208257
-1.84544 0.200508
-1.8396 0.197537
-1.83376 0.196826
-1.82792 0.193561
-1.82208 0.189129
-1.81624 0.187124
-1.8104 0.183336
-1.80456 0.184999
-1.79872 0.176762
-1.79288 0.174633
-1.78704 0.169802
-1.7812 0.162902
-1.77536 0.161915
-1.76952 0.157391
-1.76368 0.153013
-1.75784 0.153061
-1.752 0.150796
-1.74616 0.14257
-1.74032 0.140167
-1.73448 0.139915
-1.72864 0.135463
-1.7228 0.129646
-1.71696 0.13034
-1.71112 0.122886
-1.70528 0.122839
-1.69944 0.120938
-1.6936 0.119075
-1.68776 0.114972
-1.68192 0.109235
-1.67608 0.105419
-1.67024 0.103812
-1.6644 0.1061
-1.65856 0.10197
-1.65272 0.100168
-1.64688 0.0986268
-1.64104 0.097537
-1.6352 0.0994285
-1.62936 0.0982535
-1.62352 0.0969382
-1.61768 0.0969102
-1.61184 0.0969463
-1.606 0.0963874
-1.60016 0.093241
-1.59432 0.0975681
-1.58848 0.0960302
-1.58264 0.096308
-1.5768 0.0948872
-1.57096 0.0953725
-1.56512 0.0986395
-1.55928 0.0966415
-1.55344 0.0955018
-1.5476 0.0984295
-1.54176 0.0963911
-1.53592 0.0951688
-1.53008 0.0977917
-1.52424 0.0980236
-1.5184 0.0939283
-1.51256 0.0953163
-1.50672 0.0964403
-1.50088 0.09467
-1.49504 0.0936841
-1.4892 0.0942822
-1.48336 0.098407
-1.47752 0.0976026
-1.47168 0.0963297
-1.46584 0.0971754
-1.46 0.100293
-1.45416 0.10181
-1.44832 0.100226
-1.44248 0.10081
-1.43664 0.101533
-1.4308 0.102317
-1.42496 0.103228
-1.41912 0.102804
-1.41328 0.102232
-1.40744 0.104851
-1.4016 0.105666
-1.39576 0.107907
-1.38992 0.108136
-1.38408 0.112666
-1.37824 0.112632
-1.3724 0.11604
-1.36656 0.1167
-1.36072 0.120348
-1.35488 0.117366
-1.34904 0.117612
-1.3432 0.123021
-1.33736 0.12595
-1.33152 0.125225
-1.32568 0.12904
-1.31984 0.129542
-1.314 0.130344
-1.30816 0.136987
-1.30232 0.13534
-1.29648 0.136863
-1.29064 0.136979
-1.2848 0.143419
-1.27896 0.145137
-1.27312 0.146472
-1.26728 0.150189
-1.26144 0.156326
-1.2556 0.156056
-1.24976 0.159105
-1.24392 0.162199
-1.23808 0.166997
-1.23224 0.168074
-1.2264 0.170856
-1.22056 0.17455
-1.21472 0.175913
-1.20888 0.17591
-1.20304 0.182454
-1.1972 0.18404
-1.19136 0.184457
-1.18552 0.186475
-1.17968 0.190476
-1.17384 0.191882
-1.168 0.194275
-1.16216 0.194657
-1.15632 0.200183
-1.15048 0.200564
-1.14464 0.2021
-1.1388 0.200427
-1.13296 0.200689
-1.12712 0.206806
-1.12128 0.208058
-1.11544 0.209935
-1.1096 0.212343
-1.10376 0.21581
-1.09792 0.215328
-1.09208 0.22095
-1.08624 0.221809
-1.0804 0.221533
-1.07456 0.222771
-1.06872 0.227249
-1.06288 0.227465
-1.05704 0.227547
-1.0512 0.2333
-1.04536 0.237042
-1.03952 0.239606
-1.03368 0.240374
-1.02784 0.243633
-1.022 0.247494
-1.01616 0.251287
-1.01032 0.251808
-1.00448 0.254579
-0.99864 0.256522
-0.9928 0.257791
-0.98696 0.260939
-0.98112 0.261696
-0.97528 0.26373
-0.96944 0.265954
-0.9636 0.268066
-0.95776 0.270476
-0.95192 0.271777
-0.94608 0.274903
-0.94024 0.275823
-0.9344 0.278052
-0.92856 0.278349
-0.92272 0.281257
-0.91688 0.277945
-0.91104 0.278781
-0.9052 0.282305
-0.89936 0.284625
-0.89352 0.284621
-0.88768 0.285963
-0.88184 0.28828
-0.876 0.288856
-0.87016 0.293917
-0.86432 0.291704
-0.85848 0.29381
-0.85264 0.293715
-0.8468 0.297016
-0.84096 0.296988
-0.83512 0.298783
-0.82928 0.302289
-0.82344 0.305181
-0.8176 0.306131
-0.81176 0.307515
-0.80592 0.309012
-0.80008 0.312589
-0.79424 0.313775
-0.7884 0.314995
-0.78256 0.315901
-0.77672 0.315506
-0.77088 0.314613
-0.76504 0.316021
-0.7592 0.314995
-0.75336 0.315523
-0.74752 0.314995
-0.74168 0.316863
-0.73584 0.314656
-0.73 0.314788
-0.72416 0.314727
-0.71832 0.316509
-0.71248 0.314292
-0.70664 0.315642
-0.7008 0.310956
-0.69496 0.311775
-0.68912 0.312024
-0.68328 0.312537
-0.67744 0.312839
-0.6716 0.31271
-0.66576 0.313385
-0.65992 0.313078
-0.65408 0.314543
-0.64824 0.314362
-0.6424 0.313434
-0.63656 0.314303
-0.63072 0.315173
-0.62488 0.316037
-0.61904 0.316815
-0.6132 0.318352
-0.60736 0.318825
-0.60152 0.318548
-0.59568 0.318548
-0.58984 0.318548
-0.584 0.318548
-0.57816 0.318548
-0.57232 0.318548
-0.56648 0.318548
-0.56064 0.318548
-0.5548 0.318548
-0.54896 0.318548
-0.54312 0.318548
-0.53728 0.318548
-0.53144 0.318548
-0.5256 0.318548
-0.51976 0.318548
-0.51392 0.318548
-0.50808 0.318548
-0.50224 0.318548
-0.4964 0.318548
-0.49056 0.318548
-0.48472 0.318548
-0.47888 0.318548
-0.47304 0.318548
-0.4672 0.318548
-0.46136 0.318548
-0.45552 0.318548
-0.44968 0.318548
-0.44384 0.318548
-0.438 0.318548
-0.43216 0.318548
-0.42632 0.318548
-0.42048 0.318548
-0.41464 0.318548
-0.4088 0.318548
-0.40296 0.318548
-0.39712 0.318548
-0.39128 0.318548
-0.38544 0.318548
-0.3796 0.318548
-0.37376 0.318548
-0.36792 0.318548
-0.36208 0.318548
-0.35624 0.318548
-0.3504 0.318548
-0.34456 0.318548
-0.33872 0.318548
-0.33288 0.318548
-0.32704 0.318548
-0.3212 0.318548
-0.31536 0.318548
-0.30952 0.318548
-0.30368 0.318548
-0.29784 0.318548
-0.292 0.318548
-0.28616 0.318548
-0.28032 0.318548
-0.27448 0.318548
-0.26864 0.318548
-0.2628 0.318548
-0.25696 0.318548
-0.25112 0.318548
-0.24528 0.318548
-0.23944 0.318548
-0.2336 0.318548
-0.22776 0.318548
-0.22192 0.318548
-0.21608 0.318548
-0.21024 0.318548
-0.2044 0.318548
-0.19856 0.318548
-0.19272 0.318548
-0.18688 0.318548
-0.18104 0.318548
-0.1752 0.318548
-0.16936 0.318548
-0.16352 0.318548
-0.15768 0.318548
-0.15184 0.318548
-0.146 0.318548
-0.14016 0.318548
-0.13432 0.318548
-0.12848 0.318548
-0.12264 0.318548
-0.1168 0.318548
-0.11096 0.318548
-0.10512 0.318548
-0.09928 0.318548
-0.09344 0.318548
-0.0876 0.318548
-0.08176 0.318548
-0.07592 0.318548
-0.07008 0.318548
-0.06424 0.318548
-0.0584 0.318548
-0.05256 0.318548
-0.04672 0.318548
-0.04088 0.318548
-0.03504 0.318548
-0.0292 0.318548
-0.02336 0.318548
-0.01752 0.318548
-0.01168 0.318548
-0.00584 0.318548
