-2.92 0.524325
-2.91416 0.524325
-2.90832 0.524325
-2.90248 0.524325
-2.89664 0.524325
-2.8908 0.524325
-2.88496 0.524325
-2.87912 0.524325
-2.87328 0.524325
-2.86744 0.524325
-2.8616 0.524325
-2.85576 0.524325
-2.84992 0.524325
-2.84408 0.524325
-2.83824 0.524325
-2.8324 0.524325
-2.82656 0.524325
-2.82072 0.524325
-2.81488 0.524325
-2.80904 0.524325
-2.8032 0.524325
-2.79736 0.524325
-2.79152 0.524325
-2.78568 0.524325
-2.77984 0.524325
-2.774 0.524325
-2.76816 0.524325
-2.76232 0.524325
-2.75648 0.524325
-2.75064 0.524325
-2.7448 0.524325
-2.73896 0.524325
-2.73312 0.524325
-2.72728 0.524325
-2.72144 0.524325
-2.7156 0.524325
-2.70976 0.524325
-2.70392 0.524325
-2.69808 0.524325
-2.69224 0.524325
-2.6864 0.524325
-2.68056 0.524325
-2.67472 0.524325
-2.66888 0.524325
-2.66304 0.524325
-2.6572 0.524325
-2.65136 0.524325
-2.64552 0.524325
-2.63968 0.524325
-2.63384 0.524325
-2.628 0.524325
-2.62216 0.524325
-2.61632 0.524325
-2.61048 0.524325
-2.60464 0.524325
-2.5988 0.524325
-2.59296 0.523707
-2.58712 0.522872
-2.58128 0.521948
-2.57544 0.520937
-2.5696 0.519705
-2.56376 0.518295
-2.55792 0.51671
-2.55208 0.515081
-2.54624 0.513321
-2.5404 0.51156
-2.53456 0.509666
-2.52872 0.507729
-2.52288 0.505746
-2.51704 0.503678
-2.5112 0.501477
-2.50536 0.499361
-2.49952 0.497112
-2.49368 0.494996
-2.48784 0.49288
-2.482 0.490896
-2.47616 0.488646
-2.47032 0.486353
-2.46448 0.484016
-2.45864 0.481633
-2.4528 0.47912
-2.44696 0.476605
-2.44112 0.474046
-2.43528 0.471441
-2.42944 0.468881
-2.4236 0.466276
-2.41776 0.463715
-2.41192 0.46098
-2.40608 0.45833
-2.40024 0.455804
-2.3944 0.453057
-2.38856 0.450687
-2.38272 0.448109
-2.37688 0.444941
-2.37104 0.442524
-2.3652 0.439813
-2.35936 0.436635
-2.35352 0.434336
-2.34768 0.431536
-2.34184 0.42878
-2.336 0.425431
-2.33016 0.422673
-2.32432 0.419872
-2.31848 0.416521
-2.31264 0.413876
-2.3068 0.411072
-2.30096 0.407804
-2.29512 0.404525
-2.28928 0.401345
-2.28344 0.398396
-2.2776 0.395448
-2.27176 0.390913
-2.26592 0.387892
-2.26008 0.385708
-2.25424 0.381624
-2.2484 0.378303
-2.24256 0.374601
-2.23672 0.3714
-2.23088 0.36874
-2.22504 0.364232
-2.2192 0.360444
-2.21336 0.357241
-2.20752 0.355247
-2.20168 0.351299
-2.19584 0.348092
-2.19 0.346149
-2.18416 0.342696
-2.17832 0.339919
-2.17248 0.337002
-2.16664 0.334598
-2.1608 0.331307
-2.15496 0.329787
-2.14912 0.327979
-2.14328 0.324645
-2.13744 0.321999
-2.1316 0.320461
-2.12576 0.318903
-2.11992 0.317006
-2.11408 0.314898
-2.10824 0.311645
-2.1024 0.311051
-2.09656 0.30851
-2.09072 0.306564
-2.08488 0.303195
-2.07904 0.303035
-2.0732 0.299778
-2.06736 0.298259
-2.06152 0.298838
-2.05568 0.296945
-2.04984 0.295058
-2.044 0.295246
-2.03816 0.291737
-2.03232 0.291179
-2.02648 0.28991
-2.02064 0.28914
-2.0148 0.286737
-2.00896 0.284831
-2.00312 0.284014
-1.99728 0.283778
-1.99144 0.279865
-1.9856 0.280858
-1.97976 0.279977
-1.97392 0.277053
-1.96808 0.276869
-1.96224 0.275128
-1.9564 0.271436
-1.95056 0.272264
-1.94472 0.268948
-1.93888 0.265055
-1.93304 0.264768
-1.9272 0.25879
-1.92136 0.260351
-1.91552 0.257995
-1.90968 0.254518
-1.90384 0.251164
-1.898 0.244773
-1.89216 0.245528
-1.88632 0.24237
-1.88048 0.240091
-1.87464 0.237085
-1.8688 0.232891
-1.86296 0.228289
-1.85712 0.221906
-1.85128 0.224699
-1.84544 0.220734
-1.8396 0.21367
-1.83376 0.212116
-1.82792 0.20934
-1.82208 0.207644
-1.81624 0.202646
-1.8104 0.198706
-1.80456 0.197227
-1.79872 0.190573
-1.79288 0.18868
-1.78704 0.184889
-1.7812 0.180616
-1.77536 0.178756
-1.76952 0.172872
-1.76368 0.169294
-1.75784 0.166551
-1.752 0.16438
-1.74616 0.156544
-1.74032 0.153579
-1.73448 0.151871
-1.72864 0.148715
-1.7228 0.143448
-1.71696 0.141535
-1.71112 0.137033
-1.70528 0.134413
-1.69944 0.127932
-1.6936 0.12633
-1.68776 0.123974
-1.68192 0.119166
-1.67608 0.119028
-1.67024 0.118101
-1.6644 0.115977
-1.65856 0.110756
-1.65272 0.110081
-1.64688 0.111376
-1.64104 0.108915
-1.6352 0.108384
-1.62936 0.106994
-1.62352 0.106192
-1.61768 0.107796
-1.61184 0.105701
-1.606 0.108332
-1.60016 0.1068
-1.59432 0.108402
-1.58848 0.104744
-1.58264 0.109884
-1.5768 0.106467
-1.57096 0.108737
-1.56512 0.107842
-1.55928 0.110283
-1.55344 0.109515
-1.5476 0.1102
-1.54176 0.109448
-1.53592 0.1126
-1.53008 0.112615
-1.52424 0.112729
-1.5184 0.109326
-1.51256 0.11226
-1.50672 0.115735
-1.50088 0.1128
-1.49504 0.114296
-1.4892 0.117545
-1.48336 0.117672
-1.47752 0.117633
-1.47168 0.121305
-1.46584 0.120291
-1.46 0.123522
-1.45416 0.126305
-1.44832 0.125947
-1.44248 0.127888
-1.43664 0.128296
-1.4308 0.128501
-1.42496 0.127855
-1.41912 0.130953
-1.41328 0.132473
-1.40744 0.134167
-1.4016 0.132657
-1.39576 0.135493
-1.38992 0.135854
-1.38408 0.139168
-1.37824 0.140475
-1.3724 0.143063
-1.36656 0.147351
-1.36072 0.147291
-1.35488 0.150418
-1.34904 0.149957
-1.3432 0.15383
-1.33736 0.15541
-1.33152 0.158262
-1.32568 0.161471
-1.31984 0.162643
-1.314 0.165953
-1.30816 0.169103
-1.30232 0.16518
-1.29648 0.171382
-1.29064 0.174779
-1.2848 0.174691
-1.27896 0.176789
-1.27312 0.179001
-1.26728 0.186152
-1.26144 0.187674
-1.2556 0.19093
-1.24976 0.193542
-1.24392 0.19522
-1.23808 0.200999
-1.23224 0.201119
-1.2264 0.205981
-1.22056 0.205196
-1.21472 0.208921
-1.20888 0.211804
-1.20304 0.212227
-1.1972 0.217463
-1.19136 0.219215
-1.18552 0.220521
-1.17968 0.224316
-1.17384 0.224742
-1.168 0.228337
-1.16216 0.232003
-1.15632 0.235207
-1.15048 0.233914
-1.14464 0.238761
-1.1388 0.23704
-1.13296 0.237495
-1.12712 0.240876
-1.12128 0.24528
-1.11544 0.244068
-1.1096 0.246998
-1.10376 0.247529
-1.09792 0.251696
-1.09208 0.253982
-1.08624 0.255968
-1.0804 0.255094
-1.07456 0.256409
-1.06872 0.259385
-1.06288 0.263215
-1.05704 0.264759
-1.0512 0.269794
-1.04536 0.270522
-1.03952 0.273346
-1.03368 0.275281
-1.02784 0.277561
-1.022 0.281417
-1.01616 0.283791
-1.01032 0.285524
-1.00448 0.288895
-0.99864 0.289592
-0.9928 0.292931
-0.98696 0.291252
-0.98112 0.295509
-0.97528 0.297665
-0.96944 0.299074
-0.9636 0.300398
-0.95776 0.305121
-0.95192 0.30564
-0.94608 0.308759
-0.94024 0.309197
-0.9344 0.311859
-0.92856 0.313247
-0.92272 0.313909
-0.91688 0.314175
-0.91104 0.314471
-0.9052 0.317843
-0.89936 0.318656
-0.89352 0.320004
-0.88768 0.322004
-0.88184 0.325492
-0.876 0.325776
-0.87016 0.32985
-0.86432 0.327451
-0.85848 0.330605
-0.85264 0.332311
-0.8468 0.333317
-0.84096 0.335041
-0.83512 0.33598
-0.82928 0.340972
-0.82344 0.34364
-0.8176 0.344775
-0.81176 0.345829
-0.80592 0.348354
-0.80008 0.352162
-0.79424 0.353083
-0.7884 0.355653
-0.78256 0.35596
-0.77672 0.357505
-0.77088 0.357632
-0.76504 0.357842
-0.7592 0.358781
-0.75336 0.361343
-0.74752 0.359292
-0.74168 0.361067
-0.73584 0.360122
-0.73 0.361804
-0.72416 0.362641
-0.71832 0.36275
-0.71248 0.361855
-0.70664 0.364105
-0.7008 0.361376
-0.69496 0.362405
-0.68912 0.363698
-0.68328 0.363298
-0.67744 0.364155
-0.6716 0.364331
-0.66576 0.364769
-0.65992 0.364816
-0.65408 0.366735
-0.64824 0.366658
-0.6424 0.366041
-0.63656 0.367422
-0.63072 0.368385
-0.62488 0.369385
-0.61904 0.370382
-0.6132 0.372257
-0.60736 0.372828
-0.60152 0.372638
-0.59568 0.372638
-0.58984 0.372638
-0.584 0.372638
-0.57816 0.372638
-0.57232 0.372638
-0.56648 0.372638
-0.56064 0.372638
-0.5548 0.372638
-0.54896 0.372638
-0.54312 0.372638
-0.53728 0.372638
-0.53144 0.372638
-0.5256 0.372638
-0.51976 0.372638
-0.51392 0.372638
-0.50808 0.372638
-0.50224 0.372638
-0.4964 0.372638
-0.49056 0.372638
-0.48472 0.372638
-0.47888 0.372638
-0.47304 0.372638
-0.4672 0.372638
-0.46136 0.372638
-0.45552 0.372638
-0.44968 0.372638
-0.44384 0.372638
-0.438 0.372638
-0.43216 0.372638
-0.42632 0.372638
-0.42048 0.372638
-0.41464 0.372638
-0.4088 0.372638
-0.40296 0.372638
-0.39712 0.372638
-0.39128 0.372638
-0.38544 0.372638
-0.3796 0.372638
-0.37376 0.372638
-0.36792 0.372638
-0.36208 0.372638
-0.35624 0.372638
-0.3504 0.372638
-0.34456 0.372638
-0.33872 0.372638
-0.33288 0.372638
-0.32704 0.372638
-0.3212 0.372638
-0.31536 0.372638
-0.30952 0.372638
-0.30368 0.372638
-0.29784 0.372638
-0.292 0.372638
-0.28616 0.372638
-0.28032 0.372638
-0.27448 0.372638
-0.26864 0.372638
-0.2628 0.372638
-0.25696 0.372638
-0.25112 0.372638
-0.24528 0.372638
-0.23944 0.372638
-0.2336 0.372638
-0.22776 0.372638
-0.22192 0.372638
-0.21608 0.372638
-0.21024 0.372638
-0.2044 0.372638
-0.19856 0.372638
-0.19272 0.372638
-0.18688 0.372638
-0.18104 0.372638
-0.1752 0.372638
-0.16936 0.372638
-0.16352 0.372638
-0.15768 0.372638
-0.15184 0.372638
-0.146 0.372638
-0.14016 0.372638
-0.13432 0.372638
-0.12848 0.372638
-0.12264 0.372638
-0.1168 0.372638
-0.11096 0.372638
-0.10512 0.372638
-0.09928 0.372638
-0.09344 0.372638
-0.0876 0.372638
-0.08176 0.372638
-0.07592 0.372638
-0.07008 0.372638
-0.06424 0.372638
-0.0584 0.372638
-0.05256 0.372638
-0.04672 0.372638
-0.04088 0.372638
-0.03504 0.372638
-0.0292 0.372638
-0.02336 0.372638
-0.01752 0.372638
-0.01168 0.372638
-0.00584 0.372638
