-2.92 0.485551
-2.91416 0.485551
-2.90832 0.485551
-2.90248 0.485551
-2.89664 0.485551
-2.8908 0.485551
-2.88496 0.485551
-2.87912 0.485551
-2.87328 0.485551
-2.86744 0.485551
-2.8616 0.485551
-2.85576 0.485551
-2.84992 0.485551
-2.84408 0.485551
-2.83824 0.485551
-2.8324 0.485551
-2.82656 0.485551
-2.82072 0.485551
-2.81488 0.485551
-2.80904 0.485551
-2.8032 0.485551
-2.79736 0.485551
-2.79152 0.485551
-2.78568 0.485551
-2.77984 0.485551
-2.774 0.485551
-2.76816 0.485551
-2.76232 0.485551
-2.75648 0.485551
-2.75064 0.485551
-2.7448 0.485551
-2.73896 0.485551
-2.73312 0.485551
-2.72728 0.485551
-2.72144 0.485551
-2.7156 0.485551
-2.70976 0.485551
-2.70392 0.485551
-2.69808 0.485551
-2.69224 0.485551
-2.6864 0.485551
-2.68056 0.485551
-2.67472 0.485551
-2.66888 0.485551
-2.66304 0.485551
-2.6572 0.485551
-2.65136 0.485551
-2.64552 0.485551
-2.63968 0.485551
-2.63384 0.485551
-2.628 0.485551
-2.62216 0.485551
-2.61632 0.485551
-2.61048 0.485551
-2.60464 0.485551
-2.5988 0.485551
-2.59296 0.484931
-2.58712 0.484176
-2.58128 0.483331
-2.57544 0.482353
-2.5696 0.481241
-2.56376 0.480083
-2.55792 0.478749
-2.55208 0.477372
-2.54624 0.475949
-2.5404 0.474305
-2.53456 0.47266
-2.52872 0.470973
-2.52288 0.469331
-2.51704 0.467472
-2.5112 0.46557
-2.50536 0.46354
-2.49952 0.461964
-2.49368 0.461128
-2.48784 0.459669
-2.482 0.458424
-2.47616 0.458158
-2.47032 0.456274
-2.46448 0.455503
-2.45864 0.454159
-2.4528 0.452604
-2.44696 0.451421
-2.44112 0.450484
-2.43528 0.450003
-2.42944 0.448367
-2.4236 0.448325
-2.41776 0.447269
-2.41192 0.446194
-2.40608 0.44497
-2.40024 0.443564
-2.3944 0.443962
-2.38856 0.443258
-2.38272 0.440831
-2.37688 0.440421
-2.37104 0.436818
-2.3652 0.437814
-2.35936 0.438105
-2.35352 0.436269
-2.34768 0.435923
-2.34184 0.43368
-2.336 0.43474
-2.33016 0.435713
-2.32432 0.430872
-2.31848 0.4301
-2.31264 0.431014
-2.3068 0.427818
-2.30096 0.428614
-2.29512 0.428033
-2.28928 0.425495
-2.28344 0.426356
-2.2776 0.422583
-2.27176 0.421161
-2.26592 0.423065
-2.26008 0.419739
-2.25424 0.416713
-2.2484 0.420069
-2.24256 0.416889
-2.23672 0.414934
-2.23088 0.413236
-2.22504 0.413244
-2.2192 0.40823
-2.21336 0.405006
-2.20752 0.407518
-2.20168 0.403072
-2.19584 0.400105
-2.19 0.399784
-2.18416 0.398219
-2.17832 0.397006
-2.17248 0.393849
-2.16664 0.39164
-2.1608 0.388251
-2.15496 0.390711
-2.14912 0.388646
-2.14328 0.382716
-2.13744 0.381394
-2.1316 0.37926
-2.12576 0.375793
-2.11992 0.374855
-2.11408 0.372868
-2.10824 0.369529
-2.1024 0.367677
-2.09656 0.365725
-2.09072 0.360781
-2.08488 0.361321
-2.07904 0.355578
-2.0732 0.356852
-2.06736 0.351313
-2.06152 0.35027
-2.05568 0.350103
-2.04984 0.34561
-2.044 0.344149
-2.03816 0.341915
-2.03232 0.340262
-2.02648 0.335782
-2.02064 0.332483
-2.0148 0.333171
-2.00896 0.327949
-2.00312 0.328435
-1.99728 0.327719
-1.99144 0.328259
-1.9856 0.326303
-1.97976 0.326251
-1.97392 0.326573
-1.96808 0.327541
-1.96224 0.325444
-1.9564 0.319356
-1.95056 0.321706
-1.94472 0.316951
-1.93888 0.31724
-1.93304 0.316272
-1.9272 0.309953
-1.92136 0.307264
-1.91552 0.303255
-1.90968 0.301403
-1.90384 0.300059
-1.898 0.299727
-1.89216 0.3021
-1.88632 0.29677
-1.88048 0.293198
-1.87464 0.29418
-1.8688 0.289885
-1.86296 0.288598
-1.85712 0.290087
-1.85128 0.285013
-1.84544 0.284425
-1.8396 0.282104
-1.83376 0.28156
-1.82792 0.28063
-1.82208 0.278777
-1.81624 0.275625
-1.8104 0.281486
-1.80456 0.274687
-1.79872 0.274083
-1.79288 0.276928
-1.78704 0.274422
-1.7812 0.270896
-1.77536 0.271073
-1.76952 0.277392
-1.76368 0.27394
-1.75784 0.27036
-1.752 0.270115
-1.74616 0.270881
-1.74032 0.268909
-1.73448 0.270035
-1.72864 0.27021
-1.7228 0.269423
-1.71696 0.267648
-1.71112 0.266591
-1.70528 0.266068
-1.69944 0.267904
-1.6936 0.263447
-1.68776 0.263761
-1.68192 0.263245
-1.67608 0.260438
-1.67024 0.260984
-1.6644 0.258546
-1.65856 0.257999
-1.65272 0.257836
-1.64688 0.253336
-1.64104 0.251617
-1.6352 0.252623
-1.62936 0.250326
-1.62352 0.249207
-1.61768 0.24789
-1.61184 0.247009
-1.606 0.253446
-1.60016 0.250565
-1.59432 0.251445
-1.58848 0.257382
-1.58264 0.255769
-1.5768 0.254781
-1.57096 0.254446
-1.56512 0.260298
-1.55928 0.259878
-1.55344 0.26427
-1.5476 0.267247
-1.54176 0.272883
-1.53592 0.271709
-1.53008 0.269908
-1.52424 0.274993
-1.5184 0.275941
-1.51256 0.284191
-1.50672 0.281365
-1.50088 0.283996
-1.49504 0.287672
-1.4892 0.289254
-1.48336 0.29006
-1.47752 0.288877
-1.47168 0.29432
-1.46584 0.294568
-1.46 0.295716
-1.45416 0.30339
-1.44832 0.305671
-1.44248 0.309424
-1.43664 0.311871
-1.4308 0.313897
-1.42496 0.312971
-1.41912 0.315143
-1.41328 0.321435
-1.40744 0.320197
-1.4016 0.327868
-1.39576 0.327441
-1.38992 0.329986
-1.38408 0.34056
-1.37824 0.335131
-1.3724 0.340932
-1.36656 0.336545
-1.36072 0.337791
-1.35488 0.34343
-1.34904 0.344688
-1.3432 0.344992
-1.33736 0.352286
-1.33152 0.360166
-1.32568 0.360655
-1.31984 0.359361
-1.314 0.36549
-1.30816 0.364455
-1.30232 0.36906
-1.29648 0.370242
-1.29064 0.375356
-1.2848 0.378041
-1.27896 0.379112
-1.27312 0.377635
-1.26728 0.384747
-1.26144 0.385956
-1.2556 0.384936
-1.24976 0.387901
-1.24392 0.390534
-1.23808 0.390375
-1.23224 0.396759
-1.2264 0.397266
-1.22056 0.401195
-1.21472 0.404396
-1.20888 0.40356
-1.20304 0.408323
-1.1972 0.410128
-1.19136 0.410265
-1.18552 0.409598
-1.17968 0.41369
-1.17384 0.414706
-1.168 0.423659
-1.16216 0.422136
-1.15632 0.423096
-1.15048 0.427151
-1.14464 0.425839
-1.1388 0.426696
-1.13296 0.426581
-1.12712 0.431553
-1.12128 0.431937
-1.11544 0.434117
-1.1096 0.438678
-1.10376 0.440612
-1.09792 0.440925
-1.09208 0.43964
-1.08624 0.440956
-1.0804 0.444896
-1.07456 0.448758
-1.06872 0.446231
-1.06288 0.446256
-1.05704 0.451527
-1.0512 0.450782
-1.04536 0.447021
-1.03952 0.446358
-1.03368 0.446281
-1.02784 0.445872
-1.022 0.442667
-1.01616 0.446767
-1.01032 0.44581
-1.00448 0.446061
-0.99864 0.442411
-0.9928 0.443232
-0.98696 0.43757
-0.98112 0.43723
-0.97528 0.441483
-0.96944 0.438882
-0.9636 0.438246
-0.95776 0.436425
-0.95192 0.438448
-0.94608 0.440587
-0.94024 0.433654
-0.9344 0.436163
-0.92856 0.432155
-0.92272 0.430732
-0.91688 0.430076
-0.91104 0.429206
-0.9052 0.426986
-0.89936 0.430948
-0.89352 0.432099
-0.88768 0.428958
-0.88184 0.429781
-0.876 0.431293
-0.87016 0.42728
-0.86432 0.430311
-0.85848 0.42868
-0.85264 0.428072
-0.8468 0.427669
-0.84096 0.426882
-0.83512 0.426259
-0.82928 0.424448
-0.82344 0.423345
-0.8176 0.421845
-0.81176 0.423319
-0.80592 0.421541
-0.80008 0.421384
-0.79424 0.421175
-0.7884 0.420348
-0.78256 0.422433
-0.77672 0.422065
-0.77088 0.421923
-0.76504 0.422202
-0.7592 0.422758
-0.75336 0.421802
-0.74752 0.42155
-0.74168 0.421551
-0.73584 0.422885
-0.73 0.423216
-0.72416 0.425586
-0.71832 0.424936
-0.71248 0.426122
-0.70664 0.426602
-0.7008 0.426693
-0.69496 0.427648
-0.68912 0.428765
-0.68328 0.429904
-0.67744 0.434297
-0.6716 0.435671
-0.66576 0.436594
-0.65992 0.438137
-0.65408 0.437679
-0.64824 0.439461
-0.6424 0.442281
-0.63656 0.443059
-0.63072 0.443236
-0.62488 0.443445
-0.61904 0.444105
-0.6132 0.442877
-0.60736 0.442105
-0.60152 0.442631
-0.59568 0.442631
-0.58984 0.442631
-0.584 0.442631
-0.57816 0.442631
-0.57232 0.442631
-0.56648 0.442631
-0.56064 0.442631
-0.5548 0.442631
-0.54896 0.442631
-0.54312 0.442631
-0.53728 0.442631
-0.53144 0.442631
-0.5256 0.442631
-0.51976 0.442631
-0.51392 0.442631
-0.50808 0.442631
-0.50224 0.442631
-0.4964 0.442631
-0.49056 0.442631
-0.48472 0.442631
-0.47888 0.442631
-0.47304 0.442631
-0.4672 0.442631
-0.46136 0.442631
-0.45552 0.442631
-0.44968 0.442631
-0.44384 0.442631
-0.438 0.442631
-0.43216 0.442631
-0.42632 0.442631
-0.42048 0.442631
-0.41464 0.442631
-0.4088 0.442631
-0.40296 0.442631
-0.39712 0.442631
-0.39128 0.442631
-0.38544 0.442631
-0.3796 0.442631
-0.37376 0.442631
-0.36792 0.442631
-0.36208 0.442631
-0.35624 0.442631
-0.3504 0.442631
-0.34456 0.442631
-0.33872 0.442631
-0.33288 0.442631
-0.32704 0.442631
-0.3212 0.442631
-0.31536 0.442631
-0.30952 0.442631
-0.30368 0.442631
-0.29784 0.442631
-0.292 0.442631
-0.28616 0.442631
-0.28032 0.442631
-0.27448 0.442631
-0.26864 0.442631
-0.2628 0.442631
-0.25696 0.442631
-0.25112 0.442631
-0.24528 0.442631
-0.23944 0.442631
-0.2336 0.442631
-0.22776 0.442631
-0.22192 0.442631
-0.21608 0.442631
-0.21024 0.442631
-0.2044 0.442631
-0.19856 0.442631
-0.19272 0.442631
-0.18688 0.442631
-0.18104 0.442631
-0.1752 0.442631
-0.16936 0.442631
-0.16352 0.442631
-0.15768 0.442631
-0.15184 0.442631
-0.146 0.442631
-0.14016 0.442631
-0.13432 0.442631
-0.12848 0.442631
-0.12264 0.442631
-0.1168 0.442631
-0.11096 0.442631
-0.10512 0.442631
-0.09928 0.442631
-0.09344 0.442631
-0.0876 0.442631
-0.08176 0.442631
-0.07592 0.442631
-0.07008 0.442631
-0.06424 0.442631
-0.0584 0.442631
-0.05256 0.442631
-0.04672 0.442631
-0.04088 0.442631
-0.03504 0.442631
-0.0292 0.442631
-0.02336 0.442631
-0.01752 0.442631
-0.01168 0.442631
-0.00584 0.442631
