-2.92 0.438568
-2.91416 0.438568
-2.90832 0.438568
-2.90248 0.438568
-2.89664 0.438568
-2.8908 0.438568
-2.88496 0.438568
-2.87912 0.438568
-2.87328 0.438568
-2.86744 0.438568
-2.8616 0.438568
-2.85576 0.438568
-2.84992 0.438568
-2.84408 0.438568
-2.83824 0.438568
-2.8324 0.438568
-2.82656 0.438568
-2.82072 0.438568
-2.81488 0.438568
-2.80904 0.438568
-2.8032 0.438568
-2.79736 0.438568
-2.79152 0.438568
-2.78568 0.438568
-2.77984 0.438568
-2.774 0.438568
-2.76816 0.438568
-2.76232 0.438568
-2.75648 0.438568
-2.75064 0.438568
-2.7448 0.438568
-2.73896 0.438568
-2.73312 0.438568
-2.72728 0.438568
-2.72144 0.438568
-2.7156 0.438568
-2.70976 0.438568
-2.70392 0.438568
-2.69808 0.438568
-2.69224 0.438568
-2.6864 0.438568
-2.68056 0.438568
-2.67472 0.438568
-2.66888 0.438568
-2.66304 0.438568
-2.6572 0.438568
-2.65136 0.438568
-2.64552 0.438568
-2.63968 0.438568
-2.63384 0.438568
-2.628 0.438568
-2.62216 0.438568
-2.61632 0.438568
-2.61048 0.438568
-2.60464 0.438568
-2.5988 0.438568
-2.59296 0.438171
-2.58712 0.43751
-2.58128 0.436761
-2.57544 0.435922
-2.5696 0.434992
-2.56376 0.434064
-2.55792 0.433047
-2.55208 0.431987
-2.54624 0.430838
-2.5404 0.429557
-2.53456 0.42819
-2.52872 0.426821
-2.52288 0.425366
-2.51704 0.423865
-2.5112 0.422319
-2.50536 0.420684
-2.49952 0.419416
-2.49368 0.418606
-2.48784 0.417708
-2.482 0.416785
-2.47616 0.415429
-2.47032 0.414776
-2.46448 0.414206
-2.45864 0.412846
-2.4528 0.411362
-2.44696 0.410538
-2.44112 0.409048
-2.43528 0.408179
-2.42944 0.406931
-2.4236 0.404603
-2.41776 0.40306
-2.41192 0.401921
-2.40608 0.400501
-2.40024 0.398572
-2.3944 0.396515
-2.38856 0.394672
-2.38272 0.392911
-2.37688 0.391223
-2.37104 0.389497
-2.3652 0.386101
-2.35936 0.385241
-2.35352 0.382927
-2.34768 0.381704
-2.34184 0.37894
-2.336 0.376026
-2.33016 0.374283
-2.32432 0.371909
-2.31848 0.370176
-2.31264 0.367781
-2.3068 0.365711
-2.30096 0.362782
-2.29512 0.359828
-2.28928 0.359767
-2.28344 0.356785
-2.2776 0.352579
-2.27176 0.351884
-2.26592 0.351192
-2.26008 0.348153
-2.25424 0.344936
-2.2484 0.341516
-2.24256 0.339938
-2.23672 0.337777
-2.23088 0.334153
-2.22504 0.332392
-2.2192 0.328329
-2.21336 0.328126
-2.20752 0.32353
-2.20168 0.322888
-2.19584 0.320006
-2.19 0.316715
-2.18416 0.314558
-2.17832 0.312079
-2.17248 0.308579
-2.16664 0.307619
-2.1608 0.302434
-2.15496 0.300324
-2.14912 0.29888
-2.14328 0.295113
-2.13744 0.292416
-2.1316 0.2897
-2.12576 0.287516
-2.11992 0.283132
-2.11408 0.28039
-2.10824 0.279127
-2.1024 0.274677
-2.09656 0.273096
-2.09072 0.267933
-2.08488 0.267328
-2.07904 0.262498
-2.0732 0.259845
-2.06736 0.258186
-2.06152 0.255355
-2.05568 0.25376
-2.04984 0.250806
-2.044 0.248633
-2.03816 0.242602
-2.03232 0.241152
-2.02648 0.238482
-2.02064 0.234364
-2.0148 0.23051
-2.00896 0.228716
-2.00312 0.224949
-1.99728 0.224446
-1.99144 0.224355
-1.9856 0.221974
-1.97976 0.22055
-1.97392 0.217458
-1.96808 0.219023
-1.96224 0.217345
-1.9564 0.214134
-1.95056 0.211043
-1.94472 0.211853
-1.93888 0.210372
-1.93304 0.207092
-1.9272 0.204152
-1.92136 0.202434
-1.91552 0.198628
-1.90968 0.200572
-1.90384 0.195899
-1.898 0.193728
-1.89216 0.194959
-1.88632 0.191395
-1.88048 0.191395
-1.87464 0.189777
-1.8688 0.191491
-1.86296 0.190619
-1.85712 0.188503
-1.85128 0.190374
-1.84544 0.189474
-1.8396 0.189838
-1.83376 0.186741
-1.82792 0.192932
-1.82208 0.189932
-1.81624 0.190919
-1.8104 0.189352
-1.80456 0.190664
-1.79872 0.188002
-1.79288 0.190939
-1.78704 0.187132
-1.7812 0.191391
-1.77536 0.191996
-1.76952 0.190542
-1.76368 0.196885
-1.75784 0.195
-1.752 0.195739
-1.74616 0.19811
-1.74032 0.197774
-1.73448 0.201169
-1.72864 0.201003
-1.7228 0.200375
-1.71696 0.208029
-1.71112 0.207207
-1.70528 0.208898
-1.69944 0.212275
-1.6936 0.21193
-1.68776 0.213648
-1.68192 0.214489
-1.67608 0.217394
-1.67024 0.218737
-1.6644 0.21707
-1.65856 0.218366
-1.65272 0.218455
-1.64688 0.21879
-1.64104 0.218425
-1.6352 0.222331
-1.62936 0.223255
-1.62352 0.223199
-1.61768 0.223372
-1.61184 0.221437
-1.606 0.226261
-1.60016 0.226678
-1.59432 0.226653
-1.58848 0.232162
-1.58264 0.234964
-1.5768 0.238218
-1.57096 0.238753
-1.56512 0.242324
-1.55928 0.243179
-1.55344 0.244328
-1.5476 0.245986
-1.54176 0.249733
-1.53592 0.253012
-1.53008 0.256598
-1.52424 0.254978
-1.5184 0.262156
-1.51256 0.261532
-1.50672 0.26599
-1.50088 0.270082
-1.49504 0.265612
-1.4892 0.273544
-1.48336 0.278668
-1.47752 0.278189
-1.47168 0.279509
-1.46584 0.279135
-1.46 0.279182
-1.45416 0.282129
-1.44832 0.28117
-1.44248 0.284069
-1.43664 0.283074
-1.4308 0.292346
-1.42496 0.290989
-1.41912 0.294218
-1.41328 0.295566
-1.40744 0.299335
-1.4016 0.301562
-1.39576 0.299774
-1.38992 0.302659
-1.38408 0.307497
-1.37824 0.307073
-1.3724 0.3095
-1.36656 0.31581
-1.36072 0.314877
-1.35488 0.320546
-1.34904 0.319918
-1.3432 0.32266
-1.33736 0.323327
-1.33152 0.323698
-1.32568 0.330358
-1.31984 0.329204
-1.314 0.3324
-1.30816 0.33173
-1.30232 0.336348
-1.29648 0.339343
-1.29064 0.342066
-1.2848 0.341236
-1.27896 0.348536
-1.27312 0.343413
-1.26728 0.345418
-1.26144 0.348305
-1.2556 0.346635
-1.24976 0.346622
-1.24392 0.348693
-1.23808 0.351074
-1.23224 0.352907
-1.2264 0.352585
-1.22056 0.352728
-1.21472 0.3548
-1.20888 0.353983
-1.20304 0.352727
-1.1972 0.359563
-1.19136 0.360563
-1.18552 0.362078
-1.17968 0.36336
-1.17384 0.358737
-1.168 0.362768
-1.16216 0.36703
-1.15632 0.363968
-1.15048 0.368742
-1.14464 0.370822
-1.1388 0.373251
-1.13296 0.372637
-1.12712 0.374016
-1.12128 0.373867
-1.11544 0.373573
-1.1096 0.37219
-1.10376 0.375765
-1.09792 0.377331
-1.09208 0.377315
-1.08624 0.376679
-1.0804 0.382906
-1.07456 0.37873
-1.06872 0.38332
-1.06288 0.384884
-1.05704 0.376222
-1.0512 0.380299
-1.04536 0.380432
-1.03952 0.380023
-1.03368 0.377592
-1.02784 0.37483
-1.022 0.372674
-1.01616 0.37172
-1.01032 0.366928
-1.00448 0.364088
-0.99864 0.363638
-0.9928 0.36637
-0.98696 0.361163
-0.98112 0.359371
-0.97528 0.35604
-0.96944 0.356456
-0.9636 0.35683
-0.95776 0.35099
-0.95192 0.348673
-0.94608 0.351589
-0.94024 0.34761
-0.9344 0.348898
-0.92856 0.347319
-0.92272 0.345832
-0.91688 0.34774
-0.91104 0.342226
-0.9052 0.341503
-0.89936 0.338626
-0.89352 0.33949
-0.88768 0.3377
-0.88184 0.337615
-0.876 0.334269
-0.87016 0.333694
-0.86432 0.333355
-0.85848 0.332119
-0.85264 0.331587
-0.8468 0.330855
-0.84096 0.330084
-0.83512 0.325241
-0.82928 0.323361
-0.82344 0.323229
-0.8176 0.32174
-0.81176 0.318876
-0.80592 0.317576
-0.80008 0.314736
-0.79424 0.312463
-0.7884 0.312697
-0.78256 0.311137
-0.77672 0.310677
-0.77088 0.308389
-0.76504 0.307852
-0.7592 0.307227
-0.75336 0.306855
-0.74752 0.305108
-0.74168 0.305214
-0.73584 0.304462
-0.73 0.3036
-0.72416 0.30392
-0.71832 0.303635
-0.71248 0.304324
-0.70664 0.305873
-0.7008 0.306137
-0.69496 0.307247
-0.68912 0.307719
-0.68328 0.308793
-0.67744 0.309977
-0.6716 0.311083
-0.66576 0.31188
-0.65992 0.312512
-0.65408 0.311882
-0.64824 0.313016
-0.6424 0.314308
-0.63656 0.315437
-0.63072 0.315255
-0.62488 0.315958
-0.61904 0.313446
-0.6132 0.313213
-0.60736 0.312932
-0.60152 0.313243
-0.59568 0.313243
-0.58984 0.313243
-0.584 0.313243
-0.57816 0.313243
-0.57232 0.313243
-0.56648 0.313243
-0.56064 0.313243
-0.5548 0.313243
-0.54896 0.313243
-0.54312 0.313243
-0.53728 0.313243
-0.53144 0.313243
-0.5256 0.313243
-0.51976 0.313243
-0.51392 0.313243
-0.50808 0.313243
-0.50224 0.313243
-0.4964 0.313243
-0.49056 0.313243
-0.48472 0.313243
-0.47888 0.313243
-0.47304 0.313243
-0.4672 0.313243
-0.46136 0.313243
-0.45552 0.313243
-0.44968 0.313243
-0.44384 0.313243
-0.438 0.313243
-0.43216 0.313243
-0.42632 0.313243
-0.42048 0.313243
-0.41464 0.313243
-0.4088 0.313243
-0.40296 0.313243
-0.39712 0.313243
-0.39128 0.313243
-0.38544 0.313243
-0.3796 0.313243
-0.37376 0.313243
-0.36792 0.313243
-0.36208 0.313243
-0.35624 0.313243
-0.3504 0.313243
-0.34456 0.313243
-0.33872 0.313243
-0.33288 0.313243
-0.32704 0.313243
-0.3212 0.313243
-0.31536 0.313243
-0.30952 0.313243
-0.30368 0.313243
-0.29784 0.313243
-0.292 0.313243
-0.28616 0.313243
-0.28032 0.313243
-0.27448 0.313243
-0.26864 0.313243
-0.2628 0.313243
-0.25696 0.313243
-0.25112 0.313243
-0.24528 0.313243
-0.23944 0.313243
-0.2336 0.313243
-0.22776 0.313243
-0.22192 0.313243
-0.21608 0.313243
-0.21024 0.313243
-0.2044 0.313243
-0.19856 0.313243
-0.19272 0.313243
-0.18688 0.313243
-0.18104 0.313243
-0.1752 0.313243
-0.16936 0.313243
-0.16352 0.313243
-0.15768 0.313243
-0.15184 0.313243
-0.146 0.313243
-0.14016 0.313243
-0.13432 0.313243
-0.12848 0.313243
-0.12264 0.313243
-0.1168 0.313243
-0.11096 0.313243
-0.10512 0.313243
-0.09928 0.313243
-0.09344 0.313243
-0.0876 0.313243
-0.08176 0.313243
-0.07592 0.313243
-0.07008 0.313243
-0.06424 0.313243
-0.0584 0.313243
-0.05256 0.313243
-0.04672 0.313243
-0.04088 0.313243
-0.03504 0.313243
-0.0292 0.313243
-0.02336 0.313243
-0.01752 0.313243
-0.01168 0.313243
-0.00584 0.313243
