-2.92 0.491083
-2.91416 0.491083
-2.90832 0.491083
-2.90248 0.491083
-2.89664 0.491083
-2.8908 0.491083
-2.88496 0.491083
-2.87912 0.491083
-2.87328 0.491083
-2.86744 0.491083
-2.8616 0.491083
-2.85576 0.491083
-2.84992 0.491083
-2.84408 0.491083
-2.83824 0.491083
-2.8324 0.491083
-2.82656 0.491083
-2.82072 0.491083
-2.81488 0.491083
-2.80904 0.491083
-2.8032 0.491083
-2.79736 0.491083
-2.79152 0.491083
-2.78568 0.491083
-2.77984 0.491083
-2.774 0.491083
-2.76816 0.491083
-2.76232 0.491083
-2.75648 0.491083
-2.75064 0.491083
-2.7448 0.491083
-2.73896 0.491083
-2.73312 0.491083
-2.72728 0.491083
-2.72144 0.491083
-2.7156 0.491083
-2.70976 0.491083
-2.70392 0.491083
-2.69808 0.491083
-2.69224 0.491083
-2.6864 0.491083
-2.68056 0.491083
-2.67472 0.491083
-2.66888 0.491083
-2.66304 0.491083
-2.6572 0.491083
-2.65136 0.491083
-2.64552 0.491083
-2.63968 0.491083
-2.63384 0.491083
-2.628 0.491083
-2.62216 0.491083
-2.61632 0.491083
-2.61048 0.491083
-2.60464 0.491083
-2.5988 0.491083
-2.59296 0.490554
-2.58712 0.489803
-2.58128 0.489008
-2.57544 0.488168
-2.5696 0.487242
-2.56376 0.486137
-2.55792 0.485031
-2.55208 0.483836
-2.54624 0.482642
-2.5404 0.48127
-2.53456 0.479767
-2.52872 0.478222
-2.52288 0.476676
-2.51704 0.475082
-2.5112 0.4734
-2.50536 0.471629
-2.49952 0.470177
-2.49368 0.468934
-2.48784 0.467616
-2.482 0.467799
-2.47616 0.466719
-2.47032 0.466048
-2.46448 0.464722
-2.45864 0.464873
-2.4528 0.464071
-2.44696 0.462345
-2.44112 0.4619
-2.43528 0.462001
-2.42944 0.461067
-2.4236 0.460703
-2.41776 0.461134
-2.41192 0.46019
-2.40608 0.459997
-2.40024 0.458837
-2.3944 0.45809
-2.38856 0.458479
-2.38272 0.459196
-2.37688 0.457579
-2.37104 0.457333
-2.3652 0.455603
-2.35936 0.456321
-2.35352 0.457274
-2.34768 0.455958
-2.34184 0.456059
-2.336 0.456727
-2.33016 0.455998
-2.32432 0.454165
-2.31848 0.457167
-2.31264 0.456575
-2.3068 0.455704
-2.30096 0.455072
-2.29512 0.456021
-2.28928 0.456801
-2.28344 0.453566
-2.2776 0.453263
-2.27176 0.457111
-2.26592 0.455815
-2.26008 0.456353
-2.25424 0.455657
-2.2484 0.455931
-2.24256 0.45561
-2.23672 0.458112
-2.23088 0.456301
-2.22504 0.456057
-2.2192 0.459033
-2.21336 0.457891
-2.20752 0.45775
-2.20168 0.456643
-2.19584 0.45648
-2.19 0.457209
-2.18416 0.457125
-2.17832 0.456879
-2.17248 0.460368
-2.16664 0.464861
-2.1608 0.45847
-2.15496 0.460477
-2.14912 0.461533
-2.14328 0.459013
-2.13744 0.461295
-2.1316 0.461818
-2.12576 0.461365
-2.11992 0.465152
-2.11408 0.466001
-2.10824 0.465046
-2.1024 0.462547
-2.09656 0.465546
-2.09072 0.463693
-2.08488 0.465617
-2.07904 0.463182
-2.0732 0.465677
-2.06736 0.466306
-2.06152 0.467945
-2.05568 0.471531
-2.04984 0.469816
-2.044 0.469048
-2.03816 0.466959
-2.03232 0.467432
-2.02648 0.47041
-2.02064 0.471923
-2.0148 0.472223
-2.00896 0.471708
-2.00312 0.47331
-1.99728 0.472745
-1.99144 0.46877
-1.9856 0.474497
-1.97976 0.474704
-1.97392 0.476916
-1.96808 0.475619
-1.96224 0.475268
-1.9564 0.477248
-1.95056 0.471887
-1.94472 0.469927
-1.93888 0.473243
-1.93304 0.469964
-1.9272 0.468244
-1.92136 0.468875
-1.91552 0.461956
-1.90968 0.460342
-1.90384 0.455804
-1.898 0.450801
-1.89216 0.444533
-1.88632 0.440044
-1.88048 0.441732
-1.87464 0.437749
-1.8688 0.435929
-1.86296 0.43108
-1.85712 0.428963
-1.85128 0.422057
-1.84544 0.418492
-1.8396 0.413776
-1.83376 0.41166
-1.82792 0.404977
-1.82208 0.401681
-1.81624 0.397261
-1.8104 0.392926
-1.80456 0.388735
-1.79872 0.382843
-1.79288 0.378369
-1.78704 0.372677
-1.7812 0.372218
-1.77536 0.366758
-1.76952 0.365504
-1.76368 0.35658
-1.75784 0.351602
-1.752 0.347659
-1.74616 0.343819
-1.74032 0.338342
-1.73448 0.33266
-1.72864 0.328238
-1.7228 0.325338
-1.71696 0.316812
-1.71112 0.316423
-1.70528 0.307688
-1.69944 0.305155
-1.6936 0.298489
-1.68776 0.294153
-1.68192 0.293382
-1.67608 0.288823
-1.67024 0.282925
-1.6644 0.276098
-1.65856 0.281947
-1.65272 0.27295
-1.64688 0.272756
-1.64104 0.269536
-1.6352 0.268218
-1.62936 0.268807
-1.62352 0.265444
-1.61768 0.264549
-1.61184 0.264136
-1.606 0.26299
-1.60016 0.258936
-1.59432 0.25675
-1.58848 0.258055
-1.58264 0.25352
-1.5768 0.25467
-1.57096 0.258116
-1.56512 0.252241
-1.55928 0.255473
-1.55344 0.253357
-1.5476 0.252202
-1.54176 0.250611
-1.53592 0.252026
-1.53008 0.247904
-1.52424 0.2436
-1.5184 0.245123
-1.51256 0.2453
-1.50672 0.242329
-1.50088 0.241709
-1.49504 0.243766
-1.4892 0.24393
-1.48336 0.243568
-1.47752 0.242918
-1.47168 0.242245
-1.46584 0.2391
-1.46 0.240874
-1.45416 0.237588
-1.44832 0.237453
-1.44248 0.240507
-1.43664 0.239897
-1.4308 0.238855
-1.42496 0.243282
-1.41912 0.238658
-1.41328 0.23519
-1.40744 0.233958
-1.4016 0.234538
-1.39576 0.231428
-1.38992 0.232076
-1.38408 0.225973
-1.37824 0.227701
-1.3724 0.227972
-1.36656 0.226552
-1.36072 0.222912
-1.35488 0.222455
-1.34904 0.22418
-1.3432 0.225051
-1.33736 0.223578
-1.33152 0.225871
-1.32568 0.224927
-1.31984 0.225531
-1.314 0.223948
-1.30816 0.22271
-1.30232 0.218798
-1.29648 0.221091
-1.29064 0.218716
-1.2848 0.217327
-1.27896 0.222438
-1.27312 0.223122
-1.26728 0.220629
-1.26144 0.223189
-1.2556 0.220549
-1.24976 0.221944
-1.24392 0.220647
-1.23808 0.220496
-1.23224 0.221753
-1.2264 0.221411
-1.22056 0.220818
-1.21472 0.21851
-1.20888 0.219309
-1.20304 0.21967
-1.1972 0.220433
-1.19136 0.220912
-1.18552 0.217472
-1.17968 0.219207
-1.17384 0.220348
-1.168 0.217681
-1.16216 0.215885
-1.15632 0.214855
-1.15048 0.21513
-1.14464 0.214695
-1.1388 0.213862
-1.13296 0.217167
-1.12712 0.217442
-1.12128 0.220505
-1.11544 0.22367
-1.1096 0.22834
-1.10376 0.230427
-1.09792 0.232808
-1.09208 0.234871
-1.08624 0.233667
-1.0804 0.236378
-1.07456 0.239704
-1.06872 0.240921
-1.06288 0.243237
-1.05704 0.248834
-1.0512 0.253481
-1.04536 0.254899
-1.03952 0.256943
-1.03368 0.259567
-1.02784 0.260563
-1.022 0.261888
-1.01616 0.266139
-1.01032 0.26875
-1.00448 0.272863
-0.99864 0.274607
-0.9928 0.275655
-0.98696 0.281647
-0.98112 0.280065
-0.97528 0.282497
-0.96944 0.284977
-0.9636 0.288076
-0.95776 0.28835
-0.95192 0.291382
-0.94608 0.289039
-0.94024 0.292318
-0.9344 0.293606
-0.92856 0.295589
-0.92272 0.296998
-0.91688 0.298869
-0.91104 0.301524
-0.9052 0.30499
-0.89936 0.308347
-0.89352 0.308895
-0.88768 0.312694
-0.88184 0.315579
-0.876 0.315487
-0.87016 0.318247
-0.86432 0.317015
-0.85848 0.31977
-0.85264 0.321167
-0.8468 0.321843
-0.84096 0.328721
-0.83512 0.329153
-0.82928 0.330765
-0.82344 0.333412
-0.8176 0.333719
-0.81176 0.335493
-0.80592 0.337141
-0.80008 0.337539
-0.79424 0.338859
-0.7884 0.341176
-0.78256 0.340786
-0.77672 0.341973
-0.77088 0.344868
-0.76504 0.344857
-0.7592 0.346253
-0.75336 0.346125
-0.74752 0.347339
-0.74168 0.348941
-0.73584 0.34994
-0.73 0.350302
-0.72416 0.348513
-0.71832 0.34918
-0.71248 0.347892
-0.70664 0.347324
-0.7008 0.347336
-0.69496 0.346163
-0.68912 0.345783
-0.68328 0.345863
-0.67744 0.344606
-0.6716 0.346789
-0.66576 0.346818
-0.65992 0.345924
-0.65408 0.346203
-0.64824 0.344312
-0.6424 0.343788
-0.63656 0.343098
-0.63072 0.343545
-0.62488 0.343403
-0.61904 0.344819
-0.6132 0.345387
-0.60736 0.345783
-0.60152 0.345291
-0.59568 0.345291
-0.58984 0.345291
-0.584 0.345291
-0.57816 0.345291
-0.57232 0.345291
-0.56648 0.345291
-0.56064 0.345291
-0.5548 0.345291
-0.54896 0.345291
-0.54312 0.345291
-0.53728 0.345291
-0.53144 0.345291
-0.5256 0.345291
-0.51976 0.345291
-0.51392 0.345291
-0.50808 0.345291
-0.50224 0.345291
-0.4964 0.345291
-0.49056 0.345291
-0.48472 0.345291
-0.47888 0.345291
-0.47304 0.345291
-0.4672 0.345291
-0.46136 0.345291
-0.45552 0.345291
-0.44968 0.345291
-0.44384 0.345291
-0.438 0.345291
-0.43216 0.345291
-0.42632 0.345291
-0.42048 0.345291
-0.41464 0.345291
-0.4088 0.345291
-0.40296 0.345291
-0.39712 0.345291
-0.39128 0.345291
-0.38544 0.345291
-0.3796 0.345291
-0.37376 0.345291
-0.36792 0.345291
-0.36208 0.345291
-0.35624 0.345291
-0.3504 0.345291
-0.34456 0.345291
-0.33872 0.345291
-0.33288 0.345291
-0.32704 0.345291
-0.3212 0.345291
-0.31536 0.345291
-0.30952 0.345291
-0.30368 0.345291
-0.29784 0.345291
-0.292 0.345291
-0.28616 0.345291
-0.28032 0.345291
-0.27448 0.345291
-0.26864 0.345291
-0.2628 0.345291
-0.25696 0.345291
-0.25112 0.345291
-0.24528 0.345291
-0.23944 0.345291
-0.2336 0.345291
-0.22776 0.345291
-0.22192 0.345291
-0.21608 0.345291
-0.21024 0.345291
-0.2044 0.345291
-0.19856 0.345291
-0.19272 0.345291
-0.18688 0.345291
-0.18104 0.345291
-0.1752 0.345291
-0.16936 0.345291
-0.16352 0.345291
-0.15768 0.345291
-0.15184 0.345291
-0.146 0.345291
-0.14016 0.345291
-0.13432 0.345291
-0.12848 0.345291
-0.12264 0.345291
-0.1168 0.345291
-0.11096 0.345291
-0.10512 0.345291
-0.09928 0.345291
-0.09344 0.345291
-0.0876 0.345291
-0.08176 0.345291
-0.07592 0.345291
-0.07008 0.345291
-0.06424 0.345291
-0.0584 0.345291
-0.05256 0.345291
-0.04672 0.345291
-0.04088 0.345291
-0.03504 0.345291
-0.0292 0.345291
-0.02336 0.345291
-0.01752 0.345291
-0.01168 0.345291
-0.00584 0.345291
