-2.92 0.420679
-2.91416 0.420679
-2.90832 0.420679
-2.90248 0.420679
-2.89664 0.420679
-2.8908 0.420679
-2.88496 0.420679
-2.87912 0.420679
-2.87328 0.420679
-2.86744 0.420679
-2.8616 0.420679
-2.85576 0.420679
-2.84992 0.420679
-2.84408 0.420679
-2.83824 0.420679
-2.8324 0.420679
-2.82656 0.420679
-2.82072 0.420679
-2.81488 0.420679
-2.80904 0.420679
-2.8032 0.420679
-2.79736 0.420679
-2.79152 0.420679
-2.78568 0.420679
-2.77984 0.420679
-2.774 0.420679
-2.76816 0.420679
-2.76232 0.420679
-2.75648 0.420679
-2.75064 0.420679
-2.7448 0.420679
-2.73896 0.420679
-2.73312 0.420679
-2.72728 0.420679
-2.72144 0.420679
-2.7156 0.420679
-2.70976 0.420679
-2.70392 0.420679
-2.69808 0.420679
-2.69224 0.420679
-2.6864 0.420679
-2.68056 0.420679
-2.67472 0.420679
-2.66888 0.420679
-2.66304 0.420679
-2.6572 0.420679
-2.65136 0.420679
-2.64552 0.420679
-2.63968 0.420679
-2.63384 0.420679
-2.628 0.420679
-2.62216 0.420679
-2.61632 0.420679
-2.61048 0.420679
-2.60464 0.420679
-2.5988 0.420679
-2.59296 0.420233
-2.58712 0.419612
-2.58128 0.418903
-2.57544 0.418063
-2.5696 0.417133
-2.56376 0.416114
-2.55792 0.415049
-2.55208 0.413896
-2.54624 0.412741
-2.5404 0.411495
-2.53456 0.410161
-2.52872 0.408827
-2.52288 0.407536
-2.51704 0.406202
-2.5112 0.404737
-2.50536 0.403185
-2.49952 0.40163
-2.49368 0.400076
-2.48784 0.398736
-2.482 0.397264
-2.47616 0.39574
-2.47032 0.394164
-2.46448 0.393084
-2.45864 0.390625
-2.4528 0.389752
-2.44696 0.387421
-2.44112 0.385787
-2.43528 0.383785
-2.42944 0.382911
-2.4236 0.380532
-2.41776 0.380568
-2.41192 0.378066
-2.40608 0.375967
-2.40024 0.375252
-2.3944 0.372119
-2.38856 0.371815
-2.38272 0.369672
-2.37688 0.367076
-2.37104 0.365641
-2.3652 0.364206
-2.35936 0.362573
-2.35352 0.360971
-2.34768 0.358449
-2.34184 0.356889
-2.336 0.355159
-2.33016 0.352899
-2.32432 0.351916
-2.31848 0.349946
-2.31264 0.349079
-2.3068 0.346845
-2.30096 0.343732
-2.29512 0.342701
-2.28928 0.34138
-2.28344 0.340546
-2.2776 0.33944
-2.27176 0.336978
-2.26592 0.336934
-2.26008 0.334545
-2.25424 0.333076
-2.2484 0.33507
-2.24256 0.332326
-2.23672 0.331728
-2.23088 0.332283
-2.22504 0.332727
-2.2192 0.329688
-2.21336 0.330986
-2.20752 0.330103
-2.20168 0.329443
-2.19584 0.32743
-2.19 0.32714
-2.18416 0.328222
-2.17832 0.327521
-2.17248 0.327998
-2.16664 0.324486
-2.1608 0.32627
-2.15496 0.324709
-2.14912 0.324188
-2.14328 0.324052
-2.13744 0.32361
-2.1316 0.322719
-2.12576 0.322575
-2.11992 0.323067
-2.11408 0.324074
-2.10824 0.323308
-2.1024 0.321667
-2.09656 0.322647
-2.09072 0.321895
-2.08488 0.324121
-2.07904 0.323368
-2.0732 0.322306
-2.06736 0.319366
-2.06152 0.32225
-2.05568 0.320863
-2.04984 0.323901
-2.044 0.326134
-2.03816 0.322334
-2.03232 0.322039
-2.02648 0.323802
-2.02064 0.323462
-2.0148 0.32156
-2.00896 0.322429
-2.00312 0.328935
-1.99728 0.323225
-1.99144 0.324996
-1.9856 0.327546
-1.97976 0.328175
-1.97392 0.327561
-1.96808 0.327288
-1.96224 0.328443
-1.9564 0.329174
-1.95056 0.330551
-1.94472 0.329585
-1.93888 0.328493
-1.93304 0.327195
-1.9272 0.325311
-1.92136 0.325092
-1.91552 0.324397
-1.90968 0.324446
-1.90384 0.323569
-1.898 0.319275
-1.89216 0.319891
-1.88632 0.321097
-1.88048 0.316578
-1.87464 0.314466
-1.8688 0.315783
-1.86296 0.308151
-1.85712 0.309513
-1.85128 0.311049
-1.84544 0.305496
-1.8396 0.304978
-1.83376 0.301859
-1.82792 0.300376
-1.82208 0.297367
-1.81624 0.295215
-1.8104 0.297081
-1.80456 0.292711
-1.79872 0.289671
-1.79288 0.289747
-1.78704 0.285372
-1.7812 0.281299
-1.77536 0.280366
-1.76952 0.28
-1.76368 0.277709
-1.75784 0.2766
-1.752 0.275541
-1.74616 0.27023
-1.74032 0.26616
-1.73448 0.265329
-1.72864 0.265305
-1.7228 0.261782
-1.71696 0.261426
-1.71112 0.257518
-1.70528 0.253836
-1.69944 0.252287
-1.6936 0.251009
-1.68776 0.252776
-1.68192 0.247682
-1.67608 0.245523
-1.67024 0.244325
-1.6644 0.24265
-1.65856 0.238896
-1.65272 0.239985
-1.64688 0.243532
-1.64104 0.239432
-1.6352 0.242165
-1.62936 0.243842
-1.62352 0.244543
-1.61768 0.239861
-1.61184 0.247079
-1.606 0.247126
-1.60016 0.241348
-1.59432 0.242502
-1.58848 0.240099
-1.58264 0.242329
-1.5768 0.244365
-1.57096 0.239574
-1.56512 0.244428
-1.55928 0.245587
-1.55344 0.245794
-1.5476 0.248307
-1.54176 0.24716
-1.53592 0.246636
-1.53008 0.247723
-1.52424 0.248075
-1.5184 0.245156
-1.51256 0.247711
-1.50672 0.246908
-1.50088 0.247085
-1.49504 0.252606
-1.4892 0.251072
-1.48336 0.251636
-1.47752 0.252712
-1.47168 0.253672
-1.46584 0.252003
-1.46 0.253972
-1.45416 0.254244
-1.44832 0.253502
-1.44248 0.258208
-1.43664 0.254079
-1.4308 0.257988
-1.42496 0.254417
-1.41912 0.255119
-1.41328 0.256929
-1.40744 0.255043
-1.4016 0.252525
-1.39576 0.254931
-1.38992 0.257454
-1.38408 0.246225
-1.37824 0.253934
-1.3724 0.250943
-1.36656 0.255082
-1.36072 0.251987
-1.35488 0.249239
-1.34904 0.248205
-1.3432 0.252288
-1.33736 0.252657
-1.33152 0.253995
-1.32568 0.257477
-1.31984 0.256203
-1.314 0.254754
-1.30816 0.250658
-1.30232 0.252071
-1.29648 0.25243
-1.29064 0.253734
-1.2848 0.254985
-1.27896 0.25792
-1.27312 0.255342
-1.26728 0.258215
-1.26144 0.256373
-1.2556 0.255536
-1.24976 0.258082
-1.24392 0.261012
-1.23808 0.257317
-1.23224 0.258338
-1.2264 0.259441
-1.22056 0.261652
-1.21472 0.25708
-1.20888 0.263201
-1.20304 0.257841
-1.1972 0.261555
-1.19136 0.265087
-1.18552 0.261752
-1.17968 0.262393
-1.17384 0.263997
-1.168 0.261228
-1.16216 0.259727
-1.15632 0.260658
-1.15048 0.261348
-1.14464 0.259212
-1.1388 0.260357
-1.13296 0.262273
-1.12712 0.264751
-1.12128 0.266212
-1.11544 0.269821
-1.1096 0.275026
-1.10376 0.279052
-1.09792 0.281959
-1.09208 0.28348
-1.08624 0.283111
-1.0804 0.284062
-1.07456 0.289071
-1.06872 0.289326
-1.06288 0.293547
-1.05704 0.301975
-1.0512 0.302697
-1.04536 0.304842
-1.03952 0.30755
-1.03368 0.309545
-1.02784 0.311504
-1.022 0.315401
-1.01616 0.317088
-1.01032 0.3188
-1.00448 0.324886
-0.99864 0.325921
-0.9928 0.328955
-0.98696 0.328884
-0.98112 0.333424
-0.97528 0.336506
-0.96944 0.33806
-0.9636 0.339719
-0.95776 0.343
-0.95192 0.346474
-0.94608 0.341078
-0.94024 0.345874
-0.9344 0.348314
-0.92856 0.350265
-0.92272 0.35249
-0.91688 0.354263
-0.91104 0.355684
-0.9052 0.360291
-0.89936 0.363854
-0.89352 0.366827
-0.88768 0.3712
-0.88184 0.370993
-0.876 0.371908
-0.87016 0.372489
-0.86432 0.373504
-0.85848 0.37695
-0.85264 0.379098
-0.8468 0.381782
-0.84096 0.385321
-0.83512 0.388052
-0.82928 0.389651
-0.82344 0.390929
-0.8176 0.393047
-0.81176 0.395198
-0.80592 0.398299
-0.80008 0.39786
-0.79424 0.399947
-0.7884 0.401775
-0.78256 0.404451
-0.77672 0.40463
-0.77088 0.407096
-0.76504 0.407944
-0.7592 0.410491
-0.75336 0.412685
-0.74752 0.412775
-0.74168 0.414307
-0.73584 0.416169
-0.73 0.415664
-0.72416 0.414698
-0.71832 0.415963
-0.71248 0.415372
-0.70664 0.414431
-0.7008 0.416423
-0.69496 0.41575
-0.68912 0.416128
-0.68328 0.415599
-0.67744 0.416248
-0.6716 0.418257
-0.66576 0.418066
-0.65992 0.417818
-0.65408 0.419025
-0.64824 0.417698
-0.6424 0.416811
-0.63656 0.417017
-0.63072 0.417698
-0.62488 0.417895
-0.61904 0.419956
-0.6132 0.420358
-0.60736 0.420587
-0.60152 0.420263
-0.59568 0.420263
-0.58984 0.420263
-0.584 0.420263
-0.57816 0.420263
-0.57232 0.420263
-0.56648 0.420263
-0.56064 0.420263
-0.5548 0.420263
-0.54896 0.420263
-0.54312 0.420263
-0.53728 0.420263
-0.53144 0.420263
-0.5256 0.420263
-0.51976 0.420263
-0.51392 0.420263
-0.50808 0.420263
-0.50224 0.420263
-0.4964 0.420263
-0.49056 0.420263
-0.48472 0.420263
-0.47888 0.420263
-0.47304 0.420263
-0.4672 0.420263
-0.46136 0.420263
-0.45552 0.420263
-0.44968 0.420263
-0.44384 0.420263
-0.438 0.420263
-0.43216 0.420263
-0.42632 0.420263
-0.42048 0.420263
-0.41464 0.420263
-0.4088 0.420263
-0.40296 0.420263
-0.39712 0.420263
-0.39128 0.420263
-0.38544 0.420263
-0.3796 0.420263
-0.37376 0.420263
-0.36792 0.420263
-0.36208 0.420263
-0.35624 0.420263
-0.3504 0.420263
-0.34456 0.420263
-0.33872 0.420263
-0.33288 0.420263
-0.32704 0.420263
-0.3212 0.420263
-0.31536 0.420263
-0.30952 0.420263
-0.30368 0.420263
-0.29784 0.420263
-0.292 0.420263
-0.28616 0.420263
-0.28032 0.420263
-0.27448 0.420263
-0.26864 0.420263
-0.2628 0.420263
-0.25696 0.420263
-0.25112 0.420263
-0.24528 0.420263
-0.23944 0.420263
-0.2336 0.420263
-0.22776 0.420263
-0.22192 0.420263
-0.21608 0.420263
-0.21024 0.420263
-0.2044 0.420263
-0.19856 0.420263
-0.19272 0.420263
-0.18688 0.420263
-0.18104 0.420263
-0.1752 0.420263
-0.16936 0.420263
-0.16352 0.420263
-0.15768 0.420263
-0.15184 0.420263
-0.146 0.420263
-0.14016 0.420263
-0.13432 0.420263
-0.12848 0.420263
-0.12264 0.420263
-0.1168 0.420263
-0.11096 0.420263
-0.10512 0.420263
-0.09928 0.420263
-0.09344 0.420263
-0.0876 0.420263
-0.08176 0.420263
-0.07592 0.420263
-0.07008 0.420263
-0.06424 0.420263
-0.0584 0.420263
-0.05256 0.420263
-0.04672 0.420263
-0.04088 0.420263
-0.03504 0.420263
-0.0292 0.420263
-0.02336 0.420263
-0.01752 0.420263
-0.01168 0.420263
-0.00584 0.420263
