-2.92 0.439605
-2.91416 0.439605
-2.90832 0.439605
-2.90248 0.439605
-2.89664 0.439605
-2.8908 0.439605
-2.88496 0.439605
-2.87912 0.439605
-2.87328 0.439605
-2.86744 0.439605
-2.8616 0.439605
-2.85576 0.439605
-2.84992 0.439605
-2.84408 0.439605
-2.83824 0.439605
-2.8324 0.439605
-2.82656 0.439605
-2.82072 0.439605
-2.81488 0.439605
-2.80904 0.439605
-2.8032 0.439605
-2.79736 0.439605
-2.79152 0.439605
-2.78568 0.439605
-2.77984 0.439605
-2.774 0.439605
-2.76816 0.439605
-2.76232 0.439605
-2.75648 0.439605
-2.75064 0.439605
-2.7448 0.439605
-2.73896 0.439605
-2.73312 0.439605
-2.72728 0.439605
-2.72144 0.439605
-2.7156 0.439605
-2.70976 0.439605
-2.70392 0.439605
-2.69808 0.439605
-2.69224 0.439605
-2.6864 0.439605
-2.68056 0.439605
-2.67472 0.439605
-2.66888 0.439605
-2.66304 0.439605
-2.6572 0.439605
-2.65136 0.439605
-2.64552 0.439605
-2.63968 0.439605
-2.63384 0.439605
-2.628 0.439605
-2.62216 0.439605
-2.61632 0.439605
-2.61048 0.439605
-2.60464 0.439605
-2.5988 0.439605
-2.59296 0.439116
-2.58712 0.438407
-2.58128 0.437609
-2.57544 0.436681
-2.5696 0.435707
-2.56376 0.434602
-2.55792 0.433363
-2.55208 0.432124
-2.54624 0.430886
-2.5404 0.429601
-2.53456 0.42823
-2.52872 0.426728
-2.52288 0.425183
-2.51704 0.423592
-2.5112 0.421913
-2.50536 0.420236
-2.49952 0.418603
-2.49368 0.416923
-2.48784 0.415111
-2.482 0.413516
-2.47616 0.411444
-2.47032 0.409535
-2.46448 0.407377
-2.45864 0.405261
-2.4528 0.403137
-2.44696 0.401017
-2.44112 0.398932
-2.43528 0.39651
-2.42944 0.394421
-2.4236 0.392202
-2.41776 0.390106
-2.41192 0.387804
-2.40608 0.385329
-2.40024 0.38302
-2.3944 0.380579
-2.38856 0.37839
-2.38272 0.375992
-2.37688 0.373304
-2.37104 0.37107
-2.3652 0.368961
-2.35936 0.366052
-2.35352 0.363814
-2.34768 0.361202
-2.34184 0.358924
-2.336 0.356063
-2.33016 0.354066
-2.32432 0.351912
-2.31848 0.34975
-2.31264 0.346886
-2.3068 0.343979
-2.30096 0.341986
-2.29512 0.339455
-2.28928 0.337496
-2.28344 0.335205
-2.2776 0.332118
-2.27176 0.328743
-2.26592 0.326924
-2.26008 0.323074
-2.25424 0.322254
-2.2484 0.318785
-2.24256 0.315157
-2.23672 0.313779
-2.23088 0.312085
-2.22504 0.309243
-2.2192 0.306566
-2.21336 0.303962
-2.20752 0.300946
-2.20168 0.299401
-2.19584 0.296229
-2.19 0.294226
-2.18416 0.28996
-2.17832 0.287722
-2.17248 0.286371
-2.16664 0.284559
-2.1608 0.280107
-2.15496 0.27882
-2.14912 0.276864
-2.14328 0.272655
-2.13744 0.270607
-2.1316 0.269174
-2.12576 0.266287
-2.11992 0.264047
-2.11408 0.259878
-2.10824 0.259299
-2.1024 0.256858
-2.09656 0.25345
-2.09072 0.250249
-2.08488 0.248825
-2.07904 0.245769
-2.0732 0.244939
-2.06736 0.241495
-2.06152 0.237587
-2.05568 0.236842
-2.04984 0.235287
-2.044 0.232807
-2.03816 0.23032
-2.03232 0.226212
-2.02648 0.225609
-2.02064 0.222601
-2.0148 0.22212
-2.00896 0.220098
-2.00312 0.219177
-1.99728 0.218294
-1.99144 0.217931
-1.9856 0.217568
-1.97976 0.216578
-1.97392 0.215291
-1.96808 0.218125
-1.96224 0.21591
-1.9564 0.213286
-1.95056 0.214258
-1.94472 0.212976
-1.93888 0.214685
-1.93304 0.214496
-1.9272 0.213817
-1.92136 0.213502
-1.91552 0.210974
-1.90968 0.214268
-1.90384 0.210556
-1.898 0.212955
-1.89216 0.209678
-1.88632 0.213363
-1.88048 0.21183
-1.87464 0.213398
-1.8688 0.214093
-1.86296 0.21298
-1.85712 0.213385
-1.85128 0.213751
-1.84544 0.217426
-1.8396 0.214803
-1.83376 0.215875
-1.82792 0.216936
-1.82208 0.218192
-1.81624 0.21834
-1.8104 0.220219
-1.80456 0.21799
-1.79872 0.222162
-1.79288 0.219332
-1.78704 0.220147
-1.7812 0.218335
-1.77536 0.219487
-1.76952 0.222742
-1.76368 0.223927
-1.75784 0.225272
-1.752 0.226385
-1.74616 0.227332
-1.74032 0.232173
-1.73448 0.23186
-1.72864 0.23129
-1.7228 0.233226
-1.71696 0.234399
-1.71112 0.239067
-1.70528 0.23515
-1.69944 0.232605
-1.6936 0.23457
-1.68776 0.238549
-1.68192 0.234711
-1.67608 0.235885
-1.67024 0.238221
-1.6644 0.240781
-1.65856 0.240338
-1.65272 0.24253
-1.64688 0.240525
-1.64104 0.240948
-1.6352 0.239623
-1.62936 0.241476
-1.62352 0.240195
-1.61768 0.241218
-1.61184 0.236219
-1.606 0.242962
-1.60016 0.24807
-1.59432 0.244939
-1.58848 0.249538
-1.58264 0.251658
-1.5768 0.252918
-1.57096 0.253454
-1.56512 0.252955
-1.55928 0.25648
-1.55344 0.26456
-1.5476 0.259462
-1.54176 0.265181
-1.53592 0.270959
-1.53008 0.266793
-1.52424 0.272285
-1.5184 0.272458
-1.51256 0.275935
-1.50672 0.276492
-1.50088 0.281722
-1.49504 0.284541
-1.4892 0.28505
-1.48336 0.28297
-1.47752 0.28452
-1.47168 0.288561
-1.46584 0.291449
-1.46 0.290204
-1.45416 0.293525
-1.44832 0.297414
-1.44248 0.301217
-1.43664 0.306558
-1.4308 0.304089
-1.42496 0.307498
-1.41912 0.306368
-1.41328 0.31118
-1.40744 0.315028
-1.4016 0.314771
-1.39576 0.317945
-1.38992 0.319377
-1.38408 0.321067
-1.37824 0.323593
-1.3724 0.328972
-1.36656 0.323314
-1.36072 0.33525
-1.35488 0.327936
-1.34904 0.331049
-1.3432 0.333831
-1.33736 0.341982
-1.33152 0.348072
-1.32568 0.34618
-1.31984 0.346897
-1.314 0.351299
-1.30816 0.350777
-1.30232 0.358012
-1.29648 0.355098
-1.29064 0.363063
-1.2848 0.366729
-1.27896 0.366865
-1.27312 0.369738
-1.26728 0.369303
-1.26144 0.366522
-1.2556 0.370153
-1.24976 0.369519
-1.24392 0.374477
-1.23808 0.376275
-1.23224 0.380604
-1.2264 0.383068
-1.22056 0.383224
-1.21472 0.390233
-1.20888 0.386667
-1.20304 0.389982
-1.1972 0.393229
-1.19136 0.396448
-1.18552 0.396631
-1.17968 0.394933
-1.17384 0.397272
-1.168 0.404135
-1.16216 0.407665
-1.15632 0.407345
-1.15048 0.407013
-1.14464 0.413017
-1.1388 0.409096
-1.13296 0.406993
-1.12712 0.406519
-1.12128 0.412979
-1.11544 0.422024
-1.1096 0.415398
-1.10376 0.423644
-1.09792 0.4263
-1.09208 0.423094
-1.08624 0.426945
-1.0804 0.426703
-1.07456 0.429168
-1.06872 0.430583
-1.06288 0.432602
-1.05704 0.439001
-1.0512 0.43695
-1.04536 0.429607
-1.03952 0.432703
-1.03368 0.431107
-1.02784 0.433301
-1.022 0.431422
-1.01616 0.429737
-1.01032 0.430641
-1.00448 0.433865
-0.99864 0.432809
-0.9928 0.430114
-0.98696 0.432846
-0.98112 0.427702
-0.97528 0.429799
-0.96944 0.431058
-0.9636 0.430839
-0.95776 0.430335
-0.95192 0.430327
-0.94608 0.428326
-0.94024 0.42912
-0.9344 0.428502
-0.92856 0.424051
-0.92272 0.427991
-0.91688 0.424609
-0.91104 0.422827
-0.9052 0.425822
-0.89936 0.427013
-0.89352 0.427262
-0.88768 0.427185
-0.88184 0.425617
-0.876 0.42786
-0.87016 0.423653
-0.86432 0.427441
-0.85848 0.425888
-0.85264 0.427143
-0.8468 0.425131
-0.84096 0.425367
-0.83512 0.426672
-0.82928 0.424097
-0.82344 0.42222
-0.8176 0.422824
-0.81176 0.420517
-0.80592 0.420156
-0.80008 0.420138
-0.79424 0.420001
-0.7884 0.420251
-0.78256 0.419491
-0.77672 0.420054
-0.77088 0.420204
-0.76504 0.419681
-0.7592 0.419981
-0.75336 0.419225
-0.74752 0.420027
-0.74168 0.420268
-0.73584 0.420924
-0.73 0.42278
-0.72416 0.422944
-0.71832 0.422903
-0.71248 0.423073
-0.70664 0.424344
-0.7008 0.424365
-0.69496 0.42481
-0.68912 0.426347
-0.68328 0.427254
-0.67744 0.431423
-0.6716 0.433187
-0.66576 0.434099
-0.65992 0.435714
-0.65408 0.435331
-0.64824 0.436156
-0.6424 0.438635
-0.63656 0.440338
-0.63072 0.440403
-0.62488 0.441388
-0.61904 0.441518
-0.6132 0.440749
-0.60736 0.440145
-0.60152 0.440754
-0.59568 0.440754
-0.58984 0.440754
-0.584 0.440754
-0.57816 0.440754
-0.57232 0.440754
-0.56648 0.440754
-0.56064 0.440754
-0.5548 0.440754
-0.54896 0.440754
-0.54312 0.440754
-0.53728 0.440754
-0.53144 0.440754
-0.5256 0.440754
-0.51976 0.440754
-0.51392 0.440754
-0.50808 0.440754
-0.50224 0.440754
-0.4964 0.440754
-0.49056 0.440754
-0.48472 0.440754
-0.47888 0.440754
-0.47304 0.440754
-0.4672 0.440754
-0.46136 0.440754
-0.45552 0.440754
-0.44968 0.440754
-0.44384 0.440754
-0.438 0.440754
-0.43216 0.440754
-0.42632 0.440754
-0.42048 0.440754
-0.41464 0.440754
-0.4088 0.440754
-0.40296 0.440754
-0.39712 0.440754
-0.39128 0.440754
-0.38544 0.440754
-0.3796 0.440754
-0.37376 0.440754
-0.36792 0.440754
-0.36208 0.440754
-0.35624 0.440754
-0.3504 0.440754
-0.34456 0.440754
-0.33872 0.440754
-0.33288 0.440754
-0.32704 0.440754
-0.3212 0.440754
-0.31536 0.440754
-0.30952 0.440754
-0.30368 0.440754
-0.29784 0.440754
-0.292 0.440754
-0.28616 0.440754
-0.28032 0.440754
-0.27448 0.440754
-0.26864 0.440754
-0.2628 0.440754
-0.25696 0.440754
-0.25112 0.440754
-0.24528 0.440754
-0.23944 0.440754
-0.2336 0.440754
-0.22776 0.440754
-0.22192 0.440754
-0.21608 0.440754
-0.21024 0.440754
-0.2044 0.440754
-0.19856 0.440754
-0.19272 0.440754
-0.18688 0.440754
-0.18104 0.440754
-0.1752 0.440754
-0.16936 0.440754
-0.16352 0.440754
-0.15768 0.440754
-0.15184 0.440754
-0.146 0.440754
-0.14016 0.440754
-0.13432 0.440754
-0.12848 0.440754
-0.12264 0.440754
-0.1168 0.440754
-0.11096 0.440754
-0.10512 0.440754
-0.09928 0.440754
-0.09344 0.440754
-0.0876 0.440754
-0.08176 0.440754
-0.07592 0.440754
-0.07008 0.440754
-0.06424 0.440754
-0.0584 0.440754
-0.05256 0.440754
-0.04672 0.440754
-0.04088 0.440754
-0.03504 0.440754
-0.0292 0.440754
-0.02336 0.440754
-0.01752 0.440754
-0.01168 0.440754
-0.00584 0.440754
