-2.92 0.549645
-2.91416 0.549645
-2.90832 0.549645
-2.90248 0.549645
-2.89664 0.549645
-2.8908 0.549645
-2.88496 0.549645
-2.87912 0.549645
-2.87328 0.549645
-2.86744 0.549645
-2.8616 0.549645
-2.85576 0.549645
-2.84992 0.549645
-2.84408 0.549645
-2.83824 0.549645
-2.8324 0.549645
-2.82656 0.549645
-2.82072 0.549645
-2.81488 0.549645
-2.80904 0.549645
-2.8032 0.549645
-2.79736 0.549645
-2.79152 0.549645
-2.78568 0.549645
-2.77984 0.549645
-2.774 0.549645
-2.76816 0.549645
-2.76232 0.549645
-2.75648 0.549645
-2.75064 0.549645
-2.7448 0.549645
-2.73896 0.549645
-2.73312 0.549645
-2.72728 0.549645
-2.72144 0.549645
-2.7156 0.549645
-2.70976 0.549645
-2.70392 0.549645
-2.69808 0.549645
-2.69224 0.549645
-2.6864 0.549645
-2.68056 0.549645
-2.67472 0.549645
-2.66888 0.549645
-2.66304 0.549645
-2.6572 0.549645
-2.65136 0.549645
-2.64552 0.549645
-2.63968 0.549645
-2.63384 0.549645
-2.628 0.549645
-2.62216 0.549645
-2.61632 0.549645
-2.61048 0.549645
-2.60464 0.549645
-2.5988 0.549645
-2.59296 0.549156
-2.58712 0.548226
-2.58128 0.547207
-2.57544 0.546012
-2.5696 0.54464
-2.56376 0.543002
-2.55792 0.541275
-2.55208 0.539547
-2.54624 0.537688
-2.5404 0.535698
-2.53456 0.53362
-2.52872 0.531366
-2.52288 0.529157
-2.51704 0.526859
-2.5112 0.524607
-2.50536 0.522221
-2.49952 0.520246
-2.49368 0.518439
-2.48784 0.516999
-2.482 0.51524
-2.47616 0.512847
-2.47032 0.511838
-2.46448 0.509977
-2.45864 0.509046
-2.4528 0.50767
-2.44696 0.505621
-2.44112 0.503569
-2.43528 0.501026
-2.42944 0.500187
-2.4236 0.498502
-2.41776 0.496413
-2.41192 0.49449
-2.40608 0.493178
-2.40024 0.489623
-2.3944 0.489086
-2.38856 0.485776
-2.38272 0.483465
-2.37688 0.482426
-2.37104 0.478509
-2.3652 0.477681
-2.35936 0.474865
-2.35352 0.472301
-2.34768 0.470124
-2.34184 0.466318
-2.336 0.463561
-2.33016 0.461673
-2.32432 0.45689
-2.31848 0.457101
-2.31264 0.454296
-2.3068 0.450286
-2.30096 0.447498
-2.29512 0.443501
-2.28928 0.441742
-2.28344 0.438495
-2.2776 0.436644
-2.27176 0.433179
-2.26592 0.431016
-2.26008 0.428947
-2.25424 0.424403
-2.2484 0.422664
-2.24256 0.418662
-2.23672 0.415622
-2.23088 0.414319
-2.22504 0.408887
-2.2192 0.405361
-2.21336 0.402999
-2.20752 0.401341
-2.20168 0.396028
-2.19584 0.395795
-2.19 0.392564
-2.18416 0.387938
-2.17832 0.384669
-2.17248 0.380878
-2.16664 0.37782
-2.1608 0.375353
-2.15496 0.370058
-2.14912 0.368287
-2.14328 0.363049
-2.13744 0.362305
-2.1316 0.357332
-2.12576 0.354686
-2.11992 0.354355
-2.11408 0.347847
-2.10824 0.345707
-2.1024 0.341693
-2.09656 0.339651
-2.09072 0.337058
-2.08488 0.331495
-2.07904 0.330573
-2.0732 0.325311
-2.06736 0.32212
-2.06152 0.319589
-2.05568 0.317683
-2.04984 0.311026
-2.044 0.308949
-2.03816 0.305362
-2.03232 0.30186
-2.02648 0.299349
-2.02064 0.294466
-2.0148 0.295196
-2.00896 0.291681
-2.00312 0.29071
-1.99728 0.288125
-1.99144 0.290771
-1.9856 0.287323
-1.97976 0.285532
-1.97392 0.282163
-1.96808 0.28048
-1.96224 0.278597
-1.9564 0.275149
-1.95056 0.275261
-1.94472 0.272257
-1.93888 0.269948
-1.93304 0.266564
-1.9272 0.265557
-1.92136 0.262435
-1.91552 0.259673
-1.90968 0.257524
-1.90384 0.255233
-1.898 0.258793
-1.89216 0.249443
-1.88632 0.248053
-1.88048 0.247381
-1.87464 0.242888
-1.8688 0.240056
-1.86296 0.24177
-1.85712 0.23839
-1.85128 0.237671
-1.84544 0.235448
-1.8396 0.234425
-1.83376 0.233378
-1.82792 0.23145
-1.82208 0.229728
-1.81624 0.229712
-1.8104 0.227811
-1.80456 0.225327
-1.79872 0.226053
-1.79288 0.225048
-1.78704 0.224408
-1.7812 0.224423
-1.77536 0.224369
-1.76952 0.222426
-1.76368 0.224093
-1.75784 0.226708
-1.752 0.224725
-1.74616 0.225279
-1.74032 0.222738
-1.73448 0.226755
-1.72864 0.226335
-1.7228 0.22722
-1.71696 0.225369
-1.71112 0.22552
-1.70528 0.226592
-1.69944 0.23026
-1.6936 0.22682
-1.68776 0.22783
-1.68192 0.228843
-1.67608 0.228859
-1.67024 0.227161
-1.6644 0.223373
-1.65856 0.22716
-1.65272 0.225535
-1.64688 0.228074
-1.64104 0.226376
-1.6352 0.224236
-1.62936 0.225357
-1.62352 0.224007
-1.61768 0.225352
-1.61184 0.227388
-1.606 0.230015
-1.60016 0.234372
-1.59432 0.234409
-1.58848 0.235108
-1.58264 0.239466
-1.5768 0.2412
-1.57096 0.236095
-1.56512 0.245425
-1.55928 0.245755
-1.55344 0.253645
-1.5476 0.251789
-1.54176 0.260054
-1.53592 0.25749
-1.53008 0.262418
-1.52424 0.261355
-1.5184 0.265322
-1.51256 0.273871
-1.50672 0.273436
-1.50088 0.276515
-1.49504 0.282152
-1.4892 0.284124
-1.48336 0.285086
-1.47752 0.27987
-1.47168 0.287734
-1.46584 0.289949
-1.46 0.28872
-1.45416 0.293652
-1.44832 0.296739
-1.44248 0.298254
-1.43664 0.302468
-1.4308 0.304465
-1.42496 0.313087
-1.41912 0.309179
-1.41328 0.313748
-1.40744 0.318162
-1.4016 0.321961
-1.39576 0.324252
-1.38992 0.327791
-1.38408 0.328185
-1.37824 0.335091
-1.3724 0.332181
-1.36656 0.336004
-1.36072 0.337058
-1.35488 0.338304
-1.34904 0.341192
-1.3432 0.343988
-1.33736 0.349939
-1.33152 0.351667
-1.32568 0.354206
-1.31984 0.358127
-1.314 0.359118
-1.30816 0.363003
-1.30232 0.362669
-1.29648 0.370535
-1.29064 0.371203
-1.2848 0.376027
-1.27896 0.375392
-1.27312 0.375285
-1.26728 0.376791
-1.26144 0.379979
-1.2556 0.376812
-1.24976 0.382494
-1.24392 0.385331
-1.23808 0.38853
-1.23224 0.389079
-1.2264 0.392345
-1.22056 0.393818
-1.21472 0.397337
-1.20888 0.400937
-1.20304 0.400803
-1.1972 0.404663
-1.19136 0.40471
-1.18552 0.408764
-1.17968 0.406223
-1.17384 0.413175
-1.168 0.412056
-1.16216 0.417695
-1.15632 0.415782
-1.15048 0.416817
-1.14464 0.420762
-1.1388 0.420632
-1.13296 0.412317
-1.12712 0.419731
-1.12128 0.421341
-1.11544 0.429303
-1.1096 0.426059
-1.10376 0.432647
-1.09792 0.43184
-1.09208 0.431353
-1.08624 0.427628
-1.0804 0.433914
-1.07456 0.440271
-1.06872 0.435937
-1.06288 0.438289
-1.05704 0.440345
-1.0512 0.442254
-1.04536 0.438982
-1.03952 0.43142
-1.03368 0.436732
-1.02784 0.435472
-1.022 0.429827
-1.01616 0.430838
-1.01032 0.430753
-1.00448 0.428874
-0.99864 0.427197
-0.9928 0.426624
-0.98696 0.430267
-0.98112 0.423638
-0.97528 0.425457
-0.96944 0.423366
-0.9636 0.422912
-0.95776 0.424516
-0.95192 0.422796
-0.94608 0.422273
-0.94024 0.421035
-0.9344 0.420103
-0.92856 0.419487
-0.92272 0.414202
-0.91688 0.415406
-0.91104 0.415197
-0.9052 0.414285
-0.89936 0.413893
-0.89352 0.414449
-0.88768 0.413982
-0.88184 0.413869
-0.876 0.411913
-0.87016 0.411445
-0.86432 0.412493
-0.85848 0.414067
-0.85264 0.413497
-0.8468 0.409547
-0.84096 0.410821
-0.83512 0.409516
-0.82928 0.407768
-0.82344 0.406867
-0.8176 0.404822
-0.81176 0.405428
-0.80592 0.406932
-0.80008 0.403905
-0.79424 0.403873
-0.7884 0.405046
-0.78256 0.403739
-0.77672 0.403459
-0.77088 0.4046
-0.76504 0.404466
-0.7592 0.405561
-0.75336 0.404295
-0.74752 0.405341
-0.74168 0.404525
-0.73584 0.406496
-0.73 0.406508
-0.72416 0.408188
-0.71832 0.407487
-0.71248 0.408475
-0.70664 0.409466
-0.7008 0.408921
-0.69496 0.409499
-0.68912 0.410455
-0.68328 0.411964
-0.67744 0.415683
-0.6716 0.417222
-0.66576 0.418572
-0.65992 0.419914
-0.65408 0.419618
-0.64824 0.420478
-0.6424 0.423099
-0.63656 0.42431
-0.63072 0.42415
-0.62488 0.424297
-0.61904 0.424324
-0.6132 0.424143
-0.60736 0.423116
-0.60152 0.423685
-0.59568 0.423685
-0.58984 0.423685
-0.584 0.423685
-0.57816 0.423685
-0.57232 0.423685
-0.56648 0.423685
-0.56064 0.423685
-0.5548 0.423685
-0.54896 0.423685
-0.54312 0.423685
-0.53728 0.423685
-0.53144 0.423685
-0.5256 0.423685
-0.51976 0.423685
-0.51392 0.423685
-0.50808 0.423685
-0.50224 0.423685
-0.4964 0.423685
-0.49056 0.423685
-0.48472 0.423685
-0.47888 0.423685
-0.47304 0.423685
-0.4672 0.423685
-0.46136 0.423685
-0.45552 0.423685
-0.44968 0.423685
-0.44384 0.423685
-0.438 0.423685
-0.43216 0.423685
-0.42632 0.423685
-0.42048 0.423685
-0.41464 0.423685
-0.4088 0.423685
-0.40296 0.423685
-0.39712 0.423685
-0.39128 0.423685
-0.38544 0.423685
-0.3796 0.423685
-0.37376 0.423685
-0.36792 0.423685
-0.36208 0.423685
-0.35624 0.423685
-0.3504 0.423685
-0.34456 0.423685
-0.33872 0.423685
-0.33288 0.423685
-0.32704 0.423685
-0.3212 0.423685
-0.31536 0.423685
-0.30952 0.423685
-0.30368 0.423685
-0.29784 0.423685
-0.292 0.423685
-0.28616 0.423685
-0.28032 0.423685
-0.27448 0.423685
-0.26864 0.423685
-0.2628 0.423685
-0.25696 0.423685
-0.25112 0.423685
-0.24528 0.423685
-0.23944 0.423685
-0.2336 0.423685
-0.22776 0.423685
-0.22192 0.423685
-0.21608 0.423685
-0.21024 0.423685
-0.2044 0.423685
-0.19856 0.423685
-0.19272 0.423685
-0.18688 0.423685
-0.18104 0.423685
-0.1752 0.423685
-0.16936 0.423685
-0.16352 0.423685
-0.15768 0.423685
-0.15184 0.423685
-0.146 0.423685
-0.14016 0.423685
-0.13432 0.423685
-0.12848 0.423685
-0.12264 0.423685
-0.1168 0.423685
-0.11096 0.423685
-0.10512 0.423685
-0.09928 0.423685
-0.09344 0.423685
-0.0876 0.423685
-0.08176 0.423685
-0.07592 0.423685
-0.07008 0.423685
-0.06424 0.423685
-0.0584 0.423685
-0.05256 0.423685
-0.04672 0.423685
-0.04088 0.423685
-0.03504 0.423685
-0.0292 0.423685
-0.02336 0.423685
-0.01752 0.423685
-0.01168 0.423685
-0.00584 0.423685
