-2.92 0.498072
-2.91416 0.498072
-2.90832 0.498072
-2.90248 0.498072
-2.89664 0.498072
-2.8908 0.498072
-2.88496 0.498072
-2.87912 0.498072
-2.87328 0.498072
-2.86744 0.498072
-2.8616 0.498072
-2.85576 0.498072
-2.84992 0.498072
-2.84408 0.498072
-2.83824 0.498072
-2.8324 0.498072
-2.82656 0.498072
-2.82072 0.498072
-2.81488 0.498072
-2.80904 0.498072
-2.8032 0.498072
-2.79736 0.498072
-2.79152 0.498072
-2.78568 0.498072
-2.77984 0.498072
-2.774 0.498072
-2.76816 0.498072
-2.76232 0.498072
-2.75648 0.498072
-2.75064 0.498072
-2.7448 0.498072
-2.73896 0.498072
-2.73312 0.498072
-2.72728 0.498072
-2.72144 0.498072
-2.7156 0.498072
-2.70976 0.498072
-2.70392 0.498072
-2.69808 0.498072
-2.69224 0.498072
-2.6864 0.498072
-2.68056 0.498072
-2.67472 0.498072
-2.66888 0.498072
-2.66304 0.498072
-2.6572 0.498072
-2.65136 0.498072
-2.64552 0.498072
-2.63968 0.498072
-2.63384 0.498072
-2.628 0.498072
-2.62216 0.498072
-2.61632 0.498072
-2.61048 0.498072
-2.60464 0.498072
-2.5988 0.498072
-2.59296 0.497761
-2.58712 0.497141
-2.58128 0.496434
-2.57544 0.495652
-2.5696 0.494658
-2.56376 0.49353
-2.55792 0.492272
-2.55208 0.490968
-2.54624 0.489664
-2.5404 0.488228
-2.53456 0.486746
-2.52872 0.48513
-2.52288 0.483515
-2.51704 0.481811
-2.5112 0.48002
-2.50536 0.478187
-2.49952 0.476354
-2.49368 0.474471
-2.48784 0.47263
-2.482 0.470753
-2.47616 0.468865
-2.47032 0.466811
-2.46448 0.464708
-2.45864 0.462646
-2.4528 0.460741
-2.44696 0.458383
-2.44112 0.455897
-2.43528 0.453777
-2.42944 0.451737
-2.4236 0.449039
-2.41776 0.446917
-2.41192 0.444549
-2.40608 0.442256
-2.40024 0.440039
-2.3944 0.437285
-2.38856 0.434634
-2.38272 0.432501
-2.37688 0.429576
-2.37104 0.426891
-2.3652 0.424576
-2.35936 0.422422
-2.35352 0.419577
-2.34768 0.416561
-2.34184 0.413546
-2.336 0.410568
-2.33016 0.40818
-2.32432 0.40553
-2.31848 0.402383
-2.31264 0.400189
-2.3068 0.397131
-2.30096 0.393475
-2.29512 0.391069
-2.28928 0.388796
-2.28344 0.384909
-2.2776 0.382109
-2.27176 0.379748
-2.26592 0.375927
-2.26008 0.374667
-2.25424 0.371528
-2.2484 0.367022
-2.24256 0.364008
-2.23672 0.361625
-2.23088 0.358137
-2.22504 0.354384
-2.2192 0.351633
-2.21336 0.348694
-2.20752 0.347105
-2.20168 0.342676
-2.19584 0.339838
-2.19 0.33594
-2.18416 0.332346
-2.17832 0.3288
-2.17248 0.324398
-2.16664 0.322128
-2.1608 0.320458
-2.15496 0.315625
-2.14912 0.313487
-2.14328 0.308907
-2.13744 0.305287
-2.1316 0.301687
-2.12576 0.298857
-2.11992 0.296444
-2.11408 0.294005
-2.10824 0.288329
-2.1024 0.286009
-2.09656 0.282646
-2.09072 0.279638
-2.08488 0.274513
-2.07904 0.271944
-2.0732 0.266155
-2.06736 0.266368
-2.06152 0.260469
-2.05568 0.257547
-2.04984 0.25346
-2.044 0.250327
-2.03816 0.248663
-2.03232 0.243536
-2.02648 0.241269
-2.02064 0.236797
-2.0148 0.233294
-2.00896 0.23505
-2.00312 0.229399
-1.99728 0.228719
-1.99144 0.227215
-1.9856 0.224663
-1.97976 0.22485
-1.97392 0.224184
-1.96808 0.221894
-1.96224 0.219238
-1.9564 0.220106
-1.95056 0.215866
-1.94472 0.216024
-1.93888 0.214186
-1.93304 0.212487
-1.9272 0.209325
-1.92136 0.210286
-1.91552 0.20747
-1.90968 0.207359
-1.90384 0.203673
-1.898 0.20271
-1.89216 0.201392
-1.88632 0.201147
-1.88048 0.19998
-1.87464 0.19704
-1.8688 0.199302
-1.86296 0.196594
-1.85712 0.195293
-1.85128 0.199811
-1.84544 0.197985
-1.8396 0.19738
-1.83376 0.197305
-1.82792 0.195021
-1.82208 0.19955
-1.81624 0.201687
-1.8104 0.197695
-1.80456 0.196344
-1.79872 0.197953
-1.79288 0.19995
-1.78704 0.198966
-1.7812 0.198464
-1.77536 0.199152
-1.76952 0.200926
-1.76368 0.199743
-1.75784 0.203376
-1.752 0.203806
-1.74616 0.20221
-1.74032 0.206617
-1.73448 0.205561
-1.72864 0.205933
-1.7228 0.207712
-1.71696 0.212724
-1.71112 0.210477
-1.70528 0.211396
-1.69944 0.215205
-1.6936 0.215731
-1.68776 0.214974
-1.68192 0.21636
-1.67608 0.214516
-1.67024 0.216809
-1.6644 0.215963
-1.65856 0.217174
-1.65272 0.220685
-1.64688 0.215437
-1.64104 0.219648
-1.6352 0.222398
-1.62936 0.219696
-1.62352 0.221176
-1.61768 0.221928
-1.61184 0.224168
-1.606 0.22519
-1.60016 0.232588
-1.59432 0.228556
-1.58848 0.234275
-1.58264 0.240492
-1.5768 0.236243
-1.57096 0.239296
-1.56512 0.240323
-1.55928 0.244884
-1.55344 0.24501
-1.5476 0.257851
-1.54176 0.259978
-1.53592 0.26073
-1.53008 0.261766
-1.52424 0.260573
-1.5184 0.268445
-1.51256 0.269746
-1.50672 0.273236
-1.50088 0.276467
-1.49504 0.281667
-1.4892 0.280496
-1.48336 0.287138
-1.47752 0.286481
-1.47168 0.287228
-1.46584 0.290793
-1.46 0.296166
-1.45416 0.296989
-1.44832 0.299829
-1.44248 0.303942
-1.43664 0.305426
-1.4308 0.308923
-1.42496 0.31263
-1.41912 0.315398
-1.41328 0.315448
-1.40744 0.317299
-1.4016 0.32155
-1.39576 0.325732
-1.38992 0.33004
-1.38408 0.337338
-1.37824 0.337209
-1.3724 0.336554
-1.36656 0.33886
-1.36072 0.341281
-1.35488 0.346107
-1.34904 0.343534
-1.3432 0.346644
-1.33736 0.348633
-1.33152 0.357567
-1.32568 0.358026
-1.31984 0.360398
-1.314 0.366051
-1.30816 0.364001
-1.30232 0.370793
-1.29648 0.374092
-1.29064 0.377347
-1.2848 0.379106
-1.27896 0.382508
-1.27312 0.384318
-1.26728 0.381253
-1.26144 0.385342
-1.2556 0.389117
-1.24976 0.390653
-1.24392 0.396071
-1.23808 0.394993
-1.23224 0.396689
-1.2264 0.400126
-1.22056 0.401848
-1.21472 0.406888
-1.20888 0.404776
-1.20304 0.412374
-1.1972 0.412194
-1.19136 0.413707
-1.18552 0.415899
-1.17968 0.420711
-1.17384 0.419931
-1.168 0.424122
-1.16216 0.42858
-1.15632 0.42337
-1.15048 0.425311
-1.14464 0.430425
-1.1388 0.426774
-1.13296 0.428625
-1.12712 0.429197
-1.12128 0.433969
-1.11544 0.43496
-1.1096 0.441804
-1.10376 0.441979
-1.09792 0.442564
-1.09208 0.441603
-1.08624 0.438955
-1.0804 0.446538
-1.07456 0.445689
-1.06872 0.449097
-1.06288 0.447656
-1.05704 0.452497
-1.0512 0.447407
-1.04536 0.449938
-1.03952 0.447654
-1.03368 0.444677
-1.02784 0.446193
-1.022 0.446042
-1.01616 0.444009
-1.01032 0.441382
-1.00448 0.440194
-0.99864 0.44033
-0.9928 0.440529
-0.98696 0.443474
-0.98112 0.441005
-0.97528 0.437796
-0.96944 0.437722
-0.9636 0.437513
-0.95776 0.437653
-0.95192 0.439022
-0.94608 0.440168
-0.94024 0.436378
-0.9344 0.435683
-0.92856 0.434432
-0.92272 0.432711
-0.91688 0.430813
-0.91104 0.427777
-0.9052 0.427355
-0.89936 0.430589
-0.89352 0.432157
-0.88768 0.429106
-0.88184 0.43042
-0.876 0.431191
-0.87016 0.427007
-0.86432 0.429991
-0.85848 0.429989
-0.85264 0.431566
-0.8468 0.42896
-0.84096 0.430554
-0.83512 0.429308
-0.82928 0.425038
-0.82344 0.425172
-0.8176 0.423376
-0.81176 0.423916
-0.80592 0.425195
-0.80008 0.422872
-0.79424 0.424129
-0.7884 0.423419
-0.78256 0.423731
-0.77672 0.424163
-0.77088 0.423977
-0.76504 0.425169
-0.7592 0.423959
-0.75336 0.424573
-0.74752 0.424289
-0.74168 0.426156
-0.73584 0.426811
-0.73 0.427827
-0.72416 0.42781
-0.71832 0.427828
-0.71248 0.42856
-0.70664 0.429726
-0.7008 0.430444
-0.69496 0.430369
-0.68912 0.431469
-0.68328 0.433344
-0.67744 0.437659
-0.6716 0.438332
-0.66576 0.440134
-0.65992 0.441042
-0.65408 0.441816
-0.64824 0.442142
-0.6424 0.445159
-0.63656 0.445891
-0.63072 0.446276
-0.62488 0.446242
-0.61904 0.446451
-0.6132 0.445695
-0.60736 0.444579
-0.60152 0.445148
-0.59568 0.445148
-0.58984 0.445148
-0.584 0.445148
-0.57816 0.445148
-0.57232 0.445148
-0.56648 0.445148
-0.56064 0.445148
-0.5548 0.445148
-0.54896 0.445148
-0.54312 0.445148
-0.53728 0.445148
-0.53144 0.445148
-0.5256 0.445148
-0.51976 0.445148
-0.51392 0.445148
-0.50808 0.445148
-0.50224 0.445148
-0.4964 0.445148
-0.49056 0.445148
-0.48472 0.445148
-0.47888 0.445148
-0.47304 0.445148
-0.4672 0.445148
-0.46136 0.445148
-0.45552 0.445148
-0.44968 0.445148
-0.44384 0.445148
-0.438 0.445148
-0.43216 0.445148
-0.42632 0.445148
-0.42048 0.445148
-0.41464 0.445148
-0.4088 0.445148
-0.40296 0.445148
-0.39712 0.445148
-0.39128 0.445148
-0.38544 0.445148
-0.3796 0.445148
-0.37376 0.445148
-0.36792 0.445148
-0.36208 0.445148
-0.35624 0.445148
-0.3504 0.445148
-0.34456 0.445148
-0.33872 0.445148
-0.33288 0.445148
-0.32704 0.445148
-0.3212 0.445148
-0.31536 0.445148
-0.30952 0.445148
-0.30368 0.445148
-0.29784 0.445148
-0.292 0.445148
-0.28616 0.445148
-0.28032 0.445148
-0.27448 0.445148
-0.26864 0.445148
-0.2628 0.445148
-0.25696 0.445148
-0.25112 0.445148
-0.24528 0.445148
-0.23944 0.445148
-0.2336 0.445148
-0.22776 0.445148
-0.22192 0.445148
-0.21608 0.445148
-0.21024 0.445148
-0.2044 0.445148
-0.19856 0.445148
-0.19272 0.445148
-0.18688 0.445148
-0.18104 0.445148
-0.1752 0.445148
-0.16936 0.445148
-0.16352 0.445148
-0.15768 0.445148
-0.15184 0.445148
-0.146 0.445148
-0.14016 0.445148
-0.13432 0.445148
-0.12848 0.445148
-0.12264 0.445148
-0.1168 0.445148
-0.11096 0.445148
-0.10512 0.445148
-0.09928 0.445148
-0.09344 0.445148
-0.0876 0.445148
-0.08176 0.445148
-0.07592 0.445148
-0.07008 0.445148
-0.06424 0.445148
-0.0584 0.445148
-0.05256 0.445148
-0.04672 0.445148
-0.04088 0.445148
-0.03504 0.445148
-0.0292 0.445148
-0.02336 0.445148
-0.01752 0.445148
-0.01168 0.445148
-0.00584 0.445148
