-2.92 0.471495
-2.91416 0.471495
-2.90832 0.471495
-2.90248 0.471495
-2.89664 0.471495
-2.8908 0.471495
-2.88496 0.471495
-2.87912 0.471495
-2.87328 0.471495
-2.86744 0.471495
-2.8616 0.471495
-2.85576 0.471495
-2.84992 0.471495
-2.84408 0.471495
-2.83824 0.471495
-2.8324 0.471495
-2.82656 0.471495
-2.82072 0.471495
-2.81488 0.471495
-2.80904 0.471495
-2.8032 0.471495
-2.79736 0.471495
-2.79152 0.471495
-2.78568 0.471495
-2.77984 0.471495
-2.774 0.471495
-2.76816 0.471495
-2.76232 0.471495
-2.75648 0.471495
-2.75064 0.471495
-2.7448 0.471495
-2.73896 0.471495
-2.73312 0.471495
-2.72728 0.471495
-2.72144 0.471495
-2.7156 0.471495
-2.70976 0.471495
-2.70392 0.471495
-2.69808 0.471495
-2.69224 0.471495
-2.6864 0.471495
-2.68056 0.471495
-2.67472 0.471495
-2.66888 0.471495
-2.66304 0.471495
-2.6572 0.471495
-2.65136 0.471495
-2.64552 0.471495
-2.63968 0.471495
-2.63384 0.471495
-2.628 0.471495
-2.62216 0.471495
-2.61632 0.471495
-2.61048 0.471495
-2.60464 0.471495
-2.5988 0.471495
-2.59296 0.470963
-2.58712 0.470171
-2.58128 0.469335
-2.57544 0.468412
-2.5696 0.467226
-2.56376 0.46591
-2.55792 0.464549
-2.55208 0.463189
-2.54624 0.461741
-2.5404 0.46016
-2.53456 0.458535
-2.52872 0.456865
-2.52288 0.45524
-2.51704 0.45357
-2.5112 0.45194
-2.50536 0.45018
-2.49952 0.448421
-2.49368 0.446705
-2.48784 0.444813
-2.482 0.443008
-2.47616 0.440939
-2.47032 0.438867
-2.46448 0.436666
-2.45864 0.434589
-2.4528 0.432258
-2.44696 0.430177
-2.44112 0.427926
-2.43528 0.425502
-2.42944 0.423083
-2.4236 0.420656
-2.41776 0.4184
-2.41192 0.416181
-2.40608 0.413501
-2.40024 0.41098
-2.3944 0.408166
-2.38856 0.405846
-2.38272 0.403497
-2.37688 0.40085
-2.37104 0.398622
-2.3652 0.395849
-2.35936 0.393487
-2.35352 0.392
-2.34768 0.389019
-2.34184 0.386912
-2.336 0.384422
-2.33016 0.382435
-2.32432 0.379691
-2.31848 0.377998
-2.31264 0.374505
-2.3068 0.373731
-2.30096 0.370572
-2.29512 0.368547
-2.28928 0.36571
-2.28344 0.362626
-2.2776 0.360433
-2.27176 0.357698
-2.26592 0.355217
-2.26008 0.353107
-2.25424 0.350679
-2.2484 0.346527
-2.24256 0.345131
-2.23672 0.342011
-2.23088 0.340864
-2.22504 0.337706
-2.2192 0.336126
-2.21336 0.331559
-2.20752 0.32989
-2.20168 0.328372
-2.19584 0.3247
-2.19 0.324094
-2.18416 0.32124
-2.17832 0.318148
-2.17248 0.313074
-2.16664 0.309805
-2.1608 0.306918
-2.15496 0.306762
-2.14912 0.301525
-2.14328 0.30048
-2.13744 0.297205
-2.1316 0.295812
-2.12576 0.291507
-2.11992 0.289292
-2.11408 0.288805
-2.10824 0.282537
-2.1024 0.280274
-2.09656 0.278124
-2.09072 0.276125
-2.08488 0.272759
-2.07904 0.269901
-2.0732 0.268868
-2.06736 0.266468
-2.06152 0.262097
-2.05568 0.261169
-2.04984 0.257918
-2.044 0.254381
-2.03816 0.252817
-2.03232 0.249332
-2.02648 0.249499
-2.02064 0.24244
-2.0148 0.240994
-2.00896 0.2391
-2.00312 0.23788
-1.99728 0.237931
-1.99144 0.238381
-1.9856 0.235556
-1.97976 0.234942
-1.97392 0.235901
-1.96808 0.237479
-1.96224 0.232466
-1.9564 0.233546
-1.95056 0.233953
-1.94472 0.231033
-1.93888 0.228875
-1.93304 0.232642
-1.9272 0.226288
-1.92136 0.226885
-1.91552 0.227632
-1.90968 0.230969
-1.90384 0.228645
-1.898 0.228743
-1.89216 0.225899
-1.88632 0.226712
-1.88048 0.228999
-1.87464 0.228408
-1.8688 0.228707
-1.86296 0.227952
-1.85712 0.226796
-1.85128 0.22986
-1.84544 0.230295
-1.8396 0.231269
-1.83376 0.228837
-1.82792 0.232143
-1.82208 0.228409
-1.81624 0.233159
-1.8104 0.231433
-1.80456 0.231602
-1.79872 0.231349
-1.79288 0.234809
-1.78704 0.233164
-1.7812 0.235541
-1.77536 0.23092
-1.76952 0.23313
-1.76368 0.233808
-1.75784 0.234582
-1.752 0.240569
-1.74616 0.238815
-1.74032 0.237407
-1.73448 0.239076
-1.72864 0.234688
-1.7228 0.238051
-1.71696 0.236132
-1.71112 0.237861
-1.70528 0.241406
-1.69944 0.241112
-1.6936 0.244016
-1.68776 0.244911
-1.68192 0.239168
-1.67608 0.242144
-1.67024 0.23888
-1.6644 0.24237
-1.65856 0.239073
-1.65272 0.23799
-1.64688 0.242151
-1.64104 0.242491
-1.6352 0.24375
-1.62936 0.239181
-1.62352 0.240331
-1.61768 0.241293
-1.61184 0.245132
-1.606 0.245867
-1.60016 0.246063
-1.59432 0.24422
-1.58848 0.253076
-1.58264 0.250017
-1.5768 0.250049
-1.57096 0.257541
-1.56512 0.257352
-1.55928 0.258303
-1.55344 0.262489
-1.5476 0.263976
-1.54176 0.265478
-1.53592 0.267061
-1.53008 0.266795
-1.52424 0.272237
-1.5184 0.273879
-1.51256 0.275286
-1.50672 0.274939
-1.50088 0.278931
-1.49504 0.283323
-1.4892 0.281097
-1.48336 0.277434
-1.47752 0.284727
-1.47168 0.290439
-1.46584 0.287044
-1.46 0.291724
-1.45416 0.290025
-1.44832 0.296632
-1.44248 0.297245
-1.43664 0.295828
-1.4308 0.300793
-1.42496 0.301492
-1.41912 0.303014
-1.41328 0.306442
-1.40744 0.310807
-1.4016 0.31212
-1.39576 0.314195
-1.38992 0.312608
-1.38408 0.316099
-1.37824 0.320149
-1.3724 0.319951
-1.36656 0.320484
-1.36072 0.321286
-1.35488 0.326942
-1.34904 0.320324
-1.3432 0.330297
-1.33736 0.329468
-1.33152 0.334868
-1.32568 0.333405
-1.31984 0.335198
-1.314 0.339453
-1.30816 0.338447
-1.30232 0.342777
-1.29648 0.343994
-1.29064 0.345445
-1.2848 0.349698
-1.27896 0.348077
-1.27312 0.353543
-1.26728 0.356158
-1.26144 0.356211
-1.2556 0.356328
-1.24976 0.359792
-1.24392 0.36025
-1.23808 0.363093
-1.23224 0.360634
-1.2264 0.368103
-1.22056 0.364615
-1.21472 0.368214
-1.20888 0.371506
-1.20304 0.376795
-1.1972 0.377367
-1.19136 0.377209
-1.18552 0.37945
-1.17968 0.380775
-1.17384 0.385207
-1.168 0.384155
-1.16216 0.386638
-1.15632 0.384704
-1.15048 0.3904
-1.14464 0.391422
-1.1388 0.392246
-1.13296 0.395127
-1.12712 0.394929
-1.12128 0.3992
-1.11544 0.403204
-1.1096 0.40463
-1.10376 0.403757
-1.09792 0.410688
-1.09208 0.405019
-1.08624 0.408117
-1.0804 0.415136
-1.07456 0.415464
-1.06872 0.415862
-1.06288 0.414764
-1.05704 0.419197
-1.0512 0.417432
-1.04536 0.41226
-1.03952 0.416047
-1.03368 0.41896
-1.02784 0.412957
-1.022 0.413479
-1.01616 0.413288
-1.01032 0.413861
-1.00448 0.412388
-0.99864 0.409088
-0.9928 0.410447
-0.98696 0.410235
-0.98112 0.411355
-0.97528 0.408117
-0.96944 0.409767
-0.9636 0.411246
-0.95776 0.407935
-0.95192 0.404609
-0.94608 0.4066
-0.94024 0.406213
-0.9344 0.405051
-0.92856 0.403186
-0.92272 0.403378
-0.91688 0.404807
-0.91104 0.39759
-0.9052 0.402446
-0.89936 0.399121
-0.89352 0.401542
-0.88768 0.399605
-0.88184 0.400575
-0.876 0.39972
-0.87016 0.397029
-0.86432 0.397684
-0.85848 0.398686
-0.85264 0.398582
-0.8468 0.396676
-0.84096 0.397407
-0.83512 0.397124
-0.82928 0.395876
-0.82344 0.392403
-0.8176 0.391832
-0.81176 0.392031
-0.80592 0.39036
-0.80008 0.39176
-0.79424 0.391555
-0.7884 0.392282
-0.78256 0.390565
-0.77672 0.391924
-0.77088 0.391229
-0.76504 0.39003
-0.7592 0.391587
-0.75336 0.392116
-0.74752 0.392276
-0.74168 0.391471
-0.73584 0.393439
-0.73 0.393052
-0.72416 0.393751
-0.71832 0.394918
-0.71248 0.395373
-0.70664 0.395921
-0.7008 0.395893
-0.69496 0.396194
-0.68912 0.397023
-0.68328 0.39862
-0.67744 0.401689
-0.6716 0.403943
-0.66576 0.404399
-0.65992 0.405742
-0.65408 0.405597
-0.64824 0.406207
-0.6424 0.408189
-0.63656 0.409166
-0.63072 0.409161
-0.62488 0.409658
-0.61904 0.410302
-0.6132 0.410143
-0.60736 0.409076
-0.60152 0.409647
-0.59568 0.409647
-0.58984 0.409647
-0.584 0.409647
-0.57816 0.409647
-0.57232 0.409647
-0.56648 0.409647
-0.56064 0.409647
-0.5548 0.409647
-0.54896 0.409647
-0.54312 0.409647
-0.53728 0.409647
-0.53144 0.409647
-0.5256 0.409647
-0.51976 0.409647
-0.51392 0.409647
-0.50808 0.409647
-0.50224 0.409647
-0.4964 0.409647
-0.49056 0.409647
-0.48472 0.409647
-0.47888 0.409647
-0.47304 0.409647
-0.4672 0.409647
-0.46136 0.409647
-0.45552 0.409647
-0.44968 0.409647
-0.44384 0.409647
-0.438 0.409647
-0.43216 0.409647
-0.42632 0.409647
-0.42048 0.409647
-0.41464 0.409647
-0.4088 0.409647
-0.40296 0.409647
-0.39712 0.409647
-0.39128 0.409647
-0.38544 0.409647
-0.3796 0.409647
-0.37376 0.409647
-0.36792 0.409647
-0.36208 0.409647
-0.35624 0.409647
-0.3504 0.409647
-0.34456 0.409647
-0.33872 0.409647
-0.33288 0.409647
-0.32704 0.409647
-0.3212 0.409647
-0.31536 0.409647
-0.30952 0.409647
-0.30368 0.409647
-0.29784 0.409647
-0.292 0.409647
-0.28616 0.409647
-0.28032 0.409647
-0.27448 0.409647
-0.26864 0.409647
-0.2628 0.409647
-0.25696 0.409647
-0.25112 0.409647
-0.24528 0.409647
-0.23944 0.409647
-0.2336 0.409647
-0.22776 0.409647
-0.22192 0.409647
-0.21608 0.409647
-0.21024 0.409647
-0.2044 0.409647
-0.19856 0.409647
-0.19272 0.409647
-0.18688 0.409647
-0.18104 0.409647
-0.1752 0.409647
-0.16936 0.409647
-0.16352 0.409647
-0.15768 0.409647
-0.15184 0.409647
-0.146 0.409647
-0.14016 0.409647
-0.13432 0.409647
-0.12848 0.409647
-0.12264 0.409647
-0.1168 0.409647
-0.11096 0.409647
-0.10512 0.409647
-0.09928 0.409647
-0.09344 0.409647
-0.0876 0.409647
-0.08176 0.409647
-0.07592 0.409647
-0.07008 0.409647
-0.06424 0.409647
-0.0584 0.409647
-0.05256 0.409647
-0.04672 0.409647
-0.04088 0.409647
-0.03504 0.409647
-0.0292 0.409647
-0.02336 0.409647
-0.01752 0.409647
-0.01168 0.409647
-0.00584 0.409647
