-2.92 0.425032
-2.91416 0.425032
-2.90832 0.425032
-2.90248 0.425032
-2.89664 0.425032
-2.8908 0.425032
-2.88496 0.425032
-2.87912 0.425032
-2.87328 0.425032
-2.86744 0.425032
-2.8616 0.425032
-2.85576 0.425032
-2.84992 0.425032
-2.84408 0.425032
-2.83824 0.425032
-2.8324 0.425032
-2.82656 0.425032
-2.82072 0.425032
-2.81488 0.425032
-2.80904 0.425032
-2.8032 0.425032
-2.79736 0.425032
-2.79152 0.425032
-2.78568 0.425032
-2.77984 0.425032
-2.774 0.425032
-2.76816 0.425032
-2.76232 0.425032
-2.75648 0.425032
-2.75064 0.425032
-2.7448 0.425032
-2.73896 0.425032
-2.73312 0.425032
-2.72728 0.425032
-2.72144 0.425032
-2.7156 0.425032
-2.70976 0.425032
-2.70392 0.425032
-2.69808 0.425032
-2.69224 0.425032
-2.6864 0.425032
-2.68056 0.425032
-2.67472 0.425032
-2.66888 0.425032
-2.66304 0.425032
-2.6572 0.425032
-2.65136 0.425032
-2.64552 0.425032
-2.63968 0.425032
-2.63384 0.425032
-2.628 0.425032
-2.62216 0.425032
-2.61632 0.425032
-2.61048 0.425032
-2.60464 0.425032
-2.5988 0.425032
-2.59296 0.424547
-2.58712 0.423929
-2.58128 0.42331
-2.57544 0.42256
-2.5696 0.421678
-2.56376 0.420619
-2.55792 0.419427
-2.55208 0.418279
-2.54624 0.416999
-2.5404 0.415629
-2.53456 0.414174
-2.52872 0.412718
-2.52288 0.411129
-2.51704 0.40954
-2.5112 0.407906
-2.50536 0.406273
-2.49952 0.405214
-2.49368 0.404122
-2.48784 0.40369
-2.482 0.403721
-2.47616 0.402698
-2.47032 0.402179
-2.46448 0.401569
-2.45864 0.401571
-2.4528 0.401915
-2.44696 0.400588
-2.44112 0.400594
-2.43528 0.399925
-2.42944 0.400936
-2.4236 0.399852
-2.41776 0.400017
-2.41192 0.400391
-2.40608 0.399393
-2.40024 0.399558
-2.3944 0.400097
-2.38856 0.398643
-2.38272 0.401059
-2.37688 0.401976
-2.37104 0.400252
-2.3652 0.402206
-2.35936 0.40172
-2.35352 0.400458
-2.34768 0.402115
-2.34184 0.402579
-2.336 0.402256
-2.33016 0.40238
-2.32432 0.402627
-2.31848 0.402378
-2.31264 0.403424
-2.3068 0.401763
-2.30096 0.404713
-2.29512 0.403836
-2.28928 0.407188
-2.28344 0.405375
-2.2776 0.40886
-2.27176 0.404673
-2.26592 0.404854
-2.26008 0.407548
-2.25424 0.411527
-2.2484 0.407663
-2.24256 0.409063
-2.23672 0.40997
-2.23088 0.409354
-2.22504 0.406838
-2.2192 0.40814
-2.21336 0.410868
-2.20752 0.411814
-2.20168 0.40823
-2.19584 0.410735
-2.19 0.409834
-2.18416 0.411146
-2.17832 0.412951
-2.17248 0.41219
-2.16664 0.414133
-2.1608 0.411313
-2.15496 0.411921
-2.14912 0.411597
-2.14328 0.414533
-2.13744 0.415382
-2.1316 0.416277
-2.12576 0.416098
-2.11992 0.417398
-2.11408 0.416216
-2.10824 0.415219
-2.1024 0.416314
-2.09656 0.414721
-2.09072 0.418366
-2.08488 0.414193
-2.07904 0.421082
-2.0732 0.41833
-2.06736 0.419049
-2.06152 0.415136
-2.05568 0.418658
-2.04984 0.419874
-2.044 0.418658
-2.03816 0.414805
-2.03232 0.421625
-2.02648 0.422003
-2.02064 0.425508
-2.0148 0.422662
-2.00896 0.423826
-2.00312 0.425616
-1.99728 0.425809
-1.99144 0.427124
-1.9856 0.426371
-1.97976 0.427324
-1.97392 0.426586
-1.96808 0.423998
-1.96224 0.432877
-1.9564 0.430394
-1.95056 0.425634
-1.94472 0.427803
-1.93888 0.424516
-1.93304 0.41611
-1.9272 0.419097
-1.92136 0.414708
-1.91552 0.412505
-1.90968 0.408728
-1.90384 0.406582
-1.898 0.404519
-1.89216 0.39866
-1.88632 0.397602
-1.88048 0.392593
-1.87464 0.389633
-1.8688 0.38548
-1.86296 0.380107
-1.85712 0.375677
-1.85128 0.373656
-1.84544 0.372076
-1.8396 0.365236
-1.83376 0.366104
-1.82792 0.360687
-1.82208 0.356701
-1.81624 0.356457
-1.8104 0.344004
-1.80456 0.341668
-1.79872 0.342795
-1.79288 0.336011
-1.78704 0.332456
-1.7812 0.333042
-1.77536 0.325927
-1.76952 0.323237
-1.76368 0.319918
-1.75784 0.314671
-1.752 0.312293
-1.74616 0.308322
-1.74032 0.304661
-1.73448 0.300027
-1.72864 0.295665
-1.7228 0.292741
-1.71696 0.289486
-1.71112 0.286511
-1.70528 0.281152
-1.69944 0.281686
-1.6936 0.277287
-1.68776 0.269113
-1.68192 0.269619
-1.67608 0.262065
-1.67024 0.258843
-1.6644 0.257764
-1.65856 0.260141
-1.65272 0.250086
-1.64688 0.25187
-1.64104 0.252292
-1.6352 0.250087
-1.62936 0.245684
-1.62352 0.248375
-1.61768 0.24346
-1.61184 0.244937
-1.606 0.246567
-1.60016 0.238992
-1.59432 0.244038
-1.58848 0.248872
-1.58264 0.24384
-1.5768 0.244278
-1.57096 0.244406
-1.56512 0.243005
-1.55928 0.243132
-1.55344 0.243402
-1.5476 0.242832
-1.54176 0.249061
-1.53592 0.248006
-1.53008 0.244413
-1.52424 0.24523
-1.5184 0.243331
-1.51256 0.246485
-1.50672 0.245364
-1.50088 0.24232
-1.49504 0.244904
-1.4892 0.248688
-1.48336 0.248591
-1.47752 0.253697
-1.47168 0.249475
-1.46584 0.252451
-1.46 0.252239
-1.45416 0.248688
-1.44832 0.249705
-1.44248 0.253236
-1.43664 0.250478
-1.4308 0.252406
-1.42496 0.252923
-1.41912 0.254361
-1.41328 0.252912
-1.40744 0.252017
-1.4016 0.258553
-1.39576 0.254336
-1.38992 0.255061
-1.38408 0.257472
-1.37824 0.257482
-1.3724 0.253285
-1.36656 0.257699
-1.36072 0.255975
-1.35488 0.259137
-1.34904 0.259204
-1.3432 0.261457
-1.33736 0.260129
-1.33152 0.265237
-1.32568 0.2652
-1.31984 0.266103
-1.314 0.26381
-1.30816 0.262581
-1.30232 0.263964
-1.29648 0.267871
-1.29064 0.260967
-1.2848 0.265876
-1.27896 0.267725
-1.27312 0.267186
-1.26728 0.27082
-1.26144 0.269724
-1.2556 0.272486
-1.24976 0.27041
-1.24392 0.268733
-1.23808 0.273051
-1.23224 0.272288
-1.2264 0.27161
-1.22056 0.272173
-1.21472 0.271104
-1.20888 0.275274
-1.20304 0.271026
-1.1972 0.275171
-1.19136 0.275785
-1.18552 0.274874
-1.17968 0.275771
-1.17384 0.274525
-1.168 0.274666
-1.16216 0.271861
-1.15632 0.272983
-1.15048 0.276591
-1.14464 0.276332
-1.1388 0.276672
-1.13296 0.278372
-1.12712 0.279154
-1.12128 0.280509
-1.11544 0.285323
-1.1096 0.287975
-1.10376 0.290886
-1.09792 0.295824
-1.09208 0.294921
-1.08624 0.294691
-1.0804 0.295371
-1.07456 0.300439
-1.06872 0.301914
-1.06288 0.30298
-1.05704 0.309128
-1.0512 0.310234
-1.04536 0.312602
-1.03952 0.317922
-1.03368 0.318562
-1.02784 0.31962
-1.022 0.32126
-1.01616 0.322112
-1.01032 0.323726
-1.00448 0.328384
-0.99864 0.330041
-0.9928 0.330935
-0.98696 0.335314
-0.98112 0.335997
-0.97528 0.336311
-0.96944 0.340852
-0.9636 0.3421
-0.95776 0.343093
-0.95192 0.345025
-0.94608 0.345829
-0.94024 0.348089
-0.9344 0.349618
-0.92856 0.352
-0.92272 0.351674
-0.91688 0.356244
-0.91104 0.358057
-0.9052 0.360644
-0.89936 0.364269
-0.89352 0.365846
-0.88768 0.369783
-0.88184 0.372043
-0.876 0.371264
-0.87016 0.373659
-0.86432 0.373233
-0.85848 0.376285
-0.85264 0.378529
-0.8468 0.380528
-0.84096 0.383866
-0.83512 0.386959
-0.82928 0.3884
-0.82344 0.389734
-0.8176 0.39239
-0.81176 0.393412
-0.80592 0.39518
-0.80008 0.397181
-0.79424 0.398615
-0.7884 0.399397
-0.78256 0.401423
-0.77672 0.404467
-0.77088 0.406869
-0.76504 0.40688
-0.7592 0.409698
-0.75336 0.412194
-0.74752 0.411426
-0.74168 0.4137
-0.73584 0.415127
-0.73 0.416975
-0.72416 0.415835
-0.71832 0.418568
-0.71248 0.415853
-0.70664 0.416473
-0.7008 0.417164
-0.69496 0.416075
-0.68912 0.417659
-0.68328 0.416745
-0.67744 0.417001
-0.6716 0.418363
-0.66576 0.419204
-0.65992 0.419245
-0.65408 0.418818
-0.64824 0.418095
-0.6424 0.41809
-0.63656 0.417741
-0.63072 0.418618
-0.62488 0.418822
-0.61904 0.421209
-0.6132 0.421783
-0.60736 0.422096
-0.60152 0.421903
-0.59568 0.421903
-0.58984 0.421903
-0.584 0.421903
-0.57816 0.421903
-0.57232 0.421903
-0.56648 0.421903
-0.56064 0.421903
-0.5548 0.421903
-0.54896 0.421903
-0.54312 0.421903
-0.53728 0.421903
-0.53144 0.421903
-0.5256 0.421903
-0.51976 0.421903
-0.51392 0.421903
-0.50808 0.421903
-0.50224 0.421903
-0.4964 0.421903
-0.49056 0.421903
-0.48472 0.421903
-0.47888 0.421903
-0.47304 0.421903
-0.4672 0.421903
-0.46136 0.421903
-0.45552 0.421903
-0.44968 0.421903
-0.44384 0.421903
-0.438 0.421903
-0.43216 0.421903
-0.42632 0.421903
-0.42048 0.421903
-0.41464 0.421903
-0.4088 0.421903
-0.40296 0.421903
-0.39712 0.421903
-0.39128 0.421903
-0.38544 0.421903
-0.3796 0.421903
-0.37376 0.421903
-0.36792 0.421903
-0.36208 0.421903
-0.35624 0.421903
-0.3504 0.421903
-0.34456 0.421903
-0.33872 0.421903
-0.33288 0.421903
-0.32704 0.421903
-0.3212 0.421903
-0.31536 0.421903
-0.30952 0.421903
-0.30368 0.421903
-0.29784 0.421903
-0.292 0.421903
-0.28616 0.421903
-0.28032 0.421903
-0.27448 0.421903
-0.26864 0.421903
-0.2628 0.421903
-0.25696 0.421903
-0.25112 0.421903
-0.24528 0.421903
-0.23944 0.421903
-0.2336 0.421903
-0.22776 0.421903
-0.22192 0.421903
-0.21608 0.421903
-0.21024 0.421903
-0.2044 0.421903
-0.19856 0.421903
-0.19272 0.421903
-0.18688 0.421903
-0.18104 0.421903
-0.1752 0.421903
-0.16936 0.421903
-0.16352 0.421903
-0.15768 0.421903
-0.15184 0.421903
-0.146 0.421903
-0.14016 0.421903
-0.13432 0.421903
-0.12848 0.421903
-0.12264 0.421903
-0.1168 0.421903
-0.11096 0.421903
-0.10512 0.421903
-0.09928 0.421903
-0.09344 0.421903
-0.0876 0.421903
-0.08176 0.421903
-0.07592 0.421903
-0.07008 0.421903
-0.06424 0.421903
-0.0584 0.421903
-0.05256 0.421903
-0.04672 0.421903
-0.04088 0.421903
-0.03504 0.421903
-0.0292 0.421903
-0.02336 0.421903
-0.01752 0.421903
-0.01168 0.421903
-0.00584 0.421903
