-2.92 0.424002
-2.91416 0.424002
-2.90832 0.424002
-2.90248 0.424002
-2.89664 0.424002
-2.8908 0.424002
-2.88496 0.424002
-2.87912 0.424002
-2.87328 0.424002
-2.86744 0.424002
-2.8616 0.424002
-2.85576 0.424002
-2.84992 0.424002
-2.84408 0.424002
-2.83824 0.424002
-2.8324 0.424002
-2.82656 0.424002
-2.82072 0.424002
-2.81488 0.424002
-2.80904 0.424002
-2.8032 0.424002
-2.79736 0.424002
-2.79152 0.424002
-2.78568 0.424002
-2.77984 0.424002
-2.774 0.424002
-2.76816 0.424002
-2.76232 0.424002
-2.75648 0.424002
-2.75064 0.424002
-2.7448 0.424002
-2.73896 0.424002
-2.73312 0.424002
-2.72728 0.424002
-2.72144 0.424002
-2.7156 0.424002
-2.70976 0.424002
-2.70392 0.424002
-2.69808 0.424002
-2.69224 0.424002
-2.6864 0.424002
-2.68056 0.424002
-2.67472 0.424002
-2.66888 0.424002
-2.66304 0.424002
-2.6572 0.424002
-2.65136 0.424002
-2.64552 0.424002
-2.63968 0.424002
-2.63384 0.424002
-2.628 0.424002
-2.62216 0.424002
-2.61632 0.424002
-2.61048 0.424002
-2.60464 0.424002
-2.5988 0.424002
-2.59296 0.423736
-2.58712 0.423251
-2.58128 0.422677
-2.57544 0.42197
-2.5696 0.421132
-2.56376 0.420075
-2.55792 0.418928
-2.55208 0.417781
-2.54624 0.416548
-2.5404 0.415137
-2.53456 0.413684
-2.52872 0.412186
-2.52288 0.410645
-2.51704 0.409103
-2.5112 0.407518
-2.50536 0.405887
-2.49952 0.404247
-2.49368 0.402647
-2.48784 0.401088
-2.482 0.399454
-2.47616 0.398101
-2.47032 0.396203
-2.46448 0.394925
-2.45864 0.392939
-2.4528 0.391778
-2.44696 0.389707
-2.44112 0.388416
-2.43528 0.387218
-2.42944 0.38627
-2.4236 0.383981
-2.41776 0.3837
-2.41192 0.382241
-2.40608 0.381371
-2.40024 0.381367
-2.3944 0.378873
-2.38856 0.378998
-2.38272 0.379743
-2.37688 0.377446
-2.37104 0.377281
-2.3652 0.377919
-2.35936 0.376143
-2.35352 0.376371
-2.34768 0.378085
-2.34184 0.37649
-2.336 0.377842
-2.33016 0.376566
-2.32432 0.375566
-2.31848 0.375088
-2.31264 0.374765
-2.3068 0.374451
-2.30096 0.374802
-2.29512 0.375105
-2.28928 0.375348
-2.28344 0.376565
-2.2776 0.375926
-2.27176 0.375769
-2.26592 0.37383
-2.26008 0.374699
-2.25424 0.37512
-2.2484 0.375652
-2.24256 0.376975
-2.23672 0.376392
-2.23088 0.375655
-2.22504 0.378015
-2.2192 0.377538
-2.21336 0.376713
-2.20752 0.379094
-2.20168 0.378334
-2.19584 0.380793
-2.19 0.378893
-2.18416 0.377743
-2.17832 0.382706
-2.17248 0.380739
-2.16664 0.381051
-2.1608 0.384521
-2.15496 0.383613
-2.14912 0.385182
-2.14328 0.382429
-2.13744 0.386236
-2.1316 0.387768
-2.12576 0.385489
-2.11992 0.386327
-2.11408 0.389412
-2.10824 0.387341
-2.1024 0.389857
-2.09656 0.388484
-2.09072 0.390691
-2.08488 0.392205
-2.07904 0.392258
-2.0732 0.392458
-2.06736 0.397103
-2.06152 0.395134
-2.05568 0.397723
-2.04984 0.396217
-2.044 0.39935
-2.03816 0.402752
-2.03232 0.402192
-2.02648 0.401837
-2.02064 0.398738
-2.0148 0.401348
-2.00896 0.404769
-2.00312 0.403517
-1.99728 0.402684
-1.99144 0.405486
-1.9856 0.406325
-1.97976 0.409524
-1.97392 0.409473
-1.96808 0.409489
-1.96224 0.409901
-1.9564 0.414205
-1.95056 0.412082
-1.94472 0.413572
-1.93888 0.41187
-1.93304 0.411514
-1.9272 0.411495
-1.92136 0.409815
-1.91552 0.408545
-1.90968 0.40916
-1.90384 0.405645
-1.898 0.401895
-1.89216 0.403832
-1.88632 0.403772
-1.88048 0.396172
-1.87464 0.394121
-1.8688 0.39657
-1.86296 0.397204
-1.85712 0.395246
-1.85128 0.390302
-1.84544 0.386694
-1.8396 0.385623
-1.83376 0.380862
-1.82792 0.376761
-1.82208 0.372433
-1.81624 0.371294
-1.8104 0.366481
-1.80456 0.362451
-1.79872 0.359035
-1.79288 0.359065
-1.78704 0.354904
-1.7812 0.350459
-1.77536 0.348908
-1.76952 0.341809
-1.76368 0.337083
-1.75784 0.339357
-1.752 0.33504
-1.74616 0.32998
-1.74032 0.327085
-1.73448 0.324167
-1.72864 0.317431
-1.7228 0.318163
-1.71696 0.31086
-1.71112 0.306893
-1.70528 0.304414
-1.69944 0.29845
-1.6936 0.297682
-1.68776 0.290493
-1.68192 0.288821
-1.67608 0.28253
-1.67024 0.280926
-1.6644 0.274323
-1.65856 0.273383
-1.65272 0.274099
-1.64688 0.26853
-1.64104 0.265104
-1.6352 0.264885
-1.62936 0.265166
-1.62352 0.264299
-1.61768 0.265402
-1.61184 0.262245
-1.606 0.257611
-1.60016 0.257966
-1.59432 0.259312
-1.58848 0.259573
-1.58264 0.253465
-1.5768 0.25687
-1.57096 0.257604
-1.56512 0.253035
-1.55928 0.249247
-1.55344 0.249503
-1.5476 0.256382
-1.54176 0.251556
-1.53592 0.25209
-1.53008 0.251663
-1.52424 0.247364
-1.5184 0.249419
-1.51256 0.249479
-1.50672 0.24737
-1.50088 0.24867
-1.49504 0.248121
-1.4892 0.247238
-1.48336 0.248031
-1.47752 0.249196
-1.47168 0.249181
-1.46584 0.245745
-1.46 0.247415
-1.45416 0.248358
-1.44832 0.249132
-1.44248 0.245098
-1.43664 0.243914
-1.4308 0.245558
-1.42496 0.248801
-1.41912 0.246417
-1.41328 0.247396
-1.40744 0.247195
-1.4016 0.244516
-1.39576 0.243471
-1.38992 0.242515
-1.38408 0.240927
-1.37824 0.237034
-1.3724 0.240937
-1.36656 0.238472
-1.36072 0.236454
-1.35488 0.24008
-1.34904 0.237986
-1.3432 0.240398
-1.33736 0.23791
-1.33152 0.23767
-1.32568 0.243696
-1.31984 0.242435
-1.314 0.238969
-1.30816 0.243093
-1.30232 0.240555
-1.29648 0.236857
-1.29064 0.239196
-1.2848 0.240508
-1.27896 0.240552
-1.27312 0.240769
-1.26728 0.242157
-1.26144 0.241014
-1.2556 0.240984
-1.24976 0.241761
-1.24392 0.239708
-1.23808 0.240788
-1.23224 0.238861
-1.2264 0.23833
-1.22056 0.23833
-1.21472 0.238742
-1.20888 0.239113
-1.20304 0.240014
-1.1972 0.237134
-1.19136 0.238194
-1.18552 0.241645
-1.17968 0.240125
-1.17384 0.238925
-1.168 0.235968
-1.16216 0.235748
-1.15632 0.235783
-1.15048 0.236328
-1.14464 0.233375
-1.1388 0.237901
-1.13296 0.237361
-1.12712 0.238855
-1.12128 0.239862
-1.11544 0.242844
-1.1096 0.247718
-1.10376 0.249811
-1.09792 0.253957
-1.09208 0.257641
-1.08624 0.254062
-1.0804 0.25765
-1.07456 0.259751
-1.06872 0.263539
-1.06288 0.264819
-1.05704 0.272189
-1.0512 0.273572
-1.04536 0.277121
-1.03952 0.280997
-1.03368 0.28298
-1.02784 0.283217
-1.022 0.287009
-1.01616 0.289243
-1.01032 0.291859
-1.00448 0.293291
-0.99864 0.29496
-0.9928 0.29843
-0.98696 0.302051
-0.98112 0.303397
-0.97528 0.306005
-0.96944 0.310267
-0.9636 0.310005
-0.95776 0.311362
-0.95192 0.313152
-0.94608 0.31253
-0.94024 0.314297
-0.9344 0.316313
-0.92856 0.317842
-0.92272 0.319979
-0.91688 0.323863
-0.91104 0.326047
-0.9052 0.328198
-0.89936 0.331269
-0.89352 0.33307
-0.88768 0.338229
-0.88184 0.339281
-0.876 0.338301
-0.87016 0.344564
-0.86432 0.343238
-0.85848 0.344079
-0.85264 0.346953
-0.8468 0.348314
-0.84096 0.354712
-0.83512 0.355668
-0.82928 0.356957
-0.82344 0.360706
-0.8176 0.361986
-0.81176 0.363291
-0.80592 0.365322
-0.80008 0.366833
-0.79424 0.367125
-0.7884 0.369267
-0.78256 0.371599
-0.77672 0.372865
-0.77088 0.374105
-0.76504 0.376862
-0.7592 0.376662
-0.75336 0.379441
-0.74752 0.381728
-0.74168 0.382604
-0.73584 0.381895
-0.73 0.38324
-0.72416 0.382438
-0.71832 0.382733
-0.71248 0.382016
-0.70664 0.380775
-0.7008 0.381447
-0.69496 0.381172
-0.68912 0.382036
-0.68328 0.381256
-0.67744 0.381014
-0.6716 0.383474
-0.66576 0.383187
-0.65992 0.383316
-0.65408 0.384018
-0.64824 0.382009
-0.6424 0.381587
-0.63656 0.381628
-0.63072 0.38251
-0.62488 0.38254
-0.61904 0.38459
-0.6132 0.385164
-0.60736 0.385434
-0.60152 0.3852
-0.59568 0.3852
-0.58984 0.3852
-0.584 0.3852
-0.57816 0.3852
-0.57232 0.3852
-0.56648 0.3852
-0.56064 0.3852
-0.5548 0.3852
-0.54896 0.3852
-0.54312 0.3852
-0.53728 0.3852
-0.53144 0.3852
-0.5256 0.3852
-0.51976 0.3852
-0.51392 0.3852
-0.50808 0.3852
-0.50224 0.3852
-0.4964 0.3852
-0.49056 0.3852
-0.48472 0.3852
-0.47888 0.3852
-0.47304 0.3852
-0.4672 0.3852
-0.46136 0.3852
-0.45552 0.3852
-0.44968 0.3852
-0.44384 0.3852
-0.438 0.3852
-0.43216 0.3852
-0.42632 0.3852
-0.42048 0.3852
-0.41464 0.3852
-0.4088 0.3852
-0.40296 0.3852
-0.39712 0.3852
-0.39128 0.3852
-0.38544 0.3852
-0.3796 0.3852
-0.37376 0.3852
-0.36792 0.3852
-0.36208 0.3852
-0.35624 0.3852
-0.3504 0.3852
-0.34456 0.3852
-0.33872 0.3852
-0.33288 0.3852
-0.32704 0.3852
-0.3212 0.3852
-0.31536 0.3852
-0.30952 0.3852
-0.30368 0.3852
-0.29784 0.3852
-0.292 0.3852
-0.28616 0.3852
-0.28032 0.3852
-0.27448 0.3852
-0.26864 0.3852
-0.2628 0.3852
-0.25696 0.3852
-0.25112 0.3852
-0.24528 0.3852
-0.23944 0.3852
-0.2336 0.3852
-0.22776 0.3852
-0.22192 0.3852
-0.21608 0.3852
-0.21024 0.3852
-0.2044 0.3852
-0.19856 0.3852
-0.19272 0.3852
-0.18688 0.3852
-0.18104 0.3852
-0.1752 0.3852
-0.16936 0.3852
-0.16352 0.3852
-0.15768 0.3852
-0.15184 0.3852
-0.146 0.3852
-0.14016 0.3852
-0.13432 0.3852
-0.12848 0.3852
-0.12264 0.3852
-0.1168 0.3852
-0.11096 0.3852
-0.10512 0.3852
-0.09928 0.3852
-0.09344 0.3852
-0.0876 0.3852
-0.08176 0.3852
-0.07592 0.3852
-0.07008 0.3852
-0.06424 0.3852
-0.0584 0.3852
-0.05256 0.3852
-0.04672 0.3852
-0.04088 0.3852
-0.03504 0.3852
-0.0292 0.3852
-0.02336 0.3852
-0.01752 0.3852
-0.01168 0.3852
-0.00584 0.3852
