-2.92 0.415832
-2.91416 0.415832
-2.90832 0.415832
-2.90248 0.415832
-2.89664 0.415832
-2.8908 0.415832
-2.88496 0.415832
-2.87912 0.415832
-2.87328 0.415832
-2.86744 0.415832
-2.8616 0.415832
-2.85576 0.415832
-2.84992 0.415832
-2.84408 0.415832
-2.83824 0.415832
-2.8324 0.415832
-2.82656 0.415832
-2.82072 0.415832
-2.81488 0.415832
-2.80904 0.415832
-2.8032 0.415832
-2.79736 0.415832
-2.79152 0.415832
-2.78568 0.415832
-2.77984 0.415832
-2.774 0.415832
-2.76816 0.415832
-2.76232 0.415832
-2.75648 0.415832
-2.75064 0.415832
-2.7448 0.415832
-2.73896 0.415832
-2.73312 0.415832
-2.72728 0.415832
-2.72144 0.415832
-2.7156 0.415832
-2.70976 0.415832
-2.70392 0.415832
-2.69808 0.415832
-2.69224 0.415832
-2.6864 0.415832
-2.68056 0.415832
-2.67472 0.415832
-2.66888 0.415832
-2.66304 0.415832
-2.6572 0.415832
-2.65136 0.415832
-2.64552 0.415832
-2.63968 0.415832
-2.63384 0.415832
-2.628 0.415832
-2.62216 0.415832
-2.61632 0.415832
-2.61048 0.415832
-2.60464 0.415832
-2.5988 0.415832
-2.59296 0.415434
-2.58712 0.414859
-2.58128 0.414195
-2.57544 0.413532
-2.5696 0.412693
-2.56376 0.411765
-2.55792 0.410704
-2.55208 0.409642
-2.54624 0.408448
-2.5404 0.40721
-2.53456 0.405925
-2.52872 0.404598
-2.52288 0.403271
-2.51704 0.401812
-2.5112 0.400264
-2.50536 0.398671
-2.49952 0.397573
-2.49368 0.396766
-2.48784 0.396504
-2.482 0.395697
-2.47616 0.39509
-2.47032 0.394479
-2.46448 0.394119
-2.45864 0.393338
-2.4528 0.393678
-2.44696 0.392944
-2.44112 0.393517
-2.43528 0.393063
-2.42944 0.392197
-2.4236 0.392524
-2.41776 0.394386
-2.41192 0.392689
-2.40608 0.393839
-2.40024 0.393058
-2.3944 0.394265
-2.38856 0.394156
-2.38272 0.394072
-2.37688 0.393687
-2.37104 0.393537
-2.3652 0.394211
-2.35936 0.394565
-2.35352 0.396416
-2.34768 0.397346
-2.34184 0.396149
-2.336 0.396278
-2.33016 0.398201
-2.32432 0.397563
-2.31848 0.394886
-2.31264 0.398963
-2.3068 0.398616
-2.30096 0.400558
-2.29512 0.399452
-2.28928 0.399162
-2.28344 0.402269
-2.2776 0.40075
-2.27176 0.401651
-2.26592 0.403356
-2.26008 0.405951
-2.25424 0.403872
-2.2484 0.404166
-2.24256 0.407201
-2.23672 0.406925
-2.23088 0.405872
-2.22504 0.409228
-2.2192 0.406111
-2.21336 0.406765
-2.20752 0.409386
-2.20168 0.408638
-2.19584 0.410735
-2.19 0.410153
-2.18416 0.411835
-2.17832 0.415686
-2.17248 0.418037
-2.16664 0.415307
-2.1608 0.416217
-2.15496 0.416308
-2.14912 0.417405
-2.14328 0.420852
-2.13744 0.420048
-2.1316 0.419512
-2.12576 0.420064
-2.11992 0.421272
-2.11408 0.420906
-2.10824 0.425815
-2.1024 0.424452
-2.09656 0.425199
-2.09072 0.42523
-2.08488 0.427211
-2.07904 0.43033
-2.0732 0.428792
-2.06736 0.424565
-2.06152 0.431879
-2.05568 0.428474
-2.04984 0.433493
-2.044 0.436254
-2.03816 0.433755
-2.03232 0.43279
-2.02648 0.437167
-2.02064 0.436826
-2.0148 0.437923
-2.00896 0.439144
-2.00312 0.441039
-1.99728 0.440609
-1.99144 0.442678
-1.9856 0.44079
-1.97976 0.444537
-1.97392 0.442178
-1.96808 0.446031
-1.96224 0.449162
-1.9564 0.446427
-1.95056 0.447719
-1.94472 0.443638
-1.93888 0.442811
-1.93304 0.441458
-1.9272 0.438011
-1.92136 0.436765
-1.91552 0.434451
-1.90968 0.434788
-1.90384 0.424658
-1.898 0.42204
-1.89216 0.420857
-1.88632 0.416634
-1.88048 0.417553
-1.87464 0.41697
-1.8688 0.412835
-1.86296 0.411554
-1.85712 0.405556
-1.85128 0.40077
-1.84544 0.395996
-1.8396 0.393855
-1.83376 0.389911
-1.82792 0.388605
-1.82208 0.384822
-1.81624 0.375973
-1.8104 0.372681
-1.80456 0.375139
-1.79872 0.36799
-1.79288 0.365694
-1.78704 0.35976
-1.7812 0.355352
-1.77536 0.35325
-1.76952 0.349802
-1.76368 0.347622
-1.75784 0.340298
-1.752 0.339307
-1.74616 0.335471
-1.74032 0.329788
-1.73448 0.328846
-1.72864 0.32418
-1.7228 0.321729
-1.71696 0.31582
-1.71112 0.311791
-1.70528 0.310349
-1.69944 0.306058
-1.6936 0.302589
-1.68776 0.301301
-1.68192 0.298269
-1.67608 0.291566
-1.67024 0.289042
-1.6644 0.285009
-1.65856 0.284967
-1.65272 0.278159
-1.64688 0.278264
-1.64104 0.276344
-1.6352 0.275015
-1.62936 0.274077
-1.62352 0.275477
-1.61768 0.274487
-1.61184 0.274177
-1.606 0.269835
-1.60016 0.271466
-1.59432 0.269615
-1.58848 0.264512
-1.58264 0.26951
-1.5768 0.269152
-1.57096 0.262227
-1.56512 0.266727
-1.55928 0.26489
-1.55344 0.265302
-1.5476 0.26084
-1.54176 0.263754
-1.53592 0.262607
-1.53008 0.264834
-1.52424 0.260126
-1.5184 0.260606
-1.51256 0.262872
-1.50672 0.25785
-1.50088 0.259057
-1.49504 0.261939
-1.4892 0.260078
-1.48336 0.264085
-1.47752 0.257771
-1.47168 0.262823
-1.46584 0.259148
-1.46 0.258958
-1.45416 0.261622
-1.44832 0.258913
-1.44248 0.259399
-1.43664 0.260433
-1.4308 0.256064
-1.42496 0.257764
-1.41912 0.257236
-1.41328 0.25951
-1.40744 0.258598
-1.4016 0.260615
-1.39576 0.260501
-1.38992 0.257231
-1.38408 0.253944
-1.37824 0.256542
-1.3724 0.257804
-1.36656 0.255416
-1.36072 0.256338
-1.35488 0.256672
-1.34904 0.255116
-1.3432 0.260244
-1.33736 0.259901
-1.33152 0.258449
-1.32568 0.264155
-1.31984 0.259464
-1.314 0.256727
-1.30816 0.263086
-1.30232 0.261599
-1.29648 0.258243
-1.29064 0.261166
-1.2848 0.261917
-1.27896 0.264836
-1.27312 0.260709
-1.26728 0.268288
-1.26144 0.26284
-1.2556 0.263581
-1.24976 0.2666
-1.24392 0.269739
-1.23808 0.268927
-1.23224 0.268009
-1.2264 0.267584
-1.22056 0.269349
-1.21472 0.271249
-1.20888 0.271145
-1.20304 0.269218
-1.1972 0.2725
-1.19136 0.270352
-1.18552 0.273536
-1.17968 0.274823
-1.17384 0.278691
-1.168 0.272639
-1.16216 0.273488
-1.15632 0.273794
-1.15048 0.271825
-1.14464 0.279243
-1.1388 0.27456
-1.13296 0.277438
-1.12712 0.282483
-1.12128 0.284259
-1.11544 0.288858
-1.1096 0.291521
-1.10376 0.297705
-1.09792 0.298221
-1.09208 0.302418
-1.08624 0.299661
-1.0804 0.303471
-1.07456 0.30471
-1.06872 0.308269
-1.06288 0.309994
-1.05704 0.315638
-1.0512 0.32032
-1.04536 0.32299
-1.03952 0.322616
-1.03368 0.328559
-1.02784 0.328341
-1.022 0.330617
-1.01616 0.333361
-1.01032 0.335323
-1.00448 0.339296
-0.99864 0.339932
-0.9928 0.340387
-0.98696 0.342796
-0.98112 0.346719
-0.97528 0.350325
-0.96944 0.348959
-0.9636 0.353556
-0.95776 0.357418
-0.95192 0.354721
-0.94608 0.353892
-0.94024 0.357784
-0.9344 0.358395
-0.92856 0.359241
-0.92272 0.362653
-0.91688 0.36528
-0.91104 0.367418
-0.9052 0.371131
-0.89936 0.371583
-0.89352 0.374424
-0.88768 0.378247
-0.88184 0.378885
-0.876 0.377908
-0.87016 0.384395
-0.86432 0.38461
-0.85848 0.385676
-0.85264 0.387055
-0.8468 0.389569
-0.84096 0.393503
-0.83512 0.39496
-0.82928 0.397863
-0.82344 0.398077
-0.8176 0.398558
-0.81176 0.402468
-0.80592 0.403283
-0.80008 0.405997
-0.79424 0.406564
-0.7884 0.408216
-0.78256 0.411183
-0.77672 0.410775
-0.77088 0.412967
-0.76504 0.415349
-0.7592 0.416803
-0.75336 0.416076
-0.74752 0.419365
-0.74168 0.421508
-0.73584 0.422951
-0.73 0.42367
-0.72416 0.422855
-0.71832 0.423693
-0.71248 0.423168
-0.70664 0.423963
-0.7008 0.423565
-0.69496 0.42319
-0.68912 0.423586
-0.68328 0.42419
-0.67744 0.423437
-0.6716 0.425469
-0.66576 0.425641
-0.65992 0.425211
-0.65408 0.426556
-0.64824 0.424365
-0.6424 0.42444
-0.63656 0.424097
-0.63072 0.424971
-0.62488 0.424702
-0.61904 0.427001
-0.6132 0.427236
-0.60736 0.42746
-0.60152 0.4271
-0.59568 0.4271
-0.58984 0.4271
-0.584 0.4271
-0.57816 0.4271
-0.57232 0.4271
-0.56648 0.4271
-0.56064 0.4271
-0.5548 0.4271
-0.54896 0.4271
-0.54312 0.4271
-0.53728 0.4271
-0.53144 0.4271
-0.5256 0.4271
-0.51976 0.4271
-0.51392 0.4271
-0.50808 0.4271
-0.50224 0.4271
-0.4964 0.4271
-0.49056 0.4271
-0.48472 0.4271
-0.47888 0.4271
-0.47304 0.4271
-0.4672 0.4271
-0.46136 0.4271
-0.45552 0.4271
-0.44968 0.4271
-0.44384 0.4271
-0.438 0.4271
-0.43216 0.4271
-0.42632 0.4271
-0.42048 0.4271
-0.41464 0.4271
-0.4088 0.4271
-0.40296 0.4271
-0.39712 0.4271
-0.39128 0.4271
-0.38544 0.4271
-0.3796 0.4271
-0.37376 0.4271
-0.36792 0.4271
-0.36208 0.4271
-0.35624 0.4271
-0.3504 0.4271
-0.34456 0.4271
-0.33872 0.4271
-0.33288 0.4271
-0.32704 0.4271
-0.3212 0.4271
-0.31536 0.4271
-0.30952 0.4271
-0.30368 0.4271
-0.29784 0.4271
-0.292 0.4271
-0.28616 0.4271
-0.28032 0.4271
-0.27448 0.4271
-0.26864 0.4271
-0.2628 0.4271
-0.25696 0.4271
-0.25112 0.4271
-0.24528 0.4271
-0.23944 0.4271
-0.2336 0.4271
-0.22776 0.4271
-0.22192 0.4271
-0.21608 0.4271
-0.21024 0.4271
-0.2044 0.4271
-0.19856 0.4271
-0.19272 0.4271
-0.18688 0.4271
-0.18104 0.4271
-0.1752 0.4271
-0.16936 0.4271
-0.16352 0.4271
-0.15768 0.4271
-0.15184 0.4271
-0.146 0.4271
-0.14016 0.4271
-0.13432 0.4271
-0.12848 0.4271
-0.12264 0.4271
-0.1168 0.4271
-0.11096 0.4271
-0.10512 0.4271
-0.09928 0.4271
-0.09344 0.4271
-0.0876 0.4271
-0.08176 0.4271
-0.07592 0.4271
-0.07008 0.4271
-0.06424 0.4271
-0.0584 0.4271
-0.05256 0.4271
-0.04672 0.4271
-0.04088 0.4271
-0.03504 0.4271
-0.0292 0.4271
-0.02336 0.4271
-0.01752 0.4271
-0.01168 0.4271
-0.00584 0.4271
