-2.92 0.464175
-2.91416 0.464175
-2.90832 0.464175
-2.90248 0.464175
-2.89664 0.464175
-2.8908 0.464175
-2.88496 0.464175
-2.87912 0.464175
-2.87328 0.464175
-2.86744 0.464175
-2.8616 0.464175
-2.85576 0.464175
-2.84992 0.464175
-2.84408 0.464175
-2.83824 0.464175
-2.8324 0.464175
-2.82656 0.464175
-2.82072 0.464175
-2.81488 0.464175
-2.80904 0.464175
-2.8032 0.464175
-2.79736 0.464175
-2.79152 0.464175
-2.78568 0.464175
-2.77984 0.464175
-2.774 0.464175
-2.76816 0.464175
-2.76232 0.464175
-2.75648 0.464175
-2.75064 0.464175
-2.7448 0.464175
-2.73896 0.464175
-2.73312 0.464175
-2.72728 0.464175
-2.72144 0.464175
-2.7156 0.464175
-2.70976 0.464175
-2.70392 0.464175
-2.69808 0.464175
-2.69224 0.464175
-2.6864 0.464175
-2.68056 0.464175
-2.67472 0.464175
-2.66888 0.464175
-2.66304 0.464175
-2.6572 0.464175
-2.65136 0.464175
-2.64552 0.464175
-2.63968 0.464175
-2.63384 0.464175
-2.628 0.464175
-2.62216 0.464175
-2.61632 0.464175
-2.61048 0.464175
-2.60464 0.464175
-2.5988 0.464175
-2.59296 0.463644
-2.58712 0.462804
-2.58128 0.461875
-2.57544 0.460905
-2.5696 0.459757
-2.56376 0.458609
-2.55792 0.457329
-2.55208 0.45605
-2.54624 0.454814
-2.5404 0.453359
-2.53456 0.451772
-2.52872 0.450141
-2.52288 0.448511
-2.51704 0.446792
-2.5112 0.444983
-2.50536 0.443133
-2.49952 0.441324
-2.49368 0.439472
-2.48784 0.437575
-2.482 0.435764
-2.47616 0.433687
-2.47032 0.43161
-2.46448 0.429275
-2.45864 0.427147
-2.4528 0.42477
-2.44696 0.422637
-2.44112 0.420299
-2.43528 0.417788
-2.42944 0.415871
-2.4236 0.413779
-2.41776 0.411681
-2.41192 0.409506
-2.40608 0.407322
-2.40024 0.405262
-2.3944 0.40303
-2.38856 0.400762
-2.38272 0.398781
-2.37688 0.396795
-2.37104 0.394474
-2.3652 0.392159
-2.35936 0.389836
-2.35352 0.387044
-2.34768 0.385527
-2.34184 0.382868
-2.336 0.381171
-2.33016 0.378477
-2.32432 0.376324
-2.31848 0.375715
-2.31264 0.372094
-2.3068 0.369396
-2.30096 0.367211
-2.29512 0.364432
-2.28928 0.362407
-2.28344 0.362648
-2.2776 0.359591
-2.27176 0.357767
-2.26592 0.354659
-2.26008 0.351922
-2.25424 0.350654
-2.2484 0.347883
-2.24256 0.34543
-2.23672 0.342697
-2.23088 0.34156
-2.22504 0.338449
-2.2192 0.337601
-2.21336 0.334206
-2.20752 0.330647
-2.20168 0.330096
-2.19584 0.325889
-2.19 0.323506
-2.18416 0.319896
-2.17832 0.31911
-2.17248 0.316501
-2.16664 0.314431
-2.1608 0.310432
-2.15496 0.308655
-2.14912 0.306078
-2.14328 0.304688
-2.13744 0.301346
-2.1316 0.299608
-2.12576 0.296714
-2.11992 0.295642
-2.11408 0.294644
-2.10824 0.291111
-2.1024 0.2927
-2.09656 0.290694
-2.09072 0.288717
-2.08488 0.288034
-2.07904 0.281976
-2.0732 0.283129
-2.06736 0.282032
-2.06152 0.277012
-2.05568 0.279919
-2.04984 0.278753
-2.044 0.278387
-2.03816 0.273937
-2.03232 0.274242
-2.02648 0.273283
-2.02064 0.271602
-2.0148 0.270432
-2.00896 0.271063
-2.00312 0.26867
-1.99728 0.270215
-1.99144 0.264981
-1.9856 0.267525
-1.97976 0.269412
-1.97392 0.26887
-1.96808 0.265616
-1.96224 0.265273
-1.9564 0.264235
-1.95056 0.261737
-1.94472 0.263312
-1.93888 0.263484
-1.93304 0.259011
-1.9272 0.258799
-1.92136 0.258247
-1.91552 0.257544
-1.90968 0.256541
-1.90384 0.25427
-1.898 0.252403
-1.89216 0.252933
-1.88632 0.250873
-1.88048 0.245013
-1.87464 0.242484
-1.8688 0.242261
-1.86296 0.23963
-1.85712 0.238608
-1.85128 0.236676
-1.84544 0.236201
-1.8396 0.230004
-1.83376 0.230919
-1.82792 0.229727
-1.82208 0.232865
-1.81624 0.225952
-1.8104 0.226045
-1.80456 0.222584
-1.79872 0.217054
-1.79288 0.220753
-1.78704 0.216694
-1.7812 0.210709
-1.77536 0.212464
-1.76952 0.208827
-1.76368 0.2062
-1.75784 0.207532
-1.752 0.205835
-1.74616 0.204314
-1.74032 0.197741
-1.73448 0.19964
-1.72864 0.194792
-1.7228 0.192523
-1.71696 0.190769
-1.71112 0.189185
-1.70528 0.182672
-1.69944 0.181958
-1.6936 0.183243
-1.68776 0.174726
-1.68192 0.177731
-1.67608 0.177584
-1.67024 0.176653
-1.6644 0.173026
-1.65856 0.171542
-1.65272 0.173999
-1.64688 0.175626
-1.64104 0.173004
-1.6352 0.173949
-1.62936 0.176755
-1.62352 0.176213
-1.61768 0.177853
-1.61184 0.17956
-1.606 0.176953
-1.60016 0.181943
-1.59432 0.18371
-1.58848 0.181386
-1.58264 0.182716
-1.5768 0.185069
-1.57096 0.189973
-1.56512 0.18754
-1.55928 0.188842
-1.55344 0.189423
-1.5476 0.19684
-1.54176 0.201379
-1.53592 0.201751
-1.53008 0.205272
-1.52424 0.198011
-1.5184 0.204839
-1.51256 0.208789
-1.50672 0.210108
-1.50088 0.213473
-1.49504 0.211675
-1.4892 0.219562
-1.48336 0.223785
-1.47752 0.224615
-1.47168 0.227315
-1.46584 0.227803
-1.46 0.232473
-1.45416 0.234111
-1.44832 0.234722
-1.44248 0.240753
-1.43664 0.240125
-1.4308 0.243456
-1.42496 0.24522
-1.41912 0.247261
-1.41328 0.250982
-1.40744 0.253314
-1.4016 0.253817
-1.39576 0.254122
-1.38992 0.257982
-1.38408 0.257522
-1.37824 0.261389
-1.3724 0.260941
-1.36656 0.263991
-1.36072 0.260774
-1.35488 0.265712
-1.34904 0.267061
-1.3432 0.266538
-1.33736 0.27267
-1.33152 0.27623
-1.32568 0.275828
-1.31984 0.280675
-1.314 0.279187
-1.30816 0.281624
-1.30232 0.280455
-1.29648 0.282369
-1.29064 0.281981
-1.2848 0.283634
-1.27896 0.288039
-1.27312 0.287907
-1.26728 0.28849
-1.26144 0.288073
-1.2556 0.292673
-1.24976 0.292269
-1.24392 0.297723
-1.23808 0.295811
-1.23224 0.296165
-1.2264 0.297924
-1.22056 0.297202
-1.21472 0.300645
-1.20888 0.298956
-1.20304 0.301922
-1.1972 0.30326
-1.19136 0.303898
-1.18552 0.305856
-1.17968 0.304471
-1.17384 0.304965
-1.168 0.302714
-1.16216 0.304616
-1.15632 0.3035
-1.15048 0.303507
-1.14464 0.302532
-1.1388 0.307199
-1.13296 0.305071
-1.12712 0.306888
-1.12128 0.307225
-1.11544 0.312442
-1.1096 0.317141
-1.10376 0.317022
-1.09792 0.320249
-1.09208 0.323939
-1.08624 0.322046
-1.0804 0.326539
-1.07456 0.328633
-1.06872 0.331027
-1.06288 0.33444
-1.05704 0.340409
-1.0512 0.341709
-1.04536 0.345873
-1.03952 0.345197
-1.03368 0.350154
-1.02784 0.351341
-1.022 0.353349
-1.01616 0.356107
-1.01032 0.358266
-1.00448 0.361192
-0.99864 0.364523
-0.9928 0.366467
-0.98696 0.366322
-0.98112 0.370997
-0.97528 0.373261
-0.96944 0.37554
-0.9636 0.377072
-0.95776 0.379671
-0.95192 0.382098
-0.94608 0.381403
-0.94024 0.383576
-0.9344 0.386284
-0.92856 0.39068
-0.92272 0.389317
-0.91688 0.393743
-0.91104 0.396804
-0.9052 0.4005
-0.89936 0.403741
-0.89352 0.407183
-0.88768 0.409287
-0.88184 0.412375
-0.876 0.412999
-0.87016 0.417009
-0.86432 0.415485
-0.85848 0.418176
-0.85264 0.420163
-0.8468 0.42369
-0.84096 0.428753
-0.83512 0.432184
-0.82928 0.434272
-0.82344 0.435625
-0.8176 0.438114
-0.81176 0.44034
-0.80592 0.442704
-0.80008 0.443597
-0.79424 0.447109
-0.7884 0.448443
-0.78256 0.450531
-0.77672 0.453068
-0.77088 0.454579
-0.76504 0.457441
-0.7592 0.458813
-0.75336 0.461027
-0.74752 0.464218
-0.74168 0.46503
-0.73584 0.466057
-0.73 0.468444
-0.72416 0.467285
-0.71832 0.467625
-0.71248 0.468604
-0.70664 0.469232
-0.7008 0.470165
-0.69496 0.468908
-0.68912 0.469401
-0.68328 0.47059
-0.67744 0.470544
-0.6716 0.472542
-0.66576 0.47286
-0.65992 0.473137
-0.65408 0.47337
-0.64824 0.472007
-0.6424 0.472054
-0.63656 0.472321
-0.63072 0.473507
-0.62488 0.473632
-0.61904 0.476109
-0.6132 0.476654
-0.60736 0.477056
-0.60152 0.476784
-0.59568 0.476784
-0.58984 0.476784
-0.584 0.476784
-0.57816 0.476784
-0.57232 0.476784
-0.56648 0.476784
-0.56064 0.476784
-0.5548 0.476784
-0.54896 0.476784
-0.54312 0.476784
-0.53728 0.476784
-0.53144 0.476784
-0.5256 0.476784
-0.51976 0.476784
-0.51392 0.476784
-0.50808 0.476784
-0.50224 0.476784
-0.4964 0.476784
-0.49056 0.476784
-0.48472 0.476784
-0.47888 0.476784
-0.47304 0.476784
-0.4672 0.476784
-0.46136 0.476784
-0.45552 0.476784
-0.44968 0.476784
-0.44384 0.476784
-0.438 0.476784
-0.43216 0.476784
-0.42632 0.476784
-0.42048 0.476784
-0.41464 0.476784
-0.4088 0.476784
-0.40296 0.476784
-0.39712 0.476784
-0.39128 0.476784
-0.38544 0.476784
-0.3796 0.476784
-0.37376 0.476784
-0.36792 0.476784
-0.36208 0.476784
-0.35624 0.476784
-0.3504 0.476784
-0.34456 0.476784
-0.33872 0.476784
-0.33288 0.476784
-0.32704 0.476784
-0.3212 0.476784
-0.31536 0.476784
-0.30952 0.476784
-0.30368 0.476784
-0.29784 0.476784
-0.292 0.476784
-0.28616 0.476784
-0.28032 0.476784
-0.27448 0.476784
-0.26864 0.476784
-0.2628 0.476784
-0.25696 0.476784
-0.25112 0.476784
-0.24528 0.476784
-0.23944 0.476784
-0.2336 0.476784
-0.22776 0.476784
-0.22192 0.476784
-0.21608 0.476784
-0.21024 0.476784
-0.2044 0.476784
-0.19856 0.476784
-0.19272 0.476784
-0.18688 0.476784
-0.18104 0.476784
-0.1752 0.476784
-0.16936 0.476784
-0.16352 0.476784
-0.15768 0.476784
-0.15184 0.476784
-0.146 0.476784
-0.14016 0.476784
-0.13432 0.476784
-0.12848 0.476784
-0.12264 0.476784
-0.1168 0.476784
-0.11096 0.476784
-0.10512 0.476784
-0.09928 0.476784
-0.09344 0.476784
-0.0876 0.476784
-0.08176 0.476784
-0.07592 0.476784
-0.07008 0.476784
-0.06424 0.476784
-0.0584 0.476784
-0.05256 0.476784
-0.04672 0.476784
-0.04088 0.476784
-0.03504 0.476784
-0.0292 0.476784
-0.02336 0.476784
-0.01752 0.476784
-0.01168 0.476784
-0.00584 0.476784
