-2.92 0.492513
-2.91416 0.492513
-2.90832 0.492513
-2.90248 0.492513
-2.89664 0.492513
-2.8908 0.492513
-2.88496 0.492513
-2.87912 0.492513
-2.87328 0.492513
-2.86744 0.492513
-2.8616 0.492513
-2.85576 0.492513
-2.84992 0.492513
-2.84408 0.492513
-2.83824 0.492513
-2.8324 0.492513
-2.82656 0.492513
-2.82072 0.492513
-2.81488 0.492513
-2.80904 0.492513
-2.8032 0.492513
-2.79736 0.492513
-2.79152 0.492513
-2.78568 0.492513
-2.77984 0.492513
-2.774 0.492513
-2.76816 0.492513
-2.76232 0.492513
-2.75648 0.492513
-2.75064 0.492513
-2.7448 0.492513
-2.73896 0.492513
-2.73312 0.492513
-2.72728 0.492513
-2.72144 0.492513
-2.7156 0.492513
-2.70976 0.492513
-2.70392 0.492513
-2.69808 0.492513
-2.69224 0.492513
-2.6864 0.492513
-2.68056 0.492513
-2.67472 0.492513
-2.66888 0.492513
-2.66304 0.492513
-2.6572 0.492513
-2.65136 0.492513
-2.64552 0.492513
-2.63968 0.492513
-2.63384 0.492513
-2.628 0.492513
-2.62216 0.492513
-2.61632 0.492513
-2.61048 0.492513
-2.60464 0.492513
-2.5988 0.492513
-2.59296 0.49207
-2.58712 0.491453
-2.58128 0.490747
-2.57544 0.489863
-2.5696 0.488935
-2.56376 0.48796
-2.55792 0.486897
-2.55208 0.485789
-2.54624 0.484592
-2.5404 0.483347
-2.53456 0.482011
-2.52872 0.480631
-2.52288 0.479251
-2.51704 0.477695
-2.5112 0.476008
-2.50536 0.47432
-2.49952 0.473171
-2.49368 0.472397
-2.48784 0.471296
-2.482 0.471265
-2.47616 0.470184
-2.47032 0.469847
-2.46448 0.469336
-2.45864 0.468666
-2.4528 0.467488
-2.44696 0.467609
-2.44112 0.46713
-2.43528 0.466021
-2.42944 0.465566
-2.4236 0.465215
-2.41776 0.464273
-2.41192 0.464403
-2.40608 0.463621
-2.40024 0.463353
-2.3944 0.461359
-2.38856 0.461628
-2.38272 0.460635
-2.37688 0.457853
-2.37104 0.460109
-2.3652 0.45837
-2.35936 0.457831
-2.35352 0.457015
-2.34768 0.457483
-2.34184 0.456689
-2.336 0.455165
-2.33016 0.453711
-2.32432 0.454276
-2.31848 0.452959
-2.31264 0.450185
-2.3068 0.449095
-2.30096 0.449013
-2.29512 0.449571
-2.28928 0.448805
-2.28344 0.449283
-2.2776 0.447076
-2.27176 0.446543
-2.26592 0.446639
-2.26008 0.44672
-2.25424 0.446302
-2.2484 0.445827
-2.24256 0.444464
-2.23672 0.442544
-2.23088 0.443033
-2.22504 0.444854
-2.2192 0.441467
-2.21336 0.440772
-2.20752 0.443157
-2.20168 0.442839
-2.19584 0.438135
-2.19 0.440442
-2.18416 0.438815
-2.17832 0.438713
-2.17248 0.438638
-2.16664 0.438011
-2.1608 0.435803
-2.15496 0.434303
-2.14912 0.436989
-2.14328 0.43699
-2.13744 0.43331
-2.1316 0.435632
-2.12576 0.434752
-2.11992 0.432306
-2.11408 0.436935
-2.10824 0.43594
-2.1024 0.431698
-2.09656 0.432991
-2.09072 0.433595
-2.08488 0.432684
-2.07904 0.432747
-2.0732 0.431851
-2.06736 0.432528
-2.06152 0.432174
-2.05568 0.431835
-2.04984 0.431614
-2.044 0.433875
-2.03816 0.434084
-2.03232 0.431724
-2.02648 0.435751
-2.02064 0.43179
-2.0148 0.434144
-2.00896 0.433747
-2.00312 0.432982
-1.99728 0.432624
-1.99144 0.43429
-1.9856 0.433706
-1.97976 0.432769
-1.97392 0.431312
-1.96808 0.429892
-1.96224 0.434177
-1.9564 0.436206
-1.95056 0.431868
-1.94472 0.427341
-1.93888 0.425176
-1.93304 0.421784
-1.9272 0.414813
-1.92136 0.41224
-1.91552 0.412557
-1.90968 0.40643
-1.90384 0.407836
-1.898 0.39993
-1.89216 0.396691
-1.88632 0.390202
-1.88048 0.390118
-1.87464 0.384867
-1.8688 0.382144
-1.86296 0.375179
-1.85712 0.368228
-1.85128 0.365993
-1.84544 0.36388
-1.8396 0.359203
-1.83376 0.354003
-1.82792 0.345145
-1.82208 0.346298
-1.81624 0.341069
-1.8104 0.333987
-1.80456 0.32905
-1.79872 0.326066
-1.79288 0.326092
-1.78704 0.313772
-1.7812 0.312641
-1.77536 0.313964
-1.76952 0.305292
-1.76368 0.305075
-1.75784 0.299249
-1.752 0.298942
-1.74616 0.292205
-1.74032 0.285172
-1.73448 0.283835
-1.72864 0.282599
-1.7228 0.275618
-1.71696 0.271999
-1.71112 0.273089
-1.70528 0.265582
-1.69944 0.262944
-1.6936 0.26366
-1.68776 0.259436
-1.68192 0.257548
-1.67608 0.258655
-1.67024 0.250536
-1.6644 0.251495
-1.65856 0.245487
-1.65272 0.245687
-1.64688 0.242945
-1.64104 0.244041
-1.6352 0.243912
-1.62936 0.243906
-1.62352 0.242251
-1.61768 0.239337
-1.61184 0.239984
-1.606 0.241708
-1.60016 0.239131
-1.59432 0.238693
-1.58848 0.236125
-1.58264 0.233762
-1.5768 0.237014
-1.57096 0.24372
-1.56512 0.238765
-1.55928 0.242914
-1.55344 0.243677
-1.5476 0.247274
-1.54176 0.244044
-1.53592 0.250943
-1.53008 0.248316
-1.52424 0.243279
-1.5184 0.239939
-1.51256 0.24574
-1.50672 0.240746
-1.50088 0.244387
-1.49504 0.250754
-1.4892 0.246035
-1.48336 0.247306
-1.47752 0.247158
-1.47168 0.247817
-1.46584 0.250365
-1.46 0.248922
-1.45416 0.246194
-1.44832 0.24673
-1.44248 0.25071
-1.43664 0.249084
-1.4308 0.24891
-1.42496 0.248935
-1.41912 0.247895
-1.41328 0.250801
-1.40744 0.246597
-1.4016 0.247602
-1.39576 0.249648
-1.38992 0.245991
-1.38408 0.245085
-1.37824 0.241518
-1.3724 0.248658
-1.36656 0.245194
-1.36072 0.245931
-1.35488 0.246642
-1.34904 0.244963
-1.3432 0.248306
-1.33736 0.244522
-1.33152 0.249275
-1.32568 0.250907
-1.31984 0.248331
-1.314 0.251671
-1.30816 0.253007
-1.30232 0.246635
-1.29648 0.247763
-1.29064 0.247336
-1.2848 0.248226
-1.27896 0.252719
-1.27312 0.250809
-1.26728 0.251584
-1.26144 0.252896
-1.2556 0.251742
-1.24976 0.2554
-1.24392 0.254728
-1.23808 0.256309
-1.23224 0.255447
-1.2264 0.255752
-1.22056 0.254489
-1.21472 0.25495
-1.20888 0.253962
-1.20304 0.25504
-1.1972 0.255906
-1.19136 0.257976
-1.18552 0.256857
-1.17968 0.257167
-1.17384 0.256074
-1.168 0.254619
-1.16216 0.256411
-1.15632 0.255804
-1.15048 0.254097
-1.14464 0.25387
-1.1388 0.254145
-1.13296 0.257919
-1.12712 0.256198
-1.12128 0.261192
-1.11544 0.264172
-1.1096 0.2675
-1.10376 0.267924
-1.09792 0.271654
-1.09208 0.273827
-1.08624 0.273007
-1.0804 0.273014
-1.07456 0.277807
-1.06872 0.279673
-1.06288 0.278796
-1.05704 0.288648
-1.0512 0.289729
-1.04536 0.290947
-1.03952 0.292835
-1.03368 0.297341
-1.02784 0.297605
-1.022 0.298716
-1.01616 0.299437
-1.01032 0.301358
-1.00448 0.304508
-0.99864 0.306996
-0.9928 0.30755
-0.98696 0.309405
-0.98112 0.310551
-0.97528 0.314376
-0.96944 0.313714
-0.9636 0.316907
-0.95776 0.317441
-0.95192 0.318315
-0.94608 0.318035
-0.94024 0.318907
-0.9344 0.322112
-0.92856 0.324886
-0.92272 0.325499
-0.91688 0.328142
-0.91104 0.330512
-0.9052 0.333122
-0.89936 0.335676
-0.89352 0.337214
-0.88768 0.340153
-0.88184 0.341575
-0.876 0.343367
-0.87016 0.345642
-0.86432 0.344569
-0.85848 0.347169
-0.85264 0.348274
-0.8468 0.35031
-0.84096 0.356221
-0.83512 0.355385
-0.82928 0.357292
-0.82344 0.359115
-0.8176 0.360384
-0.81176 0.362545
-0.80592 0.363909
-0.80008 0.36483
-0.79424 0.366661
-0.7884 0.368815
-0.78256 0.369993
-0.77672 0.370328
-0.77088 0.37206
-0.76504 0.373967
-0.7592 0.374345
-0.75336 0.377547
-0.74752 0.376917
-0.74168 0.379899
-0.73584 0.379296
-0.73 0.379085
-0.72416 0.380156
-0.71832 0.379892
-0.71248 0.378733
-0.70664 0.378679
-0.7008 0.379205
-0.69496 0.378671
-0.68912 0.378427
-0.68328 0.379236
-0.67744 0.378229
-0.6716 0.380348
-0.66576 0.38022
-0.65992 0.380057
-0.65408 0.38085
-0.64824 0.379042
-0.6424 0.378866
-0.63656 0.379286
-0.63072 0.379821
-0.62488 0.379598
-0.61904 0.3819
-0.6132 0.382084
-0.60736 0.382523
-0.60152 0.382283
-0.59568 0.382283
-0.58984 0.382283
-0.584 0.382283
-0.57816 0.382283
-0.57232 0.382283
-0.56648 0.382283
-0.56064 0.382283
-0.5548 0.382283
-0.54896 0.382283
-0.54312 0.382283
-0.53728 0.382283
-0.53144 0.382283
-0.5256 0.382283
-0.51976 0.382283
-0.51392 0.382283
-0.50808 0.382283
-0.50224 0.382283
-0.4964 0.382283
-0.49056 0.382283
-0.48472 0.382283
-0.47888 0.382283
-0.47304 0.382283
-0.4672 0.382283
-0.46136 0.382283
-0.45552 0.382283
-0.44968 0.382283
-0.44384 0.382283
-0.438 0.382283
-0.43216 0.382283
-0.42632 0.382283
-0.42048 0.382283
-0.41464 0.382283
-0.4088 0.382283
-0.40296 0.382283
-0.39712 0.382283
-0.39128 0.382283
-0.38544 0.382283
-0.3796 0.382283
-0.37376 0.382283
-0.36792 0.382283
-0.36208 0.382283
-0.35624 0.382283
-0.3504 0.382283
-0.34456 0.382283
-0.33872 0.382283
-0.33288 0.382283
-0.32704 0.382283
-0.3212 0.382283
-0.31536 0.382283
-0.30952 0.382283
-0.30368 0.382283
-0.29784 0.382283
-0.292 0.382283
-0.28616 0.382283
-0.28032 0.382283
-0.27448 0.382283
-0.26864 0.382283
-0.2628 0.382283
-0.25696 0.382283
-0.25112 0.382283
-0.24528 0.382283
-0.23944 0.382283
-0.2336 0.382283
-0.22776 0.382283
-0.22192 0.382283
-0.21608 0.382283
-0.21024 0.382283
-0.2044 0.382283
-0.19856 0.382283
-0.19272 0.382283
-0.18688 0.382283
-0.18104 0.382283
-0.1752 0.382283
-0.16936 0.382283
-0.16352 0.382283
-0.15768 0.382283
-0.15184 0.382283
-0.146 0.382283
-0.14016 0.382283
-0.13432 0.382283
-0.12848 0.382283
-0.12264 0.382283
-0.1168 0.382283
-0.11096 0.382283
-0.10512 0.382283
-0.09928 0.382283
-0.09344 0.382283
-0.0876 0.382283
-0.08176 0.382283
-0.07592 0.382283
-0.07008 0.382283
-0.06424 0.382283
-0.0584 0.382283
-0.05256 0.382283
-0.04672 0.382283
-0.04088 0.382283
-0.03504 0.382283
-0.0292 0.382283
-0.02336 0.382283
-0.01752 0.382283
-0.01168 0.382283
-0.00584 0.382283
