-2.92 0.430993
-2.91416 0.430993
-2.90832 0.430993
-2.90248 0.430993
-2.89664 0.430993
-2.8908 0.430993
-2.88496 0.430993
-2.87912 0.430993
-2.87328 0.430993
-2.86744 0.430993
-2.8616 0.430993
-2.85576 0.430993
-2.84992 0.430993
-2.84408 0.430993
-2.83824 0.430993
-2.8324 0.430993
-2.82656 0.430993
-2.82072 0.430993
-2.81488 0.430993
-2.80904 0.430993
-2.8032 0.430993
-2.79736 0.430993
-2.79152 0.430993
-2.78568 0.430993
-2.77984 0.430993
-2.774 0.430993
-2.76816 0.430993
-2.76232 0.430993
-2.75648 0.430993
-2.75064 0.430993
-2.7448 0.430993
-2.73896 0.430993
-2.73312 0.430993
-2.72728 0.430993
-2.72144 0.430993
-2.7156 0.430993
-2.70976 0.430993
-2.70392 0.430993
-2.69808 0.430993
-2.69224 0.430993
-2.6864 0.430993
-2.68056 0.430993
-2.67472 0.430993
-2.66888 0.430993
-2.66304 0.430993
-2.6572 0.430993
-2.65136 0.430993
-2.64552 0.430993
-2.63968 0.430993
-2.63384 0.430993
-2.628 0.430993
-2.62216 0.430993
-2.61632 0.430993
-2.61048 0.430993
-2.60464 0.430993
-2.5988 0.430993
-2.59296 0.430596
-2.58712 0.429936
-2.58128 0.429189
-2.57544 0.42835
-2.5696 0.427376
-2.56376 0.426313
-2.55792 0.425164
-2.55208 0.423924
-2.54624 0.422685
-2.5404 0.42136
-2.53456 0.419903
-2.52872 0.418355
-2.52288 0.416764
-2.51704 0.415086
-2.5112 0.413277
-2.50536 0.411512
-2.49952 0.410071
-2.49368 0.408379
-2.48784 0.407384
-2.482 0.406475
-2.47616 0.404452
-2.47032 0.404269
-2.46448 0.402564
-2.45864 0.401848
-2.4528 0.399475
-2.44696 0.399583
-2.44112 0.398898
-2.43528 0.397346
-2.42944 0.396011
-2.4236 0.395408
-2.41776 0.394792
-2.41192 0.392912
-2.40608 0.393386
-2.40024 0.391962
-2.3944 0.390913
-2.38856 0.391555
-2.38272 0.388587
-2.37688 0.38807
-2.37104 0.388238
-2.3652 0.38789
-2.35936 0.386294
-2.35352 0.386278
-2.34768 0.385585
-2.34184 0.385198
-2.336 0.382569
-2.33016 0.382812
-2.32432 0.382224
-2.31848 0.379247
-2.31264 0.378216
-2.3068 0.376534
-2.30096 0.376014
-2.29512 0.374881
-2.28928 0.372464
-2.28344 0.369807
-2.2776 0.369465
-2.27176 0.367322
-2.26592 0.366834
-2.26008 0.364087
-2.25424 0.362229
-2.2484 0.359839
-2.24256 0.358707
-2.23672 0.355449
-2.23088 0.35756
-2.22504 0.350586
-2.2192 0.35239
-2.21336 0.349316
-2.20752 0.34715
-2.20168 0.345857
-2.19584 0.34282
-2.19 0.3421
-2.18416 0.340447
-2.17832 0.337095
-2.17248 0.33507
-2.16664 0.333498
-2.1608 0.331267
-2.15496 0.329775
-2.14912 0.327872
-2.14328 0.325895
-2.13744 0.323766
-2.1316 0.319918
-2.12576 0.318027
-2.11992 0.315717
-2.11408 0.311446
-2.10824 0.310657
-2.1024 0.306636
-2.09656 0.307447
-2.09072 0.301819
-2.08488 0.301833
-2.07904 0.299499
-2.0732 0.296318
-2.06736 0.295261
-2.06152 0.294256
-2.05568 0.288869
-2.04984 0.288932
-2.044 0.284546
-2.03816 0.283336
-2.03232 0.28068
-2.02648 0.276561
-2.02064 0.276613
-2.0148 0.272952
-2.00896 0.271595
-2.00312 0.274818
-1.99728 0.270605
-1.99144 0.269825
-1.9856 0.272342
-1.97976 0.271663
-1.97392 0.268569
-1.96808 0.268561
-1.96224 0.267795
-1.9564 0.267224
-1.95056 0.265557
-1.94472 0.263607
-1.93888 0.261021
-1.93304 0.261348
-1.9272 0.258321
-1.92136 0.25487
-1.91552 0.254149
-1.90968 0.249923
-1.90384 0.254607
-1.898 0.2546
-1.89216 0.250707
-1.88632 0.244993
-1.88048 0.245174
-1.87464 0.24452
-1.8688 0.241094
-1.86296 0.243199
-1.85712 0.241365
-1.85128 0.235294
-1.84544 0.238086
-1.8396 0.240946
-1.83376 0.236921
-1.82792 0.235557
-1.82208 0.236107
-1.81624 0.234848
-1.8104 0.234493
-1.80456 0.231736
-1.79872 0.235197
-1.79288 0.231516
-1.78704 0.232006
-1.7812 0.229733
-1.77536 0.231877
-1.76952 0.232566
-1.76368 0.230721
-1.75784 0.230226
-1.752 0.231386
-1.74616 0.229502
-1.74032 0.228505
-1.73448 0.227596
-1.72864 0.228394
-1.7228 0.230163
-1.71696 0.230738
-1.71112 0.232078
-1.70528 0.231004
-1.69944 0.231631
-1.6936 0.232136
-1.68776 0.231442
-1.68192 0.232002
-1.67608 0.231442
-1.67024 0.228626
-1.6644 0.228749
-1.65856 0.227977
-1.65272 0.230421
-1.64688 0.22833
-1.64104 0.230223
-1.6352 0.228388
-1.62936 0.229766
-1.62352 0.231484
-1.61768 0.230732
-1.61184 0.230209
-1.606 0.23462
-1.60016 0.237196
-1.59432 0.238143
-1.58848 0.241585
-1.58264 0.241229
-1.5768 0.240887
-1.57096 0.241689
-1.56512 0.247924
-1.55928 0.245888
-1.55344 0.248819
-1.5476 0.253811
-1.54176 0.257579
-1.53592 0.258254
-1.53008 0.260379
-1.52424 0.262063
-1.5184 0.266156
-1.51256 0.265745
-1.50672 0.27259
-1.50088 0.279347
-1.49504 0.273228
-1.4892 0.279916
-1.48336 0.280613
-1.47752 0.278952
-1.47168 0.28736
-1.46584 0.283171
-1.46 0.290624
-1.45416 0.288084
-1.44832 0.292903
-1.44248 0.293751
-1.43664 0.296522
-1.4308 0.297687
-1.42496 0.30673
-1.41912 0.304064
-1.41328 0.300689
-1.40744 0.310062
-1.4016 0.315463
-1.39576 0.314588
-1.38992 0.319568
-1.38408 0.31934
-1.37824 0.32387
-1.3724 0.324352
-1.36656 0.325669
-1.36072 0.330026
-1.35488 0.327473
-1.34904 0.328692
-1.3432 0.335902
-1.33736 0.339715
-1.33152 0.343147
-1.32568 0.344351
-1.31984 0.347448
-1.314 0.352677
-1.30816 0.347212
-1.30232 0.357517
-1.29648 0.355985
-1.29064 0.36232
-1.2848 0.361088
-1.27896 0.367981
-1.27312 0.369103
-1.26728 0.367582
-1.26144 0.368801
-1.2556 0.374773
-1.24976 0.37341
-1.24392 0.376816
-1.23808 0.380437
-1.23224 0.383093
-1.2264 0.382864
-1.22056 0.383154
-1.21472 0.387099
-1.20888 0.387158
-1.20304 0.391574
-1.1972 0.39585
-1.19136 0.393963
-1.18552 0.401453
-1.17968 0.401162
-1.17384 0.400414
-1.168 0.407275
-1.16216 0.40922
-1.15632 0.408395
-1.15048 0.410071
-1.14464 0.410251
-1.1388 0.409813
-1.13296 0.411513
-1.12712 0.415702
-1.12128 0.414227
-1.11544 0.417792
-1.1096 0.423619
-1.10376 0.425061
-1.09792 0.424999
-1.09208 0.4225
-1.08624 0.424969
-1.0804 0.429076
-1.07456 0.426708
-1.06872 0.430331
-1.06288 0.438044
-1.05704 0.431613
-1.0512 0.433913
-1.04536 0.432501
-1.03952 0.4289
-1.03368 0.433366
-1.02784 0.428709
-1.022 0.428318
-1.01616 0.42796
-1.01032 0.429098
-1.00448 0.426514
-0.99864 0.425465
-0.9928 0.424367
-0.98696 0.426199
-0.98112 0.423053
-0.97528 0.41809
-0.96944 0.422188
-0.9636 0.423927
-0.95776 0.422001
-0.95192 0.423045
-0.94608 0.420553
-0.94024 0.422003
-0.9344 0.417562
-0.92856 0.416966
-0.92272 0.415209
-0.91688 0.411559
-0.91104 0.410804
-0.9052 0.41116
-0.89936 0.413625
-0.89352 0.413863
-0.88768 0.411609
-0.88184 0.413801
-0.876 0.411881
-0.87016 0.408004
-0.86432 0.410895
-0.85848 0.410038
-0.85264 0.411568
-0.8468 0.40709
-0.84096 0.40949
-0.83512 0.409429
-0.82928 0.404686
-0.82344 0.403747
-0.8176 0.404503
-0.81176 0.401583
-0.80592 0.403393
-0.80008 0.400371
-0.79424 0.401478
-0.7884 0.400543
-0.78256 0.401211
-0.77672 0.400556
-0.77088 0.399758
-0.76504 0.40071
-0.7592 0.40038
-0.75336 0.398778
-0.74752 0.399816
-0.74168 0.399067
-0.73584 0.399975
-0.73 0.401256
-0.72416 0.401127
-0.71832 0.401354
-0.71248 0.401015
-0.70664 0.401578
-0.7008 0.402162
-0.69496 0.402623
-0.68912 0.402743
-0.68328 0.404187
-0.67744 0.407692
-0.6716 0.40904
-0.66576 0.410224
-0.65992 0.410588
-0.65408 0.411046
-0.64824 0.411554
-0.6424 0.413771
-0.63656 0.414312
-0.63072 0.41451
-0.62488 0.414748
-0.61904 0.414258
-0.6132 0.413526
-0.60736 0.412657
-0.60152 0.412922
-0.59568 0.412922
-0.58984 0.412922
-0.584 0.412922
-0.57816 0.412922
-0.57232 0.412922
-0.56648 0.412922
-0.56064 0.412922
-0.5548 0.412922
-0.54896 0.412922
-0.54312 0.412922
-0.53728 0.412922
-0.53144 0.412922
-0.5256 0.412922
-0.51976 0.412922
-0.51392 0.412922
-0.50808 0.412922
-0.50224 0.412922
-0.4964 0.412922
-0.49056 0.412922
-0.48472 0.412922
-0.47888 0.412922
-0.47304 0.412922
-0.4672 0.412922
-0.46136 0.412922
-0.45552 0.412922
-0.44968 0.412922
-0.44384 0.412922
-0.438 0.412922
-0.43216 0.412922
-0.42632 0.412922
-0.42048 0.412922
-0.41464 0.412922
-0.4088 0.412922
-0.40296 0.412922
-0.39712 0.412922
-0.39128 0.412922
-0.38544 0.412922
-0.3796 0.412922
-0.37376 0.412922
-0.36792 0.412922
-0.36208 0.412922
-0.35624 0.412922
-0.3504 0.412922
-0.34456 0.412922
-0.33872 0.412922
-0.33288 0.412922
-0.32704 0.412922
-0.3212 0.412922
-0.31536 0.412922
-0.30952 0.412922
-0.30368 0.412922
-0.29784 0.412922
-0.292 0.412922
-0.28616 0.412922
-0.28032 0.412922
-0.27448 0.412922
-0.26864 0.412922
-0.2628 0.412922
-0.25696 0.412922
-0.25112 0.412922
-0.24528 0.412922
-0.23944 0.412922
-0.2336 0.412922
-0.22776 0.412922
-0.22192 0.412922
-0.21608 0.412922
-0.21024 0.412922
-0.2044 0.412922
-0.19856 0.412922
-0.19272 0.412922
-0.18688 0.412922
-0.18104 0.412922
-0.1752 0.412922
-0.16936 0.412922
-0.16352 0.412922
-0.15768 0.412922
-0.15184 0.412922
-0.146 0.412922
-0.14016 0.412922
-0.13432 0.412922
-0.12848 0.412922
-0.12264 0.412922
-0.1168 0.412922
-0.11096 0.412922
-0.10512 0.412922
-0.09928 0.412922
-0.09344 0.412922
-0.0876 0.412922
-0.08176 0.412922
-0.07592 0.412922
-0.07008 0.412922
-0.06424 0.412922
-0.0584 0.412922
-0.05256 0.412922
-0.04672 0.412922
-0.04088 0.412922
-0.03504 0.412922
-0.0292 0.412922
-0.02336 0.412922
-0.01752 0.412922
-0.01168 0.412922
-0.00584 0.412922
