-2.92 0.518836
-2.91416 0.518836
-2.90832 0.518836
-2.90248 0.518836
-2.89664 0.518836
-2.8908 0.518836
-2.88496 0.518836
-2.87912 0.518836
-2.87328 0.518836
-2.86744 0.518836
-2.8616 0.518836
-2.85576 0.518836
-2.84992 0.518836
-2.84408 0.518836
-2.83824 0.518836
-2.8324 0.518836
-2.82656 0.518836
-2.82072 0.518836
-2.81488 0.518836
-2.80904 0.518836
-2.8032 0.518836
-2.79736 0.518836
-2.79152 0.518836
-2.78568 0.518836
-2.77984 0.518836
-2.774 0.518836
-2.76816 0.518836
-2.76232 0.518836
-2.75648 0.518836
-2.75064 0.518836
-2.7448 0.518836
-2.73896 0.518836
-2.73312 0.518836
-2.72728 0.518836
-2.72144 0.518836
-2.7156 0.518836
-2.70976 0.518836
-2.70392 0.518836
-2.69808 0.518836
-2.69224 0.518836
-2.6864 0.518836
-2.68056 0.518836
-2.67472 0.518836
-2.66888 0.518836
-2.66304 0.518836
-2.6572 0.518836
-2.65136 0.518836
-2.64552 0.518836
-2.63968 0.518836
-2.63384 0.518836
-2.628 0.518836
-2.62216 0.518836
-2.61632 0.518836
-2.61048 0.518836
-2.60464 0.518836
-2.5988 0.518836
-2.59296 0.518352
-2.58712 0.517648
-2.58128 0.516901
-2.57544 0.515975
-2.5696 0.514871
-2.56376 0.513591
-2.55792 0.512224
-2.55208 0.510812
-2.54624 0.509311
-2.5404 0.507593
-2.53456 0.505827
-2.52872 0.503937
-2.52288 0.50209
-2.51704 0.500118
-2.5112 0.498013
-2.50536 0.495952
-2.49952 0.494258
-2.49368 0.492974
-2.48784 0.491352
-2.482 0.490607
-2.47616 0.488895
-2.47032 0.488166
-2.46448 0.48645
-2.45864 0.485933
-2.4528 0.484956
-2.44696 0.484972
-2.44112 0.482264
-2.43528 0.481482
-2.42944 0.48039
-2.4236 0.47847
-2.41776 0.478799
-2.41192 0.47885
-2.40608 0.47523
-2.40024 0.475029
-2.3944 0.475137
-2.38856 0.473163
-2.38272 0.470569
-2.37688 0.470365
-2.37104 0.469332
-2.3652 0.469569
-2.35936 0.466205
-2.35352 0.466389
-2.34768 0.463973
-2.34184 0.462483
-2.336 0.461837
-2.33016 0.461922
-2.32432 0.460473
-2.31848 0.45971
-2.31264 0.458002
-2.3068 0.458179
-2.30096 0.45461
-2.29512 0.454709
-2.28928 0.454844
-2.28344 0.453882
-2.2776 0.452777
-2.27176 0.452553
-2.26592 0.450625
-2.26008 0.449838
-2.25424 0.450547
-2.2484 0.448405
-2.24256 0.446195
-2.23672 0.44661
-2.23088 0.446279
-2.22504 0.444856
-2.2192 0.440639
-2.21336 0.442503
-2.20752 0.439167
-2.20168 0.438421
-2.19584 0.4376
-2.19 0.43077
-2.18416 0.431429
-2.17832 0.431056
-2.17248 0.429286
-2.16664 0.427584
-2.1608 0.424284
-2.15496 0.422754
-2.14912 0.421339
-2.14328 0.416606
-2.13744 0.412097
-2.1316 0.411195
-2.12576 0.411448
-2.11992 0.408454
-2.11408 0.408614
-2.10824 0.402002
-2.1024 0.399997
-2.09656 0.397849
-2.09072 0.393888
-2.08488 0.394231
-2.07904 0.395674
-2.0732 0.389351
-2.06736 0.386229
-2.06152 0.382434
-2.05568 0.378181
-2.04984 0.377841
-2.044 0.376907
-2.03816 0.371517
-2.03232 0.370454
-2.02648 0.371544
-2.02064 0.36509
-2.0148 0.366141
-2.00896 0.36108
-2.00312 0.362191
-1.99728 0.359576
-1.99144 0.360058
-1.9856 0.357078
-1.97976 0.359064
-1.97392 0.354931
-1.96808 0.352453
-1.96224 0.357002
-1.9564 0.355144
-1.95056 0.352205
-1.94472 0.34852
-1.93888 0.344981
-1.93304 0.345874
-1.9272 0.342593
-1.92136 0.34175
-1.91552 0.338991
-1.90968 0.334643
-1.90384 0.327817
-1.898 0.331716
-1.89216 0.329225
-1.88632 0.327031
-1.88048 0.321073
-1.87464 0.319589
-1.8688 0.318419
-1.86296 0.317427
-1.85712 0.312593
-1.85128 0.311797
-1.84544 0.311543
-1.8396 0.306241
-1.83376 0.306698
-1.82792 0.308541
-1.82208 0.306704
-1.81624 0.307925
-1.8104 0.304099
-1.80456 0.301126
-1.79872 0.300109
-1.79288 0.300597
-1.78704 0.299572
-1.7812 0.294516
-1.77536 0.294771
-1.76952 0.294963
-1.76368 0.292888
-1.75784 0.293693
-1.752 0.290752
-1.74616 0.291179
-1.74032 0.292354
-1.73448 0.29484
-1.72864 0.291184
-1.7228 0.290654
-1.71696 0.291579
-1.71112 0.293789
-1.70528 0.291398
-1.69944 0.287448
-1.6936 0.286063
-1.68776 0.288571
-1.68192 0.285725
-1.67608 0.285385
-1.67024 0.280929
-1.6644 0.279167
-1.65856 0.276068
-1.65272 0.2744
-1.64688 0.276081
-1.64104 0.276759
-1.6352 0.271454
-1.62936 0.268736
-1.62352 0.264731
-1.61768 0.267164
-1.61184 0.263349
-1.606 0.27286
-1.60016 0.265371
-1.59432 0.269986
-1.58848 0.267364
-1.58264 0.268003
-1.5768 0.270376
-1.57096 0.271025
-1.56512 0.270295
-1.55928 0.271033
-1.55344 0.276794
-1.5476 0.274995
-1.54176 0.276619
-1.53592 0.276199
-1.53008 0.279633
-1.52424 0.278053
-1.5184 0.281027
-1.51256 0.282265
-1.50672 0.283295
-1.50088 0.284415
-1.49504 0.284845
-1.4892 0.290697
-1.48336 0.290698
-1.47752 0.290432
-1.47168 0.296787
-1.46584 0.289619
-1.46 0.296799
-1.45416 0.299009
-1.44832 0.305134
-1.44248 0.304909
-1.43664 0.30653
-1.4308 0.309028
-1.42496 0.313348
-1.41912 0.308841
-1.41328 0.314637
-1.40744 0.316559
-1.4016 0.31568
-1.39576 0.322484
-1.38992 0.321554
-1.38408 0.329077
-1.37824 0.32926
-1.3724 0.329095
-1.36656 0.333159
-1.36072 0.332488
-1.35488 0.332702
-1.34904 0.332239
-1.3432 0.333308
-1.33736 0.339281
-1.33152 0.344188
-1.32568 0.349195
-1.31984 0.347137
-1.314 0.353124
-1.30816 0.349182
-1.30232 0.356453
-1.29648 0.361305
-1.29064 0.359463
-1.2848 0.362006
-1.27896 0.36431
-1.27312 0.36612
-1.26728 0.369553
-1.26144 0.366739
-1.2556 0.367332
-1.24976 0.374524
-1.24392 0.37549
-1.23808 0.374036
-1.23224 0.378466
-1.2264 0.382311
-1.22056 0.382268
-1.21472 0.382449
-1.20888 0.387224
-1.20304 0.391505
-1.1972 0.389067
-1.19136 0.392068
-1.18552 0.391544
-1.17968 0.394259
-1.17384 0.39882
-1.168 0.402736
-1.16216 0.399838
-1.15632 0.405072
-1.15048 0.403404
-1.14464 0.403058
-1.1388 0.405127
-1.13296 0.40733
-1.12712 0.405762
-1.12128 0.411287
-1.11544 0.418257
-1.1096 0.418737
-1.10376 0.416816
-1.09792 0.417079
-1.09208 0.417222
-1.08624 0.418724
-1.0804 0.420296
-1.07456 0.421457
-1.06872 0.423023
-1.06288 0.422426
-1.05704 0.423077
-1.0512 0.426642
-1.04536 0.424449
-1.03952 0.42238
-1.03368 0.42802
-1.02784 0.417763
-1.022 0.423472
-1.01616 0.420943
-1.01032 0.422609
-1.00448 0.420397
-0.99864 0.419971
-0.9928 0.418364
-0.98696 0.41893
-0.98112 0.414504
-0.97528 0.417625
-0.96944 0.413174
-0.9636 0.413508
-0.95776 0.415694
-0.95192 0.412186
-0.94608 0.41492
-0.94024 0.412509
-0.9344 0.410985
-0.92856 0.41123
-0.92272 0.407276
-0.91688 0.407022
-0.91104 0.402702
-0.9052 0.403223
-0.89936 0.405583
-0.89352 0.406835
-0.88768 0.407992
-0.88184 0.404946
-0.876 0.406475
-0.87016 0.400691
-0.86432 0.404182
-0.85848 0.404042
-0.85264 0.402502
-0.8468 0.402509
-0.84096 0.402214
-0.83512 0.40136
-0.82928 0.401325
-0.82344 0.395654
-0.8176 0.397582
-0.81176 0.396641
-0.80592 0.39679
-0.80008 0.396272
-0.79424 0.394198
-0.7884 0.395364
-0.78256 0.394275
-0.77672 0.394069
-0.77088 0.391977
-0.76504 0.393982
-0.7592 0.393317
-0.75336 0.393209
-0.74752 0.393315
-0.74168 0.393489
-0.73584 0.394113
-0.73 0.394341
-0.72416 0.395213
-0.71832 0.395597
-0.71248 0.395698
-0.70664 0.395817
-0.7008 0.396649
-0.69496 0.397449
-0.68912 0.398063
-0.68328 0.39901
-0.67744 0.403568
-0.6716 0.404633
-0.66576 0.405586
-0.65992 0.405857
-0.65408 0.405735
-0.64824 0.406879
-0.6424 0.409277
-0.63656 0.410196
-0.63072 0.411367
-0.62488 0.410856
-0.61904 0.410292
-0.6132 0.409899
-0.60736 0.408912
-0.60152 0.409435
-0.59568 0.409435
-0.58984 0.409435
-0.584 0.409435
-0.57816 0.409435
-0.57232 0.409435
-0.56648 0.409435
-0.56064 0.409435
-0.5548 0.409435
-0.54896 0.409435
-0.54312 0.409435
-0.53728 0.409435
-0.53144 0.409435
-0.5256 0.409435
-0.51976 0.409435
-0.51392 0.409435
-0.50808 0.409435
-0.50224 0.409435
-0.4964 0.409435
-0.49056 0.409435
-0.48472 0.409435
-0.47888 0.409435
-0.47304 0.409435
-0.4672 0.409435
-0.46136 0.409435
-0.45552 0.409435
-0.44968 0.409435
-0.44384 0.409435
-0.438 0.409435
-0.43216 0.409435
-0.42632 0.409435
-0.42048 0.409435
-0.41464 0.409435
-0.4088 0.409435
-0.40296 0.409435
-0.39712 0.409435
-0.39128 0.409435
-0.38544 0.409435
-0.3796 0.409435
-0.37376 0.409435
-0.36792 0.409435
-0.36208 0.409435
-0.35624 0.409435
-0.3504 0.409435
-0.34456 0.409435
-0.33872 0.409435
-0.33288 0.409435
-0.32704 0.409435
-0.3212 0.409435
-0.31536 0.409435
-0.30952 0.409435
-0.30368 0.409435
-0.29784 0.409435
-0.292 0.409435
-0.28616 0.409435
-0.28032 0.409435
-0.27448 0.409435
-0.26864 0.409435
-0.2628 0.409435
-0.25696 0.409435
-0.25112 0.409435
-0.24528 0.409435
-0.23944 0.409435
-0.2336 0.409435
-0.22776 0.409435
-0.22192 0.409435
-0.21608 0.409435
-0.21024 0.409435
-0.2044 0.409435
-0.19856 0.409435
-0.19272 0.409435
-0.18688 0.409435
-0.18104 0.409435
-0.1752 0.409435
-0.16936 0.409435
-0.16352 0.409435
-0.15768 0.409435
-0.15184 0.409435
-0.146 0.409435
-0.14016 0.409435
-0.13432 0.409435
-0.12848 0.409435
-0.12264 0.409435
-0.1168 0.409435
-0.11096 0.409435
-0.10512 0.409435
-0.09928 0.409435
-0.09344 0.409435
-0.0876 0.409435
-0.08176 0.409435
-0.07592 0.409435
-0.07008 0.409435
-0.06424 0.409435
-0.0584 0.409435
-0.05256 0.409435
-0.04672 0.409435
-0.04088 0.409435
-0.03504 0.409435
-0.0292 0.409435
-0.02336 0.409435
-0.01752 0.409435
-0.01168 0.409435
-0.00584 0.409435
