-2.92 0.512432
-2.91416 0.512432
-2.90832 0.512432
-2.90248 0.512432
-2.89664 0.512432
-2.8908 0.512432
-2.88496 0.512432
-2.87912 0.512432
-2.87328 0.512432
-2.86744 0.512432
-2.8616 0.512432
-2.85576 0.512432
-2.84992 0.512432
-2.84408 0.512432
-2.83824 0.512432
-2.8324 0.512432
-2.82656 0.512432
-2.82072 0.512432
-2.81488 0.512432
-2.80904 0.512432
-2.8032 0.512432
-2.79736 0.512432
-2.79152 0.512432
-2.78568 0.512432
-2.77984 0.512432
-2.774 0.512432
-2.76816 0.512432
-2.76232 0.512432
-2.75648 0.512432
-2.75064 0.512432
-2.7448 0.512432
-2.73896 0.512432
-2.73312 0.512432
-2.72728 0.512432
-2.72144 0.512432
-2.7156 0.512432
-2.70976 0.512432
-2.70392 0.512432
-2.69808 0.512432
-2.69224 0.512432
-2.6864 0.512432
-2.68056 0.512432
-2.67472 0.512432
-2.66888 0.512432
-2.66304 0.512432
-2.6572 0.512432
-2.65136 0.512432
-2.64552 0.512432
-2.63968 0.512432
-2.63384 0.512432
-2.628 0.512432
-2.62216 0.512432
-2.61632 0.512432
-2.61048 0.512432
-2.60464 0.512432
-2.5988 0.512432
-2.59296 0.511592
-2.58712 0.510529
-2.58128 0.509421
-2.57544 0.508223
-2.5696 0.506935
-2.56376 0.505471
-2.55792 0.503918
-2.55208 0.50241
-2.54624 0.500813
-2.5404 0.499215
-2.53456 0.497572
-2.52872 0.495883
-2.52288 0.494111
-2.51704 0.492203
-2.5112 0.490251
-2.50536 0.488209
-2.49952 0.486663
-2.49368 0.485489
-2.48784 0.484276
-2.482 0.483192
-2.47616 0.482331
-2.47032 0.48187
-2.46448 0.479891
-2.45864 0.479391
-2.4528 0.47827
-2.44696 0.477689
-2.44112 0.476441
-2.43528 0.476512
-2.42944 0.475834
-2.4236 0.473956
-2.41776 0.475019
-2.41192 0.473672
-2.40608 0.472313
-2.40024 0.471991
-2.3944 0.47175
-2.38856 0.470209
-2.38272 0.470848
-2.37688 0.469294
-2.37104 0.4673
-2.3652 0.469677
-2.35936 0.467964
-2.35352 0.46824
-2.34768 0.466979
-2.34184 0.465177
-2.336 0.465329
-2.33016 0.466224
-2.32432 0.464856
-2.31848 0.462744
-2.31264 0.463533
-2.3068 0.463076
-2.30096 0.463377
-2.29512 0.460754
-2.28928 0.458974
-2.28344 0.460389
-2.2776 0.460779
-2.27176 0.460806
-2.26592 0.458858
-2.26008 0.459209
-2.25424 0.4576
-2.2484 0.461369
-2.24256 0.458372
-2.23672 0.458048
-2.23088 0.457019
-2.22504 0.456692
-2.2192 0.454729
-2.21336 0.454489
-2.20752 0.456604
-2.20168 0.454433
-2.19584 0.451871
-2.19 0.450274
-2.18416 0.454459
-2.17832 0.449742
-2.17248 0.450431
-2.16664 0.44852
-2.1608 0.450532
-2.15496 0.448671
-2.14912 0.447423
-2.14328 0.450085
-2.13744 0.444788
-2.1316 0.450073
-2.12576 0.446821
-2.11992 0.44569
-2.11408 0.447608
-2.10824 0.446259
-2.1024 0.447394
-2.09656 0.445327
-2.09072 0.44092
-2.08488 0.444461
-2.07904 0.442127
-2.0732 0.444329
-2.06736 0.441922
-2.06152 0.44261
-2.05568 0.444916
-2.04984 0.440805
-2.044 0.441045
-2.03816 0.44128
-2.03232 0.441841
-2.02648 0.444358
-2.02064 0.442425
-2.0148 0.443272
-2.00896 0.44112
-2.00312 0.443754
-1.99728 0.439848
-1.99144 0.44176
-1.9856 0.443565
-1.97976 0.443537
-1.97392 0.441945
-1.96808 0.439495
-1.96224 0.440502
-1.9564 0.441998
-1.95056 0.437172
-1.94472 0.434748
-1.93888 0.427356
-1.93304 0.4272
-1.9272 0.424909
-1.92136 0.421034
-1.91552 0.417198
-1.90968 0.411604
-1.90384 0.40887
-1.898 0.405468
-1.89216 0.406327
-1.88632 0.395623
-1.88048 0.394536
-1.87464 0.392162
-1.8688 0.387505
-1.86296 0.381361
-1.85712 0.380443
-1.85128 0.373195
-1.84544 0.365149
-1.8396 0.366013
-1.83376 0.3639
-1.82792 0.359861
-1.82208 0.358392
-1.81624 0.349729
-1.8104 0.344523
-1.80456 0.341159
-1.79872 0.335596
-1.79288 0.328334
-1.78704 0.328147
-1.7812 0.322792
-1.77536 0.317436
-1.76952 0.316693
-1.76368 0.312664
-1.75784 0.307045
-1.752 0.300583
-1.74616 0.294738
-1.74032 0.293361
-1.73448 0.285641
-1.72864 0.283715
-1.7228 0.277618
-1.71696 0.274067
-1.71112 0.268994
-1.70528 0.265488
-1.69944 0.264515
-1.6936 0.261974
-1.68776 0.257314
-1.68192 0.252069
-1.67608 0.249836
-1.67024 0.246794
-1.6644 0.246606
-1.65856 0.242398
-1.65272 0.239291
-1.64688 0.24143
-1.64104 0.237484
-1.6352 0.233959
-1.62936 0.230705
-1.62352 0.232858
-1.61768 0.231768
-1.61184 0.227282
-1.606 0.231826
-1.60016 0.230346
-1.59432 0.231124
-1.58848 0.231062
-1.58264 0.228376
-1.5768 0.228348
-1.57096 0.229939
-1.56512 0.232472
-1.55928 0.231787
-1.55344 0.227915
-1.5476 0.234789
-1.54176 0.23309
-1.53592 0.233894
-1.53008 0.228541
-1.52424 0.23265
-1.5184 0.231293
-1.51256 0.231738
-1.50672 0.230073
-1.50088 0.231229
-1.49504 0.228558
-1.4892 0.237234
-1.48336 0.228846
-1.47752 0.234828
-1.47168 0.231683
-1.46584 0.236796
-1.46 0.234647
-1.45416 0.238844
-1.44832 0.241997
-1.44248 0.237083
-1.43664 0.2371
-1.4308 0.237821
-1.42496 0.236577
-1.41912 0.241184
-1.41328 0.241812
-1.40744 0.241681
-1.4016 0.242712
-1.39576 0.243366
-1.38992 0.244805
-1.38408 0.249327
-1.37824 0.243188
-1.3724 0.243056
-1.36656 0.246239
-1.36072 0.246809
-1.35488 0.244707
-1.34904 0.244988
-1.3432 0.246465
-1.33736 0.242907
-1.33152 0.244168
-1.32568 0.248087
-1.31984 0.249849
-1.314 0.248684
-1.30816 0.246844
-1.30232 0.249032
-1.29648 0.24584
-1.29064 0.249789
-1.2848 0.24818
-1.27896 0.247429
-1.27312 0.250614
-1.26728 0.253505
-1.26144 0.253453
-1.2556 0.253391
-1.24976 0.255339
-1.24392 0.257654
-1.23808 0.26134
-1.23224 0.26089
-1.2264 0.263236
-1.22056 0.263993
-1.21472 0.268014
-1.20888 0.267148
-1.20304 0.265768
-1.1972 0.266582
-1.19136 0.266864
-1.18552 0.266823
-1.17968 0.270165
-1.17384 0.271504
-1.168 0.27336
-1.16216 0.272588
-1.15632 0.274338
-1.15048 0.271627
-1.14464 0.277805
-1.1388 0.275292
-1.13296 0.278828
-1.12712 0.277918
-1.12128 0.284277
-1.11544 0.284806
-1.1096 0.290511
-1.10376 0.291888
-1.09792 0.296901
-1.09208 0.293962
-1.08624 0.298846
-1.0804 0.297691
-1.07456 0.303123
-1.06872 0.304155
-1.06288 0.307907
-1.05704 0.307016
-1.0512 0.317849
-1.04536 0.31594
-1.03952 0.318902
-1.03368 0.322322
-1.02784 0.328198
-1.022 0.329632
-1.01616 0.333291
-1.01032 0.336535
-1.00448 0.337335
-0.99864 0.339592
-0.9928 0.339955
-0.98696 0.343592
-0.98112 0.347958
-0.97528 0.348253
-0.96944 0.35041
-0.9636 0.353788
-0.95776 0.355354
-0.95192 0.358534
-0.94608 0.361057
-0.94024 0.36128
-0.9344 0.364438
-0.92856 0.3676
-0.92272 0.371362
-0.91688 0.368385
-0.91104 0.370477
-0.9052 0.372559
-0.89936 0.373652
-0.89352 0.376026
-0.88768 0.380665
-0.88184 0.381973
-0.876 0.381575
-0.87016 0.387732
-0.86432 0.387791
-0.85848 0.388315
-0.85264 0.390158
-0.8468 0.392075
-0.84096 0.394824
-0.83512 0.397084
-0.82928 0.401279
-0.82344 0.401306
-0.8176 0.405818
-0.81176 0.408445
-0.80592 0.411855
-0.80008 0.413672
-0.79424 0.415197
-0.7884 0.418163
-0.78256 0.419646
-0.77672 0.421775
-0.77088 0.424036
-0.76504 0.424471
-0.7592 0.426559
-0.75336 0.428449
-0.74752 0.429428
-0.74168 0.430373
-0.73584 0.432393
-0.73 0.433528
-0.72416 0.43245
-0.71832 0.433064
-0.71248 0.431342
-0.70664 0.431914
-0.7008 0.429046
-0.69496 0.428697
-0.68912 0.429002
-0.68328 0.428365
-0.67744 0.428454
-0.6716 0.428386
-0.66576 0.428889
-0.65992 0.428396
-0.65408 0.428708
-0.64824 0.429087
-0.6424 0.427418
-0.63656 0.427457
-0.63072 0.428634
-0.62488 0.429554
-0.61904 0.430469
-0.6132 0.432301
-0.60736 0.432452
-0.60152 0.432386
-0.59568 0.432386
-0.58984 0.432386
-0.584 0.432386
-0.57816 0.432386
-0.57232 0.432386
-0.56648 0.432386
-0.56064 0.432386
-0.5548 0.432386
-0.54896 0.432386
-0.54312 0.432386
-0.53728 0.432386
-0.53144 0.432386
-0.5256 0.432386
-0.51976 0.432386
-0.51392 0.432386
-0.50808 0.432386
-0.50224 0.432386
-0.4964 0.432386
-0.49056 0.432386
-0.48472 0.432386
-0.47888 0.432386
-0.47304 0.432386
-0.4672 0.432386
-0.46136 0.432386
-0.45552 0.432386
-0.44968 0.432386
-0.44384 0.432386
-0.438 0.432386
-0.43216 0.432386
-0.42632 0.432386
-0.42048 0.432386
-0.41464 0.432386
-0.4088 0.432386
-0.40296 0.432386
-0.39712 0.432386
-0.39128 0.432386
-0.38544 0.432386
-0.3796 0.432386
-0.37376 0.432386
-0.36792 0.432386
-0.36208 0.432386
-0.35624 0.432386
-0.3504 0.432386
-0.34456 0.432386
-0.33872 0.432386
-0.33288 0.432386
-0.32704 0.432386
-0.3212 0.432386
-0.31536 0.432386
-0.30952 0.432386
-0.30368 0.432386
-0.29784 0.432386
-0.292 0.432386
-0.28616 0.432386
-0.28032 0.432386
-0.27448 0.432386
-0.26864 0.432386
-0.2628 0.432386
-0.25696 0.432386
-0.25112 0.432386
-0.24528 0.432386
-0.23944 0.432386
-0.2336 0.432386
-0.22776 0.432386
-0.22192 0.432386
-0.21608 0.432386
-0.21024 0.432386
-0.2044 0.432386
-0.19856 0.432386
-0.19272 0.432386
-0.18688 0.432386
-0.18104 0.432386
-0.1752 0.432386
-0.16936 0.432386
-0.16352 0.432386
-0.15768 0.432386
-0.15184 0.432386
-0.146 0.432386
-0.14016 0.432386
-0.13432 0.432386
-0.12848 0.432386
-0.12264 0.432386
-0.1168 0.432386
-0.11096 0.432386
-0.10512 0.432386
-0.09928 0.432386
-0.09344 0.432386
-0.0876 0.432386
-0.08176 0.432386
-0.07592 0.432386
-0.07008 0.432386
-0.06424 0.432386
-0.0584 0.432386
-0.05256 0.432386
-0.04672 0.432386
-0.04088 0.432386
-0.03504 0.432386
-0.0292 0.432386
-0.02336 0.432386
-0.01752 0.432386
-0.01168 0.432386
-0.00584 0.432386
