-2.92 0.454068
-2.91416 0.454068
-2.90832 0.454068
-2.90248 0.454068
-2.89664 0.454068
-2.8908 0.454068
-2.88496 0.454068
-2.87912 0.454068
-2.87328 0.454068
-2.86744 0.454068
-2.8616 0.454068
-2.85576 0.454068
-2.84992 0.454068
-2.84408 0.454068
-2.83824 0.454068
-2.8324 0.454068
-2.82656 0.454068
-2.82072 0.454068
-2.81488 0.454068
-2.80904 0.454068
-2.8032 0.454068
-2.79736 0.454068
-2.79152 0.454068
-2.78568 0.454068
-2.77984 0.454068
-2.774 0.454068
-2.76816 0.454068
-2.76232 0.454068
-2.75648 0.454068
-2.75064 0.454068
-2.7448 0.454068
-2.73896 0.454068
-2.73312 0.454068
-2.72728 0.454068
-2.72144 0.454068
-2.7156 0.454068
-2.70976 0.454068
-2.70392 0.454068
-2.69808 0.454068
-2.69224 0.454068
-2.6864 0.454068
-2.68056 0.454068
-2.67472 0.454068
-2.66888 0.454068
-2.66304 0.454068
-2.6572 0.454068
-2.65136 0.454068
-2.64552 0.454068
-2.63968 0.454068
-2.63384 0.454068
-2.628 0.454068
-2.62216 0.454068
-2.61632 0.454068
-2.61048 0.454068
-2.60464 0.454068
-2.5988 0.454068
-2.59296 0.453713
-2.58712 0.453092
-2.58128 0.452382
-2.57544 0.451627
-2.5696 0.450737
-2.56376 0.449714
-2.55792 0.448556
-2.55208 0.447443
-2.54624 0.446285
-2.5404 0.444948
-2.53456 0.443654
-2.52872 0.442272
-2.52288 0.440934
-2.51704 0.43942
-2.5112 0.437816
-2.50536 0.436125
-2.49952 0.434554
-2.49368 0.433151
-2.48784 0.431704
-2.482 0.430175
-2.47616 0.428801
-2.47032 0.427498
-2.46448 0.42607
-2.45864 0.42477
-2.4528 0.423705
-2.44696 0.423631
-2.44112 0.42199
-2.43528 0.420845
-2.42944 0.420851
-2.4236 0.419907
-2.41776 0.418754
-2.41192 0.418564
-2.40608 0.41861
-2.40024 0.418291
-2.3944 0.417694
-2.38856 0.41713
-2.38272 0.416343
-2.37688 0.416162
-2.37104 0.414548
-2.3652 0.416206
-2.35936 0.414474
-2.35352 0.413394
-2.34768 0.412065
-2.34184 0.414149
-2.336 0.414173
-2.33016 0.413438
-2.32432 0.412717
-2.31848 0.41219
-2.31264 0.412204
-2.3068 0.414072
-2.30096 0.413374
-2.29512 0.413474
-2.28928 0.410847
-2.28344 0.413286
-2.2776 0.413724
-2.27176 0.413304
-2.26592 0.413246
-2.26008 0.412619
-2.25424 0.411031
-2.2484 0.41317
-2.24256 0.411324
-2.23672 0.412215
-2.23088 0.41193
-2.22504 0.411177
-2.2192 0.414901
-2.21336 0.411543
-2.20752 0.411724
-2.20168 0.412033
-2.19584 0.413504
-2.19 0.41275
-2.18416 0.414097
-2.17832 0.411668
-2.17248 0.412973
-2.16664 0.410288
-2.1608 0.414345
-2.15496 0.411294
-2.14912 0.415345
-2.14328 0.413184
-2.13744 0.411732
-2.1316 0.41667
-2.12576 0.41233
-2.11992 0.417459
-2.11408 0.416585
-2.10824 0.412937
-2.1024 0.41396
-2.09656 0.416041
-2.09072 0.416129
-2.08488 0.41978
-2.07904 0.415186
-2.0732 0.416941
-2.06736 0.420637
-2.06152 0.417958
-2.05568 0.417018
-2.04984 0.416552
-2.044 0.419028
-2.03816 0.421275
-2.03232 0.420603
-2.02648 0.419967
-2.02064 0.416178
-2.0148 0.418656
-2.00896 0.422853
-2.00312 0.42372
-1.99728 0.418844
-1.99144 0.426747
-1.9856 0.422107
-1.97976 0.421178
-1.97392 0.425181
-1.96808 0.425688
-1.96224 0.426672
-1.9564 0.426809
-1.95056 0.4259
-1.94472 0.423409
-1.93888 0.420756
-1.93304 0.420468
-1.9272 0.418085
-1.92136 0.415433
-1.91552 0.413907
-1.90968 0.412644
-1.90384 0.415505
-1.898 0.410523
-1.89216 0.403555
-1.88632 0.406598
-1.88048 0.40186
-1.87464 0.398514
-1.8688 0.395222
-1.86296 0.395687
-1.85712 0.391853
-1.85128 0.37912
-1.84544 0.38333
-1.8396 0.385596
-1.83376 0.377234
-1.82792 0.377671
-1.82208 0.369905
-1.81624 0.366585
-1.8104 0.370174
-1.80456 0.359523
-1.79872 0.35573
-1.79288 0.351984
-1.78704 0.345594
-1.7812 0.343743
-1.77536 0.341108
-1.76952 0.33805
-1.76368 0.331836
-1.75784 0.327928
-1.752 0.325138
-1.74616 0.320574
-1.74032 0.314451
-1.73448 0.314527
-1.72864 0.309197
-1.7228 0.30185
-1.71696 0.300953
-1.71112 0.299355
-1.70528 0.299579
-1.69944 0.285877
-1.6936 0.290145
-1.68776 0.2837
-1.68192 0.280623
-1.67608 0.276423
-1.67024 0.271776
-1.6644 0.272985
-1.65856 0.266123
-1.65272 0.269034
-1.64688 0.264912
-1.64104 0.260592
-1.6352 0.264573
-1.62936 0.262754
-1.62352 0.261174
-1.61768 0.263417
-1.61184 0.256612
-1.606 0.258235
-1.60016 0.257764
-1.59432 0.257598
-1.58848 0.254931
-1.58264 0.254511
-1.5768 0.249591
-1.57096 0.250921
-1.56512 0.25209
-1.55928 0.246966
-1.55344 0.251369
-1.5476 0.251035
-1.54176 0.248146
-1.53592 0.247784
-1.53008 0.246557
-1.52424 0.249349
-1.5184 0.244841
-1.51256 0.242098
-1.50672 0.24653
-1.50088 0.239197
-1.49504 0.237842
-1.4892 0.244172
-1.48336 0.239374
-1.47752 0.243078
-1.47168 0.242417
-1.46584 0.240465
-1.46 0.239904
-1.45416 0.241017
-1.44832 0.243517
-1.44248 0.242723
-1.43664 0.241677
-1.4308 0.241119
-1.42496 0.241751
-1.41912 0.24321
-1.41328 0.23916
-1.40744 0.240529
-1.4016 0.240536
-1.39576 0.241698
-1.38992 0.241592
-1.38408 0.242008
-1.37824 0.241271
-1.3724 0.240958
-1.36656 0.237445
-1.36072 0.239468
-1.35488 0.23387
-1.34904 0.231819
-1.3432 0.234187
-1.33736 0.237501
-1.33152 0.235801
-1.32568 0.234343
-1.31984 0.237794
-1.314 0.23147
-1.30816 0.237137
-1.30232 0.233053
-1.29648 0.233569
-1.29064 0.235333
-1.2848 0.231877
-1.27896 0.233679
-1.27312 0.234716
-1.26728 0.236518
-1.26144 0.234024
-1.2556 0.235478
-1.24976 0.237323
-1.24392 0.241129
-1.23808 0.240866
-1.23224 0.242258
-1.2264 0.242132
-1.22056 0.240989
-1.21472 0.244892
-1.20888 0.242759
-1.20304 0.242097
-1.1972 0.24331
-1.19136 0.244082
-1.18552 0.245615
-1.17968 0.248467
-1.17384 0.245827
-1.168 0.246612
-1.16216 0.247951
-1.15632 0.252659
-1.15048 0.248764
-1.14464 0.250145
-1.1388 0.249803
-1.13296 0.254046
-1.12712 0.255311
-1.12128 0.258529
-1.11544 0.260564
-1.1096 0.266964
-1.10376 0.265954
-1.09792 0.267399
-1.09208 0.273338
-1.08624 0.277618
-1.0804 0.274808
-1.07456 0.275396
-1.06872 0.281658
-1.06288 0.28118
-1.05704 0.280876
-1.0512 0.288881
-1.04536 0.291131
-1.03952 0.293632
-1.03368 0.297279
-1.02784 0.298392
-1.022 0.301508
-1.01616 0.306619
-1.01032 0.308476
-1.00448 0.309327
-0.99864 0.311265
-0.9928 0.313497
-0.98696 0.314303
-0.98112 0.319582
-0.97528 0.319776
-0.96944 0.322234
-0.9636 0.322478
-0.95776 0.325114
-0.95192 0.32656
-0.94608 0.328491
-0.94024 0.33071
-0.9344 0.332137
-0.92856 0.331655
-0.92272 0.335032
-0.91688 0.333328
-0.91104 0.334474
-0.9052 0.33807
-0.89936 0.338811
-0.89352 0.341883
-0.88768 0.343146
-0.88184 0.345913
-0.876 0.345428
-0.87016 0.349804
-0.86432 0.347392
-0.85848 0.349379
-0.85264 0.351161
-0.8468 0.352384
-0.84096 0.353787
-0.83512 0.355948
-0.82928 0.357319
-0.82344 0.360735
-0.8176 0.361673
-0.81176 0.363355
-0.80592 0.366951
-0.80008 0.368295
-0.79424 0.370582
-0.7884 0.371469
-0.78256 0.374149
-0.77672 0.374061
-0.77088 0.375923
-0.76504 0.376892
-0.7592 0.377686
-0.75336 0.379736
-0.74752 0.380626
-0.74168 0.383307
-0.73584 0.382533
-0.73 0.383624
-0.72416 0.383358
-0.71832 0.383645
-0.71248 0.383361
-0.70664 0.382885
-0.7008 0.38016
-0.69496 0.379193
-0.68912 0.379247
-0.68328 0.379252
-0.67744 0.37921
-0.6716 0.37912
-0.66576 0.378866
-0.65992 0.378561
-0.65408 0.379429
-0.64824 0.379878
-0.6424 0.377482
-0.63656 0.377593
-0.63072 0.378252
-0.62488 0.379248
-0.61904 0.380197
-0.6132 0.381896
-0.60736 0.382247
-0.60152 0.382013
-0.59568 0.382013
-0.58984 0.382013
-0.584 0.382013
-0.57816 0.382013
-0.57232 0.382013
-0.56648 0.382013
-0.56064 0.382013
-0.5548 0.382013
-0.54896 0.382013
-0.54312 0.382013
-0.53728 0.382013
-0.53144 0.382013
-0.5256 0.382013
-0.51976 0.382013
-0.51392 0.382013
-0.50808 0.382013
-0.50224 0.382013
-0.4964 0.382013
-0.49056 0.382013
-0.48472 0.382013
-0.47888 0.382013
-0.47304 0.382013
-0.4672 0.382013
-0.46136 0.382013
-0.45552 0.382013
-0.44968 0.382013
-0.44384 0.382013
-0.438 0.382013
-0.43216 0.382013
-0.42632 0.382013
-0.42048 0.382013
-0.41464 0.382013
-0.4088 0.382013
-0.40296 0.382013
-0.39712 0.382013
-0.39128 0.382013
-0.38544 0.382013
-0.3796 0.382013
-0.37376 0.382013
-0.36792 0.382013
-0.36208 0.382013
-0.35624 0.382013
-0.3504 0.382013
-0.34456 0.382013
-0.33872 0.382013
-0.33288 0.382013
-0.32704 0.382013
-0.3212 0.382013
-0.31536 0.382013
-0.30952 0.382013
-0.30368 0.382013
-0.29784 0.382013
-0.292 0.382013
-0.28616 0.382013
-0.28032 0.382013
-0.27448 0.382013
-0.26864 0.382013
-0.2628 0.382013
-0.25696 0.382013
-0.25112 0.382013
-0.24528 0.382013
-0.23944 0.382013
-0.2336 0.382013
-0.22776 0.382013
-0.22192 0.382013
-0.21608 0.382013
-0.21024 0.382013
-0.2044 0.382013
-0.19856 0.382013
-0.19272 0.382013
-0.18688 0.382013
-0.18104 0.382013
-0.1752 0.382013
-0.16936 0.382013
-0.16352 0.382013
-0.15768 0.382013
-0.15184 0.382013
-0.146 0.382013
-0.14016 0.382013
-0.13432 0.382013
-0.12848 0.382013
-0.12264 0.382013
-0.1168 0.382013
-0.11096 0.382013
-0.10512 0.382013
-0.09928 0.382013
-0.09344 0.382013
-0.0876 0.382013
-0.08176 0.382013
-0.07592 0.382013
-0.07008 0.382013
-0.06424 0.382013
-0.0584 0.382013
-0.05256 0.382013
-0.04672 0.382013
-0.04088 0.382013
-0.03504 0.382013
-0.0292 0.382013
-0.02336 0.382013
-0.01752 0.382013
-0.01168 0.382013
-0.00584 0.382013
