-2.92 0.532447
-2.91416 0.532447
-2.90832 0.532447
-2.90248 0.532447
-2.89664 0.532447
-2.8908 0.532447
-2.88496 0.532447
-2.87912 0.532447
-2.87328 0.532447
-2.86744 0.532447
-2.8616 0.532447
-2.85576 0.532447
-2.84992 0.532447
-2.84408 0.532447
-2.83824 0.532447
-2.8324 0.532447
-2.82656 0.532447
-2.82072 0.532447
-2.81488 0.532447
-2.80904 0.532447
-2.8032 0.532447
-2.79736 0.532447
-2.79152 0.532447
-2.78568 0.532447
-2.77984 0.532447
-2.774 0.532447
-2.76816 0.532447
-2.76232 0.532447
-2.75648 0.532447
-2.75064 0.532447
-2.7448 0.532447
-2.73896 0.532447
-2.73312 0.532447
-2.72728 0.532447
-2.72144 0.532447
-2.7156 0.532447
-2.70976 0.532447
-2.70392 0.532447
-2.69808 0.532447
-2.69224 0.532447
-2.6864 0.532447
-2.68056 0.532447
-2.67472 0.532447
-2.66888 0.532447
-2.66304 0.532447
-2.6572 0.532447
-2.65136 0.532447
-2.64552 0.532447
-2.63968 0.532447
-2.63384 0.532447
-2.628 0.532447
-2.62216 0.532447
-2.61632 0.532447
-2.61048 0.532447
-2.60464 0.532447
-2.5988 0.532447
-2.59296 0.531828
-2.58712 0.530858
-2.58128 0.529799
-2.57544 0.528607
-2.5696 0.527192
-2.56376 0.525645
-2.55792 0.523965
-2.55208 0.522242
-2.54624 0.520476
-2.5404 0.518532
-2.53456 0.516547
-2.52872 0.514341
-2.52288 0.512179
-2.51704 0.509929
-2.5112 0.507673
-2.50536 0.505376
-2.49952 0.503074
-2.49368 0.501066
-2.48784 0.498717
-2.482 0.496746
-2.47616 0.494511
-2.47032 0.491817
-2.46448 0.489567
-2.45864 0.487891
-2.4528 0.485108
-2.44696 0.482614
-2.44112 0.480035
-2.43528 0.477814
-2.42944 0.47491
-2.4236 0.47282
-2.41776 0.470284
-2.41192 0.469102
-2.40608 0.467511
-2.40024 0.465045
-2.3944 0.46321
-2.38856 0.461898
-2.38272 0.46019
-2.37688 0.459152
-2.37104 0.457133
-2.3652 0.456392
-2.35936 0.454093
-2.35352 0.453088
-2.34768 0.450481
-2.34184 0.450512
-2.336 0.44975
-2.33016 0.448859
-2.32432 0.446741
-2.31848 0.446628
-2.31264 0.443433
-2.3068 0.444216
-2.30096 0.442482
-2.29512 0.442756
-2.28928 0.440483
-2.28344 0.439384
-2.2776 0.437974
-2.27176 0.438336
-2.26592 0.436629
-2.26008 0.438349
-2.25424 0.436829
-2.2484 0.434954
-2.24256 0.434569
-2.23672 0.434432
-2.23088 0.433847
-2.22504 0.432249
-2.2192 0.431026
-2.21336 0.429727
-2.20752 0.429865
-2.20168 0.432239
-2.19584 0.431454
-2.19 0.429202
-2.18416 0.428902
-2.17832 0.428868
-2.17248 0.429945
-2.16664 0.42719
-2.1608 0.427992
-2.15496 0.428496
-2.14912 0.42603
-2.14328 0.426538
-2.13744 0.428738
-2.1316 0.428779
-2.12576 0.424031
-2.11992 0.423262
-2.11408 0.419702
-2.10824 0.423279
-2.1024 0.423326
-2.09656 0.422625
-2.09072 0.422718
-2.08488 0.422688
-2.07904 0.420491
-2.0732 0.418132
-2.06736 0.420942
-2.06152 0.419359
-2.05568 0.42349
-2.04984 0.421703
-2.044 0.421484
-2.03816 0.422871
-2.03232 0.417861
-2.02648 0.418229
-2.02064 0.423217
-2.0148 0.41998
-2.00896 0.416983
-2.00312 0.419465
-1.99728 0.41933
-1.99144 0.419985
-1.9856 0.419367
-1.97976 0.419566
-1.97392 0.417314
-1.96808 0.4229
-1.96224 0.419234
-1.9564 0.418713
-1.95056 0.416063
-1.94472 0.412755
-1.93888 0.414507
-1.93304 0.409849
-1.9272 0.412586
-1.92136 0.405018
-1.91552 0.404611
-1.90968 0.399263
-1.90384 0.403086
-1.898 0.396697
-1.89216 0.39341
-1.88632 0.394643
-1.88048 0.391376
-1.87464 0.387264
-1.8688 0.388236
-1.86296 0.382431
-1.85712 0.376975
-1.85128 0.379038
-1.84544 0.371793
-1.8396 0.369558
-1.83376 0.367185
-1.82792 0.364653
-1.82208 0.362784
-1.81624 0.361855
-1.8104 0.357858
-1.80456 0.355213
-1.79872 0.346829
-1.79288 0.34575
-1.78704 0.339841
-1.7812 0.335962
-1.77536 0.329954
-1.76952 0.32582
-1.76368 0.323756
-1.75784 0.318182
-1.752 0.313403
-1.74616 0.309397
-1.74032 0.304855
-1.73448 0.301957
-1.72864 0.301745
-1.7228 0.290885
-1.71696 0.289622
-1.71112 0.281955
-1.70528 0.282369
-1.69944 0.277759
-1.6936 0.275911
-1.68776 0.268759
-1.68192 0.262791
-1.67608 0.254848
-1.67024 0.252924
-1.6644 0.253075
-1.65856 0.250904
-1.65272 0.24994
-1.64688 0.242396
-1.64104 0.24398
-1.6352 0.24093
-1.62936 0.238276
-1.62352 0.235184
-1.61768 0.235278
-1.61184 0.233093
-1.606 0.234401
-1.60016 0.231443
-1.59432 0.233491
-1.58848 0.228635
-1.58264 0.228348
-1.5768 0.227921
-1.57096 0.226949
-1.56512 0.226281
-1.55928 0.226147
-1.55344 0.225381
-1.5476 0.225256
-1.54176 0.226369
-1.53592 0.222952
-1.53008 0.225048
-1.52424 0.222527
-1.5184 0.223546
-1.51256 0.220022
-1.50672 0.219749
-1.50088 0.217847
-1.49504 0.219454
-1.4892 0.226863
-1.48336 0.220807
-1.47752 0.222781
-1.47168 0.21851
-1.46584 0.223888
-1.46 0.224302
-1.45416 0.22868
-1.44832 0.223477
-1.44248 0.226838
-1.43664 0.224418
-1.4308 0.223446
-1.42496 0.227197
-1.41912 0.222525
-1.41328 0.224336
-1.40744 0.227065
-1.4016 0.230375
-1.39576 0.223249
-1.38992 0.225401
-1.38408 0.224862
-1.37824 0.231026
-1.3724 0.226583
-1.36656 0.225392
-1.36072 0.225834
-1.35488 0.224573
-1.34904 0.225829
-1.3432 0.223361
-1.33736 0.223258
-1.33152 0.223903
-1.32568 0.225733
-1.31984 0.222557
-1.314 0.221618
-1.30816 0.223277
-1.30232 0.223565
-1.29648 0.22692
-1.29064 0.225015
-1.2848 0.222825
-1.27896 0.221202
-1.27312 0.223865
-1.26728 0.229424
-1.26144 0.230549
-1.2556 0.228567
-1.24976 0.229824
-1.24392 0.230639
-1.23808 0.234433
-1.23224 0.233333
-1.2264 0.234153
-1.22056 0.23583
-1.21472 0.235016
-1.20888 0.235894
-1.20304 0.238697
-1.1972 0.237946
-1.19136 0.236644
-1.18552 0.239086
-1.17968 0.237408
-1.17384 0.239833
-1.168 0.240903
-1.16216 0.242004
-1.15632 0.243805
-1.15048 0.244806
-1.14464 0.245302
-1.1388 0.24511
-1.13296 0.246702
-1.12712 0.249566
-1.12128 0.252727
-1.11544 0.25642
-1.1096 0.258492
-1.10376 0.261431
-1.09792 0.26464
-1.09208 0.267142
-1.08624 0.269886
-1.0804 0.271586
-1.07456 0.270078
-1.06872 0.274495
-1.06288 0.275625
-1.05704 0.280928
-1.0512 0.284731
-1.04536 0.289315
-1.03952 0.294861
-1.03368 0.293409
-1.02784 0.298459
-1.022 0.302877
-1.01616 0.307877
-1.01032 0.30999
-1.00448 0.312675
-0.99864 0.314508
-0.9928 0.315126
-0.98696 0.320304
-0.98112 0.322609
-0.97528 0.326293
-0.96944 0.329468
-0.9636 0.331404
-0.95776 0.331859
-0.95192 0.336283
-0.94608 0.337839
-0.94024 0.342457
-0.9344 0.342459
-0.92856 0.344863
-0.92272 0.346755
-0.91688 0.348023
-0.91104 0.350989
-0.9052 0.350539
-0.89936 0.354889
-0.89352 0.355402
-0.88768 0.359609
-0.88184 0.360853
-0.876 0.361641
-0.87016 0.367181
-0.86432 0.366426
-0.85848 0.369555
-0.85264 0.370851
-0.8468 0.372774
-0.84096 0.374441
-0.83512 0.375548
-0.82928 0.381427
-0.82344 0.385009
-0.8176 0.385711
-0.81176 0.388594
-0.80592 0.39155
-0.80008 0.394393
-0.79424 0.396225
-0.7884 0.398875
-0.78256 0.39993
-0.77672 0.40177
-0.77088 0.403435
-0.76504 0.404783
-0.7592 0.405816
-0.75336 0.408165
-0.74752 0.409268
-0.74168 0.410405
-0.73584 0.411248
-0.73 0.413213
-0.72416 0.413755
-0.71832 0.41417
-0.71248 0.413107
-0.70664 0.413057
-0.7008 0.410275
-0.69496 0.410666
-0.68912 0.410434
-0.68328 0.409815
-0.67744 0.410324
-0.6716 0.410584
-0.66576 0.410298
-0.65992 0.41031
-0.65408 0.411041
-0.64824 0.411467
-0.6424 0.409539
-0.63656 0.410212
-0.63072 0.411047
-0.62488 0.412131
-0.61904 0.413086
-0.6132 0.414621
-0.60736 0.415056
-0.60152 0.414822
-0.59568 0.414822
-0.58984 0.414822
-0.584 0.414822
-0.57816 0.414822
-0.57232 0.414822
-0.56648 0.414822
-0.56064 0.414822
-0.5548 0.414822
-0.54896 0.414822
-0.54312 0.414822
-0.53728 0.414822
-0.53144 0.414822
-0.5256 0.414822
-0.51976 0.414822
-0.51392 0.414822
-0.50808 0.414822
-0.50224 0.414822
-0.4964 0.414822
-0.49056 0.414822
-0.48472 0.414822
-0.47888 0.414822
-0.47304 0.414822
-0.4672 0.414822
-0.46136 0.414822
-0.45552 0.414822
-0.44968 0.414822
-0.44384 0.414822
-0.438 0.414822
-0.43216 0.414822
-0.42632 0.414822
-0.42048 0.414822
-0.41464 0.414822
-0.4088 0.414822
-0.40296 0.414822
-0.39712 0.414822
-0.39128 0.414822
-0.38544 0.414822
-0.3796 0.414822
-0.37376 0.414822
-0.36792 0.414822
-0.36208 0.414822
-0.35624 0.414822
-0.3504 0.414822
-0.34456 0.414822
-0.33872 0.414822
-0.33288 0.414822
-0.32704 0.414822
-0.3212 0.414822
-0.31536 0.414822
-0.30952 0.414822
-0.30368 0.414822
-0.29784 0.414822
-0.292 0.414822
-0.28616 0.414822
-0.28032 0.414822
-0.27448 0.414822
-0.26864 0.414822
-0.2628 0.414822
-0.25696 0.414822
-0.25112 0.414822
-0.24528 0.414822
-0.23944 0.414822
-0.2336 0.414822
-0.22776 0.414822
-0.22192 0.414822
-0.21608 0.414822
-0.21024 0.414822
-0.2044 0.414822
-0.19856 0.414822
-0.19272 0.414822
-0.18688 0.414822
-0.18104 0.414822
-0.1752 0.414822
-0.16936 0.414822
-0.16352 0.414822
-0.15768 0.414822
-0.15184 0.414822
-0.146 0.414822
-0.14016 0.414822
-0.13432 0.414822
-0.12848 0.414822
-0.12264 0.414822
-0.1168 0.414822
-0.11096 0.414822
-0.10512 0.414822
-0.09928 0.414822
-0.09344 0.414822
-0.0876 0.414822
-0.08176 0.414822
-0.07592 0.414822
-0.07008 0.414822
-0.06424 0.414822
-0.0584 0.414822
-0.05256 0.414822
-0.04672 0.414822
-0.04088 0.414822
-0.03504 0.414822
-0.0292 0.414822
-0.02336 0.414822
-0.01752 0.414822
-0.01168 0.414822
-0.00584 0.414822
