-2.92 0.415438
-2.91416 0.415438
-2.90832 0.415438
-2.90248 0.415438
-2.89664 0.415438
-2.8908 0.415438
-2.88496 0.415438
-2.87912 0.415438
-2.87328 0.415438
-2.86744 0.415438
-2.8616 0.415438
-2.85576 0.415438
-2.84992 0.415438
-2.84408 0.415438
-2.83824 0.415438
-2.8324 0.415438
-2.82656 0.415438
-2.82072 0.415438
-2.81488 0.415438
-2.80904 0.415438
-2.8032 0.415438
-2.79736 0.415438
-2.79152 0.415438
-2.78568 0.415438
-2.77984 0.415438
-2.774 0.415438
-2.76816 0.415438
-2.76232 0.415438
-2.75648 0.415438
-2.75064 0.415438
-2.7448 0.415438
-2.73896 0.415438
-2.73312 0.415438
-2.72728 0.415438
-2.72144 0.415438
-2.7156 0.415438
-2.70976 0.415438
-2.70392 0.415438
-2.69808 0.415438
-2.69224 0.415438
-2.6864 0.415438
-2.68056 0.415438
-2.67472 0.415438
-2.66888 0.415438
-2.66304 0.415438
-2.6572 0.415438
-2.65136 0.415438
-2.64552 0.415438
-2.63968 0.415438
-2.63384 0.415438
-2.628 0.415438
-2.62216 0.415438
-2.61632 0.415438
-2.61048 0.415438
-2.60464 0.415438
-2.5988 0.415438
-2.59296 0.414819
-2.58712 0.414112
-2.58128 0.413317
-2.57544 0.412391
-2.5696 0.411418
-2.56376 0.410354
-2.55792 0.409071
-2.55208 0.407787
-2.54624 0.406461
-2.5404 0.405003
-2.53456 0.403413
-2.52872 0.401866
-2.52288 0.400232
-2.51704 0.39855
-2.5112 0.396824
-2.50536 0.395096
-2.49952 0.393234
-2.49368 0.391709
-2.48784 0.390223
-2.482 0.388788
-2.47616 0.387132
-2.47032 0.384969
-2.46448 0.38326
-2.45864 0.382002
-2.4528 0.379294
-2.44696 0.3775
-2.44112 0.376769
-2.43528 0.374846
-2.42944 0.373177
-2.4236 0.370635
-2.41776 0.369366
-2.41192 0.368021
-2.40608 0.36576
-2.40024 0.363914
-2.3944 0.362729
-2.38856 0.362098
-2.38272 0.360473
-2.37688 0.360452
-2.37104 0.358775
-2.3652 0.355902
-2.35936 0.355569
-2.35352 0.355537
-2.34768 0.354683
-2.34184 0.353809
-2.336 0.353715
-2.33016 0.352859
-2.32432 0.352317
-2.31848 0.352148
-2.31264 0.351986
-2.3068 0.352555
-2.30096 0.350972
-2.29512 0.350256
-2.28928 0.351792
-2.28344 0.350496
-2.2776 0.350475
-2.27176 0.349876
-2.26592 0.351021
-2.26008 0.350513
-2.25424 0.351491
-2.2484 0.350009
-2.24256 0.35194
-2.23672 0.352634
-2.23088 0.348802
-2.22504 0.351252
-2.2192 0.349248
-2.21336 0.352489
-2.20752 0.350857
-2.20168 0.349572
-2.19584 0.349871
-2.19 0.348653
-2.18416 0.349176
-2.17832 0.35194
-2.17248 0.353132
-2.16664 0.351813
-2.1608 0.352199
-2.15496 0.35204
-2.14912 0.352455
-2.14328 0.352733
-2.13744 0.351462
-2.1316 0.352226
-2.12576 0.353684
-2.11992 0.353585
-2.11408 0.35217
-2.10824 0.35382
-2.1024 0.350942
-2.09656 0.35409
-2.09072 0.355354
-2.08488 0.356732
-2.07904 0.354817
-2.0732 0.35467
-2.06736 0.35906
-2.06152 0.352718
-2.05568 0.358466
-2.04984 0.357527
-2.044 0.359346
-2.03816 0.361377
-2.03232 0.361155
-2.02648 0.359084
-2.02064 0.363074
-2.0148 0.361594
-2.00896 0.360504
-2.00312 0.364799
-1.99728 0.365009
-1.99144 0.364844
-1.9856 0.365669
-1.97976 0.364728
-1.97392 0.364056
-1.96808 0.37204
-1.96224 0.367048
-1.9564 0.370372
-1.95056 0.365804
-1.94472 0.370827
-1.93888 0.365881
-1.93304 0.362294
-1.9272 0.360945
-1.92136 0.363892
-1.91552 0.35727
-1.90968 0.358854
-1.90384 0.354814
-1.898 0.355365
-1.89216 0.354953
-1.88632 0.354754
-1.88048 0.35361
-1.87464 0.349981
-1.8688 0.349596
-1.86296 0.348248
-1.85712 0.346238
-1.85128 0.342036
-1.84544 0.336669
-1.8396 0.33846
-1.83376 0.335987
-1.82792 0.334662
-1.82208 0.329135
-1.81624 0.330839
-1.8104 0.328937
-1.80456 0.325853
-1.79872 0.326479
-1.79288 0.324453
-1.78704 0.317548
-1.7812 0.316087
-1.77536 0.312962
-1.76952 0.31309
-1.76368 0.305334
-1.75784 0.304544
-1.752 0.298717
-1.74616 0.296394
-1.74032 0.294472
-1.73448 0.291947
-1.72864 0.287234
-1.7228 0.288705
-1.71696 0.284103
-1.71112 0.281747
-1.70528 0.277384
-1.69944 0.272027
-1.6936 0.268792
-1.68776 0.264012
-1.68192 0.262387
-1.67608 0.257093
-1.67024 0.255454
-1.6644 0.251604
-1.65856 0.251281
-1.65272 0.249365
-1.64688 0.248977
-1.64104 0.247826
-1.6352 0.243067
-1.62936 0.24464
-1.62352 0.241513
-1.61768 0.243617
-1.61184 0.240229
-1.606 0.241184
-1.60016 0.237473
-1.59432 0.23633
-1.58848 0.238089
-1.58264 0.238019
-1.5768 0.235409
-1.57096 0.238273
-1.56512 0.235287
-1.55928 0.234966
-1.55344 0.234006
-1.5476 0.230112
-1.54176 0.229326
-1.53592 0.227476
-1.53008 0.234045
-1.52424 0.23082
-1.5184 0.225687
-1.51256 0.228634
-1.50672 0.226784
-1.50088 0.227128
-1.49504 0.224964
-1.4892 0.224772
-1.48336 0.229332
-1.47752 0.228293
-1.47168 0.224753
-1.46584 0.229728
-1.46 0.229771
-1.45416 0.230257
-1.44832 0.229472
-1.44248 0.228978
-1.43664 0.228987
-1.4308 0.226501
-1.42496 0.22728
-1.41912 0.225909
-1.41328 0.224633
-1.40744 0.22566
-1.4016 0.226334
-1.39576 0.223334
-1.38992 0.223493
-1.38408 0.223543
-1.37824 0.222458
-1.3724 0.220919
-1.36656 0.222344
-1.36072 0.221063
-1.35488 0.217148
-1.34904 0.212548
-1.3432 0.217765
-1.33736 0.21707
-1.33152 0.215969
-1.32568 0.215306
-1.31984 0.21501
-1.314 0.210935
-1.30816 0.213672
-1.30232 0.211092
-1.29648 0.211945
-1.29064 0.208695
-1.2848 0.208782
-1.27896 0.209318
-1.27312 0.211889
-1.26728 0.211987
-1.26144 0.213524
-1.2556 0.212735
-1.24976 0.211332
-1.24392 0.215727
-1.23808 0.215078
-1.23224 0.21677
-1.2264 0.217561
-1.22056 0.215092
-1.21472 0.217545
-1.20888 0.216968
-1.20304 0.214696
-1.1972 0.213318
-1.19136 0.21618
-1.18552 0.216073
-1.17968 0.214916
-1.17384 0.219537
-1.168 0.217878
-1.16216 0.217526
-1.15632 0.216795
-1.15048 0.217672
-1.14464 0.217388
-1.1388 0.219054
-1.13296 0.221099
-1.12712 0.222279
-1.12128 0.226402
-1.11544 0.228031
-1.1096 0.228362
-1.10376 0.232891
-1.09792 0.233669
-1.09208 0.237934
-1.08624 0.240483
-1.0804 0.238202
-1.07456 0.239886
-1.06872 0.242897
-1.06288 0.247431
-1.05704 0.246862
-1.0512 0.253093
-1.04536 0.255702
-1.03952 0.260198
-1.03368 0.260323
-1.02784 0.263299
-1.022 0.267686
-1.01616 0.27144
-1.01032 0.271194
-1.00448 0.275613
-0.99864 0.276431
-0.9928 0.279646
-0.98696 0.282403
-0.98112 0.284128
-0.97528 0.284995
-0.96944 0.286823
-0.9636 0.289549
-0.95776 0.293139
-0.95192 0.293487
-0.94608 0.296104
-0.94024 0.297923
-0.9344 0.299126
-0.92856 0.302358
-0.92272 0.301506
-0.91688 0.301291
-0.91104 0.302924
-0.9052 0.306438
-0.89936 0.306891
-0.89352 0.30861
-0.88768 0.310306
-0.88184 0.31307
-0.876 0.312096
-0.87016 0.316109
-0.86432 0.316079
-0.85848 0.316738
-0.85264 0.319075
-0.8468 0.320645
-0.84096 0.321929
-0.83512 0.324129
-0.82928 0.328297
-0.82344 0.329869
-0.8176 0.331317
-0.81176 0.332036
-0.80592 0.336649
-0.80008 0.338174
-0.79424 0.339971
-0.7884 0.341256
-0.78256 0.341091
-0.77672 0.344712
-0.77088 0.345214
-0.76504 0.346917
-0.7592 0.346357
-0.75336 0.347465
-0.74752 0.348599
-0.74168 0.35073
-0.73584 0.350989
-0.73 0.351702
-0.72416 0.352542
-0.71832 0.350184
-0.71248 0.350636
-0.70664 0.351139
-0.7008 0.348474
-0.69496 0.347997
-0.68912 0.346674
-0.68328 0.347741
-0.67744 0.346565
-0.6716 0.346785
-0.66576 0.34705
-0.65992 0.347055
-0.65408 0.348048
-0.64824 0.348129
-0.6424 0.345667
-0.63656 0.346252
-0.63072 0.347003
-0.62488 0.347919
-0.61904 0.348791
-0.6132 0.35062
-0.60736 0.351019
-0.60152 0.350575
-0.59568 0.350575
-0.58984 0.350575
-0.584 0.350575
-0.57816 0.350575
-0.57232 0.350575
-0.56648 0.350575
-0.56064 0.350575
-0.5548 0.350575
-0.54896 0.350575
-0.54312 0.350575
-0.53728 0.350575
-0.53144 0.350575
-0.5256 0.350575
-0.51976 0.350575
-0.51392 0.350575
-0.50808 0.350575
-0.50224 0.350575
-0.4964 0.350575
-0.49056 0.350575
-0.48472 0.350575
-0.47888 0.350575
-0.47304 0.350575
-0.4672 0.350575
-0.46136 0.350575
-0.45552 0.350575
-0.44968 0.350575
-0.44384 0.350575
-0.438 0.350575
-0.43216 0.350575
-0.42632 0.350575
-0.42048 0.350575
-0.41464 0.350575
-0.4088 0.350575
-0.40296 0.350575
-0.39712 0.350575
-0.39128 0.350575
-0.38544 0.350575
-0.3796 0.350575
-0.37376 0.350575
-0.36792 0.350575
-0.36208 0.350575
-0.35624 0.350575
-0.3504 0.350575
-0.34456 0.350575
-0.33872 0.350575
-0.33288 0.350575
-0.32704 0.350575
-0.3212 0.350575
-0.31536 0.350575
-0.30952 0.350575
-0.30368 0.350575
-0.29784 0.350575
-0.292 0.350575
-0.28616 0.350575
-0.28032 0.350575
-0.27448 0.350575
-0.26864 0.350575
-0.2628 0.350575
-0.25696 0.350575
-0.25112 0.350575
-0.24528 0.350575
-0.23944 0.350575
-0.2336 0.350575
-0.22776 0.350575
-0.22192 0.350575
-0.21608 0.350575
-0.21024 0.350575
-0.2044 0.350575
-0.19856 0.350575
-0.19272 0.350575
-0.18688 0.350575
-0.18104 0.350575
-0.1752 0.350575
-0.16936 0.350575
-0.16352 0.350575
-0.15768 0.350575
-0.15184 0.350575
-0.146 0.350575
-0.14016 0.350575
-0.13432 0.350575
-0.12848 0.350575
-0.12264 0.350575
-0.1168 0.350575
-0.11096 0.350575
-0.10512 0.350575
-0.09928 0.350575
-0.09344 0.350575
-0.0876 0.350575
-0.08176 0.350575
-0.07592 0.350575
-0.07008 0.350575
-0.06424 0.350575
-0.0584 0.350575
-0.05256 0.350575
-0.04672 0.350575
-0.04088 0.350575
-0.03504 0.350575
-0.0292 0.350575
-0.02336 0.350575
-0.01752 0.350575
-0.01168 0.350575
-0.00584 0.350575
