-2.92 0.43936
-2.91416 0.43936
-2.90832 0.43936
-2.90248 0.43936
-2.89664 0.43936
-2.8908 0.43936
-2.88496 0.43936
-2.87912 0.43936
-2.87328 0.43936
-2.86744 0.43936
-2.8616 0.43936
-2.85576 0.43936
-2.84992 0.43936
-2.84408 0.43936
-2.83824 0.43936
-2.8324 0.43936
-2.82656 0.43936
-2.82072 0.43936
-2.81488 0.43936
-2.80904 0.43936
-2.8032 0.43936
-2.79736 0.43936
-2.79152 0.43936
-2.78568 0.43936
-2.77984 0.43936
-2.774 0.43936
-2.76816 0.43936
-2.76232 0.43936
-2.75648 0.43936
-2.75064 0.43936
-2.7448 0.43936
-2.73896 0.43936
-2.73312 0.43936
-2.72728 0.43936
-2.72144 0.43936
-2.7156 0.43936
-2.70976 0.43936
-2.70392 0.43936
-2.69808 0.43936
-2.69224 0.43936
-2.6864 0.43936
-2.68056 0.43936
-2.67472 0.43936
-2.66888 0.43936
-2.66304 0.43936
-2.6572 0.43936
-2.65136 0.43936
-2.64552 0.43936
-2.63968 0.43936
-2.63384 0.43936
-2.628 0.43936
-2.62216 0.43936
-2.61632 0.43936
-2.61048 0.43936
-2.60464 0.43936
-2.5988 0.43936
-2.59296 0.43874
-2.58712 0.437989
-2.58128 0.43715
-2.57544 0.436222
-2.5696 0.435294
-2.56376 0.434234
-2.55792 0.433043
-2.55208 0.431807
-2.54624 0.430572
-2.5404 0.429203
-2.53456 0.427792
-2.52872 0.426332
-2.52288 0.424828
-2.51704 0.423326
-2.5112 0.421733
-2.50536 0.42014
-2.49952 0.418374
-2.49368 0.416651
-2.48784 0.414839
-2.482 0.413368
-2.47616 0.411542
-2.47032 0.409715
-2.46448 0.407637
-2.45864 0.406134
-2.4528 0.404388
-2.44696 0.402259
-2.44112 0.400424
-2.43528 0.398875
-2.42944 0.396298
-2.4236 0.395535
-2.41776 0.393901
-2.41192 0.392109
-2.40608 0.389524
-2.40024 0.388991
-2.3944 0.38673
-2.38856 0.384792
-2.38272 0.382781
-2.37688 0.381102
-2.37104 0.378267
-2.3652 0.377451
-2.35936 0.373807
-2.35352 0.373284
-2.34768 0.37144
-2.34184 0.371176
-2.336 0.368661
-2.33016 0.367692
-2.32432 0.365307
-2.31848 0.364964
-2.31264 0.360767
-2.3068 0.36293
-2.30096 0.361149
-2.29512 0.359936
-2.28928 0.359618
-2.28344 0.361211
-2.2776 0.359265
-2.27176 0.357265
-2.26592 0.356904
-2.26008 0.356544
-2.25424 0.357314
-2.2484 0.35558
-2.24256 0.353958
-2.23672 0.355873
-2.23088 0.353343
-2.22504 0.35487
-2.2192 0.354827
-2.21336 0.352413
-2.20752 0.352699
-2.20168 0.351424
-2.19584 0.349383
-2.19 0.35259
-2.18416 0.352372
-2.17832 0.351758
-2.17248 0.351413
-2.16664 0.349527
-2.1608 0.350947
-2.15496 0.354692
-2.14912 0.351126
-2.14328 0.351291
-2.13744 0.348945
-2.1316 0.351009
-2.12576 0.352754
-2.11992 0.353046
-2.11408 0.352188
-2.10824 0.352096
-2.1024 0.349088
-2.09656 0.348774
-2.09072 0.351687
-2.08488 0.352869
-2.07904 0.354292
-2.0732 0.351598
-2.06736 0.353852
-2.06152 0.352907
-2.05568 0.351631
-2.04984 0.356262
-2.044 0.352941
-2.03816 0.352945
-2.03232 0.354292
-2.02648 0.355459
-2.02064 0.353857
-2.0148 0.359491
-2.00896 0.354885
-2.00312 0.35697
-1.99728 0.357997
-1.99144 0.360135
-1.9856 0.357442
-1.97976 0.358722
-1.97392 0.361305
-1.96808 0.360505
-1.96224 0.362176
-1.9564 0.359649
-1.95056 0.358324
-1.94472 0.357984
-1.93888 0.357106
-1.93304 0.356415
-1.9272 0.358761
-1.92136 0.356135
-1.91552 0.351128
-1.90968 0.352906
-1.90384 0.347353
-1.898 0.348791
-1.89216 0.348047
-1.88632 0.345964
-1.88048 0.345578
-1.87464 0.339684
-1.8688 0.340757
-1.86296 0.333755
-1.85712 0.33294
-1.85128 0.334161
-1.84544 0.33309
-1.8396 0.328404
-1.83376 0.323162
-1.82792 0.324892
-1.82208 0.322369
-1.81624 0.318282
-1.8104 0.316797
-1.80456 0.31896
-1.79872 0.312344
-1.79288 0.312224
-1.78704 0.307926
-1.7812 0.304587
-1.77536 0.301816
-1.76952 0.299729
-1.76368 0.292405
-1.75784 0.294059
-1.752 0.291081
-1.74616 0.287554
-1.74032 0.284359
-1.73448 0.287367
-1.72864 0.278005
-1.7228 0.279608
-1.71696 0.276057
-1.71112 0.273281
-1.70528 0.268873
-1.69944 0.265364
-1.6936 0.267186
-1.68776 0.262913
-1.68192 0.259063
-1.67608 0.251769
-1.67024 0.251591
-1.6644 0.253404
-1.65856 0.246007
-1.65272 0.246739
-1.64688 0.247235
-1.64104 0.247092
-1.6352 0.247868
-1.62936 0.244769
-1.62352 0.244167
-1.61768 0.240696
-1.61184 0.242404
-1.606 0.239802
-1.60016 0.233542
-1.59432 0.237518
-1.58848 0.237285
-1.58264 0.236224
-1.5768 0.238319
-1.57096 0.233638
-1.56512 0.236822
-1.55928 0.232931
-1.55344 0.234026
-1.5476 0.23136
-1.54176 0.233195
-1.53592 0.231482
-1.53008 0.232029
-1.52424 0.233502
-1.5184 0.223309
-1.51256 0.226257
-1.50672 0.227128
-1.50088 0.223828
-1.49504 0.223505
-1.4892 0.224812
-1.48336 0.226384
-1.47752 0.224428
-1.47168 0.222821
-1.46584 0.221846
-1.46 0.222382
-1.45416 0.224999
-1.44832 0.224015
-1.44248 0.22299
-1.43664 0.2203
-1.4308 0.221054
-1.42496 0.220776
-1.41912 0.218157
-1.41328 0.219789
-1.40744 0.219136
-1.4016 0.217701
-1.39576 0.218659
-1.38992 0.215904
-1.38408 0.213555
-1.37824 0.212274
-1.3724 0.215579
-1.36656 0.216233
-1.36072 0.213374
-1.35488 0.209702
-1.34904 0.207736
-1.3432 0.206008
-1.33736 0.207458
-1.33152 0.203023
-1.32568 0.204092
-1.31984 0.204751
-1.314 0.202097
-1.30816 0.204133
-1.30232 0.200814
-1.29648 0.199759
-1.29064 0.198028
-1.2848 0.201706
-1.27896 0.200139
-1.27312 0.197784
-1.26728 0.198955
-1.26144 0.203883
-1.2556 0.201295
-1.24976 0.201828
-1.24392 0.200084
-1.23808 0.202771
-1.23224 0.19988
-1.2264 0.202969
-1.22056 0.203882
-1.21472 0.199446
-1.20888 0.198389
-1.20304 0.201124
-1.1972 0.201313
-1.19136 0.200452
-1.18552 0.198274
-1.17968 0.200589
-1.17384 0.199681
-1.168 0.198645
-1.16216 0.197103
-1.15632 0.199748
-1.15048 0.199359
-1.14464 0.199185
-1.1388 0.196495
-1.13296 0.198168
-1.12712 0.203342
-1.12128 0.204729
-1.11544 0.206619
-1.1096 0.207402
-1.10376 0.211185
-1.09792 0.211097
-1.09208 0.216816
-1.08624 0.216877
-1.0804 0.216828
-1.07456 0.217672
-1.06872 0.22248
-1.06288 0.221596
-1.05704 0.222489
-1.0512 0.227836
-1.04536 0.231524
-1.03952 0.233625
-1.03368 0.234058
-1.02784 0.236638
-1.022 0.240493
-1.01616 0.244933
-1.01032 0.244644
-1.00448 0.246725
-0.99864 0.24844
-0.9928 0.250109
-0.98696 0.253061
-0.98112 0.253968
-0.97528 0.25597
-0.96944 0.257261
-0.9636 0.260202
-0.95776 0.261842
-0.95192 0.262651
-0.94608 0.265709
-0.94024 0.266439
-0.9344 0.268297
-0.92856 0.269328
-0.92272 0.271412
-0.91688 0.268146
-0.91104 0.269476
-0.9052 0.272519
-0.89936 0.274546
-0.89352 0.274184
-0.88768 0.275659
-0.88184 0.277986
-0.876 0.27882
-0.87016 0.283233
-0.86432 0.280825
-0.85848 0.282909
-0.85264 0.283284
-0.8468 0.286103
-0.84096 0.286756
-0.83512 0.288061
-0.82928 0.291456
-0.82344 0.294661
-0.8176 0.295113
-0.81176 0.296595
-0.80592 0.298016
-0.80008 0.301109
-0.79424 0.302382
-0.7884 0.303589
-0.78256 0.304501
-0.77672 0.305379
-0.77088 0.305252
-0.76504 0.3083
-0.7592 0.307617
-0.75336 0.308914
-0.74752 0.308951
-0.74168 0.311704
-0.73584 0.311169
-0.73 0.310671
-0.72416 0.311158
-0.71832 0.312234
-0.71248 0.310324
-0.70664 0.31025
-0.7008 0.305951
-0.69496 0.305084
-0.68912 0.306218
-0.68328 0.305004
-0.67744 0.304419
-0.6716 0.30392
-0.66576 0.304295
-0.65992 0.303362
-0.65408 0.304067
-0.64824 0.304306
-0.6424 0.302163
-0.63656 0.302236
-0.63072 0.302739
-0.62488 0.303567
-0.61904 0.304309
-0.6132 0.305761
-0.60736 0.306191
-0.60152 0.305916
-0.59568 0.305916
-0.58984 0.305916
-0.584 0.305916
-0.57816 0.305916
-0.57232 0.305916
-0.56648 0.305916
-0.56064 0.305916
-0.5548 0.305916
-0.54896 0.305916
-0.54312 0.305916
-0.53728 0.305916
-0.53144 0.305916
-0.5256 0.305916
-0.51976 0.305916
-0.51392 0.305916
-0.50808 0.305916
-0.50224 0.305916
-0.4964 0.305916
-0.49056 0.305916
-0.48472 0.305916
-0.47888 0.305916
-0.47304 0.305916
-0.4672 0.305916
-0.46136 0.305916
-0.45552 0.305916
-0.44968 0.305916
-0.44384 0.305916
-0.438 0.305916
-0.43216 0.305916
-0.42632 0.305916
-0.42048 0.305916
-0.41464 0.305916
-0.4088 0.305916
-0.40296 0.305916
-0.39712 0.305916
-0.39128 0.305916
-0.38544 0.305916
-0.3796 0.305916
-0.37376 0.305916
-0.36792 0.305916
-0.36208 0.305916
-0.35624 0.305916
-0.3504 0.305916
-0.34456 0.305916
-0.33872 0.305916
-0.33288 0.305916
-0.32704 0.305916
-0.3212 0.305916
-0.31536 0.305916
-0.30952 0.305916
-0.30368 0.305916
-0.29784 0.305916
-0.292 0.305916
-0.28616 0.305916
-0.28032 0.305916
-0.27448 0.305916
-0.26864 0.305916
-0.2628 0.305916
-0.25696 0.305916
-0.25112 0.305916
-0.24528 0.305916
-0.23944 0.305916
-0.2336 0.305916
-0.22776 0.305916
-0.22192 0.305916
-0.21608 0.305916
-0.21024 0.305916
-0.2044 0.305916
-0.19856 0.305916
-0.19272 0.305916
-0.18688 0.305916
-0.18104 0.305916
-0.1752 0.305916
-0.16936 0.305916
-0.16352 0.305916
-0.15768 0.305916
-0.15184 0.305916
-0.146 0.305916
-0.14016 0.305916
-0.13432 0.305916
-0.12848 0.305916
-0.12264 0.305916
-0.1168 0.305916
-0.11096 0.305916
-0.10512 0.305916
-0.09928 0.305916
-0.09344 0.305916
-0.0876 0.305916
-0.08176 0.305916
-0.07592 0.305916
-0.07008 0.305916
-0.06424 0.305916
-0.0584 0.305916
-0.05256 0.305916
-0.04672 0.305916
-0.04088 0.305916
-0.03504 0.305916
-0.0292 0.305916
-0.02336 0.305916
-0.01752 0.305916
-0.01168 0.305916
-0.00584 0.305916
