-2.92 0.553852
-2.91416 0.553852
-2.90832 0.553852
-2.90248 0.553852
-2.89664 0.553852
-2.8908 0.553852
-2.88496 0.553852
-2.87912 0.553852
-2.87328 0.553852
-2.86744 0.553852
-2.8616 0.553852
-2.85576 0.553852
-2.84992 0.553852
-2.84408 0.553852
-2.83824 0.553852
-2.8324 0.553852
-2.82656 0.553852
-2.82072 0.553852
-2.81488 0.553852
-2.80904 0.553852
-2.8032 0.553852
-2.79736 0.553852
-2.79152 0.553852
-2.78568 0.553852
-2.77984 0.553852
-2.774 0.553852
-2.76816 0.553852
-2.76232 0.553852
-2.75648 0.553852
-2.75064 0.553852
-2.7448 0.553852
-2.73896 0.553852
-2.73312 0.553852
-2.72728 0.553852
-2.72144 0.553852
-2.7156 0.553852
-2.70976 0.553852
-2.70392 0.553852
-2.69808 0.553852
-2.69224 0.553852
-2.6864 0.553852
-2.68056 0.553852
-2.67472 0.553852
-2.66888 0.553852
-2.66304 0.553852
-2.6572 0.553852
-2.65136 0.553852
-2.64552 0.553852
-2.63968 0.553852
-2.63384 0.553852
-2.628 0.553852
-2.62216 0.553852
-2.61632 0.553852
-2.61048 0.553852
-2.60464 0.553852
-2.5988 0.553852
-2.59296 0.553233
-2.58712 0.552395
-2.58128 0.551469
-2.57544 0.550412
-2.5696 0.549089
-2.56376 0.54759
-2.55792 0.545959
-2.55208 0.544285
-2.54624 0.54248
-2.5404 0.540673
-2.53456 0.538735
-2.52872 0.536707
-2.52288 0.534635
-2.51704 0.532477
-2.5112 0.530142
-2.50536 0.527807
-2.49952 0.525338
-2.49368 0.523003
-2.48784 0.520667
-2.482 0.518463
-2.47616 0.515949
-2.47032 0.513391
-2.46448 0.510829
-2.45864 0.508222
-2.4528 0.505449
-2.44696 0.502794
-2.44112 0.500019
-2.43528 0.497279
-2.42944 0.49454
-2.4236 0.491841
-2.41776 0.489269
-2.41192 0.486195
-2.40608 0.483615
-2.40024 0.480785
-2.3944 0.477939
-2.38856 0.475857
-2.38272 0.472893
-2.37688 0.46955
-2.37104 0.467324
-2.3652 0.463907
-2.35936 0.461039
-2.35352 0.458375
-2.34768 0.455638
-2.34184 0.453098
-2.336 0.449259
-2.33016 0.446877
-2.32432 0.443647
-2.31848 0.44052
-2.31264 0.438207
-2.3068 0.434924
-2.30096 0.432134
-2.29512 0.42834
-2.28928 0.425862
-2.28344 0.423419
-2.2776 0.420288
-2.27176 0.416484
-2.26592 0.413801
-2.26008 0.411219
-2.25424 0.40858
-2.2484 0.404429
-2.24256 0.401135
-2.23672 0.397868
-2.23088 0.395491
-2.22504 0.392121
-2.2192 0.387618
-2.21336 0.384496
-2.20752 0.383273
-2.20168 0.380553
-2.19584 0.376826
-2.19 0.375814
-2.18416 0.371417
-2.17832 0.369629
-2.17248 0.367228
-2.16664 0.365328
-2.1608 0.361819
-2.15496 0.361795
-2.14912 0.358656
-2.14328 0.358493
-2.13744 0.355236
-2.1316 0.35473
-2.12576 0.353957
-2.11992 0.35057
-2.11408 0.349295
-2.10824 0.346775
-2.1024 0.347428
-2.09656 0.343429
-2.09072 0.343557
-2.08488 0.341168
-2.07904 0.338364
-2.0732 0.336311
-2.06736 0.337023
-2.06152 0.336526
-2.05568 0.335123
-2.04984 0.332287
-2.044 0.335829
-2.03816 0.330358
-2.03232 0.332139
-2.02648 0.329791
-2.02064 0.330582
-2.0148 0.326936
-2.00896 0.325373
-2.00312 0.328403
-1.99728 0.326135
-1.99144 0.323589
-1.9856 0.325036
-1.97976 0.325465
-1.97392 0.320917
-1.96808 0.320156
-1.96224 0.319299
-1.9564 0.316787
-1.95056 0.319064
-1.94472 0.317946
-1.93888 0.310568
-1.93304 0.311706
-1.9272 0.305595
-1.92136 0.307301
-1.91552 0.306568
-1.90968 0.302256
-1.90384 0.29988
-1.898 0.296629
-1.89216 0.297162
-1.88632 0.29318
-1.88048 0.291117
-1.87464 0.287102
-1.8688 0.286589
-1.86296 0.282213
-1.85712 0.27601
-1.85128 0.279108
-1.84544 0.27657
-1.8396 0.268994
-1.83376 0.269259
-1.82792 0.268983
-1.82208 0.265391
-1.81624 0.262035
-1.8104 0.260902
-1.80456 0.261131
-1.79872 0.25347
-1.79288 0.252772
-1.78704 0.247997
-1.7812 0.247404
-1.77536 0.246482
-1.76952 0.239772
-1.76368 0.235502
-1.75784 0.233927
-1.752 0.234981
-1.74616 0.225094
-1.74032 0.226784
-1.73448 0.221026
-1.72864 0.219359
-1.7228 0.218045
-1.71696 0.215249
-1.71112 0.211603
-1.70528 0.207894
-1.69944 0.204695
-1.6936 0.202336
-1.68776 0.20391
-1.68192 0.195906
-1.67608 0.197261
-1.67024 0.194044
-1.6644 0.1925
-1.65856 0.189191
-1.65272 0.190558
-1.64688 0.188564
-1.64104 0.187754
-1.6352 0.189744
-1.62936 0.186868
-1.62352 0.193377
-1.61768 0.192398
-1.61184 0.195183
-1.606 0.195476
-1.60016 0.191375
-1.59432 0.196261
-1.58848 0.194106
-1.58264 0.201413
-1.5768 0.196863
-1.57096 0.2023
-1.56512 0.203223
-1.55928 0.206946
-1.55344 0.207395
-1.5476 0.206112
-1.54176 0.205085
-1.53592 0.206411
-1.53008 0.210726
-1.52424 0.211334
-1.5184 0.20995
-1.51256 0.215687
-1.50672 0.216776
-1.50088 0.213419
-1.49504 0.219554
-1.4892 0.221201
-1.48336 0.221154
-1.47752 0.220536
-1.47168 0.226
-1.46584 0.224935
-1.46 0.225125
-1.45416 0.232504
-1.44832 0.233601
-1.44248 0.231797
-1.43664 0.231776
-1.4308 0.236134
-1.42496 0.231055
-1.41912 0.231756
-1.41328 0.23771
-1.40744 0.239246
-1.4016 0.234718
-1.39576 0.236357
-1.38992 0.236704
-1.38408 0.237474
-1.37824 0.237687
-1.3724 0.238134
-1.36656 0.240382
-1.36072 0.235467
-1.35488 0.238194
-1.34904 0.235308
-1.3432 0.235682
-1.33736 0.238313
-1.33152 0.232814
-1.32568 0.234798
-1.31984 0.234228
-1.314 0.236383
-1.30816 0.236539
-1.30232 0.228674
-1.29648 0.235742
-1.29064 0.233902
-1.2848 0.231236
-1.27896 0.230887
-1.27312 0.231053
-1.26728 0.235248
-1.26144 0.234938
-1.2556 0.236608
-1.24976 0.235831
-1.24392 0.235513
-1.23808 0.239686
-1.23224 0.236202
-1.2264 0.240687
-1.22056 0.23454
-1.21472 0.237059
-1.20888 0.238987
-1.20304 0.237285
-1.1972 0.240226
-1.19136 0.239808
-1.18552 0.239109
-1.17968 0.241335
-1.17384 0.240541
-1.168 0.240697
-1.16216 0.241254
-1.15632 0.242686
-1.15048 0.242703
-1.14464 0.243518
-1.1388 0.24132
-1.13296 0.243954
-1.12712 0.245122
-1.12128 0.250051
-1.11544 0.249651
-1.1096 0.2524
-1.10376 0.253825
-1.09792 0.256819
-1.09208 0.259453
-1.08624 0.260861
-1.0804 0.260608
-1.07456 0.262865
-1.06872 0.265056
-1.06288 0.269187
-1.05704 0.270326
-1.0512 0.276749
-1.04536 0.276094
-1.03952 0.278548
-1.03368 0.280929
-1.02784 0.283696
-1.022 0.287973
-1.01616 0.29009
-1.01032 0.291966
-1.00448 0.29572
-0.99864 0.295698
-0.9928 0.300353
-0.98696 0.298417
-0.98112 0.303201
-0.97528 0.305057
-0.96944 0.307248
-0.9636 0.30799
-0.95776 0.312191
-0.95192 0.313808
-0.94608 0.315924
-0.94024 0.31592
-0.9344 0.320086
-0.92856 0.321371
-0.92272 0.321132
-0.91688 0.32227
-0.91104 0.322702
-0.9052 0.325297
-0.89936 0.326719
-0.89352 0.32801
-0.88768 0.330217
-0.88184 0.333387
-0.876 0.333037
-0.87016 0.337989
-0.86432 0.335322
-0.85848 0.338414
-0.85264 0.340333
-0.8468 0.340735
-0.84096 0.342685
-0.83512 0.344064
-0.82928 0.349157
-0.82344 0.35104
-0.8176 0.352243
-0.81176 0.353228
-0.80592 0.355806
-0.80008 0.359592
-0.79424 0.359977
-0.7884 0.363232
-0.78256 0.363052
-0.77672 0.364837
-0.77088 0.367195
-0.76504 0.367247
-0.7592 0.370385
-0.75336 0.373302
-0.74752 0.372571
-0.74168 0.37457
-0.73584 0.374564
-0.73 0.376117
-0.72416 0.377607
-0.71832 0.376474
-0.71248 0.376263
-0.70664 0.376596
-0.7008 0.37408
-0.69496 0.373342
-0.68912 0.373952
-0.68328 0.373882
-0.67744 0.373351
-0.6716 0.374111
-0.66576 0.372992
-0.65992 0.373579
-0.65408 0.374194
-0.64824 0.374407
-0.6424 0.372859
-0.63656 0.373571
-0.63072 0.373945
-0.62488 0.374949
-0.61904 0.375948
-0.6132 0.377869
-0.60736 0.378485
-0.60152 0.378342
-0.59568 0.378342
-0.58984 0.378342
-0.584 0.378342
-0.57816 0.378342
-0.57232 0.378342
-0.56648 0.378342
-0.56064 0.378342
-0.5548 0.378342
-0.54896 0.378342
-0.54312 0.378342
-0.53728 0.378342
-0.53144 0.378342
-0.5256 0.378342
-0.51976 0.378342
-0.51392 0.378342
-0.50808 0.378342
-0.50224 0.378342
-0.4964 0.378342
-0.49056 0.378342
-0.48472 0.378342
-0.47888 0.378342
-0.47304 0.378342
-0.4672 0.378342
-0.46136 0.378342
-0.45552 0.378342
-0.44968 0.378342
-0.44384 0.378342
-0.438 0.378342
-0.43216 0.378342
-0.42632 0.378342
-0.42048 0.378342
-0.41464 0.378342
-0.4088 0.378342
-0.40296 0.378342
-0.39712 0.378342
-0.39128 0.378342
-0.38544 0.378342
-0.3796 0.378342
-0.37376 0.378342
-0.36792 0.378342
-0.36208 0.378342
-0.35624 0.378342
-0.3504 0.378342
-0.34456 0.378342
-0.33872 0.378342
-0.33288 0.378342
-0.32704 0.378342
-0.3212 0.378342
-0.31536 0.378342
-0.30952 0.378342
-0.30368 0.378342
-0.29784 0.378342
-0.292 0.378342
-0.28616 0.378342
-0.28032 0.378342
-0.27448 0.378342
-0.26864 0.378342
-0.2628 0.378342
-0.25696 0.378342
-0.25112 0.378342
-0.24528 0.378342
-0.23944 0.378342
-0.2336 0.378342
-0.22776 0.378342
-0.22192 0.378342
-0.21608 0.378342
-0.21024 0.378342
-0.2044 0.378342
-0.19856 0.378342
-0.19272 0.378342
-0.18688 0.378342
-0.18104 0.378342
-0.1752 0.378342
-0.16936 0.378342
-0.16352 0.378342
-0.15768 0.378342
-0.15184 0.378342
-0.146 0.378342
-0.14016 0.378342
-0.13432 0.378342
-0.12848 0.378342
-0.12264 0.378342
-0.1168 0.378342
-0.11096 0.378342
-0.10512 0.378342
-0.09928 0.378342
-0.09344 0.378342
-0.0876 0.378342
-0.08176 0.378342
-0.07592 0.378342
-0.07008 0.378342
-0.06424 0.378342
-0.0584 0.378342
-0.05256 0.378342
-0.04672 0.378342
-0.04088 0.378342
-0.03504 0.378342
-0.0292 0.378342
-0.02336 0.378342
-0.01752 0.378342
-0.01168 0.378342
-0.00584 0.378342
