-2.92 0.275769
-2.91416 0.275769
-2.90832 0.275769
-2.90248 0.275769
-2.89664 0.275769
-2.8908 0.275769
-2.88496 0.275769
-2.87912 0.275769
-2.87328 0.275769
-2.86744 0.275769
-2.8616 0.275769
-2.85576 0.275769
-2.84992 0.275769
-2.84408 0.275769
-2.83824 0.275769
-2.8324 0.275769
-2.82656 0.275769
-2.82072 0.275769
-2.81488 0.275769
-2.80904 0.275769
-2.8032 0.275769
-2.79736 0.275769
-2.79152 0.275769
-2.78568 0.275769
-2.77984 0.275769
-2.774 0.275769
-2.76816 0.275769
-2.76232 0.275769
-2.75648 0.275769
-2.75064 0.275769
-2.7448 0.275769
-2.73896 0.275769
-2.73312 0.275769
-2.72728 0.275769
-2.72144 0.275769
-2.7156 0.275769
-2.70976 0.275769
-2.70392 0.275769
-2.69808 0.275769
-2.69224 0.275769
-2.6864 0.275769
-2.68056 0.275769
-2.67472 0.275769
-2.66888 0.275769
-2.66304 0.275769
-2.6572 0.275769
-2.65136 0.275769
-2.64552 0.275769
-2.63968 0.275769
-2.63384 0.275769
-2.628 0.275769
-2.62216 0.275769
-2.61632 0.275769
-2.61048 0.275769
-2.60464 0.275769
-2.5988 0.275769
-2.59296 0.275459
-2.58712 0.274929
-2.58128 0.274352
-2.57544 0.273642
-2.5696 0.272802
-2.56376 0.271918
-2.55792 0.271035
-2.55208 0.270062
-2.54624 0.269044
-2.5404 0.267983
-2.53456 0.266966
-2.52872 0.26586
-2.52288 0.264799
-2.51704 0.263651
-2.5112 0.262457
-2.50536 0.261307
-2.49952 0.260157
-2.49368 0.259007
-2.48784 0.257723
-2.482 0.256706
-2.47616 0.255335
-2.47032 0.25392
-2.46448 0.252505
-2.45864 0.251091
-2.4528 0.249632
-2.44696 0.248217
-2.44112 0.2468
-2.43528 0.245339
-2.42944 0.243878
-2.4236 0.242373
-2.41776 0.240868
-2.41192 0.239407
-2.40608 0.237901
-2.40024 0.236351
-2.3944 0.234758
-2.38856 0.233211
-2.38272 0.231531
-2.37688 0.229895
-2.37104 0.228171
-2.3652 0.226492
-2.35936 0.224727
-2.35352 0.223004
-2.34768 0.221194
-2.34184 0.219427
-2.336 0.217617
-2.33016 0.215851
-2.32432 0.214171
-2.31848 0.212405
-2.31264 0.210638
-2.3068 0.208829
-2.30096 0.206975
-2.29512 0.205165
-2.28928 0.203399
-2.28344 0.201677
-2.2776 0.199867
-2.27176 0.1981
-2.26592 0.196202
-2.26008 0.194481
-2.25424 0.192495
-2.2484 0.190552
-2.24256 0.188566
-2.23672 0.186668
-2.23088 0.184681
-2.22504 0.182827
-2.2192 0.181011
-2.21336 0.178941
-2.20752 0.177082
-2.20168 0.175094
-2.19584 0.173277
-2.19 0.171546
-2.18416 0.169517
-2.17832 0.167658
-2.17248 0.166055
-2.16664 0.164452
-2.1608 0.162128
-2.15496 0.160479
-2.14912 0.158831
-2.14328 0.156931
-2.13744 0.155158
-2.1316 0.153593
-2.12576 0.151734
-2.11992 0.150042
-2.11408 0.148098
-2.10824 0.146026
-2.1024 0.14421
-2.09656 0.14303
-2.09072 0.14117
-2.08488 0.13927
-2.07904 0.137029
-2.0732 0.135763
-2.06736 0.133864
-2.06152 0.131839
-2.05568 0.130704
-2.04984 0.128844
-2.044 0.126954
-2.03816 0.125727
-2.03232 0.123358
-2.02648 0.122178
-2.02064 0.119428
-2.0148 0.11812
-2.00896 0.116563
-2.00312 0.114023
-1.99728 0.112548
-1.99144 0.110731
-1.9856 0.110431
-1.97976 0.108953
-1.97392 0.10703
-1.96808 0.106778
-1.96224 0.106309
-1.9564 0.104482
-1.95056 0.104757
-1.94472 0.103107
-1.93888 0.102964
-1.93304 0.101143
-1.9272 0.101308
-1.92136 0.100886
-1.91552 0.0996479
-1.90968 0.0987059
-1.90384 0.0981168
-1.898 0.0980231
-1.89216 0.0983246
-1.88632 0.0985226
-1.88048 0.0969477
-1.87464 0.0982318
-1.8688 0.0982178
-1.86296 0.0976065
-1.85712 0.0967034
-1.85128 0.0966057
-1.84544 0.0978301
-1.8396 0.0972692
-1.83376 0.0979393
-1.82792 0.0986653
-1.82208 0.0994931
-1.81624 0.09802
-1.8104 0.0985949
-1.80456 0.0976281
-1.79872 0.0989793
-1.79288 0.099191
-1.78704 0.10006
-1.7812 0.0991179
-1.77536 0.0987319
-1.76952 0.0996887
-1.76368 0.101122
-1.75784 0.101189
-1.752 0.101035
-1.74616 0.100806
-1.74032 0.103604
-1.73448 0.102934
-1.72864 0.103072
-1.7228 0.105188
-1.71696 0.103603
-1.71112 0.106274
-1.70528 0.106462
-1.69944 0.104595
-1.6936 0.107318
-1.68776 0.108972
-1.68192 0.108238
-1.67608 0.108459
-1.67024 0.110096
-1.6644 0.110451
-1.65856 0.110672
-1.65272 0.111344
-1.64688 0.110932
-1.64104 0.110796
-1.6352 0.110094
-1.62936 0.112087
-1.62352 0.11227
-1.61768 0.110751
-1.61184 0.109861
-1.606 0.11613
-1.60016 0.119284
-1.59432 0.117624
-1.58848 0.121477
-1.58264 0.121721
-1.5768 0.125921
-1.57096 0.126186
-1.56512 0.126665
-1.55928 0.12913
-1.55344 0.133831
-1.5476 0.133873
-1.54176 0.136222
-1.53592 0.142513
-1.53008 0.141912
-1.52424 0.145237
-1.5184 0.146
-1.51256 0.14878
-1.50672 0.150789
-1.50088 0.155295
-1.49504 0.160854
-1.4892 0.161843
-1.48336 0.161172
-1.47752 0.163534
-1.47168 0.165575
-1.46584 0.17025
-1.46 0.171417
-1.45416 0.175127
-1.44832 0.176745
-1.44248 0.183415
-1.43664 0.185299
-1.4308 0.184804
-1.42496 0.191815
-1.41912 0.189505
-1.41328 0.192267
-1.40744 0.199201
-1.4016 0.199462
-1.39576 0.203399
-1.38992 0.206024
-1.38408 0.208188
-1.37824 0.211831
-1.3724 0.21516
-1.36656 0.213549
-1.36072 0.221206
-1.35488 0.219649
-1.34904 0.222295
-1.3432 0.224847
-1.33736 0.22855
-1.33152 0.23615
-1.32568 0.237505
-1.31984 0.237641
-1.314 0.242341
-1.30816 0.240534
-1.30232 0.246901
-1.29648 0.245692
-1.29064 0.249663
-1.2848 0.255372
-1.27896 0.256414
-1.27312 0.259772
-1.26728 0.262476
-1.26144 0.258504
-1.2556 0.264479
-1.24976 0.265949
-1.24392 0.270916
-1.23808 0.270826
-1.23224 0.275051
-1.2264 0.27726
-1.22056 0.281497
-1.21472 0.284757
-1.20888 0.283927
-1.20304 0.285705
-1.1972 0.289289
-1.19136 0.292744
-1.18552 0.294722
-1.17968 0.295284
-1.17384 0.297104
-1.168 0.304558
-1.16216 0.307932
-1.15632 0.307517
-1.15048 0.309717
-1.14464 0.312572
-1.1388 0.313102
-1.13296 0.312875
-1.12712 0.313863
-1.12128 0.317575
-1.11544 0.32293
-1.1096 0.321368
-1.10376 0.325922
-1.09792 0.329134
-1.09208 0.327645
-1.08624 0.330224
-1.0804 0.331318
-1.07456 0.333617
-1.06872 0.335402
-1.06288 0.337816
-1.05704 0.343598
-1.0512 0.342767
-1.04536 0.340194
-1.03952 0.341836
-1.03368 0.341953
-1.02784 0.343882
-1.022 0.343727
-1.01616 0.34393
-1.01032 0.344526
-1.00448 0.348249
-0.99864 0.347509
-0.9928 0.346427
-0.98696 0.349582
-0.98112 0.346341
-0.97528 0.34767
-0.96944 0.351248
-0.9636 0.350178
-0.95776 0.352089
-0.95192 0.351181
-0.94608 0.351616
-0.94024 0.353092
-0.9344 0.353513
-0.92856 0.351685
-0.92272 0.355119
-0.91688 0.352022
-0.91104 0.352262
-0.9052 0.353
-0.89936 0.355342
-0.89352 0.357769
-0.88768 0.358195
-0.88184 0.357107
-0.876 0.358569
-0.87016 0.357224
-0.86432 0.358427
-0.85848 0.360205
-0.85264 0.360298
-0.8468 0.361581
-0.84096 0.361696
-0.83512 0.363402
-0.82928 0.362367
-0.82344 0.36075
-0.8176 0.362648
-0.81176 0.360607
-0.80592 0.362705
-0.80008 0.362828
-0.79424 0.363512
-0.7884 0.364253
-0.78256 0.364741
-0.77672 0.365878
-0.77088 0.366759
-0.76504 0.366658
-0.7592 0.367096
-0.75336 0.368103
-0.74752 0.368505
-0.74168 0.369715
-0.73584 0.370849
-0.73 0.372878
-0.72416 0.373519
-0.71832 0.374095
-0.71248 0.374513
-0.70664 0.376446
-0.7008 0.377108
-0.69496 0.378921
-0.68912 0.379571
-0.68328 0.381173
-0.67744 0.384269
-0.6716 0.385999
-0.66576 0.387499
-0.65992 0.389113
-0.65408 0.389059
-0.64824 0.390197
-0.6424 0.392268
-0.63656 0.393727
-0.63072 0.394213
-0.62488 0.395547
-0.61904 0.395805
-0.6132 0.395705
-0.60736 0.395772
-0.60152 0.396379
-0.59568 0.396379
-0.58984 0.396379
-0.584 0.396379
-0.57816 0.396379
-0.57232 0.396379
-0.56648 0.396379
-0.56064 0.396379
-0.5548 0.396379
-0.54896 0.396379
-0.54312 0.396379
-0.53728 0.396379
-0.53144 0.396379
-0.5256 0.396379
-0.51976 0.396379
-0.51392 0.396379
-0.50808 0.396379
-0.50224 0.396379
-0.4964 0.396379
-0.49056 0.396379
-0.48472 0.396379
-0.47888 0.396379
-0.47304 0.396379
-0.4672 0.396379
-0.46136 0.396379
-0.45552 0.396379
-0.44968 0.396379
-0.44384 0.396379
-0.438 0.396379
-0.43216 0.396379
-0.42632 0.396379
-0.42048 0.396379
-0.41464 0.396379
-0.4088 0.396379
-0.40296 0.396379
-0.39712 0.396379
-0.39128 0.396379
-0.38544 0.396379
-0.3796 0.396379
-0.37376 0.396379
-0.36792 0.396379
-0.36208 0.396379
-0.35624 0.396379
-0.3504 0.396379
-0.34456 0.396379
-0.33872 0.396379
-0.33288 0.396379
-0.32704 0.396379
-0.3212 0.396379
-0.31536 0.396379
-0.30952 0.396379
-0.30368 0.396379
-0.29784 0.396379
-0.292 0.396379
-0.28616 0.396379
-0.28032 0.396379
-0.27448 0.396379
-0.26864 0.396379
-0.2628 0.396379
-0.25696 0.396379
-0.25112 0.396379
-0.24528 0.396379
-0.23944 0.396379
-0.2336 0.396379
-0.22776 0.396379
-0.22192 0.396379
-0.21608 0.396379
-0.21024 0.396379
-0.2044 0.396379
-0.19856 0.396379
-0.19272 0.396379
-0.18688 0.396379
-0.18104 0.396379
-0.1752 0.396379
-0.16936 0.396379
-0.16352 0.396379
-0.15768 0.396379
-0.15184 0.396379
-0.146 0.396379
-0.14016 0.396379
-0.13432 0.396379
-0.12848 0.396379
-0.12264 0.396379
-0.1168 0.396379
-0.11096 0.396379
-0.10512 0.396379
-0.09928 0.396379
-0.09344 0.396379
-0.0876 0.396379
-0.08176 0.396379
-0.07592 0.396379
-0.07008 0.396379
-0.06424 0.396379
-0.0584 0.396379
-0.05256 0.396379
-0.04672 0.396379
-0.04088 0.396379
-0.03504 0.396379
-0.0292 0.396379
-0.02336 0.396379
-0.01752 0.396379
-0.01168 0.396379
-0.00584 0.396379
