-2.92 0.285574
-2.91416 0.285574
-2.90832 0.285574
-2.90248 0.285574
-2.89664 0.285574
-2.8908 0.285574
-2.88496 0.285574
-2.87912 0.285574
-2.87328 0.285574
-2.86744 0.285574
-2.8616 0.285574
-2.85576 0.285574
-2.84992 0.285574
-2.84408 0.285574
-2.83824 0.285574
-2.8324 0.285574
-2.82656 0.285574
-2.82072 0.285574
-2.81488 0.285574
-2.80904 0.285574
-2.8032 0.285574
-2.79736 0.285574
-2.79152 0.285574
-2.78568 0.285574
-2.77984 0.285574
-2.774 0.285574
-2.76816 0.285574
-2.76232 0.285574
-2.75648 0.285574
-2.75064 0.285574
-2.7448 0.285574
-2.73896 0.285574
-2.73312 0.285574
-2.72728 0.285574
-2.72144 0.285574
-2.7156 0.285574
-2.70976 0.285574
-2.70392 0.285574
-2.69808 0.285574
-2.69224 0.285574
-2.6864 0.285574
-2.68056 0.285574
-2.67472 0.285574
-2.66888 0.285574
-2.66304 0.285574
-2.6572 0.285574
-2.65136 0.285574
-2.64552 0.285574
-2.63968 0.285574
-2.63384 0.285574
-2.628 0.285574
-2.62216 0.285574
-2.61632 0.285574
-2.61048 0.285574
-2.60464 0.285574
-2.5988 0.285574
-2.59296 0.285397
-2.58712 0.28513
-2.58128 0.284731
-2.57544 0.284244
-2.5696 0.283669
-2.56376 0.283049
-2.55792 0.282388
-2.55208 0.281548
-2.54624 0.280752
-2.5404 0.279931
-2.53456 0.279065
-2.52872 0.278111
-2.52288 0.277075
-2.51704 0.275952
-2.5112 0.27483
-2.50536 0.273664
-2.49952 0.272454
-2.49368 0.271244
-2.48784 0.270034
-2.482 0.268911
-2.47616 0.267611
-2.47032 0.266311
-2.46448 0.265054
-2.45864 0.26371
-2.4528 0.262322
-2.44696 0.26089
-2.44112 0.259413
-2.43528 0.257849
-2.42944 0.256366
-2.4236 0.254758
-2.41776 0.253192
-2.41192 0.251626
-2.40608 0.250059
-2.40024 0.248406
-2.3944 0.246707
-2.38856 0.245078
-2.38272 0.243337
-2.37688 0.241551
-2.37104 0.23985
-2.3652 0.238062
-2.35936 0.23623
-2.35352 0.234442
-2.34768 0.23261
-2.34184 0.230736
-2.336 0.228816
-2.33016 0.226896
-2.32432 0.22502
-2.31848 0.223056
-2.31264 0.221093
-2.3068 0.219218
-2.30096 0.217254
-2.29512 0.215336
-2.28928 0.213373
-2.28344 0.211412
-2.2776 0.209405
-2.27176 0.2074
-2.26592 0.205392
-2.26008 0.203474
-2.25424 0.201422
-2.2484 0.199413
-2.24256 0.197405
-2.23672 0.195353
-2.23088 0.193344
-2.22504 0.191425
-2.2192 0.189331
-2.21336 0.187272
-2.20752 0.185221
-2.20168 0.18308
-2.19584 0.181027
-2.19 0.178973
-2.18416 0.176917
-2.17832 0.174821
-2.17248 0.172664
-2.16664 0.17048
-2.1608 0.168427
-2.15496 0.16637
-2.14912 0.164146
-2.14328 0.162132
-2.13744 0.159992
-2.1316 0.157896
-2.12576 0.155672
-2.11992 0.153658
-2.11408 0.151431
-2.10824 0.149373
-2.1024 0.147063
-2.09656 0.145006
-2.09072 0.142949
-2.08488 0.140641
-2.07904 0.138457
-2.0732 0.136612
-2.06736 0.134173
-2.06152 0.131993
-2.05568 0.130022
-2.04984 0.128093
-2.044 0.126171
-2.03816 0.123946
-2.03232 0.121595
-2.02648 0.1203
-2.02064 0.117484
-2.0148 0.115174
-2.00896 0.113459
-2.00312 0.111063
-1.99728 0.109387
-1.99144 0.107289
-1.9856 0.105991
-1.97976 0.104744
-1.97392 0.104085
-1.96808 0.103297
-1.96224 0.101877
-1.9564 0.101721
-1.95056 0.0998384
-1.94472 0.0985964
-1.93888 0.0984799
-1.93304 0.098294
-1.9272 0.096439
-1.92136 0.0954196
-1.91552 0.0956856
-1.90968 0.094657
-1.90384 0.0937986
-1.898 0.0930808
-1.89216 0.0931038
-1.88632 0.0934355
-1.88048 0.0928451
-1.87464 0.0918125
-1.8688 0.0923153
-1.86296 0.091311
-1.85712 0.0913612
-1.85128 0.0915193
-1.84544 0.091534
-1.8396 0.0905072
-1.83376 0.0914919
-1.82792 0.0921256
-1.82208 0.0932501
-1.81624 0.093698
-1.8104 0.0920118
-1.80456 0.0915408
-1.79872 0.093182
-1.79288 0.0938923
-1.78704 0.0944807
-1.7812 0.0936398
-1.77536 0.0945947
-1.76952 0.094288
-1.76368 0.0943926
-1.75784 0.0968255
-1.752 0.095173
-1.74616 0.0976956
-1.74032 0.0974585
-1.73448 0.0986199
-1.72864 0.0984407
-1.7228 0.0998034
-1.71696 0.101411
-1.71112 0.101459
-1.70528 0.102002
-1.69944 0.103648
-1.6936 0.105738
-1.68776 0.105321
-1.68192 0.107242
-1.67608 0.103347
-1.67024 0.106392
-1.6644 0.10624
-1.65856 0.108185
-1.65272 0.10838
-1.64688 0.109756
-1.64104 0.110426
-1.6352 0.112329
-1.62936 0.109726
-1.62352 0.111128
-1.61768 0.112063
-1.61184 0.112174
-1.606 0.114598
-1.60016 0.117302
-1.59432 0.118287
-1.58848 0.121166
-1.58264 0.125371
-1.5768 0.121758
-1.57096 0.125209
-1.56512 0.127454
-1.55928 0.131296
-1.55344 0.131437
-1.5476 0.137359
-1.54176 0.139897
-1.53592 0.141265
-1.53008 0.141762
-1.52424 0.14254
-1.5184 0.148482
-1.51256 0.150204
-1.50672 0.153585
-1.50088 0.153598
-1.49504 0.15807
-1.4892 0.158282
-1.48336 0.161805
-1.47752 0.16427
-1.47168 0.166237
-1.46584 0.16759
-1.46 0.173591
-1.45416 0.1727
-1.44832 0.174896
-1.44248 0.177579
-1.43664 0.181124
-1.4308 0.186041
-1.42496 0.190625
-1.41912 0.191797
-1.41328 0.193081
-1.40744 0.196002
-1.4016 0.198957
-1.39576 0.201705
-1.38992 0.206279
-1.38408 0.21008
-1.37824 0.21482
-1.3724 0.214432
-1.36656 0.216512
-1.36072 0.22084
-1.35488 0.221931
-1.34904 0.223817
-1.3432 0.226561
-1.33736 0.229714
-1.33152 0.233632
-1.32568 0.234554
-1.31984 0.240176
-1.314 0.239757
-1.30816 0.241619
-1.30232 0.247306
-1.29648 0.250268
-1.29064 0.254948
-1.2848 0.256409
-1.27896 0.258838
-1.27312 0.260775
-1.26728 0.260579
-1.26144 0.265715
-1.2556 0.269275
-1.24976 0.269558
-1.24392 0.274026
-1.23808 0.272955
-1.23224 0.278248
-1.2264 0.279669
-1.22056 0.283664
-1.21472 0.285894
-1.20888 0.289301
-1.20304 0.294782
-1.1972 0.297069
-1.19136 0.297442
-1.18552 0.299344
-1.17968 0.304047
-1.17384 0.306011
-1.168 0.309934
-1.16216 0.313565
-1.15632 0.312553
-1.15048 0.316208
-1.14464 0.32158
-1.1388 0.31918
-1.13296 0.320215
-1.12712 0.323684
-1.12128 0.328905
-1.11544 0.330522
-1.1096 0.335106
-1.10376 0.338038
-1.09792 0.339008
-1.09208 0.338111
-1.08624 0.337767
-1.0804 0.344819
-1.07456 0.345859
-1.06872 0.348633
-1.06288 0.349148
-1.05704 0.353247
-1.0512 0.352904
-1.04536 0.354584
-1.03952 0.35654
-1.03368 0.356607
-1.02784 0.356913
-1.022 0.359916
-1.01616 0.358181
-1.01032 0.359689
-1.00448 0.358675
-0.99864 0.361898
-0.9928 0.363238
-0.98696 0.364963
-0.98112 0.365609
-0.97528 0.365102
-0.96944 0.366465
-0.9636 0.366865
-0.95776 0.368309
-0.95192 0.370441
-0.94608 0.372197
-0.94024 0.372062
-0.9344 0.372725
-0.92856 0.373728
-0.92272 0.37371
-0.91688 0.374136
-0.91104 0.373133
-0.9052 0.373646
-0.89936 0.376169
-0.89352 0.377943
-0.88768 0.377507
-0.88184 0.380163
-0.876 0.380731
-0.87016 0.378997
-0.86432 0.381898
-0.85848 0.382354
-0.85264 0.384208
-0.8468 0.384667
-0.84096 0.385225
-0.83512 0.38612
-0.82928 0.385521
-0.82344 0.385533
-0.8176 0.386205
-0.81176 0.386779
-0.80592 0.388355
-0.80008 0.387557
-0.79424 0.390031
-0.7884 0.38982
-0.78256 0.391384
-0.77672 0.392067
-0.77088 0.392854
-0.76504 0.394483
-0.7592 0.394536
-0.75336 0.394899
-0.74752 0.396484
-0.74168 0.398256
-0.73584 0.398816
-0.73 0.400492
-0.72416 0.401647
-0.71832 0.401921
-0.71248 0.403459
-0.70664 0.404607
-0.7008 0.406035
-0.69496 0.406755
-0.68912 0.407987
-0.68328 0.409462
-0.67744 0.412774
-0.6716 0.413703
-0.66576 0.415272
-0.65992 0.416056
-0.65408 0.417019
-0.64824 0.417616
-0.6424 0.419888
-0.63656 0.421332
-0.63072 0.421701
-0.62488 0.422234
-0.61904 0.422512
-0.6132 0.422364
-0.60736 0.421961
-0.60152 0.422524
-0.59568 0.422524
-0.58984 0.422524
-0.584 0.422524
-0.57816 0.422524
-0.57232 0.422524
-0.56648 0.422524
-0.56064 0.422524
-0.5548 0.422524
-0.54896 0.422524
-0.54312 0.422524
-0.53728 0.422524
-0.53144 0.422524
-0.5256 0.422524
-0.51976 0.422524
-0.51392 0.422524
-0.50808 0.422524
-0.50224 0.422524
-0.4964 0.422524
-0.49056 0.422524
-0.48472 0.422524
-0.47888 0.422524
-0.47304 0.422524
-0.4672 0.422524
-0.46136 0.422524
-0.45552 0.422524
-0.44968 0.422524
-0.44384 0.422524
-0.438 0.422524
-0.43216 0.422524
-0.42632 0.422524
-0.42048 0.422524
-0.41464 0.422524
-0.4088 0.422524
-0.40296 0.422524
-0.39712 0.422524
-0.39128 0.422524
-0.38544 0.422524
-0.3796 0.422524
-0.37376 0.422524
-0.36792 0.422524
-0.36208 0.422524
-0.35624 0.422524
-0.3504 0.422524
-0.34456 0.422524
-0.33872 0.422524
-0.33288 0.422524
-0.32704 0.422524
-0.3212 0.422524
-0.31536 0.422524
-0.30952 0.422524
-0.30368 0.422524
-0.29784 0.422524
-0.292 0.422524
-0.28616 0.422524
-0.28032 0.422524
-0.27448 0.422524
-0.26864 0.422524
-0.2628 0.422524
-0.25696 0.422524
-0.25112 0.422524
-0.24528 0.422524
-0.23944 0.422524
-0.2336 0.422524
-0.22776 0.422524
-0.22192 0.422524
-0.21608 0.422524
-0.21024 0.422524
-0.2044 0.422524
-0.19856 0.422524
-0.19272 0.422524
-0.18688 0.422524
-0.18104 0.422524
-0.1752 0.422524
-0.16936 0.422524
-0.16352 0.422524
-0.15768 0.422524
-0.15184 0.422524
-0.146 0.422524
-0.14016 0.422524
-0.13432 0.422524
-0.12848 0.422524
-0.12264 0.422524
-0.1168 0.422524
-0.11096 0.422524
-0.10512 0.422524
-0.09928 0.422524
-0.09344 0.422524
-0.0876 0.422524
-0.08176 0.422524
-0.07592 0.422524
-0.07008 0.422524
-0.06424 0.422524
-0.0584 0.422524
-0.05256 0.422524
-0.04672 0.422524
-0.04088 0.422524
-0.03504 0.422524
-0.0292 0.422524
-0.02336 0.422524
-0.01752 0.422524
-0.01168 0.422524
-0.00584 0.422524
