-2.92 0.257019
-2.91416 0.257019
-2.90832 0.257019
-2.90248 0.257019
-2.89664 0.257019
-2.8908 0.257019
-2.88496 0.257019
-2.87912 0.257019
-2.87328 0.257019
-2.86744 0.257019
-2.8616 0.257019
-2.85576 0.257019
-2.84992 0.257019
-2.84408 0.257019
-2.83824 0.257019
-2.8324 0.257019
-2.82656 0.257019
-2.82072 0.257019
-2.81488 0.257019
-2.80904 0.257019
-2.8032 0.257019
-2.79736 0.257019
-2.79152 0.257019
-2.78568 0.257019
-2.77984 0.257019
-2.774 0.257019
-2.76816 0.257019
-2.76232 0.257019
-2.75648 0.257019
-2.75064 0.257019
-2.7448 0.257019
-2.73896 0.257019
-2.73312 0.257019
-2.72728 0.257019
-2.72144 0.257019
-2.7156 0.257019
-2.70976 0.257019
-2.70392 0.257019
-2.69808 0.257019
-2.69224 0.257019
-2.6864 0.257019
-2.68056 0.257019
-2.67472 0.257019
-2.66888 0.257019
-2.66304 0.257019
-2.6572 0.257019
-2.65136 0.257019
-2.64552 0.257019
-2.63968 0.257019
-2.63384 0.257019
-2.628 0.257019
-2.62216 0.257019
-2.61632 0.257019
-2.61048 0.257019
-2.60464 0.257019
-2.5988 0.257019
-2.59296 0.256754
-2.58712 0.256182
-2.58128 0.255524
-2.57544 0.254821
-2.5696 0.254118
-2.56376 0.253371
-2.55792 0.252668
-2.55208 0.251876
-2.54624 0.250994
-2.5404 0.250024
-2.53456 0.249008
-2.52872 0.247949
-2.52288 0.246933
-2.51704 0.245829
-2.5112 0.244724
-2.50536 0.243662
-2.49952 0.242689
-2.49368 0.241713
-2.48784 0.240652
-2.482 0.239592
-2.47616 0.2384
-2.47032 0.237119
-2.46448 0.235839
-2.45864 0.234513
-2.4528 0.233187
-2.44696 0.231861
-2.44112 0.230489
-2.43528 0.229073
-2.42944 0.227657
-2.4236 0.226197
-2.41776 0.224738
-2.41192 0.223278
-2.40608 0.221818
-2.40024 0.220359
-2.3944 0.218855
-2.38856 0.217441
-2.38272 0.215895
-2.37688 0.214393
-2.37104 0.212889
-2.3652 0.211342
-2.35936 0.209795
-2.35352 0.208381
-2.34768 0.206791
-2.34184 0.205287
-2.336 0.203653
-2.33016 0.202063
-2.32432 0.200473
-2.31848 0.198794
-2.31264 0.197202
-2.3068 0.195523
-2.30096 0.193801
-2.29512 0.192035
-2.28928 0.190313
-2.28344 0.188633
-2.2776 0.186997
-2.27176 0.185361
-2.26592 0.183725
-2.26008 0.182047
-2.25424 0.180235
-2.2484 0.178424
-2.24256 0.176657
-2.23672 0.174802
-2.23088 0.172991
-2.22504 0.171731
-2.2192 0.169876
-2.21336 0.168574
-2.20752 0.167353
-2.20168 0.165414
-2.19584 0.164533
-2.19 0.16289
-2.18416 0.162478
-2.17832 0.161091
-2.17248 0.159958
-2.16664 0.158316
-2.1608 0.157097
-2.15496 0.157145
-2.14912 0.15533
-2.14328 0.154151
-2.13744 0.153783
-2.1316 0.152012
-2.12576 0.152065
-2.11992 0.151014
-2.11408 0.150049
-2.10824 0.149419
-2.1024 0.147949
-2.09656 0.148508
-2.09072 0.147034
-2.08488 0.146238
-2.07904 0.14561
-2.0732 0.145324
-2.06736 0.144911
-2.06152 0.144798
-2.05568 0.143071
-2.04984 0.144023
-2.044 0.142214
-2.03816 0.142438
-2.03232 0.1402
-2.02648 0.141907
-2.02064 0.140984
-2.0148 0.139722
-2.00896 0.139818
-2.00312 0.14055
-1.99728 0.138612
-1.99144 0.138919
-1.9856 0.138759
-1.97976 0.137118
-1.97392 0.138316
-1.96808 0.137403
-1.96224 0.137206
-1.9564 0.136753
-1.95056 0.138555
-1.94472 0.136876
-1.93888 0.136202
-1.93304 0.13436
-1.9272 0.132891
-1.92136 0.130356
-1.91552 0.129317
-1.90968 0.128102
-1.90384 0.126971
-1.898 0.125073
-1.89216 0.122339
-1.88632 0.119555
-1.88048 0.118848
-1.87464 0.11628
-1.8688 0.114049
-1.86296 0.113382
-1.85712 0.110517
-1.85128 0.108717
-1.84544 0.106355
-1.8396 0.104606
-1.83376 0.101868
-1.82792 0.0985445
-1.82208 0.097214
-1.81624 0.0946073
-1.8104 0.0927225
-1.80456 0.0899469
-1.79872 0.0874228
-1.79288 0.0877019
-1.78704 0.0833121
-1.7812 0.0802774
-1.77536 0.0774214
-1.76952 0.07596
-1.76368 0.0739431
-1.75784 0.0707429
-1.752 0.0692005
-1.74616 0.0685062
-1.74032 0.0635272
-1.73448 0.0616918
-1.72864 0.0602
-1.7228 0.0564576
-1.71696 0.0545803
-1.71112 0.0524524
-1.70528 0.0497683
-1.69944 0.0478595
-1.6936 0.0465793
-1.68776 0.043226
-1.68192 0.0404673
-1.67608 0.0398735
-1.67024 0.0383861
-1.6644 0.0366807
-1.65856 0.0357462
-1.65272 0.0348549
-1.64688 0.0354931
-1.64104 0.0347313
-1.6352 0.0367374
-1.62936 0.0357694
-1.62352 0.0349858
-1.61768 0.036905
-1.61184 0.0374414
-1.606 0.0380635
-1.60016 0.036219
-1.59432 0.0371768
-1.58848 0.0382376
-1.58264 0.0372032
-1.5768 0.0389064
-1.57096 0.0399534
-1.56512 0.0413795
-1.55928 0.0439123
-1.55344 0.0457115
-1.5476 0.0492284
-1.54176 0.049677
-1.53592 0.0523589
-1.53008 0.0519342
-1.52424 0.0518512
-1.5184 0.0518339
-1.51256 0.0557692
-1.50672 0.0569082
-1.50088 0.0572006
-1.49504 0.0636969
-1.4892 0.0660388
-1.48336 0.0677834
-1.47752 0.0709357
-1.47168 0.0732347
-1.46584 0.0748431
-1.46 0.0753032
-1.45416 0.0771826
-1.44832 0.0807306
-1.44248 0.0849327
-1.43664 0.0861029
-1.4308 0.0856448
-1.42496 0.0893342
-1.41912 0.0904406
-1.41328 0.0941611
-1.40744 0.0962646
-1.4016 0.0977699
-1.39576 0.0990754
-1.38992 0.101426
-1.38408 0.100172
-1.37824 0.101298
-1.3724 0.104323
-1.36656 0.107118
-1.36072 0.108697
-1.35488 0.110651
-1.34904 0.113105
-1.3432 0.116718
-1.33736 0.119836
-1.33152 0.12086
-1.32568 0.125427
-1.31984 0.126127
-1.314 0.127748
-1.30816 0.13117
-1.30232 0.130344
-1.29648 0.132074
-1.29064 0.133984
-1.2848 0.135943
-1.27896 0.14245
-1.27312 0.142884
-1.26728 0.145306
-1.26144 0.147372
-1.2556 0.152445
-1.24976 0.153153
-1.24392 0.153899
-1.23808 0.155405
-1.23224 0.157622
-1.2264 0.160967
-1.22056 0.163481
-1.21472 0.164434
-1.20888 0.166155
-1.20304 0.169348
-1.1972 0.17123
-1.19136 0.17297
-1.18552 0.173808
-1.17968 0.178508
-1.17384 0.180077
-1.168 0.179321
-1.16216 0.182089
-1.15632 0.182616
-1.15048 0.185258
-1.14464 0.18473
-1.1388 0.187327
-1.13296 0.189769
-1.12712 0.192107
-1.12128 0.19632
-1.11544 0.199056
-1.1096 0.201985
-1.10376 0.204075
-1.09792 0.206352
-1.09208 0.208088
-1.08624 0.206438
-1.0804 0.208409
-1.07456 0.211143
-1.06872 0.21336
-1.06288 0.214275
-1.05704 0.221122
-1.0512 0.223679
-1.04536 0.225785
-1.03952 0.227144
-1.03368 0.230802
-1.02784 0.231964
-1.022 0.232723
-1.01616 0.233815
-1.01032 0.236878
-1.00448 0.241592
-0.99864 0.242713
-0.9928 0.241976
-0.98696 0.245968
-0.98112 0.24578
-0.97528 0.248795
-0.96944 0.251214
-0.9636 0.252766
-0.95776 0.254007
-0.95192 0.255128
-0.94608 0.253676
-0.94024 0.255001
-0.9344 0.257815
-0.92856 0.259024
-0.92272 0.260081
-0.91688 0.262427
-0.91104 0.264763
-0.9052 0.267274
-0.89936 0.270291
-0.89352 0.271022
-0.88768 0.273873
-0.88184 0.275712
-0.876 0.275912
-0.87016 0.277394
-0.86432 0.276879
-0.85848 0.277825
-0.85264 0.279821
-0.8468 0.280467
-0.84096 0.285788
-0.83512 0.286689
-0.82928 0.287974
-0.82344 0.288658
-0.8176 0.291625
-0.81176 0.293327
-0.80592 0.292539
-0.80008 0.293606
-0.79424 0.294421
-0.7884 0.294808
-0.78256 0.296595
-0.77672 0.295462
-0.77088 0.296403
-0.76504 0.297256
-0.7592 0.297647
-0.75336 0.299342
-0.74752 0.298805
-0.74168 0.300537
-0.73584 0.300037
-0.73 0.299617
-0.72416 0.29946
-0.71832 0.299295
-0.71248 0.300105
-0.70664 0.301327
-0.7008 0.302392
-0.69496 0.302644
-0.68912 0.303955
-0.68328 0.304711
-0.67744 0.305176
-0.6716 0.307202
-0.66576 0.308465
-0.65992 0.309182
-0.65408 0.311116
-0.64824 0.309769
-0.6424 0.310815
-0.63656 0.312154
-0.63072 0.313276
-0.62488 0.314312
-0.61904 0.316563
-0.6132 0.316833
-0.60736 0.317186
-0.60152 0.317155
-0.59568 0.317155
-0.58984 0.317155
-0.584 0.317155
-0.57816 0.317155
-0.57232 0.317155
-0.56648 0.317155
-0.56064 0.317155
-0.5548 0.317155
-0.54896 0.317155
-0.54312 0.317155
-0.53728 0.317155
-0.53144 0.317155
-0.5256 0.317155
-0.51976 0.317155
-0.51392 0.317155
-0.50808 0.317155
-0.50224 0.317155
-0.4964 0.317155
-0.49056 0.317155
-0.48472 0.317155
-0.47888 0.317155
-0.47304 0.317155
-0.4672 0.317155
-0.46136 0.317155
-0.45552 0.317155
-0.44968 0.317155
-0.44384 0.317155
-0.438 0.317155
-0.43216 0.317155
-0.42632 0.317155
-0.42048 0.317155
-0.41464 0.317155
-0.4088 0.317155
-0.40296 0.317155
-0.39712 0.317155
-0.39128 0.317155
-0.38544 0.317155
-0.3796 0.317155
-0.37376 0.317155
-0.36792 0.317155
-0.36208 0.317155
-0.35624 0.317155
-0.3504 0.317155
-0.34456 0.317155
-0.33872 0.317155
-0.33288 0.317155
-0.32704 0.317155
-0.3212 0.317155
-0.31536 0.317155
-0.30952 0.317155
-0.30368 0.317155
-0.29784 0.317155
-0.292 0.317155
-0.28616 0.317155
-0.28032 0.317155
-0.27448 0.317155
-0.26864 0.317155
-0.2628 0.317155
-0.25696 0.317155
-0.25112 0.317155
-0.24528 0.317155
-0.23944 0.317155
-0.2336 0.317155
-0.22776 0.317155
-0.22192 0.317155
-0.21608 0.317155
-0.21024 0.317155
-0.2044 0.317155
-0.19856 0.317155
-0.19272 0.317155
-0.18688 0.317155
-0.18104 0.317155
-0.1752 0.317155
-0.16936 0.317155
-0.16352 0.317155
-0.15768 0.317155
-0.15184 0.317155
-0.146 0.317155
-0.14016 0.317155
-0.13432 0.317155
-0.12848 0.317155
-0.12264 0.317155
-0.1168 0.317155
-0.11096 0.317155
-0.10512 0.317155
-0.09928 0.317155
-0.09344 0.317155
-0.0876 0.317155
-0.08176 0.317155
-0.07592 0.317155
-0.07008 0.317155
-0.06424 0.317155
-0.0584 0.317155
-0.05256 0.317155
-0.04672 0.317155
-0.04088 0.317155
-0.03504 0.317155
-0.0292 0.317155
-0.02336 0.317155
-0.01752 0.317155
-0.01168 0.317155
-0.00584 0.317155
