-2.92 0.270233
-2.91416 0.270233
-2.90832 0.270233
-2.90248 0.270233
-2.89664 0.270233
-2.8908 0.270233
-2.88496 0.270233
-2.87912 0.270233
-2.87328 0.270233
-2.86744 0.270233
-2.8616 0.270233
-2.85576 0.270233
-2.84992 0.270233
-2.84408 0.270233
-2.83824 0.270233
-2.8324 0.270233
-2.82656 0.270233
-2.82072 0.270233
-2.81488 0.270233
-2.80904 0.270233
-2.8032 0.270233
-2.79736 0.270233
-2.79152 0.270233
-2.78568 0.270233
-2.77984 0.270233
-2.774 0.270233
-2.76816 0.270233
-2.76232 0.270233
-2.75648 0.270233
-2.75064 0.270233
-2.7448 0.270233
-2.73896 0.270233
-2.73312 0.270233
-2.72728 0.270233
-2.72144 0.270233
-2.7156 0.270233
-2.70976 0.270233
-2.70392 0.270233
-2.69808 0.270233
-2.69224 0.270233
-2.6864 0.270233
-2.68056 0.270233
-2.67472 0.270233
-2.66888 0.270233
-2.66304 0.270233
-2.6572 0.270233
-2.65136 0.270233
-2.64552 0.270233
-2.63968 0.270233
-2.63384 0.270233
-2.628 0.270233
-2.62216 0.270233
-2.61632 0.270233
-2.61048 0.270233
-2.60464 0.270233
-2.5988 0.270233
-2.59296 0.270012
-2.58712 0.269569
-2.58128 0.268992
-2.57544 0.268328
-2.5696 0.267621
-2.56376 0.266868
-2.55792 0.266117
-2.55208 0.265235
-2.54624 0.264222
-2.5404 0.263209
-2.53456 0.262196
-2.52872 0.261183
-2.52288 0.260082
-2.51704 0.258894
-2.5112 0.257619
-2.50536 0.256342
-2.49952 0.255067
-2.49368 0.253836
-2.48784 0.252516
-2.482 0.251284
-2.47616 0.249832
-2.47032 0.248381
-2.46448 0.246972
-2.45864 0.24552
-2.4528 0.244024
-2.44696 0.242571
-2.44112 0.241075
-2.43528 0.239533
-2.42944 0.238079
-2.4236 0.236537
-2.41776 0.23504
-2.41192 0.233454
-2.40608 0.231868
-2.40024 0.230239
-2.3944 0.228609
-2.38856 0.226981
-2.38272 0.22535
-2.37688 0.223764
-2.37104 0.22209
-2.3652 0.220415
-2.35936 0.21874
-2.35352 0.217022
-2.34768 0.215303
-2.34184 0.213586
-2.336 0.211868
-2.33016 0.210105
-2.32432 0.208341
-2.31848 0.206577
-2.31264 0.204813
-2.3068 0.203182
-2.30096 0.201374
-2.29512 0.199699
-2.28928 0.197893
-2.28344 0.196087
-2.2776 0.194325
-2.27176 0.19265
-2.26592 0.190844
-2.26008 0.189169
-2.25424 0.18732
-2.2484 0.18547
-2.24256 0.183663
-2.23672 0.181856
-2.23088 0.180005
-2.22504 0.17837
-2.2192 0.176519
-2.21336 0.174795
-2.20752 0.172988
-2.20168 0.171304
-2.19584 0.169367
-2.19 0.168021
-2.18416 0.166082
-2.17832 0.1641
-2.17248 0.16212
-2.16664 0.160011
-2.1608 0.158324
-2.15496 0.156853
-2.14912 0.154914
-2.14328 0.153907
-2.13744 0.152054
-2.1316 0.149774
-2.12576 0.1483
-2.11992 0.146701
-2.11408 0.145058
-2.10824 0.142736
-2.1024 0.140923
-2.09656 0.139108
-2.09072 0.137591
-2.08488 0.135993
-2.07904 0.134732
-2.0732 0.132795
-2.06736 0.131024
-2.06152 0.12824
-2.05568 0.126772
-2.04984 0.126148
-2.044 0.123959
-2.03816 0.122106
-2.03232 0.119575
-2.02648 0.119204
-2.02064 0.116589
-2.0148 0.114774
-2.00896 0.113472
-2.00312 0.111195
-1.99728 0.109172
-1.99144 0.107831
-1.9856 0.107374
-1.97976 0.105811
-1.97392 0.104849
-1.96808 0.105069
-1.96224 0.104863
-1.9564 0.103336
-1.95056 0.10199
-1.94472 0.100058
-1.93888 0.101039
-1.93304 0.10083
-1.9272 0.099235
-1.92136 0.0980573
-1.91552 0.0974709
-1.90968 0.0978346
-1.90384 0.0970782
-1.898 0.0959759
-1.89216 0.0960202
-1.88632 0.0957223
-1.88048 0.096064
-1.87464 0.0959237
-1.8688 0.0956656
-1.86296 0.095244
-1.85712 0.0955652
-1.85128 0.0972179
-1.84544 0.0955118
-1.8396 0.0961294
-1.83376 0.0964563
-1.82792 0.0965761
-1.82208 0.0956499
-1.81624 0.096909
-1.8104 0.0964643
-1.80456 0.0956541
-1.79872 0.0969574
-1.79288 0.0979676
-1.78704 0.0955639
-1.7812 0.0962595
-1.77536 0.095792
-1.76952 0.0971894
-1.76368 0.0977654
-1.75784 0.0956037
-1.752 0.0985808
-1.74616 0.097019
-1.74032 0.0974723
-1.73448 0.0986181
-1.72864 0.0955715
-1.7228 0.0999661
-1.71696 0.0979506
-1.71112 0.0988978
-1.70528 0.101258
-1.69944 0.101951
-1.6936 0.10236
-1.68776 0.101965
-1.68192 0.10134
-1.67608 0.0992261
-1.67024 0.0998847
-1.6644 0.101937
-1.65856 0.100029
-1.65272 0.100335
-1.64688 0.101698
-1.64104 0.102693
-1.6352 0.103328
-1.62936 0.101568
-1.62352 0.103741
-1.61768 0.103975
-1.61184 0.106661
-1.606 0.10614
-1.60016 0.109762
-1.59432 0.110069
-1.58848 0.113293
-1.58264 0.113405
-1.5768 0.115771
-1.57096 0.122044
-1.56512 0.120493
-1.55928 0.122344
-1.55344 0.126807
-1.5476 0.1286
-1.54176 0.130521
-1.53592 0.133903
-1.53008 0.131084
-1.52424 0.138052
-1.5184 0.141899
-1.51256 0.143676
-1.50672 0.145332
-1.50088 0.146921
-1.49504 0.151117
-1.4892 0.153712
-1.48336 0.152132
-1.47752 0.155802
-1.47168 0.16119
-1.46584 0.160833
-1.46 0.165016
-1.45416 0.1669
-1.44832 0.172064
-1.44248 0.173457
-1.43664 0.173324
-1.4308 0.178131
-1.42496 0.178824
-1.41912 0.181824
-1.41328 0.185315
-1.40744 0.190723
-1.4016 0.194134
-1.39576 0.193337
-1.38992 0.195661
-1.38408 0.201567
-1.37824 0.203578
-1.3724 0.205647
-1.36656 0.207698
-1.36072 0.212759
-1.35488 0.215562
-1.34904 0.211708
-1.3432 0.221864
-1.33736 0.219038
-1.33152 0.222901
-1.32568 0.226642
-1.31984 0.228908
-1.314 0.233049
-1.30816 0.23071
-1.30232 0.234817
-1.29648 0.237565
-1.29064 0.237888
-1.2848 0.243681
-1.27896 0.243886
-1.27312 0.248008
-1.26728 0.252515
-1.26144 0.251304
-1.2556 0.254164
-1.24976 0.257001
-1.24392 0.258737
-1.23808 0.260465
-1.23224 0.261161
-1.2264 0.265575
-1.22056 0.265946
-1.21472 0.267759
-1.20888 0.273112
-1.20304 0.275235
-1.1972 0.278333
-1.19136 0.278807
-1.18552 0.283011
-1.17968 0.283437
-1.17384 0.287618
-1.168 0.288879
-1.16216 0.292027
-1.15632 0.293461
-1.15048 0.296831
-1.14464 0.297789
-1.1388 0.30104
-1.13296 0.303836
-1.12712 0.303891
-1.12128 0.305897
-1.11544 0.311276
-1.1096 0.312571
-1.10376 0.314141
-1.09792 0.317056
-1.09208 0.312696
-1.08624 0.317709
-1.0804 0.321919
-1.07456 0.324005
-1.06872 0.323842
-1.06288 0.32354
-1.05704 0.328323
-1.0512 0.329148
-1.04536 0.327002
-1.03952 0.328413
-1.03368 0.332487
-1.02784 0.329024
-1.022 0.330906
-1.01616 0.332191
-1.01032 0.333187
-1.00448 0.333495
-0.99864 0.331883
-0.9928 0.333276
-0.98696 0.331872
-0.98112 0.334034
-0.97528 0.335284
-0.96944 0.337219
-0.9636 0.338204
-0.95776 0.336247
-0.95192 0.334398
-0.94608 0.339009
-0.94024 0.338556
-0.9344 0.338195
-0.92856 0.338802
-0.92272 0.341306
-0.91688 0.341785
-0.91104 0.337179
-0.9052 0.342413
-0.89936 0.341425
-0.89352 0.343582
-0.88768 0.34267
-0.88184 0.343891
-0.876 0.344129
-0.87016 0.342367
-0.86432 0.343881
-0.85848 0.345432
-0.85264 0.347009
-0.8468 0.346996
-0.84096 0.348248
-0.83512 0.34939
-0.82928 0.350001
-0.82344 0.34863
-0.8176 0.348526
-0.81176 0.349799
-0.80592 0.350014
-0.80008 0.35143
-0.79424 0.352646
-0.7884 0.354103
-0.78256 0.353416
-0.77672 0.354387
-0.77088 0.355034
-0.76504 0.355679
-0.7592 0.357104
-0.75336 0.358386
-0.74752 0.358392
-0.74168 0.359429
-0.73584 0.360186
-0.73 0.361678
-0.72416 0.362205
-0.71832 0.363893
-0.71248 0.364584
-0.70664 0.366323
-0.7008 0.366508
-0.69496 0.368052
-0.68912 0.368752
-0.68328 0.370682
-0.67744 0.373359
-0.6716 0.375407
-0.66576 0.376084
-0.65992 0.377744
-0.65408 0.37759
-0.64824 0.379059
-0.6424 0.380719
-0.63656 0.381844
-0.63072 0.382465
-0.62488 0.383424
-0.61904 0.384068
-0.6132 0.384496
-0.60736 0.384184
-0.60152 0.384751
-0.59568 0.384751
-0.58984 0.384751
-0.584 0.384751
-0.57816 0.384751
-0.57232 0.384751
-0.56648 0.384751
-0.56064 0.384751
-0.5548 0.384751
-0.54896 0.384751
-0.54312 0.384751
-0.53728 0.384751
-0.53144 0.384751
-0.5256 0.384751
-0.51976 0.384751
-0.51392 0.384751
-0.50808 0.384751
-0.50224 0.384751
-0.4964 0.384751
-0.49056 0.384751
-0.48472 0.384751
-0.47888 0.384751
-0.47304 0.384751
-0.4672 0.384751
-0.46136 0.384751
-0.45552 0.384751
-0.44968 0.384751
-0.44384 0.384751
-0.438 0.384751
-0.43216 0.384751
-0.42632 0.384751
-0.42048 0.384751
-0.41464 0.384751
-0.4088 0.384751
-0.40296 0.384751
-0.39712 0.384751
-0.39128 0.384751
-0.38544 0.384751
-0.3796 0.384751
-0.37376 0.384751
-0.36792 0.384751
-0.36208 0.384751
-0.35624 0.384751
-0.3504 0.384751
-0.34456 0.384751
-0.33872 0.384751
-0.33288 0.384751
-0.32704 0.384751
-0.3212 0.384751
-0.31536 0.384751
-0.30952 0.384751
-0.30368 0.384751
-0.29784 0.384751
-0.292 0.384751
-0.28616 0.384751
-0.28032 0.384751
-0.27448 0.384751
-0.26864 0.384751
-0.2628 0.384751
-0.25696 0.384751
-0.25112 0.384751
-0.24528 0.384751
-0.23944 0.384751
-0.2336 0.384751
-0.22776 0.384751
-0.22192 0.384751
-0.21608 0.384751
-0.21024 0.384751
-0.2044 0.384751
-0.19856 0.384751
-0.19272 0.384751
-0.18688 0.384751
-0.18104 0.384751
-0.1752 0.384751
-0.16936 0.384751
-0.16352 0.384751
-0.15768 0.384751
-0.15184 0.384751
-0.146 0.384751
-0.14016 0.384751
-0.13432 0.384751
-0.12848 0.384751
-0.12264 0.384751
-0.1168 0.384751
-0.11096 0.384751
-0.10512 0.384751
-0.09928 0.384751
-0.09344 0.384751
-0.0876 0.384751
-0.08176 0.384751
-0.07592 0.384751
-0.07008 0.384751
-0.06424 0.384751
-0.0584 0.384751
-0.05256 0.384751
-0.04672 0.384751
-0.04088 0.384751
-0.03504 0.384751
-0.0292 0.384751
-0.02336 0.384751
-0.01752 0.384751
-0.01168 0.384751
-0.00584 0.384751
