-2.92 0.274834
-2.91416 0.274834
-2.90832 0.274834
-2.90248 0.274834
-2.89664 0.274834
-2.8908 0.274834
-2.88496 0.274834
-2.87912 0.274834
-2.87328 0.274834
-2.86744 0.274834
-2.8616 0.274834
-2.85576 0.274834
-2.84992 0.274834
-2.84408 0.274834
-2.83824 0.274834
-2.8324 0.274834
-2.82656 0.274834
-2.82072 0.274834
-2.81488 0.274834
-2.80904 0.274834
-2.8032 0.274834
-2.79736 0.274834
-2.79152 0.274834
-2.78568 0.274834
-2.77984 0.274834
-2.774 0.274834
-2.76816 0.274834
-2.76232 0.274834
-2.75648 0.274834
-2.75064 0.274834
-2.7448 0.274834
-2.73896 0.274834
-2.73312 0.274834
-2.72728 0.274834
-2.72144 0.274834
-2.7156 0.274834
-2.70976 0.274834
-2.70392 0.274834
-2.69808 0.274834
-2.69224 0.274834
-2.6864 0.274834
-2.68056 0.274834
-2.67472 0.274834
-2.66888 0.274834
-2.66304 0.274834
-2.6572 0.274834
-2.65136 0.274834
-2.64552 0.274834
-2.63968 0.274834
-2.63384 0.274834
-2.628 0.274834
-2.62216 0.274834
-2.61632 0.274834
-2.61048 0.274834
-2.60464 0.274834
-2.5988 0.274834
-2.59296 0.274395
-2.58712 0.273911
-2.58128 0.273296
-2.57544 0.272635
-2.5696 0.271931
-2.56376 0.271227
-2.55792 0.270523
-2.55208 0.269818
-2.54624 0.269026
-2.5404 0.268145
-2.53456 0.267223
-2.52872 0.266344
-2.52288 0.265377
-2.51704 0.264321
-2.5112 0.263352
-2.50536 0.262294
-2.49952 0.261149
-2.49368 0.260004
-2.48784 0.258945
-2.482 0.257978
-2.47616 0.256704
-2.47032 0.255429
-2.46448 0.254109
-2.45864 0.252701
-2.4528 0.251293
-2.44696 0.249886
-2.44112 0.248477
-2.43528 0.247025
-2.42944 0.245614
-2.4236 0.244116
-2.41776 0.242619
-2.41192 0.24112
-2.40608 0.239621
-2.40024 0.238077
-2.3944 0.236491
-2.38856 0.234905
-2.38272 0.23323
-2.37688 0.231556
-2.37104 0.229839
-2.3652 0.228122
-2.35936 0.226359
-2.35352 0.22464
-2.34768 0.222876
-2.34184 0.221113
-2.336 0.219349
-2.33016 0.217543
-2.32432 0.215693
-2.31848 0.213842
-2.31264 0.212036
-2.3068 0.210274
-2.30096 0.208381
-2.29512 0.206617
-2.28928 0.204811
-2.28344 0.20296
-2.2776 0.201108
-2.27176 0.199299
-2.26592 0.197536
-2.26008 0.195863
-2.25424 0.193969
-2.2484 0.192029
-2.24256 0.190046
-2.23672 0.188106
-2.23088 0.186122
-2.22504 0.184693
-2.2192 0.18275
-2.21336 0.18153
-2.20752 0.179975
-2.20168 0.178371
-2.19584 0.177191
-2.19 0.175423
-2.18416 0.173947
-2.17832 0.173063
-2.17248 0.171292
-2.16664 0.170196
-2.1608 0.168633
-2.15496 0.167285
-2.14912 0.165809
-2.14328 0.165899
-2.13744 0.163999
-2.1316 0.163072
-2.12576 0.161511
-2.11992 0.16058
-2.11408 0.159064
-2.10824 0.159494
-2.1024 0.15738
-2.09656 0.15692
-2.09072 0.155191
-2.08488 0.153674
-2.07904 0.153428
-2.0732 0.153558
-2.06736 0.153868
-2.06152 0.150865
-2.05568 0.151131
-2.04984 0.149996
-2.044 0.1487
-2.03816 0.146593
-2.03232 0.147279
-2.02648 0.147796
-2.02064 0.147339
-2.0148 0.147344
-2.00896 0.146933
-2.00312 0.146263
-1.99728 0.144666
-1.99144 0.144166
-1.9856 0.143626
-1.97976 0.142874
-1.97392 0.142374
-1.96808 0.140654
-1.96224 0.142399
-1.9564 0.142034
-1.95056 0.141669
-1.94472 0.140282
-1.93888 0.136984
-1.93304 0.13861
-1.9272 0.137266
-1.92136 0.13435
-1.91552 0.132579
-1.90968 0.128988
-1.90384 0.128667
-1.898 0.12605
-1.89216 0.124747
-1.88632 0.121747
-1.88048 0.120029
-1.87464 0.118554
-1.8688 0.116927
-1.86296 0.114225
-1.85712 0.111699
-1.85128 0.107981
-1.84544 0.109069
-1.8396 0.104926
-1.83376 0.101722
-1.82792 0.100385
-1.82208 0.0979099
-1.81624 0.0964515
-1.8104 0.0923534
-1.80456 0.0900401
-1.79872 0.0897663
-1.79288 0.086604
-1.78704 0.0837018
-1.7812 0.082754
-1.77536 0.0802339
-1.76952 0.0777145
-1.76368 0.0753244
-1.75784 0.0739506
-1.752 0.0692342
-1.74616 0.0668879
-1.74032 0.0647545
-1.73448 0.0626691
-1.72864 0.0601562
-1.7228 0.0588367
-1.71696 0.0539096
-1.71112 0.0521242
-1.70528 0.0501213
-1.69944 0.0478315
-1.6936 0.0446451
-1.68776 0.0436296
-1.68192 0.0414622
-1.67608 0.0398507
-1.67024 0.0376068
-1.6644 0.0360422
-1.65856 0.03617
-1.65272 0.035885
-1.64688 0.0361429
-1.64104 0.0358207
-1.6352 0.037951
-1.62936 0.0381778
-1.62352 0.0372575
-1.61768 0.0383759
-1.61184 0.0374226
-1.606 0.0397857
-1.60016 0.0400381
-1.59432 0.041949
-1.58848 0.0411276
-1.58264 0.040634
-1.5768 0.0427771
-1.57096 0.043399
-1.56512 0.0446523
-1.55928 0.0451989
-1.55344 0.0475615
-1.5476 0.051906
-1.54176 0.0515637
-1.53592 0.0550301
-1.53008 0.0547591
-1.52424 0.0544763
-1.5184 0.0552304
-1.51256 0.0580512
-1.50672 0.0605782
-1.50088 0.062359
-1.49504 0.067951
-1.4892 0.0690889
-1.48336 0.0717702
-1.47752 0.0748673
-1.47168 0.0755949
-1.46584 0.0781779
-1.46 0.0813191
-1.45416 0.0825646
-1.44832 0.0854301
-1.44248 0.0901979
-1.43664 0.0914382
-1.4308 0.0933671
-1.42496 0.0978039
-1.41912 0.0998371
-1.41328 0.101713
-1.40744 0.105489
-1.4016 0.107458
-1.39576 0.110973
-1.38992 0.111861
-1.38408 0.111666
-1.37824 0.116275
-1.3724 0.118611
-1.36656 0.121982
-1.36072 0.121028
-1.35488 0.124259
-1.34904 0.127989
-1.3432 0.132022
-1.33736 0.13404
-1.33152 0.138424
-1.32568 0.141738
-1.31984 0.144615
-1.314 0.14536
-1.30816 0.146991
-1.30232 0.147683
-1.29648 0.151601
-1.29064 0.154137
-1.2848 0.156505
-1.27896 0.160471
-1.27312 0.167005
-1.26728 0.168183
-1.26144 0.170922
-1.2556 0.17427
-1.24976 0.176147
-1.24392 0.177916
-1.23808 0.182968
-1.23224 0.185497
-1.2264 0.184914
-1.22056 0.189441
-1.21472 0.192744
-1.20888 0.195949
-1.20304 0.196204
-1.1972 0.199817
-1.19136 0.205349
-1.18552 0.204716
-1.17968 0.208681
-1.17384 0.208869
-1.168 0.211539
-1.16216 0.213109
-1.15632 0.216474
-1.15048 0.217622
-1.14464 0.218706
-1.1388 0.222709
-1.13296 0.226258
-1.12712 0.228616
-1.12128 0.230851
-1.11544 0.234564
-1.1096 0.239792
-1.10376 0.240289
-1.09792 0.245329
-1.09208 0.245333
-1.08624 0.245064
-1.0804 0.246738
-1.07456 0.251058
-1.06872 0.254636
-1.06288 0.255854
-1.05704 0.263609
-1.0512 0.263473
-1.04536 0.265747
-1.03952 0.271412
-1.03368 0.271261
-1.02784 0.273971
-1.022 0.276316
-1.01616 0.278214
-1.01032 0.280451
-1.00448 0.28425
-0.99864 0.287369
-0.9928 0.288664
-0.98696 0.291962
-0.98112 0.293211
-0.97528 0.295572
-0.96944 0.298521
-0.9636 0.301013
-0.95776 0.303154
-0.95192 0.304239
-0.94608 0.304379
-0.94024 0.30797
-0.9344 0.310106
-0.92856 0.311497
-0.92272 0.313001
-0.91688 0.314213
-0.91104 0.318007
-0.9052 0.32159
-0.89936 0.322338
-0.89352 0.326471
-0.88768 0.329885
-0.88184 0.331514
-0.876 0.33036
-0.87016 0.334396
-0.86432 0.332468
-0.85848 0.335533
-0.85264 0.339073
-0.8468 0.339654
-0.84096 0.342713
-0.83512 0.347396
-0.82928 0.348632
-0.82344 0.349463
-0.8176 0.35211
-0.81176 0.354121
-0.80592 0.355241
-0.80008 0.356532
-0.79424 0.3577
-0.7884 0.357898
-0.78256 0.359521
-0.77672 0.360221
-0.77088 0.363021
-0.76504 0.362332
-0.7592 0.362846
-0.75336 0.365064
-0.74752 0.364322
-0.74168 0.365979
-0.73584 0.367093
-0.73 0.3669
-0.72416 0.366375
-0.71832 0.367862
-0.71248 0.368212
-0.70664 0.369447
-0.7008 0.370173
-0.69496 0.371146
-0.68912 0.371916
-0.68328 0.373024
-0.67744 0.374213
-0.6716 0.376456
-0.66576 0.377632
-0.65992 0.378472
-0.65408 0.379644
-0.64824 0.378763
-0.6424 0.379764
-0.63656 0.381016
-0.63072 0.382226
-0.62488 0.383308
-0.61904 0.385606
-0.6132 0.38626
-0.60736 0.386532
-0.60152 0.386377
-0.59568 0.386377
-0.58984 0.386377
-0.584 0.386377
-0.57816 0.386377
-0.57232 0.386377
-0.56648 0.386377
-0.56064 0.386377
-0.5548 0.386377
-0.54896 0.386377
-0.54312 0.386377
-0.53728 0.386377
-0.53144 0.386377
-0.5256 0.386377
-0.51976 0.386377
-0.51392 0.386377
-0.50808 0.386377
-0.50224 0.386377
-0.4964 0.386377
-0.49056 0.386377
-0.48472 0.386377
-0.47888 0.386377
-0.47304 0.386377
-0.4672 0.386377
-0.46136 0.386377
-0.45552 0.386377
-0.44968 0.386377
-0.44384 0.386377
-0.438 0.386377
-0.43216 0.386377
-0.42632 0.386377
-0.42048 0.386377
-0.41464 0.386377
-0.4088 0.386377
-0.40296 0.386377
-0.39712 0.386377
-0.39128 0.386377
-0.38544 0.386377
-0.3796 0.386377
-0.37376 0.386377
-0.36792 0.386377
-0.36208 0.386377
-0.35624 0.386377
-0.3504 0.386377
-0.34456 0.386377
-0.33872 0.386377
-0.33288 0.386377
-0.32704 0.386377
-0.3212 0.386377
-0.31536 0.386377
-0.30952 0.386377
-0.30368 0.386377
-0.29784 0.386377
-0.292 0.386377
-0.28616 0.386377
-0.28032 0.386377
-0.27448 0.386377
-0.26864 0.386377
-0.2628 0.386377
-0.25696 0.386377
-0.25112 0.386377
-0.24528 0.386377
-0.23944 0.386377
-0.2336 0.386377
-0.22776 0.386377
-0.22192 0.386377
-0.21608 0.386377
-0.21024 0.386377
-0.2044 0.386377
-0.19856 0.386377
-0.19272 0.386377
-0.18688 0.386377
-0.18104 0.386377
-0.1752 0.386377
-0.16936 0.386377
-0.16352 0.386377
-0.15768 0.386377
-0.15184 0.386377
-0.146 0.386377
-0.14016 0.386377
-0.13432 0.386377
-0.12848 0.386377
-0.12264 0.386377
-0.1168 0.386377
-0.11096 0.386377
-0.10512 0.386377
-0.09928 0.386377
-0.09344 0.386377
-0.0876 0.386377
-0.08176 0.386377
-0.07592 0.386377
-0.07008 0.386377
-0.06424 0.386377
-0.0584 0.386377
-0.05256 0.386377
-0.04672 0.386377
-0.04088 0.386377
-0.03504 0.386377
-0.0292 0.386377
-0.02336 0.386377
-0.01752 0.386377
-0.01168 0.386377
-0.00584 0.386377
