-2.92 0.249022
-2.91416 0.249022
-2.90832 0.249022
-2.90248 0.249022
-2.89664 0.249022
-2.8908 0.249022
-2.88496 0.249022
-2.87912 0.249022
-2.87328 0.249022
-2.86744 0.249022
-2.8616 0.249022
-2.85576 0.249022
-2.84992 0.249022
-2.84408 0.249022
-2.83824 0.249022
-2.8324 0.249022
-2.82656 0.249022
-2.82072 0.249022
-2.81488 0.249022
-2.80904 0.249022
-2.8032 0.249022
-2.79736 0.249022
-2.79152 0.249022
-2.78568 0.249022
-2.77984 0.249022
-2.774 0.249022
-2.76816 0.249022
-2.76232 0.249022
-2.75648 0.249022
-2.75064 0.249022
-2.7448 0.249022
-2.73896 0.249022
-2.73312 0.249022
-2.72728 0.249022
-2.72144 0.249022
-2.7156 0.249022
-2.70976 0.249022
-2.70392 0.249022
-2.69808 0.249022
-2.69224 0.249022
-2.6864 0.249022
-2.68056 0.249022
-2.67472 0.249022
-2.66888 0.249022
-2.66304 0.249022
-2.6572 0.249022
-2.65136 0.249022
-2.64552 0.249022
-2.63968 0.249022
-2.63384 0.249022
-2.628 0.249022
-2.62216 0.249022
-2.61632 0.249022
-2.61048 0.249022
-2.60464 0.249022
-2.5988 0.249022
-2.59296 0.24876
-2.58712 0.248452
-2.58128 0.248055
-2.57544 0.247612
-2.5696 0.247126
-2.56376 0.246552
-2.55792 0.245977
-2.55208 0.245314
-2.54624 0.244606
-2.5404 0.243811
-2.53456 0.243059
-2.52872 0.242221
-2.52288 0.241252
-2.51704 0.240281
-2.5112 0.239312
-2.50536 0.238385
-2.49952 0.237416
-2.49368 0.236403
-2.48784 0.235477
-2.482 0.234638
-2.47616 0.233579
-2.47032 0.232476
-2.46448 0.231329
-2.45864 0.230182
-2.4528 0.228989
-2.44696 0.227754
-2.44112 0.226475
-2.43528 0.225152
-2.42944 0.223916
-2.4236 0.222593
-2.41776 0.221313
-2.41192 0.21999
-2.40608 0.218666
-2.40024 0.217343
-2.3944 0.215974
-2.38856 0.214651
-2.38272 0.213281
-2.37688 0.211866
-2.37104 0.210365
-2.3652 0.208866
-2.35936 0.207277
-2.35352 0.205645
-2.34768 0.204101
-2.34184 0.202513
-2.336 0.200837
-2.33016 0.199206
-2.32432 0.197618
-2.31848 0.195899
-2.31264 0.194224
-2.3068 0.19255
-2.30096 0.190789
-2.29512 0.189071
-2.28928 0.187396
-2.28344 0.185679
-2.2776 0.183873
-2.27176 0.182157
-2.26592 0.180394
-2.26008 0.178763
-2.25424 0.176913
-2.2484 0.175108
-2.24256 0.173259
-2.23672 0.171409
-2.23088 0.169516
-2.22504 0.167623
-2.2192 0.16573
-2.21336 0.163967
-2.20752 0.162162
-2.20168 0.160311
-2.19584 0.158462
-2.19 0.156613
-2.18416 0.154762
-2.17832 0.152997
-2.17248 0.151148
-2.16664 0.14917
-2.1608 0.147445
-2.15496 0.145594
-2.14912 0.143534
-2.14328 0.141726
-2.13744 0.14
-2.1316 0.138022
-2.12576 0.136046
-2.11992 0.134575
-2.11408 0.132511
-2.10824 0.130535
-2.1024 0.129193
-2.09656 0.127004
-2.09072 0.125278
-2.08488 0.123516
-2.07904 0.121536
-2.0732 0.119813
-2.06736 0.117836
-2.06152 0.116326
-2.05568 0.114646
-2.04984 0.112415
-2.044 0.111413
-2.03816 0.109352
-2.03232 0.107332
-2.02648 0.105563
-2.02064 0.103329
-2.0148 0.102071
-2.00896 0.0998789
-2.00312 0.0982385
-1.99728 0.0970227
-1.99144 0.094924
-1.9856 0.0927733
-1.97976 0.0915154
-1.97392 0.0903903
-1.96808 0.0883658
-1.96224 0.0878399
-1.9564 0.0873455
-1.95056 0.0866016
-1.94472 0.0863634
-1.93888 0.0848578
-1.93304 0.085725
-1.9272 0.0849887
-1.92136 0.0844961
-1.91552 0.0839693
-1.90968 0.0839898
-1.90384 0.0827832
-1.898 0.0831861
-1.89216 0.0815931
-1.88632 0.0826403
-1.88048 0.0829913
-1.87464 0.0825123
-1.8688 0.0829616
-1.86296 0.0827828
-1.85712 0.08296
-1.85128 0.0841782
-1.84544 0.0813179
-1.8396 0.0845124
-1.83376 0.0827745
-1.82792 0.0830064
-1.82208 0.0843535
-1.81624 0.0858235
-1.8104 0.0841215
-1.80456 0.0850364
-1.79872 0.0846312
-1.79288 0.0855065
-1.78704 0.0858095
-1.7812 0.0859506
-1.77536 0.0877822
-1.76952 0.0867579
-1.76368 0.0890856
-1.75784 0.090347
-1.752 0.0917883
-1.74616 0.0905516
-1.74032 0.0911477
-1.73448 0.0925764
-1.72864 0.0933925
-1.7228 0.0958959
-1.71696 0.0948718
-1.71112 0.0970484
-1.70528 0.100239
-1.69944 0.0993263
-1.6936 0.102147
-1.68776 0.10284
-1.68192 0.103493
-1.67608 0.103919
-1.67024 0.106944
-1.6644 0.105525
-1.65856 0.103905
-1.65272 0.107107
-1.64688 0.106245
-1.64104 0.106717
-1.6352 0.106998
-1.62936 0.106301
-1.62352 0.109563
-1.61768 0.108645
-1.61184 0.111102
-1.606 0.11287
-1.60016 0.112668
-1.59432 0.115815
-1.58848 0.115108
-1.58264 0.119815
-1.5768 0.122106
-1.57096 0.122607
-1.56512 0.12712
-1.55928 0.128843
-1.55344 0.128568
-1.5476 0.130932
-1.54176 0.13372
-1.53592 0.13461
-1.53008 0.137488
-1.52424 0.139978
-1.5184 0.144934
-1.51256 0.145699
-1.50672 0.148897
-1.50088 0.151831
-1.49504 0.153925
-1.4892 0.157485
-1.48336 0.161759
-1.47752 0.162618
-1.47168 0.16661
-1.46584 0.168001
-1.46 0.172369
-1.45416 0.170936
-1.44832 0.171916
-1.44248 0.178559
-1.43664 0.180948
-1.4308 0.181642
-1.42496 0.187175
-1.41912 0.18769
-1.41328 0.195294
-1.40744 0.193936
-1.4016 0.196018
-1.39576 0.198717
-1.38992 0.201962
-1.38408 0.206396
-1.37824 0.20515
-1.3724 0.209715
-1.36656 0.21578
-1.36072 0.217393
-1.35488 0.218591
-1.34904 0.220265
-1.3432 0.224836
-1.33736 0.227931
-1.33152 0.229727
-1.32568 0.234007
-1.31984 0.237333
-1.314 0.239963
-1.30816 0.240276
-1.30232 0.242598
-1.29648 0.246777
-1.29064 0.249894
-1.2848 0.254375
-1.27896 0.254985
-1.27312 0.255791
-1.26728 0.260351
-1.26144 0.262981
-1.2556 0.264178
-1.24976 0.267525
-1.24392 0.269376
-1.23808 0.270333
-1.23224 0.273583
-1.2264 0.275789
-1.22056 0.276131
-1.21472 0.280913
-1.20888 0.280649
-1.20304 0.282991
-1.1972 0.286295
-1.19136 0.288651
-1.18552 0.291437
-1.17968 0.292446
-1.17384 0.297042
-1.168 0.298463
-1.16216 0.300494
-1.15632 0.302382
-1.15048 0.306223
-1.14464 0.311713
-1.1388 0.31307
-1.13296 0.312562
-1.12712 0.317284
-1.12128 0.31973
-1.11544 0.321452
-1.1096 0.321389
-1.10376 0.322769
-1.09792 0.325593
-1.09208 0.326105
-1.08624 0.329311
-1.0804 0.333352
-1.07456 0.33352
-1.06872 0.336955
-1.06288 0.337418
-1.05704 0.340932
-1.0512 0.34148
-1.04536 0.344079
-1.03952 0.345211
-1.03368 0.346721
-1.02784 0.346824
-1.022 0.349941
-1.01616 0.347844
-1.01032 0.345989
-1.00448 0.350172
-0.99864 0.349141
-0.9928 0.350137
-0.98696 0.352702
-0.98112 0.352721
-0.97528 0.356686
-0.96944 0.352892
-0.9636 0.352098
-0.95776 0.353027
-0.95192 0.354357
-0.94608 0.354547
-0.94024 0.351973
-0.9344 0.354376
-0.92856 0.357819
-0.92272 0.358564
-0.91688 0.357595
-0.91104 0.357466
-0.9052 0.360522
-0.89936 0.359683
-0.89352 0.360071
-0.88768 0.362464
-0.88184 0.362784
-0.876 0.360275
-0.87016 0.360367
-0.86432 0.361902
-0.85848 0.362682
-0.85264 0.36409
-0.8468 0.364744
-0.84096 0.364714
-0.83512 0.364399
-0.82928 0.364106
-0.82344 0.365827
-0.8176 0.3659
-0.81176 0.366044
-0.80592 0.367507
-0.80008 0.366744
-0.79424 0.36668
-0.7884 0.366808
-0.78256 0.367459
-0.77672 0.366782
-0.77088 0.36946
-0.76504 0.369205
-0.7592 0.369088
-0.75336 0.370198
-0.74752 0.371141
-0.74168 0.372152
-0.73584 0.372701
-0.73 0.373574
-0.72416 0.374996
-0.71832 0.375718
-0.71248 0.37652
-0.70664 0.37906
-0.7008 0.379946
-0.69496 0.380955
-0.68912 0.38315
-0.68328 0.383995
-0.67744 0.385595
-0.6716 0.387744
-0.66576 0.388585
-0.65992 0.390352
-0.65408 0.389934
-0.64824 0.391402
-0.6424 0.393579
-0.63656 0.394198
-0.63072 0.394938
-0.62488 0.395548
-0.61904 0.395399
-0.6132 0.395457
-0.60736 0.395679
-0.60152 0.396108
-0.59568 0.396108
-0.58984 0.396108
-0.584 0.396108
-0.57816 0.396108
-0.57232 0.396108
-0.56648 0.396108
-0.56064 0.396108
-0.5548 0.396108
-0.54896 0.396108
-0.54312 0.396108
-0.53728 0.396108
-0.53144 0.396108
-0.5256 0.396108
-0.51976 0.396108
-0.51392 0.396108
-0.50808 0.396108
-0.50224 0.396108
-0.4964 0.396108
-0.49056 0.396108
-0.48472 0.396108
-0.47888 0.396108
-0.47304 0.396108
-0.4672 0.396108
-0.46136 0.396108
-0.45552 0.396108
-0.44968 0.396108
-0.44384 0.396108
-0.438 0.396108
-0.43216 0.396108
-0.42632 0.396108
-0.42048 0.396108
-0.41464 0.396108
-0.4088 0.396108
-0.40296 0.396108
-0.39712 0.396108
-0.39128 0.396108
-0.38544 0.396108
-0.3796 0.396108
-0.37376 0.396108
-0.36792 0.396108
-0.36208 0.396108
-0.35624 0.396108
-0.3504 0.396108
-0.34456 0.396108
-0.33872 0.396108
-0.33288 0.396108
-0.32704 0.396108
-0.3212 0.396108
-0.31536 0.396108
-0.30952 0.396108
-0.30368 0.396108
-0.29784 0.396108
-0.292 0.396108
-0.28616 0.396108
-0.28032 0.396108
-0.27448 0.396108
-0.26864 0.396108
-0.2628 0.396108
-0.25696 0.396108
-0.25112 0.396108
-0.24528 0.396108
-0.23944 0.396108
-0.2336 0.396108
-0.22776 0.396108
-0.22192 0.396108
-0.21608 0.396108
-0.21024 0.396108
-0.2044 0.396108
-0.19856 0.396108
-0.19272 0.396108
-0.18688 0.396108
-0.18104 0.396108
-0.1752 0.396108
-0.16936 0.396108
-0.16352 0.396108
-0.15768 0.396108
-0.15184 0.396108
-0.146 0.396108
-0.14016 0.396108
-0.13432 0.396108
-0.12848 0.396108
-0.12264 0.396108
-0.1168 0.396108
-0.11096 0.396108
-0.10512 0.396108
-0.09928 0.396108
-0.09344 0.396108
-0.0876 0.396108
-0.08176 0.396108
-0.07592 0.396108
-0.07008 0.396108
-0.06424 0.396108
-0.0584 0.396108
-0.05256 0.396108
-0.04672 0.396108
-0.04088 0.396108
-0.03504 0.396108
-0.0292 0.396108
-0.02336 0.396108
-0.01752 0.396108
-0.01168 0.396108
-0.00584 0.396108
