-2.92 0.355482
-2.91416 0.355482
-2.90832 0.355482
-2.90248 0.355482
-2.89664 0.355482
-2.8908 0.355482
-2.88496 0.355482
-2.87912 0.355482
-2.87328 0.355482
-2.86744 0.355482
-2.8616 0.355482
-2.85576 0.355482
-2.84992 0.355482
-2.84408 0.355482
-2.83824 0.355482
-2.8324 0.355482
-2.82656 0.355482
-2.82072 0.355482
-2.81488 0.355482
-2.80904 0.355482
-2.8032 0.355482
-2.79736 0.355482
-2.79152 0.355482
-2.78568 0.355482
-2.77984 0.355482
-2.774 0.355482
-2.76816 0.355482
-2.76232 0.355482
-2.75648 0.355482
-2.75064 0.355482
-2.7448 0.355482
-2.73896 0.355482
-2.73312 0.355482
-2.72728 0.355482
-2.72144 0.355482
-2.7156 0.355482
-2.70976 0.355482
-2.70392 0.355482
-2.69808 0.355482
-2.69224 0.355482
-2.6864 0.355482
-2.68056 0.355482
-2.67472 0.355482
-2.66888 0.355482
-2.66304 0.355482
-2.6572 0.355482
-2.65136 0.355482
-2.64552 0.355482
-2.63968 0.355482
-2.63384 0.355482
-2.628 0.355482
-2.62216 0.355482
-2.61632 0.355482
-2.61048 0.355482
-2.60464 0.355482
-2.5988 0.355482
-2.59296 0.355217
-2.58712 0.354817
-2.58128 0.354153
-2.57544 0.353356
-2.5696 0.352428
-2.56376 0.351456
-2.55792 0.350438
-2.55208 0.349332
-2.54624 0.348182
-2.5404 0.34699
-2.53456 0.345708
-2.52872 0.344337
-2.52288 0.342967
-2.51704 0.341464
-2.5112 0.339915
-2.50536 0.338235
-2.49952 0.33651
-2.49368 0.334874
-2.48784 0.333192
-2.482 0.331641
-2.47616 0.329871
-2.47032 0.328101
-2.46448 0.326329
-2.45864 0.32447
-2.4528 0.322567
-2.44696 0.320708
-2.44112 0.318761
-2.43528 0.316813
-2.42944 0.314821
-2.4236 0.312785
-2.41776 0.310792
-2.41192 0.308756
-2.40608 0.306676
-2.40024 0.304639
-2.3944 0.302428
-2.38856 0.30026
-2.38272 0.298047
-2.37688 0.29588
-2.37104 0.29358
-2.3652 0.291325
-2.35936 0.289026
-2.35352 0.28677
-2.34768 0.284513
-2.34184 0.282259
-2.336 0.279915
-2.33016 0.277572
-2.32432 0.275273
-2.31848 0.27293
-2.31264 0.270586
-2.3068 0.268332
-2.30096 0.266031
-2.29512 0.263732
-2.28928 0.261344
-2.28344 0.258999
-2.2776 0.256655
-2.27176 0.2544
-2.26592 0.252013
-2.26008 0.249758
-2.25424 0.247326
-2.2484 0.244849
-2.24256 0.242374
-2.23672 0.23994
-2.23088 0.237419
-2.22504 0.234942
-2.2192 0.23242
-2.21336 0.229987
-2.20752 0.227553
-2.20168 0.225031
-2.19584 0.222642
-2.19 0.220208
-2.18416 0.217774
-2.17832 0.215298
-2.17248 0.212905
-2.16664 0.210341
-2.1608 0.207907
-2.15496 0.20547
-2.14912 0.202865
-2.14328 0.200471
-2.13744 0.197864
-2.1316 0.195469
-2.12576 0.192908
-2.11992 0.19047
-2.11408 0.187949
-2.10824 0.185426
-2.1024 0.18282
-2.09656 0.180342
-2.09072 0.177862
-2.08488 0.175343
-2.07904 0.172779
-2.0732 0.170218
-2.06736 0.167781
-2.06152 0.165513
-2.05568 0.162914
-2.04984 0.160396
-2.044 0.157926
-2.03816 0.15553
-2.03232 0.152924
-2.02648 0.15053
-2.02064 0.147585
-2.0148 0.145317
-2.00896 0.143261
-2.00312 0.140527
-1.99728 0.138176
-1.99144 0.135827
-1.9856 0.134069
-1.97976 0.132813
-1.97392 0.130844
-1.96808 0.129428
-1.96224 0.128345
-1.9564 0.126713
-1.95056 0.125377
-1.94472 0.124336
-1.93888 0.12291
-1.93304 0.121532
-1.9272 0.121595
-1.92136 0.120047
-1.91552 0.118192
-1.90968 0.117552
-1.90384 0.116081
-1.898 0.116855
-1.89216 0.115557
-1.88632 0.114584
-1.88048 0.113149
-1.87464 0.112946
-1.8688 0.112447
-1.86296 0.113052
-1.85712 0.112398
-1.85128 0.110162
-1.84544 0.112171
-1.8396 0.111125
-1.83376 0.110805
-1.82792 0.11057
-1.82208 0.11009
-1.81624 0.110302
-1.8104 0.109291
-1.80456 0.109037
-1.79872 0.108673
-1.79288 0.108078
-1.78704 0.107265
-1.7812 0.109101
-1.77536 0.109133
-1.76952 0.106953
-1.76368 0.109228
-1.75784 0.108773
-1.752 0.107727
-1.74616 0.108783
-1.74032 0.107166
-1.73448 0.108649
-1.72864 0.109374
-1.7228 0.110706
-1.71696 0.109515
-1.71112 0.109022
-1.70528 0.113334
-1.69944 0.113699
-1.6936 0.112791
-1.68776 0.112364
-1.68192 0.11368
-1.67608 0.11242
-1.67024 0.110894
-1.6644 0.111972
-1.65856 0.113682
-1.65272 0.113241
-1.64688 0.113577
-1.64104 0.112945
-1.6352 0.11337
-1.62936 0.112798
-1.62352 0.113647
-1.61768 0.11382
-1.61184 0.115056
-1.606 0.119774
-1.60016 0.120793
-1.59432 0.122836
-1.58848 0.12322
-1.58264 0.125386
-1.5768 0.126759
-1.57096 0.124558
-1.56512 0.130814
-1.55928 0.131027
-1.55344 0.137389
-1.5476 0.135522
-1.54176 0.142805
-1.53592 0.142206
-1.53008 0.144724
-1.52424 0.145912
-1.5184 0.149044
-1.51256 0.151837
-1.50672 0.155483
-1.50088 0.157533
-1.49504 0.159002
-1.4892 0.162702
-1.48336 0.165783
-1.47752 0.163971
-1.47168 0.16737
-1.46584 0.171339
-1.46 0.172344
-1.45416 0.173762
-1.44832 0.178835
-1.44248 0.180695
-1.43664 0.18447
-1.4308 0.185945
-1.42496 0.193103
-1.41912 0.189783
-1.41328 0.193618
-1.40744 0.19782
-1.4016 0.201565
-1.39576 0.204456
-1.38992 0.207723
-1.38408 0.20953
-1.37824 0.212173
-1.3724 0.214184
-1.36656 0.217185
-1.36072 0.217589
-1.35488 0.22151
-1.34904 0.223045
-1.3432 0.226375
-1.33736 0.229063
-1.33152 0.231605
-1.32568 0.235357
-1.31984 0.239842
-1.314 0.238035
-1.30816 0.24205
-1.30232 0.243941
-1.29648 0.249242
-1.29064 0.249758
-1.2848 0.25281
-1.27896 0.253929
-1.27312 0.254967
-1.26728 0.260855
-1.26144 0.262876
-1.2556 0.263554
-1.24976 0.265096
-1.24392 0.267273
-1.23808 0.2687
-1.23224 0.270461
-1.2264 0.275037
-1.22056 0.277557
-1.21472 0.281556
-1.20888 0.282815
-1.20304 0.283429
-1.1972 0.288533
-1.19136 0.289345
-1.18552 0.292371
-1.17968 0.292778
-1.17384 0.297635
-1.168 0.300653
-1.16216 0.304848
-1.15632 0.304557
-1.15048 0.306026
-1.14464 0.309742
-1.1388 0.308905
-1.13296 0.306094
-1.12712 0.311731
-1.12128 0.313227
-1.11544 0.320745
-1.1096 0.317024
-1.10376 0.323722
-1.09792 0.324362
-1.09208 0.324377
-1.08624 0.324646
-1.0804 0.328634
-1.07456 0.329331
-1.06872 0.331814
-1.06288 0.332262
-1.05704 0.333779
-1.0512 0.337682
-1.04536 0.33712
-1.03952 0.334295
-1.03368 0.338266
-1.02784 0.339059
-1.022 0.336639
-1.01616 0.338525
-1.01032 0.338265
-1.00448 0.337906
-0.99864 0.338441
-0.9928 0.339931
-0.98696 0.342267
-0.98112 0.338972
-0.97528 0.34044
-0.96944 0.342855
-0.9636 0.342264
-0.95776 0.343383
-0.95192 0.343539
-0.94608 0.344543
-0.94024 0.344152
-0.9344 0.345315
-0.92856 0.34541
-0.92272 0.343757
-0.91688 0.344852
-0.91104 0.346244
-0.9052 0.346126
-0.89936 0.345741
-0.89352 0.347172
-0.88768 0.348268
-0.88184 0.349554
-0.876 0.348435
-0.87016 0.348614
-0.86432 0.349618
-0.85848 0.351829
-0.85264 0.352148
-0.8468 0.351711
-0.84096 0.352121
-0.83512 0.351755
-0.82928 0.353213
-0.82344 0.352871
-0.8176 0.352842
-0.81176 0.353762
-0.80592 0.354509
-0.80008 0.354249
-0.79424 0.353901
-0.7884 0.355526
-0.78256 0.356233
-0.77672 0.357061
-0.77088 0.358011
-0.76504 0.357888
-0.7592 0.360005
-0.75336 0.359905
-0.74752 0.361019
-0.74168 0.36138
-0.73584 0.363499
-0.73 0.363551
-0.72416 0.366059
-0.71832 0.366233
-0.71248 0.367571
-0.70664 0.368798
-0.7008 0.369567
-0.69496 0.370429
-0.68912 0.371371
-0.68328 0.372357
-0.67744 0.375336
-0.6716 0.376961
-0.66576 0.378316
-0.65992 0.379453
-0.65408 0.379416
-0.64824 0.380471
-0.6424 0.382816
-0.63656 0.383779
-0.63072 0.384029
-0.62488 0.384399
-0.61904 0.384804
-0.6132 0.385206
-0.60736 0.384807
-0.60152 0.385327
-0.59568 0.385327
-0.58984 0.385327
-0.584 0.385327
-0.57816 0.385327
-0.57232 0.385327
-0.56648 0.385327
-0.56064 0.385327
-0.5548 0.385327
-0.54896 0.385327
-0.54312 0.385327
-0.53728 0.385327
-0.53144 0.385327
-0.5256 0.385327
-0.51976 0.385327
-0.51392 0.385327
-0.50808 0.385327
-0.50224 0.385327
-0.4964 0.385327
-0.49056 0.385327
-0.48472 0.385327
-0.47888 0.385327
-0.47304 0.385327
-0.4672 0.385327
-0.46136 0.385327
-0.45552 0.385327
-0.44968 0.385327
-0.44384 0.385327
-0.438 0.385327
-0.43216 0.385327
-0.42632 0.385327
-0.42048 0.385327
-0.41464 0.385327
-0.4088 0.385327
-0.40296 0.385327
-0.39712 0.385327
-0.39128 0.385327
-0.38544 0.385327
-0.3796 0.385327
-0.37376 0.385327
-0.36792 0.385327
-0.36208 0.385327
-0.35624 0.385327
-0.3504 0.385327
-0.34456 0.385327
-0.33872 0.385327
-0.33288 0.385327
-0.32704 0.385327
-0.3212 0.385327
-0.31536 0.385327
-0.30952 0.385327
-0.30368 0.385327
-0.29784 0.385327
-0.292 0.385327
-0.28616 0.385327
-0.28032 0.385327
-0.27448 0.385327
-0.26864 0.385327
-0.2628 0.385327
-0.25696 0.385327
-0.25112 0.385327
-0.24528 0.385327
-0.23944 0.385327
-0.2336 0.385327
-0.22776 0.385327
-0.22192 0.385327
-0.21608 0.385327
-0.21024 0.385327
-0.2044 0.385327
-0.19856 0.385327
-0.19272 0.385327
-0.18688 0.385327
-0.18104 0.385327
-0.1752 0.385327
-0.16936 0.385327
-0.16352 0.385327
-0.15768 0.385327
-0.15184 0.385327
-0.146 0.385327
-0.14016 0.385327
-0.13432 0.385327
-0.12848 0.385327
-0.12264 0.385327
-0.1168 0.385327
-0.11096 0.385327
-0.10512 0.385327
-0.09928 0.385327
-0.09344 0.385327
-0.0876 0.385327
-0.08176 0.385327
-0.07592 0.385327
-0.07008 0.385327
-0.06424 0.385327
-0.0584 0.385327
-0.05256 0.385327
-0.04672 0.385327
-0.04088 0.385327
-0.03504 0.385327
-0.0292 0.385327
-0.02336 0.385327
-0.01752 0.385327
-0.01168 0.385327
-0.00584 0.385327
