-2.92 0.267908
-2.91416 0.267908
-2.90832 0.267908
-2.90248 0.267908
-2.89664 0.267908
-2.8908 0.267908
-2.88496 0.267908
-2.87912 0.267908
-2.87328 0.267908
-2.86744 0.267908
-2.8616 0.267908
-2.85576 0.267908
-2.84992 0.267908
-2.84408 0.267908
-2.83824 0.267908
-2.8324 0.267908
-2.82656 0.267908
-2.82072 0.267908
-2.81488 0.267908
-2.80904 0.267908
-2.8032 0.267908
-2.79736 0.267908
-2.79152 0.267908
-2.78568 0.267908
-2.77984 0.267908
-2.774 0.267908
-2.76816 0.267908
-2.76232 0.267908
-2.75648 0.267908
-2.75064 0.267908
-2.7448 0.267908
-2.73896 0.267908
-2.73312 0.267908
-2.72728 0.267908
-2.72144 0.267908
-2.7156 0.267908
-2.70976 0.267908
-2.70392 0.267908
-2.69808 0.267908
-2.69224 0.267908
-2.6864 0.267908
-2.68056 0.267908
-2.67472 0.267908
-2.66888 0.267908
-2.66304 0.267908
-2.6572 0.267908
-2.65136 0.267908
-2.64552 0.267908
-2.63968 0.267908
-2.63384 0.267908
-2.628 0.267908
-2.62216 0.267908
-2.61632 0.267908
-2.61048 0.267908
-2.60464 0.267908
-2.5988 0.267908
-2.59296 0.267511
-2.58712 0.266984
-2.58128 0.26628
-2.57544 0.265531
-2.5696 0.264738
-2.56376 0.263945
-2.55792 0.263151
-2.55208 0.262315
-2.54624 0.261478
-2.5404 0.26064
-2.53456 0.259758
-2.52872 0.258833
-2.52288 0.257908
-2.51704 0.256982
-2.5112 0.256056
-2.50536 0.255043
-2.49952 0.253896
-2.49368 0.252793
-2.48784 0.251734
-2.482 0.250851
-2.47616 0.249705
-2.47032 0.248513
-2.46448 0.247279
-2.45864 0.245913
-2.4528 0.244544
-2.44696 0.243089
-2.44112 0.241589
-2.43528 0.240089
-2.42944 0.238589
-2.4236 0.237045
-2.41776 0.235501
-2.41192 0.234001
-2.40608 0.232413
-2.40024 0.230825
-2.3944 0.229237
-2.38856 0.227607
-2.38272 0.226018
-2.37688 0.22443
-2.37104 0.222842
-2.3652 0.22121
-2.35936 0.219621
-2.35352 0.218075
-2.34768 0.216441
-2.34184 0.214809
-2.336 0.213088
-2.33016 0.21141
-2.32432 0.209863
-2.31848 0.208141
-2.31264 0.206418
-2.3068 0.20474
-2.30096 0.202973
-2.29512 0.201294
-2.28928 0.199573
-2.28344 0.197762
-2.2776 0.195865
-2.27176 0.1941
-2.26592 0.192378
-2.26008 0.190745
-2.25424 0.188891
-2.2484 0.186993
-2.24256 0.18514
-2.23672 0.183243
-2.23088 0.181302
-2.22504 0.179951
-2.2192 0.178179
-2.21336 0.176664
-2.20752 0.17557
-2.20168 0.173755
-2.19584 0.172787
-2.19 0.170848
-2.18416 0.170514
-2.17832 0.169164
-2.17248 0.167391
-2.16664 0.167013
-2.1608 0.165882
-2.15496 0.164277
-2.14912 0.164199
-2.14328 0.162427
-2.13744 0.161885
-2.1316 0.160494
-2.12576 0.159484
-2.11992 0.159235
-2.11408 0.158226
-2.10824 0.157854
-2.1024 0.156212
-2.09656 0.15537
-2.09072 0.15419
-2.08488 0.153438
-2.07904 0.153701
-2.0732 0.152569
-2.06736 0.152115
-2.06152 0.152418
-2.05568 0.151064
-2.04984 0.151081
-2.044 0.151138
-2.03816 0.149289
-2.03232 0.148495
-2.02648 0.149054
-2.02064 0.148767
-2.0148 0.146784
-2.00896 0.147681
-2.00312 0.14752
-1.99728 0.147362
-1.99144 0.146268
-1.9856 0.146279
-1.97976 0.144975
-1.97392 0.146769
-1.96808 0.146147
-1.96224 0.144464
-1.9564 0.143961
-1.95056 0.14308
-1.94472 0.143567
-1.93888 0.143753
-1.93304 0.142831
-1.9272 0.141743
-1.92136 0.140779
-1.91552 0.137065
-1.90968 0.135209
-1.90384 0.135697
-1.898 0.133542
-1.89216 0.129911
-1.88632 0.126826
-1.88048 0.125616
-1.87464 0.125625
-1.8688 0.121914
-1.86296 0.121034
-1.85712 0.119099
-1.85128 0.115048
-1.84544 0.113455
-1.8396 0.108888
-1.83376 0.107471
-1.82792 0.104784
-1.82208 0.103202
-1.81624 0.101316
-1.8104 0.099126
-1.80456 0.0980054
-1.79872 0.0944641
-1.79288 0.0903739
-1.78704 0.0885719
-1.7812 0.0871982
-1.77536 0.0834891
-1.76952 0.0833867
-1.76368 0.0781874
-1.75784 0.075288
-1.752 0.0728141
-1.74616 0.0705467
-1.74032 0.0660756
-1.73448 0.0650862
-1.72864 0.0613841
-1.7228 0.0592151
-1.71696 0.0555964
-1.71112 0.0550476
-1.70528 0.0517304
-1.69944 0.0477373
-1.6936 0.0449774
-1.68776 0.0429795
-1.68192 0.0412409
-1.67608 0.0406088
-1.67024 0.0382817
-1.6644 0.0367569
-1.65856 0.0356532
-1.65272 0.0335789
-1.64688 0.0345632
-1.64104 0.0330833
-1.6352 0.0342797
-1.62936 0.0340805
-1.62352 0.0333679
-1.61768 0.0337155
-1.61184 0.0341113
-1.606 0.0341482
-1.60016 0.0349307
-1.59432 0.035285
-1.58848 0.0357297
-1.58264 0.0349388
-1.5768 0.0364017
-1.57096 0.0374316
-1.56512 0.0376724
-1.55928 0.0378156
-1.55344 0.0382025
-1.5476 0.0422333
-1.54176 0.0427205
-1.53592 0.0442675
-1.53008 0.045743
-1.52424 0.0437239
-1.5184 0.0457052
-1.51256 0.0466621
-1.50672 0.0477142
-1.50088 0.0497479
-1.49504 0.0532807
-1.4892 0.0577256
-1.48336 0.0593316
-1.47752 0.0600438
-1.47168 0.0614134
-1.46584 0.0634605
-1.46 0.0647508
-1.45416 0.0679763
-1.44832 0.0698398
-1.44248 0.0735239
-1.43664 0.0747404
-1.4308 0.0767247
-1.42496 0.0809016
-1.41912 0.080096
-1.41328 0.082958
-1.40744 0.0843693
-1.4016 0.0883636
-1.39576 0.0873087
-1.38992 0.0906186
-1.38408 0.0883421
-1.37824 0.0913828
-1.3724 0.0922946
-1.36656 0.0932734
-1.36072 0.0952214
-1.35488 0.097495
-1.34904 0.0990319
-1.3432 0.102543
-1.33736 0.105437
-1.33152 0.10593
-1.32568 0.109113
-1.31984 0.11256
-1.314 0.111866
-1.30816 0.115982
-1.30232 0.113573
-1.29648 0.116598
-1.29064 0.118112
-1.2848 0.119851
-1.27896 0.126885
-1.27312 0.127483
-1.26728 0.129254
-1.26144 0.133399
-1.2556 0.134194
-1.24976 0.13725
-1.24392 0.138489
-1.23808 0.139766
-1.23224 0.141118
-1.2264 0.144352
-1.22056 0.145815
-1.21472 0.146464
-1.20888 0.151595
-1.20304 0.151111
-1.1972 0.153414
-1.19136 0.155215
-1.18552 0.155746
-1.17968 0.159252
-1.17384 0.161264
-1.168 0.162005
-1.16216 0.161829
-1.15632 0.163044
-1.15048 0.165644
-1.14464 0.166388
-1.1388 0.167423
-1.13296 0.17265
-1.12712 0.173953
-1.12128 0.176042
-1.11544 0.178098
-1.1096 0.182646
-1.10376 0.18478
-1.09792 0.186632
-1.09208 0.189552
-1.08624 0.186544
-1.0804 0.190074
-1.07456 0.191699
-1.06872 0.193211
-1.06288 0.194838
-1.05704 0.199969
-1.0512 0.203828
-1.04536 0.205973
-1.03952 0.20743
-1.03368 0.208059
-1.02784 0.209141
-1.022 0.211054
-1.01616 0.213403
-1.01032 0.21559
-1.00448 0.219537
-0.99864 0.220331
-0.9928 0.221997
-0.98696 0.225368
-0.98112 0.225313
-0.97528 0.227483
-0.96944 0.229665
-0.9636 0.232042
-0.95776 0.231438
-0.95192 0.233487
-0.94608 0.231788
-0.94024 0.23376
-0.9344 0.235424
-0.92856 0.23545
-0.92272 0.236315
-0.91688 0.238359
-0.91104 0.239904
-0.9052 0.242922
-0.89936 0.245259
-0.89352 0.245446
-0.88768 0.247877
-0.88184 0.250355
-0.876 0.248899
-0.87016 0.252534
-0.86432 0.24992
-0.85848 0.25184
-0.85264 0.253074
-0.8468 0.253602
-0.84096 0.259561
-0.83512 0.259956
-0.82928 0.260595
-0.82344 0.262305
-0.8176 0.262227
-0.81176 0.264098
-0.80592 0.263483
-0.80008 0.263903
-0.79424 0.264639
-0.7884 0.265322
-0.78256 0.264662
-0.77672 0.264122
-0.77088 0.266532
-0.76504 0.266636
-0.7592 0.26673
-0.75336 0.266189
-0.74752 0.26674
-0.74168 0.267346
-0.73584 0.268022
-0.73 0.267649
-0.72416 0.265636
-0.71832 0.265846
-0.71248 0.266781
-0.70664 0.267333
-0.7008 0.267751
-0.69496 0.268169
-0.68912 0.268667
-0.68328 0.268998
-0.67744 0.269294
-0.6716 0.27114
-0.66576 0.27189
-0.65992 0.271836
-0.65408 0.273722
-0.64824 0.27178
-0.6424 0.272308
-0.63656 0.273048
-0.63072 0.273699
-0.62488 0.274311
-0.61904 0.275633
-0.6132 0.27607
-0.60736 0.276378
-0.60152 0.275971
-0.59568 0.275971
-0.58984 0.275971
-0.584 0.275971
-0.57816 0.275971
-0.57232 0.275971
-0.56648 0.275971
-0.56064 0.275971
-0.5548 0.275971
-0.54896 0.275971
-0.54312 0.275971
-0.53728 0.275971
-0.53144 0.275971
-0.5256 0.275971
-0.51976 0.275971
-0.51392 0.275971
-0.50808 0.275971
-0.50224 0.275971
-0.4964 0.275971
-0.49056 0.275971
-0.48472 0.275971
-0.47888 0.275971
-0.47304 0.275971
-0.4672 0.275971
-0.46136 0.275971
-0.45552 0.275971
-0.44968 0.275971
-0.44384 0.275971
-0.438 0.275971
-0.43216 0.275971
-0.42632 0.275971
-0.42048 0.275971
-0.41464 0.275971
-0.4088 0.275971
-0.40296 0.275971
-0.39712 0.275971
-0.39128 0.275971
-0.38544 0.275971
-0.3796 0.275971
-0.37376 0.275971
-0.36792 0.275971
-0.36208 0.275971
-0.35624 0.275971
-0.3504 0.275971
-0.34456 0.275971
-0.33872 0.275971
-0.33288 0.275971
-0.32704 0.275971
-0.3212 0.275971
-0.31536 0.275971
-0.30952 0.275971
-0.30368 0.275971
-0.29784 0.275971
-0.292 0.275971
-0.28616 0.275971
-0.28032 0.275971
-0.27448 0.275971
-0.26864 0.275971
-0.2628 0.275971
-0.25696 0.275971
-0.25112 0.275971
-0.24528 0.275971
-0.23944 0.275971
-0.2336 0.275971
-0.22776 0.275971
-0.22192 0.275971
-0.21608 0.275971
-0.21024 0.275971
-0.2044 0.275971
-0.19856 0.275971
-0.19272 0.275971
-0.18688 0.275971
-0.18104 0.275971
-0.1752 0.275971
-0.16936 0.275971
-0.16352 0.275971
-0.15768 0.275971
-0.15184 0.275971
-0.146 0.275971
-0.14016 0.275971
-0.13432 0.275971
-0.12848 0.275971
-0.12264 0.275971
-0.1168 0.275971
-0.11096 0.275971
-0.10512 0.275971
-0.09928 0.275971
-0.09344 0.275971
-0.0876 0.275971
-0.08176 0.275971
-0.07592 0.275971
-0.07008 0.275971
-0.06424 0.275971
-0.0584 0.275971
-0.05256 0.275971
-0.04672 0.275971
-0.04088 0.275971
-0.03504 0.275971
-0.0292 0.275971
-0.02336 0.275971
-0.01752 0.275971
-0.01168 0.275971
-0.00584 0.275971
