-2.92 0.281438
-2.91416 0.281438
-2.90832 0.281438
-2.90248 0.281438
-2.89664 0.281438
-2.8908 0.281438
-2.88496 0.281438
-2.87912 0.281438
-2.87328 0.281438
-2.86744 0.281438
-2.8616 0.281438
-2.85576 0.281438
-2.84992 0.281438
-2.84408 0.281438
-2.83824 0.281438
-2.8324 0.281438
-2.82656 0.281438
-2.82072 0.281438
-2.81488 0.281438
-2.80904 0.281438
-2.8032 0.281438
-2.79736 0.281438
-2.79152 0.281438
-2.78568 0.281438
-2.77984 0.281438
-2.774 0.281438
-2.76816 0.281438
-2.76232 0.281438
-2.75648 0.281438
-2.75064 0.281438
-2.7448 0.281438
-2.73896 0.281438
-2.73312 0.281438
-2.72728 0.281438
-2.72144 0.281438
-2.7156 0.281438
-2.70976 0.281438
-2.70392 0.281438
-2.69808 0.281438
-2.69224 0.281438
-2.6864 0.281438
-2.68056 0.281438
-2.67472 0.281438
-2.66888 0.281438
-2.66304 0.281438
-2.6572 0.281438
-2.65136 0.281438
-2.64552 0.281438
-2.63968 0.281438
-2.63384 0.281438
-2.628 0.281438
-2.62216 0.281438
-2.61632 0.281438
-2.61048 0.281438
-2.60464 0.281438
-2.5988 0.281438
-2.59296 0.281129
-2.58712 0.280688
-2.58128 0.28016
-2.57544 0.279544
-2.5696 0.27884
-2.56376 0.278092
-2.55792 0.2773
-2.55208 0.276463
-2.54624 0.275582
-2.5404 0.274655
-2.53456 0.273597
-2.52872 0.272536
-2.52288 0.271475
-2.51704 0.270283
-2.5112 0.269046
-2.50536 0.267806
-2.49952 0.266613
-2.49368 0.26533
-2.48784 0.264093
-2.482 0.262986
-2.47616 0.261659
-2.47032 0.2602
-2.46448 0.258786
-2.45864 0.25737
-2.4528 0.255912
-2.44696 0.254453
-2.44112 0.252951
-2.43528 0.251449
-2.42944 0.250035
-2.4236 0.248533
-2.41776 0.246989
-2.41192 0.245488
-2.40608 0.243941
-2.40024 0.242351
-2.3944 0.240758
-2.38856 0.239168
-2.38272 0.237574
-2.37688 0.235937
-2.37104 0.234212
-2.3652 0.23253
-2.35936 0.230762
-2.35352 0.229037
-2.34768 0.227311
-2.34184 0.225545
-2.336 0.223733
-2.33016 0.22201
-2.32432 0.220372
-2.31848 0.218517
-2.31264 0.216663
-2.3068 0.214852
-2.30096 0.212996
-2.29512 0.211141
-2.28928 0.209329
-2.28344 0.207563
-2.2776 0.205662
-2.27176 0.203849
-2.26592 0.201994
-2.26008 0.200271
-2.25424 0.198326
-2.2484 0.196382
-2.24256 0.194439
-2.23672 0.192451
-2.23088 0.190418
-2.22504 0.188428
-2.2192 0.186439
-2.21336 0.184451
-2.20752 0.182505
-2.20168 0.180429
-2.19584 0.178523
-2.19 0.17632
-2.18416 0.174242
-2.17832 0.172164
-2.17248 0.170003
-2.16664 0.167926
-2.1608 0.165935
-2.15496 0.163896
-2.14912 0.161648
-2.14328 0.159608
-2.13744 0.157529
-2.1316 0.155324
-2.12576 0.153287
-2.11992 0.151123
-2.11408 0.149044
-2.10824 0.147259
-2.1024 0.145054
-2.09656 0.143056
-2.09072 0.141061
-2.08488 0.139067
-2.07904 0.136945
-2.0732 0.134654
-2.06736 0.132658
-2.06152 0.130414
-2.05568 0.128417
-2.04984 0.126593
-2.044 0.124606
-2.03816 0.122442
-2.03232 0.120657
-2.02648 0.118917
-2.02064 0.116544
-2.0148 0.114506
-2.00896 0.112384
-2.00312 0.110052
-1.99728 0.108355
-1.99144 0.106787
-1.9856 0.105685
-1.97976 0.104366
-1.97392 0.103009
-1.96808 0.102288
-1.96224 0.10152
-1.9564 0.100292
-1.95056 0.0993535
-1.94472 0.0988887
-1.93888 0.0977847
-1.93304 0.0968028
-1.9272 0.0962561
-1.92136 0.0956124
-1.91552 0.0957086
-1.90968 0.094567
-1.90384 0.0946081
-1.898 0.0948226
-1.89216 0.094488
-1.88632 0.0937777
-1.88048 0.0947559
-1.87464 0.0931949
-1.8688 0.0933323
-1.86296 0.0933324
-1.85712 0.0952407
-1.85128 0.0939842
-1.84544 0.0940373
-1.8396 0.0942925
-1.83376 0.0937993
-1.82792 0.093392
-1.82208 0.0963606
-1.81624 0.0948889
-1.8104 0.0962509
-1.80456 0.0934807
-1.79872 0.0974433
-1.79288 0.0958705
-1.78704 0.0962038
-1.7812 0.0967104
-1.77536 0.0987813
-1.76952 0.100363
-1.76368 0.0997957
-1.75784 0.0997303
-1.752 0.100623
-1.74616 0.10041
-1.74032 0.100925
-1.73448 0.102099
-1.72864 0.102441
-1.7228 0.104444
-1.71696 0.104959
-1.71112 0.107852
-1.70528 0.106878
-1.69944 0.108452
-1.6936 0.110282
-1.68776 0.109253
-1.68192 0.111859
-1.67608 0.111542
-1.67024 0.111374
-1.6644 0.111889
-1.65856 0.110282
-1.65272 0.113485
-1.64688 0.111779
-1.64104 0.114914
-1.6352 0.114518
-1.62936 0.114566
-1.62352 0.115702
-1.61768 0.115623
-1.61184 0.116734
-1.606 0.119043
-1.60016 0.121083
-1.59432 0.122329
-1.58848 0.123785
-1.58264 0.126067
-1.5768 0.125197
-1.57096 0.129472
-1.56512 0.131259
-1.55928 0.129305
-1.55344 0.134918
-1.5476 0.137089
-1.54176 0.138336
-1.53592 0.141895
-1.53008 0.142888
-1.52424 0.145497
-1.5184 0.147914
-1.51256 0.149059
-1.50672 0.152188
-1.50088 0.158045
-1.49504 0.156776
-1.4892 0.159206
-1.48336 0.160698
-1.47752 0.163791
-1.47168 0.165558
-1.46584 0.167856
-1.46 0.169424
-1.45416 0.172393
-1.44832 0.17472
-1.44248 0.174373
-1.43664 0.181796
-1.4308 0.181399
-1.42496 0.186077
-1.41912 0.187844
-1.41328 0.186951
-1.40744 0.193374
-1.4016 0.194464
-1.39576 0.197485
-1.38992 0.200753
-1.38408 0.204156
-1.37824 0.207112
-1.3724 0.20859
-1.36656 0.208516
-1.36072 0.212515
-1.35488 0.211237
-1.34904 0.214419
-1.3432 0.217265
-1.33736 0.221155
-1.33152 0.225687
-1.32568 0.226708
-1.31984 0.230295
-1.314 0.232163
-1.30816 0.231284
-1.30232 0.235288
-1.29648 0.23616
-1.29064 0.240831
-1.2848 0.242599
-1.27896 0.246875
-1.27312 0.249551
-1.26728 0.24907
-1.26144 0.251499
-1.2556 0.255197
-1.24976 0.253426
-1.24392 0.258589
-1.23808 0.259626
-1.23224 0.262764
-1.2264 0.264715
-1.22056 0.264974
-1.21472 0.269245
-1.20888 0.268776
-1.20304 0.275236
-1.1972 0.277531
-1.19136 0.278049
-1.18552 0.280401
-1.17968 0.281849
-1.17384 0.283505
-1.168 0.2877
-1.16216 0.289128
-1.15632 0.290965
-1.15048 0.291849
-1.14464 0.295176
-1.1388 0.293602
-1.13296 0.296153
-1.12712 0.297691
-1.12128 0.295575
-1.11544 0.301604
-1.1096 0.304036
-1.10376 0.304723
-1.09792 0.30816
-1.09208 0.30592
-1.08624 0.310413
-1.0804 0.312389
-1.07456 0.311527
-1.06872 0.313457
-1.06288 0.319085
-1.05704 0.316649
-1.0512 0.318641
-1.04536 0.317751
-1.03952 0.32036
-1.03368 0.320459
-1.02784 0.319151
-1.022 0.318582
-1.01616 0.320046
-1.01032 0.319729
-1.00448 0.317969
-0.99864 0.321312
-0.9928 0.319153
-0.98696 0.321086
-0.98112 0.320737
-0.97528 0.318926
-0.96944 0.321822
-0.9636 0.321717
-0.95776 0.321642
-0.95192 0.322999
-0.94608 0.323876
-0.94024 0.324206
-0.9344 0.32235
-0.92856 0.322671
-0.92272 0.32261
-0.91688 0.320642
-0.91104 0.320237
-0.9052 0.321005
-0.89936 0.322818
-0.89352 0.324487
-0.88768 0.323805
-0.88184 0.324611
-0.876 0.323652
-0.87016 0.322751
-0.86432 0.325048
-0.85848 0.325042
-0.85264 0.326379
-0.8468 0.324746
-0.84096 0.327099
-0.83512 0.327568
-0.82928 0.32681
-0.82344 0.325505
-0.8176 0.325262
-0.81176 0.325089
-0.80592 0.326544
-0.80008 0.325636
-0.79424 0.326673
-0.7884 0.327196
-0.78256 0.328062
-0.77672 0.328382
-0.77088 0.328735
-0.76504 0.330307
-0.7592 0.330283
-0.75336 0.330181
-0.74752 0.331666
-0.74168 0.331426
-0.73584 0.33296
-0.73 0.333978
-0.72416 0.335045
-0.71832 0.335854
-0.71248 0.335654
-0.70664 0.336882
-0.7008 0.33752
-0.69496 0.338746
-0.68912 0.338962
-0.68328 0.340234
-0.67744 0.343018
-0.6716 0.34403
-0.66576 0.345503
-0.65992 0.345921
-0.65408 0.346174
-0.64824 0.346883
-0.6424 0.348426
-0.63656 0.348914
-0.63072 0.349317
-0.62488 0.349547
-0.61904 0.349728
-0.6132 0.349455
-0.60736 0.349131
-0.60152 0.349389
-0.59568 0.349389
-0.58984 0.349389
-0.584 0.349389
-0.57816 0.349389
-0.57232 0.349389
-0.56648 0.349389
-0.56064 0.349389
-0.5548 0.349389
-0.54896 0.349389
-0.54312 0.349389
-0.53728 0.349389
-0.53144 0.349389
-0.5256 0.349389
-0.51976 0.349389
-0.51392 0.349389
-0.50808 0.349389
-0.50224 0.349389
-0.4964 0.349389
-0.49056 0.349389
-0.48472 0.349389
-0.47888 0.349389
-0.47304 0.349389
-0.4672 0.349389
-0.46136 0.349389
-0.45552 0.349389
-0.44968 0.349389
-0.44384 0.349389
-0.438 0.349389
-0.43216 0.349389
-0.42632 0.349389
-0.42048 0.349389
-0.41464 0.349389
-0.4088 0.349389
-0.40296 0.349389
-0.39712 0.349389
-0.39128 0.349389
-0.38544 0.349389
-0.3796 0.349389
-0.37376 0.349389
-0.36792 0.349389
-0.36208 0.349389
-0.35624 0.349389
-0.3504 0.349389
-0.34456 0.349389
-0.33872 0.349389
-0.33288 0.349389
-0.32704 0.349389
-0.3212 0.349389
-0.31536 0.349389
-0.30952 0.349389
-0.30368 0.349389
-0.29784 0.349389
-0.292 0.349389
-0.28616 0.349389
-0.28032 0.349389
-0.27448 0.349389
-0.26864 0.349389
-0.2628 0.349389
-0.25696 0.349389
-0.25112 0.349389
-0.24528 0.349389
-0.23944 0.349389
-0.2336 0.349389
-0.22776 0.349389
-0.22192 0.349389
-0.21608 0.349389
-0.21024 0.349389
-0.2044 0.349389
-0.19856 0.349389
-0.19272 0.349389
-0.18688 0.349389
-0.18104 0.349389
-0.1752 0.349389
-0.16936 0.349389
-0.16352 0.349389
-0.15768 0.349389
-0.15184 0.349389
-0.146 0.349389
-0.14016 0.349389
-0.13432 0.349389
-0.12848 0.349389
-0.12264 0.349389
-0.1168 0.349389
-0.11096 0.349389
-0.10512 0.349389
-0.09928 0.349389
-0.09344 0.349389
-0.0876 0.349389
-0.08176 0.349389
-0.07592 0.349389
-0.07008 0.349389
-0.06424 0.349389
-0.0584 0.349389
-0.05256 0.349389
-0.04672 0.349389
-0.04088 0.349389
-0.03504 0.349389
-0.0292 0.349389
-0.02336 0.349389
-0.01752 0.349389
-0.01168 0.349389
-0.00584 0.349389
