-2.92 0.296736
-2.91416 0.296736
-2.90832 0.296736
-2.90248 0.296736
-2.89664 0.296736
-2.8908 0.296736
-2.88496 0.296736
-2.87912 0.296736
-2.87328 0.296736
-2.86744 0.296736
-2.8616 0.296736
-2.85576 0.296736
-2.84992 0.296736
-2.84408 0.296736
-2.83824 0.296736
-2.8324 0.296736
-2.82656 0.296736
-2.82072 0.296736
-2.81488 0.296736
-2.80904 0.296736
-2.8032 0.296736
-2.79736 0.296736
-2.79152 0.296736
-2.78568 0.296736
-2.77984 0.296736
-2.774 0.296736
-2.76816 0.296736
-2.76232 0.296736
-2.75648 0.296736
-2.75064 0.296736
-2.7448 0.296736
-2.73896 0.296736
-2.73312 0.296736
-2.72728 0.296736
-2.72144 0.296736
-2.7156 0.296736
-2.70976 0.296736
-2.70392 0.296736
-2.69808 0.296736
-2.69224 0.296736
-2.6864 0.296736
-2.68056 0.296736
-2.67472 0.296736
-2.66888 0.296736
-2.66304 0.296736
-2.6572 0.296736
-2.65136 0.296736
-2.64552 0.296736
-2.63968 0.296736
-2.63384 0.296736
-2.628 0.296736
-2.62216 0.296736
-2.61632 0.296736
-2.61048 0.296736
-2.60464 0.296736
-2.5988 0.296736
-2.59296 0.296426
-2.58712 0.295896
-2.58128 0.295232
-2.57544 0.294525
-2.5696 0.293815
-2.56376 0.293104
-2.55792 0.292261
-2.55208 0.29142
-2.54624 0.290531
-2.5404 0.289554
-2.53456 0.288621
-2.52872 0.287598
-2.52288 0.28653
-2.51704 0.285373
-2.5112 0.284303
-2.50536 0.28319
-2.49952 0.282118
-2.49368 0.281002
-2.48784 0.279886
-2.482 0.278859
-2.47616 0.277567
-2.47032 0.276231
-2.46448 0.27485
-2.45864 0.273467
-2.4528 0.271997
-2.44696 0.270485
-2.44112 0.269015
-2.43528 0.267456
-2.42944 0.265986
-2.4236 0.264428
-2.41776 0.262869
-2.41192 0.261265
-2.40608 0.259575
-2.40024 0.257927
-2.3944 0.256191
-2.38856 0.254542
-2.38272 0.252849
-2.37688 0.251114
-2.37104 0.249338
-2.3652 0.247518
-2.35936 0.245658
-2.35352 0.243843
-2.34768 0.242029
-2.34184 0.240126
-2.336 0.238181
-2.33016 0.236323
-2.32432 0.234419
-2.31848 0.232429
-2.31264 0.230484
-2.3068 0.228578
-2.30096 0.226502
-2.29512 0.224513
-2.28928 0.222481
-2.28344 0.220531
-2.2776 0.218457
-2.27176 0.216424
-2.26592 0.214438
-2.26008 0.212365
-2.25424 0.210204
-2.2484 0.208084
-2.24256 0.205877
-2.23672 0.203714
-2.23088 0.201507
-2.22504 0.199391
-2.2192 0.197229
-2.21336 0.195025
-2.20752 0.192866
-2.20168 0.19066
-2.19584 0.188457
-2.19 0.186251
-2.18416 0.184132
-2.17832 0.181842
-2.17248 0.179638
-2.16664 0.177476
-2.1608 0.175358
-2.15496 0.173114
-2.14912 0.170827
-2.14328 0.168788
-2.13744 0.166454
-2.1316 0.164293
-2.12576 0.162218
-2.11992 0.159885
-2.11408 0.157639
-2.10824 0.155476
-2.1024 0.153524
-2.09656 0.151108
-2.09072 0.149029
-2.08488 0.146571
-2.07904 0.144912
-2.0732 0.142414
-2.06736 0.140168
-2.06152 0.138428
-2.05568 0.136016
-2.04984 0.134066
-2.044 0.132206
-2.03816 0.129622
-2.03232 0.127165
-2.02648 0.12597
-2.02064 0.123174
-2.0148 0.121178
-2.00896 0.118808
-2.00312 0.117151
-1.99728 0.114736
-1.99144 0.113171
-1.9856 0.111558
-1.97976 0.110493
-1.97392 0.109768
-1.96808 0.107861
-1.96224 0.107263
-1.9564 0.105568
-1.95056 0.105012
-1.94472 0.104293
-1.93888 0.10268
-1.93304 0.102794
-1.9272 0.100679
-1.92136 0.101128
-1.91552 0.0996528
-1.90968 0.0998079
-1.90384 0.0990993
-1.898 0.0978268
-1.89216 0.097775
-1.88632 0.0975134
-1.88048 0.0981871
-1.87464 0.0978836
-1.8688 0.0974987
-1.86296 0.0961895
-1.85712 0.0967797
-1.85128 0.0963902
-1.84544 0.0974486
-1.8396 0.0964348
-1.83376 0.0960205
-1.82792 0.0967443
-1.82208 0.0976227
-1.81624 0.0965334
-1.8104 0.0987353
-1.80456 0.0964529
-1.79872 0.0956842
-1.79288 0.0978745
-1.78704 0.0987788
-1.7812 0.098382
-1.77536 0.0979557
-1.76952 0.102338
-1.76368 0.100872
-1.75784 0.1009
-1.752 0.102636
-1.74616 0.101478
-1.74032 0.103081
-1.73448 0.103424
-1.72864 0.103702
-1.7228 0.105946
-1.71696 0.105477
-1.71112 0.104769
-1.70528 0.108115
-1.69944 0.109623
-1.6936 0.108389
-1.68776 0.110861
-1.68192 0.114836
-1.67608 0.110563
-1.67024 0.113656
-1.6644 0.111991
-1.65856 0.113721
-1.65272 0.114803
-1.64688 0.113852
-1.64104 0.114434
-1.6352 0.116135
-1.62936 0.112839
-1.62352 0.11575
-1.61768 0.116251
-1.61184 0.116925
-1.606 0.120996
-1.60016 0.121925
-1.59432 0.12198
-1.58848 0.126747
-1.58264 0.127302
-1.5768 0.12838
-1.57096 0.130265
-1.56512 0.134204
-1.55928 0.133681
-1.55344 0.137626
-1.5476 0.140715
-1.54176 0.145285
-1.53592 0.14541
-1.53008 0.148188
-1.52424 0.149117
-1.5184 0.151514
-1.51256 0.156409
-1.50672 0.156845
-1.50088 0.160411
-1.49504 0.165592
-1.4892 0.165916
-1.48336 0.166362
-1.47752 0.168757
-1.47168 0.173
-1.46584 0.174142
-1.46 0.17545
-1.45416 0.180929
-1.44832 0.185436
-1.44248 0.189866
-1.43664 0.188468
-1.4308 0.19246
-1.42496 0.190912
-1.41912 0.196778
-1.41328 0.20267
-1.40744 0.20435
-1.4016 0.20807
-1.39576 0.20968
-1.38992 0.21548
-1.38408 0.220536
-1.37824 0.217769
-1.3724 0.223466
-1.36656 0.222895
-1.36072 0.226491
-1.35488 0.229633
-1.34904 0.233475
-1.3432 0.233622
-1.33736 0.239824
-1.33152 0.245842
-1.32568 0.244797
-1.31984 0.249586
-1.314 0.251675
-1.30816 0.253038
-1.30232 0.257757
-1.29648 0.258708
-1.29064 0.262616
-1.2848 0.266787
-1.27896 0.267918
-1.27312 0.2677
-1.26728 0.274137
-1.26144 0.276554
-1.2556 0.276067
-1.24976 0.279917
-1.24392 0.285909
-1.23808 0.282599
-1.23224 0.289978
-1.2264 0.29004
-1.22056 0.295566
-1.21472 0.297612
-1.20888 0.300413
-1.20304 0.302277
-1.1972 0.306274
-1.19136 0.305759
-1.18552 0.309769
-1.17968 0.312262
-1.17384 0.312295
-1.168 0.320128
-1.16216 0.323481
-1.15632 0.323472
-1.15048 0.329217
-1.14464 0.328844
-1.1388 0.33043
-1.13296 0.33012
-1.12712 0.335367
-1.12128 0.334864
-1.11544 0.339397
-1.1096 0.342839
-1.10376 0.3458
-1.09792 0.347342
-1.09208 0.348407
-1.08624 0.348896
-1.0804 0.351779
-1.07456 0.35523
-1.06872 0.355457
-1.06288 0.359145
-1.05704 0.362838
-1.0512 0.361998
-1.04536 0.36059
-1.03952 0.363022
-1.03368 0.365678
-1.02784 0.364975
-1.022 0.364086
-1.01616 0.367623
-1.01032 0.368754
-1.00448 0.370519
-0.99864 0.367044
-0.9928 0.369575
-0.98696 0.367249
-0.98112 0.369648
-0.97528 0.373314
-0.96944 0.373101
-0.9636 0.372806
-0.95776 0.373522
-0.95192 0.375918
-0.94608 0.378151
-0.94024 0.3757
-0.9344 0.377859
-0.92856 0.376501
-0.92272 0.377261
-0.91688 0.378116
-0.91104 0.378497
-0.9052 0.376843
-0.89936 0.380597
-0.89352 0.38256
-0.88768 0.381957
-0.88184 0.383488
-0.876 0.383857
-0.87016 0.383132
-0.86432 0.385539
-0.85848 0.384908
-0.85264 0.386643
-0.8468 0.387788
-0.84096 0.387547
-0.83512 0.387722
-0.82928 0.3886
-0.82344 0.388276
-0.8176 0.388051
-0.81176 0.390317
-0.80592 0.390861
-0.80008 0.391023
-0.79424 0.39195
-0.7884 0.392029
-0.78256 0.394597
-0.77672 0.395215
-0.77088 0.395888
-0.76504 0.397015
-0.7592 0.398563
-0.75336 0.398976
-0.74752 0.399596
-0.74168 0.400254
-0.73584 0.402641
-0.73 0.403509
-0.72416 0.405642
-0.71832 0.406461
-0.71248 0.407536
-0.70664 0.408564
-0.7008 0.409339
-0.69496 0.410703
-0.68912 0.411513
-0.68328 0.412706
-0.67744 0.415917
-0.6716 0.417402
-0.66576 0.418246
-0.65992 0.419553
-0.65408 0.419471
-0.64824 0.421073
-0.6424 0.423252
-0.63656 0.423794
-0.63072 0.424378
-0.62488 0.42487
-0.61904 0.425735
-0.6132 0.425171
-0.60736 0.425025
-0.60152 0.425505
-0.59568 0.425505
-0.58984 0.425505
-0.584 0.425505
-0.57816 0.425505
-0.57232 0.425505
-0.56648 0.425505
-0.56064 0.425505
-0.5548 0.425505
-0.54896 0.425505
-0.54312 0.425505
-0.53728 0.425505
-0.53144 0.425505
-0.5256 0.425505
-0.51976 0.425505
-0.51392 0.425505
-0.50808 0.425505
-0.50224 0.425505
-0.4964 0.425505
-0.49056 0.425505
-0.48472 0.425505
-0.47888 0.425505
-0.47304 0.425505
-0.4672 0.425505
-0.46136 0.425505
-0.45552 0.425505
-0.44968 0.425505
-0.44384 0.425505
-0.438 0.425505
-0.43216 0.425505
-0.42632 0.425505
-0.42048 0.425505
-0.41464 0.425505
-0.4088 0.425505
-0.40296 0.425505
-0.39712 0.425505
-0.39128 0.425505
-0.38544 0.425505
-0.3796 0.425505
-0.37376 0.425505
-0.36792 0.425505
-0.36208 0.425505
-0.35624 0.425505
-0.3504 0.425505
-0.34456 0.425505
-0.33872 0.425505
-0.33288 0.425505
-0.32704 0.425505
-0.3212 0.425505
-0.31536 0.425505
-0.30952 0.425505
-0.30368 0.425505
-0.29784 0.425505
-0.292 0.425505
-0.28616 0.425505
-0.28032 0.425505
-0.27448 0.425505
-0.26864 0.425505
-0.2628 0.425505
-0.25696 0.425505
-0.25112 0.425505
-0.24528 0.425505
-0.23944 0.425505
-0.2336 0.425505
-0.22776 0.425505
-0.22192 0.425505
-0.21608 0.425505
-0.21024 0.425505
-0.2044 0.425505
-0.19856 0.425505
-0.19272 0.425505
-0.18688 0.425505
-0.18104 0.425505
-0.1752 0.425505
-0.16936 0.425505
-0.16352 0.425505
-0.15768 0.425505
-0.15184 0.425505
-0.146 0.425505
-0.14016 0.425505
-0.13432 0.425505
-0.12848 0.425505
-0.12264 0.425505
-0.1168 0.425505
-0.11096 0.425505
-0.10512 0.425505
-0.09928 0.425505
-0.09344 0.425505
-0.0876 0.425505
-0.08176 0.425505
-0.07592 0.425505
-0.07008 0.425505
-0.06424 0.425505
-0.0584 0.425505
-0.05256 0.425505
-0.04672 0.425505
-0.04088 0.425505
-0.03504 0.425505
-0.0292 0.425505
-0.02336 0.425505
-0.01752 0.425505
-0.01168 0.425505
-0.00584 0.425505
