-2.92 0.251839
-2.91416 0.251839
-2.90832 0.251839
-2.90248 0.251839
-2.89664 0.251839
-2.8908 0.251839
-2.88496 0.251839
-2.87912 0.251839
-2.87328 0.251839
-2.86744 0.251839
-2.8616 0.251839
-2.85576 0.251839
-2.84992 0.251839
-2.84408 0.251839
-2.83824 0.251839
-2.8324 0.251839
-2.82656 0.251839
-2.82072 0.251839
-2.81488 0.251839
-2.80904 0.251839
-2.8032 0.251839
-2.79736 0.251839
-2.79152 0.251839
-2.78568 0.251839
-2.77984 0.251839
-2.774 0.251839
-2.76816 0.251839
-2.76232 0.251839
-2.75648 0.251839
-2.75064 0.251839
-2.7448 0.251839
-2.73896 0.251839
-2.73312 0.251839
-2.72728 0.251839
-2.72144 0.251839
-2.7156 0.251839
-2.70976 0.251839
-2.70392 0.251839
-2.69808 0.251839
-2.69224 0.251839
-2.6864 0.251839
-2.68056 0.251839
-2.67472 0.251839
-2.66888 0.251839
-2.66304 0.251839
-2.6572 0.251839
-2.65136 0.251839
-2.64552 0.251839
-2.63968 0.251839
-2.63384 0.251839
-2.628 0.251839
-2.62216 0.251839
-2.61632 0.251839
-2.61048 0.251839
-2.60464 0.251839
-2.5988 0.251839
-2.59296 0.25157
-2.58712 0.251126
-2.58128 0.250507
-2.57544 0.249846
-2.5696 0.249183
-2.56376 0.248476
-2.55792 0.247725
-2.55208 0.247019
-2.54624 0.246181
-2.5404 0.245298
-2.53456 0.244416
-2.52872 0.243487
-2.52288 0.242601
-2.51704 0.241628
-2.5112 0.240611
-2.50536 0.239506
-2.49952 0.2384
-2.49368 0.23734
-2.48784 0.236369
-2.482 0.235353
-2.47616 0.234247
-2.47032 0.233052
-2.46448 0.231813
-2.45864 0.230487
-2.4528 0.229158
-2.44696 0.227786
-2.44112 0.226414
-2.43528 0.224997
-2.42944 0.223624
-2.4236 0.222163
-2.41776 0.220703
-2.41192 0.219288
-2.40608 0.21774
-2.40024 0.216192
-2.3944 0.214644
-2.38856 0.213184
-2.38272 0.211681
-2.37688 0.210175
-2.37104 0.208671
-2.3652 0.207122
-2.35936 0.20553
-2.35352 0.203981
-2.34768 0.202391
-2.34184 0.200798
-2.336 0.199205
-2.33016 0.197657
-2.32432 0.196021
-2.31848 0.19434
-2.31264 0.192659
-2.3068 0.191021
-2.30096 0.18947
-2.29512 0.187877
-2.28928 0.186153
-2.28344 0.184516
-2.2776 0.182791
-2.27176 0.181244
-2.26592 0.179651
-2.26008 0.178016
-2.25424 0.176246
-2.2484 0.174475
-2.24256 0.172704
-2.23672 0.170933
-2.23088 0.169118
-2.22504 0.167813
-2.2192 0.166337
-2.21336 0.165284
-2.20752 0.164023
-2.20168 0.162546
-2.19584 0.161622
-2.19 0.160316
-2.18416 0.159219
-2.17832 0.15808
-2.17248 0.157791
-2.16664 0.156057
-2.1608 0.155345
-2.15496 0.154421
-2.14912 0.15392
-2.14328 0.15257
-2.13744 0.15194
-2.1316 0.150933
-2.12576 0.150516
-2.11992 0.149888
-2.11408 0.149093
-2.10824 0.14855
-2.1024 0.148431
-2.09656 0.146613
-2.09072 0.146324
-2.08488 0.146035
-2.07904 0.146765
-2.0732 0.144611
-2.06736 0.144368
-2.06152 0.143954
-2.05568 0.143033
-2.04984 0.145292
-2.044 0.143528
-2.03816 0.143074
-2.03232 0.142194
-2.02648 0.141225
-2.02064 0.140215
-2.0148 0.140775
-2.00896 0.140745
-2.00312 0.140457
-1.99728 0.141271
-1.99144 0.14048
-1.9856 0.140658
-1.97976 0.139145
-1.97392 0.138815
-1.96808 0.139975
-1.96224 0.138502
-1.9564 0.139825
-1.95056 0.136785
-1.94472 0.138791
-1.93888 0.136767
-1.93304 0.135811
-1.9272 0.136111
-1.92136 0.133623
-1.91552 0.130879
-1.90968 0.131404
-1.90384 0.128489
-1.898 0.127017
-1.89216 0.125555
-1.88632 0.122787
-1.88048 0.120665
-1.87464 0.119323
-1.8688 0.118275
-1.86296 0.113718
-1.85712 0.112503
-1.85128 0.111674
-1.84544 0.109441
-1.8396 0.105771
-1.83376 0.10478
-1.82792 0.10106
-1.82208 0.0985103
-1.81624 0.0971635
-1.8104 0.0956224
-1.80456 0.0938165
-1.79872 0.0886575
-1.79288 0.087321
-1.78704 0.0857328
-1.7812 0.081937
-1.77536 0.0801748
-1.76952 0.0765532
-1.76368 0.0742421
-1.75784 0.0740505
-1.752 0.0712396
-1.74616 0.0656196
-1.74032 0.0651369
-1.73448 0.0608952
-1.72864 0.059592
-1.7228 0.0583534
-1.71696 0.0552885
-1.71112 0.0526925
-1.70528 0.0506487
-1.69944 0.0481373
-1.6936 0.0454342
-1.68776 0.0433401
-1.68192 0.0414228
-1.67608 0.0398282
-1.67024 0.0382428
-1.6644 0.0359897
-1.65856 0.037222
-1.65272 0.0337177
-1.64688 0.0356171
-1.64104 0.0345609
-1.6352 0.0357655
-1.62936 0.0363607
-1.62352 0.0367156
-1.61768 0.035496
-1.61184 0.0367024
-1.606 0.0357949
-1.60016 0.0343845
-1.59432 0.037866
-1.58848 0.03737
-1.58264 0.0381477
-1.5768 0.0389728
-1.57096 0.0388912
-1.56512 0.0416812
-1.55928 0.0411451
-1.55344 0.0441376
-1.5476 0.0447817
-1.54176 0.0483231
-1.53592 0.0490829
-1.53008 0.049437
-1.52424 0.0489402
-1.5184 0.0512272
-1.51256 0.0546522
-1.50672 0.0527136
-1.50088 0.0565101
-1.49504 0.0617584
-1.4892 0.0636329
-1.48336 0.0669003
-1.47752 0.0680903
-1.47168 0.0692108
-1.46584 0.0707472
-1.46 0.0760917
-1.45416 0.0786005
-1.44832 0.0782411
-1.44248 0.0837456
-1.43664 0.0865659
-1.4308 0.0885658
-1.42496 0.0898832
-1.41912 0.0929813
-1.41328 0.0952344
-1.40744 0.0968376
-1.4016 0.0976071
-1.39576 0.101968
-1.38992 0.105562
-1.38408 0.100923
-1.37824 0.10617
-1.3724 0.109064
-1.36656 0.110458
-1.36072 0.112838
-1.35488 0.114982
-1.34904 0.116736
-1.3432 0.121311
-1.33736 0.124276
-1.33152 0.126871
-1.32568 0.132887
-1.31984 0.133704
-1.314 0.134163
-1.30816 0.136708
-1.30232 0.138028
-1.29648 0.141185
-1.29064 0.143715
-1.2848 0.146651
-1.27896 0.150478
-1.27312 0.153519
-1.26728 0.157848
-1.26144 0.157877
-1.2556 0.161295
-1.24976 0.163382
-1.24392 0.169327
-1.23808 0.168674
-1.23224 0.171455
-1.2264 0.172717
-1.22056 0.17732
-1.21472 0.178183
-1.20888 0.183112
-1.20304 0.183514
-1.1972 0.187468
-1.19136 0.191732
-1.18552 0.194302
-1.17968 0.19479
-1.17384 0.198841
-1.168 0.199232
-1.16216 0.198559
-1.15632 0.20161
-1.15048 0.20396
-1.14464 0.206583
-1.1388 0.208529
-1.13296 0.210794
-1.12712 0.214208
-1.12128 0.21762
-1.11544 0.221082
-1.1096 0.223016
-1.10376 0.228759
-1.09792 0.230411
-1.09208 0.232322
-1.08624 0.231073
-1.0804 0.234052
-1.07456 0.238357
-1.06872 0.236674
-1.06288 0.240666
-1.05704 0.248068
-1.0512 0.251393
-1.04536 0.254483
-1.03952 0.254601
-1.03368 0.255918
-1.02784 0.258193
-1.022 0.263082
-1.01616 0.265169
-1.01032 0.266592
-1.00448 0.272137
-0.99864 0.273176
-0.9928 0.275998
-0.98696 0.277408
-0.98112 0.280309
-0.97528 0.283301
-0.96944 0.283964
-0.9636 0.284991
-0.95776 0.288935
-0.95192 0.291389
-0.94608 0.287805
-0.94024 0.29195
-0.9344 0.295815
-0.92856 0.296746
-0.92272 0.298424
-0.91688 0.299512
-0.91104 0.301279
-0.9052 0.304948
-0.89936 0.308371
-0.89352 0.309369
-0.88768 0.314091
-0.88184 0.315263
-0.876 0.315394
-0.87016 0.316968
-0.86432 0.317828
-0.85848 0.319889
-0.85264 0.321441
-0.8468 0.323586
-0.84096 0.327909
-0.83512 0.329969
-0.82928 0.331391
-0.82344 0.332522
-0.8176 0.334231
-0.81176 0.335657
-0.80592 0.338555
-0.80008 0.337612
-0.79424 0.33937
-0.7884 0.340825
-0.78256 0.340549
-0.77672 0.340955
-0.77088 0.343636
-0.76504 0.34272
-0.7592 0.344731
-0.75336 0.344906
-0.74752 0.345555
-0.74168 0.346838
-0.73584 0.348108
-0.73 0.346871
-0.72416 0.345498
-0.71832 0.346305
-0.71248 0.348005
-0.70664 0.34831
-0.7008 0.349338
-0.69496 0.349995
-0.68912 0.350946
-0.68328 0.351414
-0.67744 0.352424
-0.6716 0.354533
-0.66576 0.35554
-0.65992 0.355743
-0.65408 0.357589
-0.64824 0.3562
-0.6424 0.356987
-0.63656 0.358154
-0.63072 0.359198
-0.62488 0.360146
-0.61904 0.362317
-0.6132 0.362673
-0.60736 0.362812
-0.60152 0.36257
-0.59568 0.36257
-0.58984 0.36257
-0.584 0.36257
-0.57816 0.36257
-0.57232 0.36257
-0.56648 0.36257
-0.56064 0.36257
-0.5548 0.36257
-0.54896 0.36257
-0.54312 0.36257
-0.53728 0.36257
-0.53144 0.36257
-0.5256 0.36257
-0.51976 0.36257
-0.51392 0.36257
-0.50808 0.36257
-0.50224 0.36257
-0.4964 0.36257
-0.49056 0.36257
-0.48472 0.36257
-0.47888 0.36257
-0.47304 0.36257
-0.4672 0.36257
-0.46136 0.36257
-0.45552 0.36257
-0.44968 0.36257
-0.44384 0.36257
-0.438 0.36257
-0.43216 0.36257
-0.42632 0.36257
-0.42048 0.36257
-0.41464 0.36257
-0.4088 0.36257
-0.40296 0.36257
-0.39712 0.36257
-0.39128 0.36257
-0.38544 0.36257
-0.3796 0.36257
-0.37376 0.36257
-0.36792 0.36257
-0.36208 0.36257
-0.35624 0.36257
-0.3504 0.36257
-0.34456 0.36257
-0.33872 0.36257
-0.33288 0.36257
-0.32704 0.36257
-0.3212 0.36257
-0.31536 0.36257
-0.30952 0.36257
-0.30368 0.36257
-0.29784 0.36257
-0.292 0.36257
-0.28616 0.36257
-0.28032 0.36257
-0.27448 0.36257
-0.26864 0.36257
-0.2628 0.36257
-0.25696 0.36257
-0.25112 0.36257
-0.24528 0.36257
-0.23944 0.36257
-0.2336 0.36257
-0.22776 0.36257
-0.22192 0.36257
-0.21608 0.36257
-0.21024 0.36257
-0.2044 0.36257
-0.19856 0.36257
-0.19272 0.36257
-0.18688 0.36257
-0.18104 0.36257
-0.1752 0.36257
-0.16936 0.36257
-0.16352 0.36257
-0.15768 0.36257
-0.15184 0.36257
-0.146 0.36257
-0.14016 0.36257
-0.13432 0.36257
-0.12848 0.36257
-0.12264 0.36257
-0.1168 0.36257
-0.11096 0.36257
-0.10512 0.36257
-0.09928 0.36257
-0.09344 0.36257
-0.0876 0.36257
-0.08176 0.36257
-0.07592 0.36257
-0.07008 0.36257
-0.06424 0.36257
-0.0584 0.36257
-0.05256 0.36257
-0.04672 0.36257
-0.04088 0.36257
-0.03504 0.36257
-0.0292 0.36257
-0.02336 0.36257
-0.01752 0.36257
-0.01168 0.36257
-0.00584 0.36257
