-2.92 0.246692
-2.91416 0.246692
-2.90832 0.246692
-2.90248 0.246692
-2.89664 0.246692
-2.8908 0.246692
-2.88496 0.246692
-2.87912 0.246692
-2.87328 0.246692
-2.86744 0.246692
-2.8616 0.246692
-2.85576 0.246692
-2.84992 0.246692
-2.84408 0.246692
-2.83824 0.246692
-2.8324 0.246692
-2.82656 0.246692
-2.82072 0.246692
-2.81488 0.246692
-2.80904 0.246692
-2.8032 0.246692
-2.79736 0.246692
-2.79152 0.246692
-2.78568 0.246692
-2.77984 0.246692
-2.774 0.246692
-2.76816 0.246692
-2.76232 0.246692
-2.75648 0.246692
-2.75064 0.246692
-2.7448 0.246692
-2.73896 0.246692
-2.73312 0.246692
-2.72728 0.246692
-2.72144 0.246692
-2.7156 0.246692
-2.70976 0.246692
-2.70392 0.246692
-2.69808 0.246692
-2.69224 0.246692
-2.6864 0.246692
-2.68056 0.246692
-2.67472 0.246692
-2.66888 0.246692
-2.66304 0.246692
-2.6572 0.246692
-2.65136 0.246692
-2.64552 0.246692
-2.63968 0.246692
-2.63384 0.246692
-2.628 0.246692
-2.62216 0.246692
-2.61632 0.246692
-2.61048 0.246692
-2.60464 0.246692
-2.5988 0.246692
-2.59296 0.246428
-2.58712 0.246074
-2.58128 0.245675
-2.57544 0.245146
-2.5696 0.244616
-2.56376 0.24404
-2.55792 0.243377
-2.55208 0.242713
-2.54624 0.241919
-2.5404 0.241082
-2.53456 0.24033
-2.52872 0.239446
-2.52288 0.238518
-2.51704 0.237503
-2.5112 0.236442
-2.50536 0.23538
-2.49952 0.234319
-2.49368 0.233258
-2.48784 0.232284
-2.482 0.231311
-2.47616 0.23016
-2.47032 0.228879
-2.46448 0.227598
-2.45864 0.226274
-2.4528 0.224905
-2.44696 0.223536
-2.44112 0.222124
-2.43528 0.220712
-2.42944 0.219343
-2.4236 0.217843
-2.41776 0.216386
-2.41192 0.21493
-2.40608 0.213472
-2.40024 0.212014
-2.3944 0.210469
-2.38856 0.208969
-2.38272 0.207424
-2.37688 0.205923
-2.37104 0.204378
-2.3652 0.202833
-2.35936 0.201331
-2.35352 0.199875
-2.34768 0.198415
-2.34184 0.196913
-2.336 0.195365
-2.33016 0.193774
-2.32432 0.192229
-2.31848 0.190638
-2.31264 0.189091
-2.3068 0.187542
-2.30096 0.185865
-2.29512 0.184231
-2.28928 0.182553
-2.28344 0.180874
-2.2776 0.179196
-2.27176 0.177517
-2.26592 0.175926
-2.26008 0.174336
-2.25424 0.172569
-2.2484 0.170803
-2.24256 0.169036
-2.23672 0.167314
-2.23088 0.165547
-2.22504 0.164501
-2.2192 0.16286
-2.21336 0.161939
-2.20752 0.160767
-2.20168 0.159169
-2.19584 0.158586
-2.19 0.157074
-2.18416 0.156282
-2.17832 0.155697
-2.17248 0.153845
-2.16664 0.153178
-2.1608 0.152128
-2.15496 0.150909
-2.14912 0.150875
-2.14328 0.149445
-2.13744 0.148652
-2.1316 0.147137
-2.12576 0.146895
-2.11992 0.145676
-2.11408 0.144885
-2.10824 0.144851
-2.1024 0.143467
-2.09656 0.142841
-2.09072 0.142089
-2.08488 0.14045
-2.07904 0.14207
-2.0732 0.140515
-2.06736 0.137812
-2.06152 0.139435
-2.05568 0.138895
-2.04984 0.138147
-2.044 0.137655
-2.03816 0.137075
-2.03232 0.134968
-2.02648 0.136548
-2.02064 0.135501
-2.0148 0.135174
-2.00896 0.134129
-2.00312 0.13282
-1.99728 0.13356
-1.99144 0.132978
-1.9856 0.132229
-1.97976 0.130845
-1.97392 0.130945
-1.96808 0.131429
-1.96224 0.131661
-1.9564 0.13227
-1.95056 0.132797
-1.94472 0.130689
-1.93888 0.129989
-1.93304 0.130767
-1.9272 0.126457
-1.92136 0.127025
-1.91552 0.12441
-1.90968 0.123115
-1.90384 0.120327
-1.898 0.11844
-1.89216 0.119866
-1.88632 0.114708
-1.88048 0.112821
-1.87464 0.112161
-1.8688 0.109131
-1.86296 0.107745
-1.85712 0.105609
-1.85128 0.103843
-1.84544 0.101363
-1.8396 0.0996449
-1.83376 0.0983101
-1.82792 0.0937559
-1.82208 0.0935731
-1.81624 0.0910988
-1.8104 0.0892524
-1.80456 0.0869015
-1.79872 0.0862113
-1.79288 0.0824604
-1.78704 0.0805354
-1.7812 0.0781882
-1.77536 0.0747725
-1.76952 0.0748062
-1.76368 0.0724965
-1.75784 0.0696002
-1.752 0.0666125
-1.74616 0.0657563
-1.74032 0.0629832
-1.73448 0.0620806
-1.72864 0.0584616
-1.7228 0.0555133
-1.71696 0.0545009
-1.71112 0.0499063
-1.70528 0.0491761
-1.69944 0.0465872
-1.6936 0.0450942
-1.68776 0.043611
-1.68192 0.0428901
-1.67608 0.0389914
-1.67024 0.0368228
-1.6644 0.0366103
-1.65856 0.0364465
-1.65272 0.036578
-1.64688 0.034759
-1.64104 0.036214
-1.6352 0.0369838
-1.62936 0.0358529
-1.62352 0.0387477
-1.61768 0.0397417
-1.61184 0.040063
-1.606 0.0402198
-1.60016 0.0417044
-1.59432 0.0408684
-1.58848 0.042658
-1.58264 0.043655
-1.5768 0.0437034
-1.57096 0.042585
-1.56512 0.0447187
-1.55928 0.0484954
-1.55344 0.047632
-1.5476 0.050425
-1.54176 0.0526169
-1.53592 0.0542273
-1.53008 0.0559867
-1.52424 0.0556243
-1.5184 0.0591416
-1.51256 0.0595091
-1.50672 0.0613594
-1.50088 0.0656457
-1.49504 0.0693667
-1.4892 0.0718886
-1.48336 0.0752247
-1.47752 0.0778605
-1.47168 0.0815145
-1.46584 0.0840627
-1.46 0.0865509
-1.45416 0.0886702
-1.44832 0.0902437
-1.44248 0.0952075
-1.43664 0.0981072
-1.4308 0.0968729
-1.42496 0.10129
-1.41912 0.105046
-1.41328 0.109248
-1.40744 0.110968
-1.4016 0.112082
-1.39576 0.117788
-1.38992 0.119491
-1.38408 0.117699
-1.37824 0.122064
-1.3724 0.124692
-1.36656 0.126499
-1.36072 0.12979
-1.35488 0.133254
-1.34904 0.135464
-1.3432 0.137841
-1.33736 0.141633
-1.33152 0.146411
-1.32568 0.149275
-1.31984 0.149913
-1.314 0.149844
-1.30816 0.15968
-1.30232 0.159647
-1.29648 0.160695
-1.29064 0.161427
-1.2848 0.167254
-1.27896 0.172264
-1.27312 0.173671
-1.26728 0.178619
-1.26144 0.177705
-1.2556 0.181755
-1.24976 0.187089
-1.24392 0.187822
-1.23808 0.191247
-1.23224 0.192503
-1.2264 0.196051
-1.22056 0.199546
-1.21472 0.201571
-1.20888 0.204944
-1.20304 0.207061
-1.1972 0.209123
-1.19136 0.210726
-1.18552 0.215245
-1.17968 0.217262
-1.17384 0.221622
-1.168 0.220432
-1.16216 0.220732
-1.15632 0.223745
-1.15048 0.22584
-1.14464 0.230584
-1.1388 0.230748
-1.13296 0.234412
-1.12712 0.23985
-1.12128 0.242863
-1.11544 0.243654
-1.1096 0.248257
-1.10376 0.252361
-1.09792 0.253195
-1.09208 0.256138
-1.08624 0.254411
-1.0804 0.25873
-1.07456 0.25999
-1.06872 0.264141
-1.06288 0.266243
-1.05704 0.270832
-1.0512 0.273883
-1.04536 0.276148
-1.03952 0.277659
-1.03368 0.282732
-1.02784 0.28467
-1.022 0.2861
-1.01616 0.288967
-1.01032 0.29049
-1.00448 0.293905
-0.99864 0.297461
-0.9928 0.29669
-0.98696 0.299333
-0.98112 0.303719
-0.97528 0.306312
-0.96944 0.307779
-0.9636 0.30933
-0.95776 0.313774
-0.95192 0.314095
-0.94608 0.313131
-0.94024 0.31511
-0.9344 0.317606
-0.92856 0.317509
-0.92272 0.321518
-0.91688 0.324005
-0.91104 0.327002
-0.9052 0.330289
-0.89936 0.331129
-0.89352 0.335605
-0.88768 0.338588
-0.88184 0.339173
-0.876 0.338781
-0.87016 0.343959
-0.86432 0.343641
-0.85848 0.346115
-0.85264 0.346912
-0.8468 0.349941
-0.84096 0.354185
-0.83512 0.356707
-0.82928 0.357796
-0.82344 0.359813
-0.8176 0.360265
-0.81176 0.364143
-0.80592 0.365139
-0.80008 0.366562
-0.79424 0.366965
-0.7884 0.369068
-0.78256 0.370911
-0.77672 0.371228
-0.77088 0.372562
-0.76504 0.374744
-0.7592 0.375191
-0.75336 0.375377
-0.74752 0.376833
-0.74168 0.379009
-0.73584 0.379711
-0.73 0.379857
-0.72416 0.379245
-0.71832 0.380273
-0.71248 0.381469
-0.70664 0.382666
-0.7008 0.383183
-0.69496 0.385007
-0.68912 0.385823
-0.68328 0.387099
-0.67744 0.388162
-0.6716 0.390619
-0.66576 0.391762
-0.65992 0.392223
-0.65408 0.394326
-0.64824 0.393068
-0.6424 0.394111
-0.63656 0.395329
-0.63072 0.396406
-0.62488 0.397187
-0.61904 0.399225
-0.6132 0.399535
-0.60736 0.399673
-0.60152 0.399174
-0.59568 0.399174
-0.58984 0.399174
-0.584 0.399174
-0.57816 0.399174
-0.57232 0.399174
-0.56648 0.399174
-0.56064 0.399174
-0.5548 0.399174
-0.54896 0.399174
-0.54312 0.399174
-0.53728 0.399174
-0.53144 0.399174
-0.5256 0.399174
-0.51976 0.399174
-0.51392 0.399174
-0.50808 0.399174
-0.50224 0.399174
-0.4964 0.399174
-0.49056 0.399174
-0.48472 0.399174
-0.47888 0.399174
-0.47304 0.399174
-0.4672 0.399174
-0.46136 0.399174
-0.45552 0.399174
-0.44968 0.399174
-0.44384 0.399174
-0.438 0.399174
-0.43216 0.399174
-0.42632 0.399174
-0.42048 0.399174
-0.41464 0.399174
-0.4088 0.399174
-0.40296 0.399174
-0.39712 0.399174
-0.39128 0.399174
-0.38544 0.399174
-0.3796 0.399174
-0.37376 0.399174
-0.36792 0.399174
-0.36208 0.399174
-0.35624 0.399174
-0.3504 0.399174
-0.34456 0.399174
-0.33872 0.399174
-0.33288 0.399174
-0.32704 0.399174
-0.3212 0.399174
-0.31536 0.399174
-0.30952 0.399174
-0.30368 0.399174
-0.29784 0.399174
-0.292 0.399174
-0.28616 0.399174
-0.28032 0.399174
-0.27448 0.399174
-0.26864 0.399174
-0.2628 0.399174
-0.25696 0.399174
-0.25112 0.399174
-0.24528 0.399174
-0.23944 0.399174
-0.2336 0.399174
-0.22776 0.399174
-0.22192 0.399174
-0.21608 0.399174
-0.21024 0.399174
-0.2044 0.399174
-0.19856 0.399174
-0.19272 0.399174
-0.18688 0.399174
-0.18104 0.399174
-0.1752 0.399174
-0.16936 0.399174
-0.16352 0.399174
-0.15768 0.399174
-0.15184 0.399174
-0.146 0.399174
-0.14016 0.399174
-0.13432 0.399174
-0.12848 0.399174
-0.12264 0.399174
-0.1168 0.399174
-0.11096 0.399174
-0.10512 0.399174
-0.09928 0.399174
-0.09344 0.399174
-0.0876 0.399174
-0.08176 0.399174
-0.07592 0.399174
-0.07008 0.399174
-0.06424 0.399174
-0.0584 0.399174
-0.05256 0.399174
-0.04672 0.399174
-0.04088 0.399174
-0.03504 0.399174
-0.0292 0.399174
-0.02336 0.399174
-0.01752 0.399174
-0.01168 0.399174
-0.00584 0.399174
