-2.92 0.265806
-2.91416 0.265806
-2.90832 0.265806
-2.90248 0.265806
-2.89664 0.265806
-2.8908 0.265806
-2.88496 0.265806
-2.87912 0.265806
-2.87328 0.265806
-2.86744 0.265806
-2.8616 0.265806
-2.85576 0.265806
-2.84992 0.265806
-2.84408 0.265806
-2.83824 0.265806
-2.8324 0.265806
-2.82656 0.265806
-2.82072 0.265806
-2.81488 0.265806
-2.80904 0.265806
-2.8032 0.265806
-2.79736 0.265806
-2.79152 0.265806
-2.78568 0.265806
-2.77984 0.265806
-2.774 0.265806
-2.76816 0.265806
-2.76232 0.265806
-2.75648 0.265806
-2.75064 0.265806
-2.7448 0.265806
-2.73896 0.265806
-2.73312 0.265806
-2.72728 0.265806
-2.72144 0.265806
-2.7156 0.265806
-2.70976 0.265806
-2.70392 0.265806
-2.69808 0.265806
-2.69224 0.265806
-2.6864 0.265806
-2.68056 0.265806
-2.67472 0.265806
-2.66888 0.265806
-2.66304 0.265806
-2.6572 0.265806
-2.65136 0.265806
-2.64552 0.265806
-2.63968 0.265806
-2.63384 0.265806
-2.628 0.265806
-2.62216 0.265806
-2.61632 0.265806
-2.61048 0.265806
-2.60464 0.265806
-2.5988 0.265806
-2.59296 0.265587
-2.58712 0.26519
-2.58128 0.264657
-2.57544 0.263993
-2.5696 0.26324
-2.56376 0.262487
-2.55792 0.26169
-2.55208 0.260893
-2.54624 0.259965
-2.5404 0.258949
-2.53456 0.257977
-2.52872 0.25696
-2.52288 0.255944
-2.51704 0.254884
-2.5112 0.25378
-2.50536 0.252721
-2.49952 0.25166
-2.49368 0.250599
-2.48784 0.249494
-2.482 0.248478
-2.47616 0.247197
-2.47032 0.24596
-2.46448 0.244636
-2.45864 0.243312
-2.4528 0.241989
-2.44696 0.240621
-2.44112 0.239253
-2.43528 0.237841
-2.42944 0.236474
-2.4236 0.235019
-2.41776 0.233563
-2.41192 0.232195
-2.40608 0.230696
-2.40024 0.229151
-2.3944 0.227519
-2.38856 0.225974
-2.38272 0.224342
-2.37688 0.222796
-2.37104 0.221206
-2.3652 0.219529
-2.35936 0.217852
-2.35352 0.21622
-2.34768 0.214587
-2.34184 0.21291
-2.336 0.211276
-2.33016 0.2096
-2.32432 0.207966
-2.31848 0.206288
-2.31264 0.20461
-2.3068 0.202976
-2.30096 0.201299
-2.29512 0.199577
-2.28928 0.197813
-2.28344 0.196092
-2.2776 0.194327
-2.27176 0.192606
-2.26592 0.190839
-2.26008 0.189074
-2.25424 0.187176
-2.2484 0.185234
-2.24256 0.183292
-2.23672 0.181395
-2.23088 0.179409
-2.22504 0.17751
-2.2192 0.175694
-2.21336 0.173668
-2.20752 0.171942
-2.20168 0.170126
-2.19584 0.168058
-2.19 0.166455
-2.18416 0.164554
-2.17832 0.162782
-2.17248 0.161138
-2.16664 0.159744
-2.1608 0.157293
-2.15496 0.156157
-2.14912 0.154424
-2.14328 0.152351
-2.13744 0.15075
-2.1316 0.149059
-2.12576 0.147538
-2.11992 0.146229
-2.11408 0.145728
-2.10824 0.143702
-2.1024 0.142817
-2.09656 0.141933
-2.09072 0.140755
-2.08488 0.140467
-2.07904 0.138568
-2.0732 0.138661
-2.06736 0.138288
-2.06152 0.136986
-2.05568 0.137718
-2.04984 0.136834
-2.044 0.135576
-2.03816 0.136347
-2.03232 0.135719
-2.02648 0.135812
-2.02064 0.135432
-2.0148 0.134513
-2.00896 0.133716
-2.00312 0.13194
-1.99728 0.133561
-1.99144 0.132555
-1.9856 0.132482
-1.97976 0.133805
-1.97392 0.133778
-1.96808 0.1312
-1.96224 0.131082
-1.9564 0.130774
-1.95056 0.131743
-1.94472 0.131882
-1.93888 0.130843
-1.93304 0.127877
-1.9272 0.126527
-1.92136 0.12525
-1.91552 0.124652
-1.90968 0.122705
-1.90384 0.122197
-1.898 0.120823
-1.89216 0.119015
-1.88632 0.114958
-1.88048 0.11468
-1.87464 0.111281
-1.8688 0.109956
-1.86296 0.108241
-1.85712 0.106941
-1.85128 0.104669
-1.84544 0.103717
-1.8396 0.101046
-1.83376 0.0995594
-1.82792 0.0961062
-1.82208 0.0959172
-1.81624 0.0915562
-1.8104 0.0904801
-1.80456 0.0880418
-1.79872 0.0845383
-1.79288 0.0831453
-1.78704 0.0817399
-1.7812 0.0770589
-1.77536 0.0766136
-1.76952 0.073801
-1.76368 0.0722844
-1.75784 0.0705867
-1.752 0.0675754
-1.74616 0.0660601
-1.74032 0.0625294
-1.73448 0.0622553
-1.72864 0.0604367
-1.7228 0.0574521
-1.71696 0.054139
-1.71112 0.052184
-1.70528 0.0499228
-1.69944 0.0480941
-1.6936 0.0464716
-1.68776 0.0432402
-1.68192 0.0420281
-1.67608 0.0400474
-1.67024 0.0381917
-1.6644 0.0373704
-1.65856 0.0369431
-1.65272 0.035401
-1.64688 0.0370878
-1.64104 0.036265
-1.6352 0.0351715
-1.62936 0.0369087
-1.62352 0.0372902
-1.61768 0.0376918
-1.61184 0.036782
-1.606 0.0391195
-1.60016 0.0409959
-1.59432 0.0388558
-1.58848 0.0402272
-1.58264 0.0409263
-1.5768 0.0428595
-1.57096 0.0442211
-1.56512 0.0459082
-1.55928 0.0456816
-1.55344 0.0475387
-1.5476 0.0522031
-1.54176 0.0536904
-1.53592 0.0528243
-1.53008 0.0570738
-1.52424 0.0547726
-1.5184 0.0582997
-1.51256 0.0611278
-1.50672 0.0626163
-1.50088 0.0650328
-1.49504 0.0693308
-1.4892 0.072126
-1.48336 0.0771936
-1.47752 0.0772583
-1.47168 0.0809329
-1.46584 0.0832853
-1.46 0.0865053
-1.45416 0.0876287
-1.44832 0.0908781
-1.44248 0.0936904
-1.43664 0.0967727
-1.4308 0.100512
-1.42496 0.103506
-1.41912 0.106761
-1.41328 0.110084
-1.40744 0.11055
-1.4016 0.114266
-1.39576 0.117271
-1.38992 0.118991
-1.38408 0.118049
-1.37824 0.122935
-1.3724 0.123582
-1.36656 0.127847
-1.36072 0.127589
-1.35488 0.132136
-1.34904 0.13608
-1.3432 0.138185
-1.33736 0.142417
-1.33152 0.144614
-1.32568 0.147528
-1.31984 0.151836
-1.314 0.151358
-1.30816 0.157705
-1.30232 0.15588
-1.29648 0.159674
-1.29064 0.160938
-1.2848 0.166106
-1.27896 0.170717
-1.27312 0.173939
-1.26728 0.177249
-1.26144 0.178697
-1.2556 0.183818
-1.24976 0.186604
-1.24392 0.18909
-1.23808 0.191599
-1.23224 0.19513
-1.2264 0.19915
-1.22056 0.199945
-1.21472 0.203509
-1.20888 0.206441
-1.20304 0.209465
-1.1972 0.212684
-1.19136 0.21492
-1.18552 0.220414
-1.17968 0.22299
-1.17384 0.22334
-1.168 0.225703
-1.16216 0.227806
-1.15632 0.22914
-1.15048 0.230498
-1.14464 0.232883
-1.1388 0.237636
-1.13296 0.23895
-1.12712 0.242795
-1.12128 0.244766
-1.11544 0.249171
-1.1096 0.253023
-1.10376 0.255534
-1.09792 0.259012
-1.09208 0.26059
-1.08624 0.259911
-1.0804 0.262667
-1.07456 0.266832
-1.06872 0.268762
-1.06288 0.270586
-1.05704 0.277967
-1.0512 0.279609
-1.04536 0.284511
-1.03952 0.28423
-1.03368 0.288587
-1.02784 0.29038
-1.022 0.293363
-1.01616 0.295098
-1.01032 0.298018
-1.00448 0.300856
-0.99864 0.30402
-0.9928 0.306611
-0.98696 0.309278
-0.98112 0.31267
-0.97528 0.316429
-0.96944 0.316677
-0.9636 0.320593
-0.95776 0.323149
-0.95192 0.324606
-0.94608 0.325052
-0.94024 0.327487
-0.9344 0.329344
-0.92856 0.332014
-0.92272 0.332558
-0.91688 0.336061
-0.91104 0.339461
-0.9052 0.341135
-0.89936 0.34554
-0.89352 0.347951
-0.88768 0.350231
-0.88184 0.351888
-0.876 0.352324
-0.87016 0.357511
-0.86432 0.356093
-0.85848 0.358928
-0.85264 0.360486
-0.8468 0.362298
-0.84096 0.368152
-0.83512 0.370598
-0.82928 0.37258
-0.82344 0.373668
-0.8176 0.375562
-0.81176 0.377833
-0.80592 0.379692
-0.80008 0.380154
-0.79424 0.382014
-0.7884 0.382969
-0.78256 0.384341
-0.77672 0.385125
-0.77088 0.386761
-0.76504 0.387982
-0.7592 0.388433
-0.75336 0.390818
-0.74752 0.392288
-0.74168 0.39324
-0.73584 0.394491
-0.73 0.395239
-0.72416 0.394335
-0.71832 0.395285
-0.71248 0.396706
-0.70664 0.398243
-0.7008 0.399367
-0.69496 0.400282
-0.68912 0.401002
-0.68328 0.402577
-0.67744 0.403391
-0.6716 0.405934
-0.66576 0.407256
-0.65992 0.408239
-0.65408 0.409954
-0.64824 0.408832
-0.6424 0.410053
-0.63656 0.411405
-0.63072 0.41275
-0.62488 0.413962
-0.61904 0.416472
-0.6132 0.416964
-0.60736 0.417276
-0.60152 0.417121
-0.59568 0.417121
-0.58984 0.417121
-0.584 0.417121
-0.57816 0.417121
-0.57232 0.417121
-0.56648 0.417121
-0.56064 0.417121
-0.5548 0.417121
-0.54896 0.417121
-0.54312 0.417121
-0.53728 0.417121
-0.53144 0.417121
-0.5256 0.417121
-0.51976 0.417121
-0.51392 0.417121
-0.50808 0.417121
-0.50224 0.417121
-0.4964 0.417121
-0.49056 0.417121
-0.48472 0.417121
-0.47888 0.417121
-0.47304 0.417121
-0.4672 0.417121
-0.46136 0.417121
-0.45552 0.417121
-0.44968 0.417121
-0.44384 0.417121
-0.438 0.417121
-0.43216 0.417121
-0.42632 0.417121
-0.42048 0.417121
-0.41464 0.417121
-0.4088 0.417121
-0.40296 0.417121
-0.39712 0.417121
-0.39128 0.417121
-0.38544 0.417121
-0.3796 0.417121
-0.37376 0.417121
-0.36792 0.417121
-0.36208 0.417121
-0.35624 0.417121
-0.3504 0.417121
-0.34456 0.417121
-0.33872 0.417121
-0.33288 0.417121
-0.32704 0.417121
-0.3212 0.417121
-0.31536 0.417121
-0.30952 0.417121
-0.30368 0.417121
-0.29784 0.417121
-0.292 0.417121
-0.28616 0.417121
-0.28032 0.417121
-0.27448 0.417121
-0.26864 0.417121
-0.2628 0.417121
-0.25696 0.417121
-0.25112 0.417121
-0.24528 0.417121
-0.23944 0.417121
-0.2336 0.417121
-0.22776 0.417121
-0.22192 0.417121
-0.21608 0.417121
-0.21024 0.417121
-0.2044 0.417121
-0.19856 0.417121
-0.19272 0.417121
-0.18688 0.417121
-0.18104 0.417121
-0.1752 0.417121
-0.16936 0.417121
-0.16352 0.417121
-0.15768 0.417121
-0.15184 0.417121
-0.146 0.417121
-0.14016 0.417121
-0.13432 0.417121
-0.12848 0.417121
-0.12264 0.417121
-0.1168 0.417121
-0.11096 0.417121
-0.10512 0.417121
-0.09928 0.417121
-0.09344 0.417121
-0.0876 0.417121
-0.08176 0.417121
-0.07592 0.417121
-0.07008 0.417121
-0.06424 0.417121
-0.0584 0.417121
-0.05256 0.417121
-0.04672 0.417121
-0.04088 0.417121
-0.03504 0.417121
-0.0292 0.417121
-0.02336 0.417121
-0.01752 0.417121
-0.01168 0.417121
-0.00584 0.417121
