-2.92 0.279342
-2.91416 0.279342
-2.90832 0.279342
-2.90248 0.279342
-2.89664 0.279342
-2.8908 0.279342
-2.88496 0.279342
-2.87912 0.279342
-2.87328 0.279342
-2.86744 0.279342
-2.8616 0.279342
-2.85576 0.279342
-2.84992 0.279342
-2.84408 0.279342
-2.83824 0.279342
-2.8324 0.279342
-2.82656 0.279342
-2.82072 0.279342
-2.81488 0.279342
-2.80904 0.279342
-2.8032 0.279342
-2.79736 0.279342
-2.79152 0.279342
-2.78568 0.279342
-2.77984 0.279342
-2.774 0.279342
-2.76816 0.279342
-2.76232 0.279342
-2.75648 0.279342
-2.75064 0.279342
-2.7448 0.279342
-2.73896 0.279342
-2.73312 0.279342
-2.72728 0.279342
-2.72144 0.279342
-2.7156 0.279342
-2.70976 0.279342
-2.70392 0.279342
-2.69808 0.279342
-2.69224 0.279342
-2.6864 0.279342
-2.68056 0.279342
-2.67472 0.279342
-2.66888 0.279342
-2.66304 0.279342
-2.6572 0.279342
-2.65136 0.279342
-2.64552 0.279342
-2.63968 0.279342
-2.63384 0.279342
-2.628 0.279342
-2.62216 0.279342
-2.61632 0.279342
-2.61048 0.279342
-2.60464 0.279342
-2.5988 0.279342
-2.59296 0.279121
-2.58712 0.27877
-2.58128 0.278331
-2.57544 0.277804
-2.5696 0.277233
-2.56376 0.276616
-2.55792 0.276
-2.55208 0.275295
-2.54624 0.274415
-2.5404 0.273446
-2.53456 0.272522
-2.52872 0.271596
-2.52288 0.270581
-2.51704 0.269523
-2.5112 0.268552
-2.50536 0.267537
-2.49952 0.266391
-2.49368 0.265289
-2.48784 0.264099
-2.482 0.262999
-2.47616 0.261679
-2.47032 0.260313
-2.46448 0.258905
-2.45864 0.257453
-2.4528 0.256001
-2.44696 0.254505
-2.44112 0.252967
-2.43528 0.251385
-2.42944 0.249847
-2.4236 0.248308
-2.41776 0.246726
-2.41192 0.245143
-2.40608 0.243515
-2.40024 0.241887
-2.3944 0.240172
-2.38856 0.238589
-2.38272 0.236917
-2.37688 0.23529
-2.37104 0.233575
-2.3652 0.231905
-2.35936 0.23019
-2.35352 0.228472
-2.34768 0.2268
-2.34184 0.225126
-2.336 0.223408
-2.33016 0.221646
-2.32432 0.21984
-2.31848 0.218033
-2.31264 0.216225
-2.3068 0.214373
-2.30096 0.212477
-2.29512 0.210714
-2.28928 0.208907
-2.28344 0.207011
-2.2776 0.205072
-2.27176 0.203176
-2.26592 0.201236
-2.26008 0.199472
-2.25424 0.197487
-2.2484 0.195458
-2.24256 0.193429
-2.23672 0.191443
-2.23088 0.189414
-2.22504 0.187386
-2.2192 0.185314
-2.21336 0.18333
-2.20752 0.181303
-2.20168 0.179186
-2.19584 0.177069
-2.19 0.174996
-2.18416 0.173005
-2.17832 0.170761
-2.17248 0.168859
-2.16664 0.166743
-2.1608 0.164757
-2.15496 0.162728
-2.14912 0.160697
-2.14328 0.158626
-2.13744 0.15668
-2.1316 0.154565
-2.12576 0.152538
-2.11992 0.15055
-2.11408 0.148565
-2.10824 0.146577
-2.1024 0.144505
-2.09656 0.14239
-2.09072 0.140359
-2.08488 0.138708
-2.07904 0.136294
-2.0732 0.134268
-2.06736 0.132281
-2.06152 0.130165
-2.05568 0.128177
-2.04984 0.126018
-2.044 0.124378
-2.03816 0.122304
-2.03232 0.120441
-2.02648 0.118239
-2.02064 0.11608
-2.0148 0.11409
-2.00896 0.112187
-2.00312 0.110198
-1.99728 0.107997
-1.99144 0.106271
-1.9856 0.10458
-1.97976 0.101868
-1.97392 0.100388
-1.96808 0.0991661
-1.96224 0.0981138
-1.9564 0.0969317
-1.95056 0.0954956
-1.94472 0.0947797
-1.93888 0.093782
-1.93304 0.0922143
-1.9272 0.0919757
-1.92136 0.0921127
-1.91552 0.0910656
-1.90968 0.0905322
-1.90384 0.0909241
-1.898 0.0904724
-1.89216 0.0907011
-1.88632 0.0890608
-1.88048 0.0896733
-1.87464 0.0879089
-1.8688 0.091108
-1.86296 0.0888335
-1.85712 0.0882122
-1.85128 0.0898062
-1.84544 0.0906321
-1.8396 0.0898535
-1.83376 0.0892334
-1.82792 0.0908741
-1.82208 0.0901873
-1.81624 0.0914432
-1.8104 0.0902842
-1.80456 0.0904787
-1.79872 0.0913522
-1.79288 0.0926978
-1.78704 0.0920404
-1.7812 0.0924562
-1.77536 0.0938932
-1.76952 0.0923021
-1.76368 0.0942751
-1.75784 0.0953807
-1.752 0.0943521
-1.74616 0.0963406
-1.74032 0.0950102
-1.73448 0.0972569
-1.72864 0.0994585
-1.7228 0.0996698
-1.71696 0.101954
-1.71112 0.10136
-1.70528 0.100887
-1.69944 0.102423
-1.6936 0.104193
-1.68776 0.104069
-1.68192 0.107725
-1.67608 0.109219
-1.67024 0.109131
-1.6644 0.107402
-1.65856 0.109188
-1.65272 0.110557
-1.64688 0.106998
-1.64104 0.109313
-1.6352 0.112559
-1.62936 0.113779
-1.62352 0.112855
-1.61768 0.114327
-1.61184 0.113219
-1.606 0.117071
-1.60016 0.117877
-1.59432 0.119106
-1.58848 0.121837
-1.58264 0.122193
-1.5768 0.123739
-1.57096 0.126103
-1.56512 0.13023
-1.55928 0.128215
-1.55344 0.129175
-1.5476 0.131601
-1.54176 0.134372
-1.53592 0.137158
-1.53008 0.137903
-1.52424 0.140947
-1.5184 0.144203
-1.51256 0.144309
-1.50672 0.146255
-1.50088 0.150931
-1.49504 0.150969
-1.4892 0.156155
-1.48336 0.158126
-1.47752 0.160214
-1.47168 0.161274
-1.46584 0.162806
-1.46 0.164162
-1.45416 0.166777
-1.44832 0.164507
-1.44248 0.16823
-1.43664 0.169312
-1.4308 0.175571
-1.42496 0.177071
-1.41912 0.178558
-1.41328 0.181273
-1.40744 0.181699
-1.4016 0.185315
-1.39576 0.184742
-1.38992 0.188012
-1.38408 0.190485
-1.37824 0.193152
-1.3724 0.195801
-1.36656 0.197793
-1.36072 0.199659
-1.35488 0.20412
-1.34904 0.202862
-1.3432 0.207418
-1.33736 0.206964
-1.33152 0.2056
-1.32568 0.212397
-1.31984 0.21488
-1.314 0.214363
-1.30816 0.217743
-1.30232 0.219489
-1.29648 0.224256
-1.29064 0.226896
-1.2848 0.228527
-1.27896 0.233207
-1.27312 0.22996
-1.26728 0.231875
-1.26144 0.235119
-1.2556 0.236971
-1.24976 0.236881
-1.24392 0.241347
-1.23808 0.241555
-1.23224 0.24279
-1.2264 0.242127
-1.22056 0.244439
-1.21472 0.246867
-1.20888 0.246832
-1.20304 0.247339
-1.1972 0.252308
-1.19136 0.254661
-1.18552 0.25442
-1.17968 0.256853
-1.17384 0.256773
-1.168 0.260027
-1.16216 0.261701
-1.15632 0.263111
-1.15048 0.264744
-1.14464 0.267588
-1.1388 0.268371
-1.13296 0.270313
-1.12712 0.274129
-1.12128 0.273383
-1.11544 0.272842
-1.1096 0.275124
-1.10376 0.277472
-1.09792 0.278664
-1.09208 0.278979
-1.08624 0.280647
-1.0804 0.283557
-1.07456 0.283759
-1.06872 0.286104
-1.06288 0.28839
-1.05704 0.286581
-1.0512 0.289575
-1.04536 0.291786
-1.03952 0.292105
-1.03368 0.291409
-1.02784 0.29231
-1.022 0.291268
-1.01616 0.292032
-1.01032 0.288479
-1.00448 0.289138
-0.99864 0.287394
-0.9928 0.290178
-0.98696 0.289266
-0.98112 0.289147
-0.97528 0.288998
-0.96944 0.287128
-0.9636 0.288261
-0.95776 0.285603
-0.95192 0.285869
-0.94608 0.28754
-0.94024 0.286114
-0.9344 0.287307
-0.92856 0.288117
-0.92272 0.287064
-0.91688 0.288857
-0.91104 0.285691
-0.9052 0.286337
-0.89936 0.284137
-0.89352 0.28529
-0.88768 0.286149
-0.88184 0.286664
-0.876 0.284793
-0.87016 0.284901
-0.86432 0.284131
-0.85848 0.284959
-0.85264 0.285255
-0.8468 0.28526
-0.84096 0.286035
-0.83512 0.284058
-0.82928 0.284016
-0.82344 0.28467
-0.8176 0.284628
-0.81176 0.282553
-0.80592 0.284118
-0.80008 0.281501
-0.79424 0.281419
-0.7884 0.281493
-0.78256 0.280993
-0.77672 0.281715
-0.77088 0.280565
-0.76504 0.280788
-0.7592 0.281382
-0.75336 0.281633
-0.74752 0.280619
-0.74168 0.281975
-0.73584 0.282183
-0.73 0.282314
-0.72416 0.282952
-0.71832 0.28328
-0.71248 0.283958
-0.70664 0.285651
-0.7008 0.286366
-0.69496 0.28763
-0.68912 0.288394
-0.68328 0.289577
-0.67744 0.290716
-0.6716 0.292022
-0.66576 0.293154
-0.65992 0.293566
-0.65408 0.293315
-0.64824 0.294235
-0.6424 0.295059
-0.63656 0.296393
-0.63072 0.296546
-0.62488 0.297117
-0.61904 0.296206
-0.6132 0.296223
-0.60736 0.29619
-0.60152 0.296537
-0.59568 0.296537
-0.58984 0.296537
-0.584 0.296537
-0.57816 0.296537
-0.57232 0.296537
-0.56648 0.296537
-0.56064 0.296537
-0.5548 0.296537
-0.54896 0.296537
-0.54312 0.296537
-0.53728 0.296537
-0.53144 0.296537
-0.5256 0.296537
-0.51976 0.296537
-0.51392 0.296537
-0.50808 0.296537
-0.50224 0.296537
-0.4964 0.296537
-0.49056 0.296537
-0.48472 0.296537
-0.47888 0.296537
-0.47304 0.296537
-0.4672 0.296537
-0.46136 0.296537
-0.45552 0.296537
-0.44968 0.296537
-0.44384 0.296537
-0.438 0.296537
-0.43216 0.296537
-0.42632 0.296537
-0.42048 0.296537
-0.41464 0.296537
-0.4088 0.296537
-0.40296 0.296537
-0.39712 0.296537
-0.39128 0.296537
-0.38544 0.296537
-0.3796 0.296537
-0.37376 0.296537
-0.36792 0.296537
-0.36208 0.296537
-0.35624 0.296537
-0.3504 0.296537
-0.34456 0.296537
-0.33872 0.296537
-0.33288 0.296537
-0.32704 0.296537
-0.3212 0.296537
-0.31536 0.296537
-0.30952 0.296537
-0.30368 0.296537
-0.29784 0.296537
-0.292 0.296537
-0.28616 0.296537
-0.28032 0.296537
-0.27448 0.296537
-0.26864 0.296537
-0.2628 0.296537
-0.25696 0.296537
-0.25112 0.296537
-0.24528 0.296537
-0.23944 0.296537
-0.2336 0.296537
-0.22776 0.296537
-0.22192 0.296537
-0.21608 0.296537
-0.21024 0.296537
-0.2044 0.296537
-0.19856 0.296537
-0.19272 0.296537
-0.18688 0.296537
-0.18104 0.296537
-0.1752 0.296537
-0.16936 0.296537
-0.16352 0.296537
-0.15768 0.296537
-0.15184 0.296537
-0.146 0.296537
-0.14016 0.296537
-0.13432 0.296537
-0.12848 0.296537
-0.12264 0.296537
-0.1168 0.296537
-0.11096 0.296537
-0.10512 0.296537
-0.09928 0.296537
-0.09344 0.296537
-0.0876 0.296537
-0.08176 0.296537
-0.07592 0.296537
-0.07008 0.296537
-0.06424 0.296537
-0.0584 0.296537
-0.05256 0.296537
-0.04672 0.296537
-0.04088 0.296537
-0.03504 0.296537
-0.0292 0.296537
-0.02336 0.296537
-0.01752 0.296537
-0.01168 0.296537
-0.00584 0.296537
