-2.92 0.253763
-2.91416 0.253763
-2.90832 0.253763
-2.90248 0.253763
-2.89664 0.253763
-2.8908 0.253763
-2.88496 0.253763
-2.87912 0.253763
-2.87328 0.253763
-2.86744 0.253763
-2.8616 0.253763
-2.85576 0.253763
-2.84992 0.253763
-2.84408 0.253763
-2.83824 0.253763
-2.8324 0.253763
-2.82656 0.253763
-2.82072 0.253763
-2.81488 0.253763
-2.80904 0.253763
-2.8032 0.253763
-2.79736 0.253763
-2.79152 0.253763
-2.78568 0.253763
-2.77984 0.253763
-2.774 0.253763
-2.76816 0.253763
-2.76232 0.253763
-2.75648 0.253763
-2.75064 0.253763
-2.7448 0.253763
-2.73896 0.253763
-2.73312 0.253763
-2.72728 0.253763
-2.72144 0.253763
-2.7156 0.253763
-2.70976 0.253763
-2.70392 0.253763
-2.69808 0.253763
-2.69224 0.253763
-2.6864 0.253763
-2.68056 0.253763
-2.67472 0.253763
-2.66888 0.253763
-2.66304 0.253763
-2.6572 0.253763
-2.65136 0.253763
-2.64552 0.253763
-2.63968 0.253763
-2.63384 0.253763
-2.628 0.253763
-2.62216 0.253763
-2.61632 0.253763
-2.61048 0.253763
-2.60464 0.253763
-2.5988 0.253763
-2.59296 0.253584
-2.58712 0.253229
-2.58128 0.2527
-2.57544 0.252083
-2.5696 0.251422
-2.56376 0.250761
-2.55792 0.250057
-2.55208 0.249264
-2.54624 0.248383
-2.5404 0.247459
-2.53456 0.246492
-2.52872 0.24548
-2.52288 0.244425
-2.51704 0.243413
-2.5112 0.242445
-2.50536 0.241346
-2.49952 0.240248
-2.49368 0.239106
-2.48784 0.237964
-2.482 0.236913
-2.47616 0.235771
-2.47032 0.234628
-2.46448 0.233441
-2.45864 0.232211
-2.4528 0.230978
-2.44696 0.229703
-2.44112 0.228339
-2.43528 0.22693
-2.42944 0.225476
-2.4236 0.22398
-2.41776 0.222526
-2.41192 0.221073
-2.40608 0.219576
-2.40024 0.218079
-2.3944 0.216538
-2.38856 0.214997
-2.38272 0.213456
-2.37688 0.211916
-2.37104 0.210376
-2.3652 0.208835
-2.35936 0.207294
-2.35352 0.205797
-2.34768 0.204168
-2.34184 0.202495
-2.336 0.200822
-2.33016 0.199237
-2.32432 0.197562
-2.31848 0.195843
-2.31264 0.194169
-2.3068 0.192495
-2.30096 0.190776
-2.29512 0.189146
-2.28928 0.187472
-2.28344 0.185754
-2.2776 0.184036
-2.27176 0.182317
-2.26592 0.180597
-2.26008 0.17901
-2.25424 0.177288
-2.2484 0.175523
-2.24256 0.173801
-2.23672 0.172036
-2.23088 0.170271
-2.22504 0.169183
-2.2192 0.16746
-2.21336 0.166118
-2.20752 0.16486
-2.20168 0.163684
-2.19584 0.163055
-2.19 0.161164
-2.18416 0.160626
-2.17832 0.159703
-2.17248 0.158357
-2.16664 0.1579
-2.1608 0.156474
-2.15496 0.15513
-2.14912 0.154716
-2.14328 0.154266
-2.13744 0.153389
-2.1316 0.152512
-2.12576 0.152271
-2.11992 0.150333
-2.11408 0.151023
-2.10824 0.15112
-2.1024 0.14999
-2.09656 0.148986
-2.09072 0.148444
-2.08488 0.148288
-2.07904 0.147201
-2.0732 0.145906
-2.06736 0.147788
-2.06152 0.147421
-2.05568 0.145445
-2.04984 0.145073
-2.044 0.145054
-2.03816 0.144346
-2.03232 0.144488
-2.02648 0.14463
-2.02064 0.143627
-2.0148 0.143513
-2.00896 0.143655
-2.00312 0.143541
-1.99728 0.14004
-1.99144 0.140821
-1.9856 0.142998
-1.97976 0.142292
-1.97392 0.143454
-1.96808 0.14143
-1.96224 0.142253
-1.9564 0.142313
-1.95056 0.139704
-1.94472 0.141248
-1.93888 0.140376
-1.93304 0.140011
-1.9272 0.138589
-1.92136 0.134921
-1.91552 0.133919
-1.90968 0.132545
-1.90384 0.130403
-1.898 0.128763
-1.89216 0.126827
-1.88632 0.125205
-1.88048 0.125264
-1.87464 0.121173
-1.8688 0.120772
-1.86296 0.11833
-1.85712 0.116696
-1.85128 0.113631
-1.84544 0.11081
-1.8396 0.107987
-1.83376 0.105934
-1.82792 0.103372
-1.82208 0.102683
-1.81624 0.0971977
-1.8104 0.0965899
-1.80456 0.0936051
-1.79872 0.0912949
-1.79288 0.0892892
-1.78704 0.0865599
-1.7812 0.0851436
-1.77536 0.0810127
-1.76952 0.078838
-1.76368 0.0780216
-1.75784 0.0741859
-1.752 0.0708227
-1.74616 0.0686077
-1.74032 0.066781
-1.73448 0.0636768
-1.72864 0.0607477
-1.7228 0.058243
-1.71696 0.0553996
-1.71112 0.0526469
-1.70528 0.0518805
-1.69944 0.0475156
-1.6936 0.046163
-1.68776 0.0445539
-1.68192 0.0405654
-1.67608 0.0386608
-1.67024 0.0371333
-1.6644 0.0357391
-1.65856 0.0342142
-1.65272 0.0345102
-1.64688 0.0332027
-1.64104 0.0329116
-1.6352 0.0334359
-1.62936 0.0342462
-1.62352 0.0342204
-1.61768 0.0356738
-1.61184 0.0331104
-1.606 0.0343737
-1.60016 0.035213
-1.59432 0.0347603
-1.58848 0.0364694
-1.58264 0.0351706
-1.5768 0.0367156
-1.57096 0.0390639
-1.56512 0.0399416
-1.55928 0.0398873
-1.55344 0.0399189
-1.5476 0.0444828
-1.54176 0.0457325
-1.53592 0.0481809
-1.53008 0.0503836
-1.52424 0.0481625
-1.5184 0.0508228
-1.51256 0.0519206
-1.50672 0.0544204
-1.50088 0.0563711
-1.49504 0.0619056
-1.4892 0.0623376
-1.48336 0.066352
-1.47752 0.0688486
-1.47168 0.0707637
-1.46584 0.0717817
-1.46 0.0745322
-1.45416 0.0778137
-1.44832 0.0792894
-1.44248 0.0806386
-1.43664 0.081983
-1.4308 0.0866353
-1.42496 0.0894693
-1.41912 0.0908455
-1.41328 0.092891
-1.40744 0.0985543
-1.4016 0.0982881
-1.39576 0.0995643
-1.38992 0.101083
-1.38408 0.101625
-1.37824 0.102817
-1.3724 0.105663
-1.36656 0.107311
-1.36072 0.109141
-1.35488 0.113211
-1.34904 0.115458
-1.3432 0.117868
-1.33736 0.121216
-1.33152 0.12323
-1.32568 0.129004
-1.31984 0.130186
-1.314 0.129393
-1.30816 0.135282
-1.30232 0.13499
-1.29648 0.135972
-1.29064 0.13871
-1.2848 0.142587
-1.27896 0.148046
-1.27312 0.149303
-1.26728 0.15245
-1.26144 0.15626
-1.2556 0.159361
-1.24976 0.160915
-1.24392 0.163997
-1.23808 0.165604
-1.23224 0.167207
-1.2264 0.169224
-1.22056 0.172276
-1.21472 0.175197
-1.20888 0.177889
-1.20304 0.182545
-1.1972 0.181
-1.19136 0.185848
-1.18552 0.18914
-1.17968 0.191059
-1.17384 0.193443
-1.168 0.194493
-1.16216 0.195296
-1.15632 0.196215
-1.15048 0.199749
-1.14464 0.200583
-1.1388 0.204942
-1.13296 0.207337
-1.12712 0.211047
-1.12128 0.213449
-1.11544 0.215332
-1.1096 0.219351
-1.10376 0.221791
-1.09792 0.225843
-1.09208 0.228919
-1.08624 0.226266
-1.0804 0.230275
-1.07456 0.231108
-1.06872 0.234223
-1.06288 0.236258
-1.05704 0.243279
-1.0512 0.245138
-1.04536 0.248886
-1.03952 0.252133
-1.03368 0.253892
-1.02784 0.255024
-1.022 0.257548
-1.01616 0.261312
-1.01032 0.262402
-1.00448 0.264337
-0.99864 0.265968
-0.9928 0.271121
-0.98696 0.273434
-0.98112 0.274771
-0.97528 0.277007
-0.96944 0.282236
-0.9636 0.281968
-0.95776 0.283227
-0.95192 0.28492
-0.94608 0.284409
-0.94024 0.286595
-0.9344 0.288611
-0.92856 0.289913
-0.92272 0.292055
-0.91688 0.295677
-0.91104 0.297684
-0.9052 0.297843
-0.89936 0.302059
-0.89352 0.303223
-0.88768 0.308748
-0.88184 0.309829
-0.876 0.307869
-0.87016 0.31295
-0.86432 0.311109
-0.85848 0.312397
-0.85264 0.314673
-0.8468 0.31668
-0.84096 0.322176
-0.83512 0.322199
-0.82928 0.323951
-0.82344 0.326081
-0.8176 0.326946
-0.81176 0.328281
-0.80592 0.329938
-0.80008 0.330132
-0.79424 0.330526
-0.7884 0.330674
-0.78256 0.332846
-0.77672 0.332402
-0.77088 0.333929
-0.76504 0.335892
-0.7592 0.334763
-0.75336 0.336205
-0.74752 0.336684
-0.74168 0.337528
-0.73584 0.337751
-0.73 0.337969
-0.72416 0.336759
-0.71832 0.336636
-0.71248 0.337999
-0.70664 0.338132
-0.7008 0.339022
-0.69496 0.340506
-0.68912 0.340763
-0.68328 0.341953
-0.67744 0.343005
-0.6716 0.34495
-0.66576 0.345924
-0.65992 0.347145
-0.65408 0.348571
-0.64824 0.347397
-0.6424 0.348528
-0.63656 0.349738
-0.63072 0.350818
-0.62488 0.35181
-0.61904 0.353808
-0.6132 0.354414
-0.60736 0.354556
-0.60152 0.354442
-0.59568 0.354442
-0.58984 0.354442
-0.584 0.354442
-0.57816 0.354442
-0.57232 0.354442
-0.56648 0.354442
-0.56064 0.354442
-0.5548 0.354442
-0.54896 0.354442
-0.54312 0.354442
-0.53728 0.354442
-0.53144 0.354442
-0.5256 0.354442
-0.51976 0.354442
-0.51392 0.354442
-0.50808 0.354442
-0.50224 0.354442
-0.4964 0.354442
-0.49056 0.354442
-0.48472 0.354442
-0.47888 0.354442
-0.47304 0.354442
-0.4672 0.354442
-0.46136 0.354442
-0.45552 0.354442
-0.44968 0.354442
-0.44384 0.354442
-0.438 0.354442
-0.43216 0.354442
-0.42632 0.354442
-0.42048 0.354442
-0.41464 0.354442
-0.4088 0.354442
-0.40296 0.354442
-0.39712 0.354442
-0.39128 0.354442
-0.38544 0.354442
-0.3796 0.354442
-0.37376 0.354442
-0.36792 0.354442
-0.36208 0.354442
-0.35624 0.354442
-0.3504 0.354442
-0.34456 0.354442
-0.33872 0.354442
-0.33288 0.354442
-0.32704 0.354442
-0.3212 0.354442
-0.31536 0.354442
-0.30952 0.354442
-0.30368 0.354442
-0.29784 0.354442
-0.292 0.354442
-0.28616 0.354442
-0.28032 0.354442
-0.27448 0.354442
-0.26864 0.354442
-0.2628 0.354442
-0.25696 0.354442
-0.25112 0.354442
-0.24528 0.354442
-0.23944 0.354442
-0.2336 0.354442
-0.22776 0.354442
-0.22192 0.354442
-0.21608 0.354442
-0.21024 0.354442
-0.2044 0.354442
-0.19856 0.354442
-0.19272 0.354442
-0.18688 0.354442
-0.18104 0.354442
-0.1752 0.354442
-0.16936 0.354442
-0.16352 0.354442
-0.15768 0.354442
-0.15184 0.354442
-0.146 0.354442
-0.14016 0.354442
-0.13432 0.354442
-0.12848 0.354442
-0.12264 0.354442
-0.1168 0.354442
-0.11096 0.354442
-0.10512 0.354442
-0.09928 0.354442
-0.09344 0.354442
-0.0876 0.354442
-0.08176 0.354442
-0.07592 0.354442
-0.07008 0.354442
-0.06424 0.354442
-0.0584 0.354442
-0.05256 0.354442
-0.04672 0.354442
-0.04088 0.354442
-0.03504 0.354442
-0.0292 0.354442
-0.02336 0.354442
-0.01752 0.354442
-0.01168 0.354442
-0.00584 0.354442
