-2.92 0.276027
-2.91416 0.276027
-2.90832 0.276027
-2.90248 0.276027
-2.89664 0.276027
-2.8908 0.276027
-2.88496 0.276027
-2.87912 0.276027
-2.87328 0.276027
-2.86744 0.276027
-2.8616 0.276027
-2.85576 0.276027
-2.84992 0.276027
-2.84408 0.276027
-2.83824 0.276027
-2.8324 0.276027
-2.82656 0.276027
-2.82072 0.276027
-2.81488 0.276027
-2.80904 0.276027
-2.8032 0.276027
-2.79736 0.276027
-2.79152 0.276027
-2.78568 0.276027
-2.77984 0.276027
-2.774 0.276027
-2.76816 0.276027
-2.76232 0.276027
-2.75648 0.276027
-2.75064 0.276027
-2.7448 0.276027
-2.73896 0.276027
-2.73312 0.276027
-2.72728 0.276027
-2.72144 0.276027
-2.7156 0.276027
-2.70976 0.276027
-2.70392 0.276027
-2.69808 0.276027
-2.69224 0.276027
-2.6864 0.276027
-2.68056 0.276027
-2.67472 0.276027
-2.66888 0.276027
-2.66304 0.276027
-2.6572 0.276027
-2.65136 0.276027
-2.64552 0.276027
-2.63968 0.276027
-2.63384 0.276027
-2.628 0.276027
-2.62216 0.276027
-2.61632 0.276027
-2.61048 0.276027
-2.60464 0.276027
-2.5988 0.276027
-2.59296 0.27585
-2.58712 0.275411
-2.58128 0.274928
-2.57544 0.274359
-2.5696 0.273788
-2.56376 0.27313
-2.55792 0.272516
-2.55208 0.271857
-2.54624 0.271066
-2.5404 0.270189
-2.53456 0.269264
-2.52872 0.268295
-2.52288 0.267238
-2.51704 0.266224
-2.5112 0.265167
-2.50536 0.26411
-2.49952 0.263096
-2.49368 0.262125
-2.48784 0.261023
-2.482 0.259968
-2.47616 0.258777
-2.47032 0.257542
-2.46448 0.256264
-2.45864 0.254941
-2.4528 0.253573
-2.44696 0.252205
-2.44112 0.250793
-2.43528 0.249292
-2.42944 0.247791
-2.4236 0.246291
-2.41776 0.244745
-2.41192 0.243156
-2.40608 0.241524
-2.40024 0.239979
-2.3944 0.238346
-2.38856 0.236846
-2.38272 0.235256
-2.37688 0.233622
-2.37104 0.231988
-2.3652 0.230353
-2.35936 0.228678
-2.35352 0.227001
-2.34768 0.225284
-2.34184 0.223565
-2.336 0.221802
-2.33016 0.220039
-2.32432 0.218322
-2.31848 0.216514
-2.31264 0.214706
-2.3068 0.212937
-2.30096 0.211084
-2.29512 0.20919
-2.28928 0.207382
-2.28344 0.20553
-2.2776 0.203677
-2.27176 0.201868
-2.26592 0.200014
-2.26008 0.198163
-2.25424 0.196178
-2.2484 0.194193
-2.24256 0.192209
-2.23672 0.190224
-2.23088 0.188238
-2.22504 0.18634
-2.2192 0.184394
-2.21336 0.182493
-2.20752 0.180382
-2.20168 0.178393
-2.19584 0.176366
-2.19 0.17442
-2.18416 0.17235
-2.17832 0.17028
-2.17248 0.168379
-2.16664 0.166349
-2.1608 0.164193
-2.15496 0.161951
-2.14912 0.159965
-2.14328 0.157975
-2.13744 0.155858
-2.1316 0.153702
-2.12576 0.152092
-2.11992 0.149724
-2.11408 0.147775
-2.10824 0.14532
-2.1024 0.143336
-2.09656 0.141304
-2.09072 0.139356
-2.08488 0.137406
-2.07904 0.13529
-2.0732 0.133004
-2.06736 0.131143
-2.06152 0.129535
-2.05568 0.127255
-2.04984 0.125054
-2.044 0.123369
-2.03816 0.121084
-2.03232 0.119304
-2.02648 0.117485
-2.02064 0.115201
-2.0148 0.113507
-2.00896 0.111477
-2.00312 0.108896
-1.99728 0.107456
-1.99144 0.105595
-1.9856 0.104326
-1.97976 0.103016
-1.97392 0.102001
-1.96808 0.100356
-1.96224 0.100778
-1.9564 0.0997161
-1.95056 0.0984543
-1.94472 0.0985031
-1.93888 0.0975774
-1.93304 0.0960088
-1.9272 0.0965673
-1.92136 0.0963557
-1.91552 0.0960187
-1.90968 0.095519
-1.90384 0.0941274
-1.898 0.0952697
-1.89216 0.0935445
-1.88632 0.094352
-1.88048 0.0941981
-1.87464 0.0936229
-1.8688 0.0938281
-1.86296 0.0951446
-1.85712 0.0935555
-1.85128 0.0941135
-1.84544 0.0941313
-1.8396 0.094192
-1.83376 0.0941924
-1.82792 0.0954727
-1.82208 0.0966432
-1.81624 0.0955927
-1.8104 0.0952208
-1.80456 0.0958826
-1.79872 0.0973674
-1.79288 0.0970916
-1.78704 0.0965955
-1.7812 0.0961804
-1.77536 0.0968855
-1.76952 0.0974914
-1.76368 0.100364
-1.75784 0.100297
-1.752 0.0991694
-1.74616 0.100858
-1.74032 0.101515
-1.73448 0.102015
-1.72864 0.103167
-1.7228 0.104159
-1.71696 0.104012
-1.71112 0.107723
-1.70528 0.108319
-1.69944 0.108729
-1.6936 0.108754
-1.68776 0.109745
-1.68192 0.111432
-1.67608 0.11226
-1.67024 0.110268
-1.6644 0.113726
-1.65856 0.112514
-1.65272 0.112258
-1.64688 0.114157
-1.64104 0.115267
-1.6352 0.114898
-1.62936 0.11468
-1.62352 0.115215
-1.61768 0.11606
-1.61184 0.118732
-1.606 0.123053
-1.60016 0.122612
-1.59432 0.124566
-1.58848 0.126164
-1.58264 0.129414
-1.5768 0.12923
-1.57096 0.133782
-1.56512 0.133545
-1.55928 0.135356
-1.55344 0.140926
-1.5476 0.142669
-1.54176 0.144663
-1.53592 0.144629
-1.53008 0.14642
-1.52424 0.150397
-1.5184 0.151865
-1.51256 0.155954
-1.50672 0.156492
-1.50088 0.159001
-1.49504 0.162579
-1.4892 0.166943
-1.48336 0.167045
-1.47752 0.167756
-1.47168 0.17409
-1.46584 0.168983
-1.46 0.178343
-1.45416 0.1805
-1.44832 0.18349
-1.44248 0.185509
-1.43664 0.186394
-1.4308 0.188581
-1.42496 0.195574
-1.41912 0.19413
-1.41328 0.201166
-1.40744 0.200027
-1.4016 0.202027
-1.39576 0.206226
-1.38992 0.204382
-1.38408 0.214683
-1.37824 0.21328
-1.3724 0.216917
-1.36656 0.221933
-1.36072 0.219851
-1.35488 0.222622
-1.34904 0.221926
-1.3432 0.223128
-1.33736 0.226176
-1.33152 0.231616
-1.32568 0.236132
-1.31984 0.236242
-1.314 0.238832
-1.30816 0.239803
-1.30232 0.244136
-1.29648 0.246666
-1.29064 0.247344
-1.2848 0.250204
-1.27896 0.250954
-1.27312 0.256511
-1.26728 0.258547
-1.26144 0.25786
-1.2556 0.257616
-1.24976 0.263806
-1.24392 0.266992
-1.23808 0.266757
-1.23224 0.267963
-1.2264 0.271884
-1.22056 0.272138
-1.21472 0.274257
-1.20888 0.276856
-1.20304 0.281854
-1.1972 0.282196
-1.19136 0.283834
-1.18552 0.285321
-1.17968 0.288577
-1.17384 0.292775
-1.168 0.29658
-1.16216 0.296887
-1.15632 0.29989
-1.15048 0.300637
-1.14464 0.301136
-1.1388 0.303342
-1.13296 0.30695
-1.12712 0.305129
-1.12128 0.307358
-1.11544 0.313143
-1.1096 0.314738
-1.10376 0.312896
-1.09792 0.315039
-1.09208 0.316736
-1.08624 0.316225
-1.0804 0.318618
-1.07456 0.322358
-1.06872 0.323518
-1.06288 0.323945
-1.05704 0.326506
-1.0512 0.329637
-1.04536 0.327254
-1.03952 0.327323
-1.03368 0.33303
-1.02784 0.324923
-1.022 0.330336
-1.01616 0.329204
-1.01032 0.330821
-1.00448 0.330277
-0.99864 0.328995
-0.9928 0.328515
-0.98696 0.332874
-0.98112 0.329394
-0.97528 0.333724
-0.96944 0.331402
-0.9636 0.331341
-0.95776 0.332811
-0.95192 0.330859
-0.94608 0.333888
-0.94024 0.333856
-0.9344 0.333723
-0.92856 0.333826
-0.92272 0.331848
-0.91688 0.333
-0.91104 0.330259
-0.9052 0.330282
-0.89936 0.33132
-0.89352 0.334011
-0.88768 0.334325
-0.88184 0.334351
-0.876 0.334157
-0.87016 0.331435
-0.86432 0.333722
-0.85848 0.334088
-0.85264 0.334552
-0.8468 0.335601
-0.84096 0.335436
-0.83512 0.334671
-0.82928 0.335301
-0.82344 0.332545
-0.8176 0.334606
-0.81176 0.334494
-0.80592 0.335273
-0.80008 0.335726
-0.79424 0.335287
-0.7884 0.335781
-0.78256 0.336041
-0.77672 0.335773
-0.77088 0.335888
-0.76504 0.337846
-0.7592 0.338076
-0.75336 0.338179
-0.74752 0.339169
-0.74168 0.339695
-0.73584 0.340774
-0.73 0.341635
-0.72416 0.342878
-0.71832 0.344034
-0.71248 0.344343
-0.70664 0.345032
-0.7008 0.346857
-0.69496 0.347547
-0.68912 0.348281
-0.68328 0.34956
-0.67744 0.352945
-0.6716 0.354553
-0.66576 0.355566
-0.65992 0.356293
-0.65408 0.356423
-0.64824 0.357392
-0.6424 0.359282
-0.63656 0.360749
-0.63072 0.361871
-0.62488 0.361815
-0.61904 0.361797
-0.6132 0.361608
-0.60736 0.36133
-0.60152 0.36185
-0.59568 0.36185
-0.58984 0.36185
-0.584 0.36185
-0.57816 0.36185
-0.57232 0.36185
-0.56648 0.36185
-0.56064 0.36185
-0.5548 0.36185
-0.54896 0.36185
-0.54312 0.36185
-0.53728 0.36185
-0.53144 0.36185
-0.5256 0.36185
-0.51976 0.36185
-0.51392 0.36185
-0.50808 0.36185
-0.50224 0.36185
-0.4964 0.36185
-0.49056 0.36185
-0.48472 0.36185
-0.47888 0.36185
-0.47304 0.36185
-0.4672 0.36185
-0.46136 0.36185
-0.45552 0.36185
-0.44968 0.36185
-0.44384 0.36185
-0.438 0.36185
-0.43216 0.36185
-0.42632 0.36185
-0.42048 0.36185
-0.41464 0.36185
-0.4088 0.36185
-0.40296 0.36185
-0.39712 0.36185
-0.39128 0.36185
-0.38544 0.36185
-0.3796 0.36185
-0.37376 0.36185
-0.36792 0.36185
-0.36208 0.36185
-0.35624 0.36185
-0.3504 0.36185
-0.34456 0.36185
-0.33872 0.36185
-0.33288 0.36185
-0.32704 0.36185
-0.3212 0.36185
-0.31536 0.36185
-0.30952 0.36185
-0.30368 0.36185
-0.29784 0.36185
-0.292 0.36185
-0.28616 0.36185
-0.28032 0.36185
-0.27448 0.36185
-0.26864 0.36185
-0.2628 0.36185
-0.25696 0.36185
-0.25112 0.36185
-0.24528 0.36185
-0.23944 0.36185
-0.2336 0.36185
-0.22776 0.36185
-0.22192 0.36185
-0.21608 0.36185
-0.21024 0.36185
-0.2044 0.36185
-0.19856 0.36185
-0.19272 0.36185
-0.18688 0.36185
-0.18104 0.36185
-0.1752 0.36185
-0.16936 0.36185
-0.16352 0.36185
-0.15768 0.36185
-0.15184 0.36185
-0.146 0.36185
-0.14016 0.36185
-0.13432 0.36185
-0.12848 0.36185
-0.12264 0.36185
-0.1168 0.36185
-0.11096 0.36185
-0.10512 0.36185
-0.09928 0.36185
-0.09344 0.36185
-0.0876 0.36185
-0.08176 0.36185
-0.07592 0.36185
-0.07008 0.36185
-0.06424 0.36185
-0.0584 0.36185
-0.05256 0.36185
-0.04672 0.36185
-0.04088 0.36185
-0.03504 0.36185
-0.0292 0.36185
-0.02336 0.36185
-0.01752 0.36185
-0.01168 0.36185
-0.00584 0.36185
