-2.92 0.316999
-2.91416 0.316999
-2.90832 0.316999
-2.90248 0.316999
-2.89664 0.316999
-2.8908 0.316999
-2.88496 0.316999
-2.87912 0.316999
-2.87328 0.316999
-2.86744 0.316999
-2.8616 0.316999
-2.85576 0.316999
-2.84992 0.316999
-2.84408 0.316999
-2.83824 0.316999
-2.8324 0.316999
-2.82656 0.316999
-2.82072 0.316999
-2.81488 0.316999
-2.80904 0.316999
-2.8032 0.316999
-2.79736 0.316999
-2.79152 0.316999
-2.78568 0.316999
-2.77984 0.316999
-2.774 0.316999
-2.76816 0.316999
-2.76232 0.316999
-2.75648 0.316999
-2.75064 0.316999
-2.7448 0.316999
-2.73896 0.316999
-2.73312 0.316999
-2.72728 0.316999
-2.72144 0.316999
-2.7156 0.316999
-2.70976 0.316999
-2.70392 0.316999
-2.69808 0.316999
-2.69224 0.316999
-2.6864 0.316999
-2.68056 0.316999
-2.67472 0.316999
-2.66888 0.316999
-2.66304 0.316999
-2.6572 0.316999
-2.65136 0.316999
-2.64552 0.316999
-2.63968 0.316999
-2.63384 0.316999
-2.628 0.316999
-2.62216 0.316999
-2.61632 0.316999
-2.61048 0.316999
-2.60464 0.316999
-2.5988 0.316999
-2.59296 0.316556
-2.58712 0.315804
-2.58128 0.31496
-2.57544 0.314071
-2.5696 0.313094
-2.56376 0.312117
-2.55792 0.311138
-2.55208 0.310073
-2.54624 0.308918
-2.5404 0.307717
-2.53456 0.306516
-2.52872 0.305313
-2.52288 0.304024
-2.51704 0.302732
-2.5112 0.301399
-2.50536 0.300019
-2.49952 0.298642
-2.49368 0.297265
-2.48784 0.295931
-2.482 0.294685
-2.47616 0.293128
-2.47032 0.291527
-2.46448 0.289926
-2.45864 0.288369
-2.4528 0.286723
-2.44696 0.285078
-2.44112 0.283474
-2.43528 0.281826
-2.42944 0.280181
-2.4236 0.278489
-2.41776 0.276842
-2.41192 0.275106
-2.40608 0.273415
-2.40024 0.27168
-2.3944 0.269945
-2.38856 0.268165
-2.38272 0.26643
-2.37688 0.264694
-2.37104 0.262869
-2.3652 0.261045
-2.35936 0.25909
-2.35352 0.25718
-2.34768 0.255224
-2.34184 0.25327
-2.336 0.251227
-2.33016 0.249314
-2.32432 0.24727
-2.31848 0.24514
-2.31264 0.243095
-2.3068 0.241053
-2.30096 0.238967
-2.29512 0.23688
-2.28928 0.234749
-2.28344 0.232662
-2.2776 0.230489
-2.27176 0.228448
-2.26592 0.226448
-2.26008 0.224494
-2.25424 0.222275
-2.2484 0.220011
-2.24256 0.217792
-2.23672 0.215616
-2.23088 0.213395
-2.22504 0.211639
-2.2192 0.209331
-2.21336 0.207404
-2.20752 0.205895
-2.20168 0.203585
-2.19584 0.202246
-2.19 0.200318
-2.18416 0.198769
-2.17832 0.196712
-2.17248 0.195792
-2.16664 0.193439
-2.1608 0.191936
-2.15496 0.190977
-2.14912 0.188583
-2.14328 0.188384
-2.13744 0.187632
-2.1316 0.185201
-2.12576 0.184241
-2.11992 0.18223
-2.11408 0.182665
-2.10824 0.180146
-2.1024 0.179398
-2.09656 0.177889
-2.09072 0.176469
-2.08488 0.175427
-2.07904 0.173839
-2.0732 0.175249
-2.06736 0.171206
-2.06152 0.171612
-2.05568 0.17226
-2.04984 0.168739
-2.044 0.169565
-2.03816 0.168653
-2.03232 0.167399
-2.02648 0.165768
-2.02064 0.164854
-2.0148 0.163855
-2.00896 0.164124
-2.00312 0.163125
-1.99728 0.16377
-1.99144 0.161588
-1.9856 0.162028
-1.97976 0.159805
-1.97392 0.161085
-1.96808 0.158443
-1.96224 0.157995
-1.9564 0.156067
-1.95056 0.155537
-1.94472 0.152298
-1.93888 0.149527
-1.93304 0.147899
-1.9272 0.145092
-1.92136 0.144902
-1.91552 0.143782
-1.90968 0.139322
-1.90384 0.137659
-1.898 0.135689
-1.89216 0.1325
-1.88632 0.129952
-1.88048 0.127945
-1.87464 0.12383
-1.8688 0.122125
-1.86296 0.118603
-1.85712 0.118286
-1.85128 0.116917
-1.84544 0.110825
-1.8396 0.108869
-1.83376 0.108695
-1.82792 0.10611
-1.82208 0.103275
-1.81624 0.098365
-1.8104 0.0955635
-1.80456 0.0943293
-1.79872 0.090859
-1.79288 0.0884035
-1.78704 0.0853968
-1.7812 0.0818402
-1.77536 0.0798973
-1.76952 0.076094
-1.76368 0.0763857
-1.75784 0.0738111
-1.752 0.0712716
-1.74616 0.0668336
-1.74032 0.0641337
-1.73448 0.0614757
-1.72864 0.0599998
-1.7228 0.0560748
-1.71696 0.0536674
-1.71112 0.0522883
-1.70528 0.0484905
-1.69944 0.0465574
-1.6936 0.0439884
-1.68776 0.0418008
-1.68192 0.0400365
-1.67608 0.0369683
-1.67024 0.0361773
-1.6644 0.0355572
-1.65856 0.0345597
-1.65272 0.0333111
-1.64688 0.032952
-1.64104 0.0323016
-1.6352 0.0338488
-1.62936 0.0323515
-1.62352 0.0339149
-1.61768 0.0341246
-1.61184 0.0358629
-1.606 0.0361838
-1.60016 0.0369522
-1.59432 0.0381895
-1.58848 0.0384228
-1.58264 0.0397669
-1.5768 0.0397764
-1.57096 0.0431033
-1.56512 0.0423864
-1.55928 0.0449102
-1.55344 0.0464687
-1.5476 0.0484291
-1.54176 0.0493117
-1.53592 0.052287
-1.53008 0.05346
-1.52424 0.054727
-1.5184 0.0540464
-1.51256 0.057509
-1.50672 0.0590506
-1.50088 0.0622229
-1.49504 0.0619736
-1.4892 0.068285
-1.48336 0.0677198
-1.47752 0.0698915
-1.47168 0.073846
-1.46584 0.0767723
-1.46 0.0799932
-1.45416 0.0837617
-1.44832 0.0864825
-1.44248 0.0877701
-1.43664 0.0896526
-1.4308 0.0912194
-1.42496 0.0945624
-1.41912 0.0970523
-1.41328 0.099696
-1.40744 0.102567
-1.4016 0.104556
-1.39576 0.106746
-1.38992 0.110554
-1.38408 0.112153
-1.37824 0.113561
-1.3724 0.116359
-1.36656 0.120383
-1.36072 0.122803
-1.35488 0.121852
-1.34904 0.124079
-1.3432 0.126191
-1.33736 0.128363
-1.33152 0.130874
-1.32568 0.134427
-1.31984 0.137034
-1.314 0.137727
-1.30816 0.14364
-1.30232 0.14286
-1.29648 0.142698
-1.29064 0.146868
-1.2848 0.15059
-1.27896 0.15209
-1.27312 0.155973
-1.26728 0.159536
-1.26144 0.161686
-1.2556 0.16576
-1.24976 0.168051
-1.24392 0.173279
-1.23808 0.176893
-1.23224 0.178195
-1.2264 0.181934
-1.22056 0.184921
-1.21472 0.18729
-1.20888 0.190999
-1.20304 0.191384
-1.1972 0.195028
-1.19136 0.198176
-1.18552 0.200234
-1.17968 0.202866
-1.17384 0.205308
-1.168 0.209424
-1.16216 0.210829
-1.15632 0.215891
-1.15048 0.214455
-1.14464 0.218263
-1.1388 0.217014
-1.13296 0.221517
-1.12712 0.221149
-1.12128 0.225551
-1.11544 0.226388
-1.1096 0.231113
-1.10376 0.233357
-1.09792 0.236386
-1.09208 0.236731
-1.08624 0.23977
-1.0804 0.23965
-1.07456 0.243066
-1.06872 0.243861
-1.06288 0.249063
-1.05704 0.248349
-1.0512 0.256585
-1.04536 0.256973
-1.03952 0.259751
-1.03368 0.263883
-1.02784 0.268112
-1.022 0.26921
-1.01616 0.274006
-1.01032 0.275404
-1.00448 0.278225
-0.99864 0.27927
-0.9928 0.280976
-0.98696 0.283627
-0.98112 0.286883
-0.97528 0.288177
-0.96944 0.290748
-0.9636 0.293365
-0.95776 0.294803
-0.95192 0.298173
-0.94608 0.299343
-0.94024 0.300657
-0.9344 0.303392
-0.92856 0.305882
-0.92272 0.308575
-0.91688 0.307317
-0.91104 0.308511
-0.9052 0.310224
-0.89936 0.312238
-0.89352 0.312872
-0.88768 0.316696
-0.88184 0.318934
-0.876 0.319008
-0.87016 0.323864
-0.86432 0.321873
-0.85848 0.32263
-0.85264 0.325279
-0.8468 0.325861
-0.84096 0.327963
-0.83512 0.329717
-0.82928 0.333153
-0.82344 0.333391
-0.8176 0.336708
-0.81176 0.337122
-0.80592 0.339979
-0.80008 0.341094
-0.79424 0.342773
-0.7884 0.343638
-0.78256 0.344678
-0.77672 0.344873
-0.77088 0.345831
-0.76504 0.346947
-0.7592 0.346764
-0.75336 0.348887
-0.74752 0.34878
-0.74168 0.348596
-0.73584 0.351315
-0.73 0.350948
-0.72416 0.351387
-0.71832 0.352458
-0.71248 0.352892
-0.70664 0.354085
-0.7008 0.352001
-0.69496 0.353359
-0.68912 0.35362
-0.68328 0.3541
-0.67744 0.355244
-0.6716 0.356055
-0.66576 0.35698
-0.65992 0.357654
-0.65408 0.359618
-0.64824 0.360629
-0.6424 0.360091
-0.63656 0.361385
-0.63072 0.362599
-0.62488 0.363597
-0.61904 0.36455
-0.6132 0.366465
-0.60736 0.36661
-0.60152 0.366541
-0.59568 0.366541
-0.58984 0.366541
-0.584 0.366541
-0.57816 0.366541
-0.57232 0.366541
-0.56648 0.366541
-0.56064 0.366541
-0.5548 0.366541
-0.54896 0.366541
-0.54312 0.366541
-0.53728 0.366541
-0.53144 0.366541
-0.5256 0.366541
-0.51976 0.366541
-0.51392 0.366541
-0.50808 0.366541
-0.50224 0.366541
-0.4964 0.366541
-0.49056 0.366541
-0.48472 0.366541
-0.47888 0.366541
-0.47304 0.366541
-0.4672 0.366541
-0.46136 0.366541
-0.45552 0.366541
-0.44968 0.366541
-0.44384 0.366541
-0.438 0.366541
-0.43216 0.366541
-0.42632 0.366541
-0.42048 0.366541
-0.41464 0.366541
-0.4088 0.366541
-0.40296 0.366541
-0.39712 0.366541
-0.39128 0.366541
-0.38544 0.366541
-0.3796 0.366541
-0.37376 0.366541
-0.36792 0.366541
-0.36208 0.366541
-0.35624 0.366541
-0.3504 0.366541
-0.34456 0.366541
-0.33872 0.366541
-0.33288 0.366541
-0.32704 0.366541
-0.3212 0.366541
-0.31536 0.366541
-0.30952 0.366541
-0.30368 0.366541
-0.29784 0.366541
-0.292 0.366541
-0.28616 0.366541
-0.28032 0.366541
-0.27448 0.366541
-0.26864 0.366541
-0.2628 0.366541
-0.25696 0.366541
-0.25112 0.366541
-0.24528 0.366541
-0.23944 0.366541
-0.2336 0.366541
-0.22776 0.366541
-0.22192 0.366541
-0.21608 0.366541
-0.21024 0.366541
-0.2044 0.366541
-0.19856 0.366541
-0.19272 0.366541
-0.18688 0.366541
-0.18104 0.366541
-0.1752 0.366541
-0.16936 0.366541
-0.16352 0.366541
-0.15768 0.366541
-0.15184 0.366541
-0.146 0.366541
-0.14016 0.366541
-0.13432 0.366541
-0.12848 0.366541
-0.12264 0.366541
-0.1168 0.366541
-0.11096 0.366541
-0.10512 0.366541
-0.09928 0.366541
-0.09344 0.366541
-0.0876 0.366541
-0.08176 0.366541
-0.07592 0.366541
-0.07008 0.366541
-0.06424 0.366541
-0.0584 0.366541
-0.05256 0.366541
-0.04672 0.366541
-0.04088 0.366541
-0.03504 0.366541
-0.0292 0.366541
-0.02336 0.366541
-0.01752 0.366541
-0.01168 0.366541
-0.00584 0.366541
