-2.92 0.283498
-2.91416 0.283498
-2.90832 0.283498
-2.90248 0.283498
-2.89664 0.283498
-2.8908 0.283498
-2.88496 0.283498
-2.87912 0.283498
-2.87328 0.283498
-2.86744 0.283498
-2.8616 0.283498
-2.85576 0.283498
-2.84992 0.283498
-2.84408 0.283498
-2.83824 0.283498
-2.8324 0.283498
-2.82656 0.283498
-2.82072 0.283498
-2.81488 0.283498
-2.80904 0.283498
-2.8032 0.283498
-2.79736 0.283498
-2.79152 0.283498
-2.78568 0.283498
-2.77984 0.283498
-2.774 0.283498
-2.76816 0.283498
-2.76232 0.283498
-2.75648 0.283498
-2.75064 0.283498
-2.7448 0.283498
-2.73896 0.283498
-2.73312 0.283498
-2.72728 0.283498
-2.72144 0.283498
-2.7156 0.283498
-2.70976 0.283498
-2.70392 0.283498
-2.69808 0.283498
-2.69224 0.283498
-2.6864 0.283498
-2.68056 0.283498
-2.67472 0.283498
-2.66888 0.283498
-2.66304 0.283498
-2.6572 0.283498
-2.65136 0.283498
-2.64552 0.283498
-2.63968 0.283498
-2.63384 0.283498
-2.628 0.283498
-2.62216 0.283498
-2.61632 0.283498
-2.61048 0.283498
-2.60464 0.283498
-2.5988 0.283498
-2.59296 0.283189
-2.58712 0.282746
-2.58128 0.282128
-2.57544 0.281508
-2.5696 0.280801
-2.56376 0.280137
-2.55792 0.279341
-2.55208 0.278589
-2.54624 0.277703
-2.5404 0.276815
-2.53456 0.275881
-2.52872 0.274904
-2.52288 0.273927
-2.51704 0.272818
-2.5112 0.271665
-2.50536 0.270513
-2.49952 0.269361
-2.49368 0.268293
-2.48784 0.267185
-2.482 0.266164
-2.47616 0.265007
-2.47032 0.263807
-2.46448 0.262475
-2.45864 0.261097
-2.4528 0.259674
-2.44696 0.258251
-2.44112 0.256827
-2.43528 0.255359
-2.42944 0.253935
-2.4236 0.25251
-2.41776 0.250998
-2.41192 0.249486
-2.40608 0.247972
-2.40024 0.246458
-2.3944 0.244767
-2.38856 0.243079
-2.38272 0.241346
-2.37688 0.239524
-2.37104 0.237746
-2.3652 0.235968
-2.35936 0.234147
-2.35352 0.232369
-2.34768 0.230592
-2.34184 0.228723
-2.336 0.226766
-2.33016 0.224899
-2.32432 0.222987
-2.31848 0.221029
-2.31264 0.219072
-2.3068 0.217245
-2.30096 0.215377
-2.29512 0.213462
-2.28928 0.211506
-2.28344 0.20955
-2.2776 0.207592
-2.27176 0.205811
-2.26592 0.203896
-2.26008 0.202113
-2.25424 0.200154
-2.2484 0.198151
-2.24256 0.196192
-2.23672 0.194192
-2.23088 0.192187
-2.22504 0.190903
-2.2192 0.189109
-2.21336 0.187948
-2.20752 0.186322
-2.20168 0.184947
-2.19584 0.183406
-2.19 0.182203
-2.18416 0.180914
-2.17832 0.179292
-2.17248 0.178508
-2.16664 0.177511
-2.1608 0.177021
-2.15496 0.174461
-2.14912 0.174141
-2.14328 0.173144
-2.13744 0.171641
-2.1316 0.171277
-2.12576 0.169356
-2.11992 0.168818
-2.11408 0.167196
-2.10824 0.165817
-2.1024 0.165453
-2.09656 0.164708
-2.09072 0.164049
-2.08488 0.162845
-2.07904 0.162145
-2.0732 0.161864
-2.06736 0.160701
-2.06152 0.159116
-2.05568 0.159177
-2.04984 0.158352
-2.044 0.157539
-2.03816 0.157513
-2.03232 0.15669
-2.02648 0.154809
-2.02064 0.155416
-2.0148 0.15383
-2.00896 0.154189
-2.00312 0.153823
-1.99728 0.150506
-1.99144 0.151457
-1.9856 0.150461
-1.97976 0.150192
-1.97392 0.150252
-1.96808 0.149519
-1.96224 0.151068
-1.9564 0.147967
-1.95056 0.147568
-1.94472 0.144807
-1.93888 0.142332
-1.93304 0.141478
-1.9272 0.140614
-1.92136 0.138064
-1.91552 0.134712
-1.90968 0.132841
-1.90384 0.132864
-1.898 0.129168
-1.89216 0.126882
-1.88632 0.124926
-1.88048 0.123388
-1.87464 0.120336
-1.8688 0.117994
-1.86296 0.115833
-1.85712 0.113075
-1.85128 0.110149
-1.84544 0.108407
-1.8396 0.107341
-1.83376 0.10379
-1.82792 0.100905
-1.82208 0.0990478
-1.81624 0.0968067
-1.8104 0.0944307
-1.80456 0.0923606
-1.79872 0.0904545
-1.79288 0.0852168
-1.78704 0.0840711
-1.7812 0.0806097
-1.77536 0.0792195
-1.76952 0.076435
-1.76368 0.0739491
-1.75784 0.0716309
-1.752 0.0683058
-1.74616 0.067338
-1.74032 0.0652396
-1.73448 0.0620038
-1.72864 0.0590147
-1.7228 0.0576369
-1.71696 0.0546045
-1.71112 0.0533194
-1.70528 0.0507688
-1.69944 0.0462237
-1.6936 0.0452829
-1.68776 0.044261
-1.68192 0.0422176
-1.67608 0.0402609
-1.67024 0.0382975
-1.6644 0.0380686
-1.65856 0.0375957
-1.65272 0.0383507
-1.64688 0.0375886
-1.64104 0.0375477
-1.6352 0.0386453
-1.62936 0.0393285
-1.62352 0.0402712
-1.61768 0.0421467
-1.61184 0.0415704
-1.606 0.0420243
-1.60016 0.0441114
-1.59432 0.0454408
-1.58848 0.0462516
-1.58264 0.0460647
-1.5768 0.0450351
-1.57096 0.0481935
-1.56512 0.0496512
-1.55928 0.0503528
-1.55344 0.0523267
-1.5476 0.0555812
-1.54176 0.0557955
-1.53592 0.0565737
-1.53008 0.0602498
-1.52424 0.0635205
-1.5184 0.0624527
-1.51256 0.0653208
-1.50672 0.0676961
-1.50088 0.0684556
-1.49504 0.0680717
-1.4892 0.0738865
-1.48336 0.0764105
-1.47752 0.0802003
-1.47168 0.0818875
-1.46584 0.0848705
-1.46 0.0878465
-1.45416 0.0915797
-1.44832 0.0956722
-1.44248 0.0962542
-1.43664 0.0993017
-1.4308 0.103287
-1.42496 0.104138
-1.41912 0.109791
-1.41328 0.109985
-1.40744 0.113392
-1.4016 0.115255
-1.39576 0.11809
-1.38992 0.121041
-1.38408 0.123816
-1.37824 0.126202
-1.3724 0.128079
-1.36656 0.13078
-1.36072 0.134353
-1.35488 0.133596
-1.34904 0.135831
-1.3432 0.138794
-1.33736 0.138893
-1.33152 0.144244
-1.32568 0.145525
-1.31984 0.149973
-1.314 0.148588
-1.30816 0.153297
-1.30232 0.153208
-1.29648 0.157513
-1.29064 0.161382
-1.2848 0.160445
-1.27896 0.165016
-1.27312 0.169933
-1.26728 0.172517
-1.26144 0.175095
-1.2556 0.177158
-1.24976 0.18269
-1.24392 0.186354
-1.23808 0.188333
-1.23224 0.191608
-1.2264 0.194
-1.22056 0.197774
-1.21472 0.200006
-1.20888 0.203378
-1.20304 0.203414
-1.1972 0.205433
-1.19136 0.209716
-1.18552 0.211411
-1.17968 0.214641
-1.17384 0.215408
-1.168 0.218686
-1.16216 0.221422
-1.15632 0.227019
-1.15048 0.227243
-1.14464 0.227218
-1.1388 0.227491
-1.13296 0.232378
-1.12712 0.23334
-1.12128 0.235239
-1.11544 0.237161
-1.1096 0.23969
-1.10376 0.241043
-1.09792 0.244353
-1.09208 0.247798
-1.08624 0.252325
-1.0804 0.249699
-1.07456 0.250113
-1.06872 0.253746
-1.06288 0.255638
-1.05704 0.256564
-1.0512 0.263026
-1.04536 0.264403
-1.03952 0.269456
-1.03368 0.271555
-1.02784 0.273655
-1.022 0.276598
-1.01616 0.279458
-1.01032 0.283246
-1.00448 0.283496
-0.99864 0.287585
-0.9928 0.289232
-0.98696 0.290402
-0.98112 0.294265
-0.97528 0.294294
-0.96944 0.297498
-0.9636 0.298452
-0.95776 0.301198
-0.95192 0.303721
-0.94608 0.305408
-0.94024 0.306116
-0.9344 0.30859
-0.92856 0.311611
-0.92272 0.312168
-0.91688 0.311957
-0.91104 0.313596
-0.9052 0.317717
-0.89936 0.316697
-0.89352 0.320746
-0.88768 0.322209
-0.88184 0.32536
-0.876 0.32333
-0.87016 0.327892
-0.86432 0.326108
-0.85848 0.329008
-0.85264 0.32979
-0.8468 0.330834
-0.84096 0.333001
-0.83512 0.333873
-0.82928 0.336491
-0.82344 0.340483
-0.8176 0.340767
-0.81176 0.341713
-0.80592 0.344655
-0.80008 0.34514
-0.79424 0.346305
-0.7884 0.347553
-0.78256 0.349843
-0.77672 0.34873
-0.77088 0.350393
-0.76504 0.350665
-0.7592 0.351243
-0.75336 0.352686
-0.74752 0.352539
-0.74168 0.354321
-0.73584 0.354883
-0.73 0.355112
-0.72416 0.35601
-0.71832 0.356526
-0.71248 0.357091
-0.70664 0.357553
-0.7008 0.355799
-0.69496 0.356943
-0.68912 0.357161
-0.68328 0.357964
-0.67744 0.359061
-0.6716 0.359611
-0.66576 0.360203
-0.65992 0.360954
-0.65408 0.362585
-0.64824 0.36405
-0.6424 0.363171
-0.63656 0.364249
-0.63072 0.3652
-0.62488 0.366106
-0.61904 0.36701
-0.6132 0.368792
-0.60736 0.369143
-0.60152 0.368864
-0.59568 0.368864
-0.58984 0.368864
-0.584 0.368864
-0.57816 0.368864
-0.57232 0.368864
-0.56648 0.368864
-0.56064 0.368864
-0.5548 0.368864
-0.54896 0.368864
-0.54312 0.368864
-0.53728 0.368864
-0.53144 0.368864
-0.5256 0.368864
-0.51976 0.368864
-0.51392 0.368864
-0.50808 0.368864
-0.50224 0.368864
-0.4964 0.368864
-0.49056 0.368864
-0.48472 0.368864
-0.47888 0.368864
-0.47304 0.368864
-0.4672 0.368864
-0.46136 0.368864
-0.45552 0.368864
-0.44968 0.368864
-0.44384 0.368864
-0.438 0.368864
-0.43216 0.368864
-0.42632 0.368864
-0.42048 0.368864
-0.41464 0.368864
-0.4088 0.368864
-0.40296 0.368864
-0.39712 0.368864
-0.39128 0.368864
-0.38544 0.368864
-0.3796 0.368864
-0.37376 0.368864
-0.36792 0.368864
-0.36208 0.368864
-0.35624 0.368864
-0.3504 0.368864
-0.34456 0.368864
-0.33872 0.368864
-0.33288 0.368864
-0.32704 0.368864
-0.3212 0.368864
-0.31536 0.368864
-0.30952 0.368864
-0.30368 0.368864
-0.29784 0.368864
-0.292 0.368864
-0.28616 0.368864
-0.28032 0.368864
-0.27448 0.368864
-0.26864 0.368864
-0.2628 0.368864
-0.25696 0.368864
-0.25112 0.368864
-0.24528 0.368864
-0.23944 0.368864
-0.2336 0.368864
-0.22776 0.368864
-0.22192 0.368864
-0.21608 0.368864
-0.21024 0.368864
-0.2044 0.368864
-0.19856 0.368864
-0.19272 0.368864
-0.18688 0.368864
-0.18104 0.368864
-0.1752 0.368864
-0.16936 0.368864
-0.16352 0.368864
-0.15768 0.368864
-0.15184 0.368864
-0.146 0.368864
-0.14016 0.368864
-0.13432 0.368864
-0.12848 0.368864
-0.12264 0.368864
-0.1168 0.368864
-0.11096 0.368864
-0.10512 0.368864
-0.09928 0.368864
-0.09344 0.368864
-0.0876 0.368864
-0.08176 0.368864
-0.07592 0.368864
-0.07008 0.368864
-0.06424 0.368864
-0.0584 0.368864
-0.05256 0.368864
-0.04672 0.368864
-0.04088 0.368864
-0.03504 0.368864
-0.0292 0.368864
-0.02336 0.368864
-0.01752 0.368864
-0.01168 0.368864
-0.00584 0.368864
