-2.92 0.37814
-2.91416 0.37814
-2.90832 0.37814
-2.90248 0.37814
-2.89664 0.37814
-2.8908 0.37814
-2.88496 0.37814
-2.87912 0.37814
-2.87328 0.37814
-2.86744 0.37814
-2.8616 0.37814
-2.85576 0.37814
-2.84992 0.37814
-2.84408 0.37814
-2.83824 0.37814
-2.8324 0.37814
-2.82656 0.37814
-2.82072 0.37814
-2.81488 0.37814
-2.80904 0.37814
-2.8032 0.37814
-2.79736 0.37814
-2.79152 0.37814
-2.78568 0.37814
-2.77984 0.37814
-2.774 0.37814
-2.76816 0.37814
-2.76232 0.37814
-2.75648 0.37814
-2.75064 0.37814
-2.7448 0.37814
-2.73896 0.37814
-2.73312 0.37814
-2.72728 0.37814
-2.72144 0.37814
-2.7156 0.37814
-2.70976 0.37814
-2.70392 0.37814
-2.69808 0.37814
-2.69224 0.37814
-2.6864 0.37814
-2.68056 0.37814
-2.67472 0.37814
-2.66888 0.37814
-2.66304 0.37814
-2.6572 0.37814
-2.65136 0.37814
-2.64552 0.37814
-2.63968 0.37814
-2.63384 0.37814
-2.628 0.37814
-2.62216 0.37814
-2.61632 0.37814
-2.61048 0.37814
-2.60464 0.37814
-2.5988 0.37814
-2.59296 0.377699
-2.58712 0.377083
-2.58128 0.37629
-2.57544 0.375451
-2.5696 0.374525
-2.56376 0.373598
-2.55792 0.372495
-2.55208 0.371217
-2.54624 0.369895
-2.5404 0.368395
-2.53456 0.36685
-2.52872 0.365217
-2.52288 0.363584
-2.51704 0.361908
-2.5112 0.360273
-2.50536 0.358684
-2.49952 0.356963
-2.49368 0.355376
-2.48784 0.353656
-2.482 0.35198
-2.47616 0.350168
-2.47032 0.34831
-2.46448 0.346408
-2.45864 0.344419
-2.4528 0.342431
-2.44696 0.340444
-2.44112 0.33841
-2.43528 0.336333
-2.42944 0.334385
-2.4236 0.332263
-2.41776 0.330096
-2.41192 0.327972
-2.40608 0.325715
-2.40024 0.323503
-2.3944 0.321203
-2.38856 0.318991
-2.38272 0.316692
-2.37688 0.314392
-2.37104 0.312091
-2.3652 0.309835
-2.35936 0.307491
-2.35352 0.305149
-2.34768 0.302893
-2.34184 0.300591
-2.336 0.298202
-2.33016 0.295814
-2.32432 0.293557
-2.31848 0.291125
-2.31264 0.288735
-2.3068 0.286434
-2.30096 0.284045
-2.29512 0.281741
-2.28928 0.279395
-2.28344 0.276961
-2.2776 0.274613
-2.27176 0.272221
-2.26592 0.269828
-2.26008 0.267438
-2.25424 0.264913
-2.2484 0.262345
-2.24256 0.259735
-2.23672 0.257124
-2.23088 0.254552
-2.22504 0.252403
-2.2192 0.250082
-2.21336 0.248227
-2.20752 0.245912
-2.20168 0.243802
-2.19584 0.242371
-2.19 0.240387
-2.18416 0.238196
-2.17832 0.236126
-2.17248 0.234307
-2.16664 0.231987
-2.1608 0.230926
-2.15496 0.229067
-2.14912 0.227381
-2.14328 0.224467
-2.13744 0.223284
-2.1316 0.222775
-2.12576 0.221974
-2.11992 0.218301
-2.11408 0.215899
-2.10824 0.214121
-2.1024 0.213856
-2.09656 0.211669
-2.09072 0.210276
-2.08488 0.210483
-2.07904 0.20771
-2.0732 0.204962
-2.06736 0.20531
-2.06152 0.203788
-2.05568 0.203412
-2.04984 0.200126
-2.044 0.199458
-2.03816 0.197566
-2.03232 0.197554
-2.02648 0.194947
-2.02064 0.19545
-2.0148 0.192828
-2.00896 0.19161
-2.00312 0.190887
-1.99728 0.189418
-1.99144 0.189094
-1.9856 0.187527
-1.97976 0.187784
-1.97392 0.183779
-1.96808 0.183735
-1.96224 0.182132
-1.9564 0.180115
-1.95056 0.1788
-1.94472 0.175101
-1.93888 0.17484
-1.93304 0.170503
-1.9272 0.171661
-1.92136 0.16638
-1.91552 0.16499
-1.90968 0.160703
-1.90384 0.160922
-1.898 0.156459
-1.89216 0.153715
-1.88632 0.151662
-1.88048 0.147746
-1.87464 0.144664
-1.8688 0.13958
-1.86296 0.139649
-1.85712 0.134475
-1.85128 0.134448
-1.84544 0.130194
-1.8396 0.127185
-1.83376 0.123913
-1.82792 0.122084
-1.82208 0.119367
-1.81624 0.116926
-1.8104 0.113191
-1.80456 0.110808
-1.79872 0.105214
-1.79288 0.103466
-1.78704 0.10037
-1.7812 0.09583
-1.77536 0.0937441
-1.76952 0.0901322
-1.76368 0.085939
-1.75784 0.0827558
-1.752 0.079532
-1.74616 0.0766945
-1.74032 0.0734702
-1.73448 0.0717289
-1.72864 0.0675395
-1.7228 0.0634459
-1.71696 0.0602714
-1.71112 0.0574531
-1.70528 0.0555465
-1.69944 0.0510297
-1.6936 0.04745
-1.68776 0.0464072
-1.68192 0.0413014
-1.67608 0.0385677
-1.67024 0.0375514
-1.6644 0.0365445
-1.65856 0.0339466
-1.65272 0.0317183
-1.64688 0.0323733
-1.64104 0.0318429
-1.6352 0.0304791
-1.62936 0.030771
-1.62352 0.0306424
-1.61768 0.0313267
-1.61184 0.030199
-1.606 0.031826
-1.60016 0.0322895
-1.59432 0.0329373
-1.58848 0.0346848
-1.58264 0.0344191
-1.5768 0.0341082
-1.57096 0.0354368
-1.56512 0.0367326
-1.55928 0.037477
-1.55344 0.0394459
-1.5476 0.0413808
-1.54176 0.0423525
-1.53592 0.0442468
-1.53008 0.0464214
-1.52424 0.0484968
-1.5184 0.0506266
-1.51256 0.0483928
-1.50672 0.0514694
-1.50088 0.0534923
-1.49504 0.0568565
-1.4892 0.0593198
-1.48336 0.0616076
-1.47752 0.0659629
-1.47168 0.0654424
-1.46584 0.0707316
-1.46 0.0747223
-1.45416 0.0785843
-1.44832 0.0802099
-1.44248 0.0826715
-1.43664 0.0846872
-1.4308 0.085278
-1.42496 0.0895748
-1.41912 0.0905284
-1.41328 0.0949583
-1.40744 0.0981793
-1.4016 0.0990489
-1.39576 0.0995916
-1.38992 0.103463
-1.38408 0.105836
-1.37824 0.109595
-1.3724 0.109598
-1.36656 0.112112
-1.36072 0.114425
-1.35488 0.11554
-1.34904 0.118205
-1.3432 0.118525
-1.33736 0.121026
-1.33152 0.122978
-1.32568 0.128148
-1.31984 0.128394
-1.314 0.129034
-1.30816 0.13416
-1.30232 0.134201
-1.29648 0.138284
-1.29064 0.140251
-1.2848 0.141324
-1.27896 0.143958
-1.27312 0.146138
-1.26728 0.153984
-1.26144 0.1581
-1.2556 0.157617
-1.24976 0.160891
-1.24392 0.165897
-1.23808 0.169122
-1.23224 0.170721
-1.2264 0.174423
-1.22056 0.177162
-1.21472 0.178412
-1.20888 0.181519
-1.20304 0.185482
-1.1972 0.187003
-1.19136 0.189919
-1.18552 0.192474
-1.17968 0.194212
-1.17384 0.195216
-1.168 0.199845
-1.16216 0.201186
-1.15632 0.204638
-1.15048 0.208939
-1.14464 0.210292
-1.1388 0.208255
-1.13296 0.210735
-1.12712 0.212742
-1.12128 0.214978
-1.11544 0.218509
-1.1096 0.221421
-1.10376 0.221931
-1.09792 0.225297
-1.09208 0.22842
-1.08624 0.230536
-1.0804 0.232258
-1.07456 0.230366
-1.06872 0.233391
-1.06288 0.235581
-1.05704 0.239657
-1.0512 0.244386
-1.04536 0.247129
-1.03952 0.253362
-1.03368 0.251176
-1.02784 0.257026
-1.022 0.26128
-1.01616 0.265104
-1.01032 0.267255
-1.00448 0.269055
-0.99864 0.270757
-0.9928 0.270921
-0.98696 0.275079
-0.98112 0.276439
-0.97528 0.280587
-0.96944 0.283625
-0.9636 0.284514
-0.95776 0.28535
-0.95192 0.287839
-0.94608 0.290874
-0.94024 0.294323
-0.9344 0.294958
-0.92856 0.296546
-0.92272 0.298194
-0.91688 0.29808
-0.91104 0.300169
-0.9052 0.300556
-0.89936 0.304503
-0.89352 0.304505
-0.88768 0.308245
-0.88184 0.308539
-0.876 0.308396
-0.87016 0.314065
-0.86432 0.312572
-0.85848 0.315333
-0.85264 0.31656
-0.8468 0.317599
-0.84096 0.318949
-0.83512 0.319698
-0.82928 0.324725
-0.82344 0.327957
-0.8176 0.326851
-0.81176 0.328611
-0.80592 0.33091
-0.80008 0.332209
-0.79424 0.333085
-0.7884 0.333411
-0.78256 0.334412
-0.77672 0.334433
-0.77088 0.335804
-0.76504 0.336122
-0.7592 0.336031
-0.75336 0.33689
-0.74752 0.337757
-0.74168 0.337737
-0.73584 0.339233
-0.73 0.339918
-0.72416 0.340657
-0.71832 0.340629
-0.71248 0.342196
-0.70664 0.342004
-0.7008 0.340129
-0.69496 0.341068
-0.68912 0.34137
-0.68328 0.341877
-0.67744 0.342887
-0.6716 0.343272
-0.66576 0.344327
-0.65992 0.344705
-0.65408 0.346917
-0.64824 0.347926
-0.6424 0.34722
-0.63656 0.348343
-0.63072 0.349295
-0.62488 0.350158
-0.61904 0.350936
-0.6132 0.352422
-0.60736 0.352903
-0.60152 0.352665
-0.59568 0.352665
-0.58984 0.352665
-0.584 0.352665
-0.57816 0.352665
-0.57232 0.352665
-0.56648 0.352665
-0.56064 0.352665
-0.5548 0.352665
-0.54896 0.352665
-0.54312 0.352665
-0.53728 0.352665
-0.53144 0.352665
-0.5256 0.352665
-0.51976 0.352665
-0.51392 0.352665
-0.50808 0.352665
-0.50224 0.352665
-0.4964 0.352665
-0.49056 0.352665
-0.48472 0.352665
-0.47888 0.352665
-0.47304 0.352665
-0.4672 0.352665
-0.46136 0.352665
-0.45552 0.352665
-0.44968 0.352665
-0.44384 0.352665
-0.438 0.352665
-0.43216 0.352665
-0.42632 0.352665
-0.42048 0.352665
-0.41464 0.352665
-0.4088 0.352665
-0.40296 0.352665
-0.39712 0.352665
-0.39128 0.352665
-0.38544 0.352665
-0.3796 0.352665
-0.37376 0.352665
-0.36792 0.352665
-0.36208 0.352665
-0.35624 0.352665
-0.3504 0.352665
-0.34456 0.352665
-0.33872 0.352665
-0.33288 0.352665
-0.32704 0.352665
-0.3212 0.352665
-0.31536 0.352665
-0.30952 0.352665
-0.30368 0.352665
-0.29784 0.352665
-0.292 0.352665
-0.28616 0.352665
-0.28032 0.352665
-0.27448 0.352665
-0.26864 0.352665
-0.2628 0.352665
-0.25696 0.352665
-0.25112 0.352665
-0.24528 0.352665
-0.23944 0.352665
-0.2336 0.352665
-0.22776 0.352665
-0.22192 0.352665
-0.21608 0.352665
-0.21024 0.352665
-0.2044 0.352665
-0.19856 0.352665
-0.19272 0.352665
-0.18688 0.352665
-0.18104 0.352665
-0.1752 0.352665
-0.16936 0.352665
-0.16352 0.352665
-0.15768 0.352665
-0.15184 0.352665
-0.146 0.352665
-0.14016 0.352665
-0.13432 0.352665
-0.12848 0.352665
-0.12264 0.352665
-0.1168 0.352665
-0.11096 0.352665
-0.10512 0.352665
-0.09928 0.352665
-0.09344 0.352665
-0.0876 0.352665
-0.08176 0.352665
-0.07592 0.352665
-0.07008 0.352665
-0.06424 0.352665
-0.0584 0.352665
-0.05256 0.352665
-0.04672 0.352665
-0.04088 0.352665
-0.03504 0.352665
-0.0292 0.352665
-0.02336 0.352665
-0.01752 0.352665
-0.01168 0.352665
-0.00584 0.352665
