-2.92 0.297347
-2.91416 0.297347
-2.90832 0.297347
-2.90248 0.297347
-2.89664 0.297347
-2.8908 0.297347
-2.88496 0.297347
-2.87912 0.297347
-2.87328 0.297347
-2.86744 0.297347
-2.8616 0.297347
-2.85576 0.297347
-2.84992 0.297347
-2.84408 0.297347
-2.83824 0.297347
-2.8324 0.297347
-2.82656 0.297347
-2.82072 0.297347
-2.81488 0.297347
-2.80904 0.297347
-2.8032 0.297347
-2.79736 0.297347
-2.79152 0.297347
-2.78568 0.297347
-2.77984 0.297347
-2.774 0.297347
-2.76816 0.297347
-2.76232 0.297347
-2.75648 0.297347
-2.75064 0.297347
-2.7448 0.297347
-2.73896 0.297347
-2.73312 0.297347
-2.72728 0.297347
-2.72144 0.297347
-2.7156 0.297347
-2.70976 0.297347
-2.70392 0.297347
-2.69808 0.297347
-2.69224 0.297347
-2.6864 0.297347
-2.68056 0.297347
-2.67472 0.297347
-2.66888 0.297347
-2.66304 0.297347
-2.6572 0.297347
-2.65136 0.297347
-2.64552 0.297347
-2.63968 0.297347
-2.63384 0.297347
-2.628 0.297347
-2.62216 0.297347
-2.61632 0.297347
-2.61048 0.297347
-2.60464 0.297347
-2.5988 0.297347
-2.59296 0.296908
-2.58712 0.296249
-2.58128 0.295547
-2.57544 0.2948
-2.5696 0.294009
-2.56376 0.293086
-2.55792 0.292164
-2.55208 0.291285
-2.54624 0.290315
-2.5404 0.289345
-2.53456 0.28833
-2.52872 0.287226
-2.52288 0.286034
-2.51704 0.284887
-2.5112 0.283653
-2.50536 0.282508
-2.49952 0.28123
-2.49368 0.279993
-2.48784 0.278626
-2.482 0.277347
-2.47616 0.275849
-2.47032 0.274263
-2.46448 0.272678
-2.45864 0.271048
-2.4528 0.26946
-2.44696 0.267828
-2.44112 0.266152
-2.43528 0.264475
-2.42944 0.2628
-2.4236 0.261124
-2.41776 0.259402
-2.41192 0.25768
-2.40608 0.255958
-2.40024 0.254282
-2.3944 0.25256
-2.38856 0.250881
-2.38272 0.249203
-2.37688 0.247437
-2.37104 0.245715
-2.3652 0.244037
-2.35936 0.242272
-2.35352 0.240506
-2.34768 0.238697
-2.34184 0.236886
-2.336 0.23512
-2.33016 0.233265
-2.32432 0.231411
-2.31848 0.229513
-2.31264 0.227616
-2.3068 0.225761
-2.30096 0.223903
-2.29512 0.222003
-2.28928 0.22019
-2.28344 0.218245
-2.2776 0.216344
-2.27176 0.214486
-2.26592 0.212673
-2.26008 0.210859
-2.25424 0.208784
-2.2484 0.206707
-2.24256 0.204719
-2.23672 0.202686
-2.23088 0.201198
-2.22504 0.199248
-2.2192 0.197841
-2.21336 0.19572
-2.20752 0.19461
-2.20168 0.193121
-2.19584 0.191885
-2.19 0.190056
-2.18416 0.188734
-2.17832 0.187248
-2.17248 0.186689
-2.16664 0.184399
-2.1608 0.184511
-2.15496 0.182636
-2.14912 0.182208
-2.14328 0.180344
-2.13744 0.179108
-2.1316 0.178918
-2.12576 0.177053
-2.11992 0.176326
-2.11408 0.176685
-2.10824 0.174315
-2.1024 0.173669
-2.09656 0.17281
-2.09072 0.173173
-2.08488 0.171096
-2.07904 0.169445
-2.0732 0.169646
-2.06736 0.168962
-2.06152 0.168155
-2.05568 0.167305
-2.04984 0.166998
-2.044 0.166188
-2.03816 0.165966
-2.03232 0.166534
-2.02648 0.164557
-2.02064 0.165642
-2.0148 0.164172
-2.00896 0.163514
-2.00312 0.162793
-1.99728 0.161641
-1.99144 0.161549
-1.9856 0.161456
-1.97976 0.160526
-1.97392 0.16026
-1.96808 0.160628
-1.96224 0.156988
-1.9564 0.158087
-1.95056 0.155583
-1.94472 0.155835
-1.93888 0.151768
-1.93304 0.150235
-1.9272 0.148204
-1.92136 0.148279
-1.91552 0.143979
-1.90968 0.140977
-1.90384 0.141132
-1.898 0.137126
-1.89216 0.136146
-1.88632 0.13495
-1.88048 0.132292
-1.87464 0.129069
-1.8688 0.127979
-1.86296 0.124473
-1.85712 0.122539
-1.85128 0.120039
-1.84544 0.115904
-1.8396 0.115708
-1.83376 0.112631
-1.82792 0.111152
-1.82208 0.107952
-1.81624 0.104295
-1.8104 0.101394
-1.80456 0.0986973
-1.79872 0.0986234
-1.79288 0.0944373
-1.78704 0.0905226
-1.7812 0.0898962
-1.77536 0.0872957
-1.76952 0.0835451
-1.76368 0.0812387
-1.75784 0.0788461
-1.752 0.074973
-1.74616 0.0721459
-1.74032 0.0692303
-1.73448 0.0660849
-1.72864 0.0620504
-1.7228 0.0610592
-1.71696 0.058163
-1.71112 0.0555166
-1.70528 0.0509408
-1.69944 0.0505761
-1.6936 0.0468428
-1.68776 0.0433099
-1.68192 0.0413491
-1.67608 0.038845
-1.67024 0.0381814
-1.6644 0.0358202
-1.65856 0.0345791
-1.65272 0.0343581
-1.64688 0.033898
-1.64104 0.0321617
-1.6352 0.0312113
-1.62936 0.031833
-1.62352 0.0326883
-1.61768 0.0334997
-1.61184 0.0344095
-1.606 0.0334654
-1.60016 0.0341801
-1.59432 0.0332348
-1.58848 0.0356565
-1.58264 0.0367711
-1.5768 0.0358711
-1.57096 0.0373616
-1.56512 0.0381609
-1.55928 0.0406796
-1.55344 0.0400921
-1.5476 0.0398948
-1.54176 0.0420323
-1.53592 0.0443237
-1.53008 0.0481704
-1.52424 0.0498723
-1.5184 0.0476209
-1.51256 0.0504753
-1.50672 0.050687
-1.50088 0.0555893
-1.49504 0.0552351
-1.4892 0.0586174
-1.48336 0.0609484
-1.47752 0.0643447
-1.47168 0.0661638
-1.46584 0.0694523
-1.46 0.07232
-1.45416 0.0760789
-1.44832 0.0766454
-1.44248 0.0792856
-1.43664 0.0810521
-1.4308 0.0836754
-1.42496 0.0856214
-1.41912 0.0881585
-1.41328 0.0890586
-1.40744 0.0911797
-1.4016 0.0956206
-1.39576 0.0965161
-1.38992 0.0969062
-1.38408 0.100641
-1.37824 0.102358
-1.3724 0.102025
-1.36656 0.106357
-1.36072 0.105856
-1.35488 0.106278
-1.34904 0.106795
-1.3432 0.111192
-1.33736 0.113348
-1.33152 0.113909
-1.32568 0.115922
-1.31984 0.119345
-1.314 0.119303
-1.30816 0.122837
-1.30232 0.123921
-1.29648 0.125472
-1.29064 0.127143
-1.2848 0.129383
-1.27896 0.131006
-1.27312 0.134935
-1.26728 0.139058
-1.26144 0.142377
-1.2556 0.144755
-1.24976 0.147431
-1.24392 0.152785
-1.23808 0.155372
-1.23224 0.157897
-1.2264 0.160748
-1.22056 0.160981
-1.21472 0.16615
-1.20888 0.16795
-1.20304 0.170153
-1.1972 0.170496
-1.19136 0.17411
-1.18552 0.175143
-1.17968 0.178478
-1.17384 0.182352
-1.168 0.183196
-1.16216 0.185994
-1.15632 0.18723
-1.15048 0.189679
-1.14464 0.191823
-1.1388 0.191669
-1.13296 0.194243
-1.12712 0.194286
-1.12128 0.19984
-1.11544 0.200062
-1.1096 0.201947
-1.10376 0.20485
-1.09792 0.207419
-1.09208 0.21207
-1.08624 0.213791
-1.0804 0.211049
-1.07456 0.21362
-1.06872 0.215877
-1.06288 0.219728
-1.05704 0.220151
-1.0512 0.226731
-1.04536 0.228841
-1.03952 0.233135
-1.03368 0.234523
-1.02784 0.237638
-1.022 0.239819
-1.01616 0.24433
-1.01032 0.244165
-1.00448 0.248409
-0.99864 0.249921
-0.9928 0.253466
-0.98696 0.25455
-0.98112 0.2575
-0.97528 0.258126
-0.96944 0.260226
-0.9636 0.263433
-0.95776 0.265822
-0.95192 0.266573
-0.94608 0.269226
-0.94024 0.271143
-0.9344 0.271999
-0.92856 0.274949
-0.92272 0.274445
-0.91688 0.273938
-0.91104 0.275961
-0.9052 0.278515
-0.89936 0.280656
-0.89352 0.281617
-0.88768 0.282741
-0.88184 0.285303
-0.876 0.284574
-0.87016 0.287538
-0.86432 0.287513
-0.85848 0.287631
-0.85264 0.289732
-0.8468 0.291187
-0.84096 0.292143
-0.83512 0.293592
-0.82928 0.297209
-0.82344 0.29799
-0.8176 0.298917
-0.81176 0.299854
-0.80592 0.301809
-0.80008 0.303269
-0.79424 0.302696
-0.7884 0.303772
-0.78256 0.303793
-0.77672 0.304899
-0.77088 0.304954
-0.76504 0.304932
-0.7592 0.304563
-0.75336 0.303953
-0.74752 0.304259
-0.74168 0.306074
-0.73584 0.305377
-0.73 0.305976
-0.72416 0.307128
-0.71832 0.305752
-0.71248 0.307109
-0.70664 0.307546
-0.7008 0.306512
-0.69496 0.306178
-0.68912 0.305425
-0.68328 0.306649
-0.67744 0.307076
-0.6716 0.307622
-0.66576 0.308338
-0.65992 0.308711
-0.65408 0.310677
-0.64824 0.311678
-0.6424 0.310843
-0.63656 0.311839
-0.63072 0.312706
-0.62488 0.313572
-0.61904 0.314353
-0.6132 0.316092
-0.60736 0.316446
-0.60152 0.316
-0.59568 0.316
-0.58984 0.316
-0.584 0.316
-0.57816 0.316
-0.57232 0.316
-0.56648 0.316
-0.56064 0.316
-0.5548 0.316
-0.54896 0.316
-0.54312 0.316
-0.53728 0.316
-0.53144 0.316
-0.5256 0.316
-0.51976 0.316
-0.51392 0.316
-0.50808 0.316
-0.50224 0.316
-0.4964 0.316
-0.49056 0.316
-0.48472 0.316
-0.47888 0.316
-0.47304 0.316
-0.4672 0.316
-0.46136 0.316
-0.45552 0.316
-0.44968 0.316
-0.44384 0.316
-0.438 0.316
-0.43216 0.316
-0.42632 0.316
-0.42048 0.316
-0.41464 0.316
-0.4088 0.316
-0.40296 0.316
-0.39712 0.316
-0.39128 0.316
-0.38544 0.316
-0.3796 0.316
-0.37376 0.316
-0.36792 0.316
-0.36208 0.316
-0.35624 0.316
-0.3504 0.316
-0.34456 0.316
-0.33872 0.316
-0.33288 0.316
-0.32704 0.316
-0.3212 0.316
-0.31536 0.316
-0.30952 0.316
-0.30368 0.316
-0.29784 0.316
-0.292 0.316
-0.28616 0.316
-0.28032 0.316
-0.27448 0.316
-0.26864 0.316
-0.2628 0.316
-0.25696 0.316
-0.25112 0.316
-0.24528 0.316
-0.23944 0.316
-0.2336 0.316
-0.22776 0.316
-0.22192 0.316
-0.21608 0.316
-0.21024 0.316
-0.2044 0.316
-0.19856 0.316
-0.19272 0.316
-0.18688 0.316
-0.18104 0.316
-0.1752 0.316
-0.16936 0.316
-0.16352 0.316
-0.15768 0.316
-0.15184 0.316
-0.146 0.316
-0.14016 0.316
-0.13432 0.316
-0.12848 0.316
-0.12264 0.316
-0.1168 0.316
-0.11096 0.316
-0.10512 0.316
-0.09928 0.316
-0.09344 0.316
-0.0876 0.316
-0.08176 0.316
-0.07592 0.316
-0.07008 0.316
-0.06424 0.316
-0.0584 0.316
-0.05256 0.316
-0.04672 0.316
-0.04088 0.316
-0.03504 0.316
-0.0292 0.316
-0.02336 0.316
-0.01752 0.316
-0.01168 0.316
-0.00584 0.316
