-2.92 0.452974
-2.91416 0.452974
-2.90832 0.452974
-2.90248 0.452974
-2.89664 0.452974
-2.8908 0.452974
-2.88496 0.452974
-2.87912 0.452974
-2.87328 0.452974
-2.86744 0.452974
-2.8616 0.452974
-2.85576 0.452974
-2.84992 0.452974
-2.84408 0.452974
-2.83824 0.452974
-2.8324 0.452974
-2.82656 0.452974
-2.82072 0.452974
-2.81488 0.452974
-2.80904 0.452974
-2.8032 0.452974
-2.79736 0.452974
-2.79152 0.452974
-2.78568 0.452974
-2.77984 0.452974
-2.774 0.452974
-2.76816 0.452974
-2.76232 0.452974
-2.75648 0.452974
-2.75064 0.452974
-2.7448 0.452974
-2.73896 0.452974
-2.73312 0.452974
-2.72728 0.452974
-2.72144 0.452974
-2.7156 0.452974
-2.70976 0.452974
-2.70392 0.452974
-2.69808 0.452974
-2.69224 0.452974
-2.6864 0.452974
-2.68056 0.452974
-2.67472 0.452974
-2.66888 0.452974
-2.66304 0.452974
-2.6572 0.452974
-2.65136 0.452974
-2.64552 0.452974
-2.63968 0.452974
-2.63384 0.452974
-2.628 0.452974
-2.62216 0.452974
-2.61632 0.452974
-2.61048 0.452974
-2.60464 0.452974
-2.5988 0.452974
-2.59296 0.452491
-2.58712 0.4517
-2.58128 0.450822
-2.57544 0.449944
-2.5696 0.448977
-2.56376 0.447746
-2.55792 0.446426
-2.55208 0.444977
-2.54624 0.443397
-2.5404 0.441817
-2.53456 0.440061
-2.52872 0.438303
-2.52288 0.4365
-2.51704 0.434611
-2.5112 0.432635
-2.50536 0.430699
-2.49952 0.428586
-2.49368 0.426475
-2.48784 0.424365
-2.482 0.422387
-2.47616 0.420189
-2.47032 0.417947
-2.46448 0.415704
-2.45864 0.413416
-2.4528 0.41104
-2.44696 0.408665
-2.44112 0.406248
-2.43528 0.403785
-2.42944 0.401365
-2.4236 0.3989
-2.41776 0.396437
-2.41192 0.393928
-2.40608 0.391419
-2.40024 0.388955
-2.3944 0.386402
-2.38856 0.383935
-2.38272 0.381336
-2.37688 0.378693
-2.37104 0.37605
-2.3652 0.373452
-2.35936 0.370807
-2.35352 0.368163
-2.34768 0.365476
-2.34184 0.362788
-2.336 0.360055
-2.33016 0.357326
-2.32432 0.354681
-2.31848 0.351903
-2.31264 0.349124
-2.3068 0.346389
-2.30096 0.343568
-2.29512 0.340748
-2.28928 0.337883
-2.28344 0.334886
-2.2776 0.331932
-2.27176 0.329066
-2.26592 0.326244
-2.26008 0.323509
-2.25424 0.320422
-2.2484 0.317424
-2.24256 0.314337
-2.23672 0.311292
-2.23088 0.308244
-2.22504 0.305073
-2.2192 0.302196
-2.21336 0.299106
-2.20752 0.296354
-2.20168 0.293805
-2.19584 0.291391
-2.19 0.289062
-2.18416 0.28618
-2.17832 0.284815
-2.17248 0.282184
-2.16664 0.279596
-2.1608 0.27776
-2.15496 0.275513
-2.14912 0.273895
-2.14328 0.271979
-2.13744 0.270112
-2.1316 0.267646
-2.12576 0.265695
-2.11992 0.263863
-2.11408 0.262422
-2.10824 0.260045
-2.1024 0.25851
-2.09656 0.256388
-2.09072 0.254177
-2.08488 0.251719
-2.07904 0.250486
-2.0732 0.248606
-2.06736 0.246646
-2.06152 0.244611
-2.05568 0.244262
-2.04984 0.242394
-2.044 0.242078
-2.03816 0.238248
-2.03232 0.237806
-2.02648 0.234847
-2.02064 0.234445
-2.0148 0.232748
-2.00896 0.230194
-2.00312 0.230578
-1.99728 0.228403
-1.99144 0.225358
-1.9856 0.223858
-1.97976 0.223973
-1.97392 0.221754
-1.96808 0.21899
-1.96224 0.21669
-1.9564 0.213401
-1.95056 0.213547
-1.94472 0.210205
-1.93888 0.20479
-1.93304 0.203887
-1.9272 0.200849
-1.92136 0.198814
-1.91552 0.196015
-1.90968 0.191862
-1.90384 0.188923
-1.898 0.184084
-1.89216 0.183561
-1.88632 0.180177
-1.88048 0.176239
-1.87464 0.172817
-1.8688 0.169845
-1.86296 0.1671
-1.85712 0.161964
-1.85128 0.161114
-1.84544 0.160188
-1.8396 0.15346
-1.83376 0.149381
-1.82792 0.147875
-1.82208 0.146116
-1.81624 0.143676
-1.8104 0.139327
-1.80456 0.135375
-1.79872 0.130819
-1.79288 0.127836
-1.78704 0.124002
-1.7812 0.121447
-1.77536 0.118337
-1.76952 0.113334
-1.76368 0.110765
-1.75784 0.108584
-1.752 0.105367
-1.74616 0.101294
-1.74032 0.0974694
-1.73448 0.0958951
-1.72864 0.0907637
-1.7228 0.0866491
-1.71696 0.0836499
-1.71112 0.0816095
-1.70528 0.0771231
-1.69944 0.0742826
-1.6936 0.0712958
-1.68776 0.0662254
-1.68192 0.0651222
-1.67608 0.0627788
-1.67024 0.060138
-1.6644 0.059193
-1.65856 0.0548578
-1.65272 0.0546997
-1.64688 0.0537798
-1.64104 0.0516874
-1.6352 0.0521053
-1.62936 0.0509533
-1.62352 0.0520376
-1.61768 0.0522032
-1.61184 0.0509923
-1.606 0.0511229
-1.60016 0.0502393
-1.59432 0.0536138
-1.58848 0.0505961
-1.58264 0.053404
-1.5768 0.0527956
-1.57096 0.0522751
-1.56512 0.0528559
-1.55928 0.0541965
-1.55344 0.0540809
-1.5476 0.0573364
-1.54176 0.0566802
-1.53592 0.0592672
-1.53008 0.0607272
-1.52424 0.0633684
-1.5184 0.0644304
-1.51256 0.065741
-1.50672 0.0692217
-1.50088 0.0710487
-1.49504 0.0723563
-1.4892 0.0789275
-1.48336 0.0790245
-1.47752 0.0810045
-1.47168 0.0856996
-1.46584 0.0878088
-1.46 0.0917096
-1.45416 0.094909
-1.44832 0.0979943
-1.44248 0.100898
-1.43664 0.101486
-1.4308 0.106143
-1.42496 0.105726
-1.41912 0.1113
-1.41328 0.112382
-1.40744 0.116002
-1.4016 0.118247
-1.39576 0.122335
-1.38992 0.124142
-1.38408 0.127037
-1.37824 0.128462
-1.3724 0.131846
-1.36656 0.134972
-1.36072 0.13593
-1.35488 0.138594
-1.34904 0.137872
-1.3432 0.143365
-1.33736 0.144006
-1.33152 0.145751
-1.32568 0.150689
-1.31984 0.15208
-1.314 0.154485
-1.30816 0.158426
-1.30232 0.155555
-1.29648 0.160017
-1.29064 0.164284
-1.2848 0.16286
-1.27896 0.16585
-1.27312 0.169409
-1.26728 0.17592
-1.26144 0.178708
-1.2556 0.18041
-1.24976 0.183859
-1.24392 0.186227
-1.23808 0.192239
-1.23224 0.191762
-1.2264 0.196711
-1.22056 0.197387
-1.21472 0.202138
-1.20888 0.20327
-1.20304 0.205756
-1.1972 0.209824
-1.19136 0.213191
-1.18552 0.213507
-1.17968 0.217428
-1.17384 0.218263
-1.168 0.221315
-1.16216 0.224326
-1.15632 0.227876
-1.15048 0.22834
-1.14464 0.232043
-1.1388 0.231279
-1.13296 0.231669
-1.12712 0.235211
-1.12128 0.239061
-1.11544 0.239689
-1.1096 0.24392
-1.10376 0.245116
-1.09792 0.248529
-1.09208 0.249597
-1.08624 0.251749
-1.0804 0.25259
-1.07456 0.254067
-1.06872 0.256078
-1.06288 0.260825
-1.05704 0.262603
-1.0512 0.268025
-1.04536 0.268255
-1.03952 0.271603
-1.03368 0.273792
-1.02784 0.277165
-1.022 0.28113
-1.01616 0.283964
-1.01032 0.28511
-1.00448 0.28953
-0.99864 0.289422
-0.9928 0.294101
-0.98696 0.293594
-0.98112 0.297549
-0.97528 0.299164
-0.96944 0.300828
-0.9636 0.302769
-0.95776 0.306855
-0.95192 0.309143
-0.94608 0.31155
-0.94024 0.312111
-0.9344 0.314693
-0.92856 0.316828
-0.92272 0.31749
-0.91688 0.318718
-0.91104 0.318592
-0.9052 0.323266
-0.89936 0.323858
-0.89352 0.324793
-0.88768 0.327882
-0.88184 0.330777
-0.876 0.330218
-0.87016 0.335346
-0.86432 0.332888
-0.85848 0.336003
-0.85264 0.338124
-0.8468 0.338998
-0.84096 0.340888
-0.83512 0.342412
-0.82928 0.347606
-0.82344 0.349557
-0.8176 0.350897
-0.81176 0.351594
-0.80592 0.353992
-0.80008 0.355394
-0.79424 0.355803
-0.7884 0.357777
-0.78256 0.356932
-0.77672 0.358189
-0.77088 0.358891
-0.76504 0.359305
-0.7592 0.360379
-0.75336 0.362627
-0.74752 0.361748
-0.74168 0.362505
-0.73584 0.363159
-0.73 0.363733
-0.72416 0.365703
-0.71832 0.365216
-0.71248 0.365955
-0.70664 0.367318
-0.7008 0.365125
-0.69496 0.36632
-0.68912 0.365965
-0.68328 0.367445
-0.67744 0.367753
-0.6716 0.368309
-0.66576 0.369239
-0.65992 0.369073
-0.65408 0.370955
-0.64824 0.372303
-0.6424 0.371727
-0.63656 0.373063
-0.63072 0.373898
-0.62488 0.374894
-0.61904 0.375801
-0.6132 0.377674
-0.60736 0.378203
-0.60152 0.378052
-0.59568 0.378052
-0.58984 0.378052
-0.584 0.378052
-0.57816 0.378052
-0.57232 0.378052
-0.56648 0.378052
-0.56064 0.378052
-0.5548 0.378052
-0.54896 0.378052
-0.54312 0.378052
-0.53728 0.378052
-0.53144 0.378052
-0.5256 0.378052
-0.51976 0.378052
-0.51392 0.378052
-0.50808 0.378052
-0.50224 0.378052
-0.4964 0.378052
-0.49056 0.378052
-0.48472 0.378052
-0.47888 0.378052
-0.47304 0.378052
-0.4672 0.378052
-0.46136 0.378052
-0.45552 0.378052
-0.44968 0.378052
-0.44384 0.378052
-0.438 0.378052
-0.43216 0.378052
-0.42632 0.378052
-0.42048 0.378052
-0.41464 0.378052
-0.4088 0.378052
-0.40296 0.378052
-0.39712 0.378052
-0.39128 0.378052
-0.38544 0.378052
-0.3796 0.378052
-0.37376 0.378052
-0.36792 0.378052
-0.36208 0.378052
-0.35624 0.378052
-0.3504 0.378052
-0.34456 0.378052
-0.33872 0.378052
-0.33288 0.378052
-0.32704 0.378052
-0.3212 0.378052
-0.31536 0.378052
-0.30952 0.378052
-0.30368 0.378052
-0.29784 0.378052
-0.292 0.378052
-0.28616 0.378052
-0.28032 0.378052
-0.27448 0.378052
-0.26864 0.378052
-0.2628 0.378052
-0.25696 0.378052
-0.25112 0.378052
-0.24528 0.378052
-0.23944 0.378052
-0.2336 0.378052
-0.22776 0.378052
-0.22192 0.378052
-0.21608 0.378052
-0.21024 0.378052
-0.2044 0.378052
-0.19856 0.378052
-0.19272 0.378052
-0.18688 0.378052
-0.18104 0.378052
-0.1752 0.378052
-0.16936 0.378052
-0.16352 0.378052
-0.15768 0.378052
-0.15184 0.378052
-0.146 0.378052
-0.14016 0.378052
-0.13432 0.378052
-0.12848 0.378052
-0.12264 0.378052
-0.1168 0.378052
-0.11096 0.378052
-0.10512 0.378052
-0.09928 0.378052
-0.09344 0.378052
-0.0876 0.378052
-0.08176 0.378052
-0.07592 0.378052
-0.07008 0.378052
-0.06424 0.378052
-0.0584 0.378052
-0.05256 0.378052
-0.04672 0.378052
-0.04088 0.378052
-0.03504 0.378052
-0.0292 0.378052
-0.02336 0.378052
-0.01752 0.378052
-0.01168 0.378052
-0.00584 0.378052
