-2.92 0.441977
-2.91416 0.441977
-2.90832 0.441977
-2.90248 0.441977
-2.89664 0.441977
-2.8908 0.441977
-2.88496 0.441977
-2.87912 0.441977
-2.87328 0.441977
-2.86744 0.441977
-2.8616 0.441977
-2.85576 0.441977
-2.84992 0.441977
-2.84408 0.441977
-2.83824 0.441977
-2.8324 0.441977
-2.82656 0.441977
-2.82072 0.441977
-2.81488 0.441977
-2.80904 0.441977
-2.8032 0.441977
-2.79736 0.441977
-2.79152 0.441977
-2.78568 0.441977
-2.77984 0.441977
-2.774 0.441977
-2.76816 0.441977
-2.76232 0.441977
-2.75648 0.441977
-2.75064 0.441977
-2.7448 0.441977
-2.73896 0.441977
-2.73312 0.441977
-2.72728 0.441977
-2.72144 0.441977
-2.7156 0.441977
-2.70976 0.441977
-2.70392 0.441977
-2.69808 0.441977
-2.69224 0.441977
-2.6864 0.441977
-2.68056 0.441977
-2.67472 0.441977
-2.66888 0.441977
-2.66304 0.441977
-2.6572 0.441977
-2.65136 0.441977
-2.64552 0.441977
-2.63968 0.441977
-2.63384 0.441977
-2.628 0.441977
-2.62216 0.441977
-2.61632 0.441977
-2.61048 0.441977
-2.60464 0.441977
-2.5988 0.441977
-2.59296 0.44149
-2.58712 0.440694
-2.58128 0.439809
-2.57544 0.438925
-2.5696 0.437908
-2.56376 0.436846
-2.55792 0.435609
-2.55208 0.434372
-2.54624 0.433135
-2.5404 0.431678
-2.53456 0.430132
-2.52872 0.428587
-2.52288 0.427044
-2.51704 0.425411
-2.5112 0.423688
-2.50536 0.421879
-2.49952 0.420068
-2.49368 0.418345
-2.48784 0.416535
-2.482 0.414767
-2.47616 0.412732
-2.47032 0.410697
-2.46448 0.40845
-2.45864 0.406493
-2.4528 0.404249
-2.44696 0.402206
-2.44112 0.399954
-2.43528 0.397615
-2.42944 0.395827
-2.4236 0.393823
-2.41776 0.391903
-2.41192 0.389743
-2.40608 0.387655
-2.40024 0.385819
-2.3944 0.383811
-2.38856 0.381464
-2.38272 0.379793
-2.37688 0.377735
-2.37104 0.375678
-2.3652 0.373684
-2.35936 0.371579
-2.35352 0.368796
-2.34768 0.367319
-2.34184 0.365117
-2.336 0.363361
-2.33016 0.361406
-2.32432 0.359182
-2.31848 0.358608
-2.31264 0.355522
-2.3068 0.352906
-2.30096 0.351164
-2.29512 0.348087
-2.28928 0.346437
-2.28344 0.346493
-2.2776 0.343885
-2.27176 0.342537
-2.26592 0.3391
-2.26008 0.336665
-2.25424 0.335748
-2.2484 0.333109
-2.24256 0.330283
-2.23672 0.328558
-2.23088 0.327252
-2.22504 0.32396
-2.2192 0.323381
-2.21336 0.320287
-2.20752 0.317353
-2.20168 0.316402
-2.19584 0.312076
-2.19 0.310335
-2.18416 0.307064
-2.17832 0.306321
-2.17248 0.303976
-2.16664 0.301245
-2.1608 0.298194
-2.15496 0.297019
-2.14912 0.293878
-2.14328 0.292651
-2.13744 0.28977
-2.1316 0.287585
-2.12576 0.285344
-2.11992 0.284607
-2.11408 0.282936
-2.10824 0.280054
-2.1024 0.281919
-2.09656 0.279176
-2.09072 0.278754
-2.08488 0.277958
-2.07904 0.273077
-2.0732 0.272992
-2.06736 0.27306
-2.06152 0.266615
-2.05568 0.269752
-2.04984 0.268836
-2.044 0.269033
-2.03816 0.265126
-2.03232 0.265392
-2.02648 0.265474
-2.02064 0.262333
-2.0148 0.262362
-2.00896 0.26418
-2.00312 0.260834
-1.99728 0.261424
-1.99144 0.256898
-1.9856 0.260664
-1.97976 0.261909
-1.97392 0.26112
-1.96808 0.259186
-1.96224 0.258849
-1.9564 0.257629
-1.95056 0.255315
-1.94472 0.256689
-1.93888 0.256881
-1.93304 0.253526
-1.9272 0.254619
-1.92136 0.252846
-1.91552 0.251741
-1.90968 0.252541
-1.90384 0.251121
-1.898 0.248596
-1.89216 0.250568
-1.88632 0.248173
-1.88048 0.242481
-1.87464 0.24009
-1.8688 0.23926
-1.86296 0.237323
-1.85712 0.237796
-1.85128 0.23595
-1.84544 0.235847
-1.8396 0.230054
-1.83376 0.233744
-1.82792 0.233266
-1.82208 0.235714
-1.81624 0.230672
-1.8104 0.228369
-1.80456 0.226945
-1.79872 0.222826
-1.79288 0.22489
-1.78704 0.221769
-1.7812 0.218657
-1.77536 0.220742
-1.76952 0.216
-1.76368 0.214281
-1.75784 0.21626
-1.752 0.214948
-1.74616 0.213537
-1.74032 0.207848
-1.73448 0.209801
-1.72864 0.207942
-1.7228 0.205714
-1.71696 0.20456
-1.71112 0.202413
-1.70528 0.19779
-1.69944 0.196728
-1.6936 0.199528
-1.68776 0.190512
-1.68192 0.193947
-1.67608 0.192597
-1.67024 0.192292
-1.6644 0.187463
-1.65856 0.188627
-1.65272 0.191051
-1.64688 0.191286
-1.64104 0.190516
-1.6352 0.189866
-1.62936 0.192185
-1.62352 0.192343
-1.61768 0.191563
-1.61184 0.19564
-1.606 0.190557
-1.60016 0.196132
-1.59432 0.197123
-1.58848 0.195363
-1.58264 0.196358
-1.5768 0.199247
-1.57096 0.202571
-1.56512 0.198839
-1.55928 0.203499
-1.55344 0.200592
-1.5476 0.209736
-1.54176 0.215296
-1.53592 0.213226
-1.53008 0.217915
-1.52424 0.21148
-1.5184 0.217478
-1.51256 0.220737
-1.50672 0.221944
-1.50088 0.223514
-1.49504 0.222983
-1.4892 0.231308
-1.48336 0.234011
-1.47752 0.236208
-1.47168 0.2399
-1.46584 0.239883
-1.46 0.24337
-1.45416 0.245909
-1.44832 0.245041
-1.44248 0.251629
-1.43664 0.25134
-1.4308 0.254745
-1.42496 0.255135
-1.41912 0.259314
-1.41328 0.260813
-1.40744 0.264658
-1.4016 0.2656
-1.39576 0.266542
-1.38992 0.27128
-1.38408 0.270417
-1.37824 0.274065
-1.3724 0.274881
-1.36656 0.278966
-1.36072 0.275636
-1.35488 0.28199
-1.34904 0.283745
-1.3432 0.282971
-1.33736 0.290465
-1.33152 0.295393
-1.32568 0.294253
-1.31984 0.299257
-1.314 0.299083
-1.30816 0.301615
-1.30232 0.29946
-1.29648 0.303747
-1.29064 0.304711
-1.2848 0.305071
-1.27896 0.310636
-1.27312 0.310501
-1.26728 0.309345
-1.26144 0.310574
-1.2556 0.31568
-1.24976 0.314816
-1.24392 0.319627
-1.23808 0.318986
-1.23224 0.318368
-1.2264 0.320596
-1.22056 0.318944
-1.21472 0.323232
-1.20888 0.321298
-1.20304 0.323239
-1.1972 0.324317
-1.19136 0.325234
-1.18552 0.328944
-1.17968 0.325797
-1.17384 0.326762
-1.168 0.324682
-1.16216 0.327106
-1.15632 0.324991
-1.15048 0.322944
-1.14464 0.323837
-1.1388 0.328668
-1.13296 0.327145
-1.12712 0.328002
-1.12128 0.32734
-1.11544 0.32965
-1.1096 0.331798
-1.10376 0.330835
-1.09792 0.330459
-1.09208 0.331239
-1.08624 0.329886
-1.0804 0.331569
-1.07456 0.332276
-1.06872 0.334336
-1.06288 0.33741
-1.05704 0.342912
-1.0512 0.345962
-1.04536 0.34936
-1.03952 0.348253
-1.03368 0.353595
-1.02784 0.355511
-1.022 0.356007
-1.01616 0.359231
-1.01032 0.361947
-1.00448 0.364709
-0.99864 0.36775
-0.9928 0.370074
-0.98696 0.370136
-0.98112 0.374559
-0.97528 0.376611
-0.96944 0.37891
-0.9636 0.380349
-0.95776 0.383418
-0.95192 0.385889
-0.94608 0.38536
-0.94024 0.387117
-0.9344 0.389159
-0.92856 0.394565
-0.92272 0.392416
-0.91688 0.397287
-0.91104 0.400904
-0.9052 0.403668
-0.89936 0.407462
-0.89352 0.410948
-0.88768 0.412972
-0.88184 0.416105
-0.876 0.416771
-0.87016 0.420834
-0.86432 0.418881
-0.85848 0.422047
-0.85264 0.423866
-0.8468 0.427437
-0.84096 0.43326
-0.83512 0.436312
-0.82928 0.438573
-0.82344 0.439686
-0.8176 0.442386
-0.81176 0.444655
-0.80592 0.446635
-0.80008 0.447707
-0.79424 0.451643
-0.7884 0.453029
-0.78256 0.455177
-0.77672 0.457568
-0.77088 0.459258
-0.76504 0.46178
-0.7592 0.463154
-0.75336 0.465083
-0.74752 0.468867
-0.74168 0.469894
-0.73584 0.471176
-0.73 0.473562
-0.72416 0.472494
-0.71832 0.472909
-0.71248 0.475786
-0.70664 0.476107
-0.7008 0.476741
-0.69496 0.475852
-0.68912 0.476261
-0.68328 0.477147
-0.67744 0.477393
-0.6716 0.478375
-0.66576 0.478902
-0.65992 0.479718
-0.65408 0.479361
-0.64824 0.477189
-0.6424 0.478379
-0.63656 0.478429
-0.63072 0.478723
-0.62488 0.478846
-0.61904 0.481323
-0.6132 0.481867
-0.60736 0.482268
-0.60152 0.481994
-0.59568 0.481994
-0.58984 0.481994
-0.584 0.481994
-0.57816 0.481994
-0.57232 0.481994
-0.56648 0.481994
-0.56064 0.481994
-0.5548 0.481994
-0.54896 0.481994
-0.54312 0.481994
-0.53728 0.481994
-0.53144 0.481994
-0.5256 0.481994
-0.51976 0.481994
-0.51392 0.481994
-0.50808 0.481994
-0.50224 0.481994
-0.4964 0.481994
-0.49056 0.481994
-0.48472 0.481994
-0.47888 0.481994
-0.47304 0.481994
-0.4672 0.481994
-0.46136 0.481994
-0.45552 0.481994
-0.44968 0.481994
-0.44384 0.481994
-0.438 0.481994
-0.43216 0.481994
-0.42632 0.481994
-0.42048 0.481994
-0.41464 0.481994
-0.4088 0.481994
-0.40296 0.481994
-0.39712 0.481994
-0.39128 0.481994
-0.38544 0.481994
-0.3796 0.481994
-0.37376 0.481994
-0.36792 0.481994
-0.36208 0.481994
-0.35624 0.481994
-0.3504 0.481994
-0.34456 0.481994
-0.33872 0.481994
-0.33288 0.481994
-0.32704 0.481994
-0.3212 0.481994
-0.31536 0.481994
-0.30952 0.481994
-0.30368 0.481994
-0.29784 0.481994
-0.292 0.481994
-0.28616 0.481994
-0.28032 0.481994
-0.27448 0.481994
-0.26864 0.481994
-0.2628 0.481994
-0.25696 0.481994
-0.25112 0.481994
-0.24528 0.481994
-0.23944 0.481994
-0.2336 0.481994
-0.22776 0.481994
-0.22192 0.481994
-0.21608 0.481994
-0.21024 0.481994
-0.2044 0.481994
-0.19856 0.481994
-0.19272 0.481994
-0.18688 0.481994
-0.18104 0.481994
-0.1752 0.481994
-0.16936 0.481994
-0.16352 0.481994
-0.15768 0.481994
-0.15184 0.481994
-0.146 0.481994
-0.14016 0.481994
-0.13432 0.481994
-0.12848 0.481994
-0.12264 0.481994
-0.1168 0.481994
-0.11096 0.481994
-0.10512 0.481994
-0.09928 0.481994
-0.09344 0.481994
-0.0876 0.481994
-0.08176 0.481994
-0.07592 0.481994
-0.07008 0.481994
-0.06424 0.481994
-0.0584 0.481994
-0.05256 0.481994
-0.04672 0.481994
-0.04088 0.481994
-0.03504 0.481994
-0.0292 0.481994
-0.02336 0.481994
-0.01752 0.481994
-0.01168 0.481994
-0.00584 0.481994
