-2.92 0.49056
-2.91416 0.49056
-2.90832 0.49056
-2.90248 0.49056
-2.89664 0.49056
-2.8908 0.49056
-2.88496 0.49056
-2.87912 0.49056
-2.87328 0.49056
-2.86744 0.49056
-2.8616 0.49056
-2.85576 0.49056
-2.84992 0.49056
-2.84408 0.49056
-2.83824 0.49056
-2.8324 0.49056
-2.82656 0.49056
-2.82072 0.49056
-2.81488 0.49056
-2.80904 0.49056
-2.8032 0.49056
-2.79736 0.49056
-2.79152 0.49056
-2.78568 0.49056
-2.77984 0.49056
-2.774 0.49056
-2.76816 0.49056
-2.76232 0.49056
-2.75648 0.49056
-2.75064 0.49056
-2.7448 0.49056
-2.73896 0.49056
-2.73312 0.49056
-2.72728 0.49056
-2.72144 0.49056
-2.7156 0.49056
-2.70976 0.49056
-2.70392 0.49056
-2.69808 0.49056
-2.69224 0.49056
-2.6864 0.49056
-2.68056 0.49056
-2.67472 0.49056
-2.66888 0.49056
-2.66304 0.49056
-2.6572 0.49056
-2.65136 0.49056
-2.64552 0.49056
-2.63968 0.49056
-2.63384 0.49056
-2.628 0.49056
-2.62216 0.49056
-2.61632 0.49056
-2.61048 0.49056
-2.60464 0.49056
-2.5988 0.49056
-2.59296 0.490253
-2.58712 0.489681
-2.58128 0.489064
-2.57544 0.488314
-2.5696 0.487389
-2.56376 0.486465
-2.55792 0.485451
-2.55208 0.484304
-2.54624 0.4832
-2.5404 0.48192
-2.53456 0.480596
-2.52872 0.479008
-2.52288 0.477465
-2.51704 0.475745
-2.5112 0.474024
-2.50536 0.472258
-2.49952 0.470867
-2.49368 0.469305
-2.48784 0.46845
-2.482 0.467269
-2.47616 0.466128
-2.47032 0.464847
-2.46448 0.463685
-2.45864 0.46282
-2.4528 0.461587
-2.44696 0.460013
-2.44112 0.459201
-2.43528 0.457939
-2.42944 0.457692
-2.4236 0.456416
-2.41776 0.455437
-2.41192 0.456011
-2.40608 0.453366
-2.40024 0.452117
-2.3944 0.452107
-2.38856 0.451939
-2.38272 0.451058
-2.37688 0.448065
-2.37104 0.448302
-2.3652 0.445695
-2.35936 0.446624
-2.35352 0.445361
-2.34768 0.443226
-2.34184 0.44317
-2.336 0.441962
-2.33016 0.440807
-2.32432 0.439706
-2.31848 0.439116
-2.31264 0.437372
-2.3068 0.436344
-2.30096 0.435027
-2.29512 0.434986
-2.28928 0.432032
-2.28344 0.43148
-2.2776 0.429828
-2.27176 0.428294
-2.26592 0.424327
-2.26008 0.422936
-2.25424 0.420688
-2.2484 0.418747
-2.24256 0.418421
-2.23672 0.414963
-2.23088 0.413844
-2.22504 0.409426
-2.2192 0.40774
-2.21336 0.4053
-2.20752 0.405861
-2.20168 0.40324
-2.19584 0.400779
-2.19 0.399431
-2.18416 0.394971
-2.17832 0.392278
-2.17248 0.388306
-2.16664 0.387226
-2.1608 0.386661
-2.15496 0.381605
-2.14912 0.382046
-2.14328 0.377551
-2.13744 0.375748
-2.1316 0.374643
-2.12576 0.368305
-2.11992 0.369822
-2.11408 0.365384
-2.10824 0.363875
-2.1024 0.361465
-2.09656 0.35622
-2.09072 0.35601
-2.08488 0.354887
-2.07904 0.349309
-2.0732 0.346469
-2.06736 0.344874
-2.06152 0.344098
-2.05568 0.338856
-2.04984 0.338496
-2.044 0.336652
-2.03816 0.331593
-2.03232 0.330231
-2.02648 0.325727
-2.02064 0.327052
-2.0148 0.323367
-2.00896 0.317564
-2.00312 0.316317
-1.99728 0.31503
-1.99144 0.316915
-1.9856 0.31327
-1.97976 0.309634
-1.97392 0.312132
-1.96808 0.304841
-1.96224 0.308925
-1.9564 0.308772
-1.95056 0.305052
-1.94472 0.303342
-1.93888 0.305936
-1.93304 0.306378
-1.9272 0.305275
-1.92136 0.301291
-1.91552 0.306405
-1.90968 0.302456
-1.90384 0.307547
-1.898 0.302399
-1.89216 0.302425
-1.88632 0.30329
-1.88048 0.30813
-1.87464 0.301352
-1.8688 0.301918
-1.86296 0.303193
-1.85712 0.303708
-1.85128 0.303014
-1.84544 0.300254
-1.8396 0.310758
-1.83376 0.307029
-1.82792 0.302489
-1.82208 0.303475
-1.81624 0.303552
-1.8104 0.304298
-1.80456 0.302736
-1.79872 0.297145
-1.79288 0.295018
-1.78704 0.294496
-1.7812 0.2935
-1.77536 0.291747
-1.76952 0.29109
-1.76368 0.292718
-1.75784 0.291941
-1.752 0.292401
-1.74616 0.28739
-1.74032 0.28272
-1.73448 0.285934
-1.72864 0.285952
-1.7228 0.286927
-1.71696 0.287436
-1.71112 0.284005
-1.70528 0.287191
-1.69944 0.284367
-1.6936 0.285198
-1.68776 0.280366
-1.68192 0.283902
-1.67608 0.281896
-1.67024 0.280687
-1.6644 0.279025
-1.65856 0.275157
-1.65272 0.276371
-1.64688 0.273101
-1.64104 0.272964
-1.6352 0.267447
-1.62936 0.269696
-1.62352 0.269869
-1.61768 0.268332
-1.61184 0.264538
-1.606 0.264721
-1.60016 0.26315
-1.59432 0.263803
-1.58848 0.263825
-1.58264 0.268559
-1.5768 0.271913
-1.57096 0.264721
-1.56512 0.269101
-1.55928 0.272208
-1.55344 0.269916
-1.5476 0.269401
-1.54176 0.272123
-1.53592 0.276119
-1.53008 0.272621
-1.52424 0.279522
-1.5184 0.282951
-1.51256 0.282395
-1.50672 0.281856
-1.50088 0.287226
-1.49504 0.290292
-1.4892 0.290847
-1.48336 0.294652
-1.47752 0.297518
-1.47168 0.299515
-1.46584 0.297888
-1.46 0.299857
-1.45416 0.297066
-1.44832 0.301308
-1.44248 0.308746
-1.43664 0.308414
-1.4308 0.312175
-1.42496 0.313376
-1.41912 0.314307
-1.41328 0.321032
-1.40744 0.321301
-1.4016 0.323821
-1.39576 0.324844
-1.38992 0.32985
-1.38408 0.331374
-1.37824 0.332229
-1.3724 0.333967
-1.36656 0.344211
-1.36072 0.34628
-1.35488 0.345316
-1.34904 0.350451
-1.3432 0.351012
-1.33736 0.356742
-1.33152 0.357395
-1.32568 0.362529
-1.31984 0.368312
-1.314 0.367861
-1.30816 0.368817
-1.30232 0.37035
-1.29648 0.376269
-1.29064 0.378707
-1.2848 0.381013
-1.27896 0.382527
-1.27312 0.383918
-1.26728 0.388368
-1.26144 0.386636
-1.2556 0.389655
-1.24976 0.392111
-1.24392 0.394932
-1.23808 0.395596
-1.23224 0.395625
-1.2264 0.399436
-1.22056 0.395452
-1.21472 0.405281
-1.20888 0.401602
-1.20304 0.402054
-1.1972 0.403054
-1.19136 0.411161
-1.18552 0.412168
-1.17968 0.412531
-1.17384 0.414558
-1.168 0.418249
-1.16216 0.420447
-1.15632 0.421355
-1.15048 0.426662
-1.14464 0.431158
-1.1388 0.435359
-1.13296 0.430565
-1.12712 0.435504
-1.12128 0.440197
-1.11544 0.438544
-1.1096 0.439527
-1.10376 0.439382
-1.09792 0.444312
-1.09208 0.441874
-1.08624 0.448355
-1.0804 0.451517
-1.07456 0.451657
-1.06872 0.449417
-1.06288 0.45365
-1.05704 0.455304
-1.0512 0.454958
-1.04536 0.45676
-1.03952 0.456163
-1.03368 0.457463
-1.02784 0.456515
-1.022 0.457024
-1.01616 0.453358
-1.01032 0.451585
-1.00448 0.453939
-0.99864 0.452617
-0.9928 0.453982
-0.98696 0.453249
-0.98112 0.451304
-0.97528 0.455414
-0.96944 0.451114
-0.9636 0.450501
-0.95776 0.448021
-0.95192 0.447569
-0.94608 0.44869
-0.94024 0.445224
-0.9344 0.447473
-0.92856 0.452404
-0.92272 0.45059
-0.91688 0.448082
-0.91104 0.447313
-0.9052 0.447936
-0.89936 0.448411
-0.89352 0.448774
-0.88768 0.448778
-0.88184 0.449124
-0.876 0.446116
-0.87016 0.445886
-0.86432 0.447759
-0.85848 0.447549
-0.85264 0.448178
-0.8468 0.448482
-0.84096 0.445845
-0.83512 0.443257
-0.82928 0.443269
-0.82344 0.444435
-0.8176 0.443306
-0.81176 0.44243
-0.80592 0.442429
-0.80008 0.441452
-0.79424 0.440777
-0.7884 0.440312
-0.78256 0.439893
-0.77672 0.439532
-0.77088 0.440373
-0.76504 0.439275
-0.7592 0.439366
-0.75336 0.439666
-0.74752 0.439414
-0.74168 0.440715
-0.73584 0.441042
-0.73 0.441526
-0.72416 0.442269
-0.71832 0.441844
-0.71248 0.443257
-0.70664 0.445534
-0.7008 0.446274
-0.69496 0.447295
-0.68912 0.449272
-0.68328 0.450809
-0.67744 0.451577
-0.6716 0.453699
-0.66576 0.454767
-0.65992 0.45659
-0.65408 0.455789
-0.64824 0.457182
-0.6424 0.460133
-0.63656 0.460854
-0.63072 0.461061
-0.62488 0.461465
-0.61904 0.460139
-0.6132 0.459989
-0.60736 0.459876
-0.60152 0.460305
-0.59568 0.460305
-0.58984 0.460305
-0.584 0.460305
-0.57816 0.460305
-0.57232 0.460305
-0.56648 0.460305
-0.56064 0.460305
-0.5548 0.460305
-0.54896 0.460305
-0.54312 0.460305
-0.53728 0.460305
-0.53144 0.460305
-0.5256 0.460305
-0.51976 0.460305
-0.51392 0.460305
-0.50808 0.460305
-0.50224 0.460305
-0.4964 0.460305
-0.49056 0.460305
-0.48472 0.460305
-0.47888 0.460305
-0.47304 0.460305
-0.4672 0.460305
-0.46136 0.460305
-0.45552 0.460305
-0.44968 0.460305
-0.44384 0.460305
-0.438 0.460305
-0.43216 0.460305
-0.42632 0.460305
-0.42048 0.460305
-0.41464 0.460305
-0.4088 0.460305
-0.40296 0.460305
-0.39712 0.460305
-0.39128 0.460305
-0.38544 0.460305
-0.3796 0.460305
-0.37376 0.460305
-0.36792 0.460305
-0.36208 0.460305
-0.35624 0.460305
-0.3504 0.460305
-0.34456 0.460305
-0.33872 0.460305
-0.33288 0.460305
-0.32704 0.460305
-0.3212 0.460305
-0.31536 0.460305
-0.30952 0.460305
-0.30368 0.460305
-0.29784 0.460305
-0.292 0.460305
-0.28616 0.460305
-0.28032 0.460305
-0.27448 0.460305
-0.26864 0.460305
-0.2628 0.460305
-0.25696 0.460305
-0.25112 0.460305
-0.24528 0.460305
-0.23944 0.460305
-0.2336 0.460305
-0.22776 0.460305
-0.22192 0.460305
-0.21608 0.460305
-0.21024 0.460305
-0.2044 0.460305
-0.19856 0.460305
-0.19272 0.460305
-0.18688 0.460305
-0.18104 0.460305
-0.1752 0.460305
-0.16936 0.460305
-0.16352 0.460305
-0.15768 0.460305
-0.15184 0.460305
-0.146 0.460305
-0.14016 0.460305
-0.13432 0.460305
-0.12848 0.460305
-0.12264 0.460305
-0.1168 0.460305
-0.11096 0.460305
-0.10512 0.460305
-0.09928 0.460305
-0.09344 0.460305
-0.0876 0.460305
-0.08176 0.460305
-0.07592 0.460305
-0.07008 0.460305
-0.06424 0.460305
-0.0584 0.460305
-0.05256 0.460305
-0.04672 0.460305
-0.04088 0.460305
-0.03504 0.460305
-0.0292 0.460305
-0.02336 0.460305
-0.01752 0.460305
-0.01168 0.460305
-0.00584 0.460305
