-2.92 0.438314
-2.91416 0.438314
-2.90832 0.438314
-2.90248 0.438314
-2.89664 0.438314
-2.8908 0.438314
-2.88496 0.438314
-2.87912 0.438314
-2.87328 0.438314
-2.86744 0.438314
-2.8616 0.438314
-2.85576 0.438314
-2.84992 0.438314
-2.84408 0.438314
-2.83824 0.438314
-2.8324 0.438314
-2.82656 0.438314
-2.82072 0.438314
-2.81488 0.438314
-2.80904 0.438314
-2.8032 0.438314
-2.79736 0.438314
-2.79152 0.438314
-2.78568 0.438314
-2.77984 0.438314
-2.774 0.438314
-2.76816 0.438314
-2.76232 0.438314
-2.75648 0.438314
-2.75064 0.438314
-2.7448 0.438314
-2.73896 0.438314
-2.73312 0.438314
-2.72728 0.438314
-2.72144 0.438314
-2.7156 0.438314
-2.70976 0.438314
-2.70392 0.438314
-2.69808 0.438314
-2.69224 0.438314
-2.6864 0.438314
-2.68056 0.438314
-2.67472 0.438314
-2.66888 0.438314
-2.66304 0.438314
-2.6572 0.438314
-2.65136 0.438314
-2.64552 0.438314
-2.63968 0.438314
-2.63384 0.438314
-2.628 0.438314
-2.62216 0.438314
-2.61632 0.438314
-2.61048 0.438314
-2.60464 0.438314
-2.5988 0.438314
-2.59296 0.437825
-2.58712 0.437114
-2.58128 0.436315
-2.57544 0.435386
-2.5696 0.43441
-2.56376 0.433303
-2.55792 0.432062
-2.55208 0.430821
-2.54624 0.429581
-2.5404 0.428295
-2.53456 0.426922
-2.52872 0.425417
-2.52288 0.423869
-2.51704 0.422277
-2.5112 0.420596
-2.50536 0.418917
-2.49952 0.417237
-2.49368 0.415598
-2.48784 0.413782
-2.482 0.412184
-2.47616 0.410112
-2.47032 0.408195
-2.46448 0.406035
-2.45864 0.403912
-2.4528 0.401788
-2.44696 0.399667
-2.44112 0.397581
-2.43528 0.395196
-2.42944 0.393066
-2.4236 0.390843
-2.41776 0.388784
-2.41192 0.386444
-2.40608 0.383963
-2.40024 0.381731
-2.3944 0.379251
-2.38856 0.376976
-2.38272 0.374581
-2.37688 0.371843
-2.37104 0.369699
-2.3652 0.367507
-2.35936 0.364679
-2.35352 0.362616
-2.34768 0.359785
-2.34184 0.357627
-2.336 0.354762
-2.33016 0.352568
-2.32432 0.350703
-2.31848 0.348291
-2.31264 0.345672
-2.3068 0.342512
-2.30096 0.341091
-2.29512 0.338412
-2.28928 0.3363
-2.28344 0.333865
-2.2776 0.331029
-2.27176 0.327921
-2.26592 0.326025
-2.26008 0.322616
-2.25424 0.321764
-2.2484 0.318221
-2.24256 0.314803
-2.23672 0.313294
-2.23088 0.311766
-2.22504 0.308913
-2.2192 0.306273
-2.21336 0.304041
-2.20752 0.300152
-2.20168 0.299585
-2.19584 0.295985
-2.19 0.29445
-2.18416 0.289127
-2.17832 0.287248
-2.17248 0.28629
-2.16664 0.283819
-2.1608 0.279746
-2.15496 0.27943
-2.14912 0.27719
-2.14328 0.272944
-2.13744 0.270969
-2.1316 0.26963
-2.12576 0.266703
-2.11992 0.264164
-2.11408 0.260668
-2.10824 0.25978
-2.1024 0.257147
-2.09656 0.253691
-2.09072 0.250147
-2.08488 0.24991
-2.07904 0.245966
-2.0732 0.245619
-2.06736 0.242358
-2.06152 0.2381
-2.05568 0.238018
-2.04984 0.23549
-2.044 0.233428
-2.03816 0.230431
-2.03232 0.227828
-2.02648 0.226504
-2.02064 0.224958
-2.0148 0.223269
-2.00896 0.221013
-2.00312 0.221216
-1.99728 0.220509
-1.99144 0.219351
-1.9856 0.219256
-1.97976 0.217611
-1.97392 0.21596
-1.96808 0.220415
-1.96224 0.217356
-1.9564 0.21397
-1.95056 0.215198
-1.94472 0.213431
-1.93888 0.216578
-1.93304 0.216938
-1.9272 0.21644
-1.92136 0.216481
-1.91552 0.21379
-1.90968 0.216498
-1.90384 0.212519
-1.898 0.215767
-1.89216 0.212821
-1.88632 0.218244
-1.88048 0.217052
-1.87464 0.217807
-1.8688 0.218205
-1.86296 0.217317
-1.85712 0.217441
-1.85128 0.219091
-1.84544 0.222729
-1.8396 0.22147
-1.83376 0.222064
-1.82792 0.223205
-1.82208 0.225273
-1.81624 0.223976
-1.8104 0.226774
-1.80456 0.22427
-1.79872 0.228915
-1.79288 0.228071
-1.78704 0.226945
-1.7812 0.225317
-1.77536 0.225838
-1.76952 0.228757
-1.76368 0.230884
-1.75784 0.231933
-1.752 0.232112
-1.74616 0.233073
-1.74032 0.2375
-1.73448 0.23752
-1.72864 0.237284
-1.7228 0.239933
-1.71696 0.241226
-1.71112 0.244104
-1.70528 0.241268
-1.69944 0.238489
-1.6936 0.241898
-1.68776 0.24499
-1.68192 0.241512
-1.67608 0.242737
-1.67024 0.245463
-1.6644 0.247663
-1.65856 0.247426
-1.65272 0.250098
-1.64688 0.248539
-1.64104 0.251178
-1.6352 0.247532
-1.62936 0.250495
-1.62352 0.248532
-1.61768 0.252196
-1.61184 0.243959
-1.606 0.252871
-1.60016 0.257769
-1.59432 0.253953
-1.58848 0.256996
-1.58264 0.262098
-1.5768 0.264249
-1.57096 0.263409
-1.56512 0.263593
-1.55928 0.268335
-1.55344 0.27511
-1.5476 0.269053
-1.54176 0.275041
-1.53592 0.280475
-1.53008 0.27796
-1.52424 0.28443
-1.5184 0.283133
-1.51256 0.287287
-1.50672 0.288004
-1.50088 0.29473
-1.49504 0.297815
-1.4892 0.297518
-1.48336 0.295254
-1.47752 0.297452
-1.47168 0.301975
-1.46584 0.301711
-1.46 0.304637
-1.45416 0.302786
-1.44832 0.309484
-1.44248 0.314544
-1.43664 0.31788
-1.4308 0.314291
-1.42496 0.317403
-1.41912 0.316661
-1.41328 0.322459
-1.40744 0.326002
-1.4016 0.324159
-1.39576 0.330315
-1.38992 0.328971
-1.38408 0.328315
-1.37824 0.332903
-1.3724 0.338313
-1.36656 0.332808
-1.36072 0.345125
-1.35488 0.337974
-1.34904 0.339642
-1.3432 0.341325
-1.33736 0.347973
-1.33152 0.356282
-1.32568 0.352398
-1.31984 0.351689
-1.314 0.357942
-1.30816 0.358359
-1.30232 0.362857
-1.29648 0.359484
-1.29064 0.367066
-1.2848 0.371191
-1.27896 0.371457
-1.27312 0.373521
-1.26728 0.373877
-1.26144 0.368086
-1.2556 0.372969
-1.24976 0.372814
-1.24392 0.377499
-1.23808 0.378583
-1.23224 0.38258
-1.2264 0.384859
-1.22056 0.385325
-1.21472 0.391651
-1.20888 0.389331
-1.20304 0.390627
-1.1972 0.395171
-1.19136 0.398592
-1.18552 0.398077
-1.17968 0.396492
-1.17384 0.396653
-1.168 0.405623
-1.16216 0.406865
-1.15632 0.407255
-1.15048 0.406415
-1.14464 0.412146
-1.1388 0.410436
-1.13296 0.406434
-1.12712 0.405522
-1.12128 0.41147
-1.11544 0.419723
-1.1096 0.413571
-1.10376 0.420241
-1.09792 0.423012
-1.09208 0.418691
-1.08624 0.422738
-1.0804 0.421558
-1.07456 0.424011
-1.06872 0.423667
-1.06288 0.428394
-1.05704 0.433681
-1.0512 0.430136
-1.04536 0.423932
-1.03952 0.426277
-1.03368 0.424246
-1.02784 0.427377
-1.022 0.425803
-1.01616 0.423301
-1.01032 0.424538
-1.00448 0.428415
-0.99864 0.426453
-0.9928 0.422217
-0.98696 0.425896
-0.98112 0.420268
-0.97528 0.422705
-0.96944 0.424325
-0.9636 0.423183
-0.95776 0.42334
-0.95192 0.422752
-0.94608 0.420915
-0.94024 0.420918
-0.9344 0.420838
-0.92856 0.416568
-0.92272 0.41981
-0.91688 0.416209
-0.91104 0.414181
-0.9052 0.417287
-0.89936 0.417387
-0.89352 0.419133
-0.88768 0.418811
-0.88184 0.416086
-0.876 0.418457
-0.87016 0.414565
-0.86432 0.41792
-0.85848 0.416287
-0.85264 0.417434
-0.8468 0.415158
-0.84096 0.415256
-0.83512 0.416836
-0.82928 0.413587
-0.82344 0.411601
-0.8176 0.412471
-0.81176 0.409486
-0.80592 0.40935
-0.80008 0.409139
-0.79424 0.40887
-0.7884 0.409039
-0.78256 0.408824
-0.77672 0.408639
-0.77088 0.408572
-0.76504 0.407936
-0.7592 0.408485
-0.75336 0.408052
-0.74752 0.40795
-0.74168 0.408445
-0.73584 0.40907
-0.73 0.410861
-0.72416 0.41109
-0.71832 0.410967
-0.71248 0.411301
-0.70664 0.412564
-0.7008 0.412661
-0.69496 0.412847
-0.68912 0.414596
-0.68328 0.415311
-0.67744 0.419582
-0.6716 0.421304
-0.66576 0.42222
-0.65992 0.423789
-0.65408 0.423323
-0.64824 0.42419
-0.6424 0.426754
-0.63656 0.428459
-0.63072 0.428484
-0.62488 0.429464
-0.61904 0.429552
-0.6132 0.428828
-0.60736 0.428224
-0.60152 0.428832
-0.59568 0.428832
-0.58984 0.428832
-0.584 0.428832
-0.57816 0.428832
-0.57232 0.428832
-0.56648 0.428832
-0.56064 0.428832
-0.5548 0.428832
-0.54896 0.428832
-0.54312 0.428832
-0.53728 0.428832
-0.53144 0.428832
-0.5256 0.428832
-0.51976 0.428832
-0.51392 0.428832
-0.50808 0.428832
-0.50224 0.428832
-0.4964 0.428832
-0.49056 0.428832
-0.48472 0.428832
-0.47888 0.428832
-0.47304 0.428832
-0.4672 0.428832
-0.46136 0.428832
-0.45552 0.428832
-0.44968 0.428832
-0.44384 0.428832
-0.438 0.428832
-0.43216 0.428832
-0.42632 0.428832
-0.42048 0.428832
-0.41464 0.428832
-0.4088 0.428832
-0.40296 0.428832
-0.39712 0.428832
-0.39128 0.428832
-0.38544 0.428832
-0.3796 0.428832
-0.37376 0.428832
-0.36792 0.428832
-0.36208 0.428832
-0.35624 0.428832
-0.3504 0.428832
-0.34456 0.428832
-0.33872 0.428832
-0.33288 0.428832
-0.32704 0.428832
-0.3212 0.428832
-0.31536 0.428832
-0.30952 0.428832
-0.30368 0.428832
-0.29784 0.428832
-0.292 0.428832
-0.28616 0.428832
-0.28032 0.428832
-0.27448 0.428832
-0.26864 0.428832
-0.2628 0.428832
-0.25696 0.428832
-0.25112 0.428832
-0.24528 0.428832
-0.23944 0.428832
-0.2336 0.428832
-0.22776 0.428832
-0.22192 0.428832
-0.21608 0.428832
-0.21024 0.428832
-0.2044 0.428832
-0.19856 0.428832
-0.19272 0.428832
-0.18688 0.428832
-0.18104 0.428832
-0.1752 0.428832
-0.16936 0.428832
-0.16352 0.428832
-0.15768 0.428832
-0.15184 0.428832
-0.146 0.428832
-0.14016 0.428832
-0.13432 0.428832
-0.12848 0.428832
-0.12264 0.428832
-0.1168 0.428832
-0.11096 0.428832
-0.10512 0.428832
-0.09928 0.428832
-0.09344 0.428832
-0.0876 0.428832
-0.08176 0.428832
-0.07592 0.428832
-0.07008 0.428832
-0.06424 0.428832
-0.0584 0.428832
-0.05256 0.428832
-0.04672 0.428832
-0.04088 0.428832
-0.03504 0.428832
-0.0292 0.428832
-0.02336 0.428832
-0.01752 0.428832
-0.01168 0.428832
-0.00584 0.428832
