-2.92 0.444694
-2.91416 0.444694
-2.90832 0.444694
-2.90248 0.444694
-2.89664 0.444694
-2.8908 0.444694
-2.88496 0.444694
-2.87912 0.444694
-2.87328 0.444694
-2.86744 0.444694
-2.8616 0.444694
-2.85576 0.444694
-2.84992 0.444694
-2.84408 0.444694
-2.83824 0.444694
-2.8324 0.444694
-2.82656 0.444694
-2.82072 0.444694
-2.81488 0.444694
-2.80904 0.444694
-2.8032 0.444694
-2.79736 0.444694
-2.79152 0.444694
-2.78568 0.444694
-2.77984 0.444694
-2.774 0.444694
-2.76816 0.444694
-2.76232 0.444694
-2.75648 0.444694
-2.75064 0.444694
-2.7448 0.444694
-2.73896 0.444694
-2.73312 0.444694
-2.72728 0.444694
-2.72144 0.444694
-2.7156 0.444694
-2.70976 0.444694
-2.70392 0.444694
-2.69808 0.444694
-2.69224 0.444694
-2.6864 0.444694
-2.68056 0.444694
-2.67472 0.444694
-2.66888 0.444694
-2.66304 0.444694
-2.6572 0.444694
-2.65136 0.444694
-2.64552 0.444694
-2.63968 0.444694
-2.63384 0.444694
-2.628 0.444694
-2.62216 0.444694
-2.61632 0.444694
-2.61048 0.444694
-2.60464 0.444694
-2.5988 0.444694
-2.59296 0.444296
-2.58712 0.443722
-2.58128 0.443059
-2.57544 0.442398
-2.5696 0.441516
-2.56376 0.440545
-2.55792 0.439485
-2.55208 0.43838
-2.54624 0.437144
-2.5404 0.435864
-2.53456 0.434538
-2.52872 0.433123
-2.52288 0.43171
-2.51704 0.430118
-2.5112 0.428482
-2.50536 0.426758
-2.49952 0.425528
-2.49368 0.424551
-2.48784 0.424198
-2.482 0.423117
-2.47616 0.422656
-2.47032 0.422011
-2.46448 0.421563
-2.45864 0.420672
-2.4528 0.420958
-2.44696 0.420261
-2.44112 0.420433
-2.43528 0.420124
-2.42944 0.41994
-2.4236 0.419441
-2.41776 0.421401
-2.41192 0.419603
-2.40608 0.420635
-2.40024 0.419908
-2.3944 0.420113
-2.38856 0.420759
-2.38272 0.420956
-2.37688 0.420107
-2.37104 0.419603
-2.3652 0.420056
-2.35936 0.420881
-2.35352 0.422192
-2.34768 0.422998
-2.34184 0.421193
-2.336 0.421814
-2.33016 0.42302
-2.32432 0.42286
-2.31848 0.420557
-2.31264 0.42304
-2.3068 0.423186
-2.30096 0.424821
-2.29512 0.424
-2.28928 0.423981
-2.28344 0.425804
-2.2776 0.423346
-2.27176 0.424358
-2.26592 0.427465
-2.26008 0.428718
-2.25424 0.426327
-2.2484 0.427133
-2.24256 0.428738
-2.23672 0.429422
-2.23088 0.428837
-2.22504 0.430656
-2.2192 0.428535
-2.21336 0.427652
-2.20752 0.430539
-2.20168 0.430648
-2.19584 0.431741
-2.19 0.431069
-2.18416 0.431735
-2.17832 0.435765
-2.17248 0.43767
-2.16664 0.435158
-2.1608 0.434829
-2.15496 0.434526
-2.14912 0.436359
-2.14328 0.438991
-2.13744 0.438992
-2.1316 0.437687
-2.12576 0.438224
-2.11992 0.438702
-2.11408 0.438102
-2.10824 0.443403
-2.1024 0.439581
-2.09656 0.441462
-2.09072 0.440671
-2.08488 0.442964
-2.07904 0.44567
-2.0732 0.443774
-2.06736 0.439514
-2.06152 0.447014
-2.05568 0.444317
-2.04984 0.447437
-2.044 0.448345
-2.03816 0.447347
-2.03232 0.445173
-2.02648 0.450356
-2.02064 0.450761
-2.0148 0.449167
-2.00896 0.451237
-2.00312 0.452135
-1.99728 0.454238
-1.99144 0.454512
-1.9856 0.454405
-1.97976 0.4553
-1.97392 0.454784
-1.96808 0.455901
-1.96224 0.460351
-1.9564 0.457925
-1.95056 0.459649
-1.94472 0.457981
-1.93888 0.458004
-1.93304 0.458329
-1.9272 0.456934
-1.92136 0.458844
-1.91552 0.458624
-1.90968 0.463091
-1.90384 0.453399
-1.898 0.452278
-1.89216 0.455646
-1.88632 0.45252
-1.88048 0.454373
-1.87464 0.454525
-1.8688 0.454477
-1.86296 0.455338
-1.85712 0.453796
-1.85128 0.448712
-1.84544 0.447074
-1.8396 0.447842
-1.83376 0.445142
-1.82792 0.446469
-1.82208 0.445534
-1.81624 0.437664
-1.8104 0.433088
-1.80456 0.434757
-1.79872 0.427022
-1.79288 0.427227
-1.78704 0.423091
-1.7812 0.416446
-1.77536 0.413158
-1.76952 0.40973
-1.76368 0.406689
-1.75784 0.400416
-1.752 0.396738
-1.74616 0.392717
-1.74032 0.387488
-1.73448 0.386085
-1.72864 0.381936
-1.7228 0.379093
-1.71696 0.370103
-1.71112 0.367367
-1.70528 0.366156
-1.69944 0.357717
-1.6936 0.35545
-1.68776 0.355251
-1.68192 0.350693
-1.67608 0.341069
-1.67024 0.34106
-1.6644 0.337011
-1.65856 0.334126
-1.65272 0.329872
-1.64688 0.329398
-1.64104 0.325433
-1.6352 0.324692
-1.62936 0.322868
-1.62352 0.326022
-1.61768 0.323521
-1.61184 0.321636
-1.606 0.316116
-1.60016 0.318506
-1.59432 0.318489
-1.58848 0.311171
-1.58264 0.316854
-1.5768 0.314037
-1.57096 0.308269
-1.56512 0.312357
-1.55928 0.310032
-1.55344 0.310736
-1.5476 0.307779
-1.54176 0.308522
-1.53592 0.306414
-1.53008 0.306283
-1.52424 0.303775
-1.5184 0.301996
-1.51256 0.303551
-1.50672 0.301147
-1.50088 0.300228
-1.49504 0.302182
-1.4892 0.299693
-1.48336 0.304563
-1.47752 0.295607
-1.47168 0.302681
-1.46584 0.298392
-1.46 0.298719
-1.45416 0.301458
-1.44832 0.295161
-1.44248 0.300259
-1.43664 0.300475
-1.4308 0.293183
-1.42496 0.294145
-1.41912 0.295516
-1.41328 0.296448
-1.40744 0.294113
-1.4016 0.295917
-1.39576 0.294263
-1.38992 0.291813
-1.38408 0.28879
-1.37824 0.289128
-1.3724 0.290205
-1.36656 0.288234
-1.36072 0.288853
-1.35488 0.288964
-1.34904 0.287162
-1.3432 0.290763
-1.33736 0.290794
-1.33152 0.28887
-1.32568 0.294215
-1.31984 0.288813
-1.314 0.286024
-1.30816 0.292688
-1.30232 0.290639
-1.29648 0.288455
-1.29064 0.289315
-1.2848 0.290697
-1.27896 0.292045
-1.27312 0.289221
-1.26728 0.294169
-1.26144 0.289951
-1.2556 0.290022
-1.24976 0.293589
-1.24392 0.295154
-1.23808 0.294138
-1.23224 0.294104
-1.2264 0.294663
-1.22056 0.293816
-1.21472 0.294232
-1.20888 0.296175
-1.20304 0.294707
-1.1972 0.297966
-1.19136 0.294459
-1.18552 0.297263
-1.17968 0.296658
-1.17384 0.302096
-1.168 0.297132
-1.16216 0.297532
-1.15632 0.297792
-1.15048 0.294012
-1.14464 0.301639
-1.1388 0.298541
-1.13296 0.300132
-1.12712 0.303662
-1.12128 0.304961
-1.11544 0.306962
-1.1096 0.308434
-1.10376 0.31237
-1.09792 0.310854
-1.09208 0.313942
-1.08624 0.309333
-1.0804 0.310858
-1.07456 0.309971
-1.06872 0.313452
-1.06288 0.315987
-1.05704 0.321558
-1.0512 0.32577
-1.04536 0.32958
-1.03952 0.329186
-1.03368 0.33453
-1.02784 0.33487
-1.022 0.337279
-1.01616 0.339316
-1.01032 0.342171
-1.00448 0.346524
-0.99864 0.347084
-0.9928 0.347926
-0.98696 0.349402
-0.98112 0.353545
-0.97528 0.357578
-0.96944 0.356298
-0.9636 0.360564
-0.95776 0.364844
-0.95192 0.362442
-0.94608 0.361611
-0.94024 0.365567
-0.9344 0.366226
-0.92856 0.367953
-0.92272 0.370352
-0.91688 0.373993
-0.91104 0.374912
-0.9052 0.378915
-0.89936 0.379331
-0.89352 0.383059
-0.88768 0.386126
-0.88184 0.387098
-0.876 0.386492
-0.87016 0.392495
-0.86432 0.393731
-0.85848 0.393942
-0.85264 0.395288
-0.8468 0.398483
-0.84096 0.402037
-0.83512 0.403843
-0.82928 0.406751
-0.82344 0.407426
-0.8176 0.40754
-0.81176 0.411475
-0.80592 0.412643
-0.80008 0.415144
-0.79424 0.415842
-0.7884 0.417492
-0.78256 0.420461
-0.77672 0.419929
-0.77088 0.422462
-0.76504 0.424919
-0.7592 0.42621
-0.75336 0.425489
-0.74752 0.428901
-0.74168 0.430965
-0.73584 0.432454
-0.73 0.433211
-0.72416 0.432362
-0.71832 0.433697
-0.71248 0.43473
-0.70664 0.435391
-0.7008 0.43495
-0.69496 0.43469
-0.68912 0.435001
-0.68328 0.435308
-0.67744 0.434671
-0.6716 0.43624
-0.66576 0.436581
-0.65992 0.436354
-0.65408 0.437193
-0.64824 0.434148
-0.6424 0.434941
-0.63656 0.434469
-0.63072 0.434532
-0.62488 0.434218
-0.61904 0.43647
-0.6132 0.436662
-0.60736 0.436842
-0.60152 0.436435
-0.59568 0.436435
-0.58984 0.436435
-0.584 0.436435
-0.57816 0.436435
-0.57232 0.436435
-0.56648 0.436435
-0.56064 0.436435
-0.5548 0.436435
-0.54896 0.436435
-0.54312 0.436435
-0.53728 0.436435
-0.53144 0.436435
-0.5256 0.436435
-0.51976 0.436435
-0.51392 0.436435
-0.50808 0.436435
-0.50224 0.436435
-0.4964 0.436435
-0.49056 0.436435
-0.48472 0.436435
-0.47888 0.436435
-0.47304 0.436435
-0.4672 0.436435
-0.46136 0.436435
-0.45552 0.436435
-0.44968 0.436435
-0.44384 0.436435
-0.438 0.436435
-0.43216 0.436435
-0.42632 0.436435
-0.42048 0.436435
-0.41464 0.436435
-0.4088 0.436435
-0.40296 0.436435
-0.39712 0.436435
-0.39128 0.436435
-0.38544 0.436435
-0.3796 0.436435
-0.37376 0.436435
-0.36792 0.436435
-0.36208 0.436435
-0.35624 0.436435
-0.3504 0.436435
-0.34456 0.436435
-0.33872 0.436435
-0.33288 0.436435
-0.32704 0.436435
-0.3212 0.436435
-0.31536 0.436435
-0.30952 0.436435
-0.30368 0.436435
-0.29784 0.436435
-0.292 0.436435
-0.28616 0.436435
-0.28032 0.436435
-0.27448 0.436435
-0.26864 0.436435
-0.2628 0.436435
-0.25696 0.436435
-0.25112 0.436435
-0.24528 0.436435
-0.23944 0.436435
-0.2336 0.436435
-0.22776 0.436435
-0.22192 0.436435
-0.21608 0.436435
-0.21024 0.436435
-0.2044 0.436435
-0.19856 0.436435
-0.19272 0.436435
-0.18688 0.436435
-0.18104 0.436435
-0.1752 0.436435
-0.16936 0.436435
-0.16352 0.436435
-0.15768 0.436435
-0.15184 0.436435
-0.146 0.436435
-0.14016 0.436435
-0.13432 0.436435
-0.12848 0.436435
-0.12264 0.436435
-0.1168 0.436435
-0.11096 0.436435
-0.10512 0.436435
-0.09928 0.436435
-0.09344 0.436435
-0.0876 0.436435
-0.08176 0.436435
-0.07592 0.436435
-0.07008 0.436435
-0.06424 0.436435
-0.0584 0.436435
-0.05256 0.436435
-0.04672 0.436435
-0.04088 0.436435
-0.03504 0.436435
-0.0292 0.436435
-0.02336 0.436435
-0.01752 0.436435
-0.01168 0.436435
-0.00584 0.436435
