-2.92 0.446709
-2.91416 0.446709
-2.90832 0.446709
-2.90248 0.446709
-2.89664 0.446709
-2.8908 0.446709
-2.88496 0.446709
-2.87912 0.446709
-2.87328 0.446709
-2.86744 0.446709
-2.8616 0.446709
-2.85576 0.446709
-2.84992 0.446709
-2.84408 0.446709
-2.83824 0.446709
-2.8324 0.446709
-2.82656 0.446709
-2.82072 0.446709
-2.81488 0.446709
-2.80904 0.446709
-2.8032 0.446709
-2.79736 0.446709
-2.79152 0.446709
-2.78568 0.446709
-2.77984 0.446709
-2.774 0.446709
-2.76816 0.446709
-2.76232 0.446709
-2.75648 0.446709
-2.75064 0.446709
-2.7448 0.446709
-2.73896 0.446709
-2.73312 0.446709
-2.72728 0.446709
-2.72144 0.446709
-2.7156 0.446709
-2.70976 0.446709
-2.70392 0.446709
-2.69808 0.446709
-2.69224 0.446709
-2.6864 0.446709
-2.68056 0.446709
-2.67472 0.446709
-2.66888 0.446709
-2.66304 0.446709
-2.6572 0.446709
-2.65136 0.446709
-2.64552 0.446709
-2.63968 0.446709
-2.63384 0.446709
-2.628 0.446709
-2.62216 0.446709
-2.61632 0.446709
-2.61048 0.446709
-2.60464 0.446709
-2.5988 0.446709
-2.59296 0.446313
-2.58712 0.445696
-2.58128 0.445037
-2.57544 0.444243
-2.5696 0.443358
-2.56376 0.44243
-2.55792 0.441458
-2.55208 0.440398
-2.54624 0.439205
-2.5404 0.437925
-2.53456 0.436514
-2.52872 0.435102
-2.52288 0.433603
-2.51704 0.432015
-2.5112 0.430426
-2.50536 0.428749
-2.49952 0.42744
-2.49368 0.426586
-2.48784 0.425484
-2.482 0.424701
-2.47616 0.423232
-2.47032 0.422801
-2.46448 0.422289
-2.45864 0.420615
-2.4528 0.419315
-2.44696 0.418168
-2.44112 0.416351
-2.43528 0.4158
-2.42944 0.414749
-2.4236 0.411934
-2.41776 0.410459
-2.41192 0.409348
-2.40608 0.407788
-2.40024 0.406087
-2.3944 0.403591
-2.38856 0.401993
-2.38272 0.399725
-2.37688 0.398264
-2.37104 0.396693
-2.3652 0.393017
-2.35936 0.392318
-2.35352 0.389768
-2.34768 0.387855
-2.34184 0.385122
-2.336 0.38275
-2.33016 0.380675
-2.32432 0.378355
-2.31848 0.377138
-2.31264 0.373939
-2.3068 0.371651
-2.30096 0.369015
-2.29512 0.365803
-2.28928 0.365257
-2.28344 0.36282
-2.2776 0.359244
-2.27176 0.357796
-2.26592 0.357057
-2.26008 0.354231
-2.25424 0.350451
-2.2484 0.347322
-2.24256 0.345252
-2.23672 0.343113
-2.23088 0.339574
-2.22504 0.338107
-2.2192 0.333958
-2.21336 0.333924
-2.20752 0.329053
-2.20168 0.327739
-2.19584 0.325265
-2.19 0.322365
-2.18416 0.319426
-2.17832 0.316603
-2.17248 0.313827
-2.16664 0.313086
-2.1608 0.30692
-2.15496 0.305448
-2.14912 0.304083
-2.14328 0.299662
-2.13744 0.297557
-2.1316 0.294984
-2.12576 0.292162
-2.11992 0.287299
-2.11408 0.285172
-2.10824 0.283195
-2.1024 0.27975
-2.09656 0.277968
-2.09072 0.272689
-2.08488 0.272108
-2.07904 0.267402
-2.0732 0.26458
-2.06736 0.262345
-2.06152 0.259742
-2.05568 0.258999
-2.04984 0.254823
-2.044 0.254284
-2.03816 0.246269
-2.03232 0.245582
-2.02648 0.242215
-2.02064 0.238378
-2.0148 0.235305
-2.00896 0.233626
-2.00312 0.22835
-1.99728 0.228585
-1.99144 0.228723
-1.9856 0.225716
-1.97976 0.223443
-1.97392 0.220661
-1.96808 0.222023
-1.96224 0.22163
-1.9564 0.218996
-1.95056 0.217112
-1.94472 0.220573
-1.93888 0.21884
-1.93304 0.217306
-1.9272 0.215752
-1.92136 0.215703
-1.91552 0.214448
-1.90968 0.217566
-1.90384 0.213808
-1.898 0.213042
-1.89216 0.217672
-1.88632 0.212809
-1.88048 0.215575
-1.87464 0.213706
-1.8688 0.217316
-1.86296 0.216954
-1.85712 0.21528
-1.85128 0.219627
-1.84544 0.21666
-1.8396 0.218603
-1.83376 0.217026
-1.82792 0.224022
-1.82208 0.221121
-1.81624 0.22156
-1.8104 0.216874
-1.80456 0.218081
-1.79872 0.214998
-1.79288 0.216779
-1.78704 0.208759
-1.7812 0.21116
-1.77536 0.210851
-1.76952 0.207872
-1.76368 0.214195
-1.75784 0.208489
-1.752 0.209341
-1.74616 0.210377
-1.74032 0.211051
-1.73448 0.212119
-1.72864 0.212922
-1.7228 0.209177
-1.71696 0.21718
-1.71112 0.215316
-1.70528 0.217951
-1.69944 0.219886
-1.6936 0.218583
-1.68776 0.219639
-1.68192 0.220763
-1.67608 0.223765
-1.67024 0.224835
-1.6644 0.222224
-1.65856 0.224819
-1.65272 0.225619
-1.64688 0.223459
-1.64104 0.224506
-1.6352 0.227035
-1.62936 0.229349
-1.62352 0.227308
-1.61768 0.229693
-1.61184 0.228324
-1.606 0.232568
-1.60016 0.232455
-1.59432 0.232435
-1.58848 0.238019
-1.58264 0.2393
-1.5768 0.24313
-1.57096 0.244951
-1.56512 0.247903
-1.55928 0.24733
-1.55344 0.249731
-1.5476 0.250586
-1.54176 0.253268
-1.53592 0.257281
-1.53008 0.260193
-1.52424 0.260519
-1.5184 0.264415
-1.51256 0.265417
-1.50672 0.269858
-1.50088 0.274191
-1.49504 0.270316
-1.4892 0.276515
-1.48336 0.28188
-1.47752 0.281475
-1.47168 0.282751
-1.46584 0.282691
-1.46 0.283176
-1.45416 0.286186
-1.44832 0.28361
-1.44248 0.287006
-1.43664 0.286013
-1.4308 0.296512
-1.42496 0.294637
-1.41912 0.297169
-1.41328 0.298637
-1.40744 0.301584
-1.4016 0.304055
-1.39576 0.302185
-1.38992 0.306573
-1.38408 0.308941
-1.37824 0.308823
-1.3724 0.310998
-1.36656 0.317092
-1.36072 0.316054
-1.35488 0.322876
-1.34904 0.321647
-1.3432 0.324523
-1.33736 0.324677
-1.33152 0.325802
-1.32568 0.333494
-1.31984 0.332458
-1.314 0.334372
-1.30816 0.335187
-1.30232 0.338274
-1.29648 0.340891
-1.29064 0.345431
-1.2848 0.343361
-1.27896 0.350041
-1.27312 0.343636
-1.26728 0.346859
-1.26144 0.349848
-1.2556 0.346969
-1.24976 0.347787
-1.24392 0.35025
-1.23808 0.351584
-1.23224 0.354037
-1.2264 0.35291
-1.22056 0.353694
-1.21472 0.357063
-1.20888 0.354891
-1.20304 0.353647
-1.1972 0.361936
-1.19136 0.360667
-1.18552 0.363007
-1.17968 0.363176
-1.17384 0.36022
-1.168 0.364278
-1.16216 0.368026
-1.15632 0.365203
-1.15048 0.368726
-1.14464 0.371755
-1.1388 0.374157
-1.13296 0.372988
-1.12712 0.374934
-1.12128 0.374968
-1.11544 0.373864
-1.1096 0.374085
-1.10376 0.375355
-1.09792 0.377498
-1.09208 0.376877
-1.08624 0.377441
-1.0804 0.382551
-1.07456 0.37921
-1.06872 0.384308
-1.06288 0.385212
-1.05704 0.377538
-1.0512 0.380262
-1.04536 0.380937
-1.03952 0.381411
-1.03368 0.378809
-1.02784 0.375778
-1.022 0.374434
-1.01616 0.372329
-1.01032 0.36805
-1.00448 0.364954
-0.99864 0.364116
-0.9928 0.367217
-0.98696 0.36264
-0.98112 0.359987
-0.97528 0.357704
-0.96944 0.357569
-0.9636 0.357049
-0.95776 0.352136
-0.95192 0.350188
-0.94608 0.352122
-0.94024 0.348445
-0.9344 0.349639
-0.92856 0.347926
-0.92272 0.346259
-0.91688 0.348485
-0.91104 0.343611
-0.9052 0.342092
-0.89936 0.338686
-0.89352 0.340306
-0.88768 0.338729
-0.88184 0.33847
-0.876 0.335455
-0.87016 0.33429
-0.86432 0.333909
-0.85848 0.332755
-0.85264 0.332939
-0.8468 0.331021
-0.84096 0.331392
-0.83512 0.325603
-0.82928 0.324146
-0.82344 0.324092
-0.8176 0.322295
-0.81176 0.31943
-0.80592 0.318041
-0.80008 0.315575
-0.79424 0.313168
-0.7884 0.312888
-0.78256 0.311405
-0.77672 0.311363
-0.77088 0.308725
-0.76504 0.30802
-0.7592 0.307456
-0.75336 0.307086
-0.74752 0.305461
-0.74168 0.305216
-0.73584 0.304632
-0.73 0.303509
-0.72416 0.30382
-0.71832 0.303776
-0.71248 0.304117
-0.70664 0.305613
-0.7008 0.305862
-0.69496 0.306959
-0.68912 0.307466
-0.68328 0.308444
-0.67744 0.309533
-0.6716 0.310549
-0.66576 0.311344
-0.65992 0.311886
-0.65408 0.311296
-0.64824 0.312338
-0.6424 0.31363
-0.63656 0.314715
-0.63072 0.314571
-0.62488 0.31527
-0.61904 0.312717
-0.6132 0.312484
-0.60736 0.312204
-0.60152 0.312512
-0.59568 0.312512
-0.58984 0.312512
-0.584 0.312512
-0.57816 0.312512
-0.57232 0.312512
-0.56648 0.312512
-0.56064 0.312512
-0.5548 0.312512
-0.54896 0.312512
-0.54312 0.312512
-0.53728 0.312512
-0.53144 0.312512
-0.5256 0.312512
-0.51976 0.312512
-0.51392 0.312512
-0.50808 0.312512
-0.50224 0.312512
-0.4964 0.312512
-0.49056 0.312512
-0.48472 0.312512
-0.47888 0.312512
-0.47304 0.312512
-0.4672 0.312512
-0.46136 0.312512
-0.45552 0.312512
-0.44968 0.312512
-0.44384 0.312512
-0.438 0.312512
-0.43216 0.312512
-0.42632 0.312512
-0.42048 0.312512
-0.41464 0.312512
-0.4088 0.312512
-0.40296 0.312512
-0.39712 0.312512
-0.39128 0.312512
-0.38544 0.312512
-0.3796 0.312512
-0.37376 0.312512
-0.36792 0.312512
-0.36208 0.312512
-0.35624 0.312512
-0.3504 0.312512
-0.34456 0.312512
-0.33872 0.312512
-0.33288 0.312512
-0.32704 0.312512
-0.3212 0.312512
-0.31536 0.312512
-0.30952 0.312512
-0.30368 0.312512
-0.29784 0.312512
-0.292 0.312512
-0.28616 0.312512
-0.28032 0.312512
-0.27448 0.312512
-0.26864 0.312512
-0.2628 0.312512
-0.25696 0.312512
-0.25112 0.312512
-0.24528 0.312512
-0.23944 0.312512
-0.2336 0.312512
-0.22776 0.312512
-0.22192 0.312512
-0.21608 0.312512
-0.21024 0.312512
-0.2044 0.312512
-0.19856 0.312512
-0.19272 0.312512
-0.18688 0.312512
-0.18104 0.312512
-0.1752 0.312512
-0.16936 0.312512
-0.16352 0.312512
-0.15768 0.312512
-0.15184 0.312512
-0.146 0.312512
-0.14016 0.312512
-0.13432 0.312512
-0.12848 0.312512
-0.12264 0.312512
-0.1168 0.312512
-0.11096 0.312512
-0.10512 0.312512
-0.09928 0.312512
-0.09344 0.312512
-0.0876 0.312512
-0.08176 0.312512
-0.07592 0.312512
-0.07008 0.312512
-0.06424 0.312512
-0.0584 0.312512
-0.05256 0.312512
-0.04672 0.312512
-0.04088 0.312512
-0.03504 0.312512
-0.0292 0.312512
-0.02336 0.312512
-0.01752 0.312512
-0.01168 0.312512
-0.00584 0.312512
