-2.92 0.484628
-2.91416 0.484628
-2.90832 0.484628
-2.90248 0.484628
-2.89664 0.484628
-2.8908 0.484628
-2.88496 0.484628
-2.87912 0.484628
-2.87328 0.484628
-2.86744 0.484628
-2.8616 0.484628
-2.85576 0.484628
-2.84992 0.484628
-2.84408 0.484628
-2.83824 0.484628
-2.8324 0.484628
-2.82656 0.484628
-2.82072 0.484628
-2.81488 0.484628
-2.80904 0.484628
-2.8032 0.484628
-2.79736 0.484628
-2.79152 0.484628
-2.78568 0.484628
-2.77984 0.484628
-2.774 0.484628
-2.76816 0.484628
-2.76232 0.484628
-2.75648 0.484628
-2.75064 0.484628
-2.7448 0.484628
-2.73896 0.484628
-2.73312 0.484628
-2.72728 0.484628
-2.72144 0.484628
-2.7156 0.484628
-2.70976 0.484628
-2.70392 0.484628
-2.69808 0.484628
-2.69224 0.484628
-2.6864 0.484628
-2.68056 0.484628
-2.67472 0.484628
-2.66888 0.484628
-2.66304 0.484628
-2.6572 0.484628
-2.65136 0.484628
-2.64552 0.484628
-2.63968 0.484628
-2.63384 0.484628
-2.628 0.484628
-2.62216 0.484628
-2.61632 0.484628
-2.61048 0.484628
-2.60464 0.484628
-2.5988 0.484628
-2.59296 0.484142
-2.58712 0.483481
-2.58128 0.482731
-2.57544 0.481804
-2.5696 0.480833
-2.56376 0.479814
-2.55792 0.478708
-2.55208 0.477556
-2.54624 0.476316
-2.5404 0.475026
-2.53456 0.473646
-2.52872 0.472221
-2.52288 0.470796
-2.51704 0.469196
-2.5112 0.467464
-2.50536 0.465731
-2.49952 0.464581
-2.49368 0.463765
-2.48784 0.462621
-2.482 0.462573
-2.47616 0.461596
-2.47032 0.461413
-2.46448 0.460926
-2.45864 0.460282
-2.4528 0.459263
-2.44696 0.45963
-2.44112 0.459001
-2.43528 0.458114
-2.42944 0.457759
-2.4236 0.457516
-2.41776 0.456528
-2.41192 0.456982
-2.40608 0.456232
-2.40024 0.456055
-2.3944 0.454437
-2.38856 0.454606
-2.38272 0.453495
-2.37688 0.451762
-2.37104 0.453865
-2.3652 0.451996
-2.35936 0.451338
-2.35352 0.450499
-2.34768 0.451214
-2.34184 0.45137
-2.336 0.44931
-2.33016 0.447559
-2.32432 0.448828
-2.31848 0.447044
-2.31264 0.4453
-2.3068 0.443749
-2.30096 0.444242
-2.29512 0.444982
-2.28928 0.444125
-2.28344 0.443912
-2.2776 0.442909
-2.27176 0.441328
-2.26592 0.441973
-2.26008 0.441624
-2.25424 0.441568
-2.2484 0.441412
-2.24256 0.440273
-2.23672 0.439064
-2.23088 0.43925
-2.22504 0.441064
-2.2192 0.437761
-2.21336 0.438147
-2.20752 0.439048
-2.20168 0.439591
-2.19584 0.43515
-2.19 0.436566
-2.18416 0.435694
-2.17832 0.435558
-2.17248 0.435688
-2.16664 0.434748
-2.1608 0.433402
-2.15496 0.431236
-2.14912 0.432985
-2.14328 0.433789
-2.13744 0.430558
-2.1316 0.432036
-2.12576 0.4315
-2.11992 0.429665
-2.11408 0.434011
-2.10824 0.431895
-2.1024 0.429602
-2.09656 0.430137
-2.09072 0.431242
-2.08488 0.429697
-2.07904 0.430025
-2.0732 0.428725
-2.06736 0.429146
-2.06152 0.429335
-2.05568 0.428324
-2.04984 0.42896
-2.044 0.432329
-2.03816 0.431669
-2.03232 0.429024
-2.02648 0.434442
-2.02064 0.429315
-2.0148 0.432065
-2.00896 0.431234
-2.00312 0.43056
-1.99728 0.43058
-1.99144 0.43297
-1.9856 0.431823
-1.97976 0.429596
-1.97392 0.428541
-1.96808 0.427966
-1.96224 0.433105
-1.9564 0.434786
-1.95056 0.432822
-1.94472 0.430816
-1.93888 0.429135
-1.93304 0.431086
-1.9272 0.425736
-1.92136 0.424275
-1.91552 0.42719
-1.90968 0.425292
-1.90384 0.427527
-1.898 0.423691
-1.89216 0.424237
-1.88632 0.419285
-1.88048 0.420526
-1.87464 0.417062
-1.8688 0.416712
-1.86296 0.412906
-1.85712 0.410789
-1.85128 0.410478
-1.84544 0.409836
-1.8396 0.409241
-1.83376 0.405465
-1.82792 0.40164
-1.82208 0.403643
-1.81624 0.397864
-1.8104 0.388584
-1.80456 0.387709
-1.79872 0.381812
-1.79288 0.381076
-1.78704 0.367185
-1.7812 0.36642
-1.77536 0.366441
-1.76952 0.359509
-1.76368 0.35639
-1.75784 0.3492
-1.752 0.348887
-1.74616 0.341526
-1.74032 0.334839
-1.73448 0.330413
-1.72864 0.329994
-1.7228 0.321413
-1.71696 0.314027
-1.71112 0.317114
-1.70528 0.307512
-1.69944 0.303775
-1.6936 0.30397
-1.68776 0.29886
-1.68192 0.297208
-1.67608 0.295692
-1.67024 0.286787
-1.6644 0.288084
-1.65856 0.2814
-1.65272 0.282894
-1.64688 0.281503
-1.64104 0.282545
-1.6352 0.278965
-1.62936 0.28124
-1.62352 0.278756
-1.61768 0.276575
-1.61184 0.276016
-1.606 0.275793
-1.60016 0.273158
-1.59432 0.275549
-1.58848 0.272259
-1.58264 0.271164
-1.5768 0.27426
-1.57096 0.27994
-1.56512 0.272419
-1.55928 0.277579
-1.55344 0.278338
-1.5476 0.282636
-1.54176 0.277917
-1.53592 0.284408
-1.53008 0.282914
-1.52424 0.277693
-1.5184 0.273158
-1.51256 0.278664
-1.50672 0.275639
-1.50088 0.277472
-1.49504 0.285537
-1.4892 0.281747
-1.48336 0.280847
-1.47752 0.281863
-1.47168 0.280775
-1.46584 0.282997
-1.46 0.281075
-1.45416 0.279194
-1.44832 0.279519
-1.44248 0.283459
-1.43664 0.281777
-1.4308 0.282981
-1.42496 0.283414
-1.41912 0.283468
-1.41328 0.283662
-1.40744 0.279184
-1.4016 0.2828
-1.39576 0.283302
-1.38992 0.28001
-1.38408 0.276524
-1.37824 0.273542
-1.3724 0.281806
-1.36656 0.279463
-1.36072 0.278145
-1.35488 0.279564
-1.34904 0.276354
-1.3432 0.281643
-1.33736 0.279044
-1.33152 0.28164
-1.32568 0.282875
-1.31984 0.28234
-1.314 0.283965
-1.30816 0.286467
-1.30232 0.279495
-1.29648 0.279138
-1.29064 0.279567
-1.2848 0.280687
-1.27896 0.285436
-1.27312 0.28468
-1.26728 0.282386
-1.26144 0.28538
-1.2556 0.283998
-1.24976 0.286071
-1.24392 0.286521
-1.23808 0.287717
-1.23224 0.286602
-1.2264 0.286116
-1.22056 0.285969
-1.21472 0.285577
-1.20888 0.282951
-1.20304 0.284807
-1.1972 0.28689
-1.19136 0.28722
-1.18552 0.286488
-1.17968 0.28764
-1.17384 0.284806
-1.168 0.283338
-1.16216 0.285501
-1.15632 0.284989
-1.15048 0.282858
-1.14464 0.281835
-1.1388 0.282397
-1.13296 0.285426
-1.12712 0.283082
-1.12128 0.286115
-1.11544 0.289224
-1.1096 0.28896
-1.10376 0.289031
-1.09792 0.288953
-1.09208 0.289829
-1.08624 0.2868
-1.0804 0.284862
-1.07456 0.287783
-1.06872 0.28973
-1.06288 0.289199
-1.05704 0.299574
-1.0512 0.300832
-1.04536 0.302305
-1.03952 0.303226
-1.03368 0.308497
-1.02784 0.308046
-1.022 0.31016
-1.01616 0.31155
-1.01032 0.313645
-1.00448 0.316706
-0.99864 0.318362
-0.9928 0.319629
-0.98696 0.322555
-0.98112 0.323227
-0.97528 0.326773
-0.96944 0.325942
-0.9636 0.329722
-0.95776 0.330728
-0.95192 0.330721
-0.94608 0.33019
-0.94024 0.332049
-0.9344 0.334955
-0.92856 0.337907
-0.92272 0.339191
-0.91688 0.341673
-0.91104 0.344096
-0.9052 0.347005
-0.89936 0.349685
-0.89352 0.350762
-0.88768 0.354892
-0.88184 0.35619
-0.876 0.357397
-0.87016 0.359625
-0.86432 0.359153
-0.85848 0.361125
-0.85264 0.362698
-0.8468 0.365202
-0.84096 0.370898
-0.83512 0.370749
-0.82928 0.372415
-0.82344 0.374531
-0.8176 0.376182
-0.81176 0.378181
-0.80592 0.379975
-0.80008 0.380689
-0.79424 0.382777
-0.7884 0.385237
-0.78256 0.386249
-0.77672 0.386675
-0.77088 0.388413
-0.76504 0.39079
-0.7592 0.391347
-0.75336 0.394416
-0.74752 0.393922
-0.74168 0.3972
-0.73584 0.396489
-0.73 0.396225
-0.72416 0.397687
-0.71832 0.397425
-0.71248 0.398119
-0.70664 0.398314
-0.7008 0.398331
-0.69496 0.398725
-0.68912 0.397979
-0.68328 0.398911
-0.67744 0.398159
-0.6716 0.399686
-0.66576 0.399776
-0.65992 0.399983
-0.65408 0.400268
-0.64824 0.397737
-0.6424 0.398449
-0.63656 0.399034
-0.63072 0.39851
-0.62488 0.398285
-0.61904 0.400545
-0.6132 0.40077
-0.60736 0.401208
-0.60152 0.400966
-0.59568 0.400966
-0.58984 0.400966
-0.584 0.400966
-0.57816 0.400966
-0.57232 0.400966
-0.56648 0.400966
-0.56064 0.400966
-0.5548 0.400966
-0.54896 0.400966
-0.54312 0.400966
-0.53728 0.400966
-0.53144 0.400966
-0.5256 0.400966
-0.51976 0.400966
-0.51392 0.400966
-0.50808 0.400966
-0.50224 0.400966
-0.4964 0.400966
-0.49056 0.400966
-0.48472 0.400966
-0.47888 0.400966
-0.47304 0.400966
-0.4672 0.400966
-0.46136 0.400966
-0.45552 0.400966
-0.44968 0.400966
-0.44384 0.400966
-0.438 0.400966
-0.43216 0.400966
-0.42632 0.400966
-0.42048 0.400966
-0.41464 0.400966
-0.4088 0.400966
-0.40296 0.400966
-0.39712 0.400966
-0.39128 0.400966
-0.38544 0.400966
-0.3796 0.400966
-0.37376 0.400966
-0.36792 0.400966
-0.36208 0.400966
-0.35624 0.400966
-0.3504 0.400966
-0.34456 0.400966
-0.33872 0.400966
-0.33288 0.400966
-0.32704 0.400966
-0.3212 0.400966
-0.31536 0.400966
-0.30952 0.400966
-0.30368 0.400966
-0.29784 0.400966
-0.292 0.400966
-0.28616 0.400966
-0.28032 0.400966
-0.27448 0.400966
-0.26864 0.400966
-0.2628 0.400966
-0.25696 0.400966
-0.25112 0.400966
-0.24528 0.400966
-0.23944 0.400966
-0.2336 0.400966
-0.22776 0.400966
-0.22192 0.400966
-0.21608 0.400966
-0.21024 0.400966
-0.2044 0.400966
-0.19856 0.400966
-0.19272 0.400966
-0.18688 0.400966
-0.18104 0.400966
-0.1752 0.400966
-0.16936 0.400966
-0.16352 0.400966
-0.15768 0.400966
-0.15184 0.400966
-0.146 0.400966
-0.14016 0.400966
-0.13432 0.400966
-0.12848 0.400966
-0.12264 0.400966
-0.1168 0.400966
-0.11096 0.400966
-0.10512 0.400966
-0.09928 0.400966
-0.09344 0.400966
-0.0876 0.400966
-0.08176 0.400966
-0.07592 0.400966
-0.07008 0.400966
-0.06424 0.400966
-0.0584 0.400966
-0.05256 0.400966
-0.04672 0.400966
-0.04088 0.400966
-0.03504 0.400966
-0.0292 0.400966
-0.02336 0.400966
-0.01752 0.400966
-0.01168 0.400966
-0.00584 0.400966
