-2.92 0.537957
-2.91416 0.537957
-2.90832 0.537957
-2.90248 0.537957
-2.89664 0.537957
-2.8908 0.537957
-2.88496 0.537957
-2.87912 0.537957
-2.87328 0.537957
-2.86744 0.537957
-2.8616 0.537957
-2.85576 0.537957
-2.84992 0.537957
-2.84408 0.537957
-2.83824 0.537957
-2.8324 0.537957
-2.82656 0.537957
-2.82072 0.537957
-2.81488 0.537957
-2.80904 0.537957
-2.8032 0.537957
-2.79736 0.537957
-2.79152 0.537957
-2.78568 0.537957
-2.77984 0.537957
-2.774 0.537957
-2.76816 0.537957
-2.76232 0.537957
-2.75648 0.537957
-2.75064 0.537957
-2.7448 0.537957
-2.73896 0.537957
-2.73312 0.537957
-2.72728 0.537957
-2.72144 0.537957
-2.7156 0.537957
-2.70976 0.537957
-2.70392 0.537957
-2.69808 0.537957
-2.69224 0.537957
-2.6864 0.537957
-2.68056 0.537957
-2.67472 0.537957
-2.66888 0.537957
-2.66304 0.537957
-2.6572 0.537957
-2.65136 0.537957
-2.64552 0.537957
-2.63968 0.537957
-2.63384 0.537957
-2.628 0.537957
-2.62216 0.537957
-2.61632 0.537957
-2.61048 0.537957
-2.60464 0.537957
-2.5988 0.537957
-2.59296 0.537512
-2.58712 0.536626
-2.58128 0.535653
-2.57544 0.534546
-2.5696 0.533264
-2.56376 0.531714
-2.55792 0.530075
-2.55208 0.528434
-2.54624 0.526662
-2.5404 0.524759
-2.53456 0.522768
-2.52872 0.520602
-2.52288 0.518479
-2.51704 0.516269
-2.5112 0.514104
-2.50536 0.51176
-2.49952 0.509877
-2.49368 0.508156
-2.48784 0.506822
-2.482 0.505204
-2.47616 0.502855
-2.47032 0.501934
-2.46448 0.500191
-2.45864 0.49934
-2.4528 0.49803
-2.44696 0.496115
-2.44112 0.494172
-2.43528 0.491773
-2.42944 0.491054
-2.4236 0.489546
-2.41776 0.487566
-2.41192 0.485659
-2.40608 0.484711
-2.40024 0.481361
-2.3944 0.480802
-2.38856 0.477351
-2.38272 0.475463
-2.37688 0.474199
-2.37104 0.470199
-2.3652 0.469829
-2.35936 0.466834
-2.35352 0.46463
-2.34768 0.4622
-2.34184 0.458087
-2.336 0.455915
-2.33016 0.45409
-2.32432 0.44862
-2.31848 0.448949
-2.31264 0.447122
-2.3068 0.44223
-2.30096 0.439841
-2.29512 0.43586
-2.28928 0.43426
-2.28344 0.431235
-2.2776 0.429621
-2.27176 0.425702
-2.26592 0.423752
-2.26008 0.42236
-2.25424 0.417489
-2.2484 0.415737
-2.24256 0.41158
-2.23672 0.408952
-2.23088 0.407501
-2.22504 0.402706
-2.2192 0.399026
-2.21336 0.396361
-2.20752 0.395758
-2.20168 0.390069
-2.19584 0.38977
-2.19 0.386587
-2.18416 0.38096
-2.17832 0.378644
-2.17248 0.374535
-2.16664 0.37153
-2.1608 0.368797
-2.15496 0.365292
-2.14912 0.362973
-2.14328 0.357419
-2.13744 0.356793
-2.1316 0.351614
-2.12576 0.349389
-2.11992 0.350204
-2.11408 0.342816
-2.10824 0.34079
-2.1024 0.336468
-2.09656 0.334667
-2.09072 0.332973
-2.08488 0.327261
-2.07904 0.325541
-2.0732 0.320934
-2.06736 0.317268
-2.06152 0.315272
-2.05568 0.312306
-2.04984 0.307016
-2.044 0.304251
-2.03816 0.300899
-2.03232 0.297392
-2.02648 0.296473
-2.02064 0.292325
-2.0148 0.292066
-2.00896 0.289747
-2.00312 0.288475
-1.99728 0.28627
-1.99144 0.287614
-1.9856 0.28365
-1.97976 0.283188
-1.97392 0.278706
-1.96808 0.278048
-1.96224 0.275192
-1.9564 0.27393
-1.95056 0.275784
-1.94472 0.274525
-1.93888 0.273682
-1.93304 0.270733
-1.9272 0.270688
-1.92136 0.271745
-1.91552 0.269025
-1.90968 0.268535
-1.90384 0.26828
-1.898 0.27331
-1.89216 0.266769
-1.88632 0.267465
-1.88048 0.268364
-1.87464 0.267015
-1.8688 0.264227
-1.86296 0.268151
-1.85712 0.264932
-1.85128 0.266084
-1.84544 0.265999
-1.8396 0.267241
-1.83376 0.266277
-1.82792 0.268032
-1.82208 0.265016
-1.81624 0.265879
-1.8104 0.264659
-1.80456 0.259055
-1.79872 0.258396
-1.79288 0.25882
-1.78704 0.258027
-1.7812 0.254925
-1.77536 0.252364
-1.76952 0.251088
-1.76368 0.250165
-1.75784 0.251071
-1.752 0.251084
-1.74616 0.247927
-1.74032 0.24498
-1.73448 0.245728
-1.72864 0.24497
-1.7228 0.245908
-1.71696 0.241847
-1.71112 0.239486
-1.70528 0.238754
-1.69944 0.242447
-1.6936 0.238905
-1.68776 0.237263
-1.68192 0.239505
-1.67608 0.237847
-1.67024 0.237114
-1.6644 0.232663
-1.65856 0.235189
-1.65272 0.235622
-1.64688 0.236957
-1.64104 0.234892
-1.6352 0.232495
-1.62936 0.233309
-1.62352 0.230823
-1.61768 0.231966
-1.61184 0.235013
-1.606 0.23598
-1.60016 0.240647
-1.59432 0.241302
-1.58848 0.242442
-1.58264 0.247476
-1.5768 0.247798
-1.57096 0.242291
-1.56512 0.250336
-1.55928 0.251499
-1.55344 0.259778
-1.5476 0.258132
-1.54176 0.265367
-1.53592 0.263376
-1.53008 0.267841
-1.52424 0.26632
-1.5184 0.270613
-1.51256 0.279664
-1.50672 0.280317
-1.50088 0.281225
-1.49504 0.286518
-1.4892 0.288988
-1.48336 0.29
-1.47752 0.285582
-1.47168 0.29266
-1.46584 0.295795
-1.46 0.294128
-1.45416 0.298877
-1.44832 0.302001
-1.44248 0.304062
-1.43664 0.30763
-1.4308 0.309426
-1.42496 0.31662
-1.41912 0.313681
-1.41328 0.31783
-1.40744 0.324156
-1.4016 0.325562
-1.39576 0.328118
-1.38992 0.332937
-1.38408 0.332893
-1.37824 0.338596
-1.3724 0.336826
-1.36656 0.339107
-1.36072 0.339739
-1.35488 0.343408
-1.34904 0.345181
-1.3432 0.348381
-1.33736 0.353215
-1.33152 0.354403
-1.32568 0.35743
-1.31984 0.361342
-1.314 0.36345
-1.30816 0.366091
-1.30232 0.365703
-1.29648 0.373674
-1.29064 0.374704
-1.2848 0.379671
-1.27896 0.378001
-1.27312 0.378789
-1.26728 0.379637
-1.26144 0.383337
-1.2556 0.380078
-1.24976 0.385322
-1.24392 0.386781
-1.23808 0.390361
-1.23224 0.392141
-1.2264 0.395564
-1.22056 0.395971
-1.21472 0.399724
-1.20888 0.402319
-1.20304 0.403008
-1.1972 0.40761
-1.19136 0.407218
-1.18552 0.41011
-1.17968 0.408227
-1.17384 0.41575
-1.168 0.413628
-1.16216 0.418691
-1.15632 0.418399
-1.15048 0.418756
-1.14464 0.423391
-1.1388 0.421097
-1.13296 0.413598
-1.12712 0.420653
-1.12128 0.422028
-1.11544 0.429842
-1.1096 0.425884
-1.10376 0.431629
-1.09792 0.432036
-1.09208 0.431834
-1.08624 0.428608
-1.0804 0.434729
-1.07456 0.440884
-1.06872 0.4365
-1.06288 0.437675
-1.05704 0.439808
-1.0512 0.442163
-1.04536 0.438738
-1.03952 0.431579
-1.03368 0.435647
-1.02784 0.435454
-1.022 0.429983
-1.01616 0.430912
-1.01032 0.430363
-1.00448 0.428668
-0.99864 0.42694
-0.9928 0.426967
-0.98696 0.429249
-0.98112 0.423019
-0.97528 0.425048
-0.96944 0.423771
-0.9636 0.421865
-0.95776 0.423455
-0.95192 0.421828
-0.94608 0.421483
-0.94024 0.420531
-0.9344 0.419224
-0.92856 0.418567
-0.92272 0.412471
-0.91688 0.41461
-0.91104 0.413942
-0.9052 0.413356
-0.89936 0.413257
-0.89352 0.413165
-0.88768 0.412981
-0.88184 0.412717
-0.876 0.410519
-0.87016 0.410181
-0.86432 0.411368
-0.85848 0.413102
-0.85264 0.411677
-0.8468 0.407958
-0.84096 0.409293
-0.83512 0.408202
-0.82928 0.406781
-0.82344 0.405253
-0.8176 0.403758
-0.81176 0.404508
-0.80592 0.40531
-0.80008 0.402547
-0.79424 0.402509
-0.7884 0.403601
-0.78256 0.402295
-0.77672 0.401939
-0.77088 0.402992
-0.76504 0.402567
-0.7592 0.404082
-0.75336 0.402485
-0.74752 0.403383
-0.74168 0.402753
-0.73584 0.404864
-0.73 0.404914
-0.72416 0.406552
-0.71832 0.405844
-0.71248 0.40674
-0.70664 0.407681
-0.7008 0.407213
-0.69496 0.407822
-0.68912 0.408732
-0.68328 0.410113
-0.67744 0.413994
-0.6716 0.415527
-0.66576 0.416797
-0.65992 0.418179
-0.65408 0.417838
-0.64824 0.418653
-0.6424 0.421358
-0.63656 0.422528
-0.63072 0.422367
-0.62488 0.42251
-0.61904 0.422537
-0.6132 0.422356
-0.60736 0.421329
-0.60152 0.421895
-0.59568 0.421895
-0.58984 0.421895
-0.584 0.421895
-0.57816 0.421895
-0.57232 0.421895
-0.56648 0.421895
-0.56064 0.421895
-0.5548 0.421895
-0.54896 0.421895
-0.54312 0.421895
-0.53728 0.421895
-0.53144 0.421895
-0.5256 0.421895
-0.51976 0.421895
-0.51392 0.421895
-0.50808 0.421895
-0.50224 0.421895
-0.4964 0.421895
-0.49056 0.421895
-0.48472 0.421895
-0.47888 0.421895
-0.47304 0.421895
-0.4672 0.421895
-0.46136 0.421895
-0.45552 0.421895
-0.44968 0.421895
-0.44384 0.421895
-0.438 0.421895
-0.43216 0.421895
-0.42632 0.421895
-0.42048 0.421895
-0.41464 0.421895
-0.4088 0.421895
-0.40296 0.421895
-0.39712 0.421895
-0.39128 0.421895
-0.38544 0.421895
-0.3796 0.421895
-0.37376 0.421895
-0.36792 0.421895
-0.36208 0.421895
-0.35624 0.421895
-0.3504 0.421895
-0.34456 0.421895
-0.33872 0.421895
-0.33288 0.421895
-0.32704 0.421895
-0.3212 0.421895
-0.31536 0.421895
-0.30952 0.421895
-0.30368 0.421895
-0.29784 0.421895
-0.292 0.421895
-0.28616 0.421895
-0.28032 0.421895
-0.27448 0.421895
-0.26864 0.421895
-0.2628 0.421895
-0.25696 0.421895
-0.25112 0.421895
-0.24528 0.421895
-0.23944 0.421895
-0.2336 0.421895
-0.22776 0.421895
-0.22192 0.421895
-0.21608 0.421895
-0.21024 0.421895
-0.2044 0.421895
-0.19856 0.421895
-0.19272 0.421895
-0.18688 0.421895
-0.18104 0.421895
-0.1752 0.421895
-0.16936 0.421895
-0.16352 0.421895
-0.15768 0.421895
-0.15184 0.421895
-0.146 0.421895
-0.14016 0.421895
-0.13432 0.421895
-0.12848 0.421895
-0.12264 0.421895
-0.1168 0.421895
-0.11096 0.421895
-0.10512 0.421895
-0.09928 0.421895
-0.09344 0.421895
-0.0876 0.421895
-0.08176 0.421895
-0.07592 0.421895
-0.07008 0.421895
-0.06424 0.421895
-0.0584 0.421895
-0.05256 0.421895
-0.04672 0.421895
-0.04088 0.421895
-0.03504 0.421895
-0.0292 0.421895
-0.02336 0.421895
-0.01752 0.421895
-0.01168 0.421895
-0.00584 0.421895
