-2.92 0.484264
-2.91416 0.484264
-2.90832 0.484264
-2.90248 0.484264
-2.89664 0.484264
-2.8908 0.484264
-2.88496 0.484264
-2.87912 0.484264
-2.87328 0.484264
-2.86744 0.484264
-2.8616 0.484264
-2.85576 0.484264
-2.84992 0.484264
-2.84408 0.484264
-2.83824 0.484264
-2.8324 0.484264
-2.82656 0.484264
-2.82072 0.484264
-2.81488 0.484264
-2.80904 0.484264
-2.8032 0.484264
-2.79736 0.484264
-2.79152 0.484264
-2.78568 0.484264
-2.77984 0.484264
-2.774 0.484264
-2.76816 0.484264
-2.76232 0.484264
-2.75648 0.484264
-2.75064 0.484264
-2.7448 0.484264
-2.73896 0.484264
-2.73312 0.484264
-2.72728 0.484264
-2.72144 0.484264
-2.7156 0.484264
-2.70976 0.484264
-2.70392 0.484264
-2.69808 0.484264
-2.69224 0.484264
-2.6864 0.484264
-2.68056 0.484264
-2.67472 0.484264
-2.66888 0.484264
-2.66304 0.484264
-2.6572 0.484264
-2.65136 0.484264
-2.64552 0.484264
-2.63968 0.484264
-2.63384 0.484264
-2.628 0.484264
-2.62216 0.484264
-2.61632 0.484264
-2.61048 0.484264
-2.60464 0.484264
-2.5988 0.484264
-2.59296 0.483644
-2.58712 0.482889
-2.58128 0.482044
-2.57544 0.481066
-2.5696 0.479955
-2.56376 0.478799
-2.55792 0.477465
-2.55208 0.476089
-2.54624 0.474668
-2.5404 0.473069
-2.53456 0.47147
-2.52872 0.469829
-2.52288 0.468232
-2.51704 0.46642
-2.5112 0.464565
-2.50536 0.462581
-2.49952 0.461054
-2.49368 0.460269
-2.48784 0.45887
-2.482 0.45777
-2.47616 0.457522
-2.47032 0.455631
-2.46448 0.454968
-2.45864 0.453738
-2.4528 0.452158
-2.44696 0.451004
-2.44112 0.450367
-2.43528 0.449687
-2.42944 0.448028
-2.4236 0.447794
-2.41776 0.446953
-2.41192 0.445834
-2.40608 0.444531
-2.40024 0.442787
-2.3944 0.443357
-2.38856 0.442762
-2.38272 0.44024
-2.37688 0.439925
-2.37104 0.436189
-2.3652 0.437611
-2.35936 0.437743
-2.35352 0.435853
-2.34768 0.435465
-2.34184 0.43293
-2.336 0.434172
-2.33016 0.434657
-2.32432 0.429961
-2.31848 0.428732
-2.31264 0.430133
-2.3068 0.426189
-2.30096 0.427334
-2.29512 0.427487
-2.28928 0.423863
-2.28344 0.425738
-2.2776 0.420633
-2.27176 0.419755
-2.26592 0.42088
-2.26008 0.418194
-2.25424 0.415277
-2.2484 0.418307
-2.24256 0.415667
-2.23672 0.413826
-2.23088 0.411556
-2.22504 0.411872
-2.2192 0.407846
-2.21336 0.403659
-2.20752 0.406886
-2.20168 0.40221
-2.19584 0.398595
-2.19 0.399501
-2.18416 0.39799
-2.17832 0.396477
-2.17248 0.392354
-2.16664 0.390999
-2.1608 0.388
-2.15496 0.389639
-2.14912 0.387838
-2.14328 0.381722
-2.13744 0.380363
-2.1316 0.379769
-2.12576 0.374573
-2.11992 0.375174
-2.11408 0.372267
-2.10824 0.368129
-2.1024 0.368352
-2.09656 0.365564
-2.09072 0.361973
-2.08488 0.361017
-2.07904 0.356774
-2.0732 0.356877
-2.06736 0.352236
-2.06152 0.35088
-2.05568 0.350614
-2.04984 0.345917
-2.044 0.344918
-2.03816 0.343272
-2.03232 0.3408
-2.02648 0.336164
-2.02064 0.334147
-2.0148 0.33358
-2.00896 0.330476
-2.00312 0.331646
-1.99728 0.329871
-1.99144 0.329585
-1.9856 0.328119
-1.97976 0.327558
-1.97392 0.327799
-1.96808 0.329134
-1.96224 0.327315
-1.9564 0.323971
-1.95056 0.326133
-1.94472 0.324218
-1.93888 0.326563
-1.93304 0.327033
-1.9272 0.323941
-1.92136 0.323387
-1.91552 0.322394
-1.90968 0.322554
-1.90384 0.324317
-1.898 0.324405
-1.89216 0.329246
-1.88632 0.326192
-1.88048 0.324989
-1.87464 0.328758
-1.8688 0.323785
-1.86296 0.326583
-1.85712 0.331787
-1.85128 0.32655
-1.84544 0.329752
-1.8396 0.326351
-1.83376 0.328337
-1.82792 0.330758
-1.82208 0.329453
-1.81624 0.325422
-1.8104 0.329826
-1.80456 0.323328
-1.79872 0.31932
-1.79288 0.321562
-1.78704 0.317823
-1.7812 0.313689
-1.77536 0.310764
-1.76952 0.318742
-1.76368 0.312943
-1.75784 0.306438
-1.752 0.306248
-1.74616 0.308912
-1.74032 0.306715
-1.73448 0.30618
-1.72864 0.306462
-1.7228 0.304032
-1.71696 0.304782
-1.71112 0.301186
-1.70528 0.303613
-1.69944 0.302399
-1.6936 0.297729
-1.68776 0.298017
-1.68192 0.296875
-1.67608 0.29774
-1.67024 0.294875
-1.6644 0.293561
-1.65856 0.294189
-1.65272 0.294436
-1.64688 0.287144
-1.64104 0.288532
-1.6352 0.288596
-1.62936 0.284087
-1.62352 0.285892
-1.61768 0.283895
-1.61184 0.281419
-1.606 0.287897
-1.60016 0.285392
-1.59432 0.285531
-1.58848 0.289617
-1.58264 0.288344
-1.5768 0.282772
-1.57096 0.281789
-1.56512 0.285371
-1.55928 0.284557
-1.55344 0.288195
-1.5476 0.28968
-1.54176 0.294587
-1.53592 0.291622
-1.53008 0.289113
-1.52424 0.292316
-1.5184 0.291341
-1.51256 0.298763
-1.50672 0.295434
-1.50088 0.297004
-1.49504 0.300992
-1.4892 0.301916
-1.48336 0.300783
-1.47752 0.297378
-1.47168 0.304306
-1.46584 0.303524
-1.46 0.303774
-1.45416 0.311709
-1.44832 0.314598
-1.44248 0.318314
-1.43664 0.319685
-1.4308 0.320559
-1.42496 0.319769
-1.41912 0.321106
-1.41328 0.329579
-1.40744 0.326465
-1.4016 0.334314
-1.39576 0.333129
-1.38992 0.336117
-1.38408 0.346996
-1.37824 0.339342
-1.3724 0.348151
-1.36656 0.34294
-1.36072 0.344687
-1.35488 0.34881
-1.34904 0.350439
-1.3432 0.350522
-1.33736 0.357745
-1.33152 0.367853
-1.32568 0.366439
-1.31984 0.36553
-1.314 0.3721
-1.30816 0.369832
-1.30232 0.375545
-1.29648 0.376108
-1.29064 0.381889
-1.2848 0.384725
-1.27896 0.386381
-1.27312 0.384831
-1.26728 0.390678
-1.26144 0.392397
-1.2556 0.392492
-1.24976 0.39509
-1.24392 0.398134
-1.23808 0.397809
-1.23224 0.403889
-1.2264 0.40455
-1.22056 0.408241
-1.21472 0.411924
-1.20888 0.411117
-1.20304 0.415546
-1.1972 0.417217
-1.19136 0.418489
-1.18552 0.418962
-1.17968 0.422761
-1.17384 0.422128
-1.168 0.431631
-1.16216 0.430384
-1.15632 0.432046
-1.15048 0.435344
-1.14464 0.433931
-1.1388 0.434706
-1.13296 0.434031
-1.12712 0.439418
-1.12128 0.440155
-1.11544 0.44247
-1.1096 0.446362
-1.10376 0.449088
-1.09792 0.44908
-1.09208 0.448244
-1.08624 0.449275
-1.0804 0.453244
-1.07456 0.457065
-1.06872 0.454303
-1.06288 0.455838
-1.05704 0.461064
-1.0512 0.459274
-1.04536 0.45527
-1.03952 0.454551
-1.03368 0.455747
-1.02784 0.454871
-1.022 0.452307
-1.01616 0.456341
-1.01032 0.455824
-1.00448 0.455733
-0.99864 0.453067
-0.9928 0.453647
-0.98696 0.447536
-0.98112 0.447895
-0.97528 0.452251
-0.96944 0.449591
-0.9636 0.449507
-0.95776 0.447402
-0.95192 0.450174
-0.94608 0.452543
-0.94024 0.445197
-0.9344 0.448313
-0.92856 0.443339
-0.92272 0.442647
-0.91688 0.442283
-0.91104 0.44104
-0.9052 0.43896
-0.89936 0.443081
-0.89352 0.444321
-0.88768 0.441714
-0.88184 0.442269
-0.876 0.443623
-0.87016 0.439608
-0.86432 0.443016
-0.85848 0.441694
-0.85264 0.441682
-0.8468 0.44111
-0.84096 0.440233
-0.83512 0.439566
-0.82928 0.437349
-0.82344 0.436238
-0.8176 0.434942
-0.81176 0.436595
-0.80592 0.43506
-0.80008 0.434743
-0.79424 0.434449
-0.7884 0.433656
-0.78256 0.435829
-0.77672 0.43551
-0.77088 0.435239
-0.76504 0.435641
-0.7592 0.435951
-0.75336 0.435161
-0.74752 0.435073
-0.74168 0.435071
-0.73584 0.436158
-0.73 0.436606
-0.72416 0.439022
-0.71832 0.438445
-0.71248 0.439457
-0.70664 0.440134
-0.7008 0.440181
-0.69496 0.440914
-0.68912 0.442236
-0.68328 0.443246
-0.67744 0.447719
-0.6716 0.449092
-0.66576 0.449927
-0.65992 0.45151
-0.65408 0.451005
-0.64824 0.452786
-0.6424 0.455647
-0.63656 0.456426
-0.63072 0.456599
-0.62488 0.456809
-0.61904 0.457427
-0.6132 0.456199
-0.60736 0.455428
-0.60152 0.455951
-0.59568 0.455951
-0.58984 0.455951
-0.584 0.455951
-0.57816 0.455951
-0.57232 0.455951
-0.56648 0.455951
-0.56064 0.455951
-0.5548 0.455951
-0.54896 0.455951
-0.54312 0.455951
-0.53728 0.455951
-0.53144 0.455951
-0.5256 0.455951
-0.51976 0.455951
-0.51392 0.455951
-0.50808 0.455951
-0.50224 0.455951
-0.4964 0.455951
-0.49056 0.455951
-0.48472 0.455951
-0.47888 0.455951
-0.47304 0.455951
-0.4672 0.455951
-0.46136 0.455951
-0.45552 0.455951
-0.44968 0.455951
-0.44384 0.455951
-0.438 0.455951
-0.43216 0.455951
-0.42632 0.455951
-0.42048 0.455951
-0.41464 0.455951
-0.4088 0.455951
-0.40296 0.455951
-0.39712 0.455951
-0.39128 0.455951
-0.38544 0.455951
-0.3796 0.455951
-0.37376 0.455951
-0.36792 0.455951
-0.36208 0.455951
-0.35624 0.455951
-0.3504 0.455951
-0.34456 0.455951
-0.33872 0.455951
-0.33288 0.455951
-0.32704 0.455951
-0.3212 0.455951
-0.31536 0.455951
-0.30952 0.455951
-0.30368 0.455951
-0.29784 0.455951
-0.292 0.455951
-0.28616 0.455951
-0.28032 0.455951
-0.27448 0.455951
-0.26864 0.455951
-0.2628 0.455951
-0.25696 0.455951
-0.25112 0.455951
-0.24528 0.455951
-0.23944 0.455951
-0.2336 0.455951
-0.22776 0.455951
-0.22192 0.455951
-0.21608 0.455951
-0.21024 0.455951
-0.2044 0.455951
-0.19856 0.455951
-0.19272 0.455951
-0.18688 0.455951
-0.18104 0.455951
-0.1752 0.455951
-0.16936 0.455951
-0.16352 0.455951
-0.15768 0.455951
-0.15184 0.455951
-0.146 0.455951
-0.14016 0.455951
-0.13432 0.455951
-0.12848 0.455951
-0.12264 0.455951
-0.1168 0.455951
-0.11096 0.455951
-0.10512 0.455951
-0.09928 0.455951
-0.09344 0.455951
-0.0876 0.455951
-0.08176 0.455951
-0.07592 0.455951
-0.07008 0.455951
-0.06424 0.455951
-0.0584 0.455951
-0.05256 0.455951
-0.04672 0.455951
-0.04088 0.455951
-0.03504 0.455951
-0.0292 0.455951
-0.02336 0.455951
-0.01752 0.455951
-0.01168 0.455951
-0.00584 0.455951
