-2.92 0.480066
-2.91416 0.480066
-2.90832 0.480066
-2.90248 0.480066
-2.89664 0.480066
-2.8908 0.480066
-2.88496 0.480066
-2.87912 0.480066
-2.87328 0.480066
-2.86744 0.480066
-2.8616 0.480066
-2.85576 0.480066
-2.84992 0.480066
-2.84408 0.480066
-2.83824 0.480066
-2.8324 0.480066
-2.82656 0.480066
-2.82072 0.480066
-2.81488 0.480066
-2.80904 0.480066
-2.8032 0.480066
-2.79736 0.480066
-2.79152 0.480066
-2.78568 0.480066
-2.77984 0.480066
-2.774 0.480066
-2.76816 0.480066
-2.76232 0.480066
-2.75648 0.480066
-2.75064 0.480066
-2.7448 0.480066
-2.73896 0.480066
-2.73312 0.480066
-2.72728 0.480066
-2.72144 0.480066
-2.7156 0.480066
-2.70976 0.480066
-2.70392 0.480066
-2.69808 0.480066
-2.69224 0.480066
-2.6864 0.480066
-2.68056 0.480066
-2.67472 0.480066
-2.66888 0.480066
-2.66304 0.480066
-2.6572 0.480066
-2.65136 0.480066
-2.64552 0.480066
-2.63968 0.480066
-2.63384 0.480066
-2.628 0.480066
-2.62216 0.480066
-2.61632 0.480066
-2.61048 0.480066
-2.60464 0.480066
-2.5988 0.480066
-2.59296 0.479538
-2.58712 0.478787
-2.58128 0.477993
-2.57544 0.477197
-2.5696 0.476311
-2.56376 0.475249
-2.55792 0.474184
-2.55208 0.473032
-2.54624 0.471836
-2.5404 0.470462
-2.53456 0.468956
-2.52872 0.467408
-2.52288 0.465859
-2.51704 0.464263
-2.5112 0.462578
-2.50536 0.460804
-2.49952 0.459351
-2.49368 0.458065
-2.48784 0.456835
-2.482 0.456951
-2.47616 0.455932
-2.47032 0.455277
-2.46448 0.454068
-2.45864 0.454193
-2.4528 0.453808
-2.44696 0.451746
-2.44112 0.451486
-2.43528 0.452024
-2.42944 0.450747
-2.4236 0.450855
-2.41776 0.451052
-2.41192 0.450415
-2.40608 0.450604
-2.40024 0.449888
-2.3944 0.449284
-2.38856 0.449736
-2.38272 0.449956
-2.37688 0.449213
-2.37104 0.448753
-2.3652 0.447262
-2.35936 0.44781
-2.35352 0.449067
-2.34768 0.448349
-2.34184 0.447924
-2.336 0.449877
-2.33016 0.448786
-2.32432 0.447701
-2.31848 0.450293
-2.31264 0.449765
-2.3068 0.449108
-2.30096 0.44798
-2.29512 0.449287
-2.28928 0.45054
-2.28344 0.446948
-2.2776 0.447109
-2.27176 0.449608
-2.26592 0.449969
-2.26008 0.44999
-2.25424 0.4504
-2.2484 0.451499
-2.24256 0.450854
-2.23672 0.45264
-2.23088 0.450531
-2.22504 0.450743
-2.2192 0.454327
-2.21336 0.453438
-2.20752 0.453321
-2.20168 0.452791
-2.19584 0.451667
-2.19 0.453176
-2.18416 0.453351
-2.17832 0.453105
-2.17248 0.457521
-2.16664 0.460044
-2.1608 0.454137
-2.15496 0.456452
-2.14912 0.456688
-2.14328 0.455448
-2.13744 0.458119
-2.1316 0.457611
-2.12576 0.458556
-2.11992 0.461464
-2.11408 0.460989
-2.10824 0.46134
-2.1024 0.458511
-2.09656 0.459973
-2.09072 0.460525
-2.08488 0.462301
-2.07904 0.459746
-2.0732 0.46266
-2.06736 0.463045
-2.06152 0.46347
-2.05568 0.467682
-2.04984 0.466082
-2.044 0.465948
-2.03816 0.464641
-2.03232 0.464825
-2.02648 0.465793
-2.02064 0.466875
-2.0148 0.470198
-2.00896 0.469407
-2.00312 0.471349
-1.99728 0.469552
-1.99144 0.465858
-1.9856 0.473515
-1.97976 0.47176
-1.97392 0.474498
-1.96808 0.475598
-1.96224 0.4748
-1.9564 0.476895
-1.95056 0.473252
-1.94472 0.473123
-1.93888 0.477658
-1.93304 0.475651
-1.9272 0.475172
-1.92136 0.47644
-1.91552 0.474635
-1.90968 0.476779
-1.90384 0.474187
-1.898 0.468799
-1.89216 0.466674
-1.88632 0.465008
-1.88048 0.468034
-1.87464 0.467832
-1.8688 0.467821
-1.86296 0.466515
-1.85712 0.467792
-1.85128 0.462196
-1.84544 0.46154
-1.8396 0.458874
-1.83376 0.458177
-1.82792 0.455691
-1.82208 0.452199
-1.81624 0.450086
-1.8104 0.447143
-1.80456 0.443265
-1.79872 0.437724
-1.79288 0.435031
-1.78704 0.427821
-1.7812 0.428219
-1.77536 0.423254
-1.76952 0.423538
-1.76368 0.412616
-1.75784 0.407909
-1.752 0.402516
-1.74616 0.399104
-1.74032 0.394402
-1.73448 0.388305
-1.72864 0.386467
-1.7228 0.379011
-1.71696 0.3737
-1.71112 0.371367
-1.70528 0.362782
-1.69944 0.360526
-1.6936 0.354527
-1.68776 0.349751
-1.68192 0.347171
-1.67608 0.342215
-1.67024 0.335427
-1.6644 0.330206
-1.65856 0.333882
-1.65272 0.326049
-1.64688 0.323748
-1.64104 0.321885
-1.6352 0.321414
-1.62936 0.322185
-1.62352 0.315967
-1.61768 0.315936
-1.61184 0.314925
-1.606 0.312905
-1.60016 0.311011
-1.59432 0.305541
-1.58848 0.306196
-1.58264 0.30323
-1.5768 0.30359
-1.57096 0.306226
-1.56512 0.299935
-1.55928 0.302388
-1.55344 0.299563
-1.5476 0.298531
-1.54176 0.29433
-1.53592 0.296235
-1.53008 0.294554
-1.52424 0.290558
-1.5184 0.289643
-1.51256 0.289732
-1.50672 0.287044
-1.50088 0.285152
-1.49504 0.285539
-1.4892 0.287439
-1.48336 0.286452
-1.47752 0.282987
-1.47168 0.286031
-1.46584 0.280062
-1.46 0.280639
-1.45416 0.27815
-1.44832 0.276256
-1.44248 0.279847
-1.43664 0.278108
-1.4308 0.277329
-1.42496 0.28095
-1.41912 0.276822
-1.41328 0.272229
-1.40744 0.270914
-1.4016 0.271707
-1.39576 0.26881
-1.38992 0.268406
-1.38408 0.25906
-1.37824 0.261184
-1.3724 0.259978
-1.36656 0.25762
-1.36072 0.254429
-1.35488 0.256013
-1.34904 0.254987
-1.3432 0.255778
-1.33736 0.256277
-1.33152 0.258418
-1.32568 0.255739
-1.31984 0.256213
-1.314 0.253566
-1.30816 0.253812
-1.30232 0.24855
-1.29648 0.250362
-1.29064 0.249202
-1.2848 0.246335
-1.27896 0.251199
-1.27312 0.251396
-1.26728 0.24789
-1.26144 0.249856
-1.2556 0.2482
-1.24976 0.250151
-1.24392 0.247113
-1.23808 0.248639
-1.23224 0.249363
-1.2264 0.247961
-1.22056 0.247031
-1.21472 0.243877
-1.20888 0.244771
-1.20304 0.24631
-1.1972 0.245726
-1.19136 0.244381
-1.18552 0.241617
-1.17968 0.242125
-1.17384 0.242243
-1.168 0.240666
-1.16216 0.238837
-1.15632 0.236281
-1.15048 0.237103
-1.14464 0.236008
-1.1388 0.235597
-1.13296 0.238435
-1.12712 0.237311
-1.12128 0.239307
-1.11544 0.23815
-1.1096 0.240955
-1.10376 0.240912
-1.09792 0.240049
-1.09208 0.241128
-1.08624 0.236945
-1.0804 0.238747
-1.07456 0.240386
-1.06872 0.241268
-1.06288 0.243375
-1.05704 0.24876
-1.0512 0.253756
-1.04536 0.255221
-1.03952 0.256658
-1.03368 0.260175
-1.02784 0.260429
-1.022 0.261621
-1.01616 0.266671
-1.01032 0.26908
-1.00448 0.272859
-0.99864 0.274897
-0.9928 0.276699
-0.98696 0.2813
-0.98112 0.280742
-0.97528 0.282829
-0.96944 0.285395
-0.9636 0.28857
-0.95776 0.288383
-0.95192 0.290911
-0.94608 0.289032
-0.94024 0.292393
-0.9344 0.294195
-0.92856 0.295621
-0.92272 0.297413
-0.91688 0.299457
-0.91104 0.301317
-0.9052 0.305311
-0.89936 0.308508
-0.89352 0.3094
-0.88768 0.313199
-0.88184 0.31616
-0.876 0.315564
-0.87016 0.317705
-0.86432 0.317262
-0.85848 0.31942
-0.85264 0.321118
-0.8468 0.321804
-0.84096 0.329314
-0.83512 0.329189
-0.82928 0.330709
-0.82344 0.333618
-0.8176 0.333704
-0.81176 0.335776
-0.80592 0.337077
-0.80008 0.337688
-0.79424 0.339037
-0.7884 0.341177
-0.78256 0.3404
-0.77672 0.340953
-0.77088 0.344089
-0.76504 0.344199
-0.7592 0.345215
-0.75336 0.344908
-0.74752 0.345653
-0.74168 0.347246
-0.73584 0.34858
-0.73 0.348763
-0.72416 0.346726
-0.71832 0.347044
-0.71248 0.347853
-0.70664 0.347025
-0.7008 0.346562
-0.69496 0.345932
-0.68912 0.344868
-0.68328 0.344948
-0.67744 0.343596
-0.6716 0.345064
-0.66576 0.345131
-0.65992 0.344824
-0.65408 0.344389
-0.64824 0.341693
-0.6424 0.342099
-0.63656 0.34128
-0.63072 0.340833
-0.62488 0.340644
-0.61904 0.342017
-0.6132 0.342629
-0.60736 0.343065
-0.60152 0.342529
-0.59568 0.342529
-0.58984 0.342529
-0.584 0.342529
-0.57816 0.342529
-0.57232 0.342529
-0.56648 0.342529
-0.56064 0.342529
-0.5548 0.342529
-0.54896 0.342529
-0.54312 0.342529
-0.53728 0.342529
-0.53144 0.342529
-0.5256 0.342529
-0.51976 0.342529
-0.51392 0.342529
-0.50808 0.342529
-0.50224 0.342529
-0.4964 0.342529
-0.49056 0.342529
-0.48472 0.342529
-0.47888 0.342529
-0.47304 0.342529
-0.4672 0.342529
-0.46136 0.342529
-0.45552 0.342529
-0.44968 0.342529
-0.44384 0.342529
-0.438 0.342529
-0.43216 0.342529
-0.42632 0.342529
-0.42048 0.342529
-0.41464 0.342529
-0.4088 0.342529
-0.40296 0.342529
-0.39712 0.342529
-0.39128 0.342529
-0.38544 0.342529
-0.3796 0.342529
-0.37376 0.342529
-0.36792 0.342529
-0.36208 0.342529
-0.35624 0.342529
-0.3504 0.342529
-0.34456 0.342529
-0.33872 0.342529
-0.33288 0.342529
-0.32704 0.342529
-0.3212 0.342529
-0.31536 0.342529
-0.30952 0.342529
-0.30368 0.342529
-0.29784 0.342529
-0.292 0.342529
-0.28616 0.342529
-0.28032 0.342529
-0.27448 0.342529
-0.26864 0.342529
-0.2628 0.342529
-0.25696 0.342529
-0.25112 0.342529
-0.24528 0.342529
-0.23944 0.342529
-0.2336 0.342529
-0.22776 0.342529
-0.22192 0.342529
-0.21608 0.342529
-0.21024 0.342529
-0.2044 0.342529
-0.19856 0.342529
-0.19272 0.342529
-0.18688 0.342529
-0.18104 0.342529
-0.1752 0.342529
-0.16936 0.342529
-0.16352 0.342529
-0.15768 0.342529
-0.15184 0.342529
-0.146 0.342529
-0.14016 0.342529
-0.13432 0.342529
-0.12848 0.342529
-0.12264 0.342529
-0.1168 0.342529
-0.11096 0.342529
-0.10512 0.342529
-0.09928 0.342529
-0.09344 0.342529
-0.0876 0.342529
-0.08176 0.342529
-0.07592 0.342529
-0.07008 0.342529
-0.06424 0.342529
-0.0584 0.342529
-0.05256 0.342529
-0.04672 0.342529
-0.04088 0.342529
-0.03504 0.342529
-0.0292 0.342529
-0.02336 0.342529
-0.01752 0.342529
-0.01168 0.342529
-0.00584 0.342529
