-2.92 0.432151
-2.91416 0.432151
-2.90832 0.432151
-2.90248 0.432151
-2.89664 0.432151
-2.8908 0.432151
-2.88496 0.432151
-2.87912 0.432151
-2.87328 0.432151
-2.86744 0.432151
-2.8616 0.432151
-2.85576 0.432151
-2.84992 0.432151
-2.84408 0.432151
-2.83824 0.432151
-2.8324 0.432151
-2.82656 0.432151
-2.82072 0.432151
-2.81488 0.432151
-2.80904 0.432151
-2.8032 0.432151
-2.79736 0.432151
-2.79152 0.432151
-2.78568 0.432151
-2.77984 0.432151
-2.774 0.432151
-2.76816 0.432151
-2.76232 0.432151
-2.75648 0.432151
-2.75064 0.432151
-2.7448 0.432151
-2.73896 0.432151
-2.73312 0.432151
-2.72728 0.432151
-2.72144 0.432151
-2.7156 0.432151
-2.70976 0.432151
-2.70392 0.432151
-2.69808 0.432151
-2.69224 0.432151
-2.6864 0.432151
-2.68056 0.432151
-2.67472 0.432151
-2.66888 0.432151
-2.66304 0.432151
-2.6572 0.432151
-2.65136 0.432151
-2.64552 0.432151
-2.63968 0.432151
-2.63384 0.432151
-2.628 0.432151
-2.62216 0.432151
-2.61632 0.432151
-2.61048 0.432151
-2.60464 0.432151
-2.5988 0.432151
-2.59296 0.431662
-2.58712 0.430953
-2.58128 0.430201
-2.57544 0.429405
-2.5696 0.42839
-2.56376 0.427245
-2.55792 0.426056
-2.55208 0.424867
-2.54624 0.423589
-2.5404 0.42218
-2.53456 0.420727
-2.52872 0.419228
-2.52288 0.417773
-2.51704 0.416273
-2.5112 0.41473
-2.50536 0.413099
-2.49952 0.411512
-2.49368 0.409969
-2.48784 0.408293
-2.482 0.406662
-2.47616 0.404809
-2.47032 0.402954
-2.46448 0.40097
-2.45864 0.399108
-2.4528 0.39695
-2.44696 0.395088
-2.44112 0.39301
-2.43528 0.390807
-2.42944 0.388599
-2.4236 0.386305
-2.41776 0.384306
-2.41192 0.38235
-2.40608 0.379845
-2.40024 0.377628
-2.3944 0.37499
-2.38856 0.372978
-2.38272 0.371019
-2.37688 0.368373
-2.37104 0.366578
-2.3652 0.364065
-2.35936 0.362015
-2.35352 0.360793
-2.34768 0.358158
-2.34184 0.3562
-2.336 0.353939
-2.33016 0.352257
-2.32432 0.349789
-2.31848 0.348449
-2.31264 0.345258
-2.3068 0.344576
-2.30096 0.341731
-2.29512 0.3398
-2.28928 0.337223
-2.28344 0.334829
-2.2776 0.33265
-2.27176 0.330126
-2.26592 0.328029
-2.26008 0.326115
-2.25424 0.323855
-2.2484 0.319764
-2.24256 0.318832
-2.23672 0.315756
-2.23088 0.315231
-2.22504 0.312086
-2.2192 0.311234
-2.21336 0.306557
-2.20752 0.305272
-2.20168 0.303655
-2.19584 0.300903
-2.19 0.300101
-2.18416 0.297595
-2.17832 0.29529
-2.17248 0.290069
-2.16664 0.287461
-2.1608 0.285022
-2.15496 0.284289
-2.14912 0.279744
-2.14328 0.27916
-2.13744 0.275869
-2.1316 0.274671
-2.12576 0.270781
-2.11992 0.26884
-2.11408 0.268733
-2.10824 0.263024
-2.1024 0.260132
-2.09656 0.25887
-2.09072 0.256677
-2.08488 0.254378
-2.07904 0.251757
-2.0732 0.250165
-2.06736 0.249569
-2.06152 0.24487
-2.05568 0.243686
-2.04984 0.240446
-2.044 0.236461
-2.03816 0.236247
-2.03232 0.233896
-2.02648 0.234958
-2.02064 0.227279
-2.0148 0.226999
-2.00896 0.22558
-2.00312 0.22444
-1.99728 0.225454
-1.99144 0.224627
-1.9856 0.221462
-1.97976 0.221726
-1.97392 0.222246
-1.96808 0.225312
-1.96224 0.219049
-1.9564 0.221152
-1.95056 0.222213
-1.94472 0.219658
-1.93888 0.218163
-1.93304 0.222089
-1.9272 0.216738
-1.92136 0.218724
-1.91552 0.218688
-1.90968 0.222212
-1.90384 0.220301
-1.898 0.220432
-1.89216 0.218942
-1.88632 0.219936
-1.88048 0.222942
-1.87464 0.221458
-1.8688 0.22301
-1.86296 0.223545
-1.85712 0.222818
-1.85128 0.225351
-1.84544 0.225555
-1.8396 0.226652
-1.83376 0.225655
-1.82792 0.231471
-1.82208 0.22749
-1.81624 0.232684
-1.8104 0.230929
-1.80456 0.232787
-1.79872 0.232816
-1.79288 0.234222
-1.78704 0.233273
-1.7812 0.235891
-1.77536 0.231866
-1.76952 0.233685
-1.76368 0.235689
-1.75784 0.235887
-1.752 0.242994
-1.74616 0.240775
-1.74032 0.240867
-1.73448 0.242866
-1.72864 0.239857
-1.7228 0.24326
-1.71696 0.240554
-1.71112 0.24366
-1.70528 0.248202
-1.69944 0.247936
-1.6936 0.250177
-1.68776 0.253474
-1.68192 0.248889
-1.67608 0.251993
-1.67024 0.250293
-1.6644 0.251975
-1.65856 0.251017
-1.65272 0.251597
-1.64688 0.254517
-1.64104 0.254515
-1.6352 0.254102
-1.62936 0.252191
-1.62352 0.255079
-1.61768 0.254492
-1.61184 0.258205
-1.606 0.257488
-1.60016 0.259421
-1.59432 0.258459
-1.58848 0.267016
-1.58264 0.264122
-1.5768 0.262323
-1.57096 0.269484
-1.56512 0.269869
-1.55928 0.271144
-1.55344 0.272664
-1.5476 0.276149
-1.54176 0.276681
-1.53592 0.280718
-1.53008 0.279168
-1.52424 0.282699
-1.5184 0.286285
-1.51256 0.288432
-1.50672 0.287145
-1.50088 0.288158
-1.49504 0.297683
-1.4892 0.294354
-1.48336 0.290845
-1.47752 0.295873
-1.47168 0.302493
-1.46584 0.297204
-1.46 0.304832
-1.45416 0.301122
-1.44832 0.30738
-1.44248 0.308493
-1.43664 0.305903
-1.4308 0.311995
-1.42496 0.312516
-1.41912 0.313294
-1.41328 0.317481
-1.40744 0.321585
-1.4016 0.321851
-1.39576 0.323788
-1.38992 0.324019
-1.38408 0.326903
-1.37824 0.330999
-1.3724 0.330346
-1.36656 0.329926
-1.36072 0.331652
-1.35488 0.335785
-1.34904 0.329953
-1.3432 0.338723
-1.33736 0.337246
-1.33152 0.340397
-1.32568 0.339836
-1.31984 0.341306
-1.314 0.345922
-1.30816 0.343764
-1.30232 0.349023
-1.29648 0.351046
-1.29064 0.350661
-1.2848 0.354457
-1.27896 0.352352
-1.27312 0.356795
-1.26728 0.359214
-1.26144 0.359092
-1.2556 0.358513
-1.24976 0.362401
-1.24392 0.362763
-1.23808 0.365878
-1.23224 0.362464
-1.2264 0.368901
-1.22056 0.365966
-1.21472 0.369502
-1.20888 0.372039
-1.20304 0.376327
-1.1972 0.375735
-1.19136 0.376818
-1.18552 0.379028
-1.17968 0.380279
-1.17384 0.382721
-1.168 0.383605
-1.16216 0.386523
-1.15632 0.382702
-1.15048 0.388583
-1.14464 0.387268
-1.1388 0.388047
-1.13296 0.39249
-1.12712 0.390271
-1.12128 0.393624
-1.11544 0.397101
-1.1096 0.399074
-1.10376 0.397289
-1.09792 0.403362
-1.09208 0.397803
-1.08624 0.400728
-1.0804 0.40809
-1.07456 0.406964
-1.06872 0.407007
-1.06288 0.404727
-1.05704 0.410077
-1.0512 0.4092
-1.04536 0.40325
-1.03952 0.405466
-1.03368 0.408963
-1.02784 0.403549
-1.022 0.404149
-1.01616 0.403064
-1.01032 0.403544
-1.00448 0.402465
-0.99864 0.397741
-0.9928 0.400033
-0.98696 0.398351
-0.98112 0.399637
-0.97528 0.396124
-0.96944 0.398003
-0.9636 0.39894
-0.95776 0.396476
-0.95192 0.392172
-0.94608 0.394039
-0.94024 0.394176
-0.9344 0.391855
-0.92856 0.389676
-0.92272 0.389611
-0.91688 0.390832
-0.91104 0.383566
-0.9052 0.388509
-0.89936 0.384774
-0.89352 0.386009
-0.88768 0.384679
-0.88184 0.385938
-0.876 0.384726
-0.87016 0.381393
-0.86432 0.382505
-0.85848 0.383149
-0.85264 0.382567
-0.8468 0.380471
-0.84096 0.381698
-0.83512 0.381107
-0.82928 0.379575
-0.82344 0.37607
-0.8176 0.37508
-0.81176 0.375211
-0.80592 0.373964
-0.80008 0.375629
-0.79424 0.375196
-0.7884 0.375518
-0.78256 0.374201
-0.77672 0.375255
-0.77088 0.374305
-0.76504 0.373406
-0.7592 0.374531
-0.75336 0.375076
-0.74752 0.37547
-0.74168 0.374322
-0.73584 0.376223
-0.73 0.375967
-0.72416 0.376469
-0.71832 0.377774
-0.71248 0.378862
-0.70664 0.379183
-0.7008 0.378948
-0.69496 0.379241
-0.68912 0.380026
-0.68328 0.38162
-0.67744 0.384774
-0.6716 0.386889
-0.66576 0.3873
-0.65992 0.388866
-0.65408 0.388448
-0.64824 0.388885
-0.6424 0.391009
-0.63656 0.391985
-0.63072 0.391956
-0.62488 0.39239
-0.61904 0.393004
-0.6132 0.392887
-0.60736 0.391863
-0.60152 0.392431
-0.59568 0.392431
-0.58984 0.392431
-0.584 0.392431
-0.57816 0.392431
-0.57232 0.392431
-0.56648 0.392431
-0.56064 0.392431
-0.5548 0.392431
-0.54896 0.392431
-0.54312 0.392431
-0.53728 0.392431
-0.53144 0.392431
-0.5256 0.392431
-0.51976 0.392431
-0.51392 0.392431
-0.50808 0.392431
-0.50224 0.392431
-0.4964 0.392431
-0.49056 0.392431
-0.48472 0.392431
-0.47888 0.392431
-0.47304 0.392431
-0.4672 0.392431
-0.46136 0.392431
-0.45552 0.392431
-0.44968 0.392431
-0.44384 0.392431
-0.438 0.392431
-0.43216 0.392431
-0.42632 0.392431
-0.42048 0.392431
-0.41464 0.392431
-0.4088 0.392431
-0.40296 0.392431
-0.39712 0.392431
-0.39128 0.392431
-0.38544 0.392431
-0.3796 0.392431
-0.37376 0.392431
-0.36792 0.392431
-0.36208 0.392431
-0.35624 0.392431
-0.3504 0.392431
-0.34456 0.392431
-0.33872 0.392431
-0.33288 0.392431
-0.32704 0.392431
-0.3212 0.392431
-0.31536 0.392431
-0.30952 0.392431
-0.30368 0.392431
-0.29784 0.392431
-0.292 0.392431
-0.28616 0.392431
-0.28032 0.392431
-0.27448 0.392431
-0.26864 0.392431
-0.2628 0.392431
-0.25696 0.392431
-0.25112 0.392431
-0.24528 0.392431
-0.23944 0.392431
-0.2336 0.392431
-0.22776 0.392431
-0.22192 0.392431
-0.21608 0.392431
-0.21024 0.392431
-0.2044 0.392431
-0.19856 0.392431
-0.19272 0.392431
-0.18688 0.392431
-0.18104 0.392431
-0.1752 0.392431
-0.16936 0.392431
-0.16352 0.392431
-0.15768 0.392431
-0.15184 0.392431
-0.146 0.392431
-0.14016 0.392431
-0.13432 0.392431
-0.12848 0.392431
-0.12264 0.392431
-0.1168 0.392431
-0.11096 0.392431
-0.10512 0.392431
-0.09928 0.392431
-0.09344 0.392431
-0.0876 0.392431
-0.08176 0.392431
-0.07592 0.392431
-0.07008 0.392431
-0.06424 0.392431
-0.0584 0.392431
-0.05256 0.392431
-0.04672 0.392431
-0.04088 0.392431
-0.03504 0.392431
-0.0292 0.392431
-0.02336 0.392431
-0.01752 0.392431
-0.01168 0.392431
-0.00584 0.392431
