-2.92 0.465192
-2.91416 0.465192
-2.90832 0.465192
-2.90248 0.465192
-2.89664 0.465192
-2.8908 0.465192
-2.88496 0.465192
-2.87912 0.465192
-2.87328 0.465192
-2.86744 0.465192
-2.8616 0.465192
-2.85576 0.465192
-2.84992 0.465192
-2.84408 0.465192
-2.83824 0.465192
-2.8324 0.465192
-2.82656 0.465192
-2.82072 0.465192
-2.81488 0.465192
-2.80904 0.465192
-2.8032 0.465192
-2.79736 0.465192
-2.79152 0.465192
-2.78568 0.465192
-2.77984 0.465192
-2.774 0.465192
-2.76816 0.465192
-2.76232 0.465192
-2.75648 0.465192
-2.75064 0.465192
-2.7448 0.465192
-2.73896 0.465192
-2.73312 0.465192
-2.72728 0.465192
-2.72144 0.465192
-2.7156 0.465192
-2.70976 0.465192
-2.70392 0.465192
-2.69808 0.465192
-2.69224 0.465192
-2.6864 0.465192
-2.68056 0.465192
-2.67472 0.465192
-2.66888 0.465192
-2.66304 0.465192
-2.6572 0.465192
-2.65136 0.465192
-2.64552 0.465192
-2.63968 0.465192
-2.63384 0.465192
-2.628 0.465192
-2.62216 0.465192
-2.61632 0.465192
-2.61048 0.465192
-2.60464 0.465192
-2.5988 0.465192
-2.59296 0.464577
-2.58712 0.463827
-2.58128 0.463077
-2.57544 0.462241
-2.5696 0.461272
-2.56376 0.460126
-2.55792 0.458847
-2.55208 0.457612
-2.54624 0.456245
-2.5404 0.454789
-2.53456 0.453247
-2.52872 0.451661
-2.52288 0.449942
-2.51704 0.448178
-2.5112 0.446415
-2.50536 0.444652
-2.49952 0.443469
-2.49368 0.442288
-2.48784 0.441645
-2.482 0.441571
-2.47616 0.440556
-2.47032 0.440062
-2.46448 0.439287
-2.45864 0.43924
-2.4528 0.439078
-2.44696 0.437871
-2.44112 0.437782
-2.43528 0.436821
-2.42944 0.4374
-2.4236 0.436376
-2.41776 0.436311
-2.41192 0.436268
-2.40608 0.43547
-2.40024 0.434873
-2.3944 0.435571
-2.38856 0.433267
-2.38272 0.435388
-2.37688 0.437283
-2.37104 0.434667
-2.3652 0.436443
-2.35936 0.435785
-2.35352 0.434098
-2.34768 0.435385
-2.34184 0.435891
-2.336 0.435135
-2.33016 0.435009
-2.32432 0.434482
-2.31848 0.434353
-2.31264 0.434343
-2.3068 0.433416
-2.30096 0.435255
-2.29512 0.434906
-2.28928 0.437671
-2.28344 0.435796
-2.2776 0.439742
-2.27176 0.434926
-2.26592 0.435034
-2.26008 0.436448
-2.25424 0.44066
-2.2484 0.435849
-2.24256 0.437743
-2.23672 0.438174
-2.23088 0.438391
-2.22504 0.435224
-2.2192 0.435147
-2.21336 0.438287
-2.20752 0.438736
-2.20168 0.434024
-2.19584 0.436682
-2.19 0.434875
-2.18416 0.436683
-2.17832 0.43873
-2.17248 0.437388
-2.16664 0.440004
-2.1608 0.436362
-2.15496 0.435576
-2.14912 0.435984
-2.14328 0.437252
-2.13744 0.437402
-2.1316 0.438141
-2.12576 0.438608
-2.11992 0.438905
-2.11408 0.438032
-2.10824 0.436808
-2.1024 0.43801
-2.09656 0.437002
-2.09072 0.440102
-2.08488 0.435186
-2.07904 0.440572
-2.0732 0.437747
-2.06736 0.439858
-2.06152 0.435148
-2.05568 0.437884
-2.04984 0.438242
-2.044 0.437341
-2.03816 0.433482
-2.03232 0.439556
-2.02648 0.440669
-2.02064 0.44345
-2.0148 0.441652
-2.00896 0.440289
-2.00312 0.441479
-1.99728 0.441931
-1.99144 0.443804
-1.9856 0.442035
-1.97976 0.442667
-1.97392 0.441949
-1.96808 0.440123
-1.96224 0.446849
-1.9564 0.447945
-1.95056 0.442781
-1.94472 0.448081
-1.93888 0.447344
-1.93304 0.439431
-1.9272 0.443074
-1.92136 0.44147
-1.91552 0.442016
-1.90968 0.440467
-1.90384 0.439946
-1.898 0.441333
-1.89216 0.437266
-1.88632 0.439491
-1.88048 0.437092
-1.87464 0.433938
-1.8688 0.432551
-1.86296 0.429347
-1.85712 0.427583
-1.85128 0.428797
-1.84544 0.429851
-1.8396 0.42517
-1.83376 0.4268
-1.82792 0.423684
-1.82208 0.422
-1.81624 0.421421
-1.8104 0.408466
-1.80456 0.407172
-1.79872 0.406806
-1.79288 0.40022
-1.78704 0.394423
-1.7812 0.394959
-1.77536 0.387654
-1.76952 0.383145
-1.76368 0.384075
-1.75784 0.3743
-1.752 0.373251
-1.74616 0.368317
-1.74032 0.365962
-1.73448 0.355464
-1.72864 0.351891
-1.7228 0.348768
-1.71696 0.34377
-1.71112 0.339307
-1.70528 0.333086
-1.69944 0.334728
-1.6936 0.328894
-1.68776 0.31955
-1.68192 0.32098
-1.67608 0.31127
-1.67024 0.310773
-1.6644 0.309961
-1.65856 0.310092
-1.65272 0.300304
-1.64688 0.30076
-1.64104 0.301336
-1.6352 0.297642
-1.62936 0.294461
-1.62352 0.293241
-1.61768 0.290289
-1.61184 0.288709
-1.606 0.292721
-1.60016 0.281338
-1.59432 0.288241
-1.58848 0.291707
-1.58264 0.287349
-1.5768 0.287268
-1.57096 0.285038
-1.56512 0.285167
-1.55928 0.285532
-1.55344 0.284054
-1.5476 0.285373
-1.54176 0.287565
-1.53592 0.286885
-1.53008 0.281524
-1.52424 0.281722
-1.5184 0.278223
-1.51256 0.282331
-1.50672 0.280989
-1.50088 0.278238
-1.49504 0.277675
-1.4892 0.282376
-1.48336 0.281507
-1.47752 0.285908
-1.47168 0.281022
-1.46584 0.284791
-1.46 0.283704
-1.45416 0.280206
-1.44832 0.279896
-1.44248 0.283814
-1.43664 0.282898
-1.4308 0.283442
-1.42496 0.282474
-1.41912 0.283208
-1.41328 0.281626
-1.40744 0.282158
-1.4016 0.286811
-1.39576 0.28239
-1.38992 0.282363
-1.38408 0.285449
-1.37824 0.285166
-1.3724 0.280197
-1.36656 0.284103
-1.36072 0.282516
-1.35488 0.283205
-1.34904 0.285754
-1.3432 0.288923
-1.33736 0.287022
-1.33152 0.292392
-1.32568 0.295078
-1.31984 0.294707
-1.314 0.291077
-1.30816 0.28979
-1.30232 0.291422
-1.29648 0.292957
-1.29064 0.288651
-1.2848 0.292237
-1.27896 0.292354
-1.27312 0.294285
-1.26728 0.296205
-1.26144 0.296377
-1.2556 0.297816
-1.24976 0.295119
-1.24392 0.293231
-1.23808 0.296788
-1.23224 0.295993
-1.2264 0.296521
-1.22056 0.296352
-1.21472 0.295735
-1.20888 0.298722
-1.20304 0.295239
-1.1972 0.299
-1.19136 0.299158
-1.18552 0.298764
-1.17968 0.297834
-1.17384 0.298426
-1.168 0.297802
-1.16216 0.295523
-1.15632 0.295554
-1.15048 0.299895
-1.14464 0.298437
-1.1388 0.298323
-1.13296 0.300365
-1.12712 0.301287
-1.12128 0.301382
-1.11544 0.303511
-1.1096 0.302964
-1.10376 0.306247
-1.09792 0.309068
-1.09208 0.306051
-1.08624 0.304042
-1.0804 0.302493
-1.07456 0.306203
-1.06872 0.307514
-1.06288 0.30973
-1.05704 0.315416
-1.0512 0.316957
-1.04536 0.319501
-1.03952 0.325163
-1.03368 0.325136
-1.02784 0.326711
-1.022 0.328065
-1.01616 0.329641
-1.01032 0.3319
-1.00448 0.336097
-0.99864 0.337545
-0.9928 0.338927
-0.98696 0.343513
-0.98112 0.343864
-0.97528 0.345244
-0.96944 0.349113
-0.9636 0.350024
-0.95776 0.35179
-0.95192 0.353727
-0.94608 0.35429
-0.94024 0.356808
-0.9344 0.357962
-0.92856 0.360421
-0.92272 0.360914
-0.91688 0.365352
-0.91104 0.367092
-0.9052 0.369843
-0.89936 0.373676
-0.89352 0.375433
-0.88768 0.379713
-0.88184 0.380955
-0.876 0.380185
-0.87016 0.383476
-0.86432 0.382672
-0.85848 0.385935
-0.85264 0.388305
-0.8468 0.389846
-0.84096 0.393271
-0.83512 0.397303
-0.82928 0.398065
-0.82344 0.399577
-0.8176 0.402238
-0.81176 0.402618
-0.80592 0.404656
-0.80008 0.407155
-0.79424 0.408044
-0.7884 0.409077
-0.78256 0.411193
-0.77672 0.414538
-0.77088 0.416391
-0.76504 0.416738
-0.7592 0.419383
-0.75336 0.42184
-0.74752 0.42103
-0.74168 0.42326
-0.73584 0.424598
-0.73 0.426696
-0.72416 0.425347
-0.71832 0.428284
-0.71248 0.42687
-0.70664 0.427941
-0.7008 0.428073
-0.69496 0.427777
-0.68912 0.428501
-0.68328 0.427328
-0.67744 0.427703
-0.6716 0.428345
-0.66576 0.429523
-0.65992 0.429642
-0.65408 0.428876
-0.64824 0.427518
-0.6424 0.42823
-0.63656 0.428129
-0.63072 0.427903
-0.62488 0.428149
-0.61904 0.430451
-0.6132 0.431108
-0.60736 0.43142
-0.60152 0.431225
-0.59568 0.431225
-0.58984 0.431225
-0.584 0.431225
-0.57816 0.431225
-0.57232 0.431225
-0.56648 0.431225
-0.56064 0.431225
-0.5548 0.431225
-0.54896 0.431225
-0.54312 0.431225
-0.53728 0.431225
-0.53144 0.431225
-0.5256 0.431225
-0.51976 0.431225
-0.51392 0.431225
-0.50808 0.431225
-0.50224 0.431225
-0.4964 0.431225
-0.49056 0.431225
-0.48472 0.431225
-0.47888 0.431225
-0.47304 0.431225
-0.4672 0.431225
-0.46136 0.431225
-0.45552 0.431225
-0.44968 0.431225
-0.44384 0.431225
-0.438 0.431225
-0.43216 0.431225
-0.42632 0.431225
-0.42048 0.431225
-0.41464 0.431225
-0.4088 0.431225
-0.40296 0.431225
-0.39712 0.431225
-0.39128 0.431225
-0.38544 0.431225
-0.3796 0.431225
-0.37376 0.431225
-0.36792 0.431225
-0.36208 0.431225
-0.35624 0.431225
-0.3504 0.431225
-0.34456 0.431225
-0.33872 0.431225
-0.33288 0.431225
-0.32704 0.431225
-0.3212 0.431225
-0.31536 0.431225
-0.30952 0.431225
-0.30368 0.431225
-0.29784 0.431225
-0.292 0.431225
-0.28616 0.431225
-0.28032 0.431225
-0.27448 0.431225
-0.26864 0.431225
-0.2628 0.431225
-0.25696 0.431225
-0.25112 0.431225
-0.24528 0.431225
-0.23944 0.431225
-0.2336 0.431225
-0.22776 0.431225
-0.22192 0.431225
-0.21608 0.431225
-0.21024 0.431225
-0.2044 0.431225
-0.19856 0.431225
-0.19272 0.431225
-0.18688 0.431225
-0.18104 0.431225
-0.1752 0.431225
-0.16936 0.431225
-0.16352 0.431225
-0.15768 0.431225
-0.15184 0.431225
-0.146 0.431225
-0.14016 0.431225
-0.13432 0.431225
-0.12848 0.431225
-0.12264 0.431225
-0.1168 0.431225
-0.11096 0.431225
-0.10512 0.431225
-0.09928 0.431225
-0.09344 0.431225
-0.0876 0.431225
-0.08176 0.431225
-0.07592 0.431225
-0.07008 0.431225
-0.06424 0.431225
-0.0584 0.431225
-0.05256 0.431225
-0.04672 0.431225
-0.04088 0.431225
-0.03504 0.431225
-0.0292 0.431225
-0.02336 0.431225
-0.01752 0.431225
-0.01168 0.431225
-0.00584 0.431225
