-2.92 0.420503
-2.91416 0.420503
-2.90832 0.420503
-2.90248 0.420503
-2.89664 0.420503
-2.8908 0.420503
-2.88496 0.420503
-2.87912 0.420503
-2.87328 0.420503
-2.86744 0.420503
-2.8616 0.420503
-2.85576 0.420503
-2.84992 0.420503
-2.84408 0.420503
-2.83824 0.420503
-2.8324 0.420503
-2.82656 0.420503
-2.82072 0.420503
-2.81488 0.420503
-2.80904 0.420503
-2.8032 0.420503
-2.79736 0.420503
-2.79152 0.420503
-2.78568 0.420503
-2.77984 0.420503
-2.774 0.420503
-2.76816 0.420503
-2.76232 0.420503
-2.75648 0.420503
-2.75064 0.420503
-2.7448 0.420503
-2.73896 0.420503
-2.73312 0.420503
-2.72728 0.420503
-2.72144 0.420503
-2.7156 0.420503
-2.70976 0.420503
-2.70392 0.420503
-2.69808 0.420503
-2.69224 0.420503
-2.6864 0.420503
-2.68056 0.420503
-2.67472 0.420503
-2.66888 0.420503
-2.66304 0.420503
-2.6572 0.420503
-2.65136 0.420503
-2.64552 0.420503
-2.63968 0.420503
-2.63384 0.420503
-2.628 0.420503
-2.62216 0.420503
-2.61632 0.420503
-2.61048 0.420503
-2.60464 0.420503
-2.5988 0.420503
-2.59296 0.420236
-2.58712 0.41975
-2.58128 0.419175
-2.57544 0.418509
-2.5696 0.417713
-2.56376 0.416698
-2.55792 0.415593
-2.55208 0.414488
-2.54624 0.413296
-2.5404 0.411883
-2.53456 0.410427
-2.52872 0.408926
-2.52288 0.407382
-2.51704 0.405882
-2.5112 0.404337
-2.50536 0.402702
-2.49952 0.401103
-2.49368 0.399457
-2.48784 0.397896
-2.482 0.396263
-2.47616 0.394908
-2.47032 0.393051
-2.46448 0.391739
-2.45864 0.389923
-2.4528 0.388641
-2.44696 0.386778
-2.44112 0.385414
-2.43528 0.384228
-2.42944 0.383302
-2.4236 0.381005
-2.41776 0.380746
-2.41192 0.37943
-2.40608 0.378656
-2.40024 0.378733
-2.3944 0.3764
-2.38856 0.376654
-2.38272 0.377255
-2.37688 0.375189
-2.37104 0.374933
-2.3652 0.375522
-2.35936 0.374099
-2.35352 0.374409
-2.34768 0.375857
-2.34184 0.374936
-2.336 0.376108
-2.33016 0.375069
-2.32432 0.373742
-2.31848 0.373322
-2.31264 0.37274
-2.3068 0.372901
-2.30096 0.373041
-2.29512 0.373834
-2.28928 0.373984
-2.28344 0.374258
-2.2776 0.374152
-2.27176 0.373689
-2.26592 0.372706
-2.26008 0.373058
-2.25424 0.373582
-2.2484 0.374421
-2.24256 0.375536
-2.23672 0.375146
-2.23088 0.374106
-2.22504 0.376279
-2.2192 0.37579
-2.21336 0.374986
-2.20752 0.378349
-2.20168 0.377238
-2.19584 0.379171
-2.19 0.378569
-2.18416 0.377025
-2.17832 0.381979
-2.17248 0.379169
-2.16664 0.379491
-2.1608 0.383277
-2.15496 0.382752
-2.14912 0.382703
-2.14328 0.381447
-2.13744 0.384649
-2.1316 0.385406
-2.12576 0.383742
-2.11992 0.385133
-2.11408 0.387954
-2.10824 0.386031
-2.1024 0.388676
-2.09656 0.38757
-2.09072 0.389375
-2.08488 0.390588
-2.07904 0.390735
-2.0732 0.39151
-2.06736 0.395573
-2.06152 0.394779
-2.05568 0.397106
-2.04984 0.395412
-2.044 0.398872
-2.03816 0.400581
-2.03232 0.401798
-2.02648 0.400747
-2.02064 0.398635
-2.0148 0.400085
-2.00896 0.402948
-2.00312 0.402781
-1.99728 0.401212
-1.99144 0.405357
-1.9856 0.406362
-1.97976 0.409022
-1.97392 0.409994
-1.96808 0.409932
-1.96224 0.40968
-1.9564 0.414226
-1.95056 0.413744
-1.94472 0.415905
-1.93888 0.41359
-1.93304 0.414414
-1.9272 0.416115
-1.92136 0.413825
-1.91552 0.414292
-1.90968 0.415982
-1.90384 0.411309
-1.898 0.409538
-1.89216 0.41179
-1.88632 0.41451
-1.88048 0.4071
-1.87464 0.406294
-1.8688 0.40802
-1.86296 0.411608
-1.85712 0.411417
-1.85128 0.406777
-1.84544 0.404725
-1.8396 0.403154
-1.83376 0.399875
-1.82792 0.400308
-1.82208 0.397753
-1.81624 0.39628
-1.8104 0.391945
-1.80456 0.390905
-1.79872 0.3888
-1.79288 0.39124
-1.78704 0.384685
-1.7812 0.382067
-1.77536 0.381217
-1.76952 0.376832
-1.76368 0.370668
-1.75784 0.377398
-1.752 0.372124
-1.74616 0.368802
-1.74032 0.368867
-1.73448 0.366003
-1.72864 0.361724
-1.7228 0.361805
-1.71696 0.355957
-1.71112 0.35184
-1.70528 0.350848
-1.69944 0.345525
-1.6936 0.341897
-1.68776 0.337726
-1.68192 0.33601
-1.67608 0.330608
-1.67024 0.328707
-1.6644 0.322218
-1.65856 0.321821
-1.65272 0.323085
-1.64688 0.314993
-1.64104 0.312538
-1.6352 0.313649
-1.62936 0.310387
-1.62352 0.312922
-1.61768 0.31369
-1.61184 0.308956
-1.606 0.305835
-1.60016 0.305779
-1.59432 0.305236
-1.58848 0.305831
-1.58264 0.297798
-1.5768 0.299902
-1.57096 0.302265
-1.56512 0.295872
-1.55928 0.294487
-1.55344 0.293013
-1.5476 0.300651
-1.54176 0.296304
-1.53592 0.295127
-1.53008 0.294729
-1.52424 0.291109
-1.5184 0.291692
-1.51256 0.290356
-1.50672 0.291324
-1.50088 0.291295
-1.49504 0.289698
-1.4892 0.289767
-1.48336 0.288085
-1.47752 0.289175
-1.47168 0.289912
-1.46584 0.285649
-1.46 0.287063
-1.45416 0.289038
-1.44832 0.28827
-1.44248 0.281427
-1.43664 0.282483
-1.4308 0.284453
-1.42496 0.287759
-1.41912 0.283889
-1.41328 0.283655
-1.40744 0.28282
-1.4016 0.280982
-1.39576 0.277865
-1.38992 0.277893
-1.38408 0.27613
-1.37824 0.273178
-1.3724 0.275583
-1.36656 0.27462
-1.36072 0.269729
-1.35488 0.274602
-1.34904 0.272295
-1.3432 0.273128
-1.33736 0.26931
-1.33152 0.269943
-1.32568 0.275265
-1.31984 0.27429
-1.314 0.270366
-1.30816 0.275803
-1.30232 0.272298
-1.29648 0.268266
-1.29064 0.270553
-1.2848 0.268776
-1.27896 0.271543
-1.27312 0.271331
-1.26728 0.271811
-1.26144 0.270316
-1.2556 0.270632
-1.24976 0.269282
-1.24392 0.269228
-1.23808 0.268049
-1.23224 0.265952
-1.2264 0.26589
-1.22056 0.266903
-1.21472 0.266771
-1.20888 0.265456
-1.20304 0.26609
-1.1972 0.262657
-1.19136 0.264406
-1.18552 0.266036
-1.17968 0.265501
-1.17384 0.263642
-1.168 0.259219
-1.16216 0.259577
-1.15632 0.258066
-1.15048 0.259236
-1.14464 0.256572
-1.1388 0.260581
-1.13296 0.26038
-1.12712 0.260144
-1.12128 0.258868
-1.11544 0.260144
-1.1096 0.261791
-1.10376 0.262949
-1.09792 0.263752
-1.09208 0.264592
-1.08624 0.259174
-1.0804 0.260988
-1.07456 0.261343
-1.06872 0.264546
-1.06288 0.266615
-1.05704 0.274369
-1.0512 0.275864
-1.04536 0.279017
-1.03952 0.282509
-1.03368 0.284582
-1.02784 0.285585
-1.022 0.288568
-1.01616 0.291021
-1.01032 0.294223
-1.00448 0.295407
-0.99864 0.29708
-0.9928 0.300972
-0.98696 0.303242
-0.98112 0.30509
-0.97528 0.307065
-0.96944 0.311837
-0.9636 0.311994
-0.95776 0.313055
-0.95192 0.314627
-0.94608 0.31447
-0.94024 0.316161
-0.9344 0.317663
-0.92856 0.319738
-0.92272 0.321534
-0.91688 0.325452
-0.91104 0.328074
-0.9052 0.330089
-0.89936 0.332996
-0.89352 0.335059
-0.88768 0.340252
-0.88184 0.341649
-0.876 0.340205
-0.87016 0.346351
-0.86432 0.345227
-0.85848 0.346443
-0.85264 0.348895
-0.8468 0.35059
-0.84096 0.35665
-0.83512 0.357858
-0.82928 0.358984
-0.82344 0.36319
-0.8176 0.36409
-0.81176 0.365573
-0.80592 0.367726
-0.80008 0.368848
-0.79424 0.36932
-0.7884 0.371416
-0.78256 0.373778
-0.77672 0.375175
-0.77088 0.376194
-0.76504 0.379035
-0.7592 0.378706
-0.75336 0.381482
-0.74752 0.383605
-0.74168 0.384559
-0.73584 0.38378
-0.73 0.385236
-0.72416 0.384641
-0.71832 0.384765
-0.71248 0.385981
-0.70664 0.384852
-0.7008 0.384835
-0.69496 0.384926
-0.68912 0.385621
-0.68328 0.384494
-0.67744 0.384157
-0.6716 0.386154
-0.66576 0.385946
-0.65992 0.386582
-0.65408 0.386729
-0.64824 0.383912
-0.6424 0.384422
-0.63656 0.384464
-0.63072 0.38441
-0.62488 0.384439
-0.61904 0.386491
-0.6132 0.387064
-0.60736 0.387333
-0.60152 0.387097
-0.59568 0.387097
-0.58984 0.387097
-0.584 0.387097
-0.57816 0.387097
-0.57232 0.387097
-0.56648 0.387097
-0.56064 0.387097
-0.5548 0.387097
-0.54896 0.387097
-0.54312 0.387097
-0.53728 0.387097
-0.53144 0.387097
-0.5256 0.387097
-0.51976 0.387097
-0.51392 0.387097
-0.50808 0.387097
-0.50224 0.387097
-0.4964 0.387097
-0.49056 0.387097
-0.48472 0.387097
-0.47888 0.387097
-0.47304 0.387097
-0.4672 0.387097
-0.46136 0.387097
-0.45552 0.387097
-0.44968 0.387097
-0.44384 0.387097
-0.438 0.387097
-0.43216 0.387097
-0.42632 0.387097
-0.42048 0.387097
-0.41464 0.387097
-0.4088 0.387097
-0.40296 0.387097
-0.39712 0.387097
-0.39128 0.387097
-0.38544 0.387097
-0.3796 0.387097
-0.37376 0.387097
-0.36792 0.387097
-0.36208 0.387097
-0.35624 0.387097
-0.3504 0.387097
-0.34456 0.387097
-0.33872 0.387097
-0.33288 0.387097
-0.32704 0.387097
-0.3212 0.387097
-0.31536 0.387097
-0.30952 0.387097
-0.30368 0.387097
-0.29784 0.387097
-0.292 0.387097
-0.28616 0.387097
-0.28032 0.387097
-0.27448 0.387097
-0.26864 0.387097
-0.2628 0.387097
-0.25696 0.387097
-0.25112 0.387097
-0.24528 0.387097
-0.23944 0.387097
-0.2336 0.387097
-0.22776 0.387097
-0.22192 0.387097
-0.21608 0.387097
-0.21024 0.387097
-0.2044 0.387097
-0.19856 0.387097
-0.19272 0.387097
-0.18688 0.387097
-0.18104 0.387097
-0.1752 0.387097
-0.16936 0.387097
-0.16352 0.387097
-0.15768 0.387097
-0.15184 0.387097
-0.146 0.387097
-0.14016 0.387097
-0.13432 0.387097
-0.12848 0.387097
-0.12264 0.387097
-0.1168 0.387097
-0.11096 0.387097
-0.10512 0.387097
-0.09928 0.387097
-0.09344 0.387097
-0.0876 0.387097
-0.08176 0.387097
-0.07592 0.387097
-0.07008 0.387097
-0.06424 0.387097
-0.0584 0.387097
-0.05256 0.387097
-0.04672 0.387097
-0.04088 0.387097
-0.03504 0.387097
-0.0292 0.387097
-0.02336 0.387097
-0.01752 0.387097
-0.01168 0.387097
-0.00584 0.387097
