-2.92 0.517963
-2.91416 0.517963
-2.90832 0.517963
-2.90248 0.517963
-2.89664 0.517963
-2.8908 0.517963
-2.88496 0.517963
-2.87912 0.517963
-2.87328 0.517963
-2.86744 0.517963
-2.8616 0.517963
-2.85576 0.517963
-2.84992 0.517963
-2.84408 0.517963
-2.83824 0.517963
-2.8324 0.517963
-2.82656 0.517963
-2.82072 0.517963
-2.81488 0.517963
-2.80904 0.517963
-2.8032 0.517963
-2.79736 0.517963
-2.79152 0.517963
-2.78568 0.517963
-2.77984 0.517963
-2.774 0.517963
-2.76816 0.517963
-2.76232 0.517963
-2.75648 0.517963
-2.75064 0.517963
-2.7448 0.517963
-2.73896 0.517963
-2.73312 0.517963
-2.72728 0.517963
-2.72144 0.517963
-2.7156 0.517963
-2.70976 0.517963
-2.70392 0.517963
-2.69808 0.517963
-2.69224 0.517963
-2.6864 0.517963
-2.68056 0.517963
-2.67472 0.517963
-2.66888 0.517963
-2.66304 0.517963
-2.6572 0.517963
-2.65136 0.517963
-2.64552 0.517963
-2.63968 0.517963
-2.63384 0.517963
-2.628 0.517963
-2.62216 0.517963
-2.61632 0.517963
-2.61048 0.517963
-2.60464 0.517963
-2.5988 0.517963
-2.59296 0.517609
-2.58712 0.516946
-2.58128 0.516195
-2.57544 0.51537
-2.5696 0.514332
-2.56376 0.513161
-2.55792 0.511859
-2.55208 0.510512
-2.54624 0.509166
-2.5404 0.507643
-2.53456 0.50603
-2.52872 0.504283
-2.52288 0.502537
-2.51704 0.500702
-2.5112 0.498779
-2.50536 0.4969
-2.49952 0.494977
-2.49368 0.493005
-2.48784 0.491075
-2.482 0.489151
-2.47616 0.487048
-2.47032 0.484817
-2.46448 0.482542
-2.45864 0.480304
-2.4528 0.478186
-2.44696 0.475692
-2.44112 0.473071
-2.43528 0.470737
-2.42944 0.468488
-2.4236 0.465688
-2.41776 0.463556
-2.41192 0.460889
-2.40608 0.458425
-2.40024 0.455952
-2.3944 0.453024
-2.38856 0.450526
-2.38272 0.448189
-2.37688 0.445094
-2.37104 0.442276
-2.3652 0.439661
-2.35936 0.437352
-2.35352 0.434617
-2.34768 0.431095
-2.34184 0.427853
-2.336 0.424893
-2.33016 0.422355
-2.32432 0.419534
-2.31848 0.415865
-2.31264 0.413723
-2.3068 0.410211
-2.30096 0.406415
-2.29512 0.403837
-2.28928 0.401109
-2.28344 0.397383
-2.2776 0.394309
-2.27176 0.3919
-2.26592 0.387605
-2.26008 0.386644
-2.25424 0.3831
-2.2484 0.378594
-2.24256 0.374986
-2.23672 0.372835
-2.23088 0.369259
-2.22504 0.365715
-2.2192 0.362373
-2.21336 0.35952
-2.20752 0.357682
-2.20168 0.352708
-2.19584 0.350511
-2.19 0.345988
-2.18416 0.342791
-2.17832 0.339122
-2.17248 0.334344
-2.16664 0.33269
-2.1608 0.330417
-2.15496 0.325515
-2.14912 0.324043
-2.14328 0.319082
-2.13744 0.316119
-2.1316 0.311571
-2.12576 0.308655
-2.11992 0.306195
-2.11408 0.303223
-2.10824 0.298726
-2.1024 0.295735
-2.09656 0.292409
-2.09072 0.28911
-2.08488 0.283698
-2.07904 0.280431
-2.0732 0.275911
-2.06736 0.275819
-2.06152 0.270243
-2.05568 0.267139
-2.04984 0.26318
-2.044 0.258991
-2.03816 0.257495
-2.03232 0.252375
-2.02648 0.250101
-2.02064 0.245989
-2.0148 0.24278
-2.00896 0.245092
-2.00312 0.23926
-1.99728 0.239256
-1.99144 0.23604
-1.9856 0.233334
-1.97976 0.233793
-1.97392 0.231682
-1.96808 0.230373
-1.96224 0.228612
-1.9564 0.22889
-1.95056 0.224652
-1.94472 0.225789
-1.93888 0.223287
-1.93304 0.223786
-1.9272 0.220192
-1.92136 0.222249
-1.91552 0.220639
-1.90968 0.21928
-1.90384 0.217517
-1.898 0.219357
-1.89216 0.216199
-1.88632 0.216653
-1.88048 0.215672
-1.87464 0.214674
-1.8688 0.217269
-1.86296 0.215093
-1.85712 0.212873
-1.85128 0.217365
-1.84544 0.215772
-1.8396 0.214862
-1.83376 0.215756
-1.82792 0.214667
-1.82208 0.217114
-1.81624 0.219624
-1.8104 0.214154
-1.80456 0.211283
-1.79872 0.211679
-1.79288 0.213699
-1.78704 0.212555
-1.7812 0.211192
-1.77536 0.211596
-1.76952 0.210948
-1.76368 0.209711
-1.75784 0.214796
-1.752 0.211525
-1.74616 0.212392
-1.74032 0.21406
-1.73448 0.214075
-1.72864 0.214682
-1.7228 0.215593
-1.71696 0.219624
-1.71112 0.218063
-1.70528 0.219015
-1.69944 0.219688
-1.6936 0.221309
-1.68776 0.220945
-1.68192 0.221625
-1.67608 0.221245
-1.67024 0.222344
-1.6644 0.220389
-1.65856 0.221958
-1.65272 0.225032
-1.64688 0.220616
-1.64104 0.223783
-1.6352 0.228873
-1.62936 0.224261
-1.62352 0.224643
-1.61768 0.226282
-1.61184 0.227278
-1.606 0.228626
-1.60016 0.235738
-1.59432 0.233325
-1.58848 0.238361
-1.58264 0.243465
-1.5768 0.240247
-1.57096 0.242941
-1.56512 0.244798
-1.55928 0.249059
-1.55344 0.249448
-1.5476 0.261624
-1.54176 0.263447
-1.53592 0.264023
-1.53008 0.263148
-1.52424 0.263775
-1.5184 0.271757
-1.51256 0.273714
-1.50672 0.277853
-1.50088 0.279471
-1.49504 0.284696
-1.4892 0.282992
-1.48336 0.288933
-1.47752 0.288958
-1.47168 0.289419
-1.46584 0.294154
-1.46 0.299581
-1.45416 0.300238
-1.44832 0.303794
-1.44248 0.307719
-1.43664 0.309741
-1.4308 0.312057
-1.42496 0.316526
-1.41912 0.319039
-1.41328 0.319809
-1.40744 0.320365
-1.4016 0.325708
-1.39576 0.330527
-1.38992 0.334501
-1.38408 0.341543
-1.37824 0.342909
-1.3724 0.341558
-1.36656 0.343566
-1.36072 0.346429
-1.35488 0.351779
-1.34904 0.349792
-1.3432 0.351759
-1.33736 0.355181
-1.33152 0.364689
-1.32568 0.363698
-1.31984 0.367329
-1.314 0.371846
-1.30816 0.369863
-1.30232 0.377353
-1.29648 0.381169
-1.29064 0.385213
-1.2848 0.386904
-1.27896 0.388946
-1.27312 0.392456
-1.26728 0.387775
-1.26144 0.391766
-1.2556 0.397151
-1.24976 0.398009
-1.24392 0.40293
-1.23808 0.402871
-1.23224 0.405213
-1.2264 0.406728
-1.22056 0.408963
-1.21472 0.413074
-1.20888 0.413886
-1.20304 0.419532
-1.1972 0.421508
-1.19136 0.422106
-1.18552 0.424636
-1.17968 0.429602
-1.17384 0.430327
-1.168 0.432088
-1.16216 0.437508
-1.15632 0.433346
-1.15048 0.437169
-1.14464 0.441251
-1.1388 0.436211
-1.13296 0.439337
-1.12712 0.439101
-1.12128 0.445077
-1.11544 0.444987
-1.1096 0.452626
-1.10376 0.451899
-1.09792 0.453777
-1.09208 0.45104
-1.08624 0.448412
-1.0804 0.456841
-1.07456 0.455345
-1.06872 0.459481
-1.06288 0.458814
-1.05704 0.462819
-1.0512 0.458391
-1.04536 0.459217
-1.03952 0.458733
-1.03368 0.455484
-1.02784 0.456272
-1.022 0.456629
-1.01616 0.4553
-1.01032 0.452182
-1.00448 0.451598
-0.99864 0.451728
-0.9928 0.452012
-0.98696 0.454807
-0.98112 0.45248
-0.97528 0.449844
-0.96944 0.449433
-0.9636 0.449178
-0.95776 0.449235
-0.95192 0.451302
-0.94608 0.452298
-0.94024 0.449328
-0.9344 0.448138
-0.92856 0.447053
-0.92272 0.445299
-0.91688 0.444168
-0.91104 0.440615
-0.9052 0.440415
-0.89936 0.44417
-0.89352 0.446016
-0.88768 0.442473
-0.88184 0.444054
-0.876 0.445195
-0.87016 0.440358
-0.86432 0.444446
-0.85848 0.444172
-0.85264 0.446043
-0.8468 0.443529
-0.84096 0.445155
-0.83512 0.44433
-0.82928 0.439478
-0.82344 0.440288
-0.8176 0.438663
-0.81176 0.439811
-0.80592 0.440592
-0.80008 0.438327
-0.79424 0.439997
-0.7884 0.439429
-0.78256 0.439861
-0.77672 0.440433
-0.77088 0.44055
-0.76504 0.442141
-0.7592 0.441064
-0.75336 0.441772
-0.74752 0.4413
-0.74168 0.44319
-0.73584 0.444106
-0.73 0.445245
-0.72416 0.445559
-0.71832 0.445546
-0.71248 0.446082
-0.70664 0.447331
-0.7008 0.447832
-0.69496 0.448122
-0.68912 0.449057
-0.68328 0.450971
-0.67744 0.455278
-0.6716 0.456158
-0.66576 0.457873
-0.65992 0.458687
-0.65408 0.459424
-0.64824 0.459576
-0.6424 0.462589
-0.63656 0.463281
-0.63072 0.463734
-0.62488 0.463578
-0.61904 0.463746
-0.6132 0.46299
-0.60736 0.461873
-0.60152 0.46244
-0.59568 0.46244
-0.58984 0.46244
-0.584 0.46244
-0.57816 0.46244
-0.57232 0.46244
-0.56648 0.46244
-0.56064 0.46244
-0.5548 0.46244
-0.54896 0.46244
-0.54312 0.46244
-0.53728 0.46244
-0.53144 0.46244
-0.5256 0.46244
-0.51976 0.46244
-0.51392 0.46244
-0.50808 0.46244
-0.50224 0.46244
-0.4964 0.46244
-0.49056 0.46244
-0.48472 0.46244
-0.47888 0.46244
-0.47304 0.46244
-0.4672 0.46244
-0.46136 0.46244
-0.45552 0.46244
-0.44968 0.46244
-0.44384 0.46244
-0.438 0.46244
-0.43216 0.46244
-0.42632 0.46244
-0.42048 0.46244
-0.41464 0.46244
-0.4088 0.46244
-0.40296 0.46244
-0.39712 0.46244
-0.39128 0.46244
-0.38544 0.46244
-0.3796 0.46244
-0.37376 0.46244
-0.36792 0.46244
-0.36208 0.46244
-0.35624 0.46244
-0.3504 0.46244
-0.34456 0.46244
-0.33872 0.46244
-0.33288 0.46244
-0.32704 0.46244
-0.3212 0.46244
-0.31536 0.46244
-0.30952 0.46244
-0.30368 0.46244
-0.29784 0.46244
-0.292 0.46244
-0.28616 0.46244
-0.28032 0.46244
-0.27448 0.46244
-0.26864 0.46244
-0.2628 0.46244
-0.25696 0.46244
-0.25112 0.46244
-0.24528 0.46244
-0.23944 0.46244
-0.2336 0.46244
-0.22776 0.46244
-0.22192 0.46244
-0.21608 0.46244
-0.21024 0.46244
-0.2044 0.46244
-0.19856 0.46244
-0.19272 0.46244
-0.18688 0.46244
-0.18104 0.46244
-0.1752 0.46244
-0.16936 0.46244
-0.16352 0.46244
-0.15768 0.46244
-0.15184 0.46244
-0.146 0.46244
-0.14016 0.46244
-0.13432 0.46244
-0.12848 0.46244
-0.12264 0.46244
-0.1168 0.46244
-0.11096 0.46244
-0.10512 0.46244
-0.09928 0.46244
-0.09344 0.46244
-0.0876 0.46244
-0.08176 0.46244
-0.07592 0.46244
-0.07008 0.46244
-0.06424 0.46244
-0.0584 0.46244
-0.05256 0.46244
-0.04672 0.46244
-0.04088 0.46244
-0.03504 0.46244
-0.0292 0.46244
-0.02336 0.46244
-0.01752 0.46244
-0.01168 0.46244
-0.00584 0.46244
