-2.92 0.463469
-2.91416 0.463469
-2.90832 0.463469
-2.90248 0.463469
-2.89664 0.463469
-2.8908 0.463469
-2.88496 0.463469
-2.87912 0.463469
-2.87328 0.463469
-2.86744 0.463469
-2.8616 0.463469
-2.85576 0.463469
-2.84992 0.463469
-2.84408 0.463469
-2.83824 0.463469
-2.8324 0.463469
-2.82656 0.463469
-2.82072 0.463469
-2.81488 0.463469
-2.80904 0.463469
-2.8032 0.463469
-2.79736 0.463469
-2.79152 0.463469
-2.78568 0.463469
-2.77984 0.463469
-2.774 0.463469
-2.76816 0.463469
-2.76232 0.463469
-2.75648 0.463469
-2.75064 0.463469
-2.7448 0.463469
-2.73896 0.463469
-2.73312 0.463469
-2.72728 0.463469
-2.72144 0.463469
-2.7156 0.463469
-2.70976 0.463469
-2.70392 0.463469
-2.69808 0.463469
-2.69224 0.463469
-2.6864 0.463469
-2.68056 0.463469
-2.67472 0.463469
-2.66888 0.463469
-2.66304 0.463469
-2.6572 0.463469
-2.65136 0.463469
-2.64552 0.463469
-2.63968 0.463469
-2.63384 0.463469
-2.628 0.463469
-2.62216 0.463469
-2.61632 0.463469
-2.61048 0.463469
-2.60464 0.463469
-2.5988 0.463469
-2.59296 0.463028
-2.58712 0.462323
-2.58128 0.461486
-2.57544 0.460604
-2.5696 0.459542
-2.56376 0.45839
-2.55792 0.457152
-2.55208 0.455825
-2.54624 0.454498
-2.5404 0.453085
-2.53456 0.451539
-2.52872 0.449905
-2.52288 0.448227
-2.51704 0.446462
-2.5112 0.444568
-2.50536 0.442718
-2.49952 0.441154
-2.49368 0.439458
-2.48784 0.438347
-2.482 0.437453
-2.47616 0.435321
-2.47032 0.43503
-2.46448 0.433294
-2.45864 0.432471
-2.4528 0.430039
-2.44696 0.429937
-2.44112 0.429028
-2.43528 0.427333
-2.42944 0.426103
-2.4236 0.425373
-2.41776 0.424686
-2.41192 0.422461
-2.40608 0.422694
-2.40024 0.421517
-2.3944 0.42018
-2.38856 0.420548
-2.38272 0.417816
-2.37688 0.417241
-2.37104 0.416962
-2.3652 0.416294
-2.35936 0.414478
-2.35352 0.413776
-2.34768 0.413048
-2.34184 0.412654
-2.336 0.409658
-2.33016 0.409853
-2.32432 0.408748
-2.31848 0.405667
-2.31264 0.404596
-2.3068 0.402037
-2.30096 0.401494
-2.29512 0.399744
-2.28928 0.397691
-2.28344 0.394475
-2.2776 0.394206
-2.27176 0.392279
-2.26592 0.391345
-2.26008 0.386579
-2.25424 0.384906
-2.2484 0.381494
-2.24256 0.380904
-2.23672 0.377795
-2.23088 0.380036
-2.22504 0.371635
-2.2192 0.373691
-2.21336 0.370071
-2.20752 0.367422
-2.20168 0.36645
-2.19584 0.363868
-2.19 0.362786
-2.18416 0.359713
-2.17832 0.35681
-2.17248 0.354443
-2.16664 0.353845
-2.1608 0.350326
-2.15496 0.34802
-2.14912 0.347125
-2.14328 0.344101
-2.13744 0.342277
-2.1316 0.338225
-2.12576 0.336756
-2.11992 0.334212
-2.11408 0.330007
-2.10824 0.327845
-2.1024 0.324138
-2.09656 0.324748
-2.09072 0.319034
-2.08488 0.319145
-2.07904 0.316361
-2.0732 0.313082
-2.06736 0.311534
-2.06152 0.311215
-2.05568 0.305433
-2.04984 0.306234
-2.044 0.300888
-2.03816 0.299714
-2.03232 0.296835
-2.02648 0.292474
-2.02064 0.294049
-2.0148 0.28924
-2.00896 0.287931
-2.00312 0.290344
-1.99728 0.286187
-1.99144 0.284984
-1.9856 0.286638
-1.97976 0.286274
-1.97392 0.283444
-1.96808 0.283291
-1.96224 0.283253
-1.9564 0.282667
-1.95056 0.282279
-1.94472 0.281546
-1.93888 0.281734
-1.93304 0.283311
-1.9272 0.283078
-1.92136 0.279082
-1.91552 0.280365
-1.90968 0.279852
-1.90384 0.284106
-1.898 0.285547
-1.89216 0.282787
-1.88632 0.280885
-1.88048 0.281025
-1.87464 0.280891
-1.8688 0.280351
-1.86296 0.283491
-1.85712 0.282539
-1.85128 0.279218
-1.84544 0.281451
-1.8396 0.288108
-1.83376 0.284895
-1.82792 0.284292
-1.82208 0.285791
-1.81624 0.28354
-1.8104 0.282716
-1.80456 0.280273
-1.79872 0.277157
-1.79288 0.278079
-1.78704 0.275591
-1.7812 0.273032
-1.77536 0.274578
-1.76952 0.274892
-1.76368 0.2741
-1.75784 0.271463
-1.752 0.272644
-1.74616 0.269555
-1.74032 0.268247
-1.73448 0.267775
-1.72864 0.268693
-1.7228 0.266303
-1.71696 0.268204
-1.71112 0.267669
-1.70528 0.266876
-1.69944 0.267447
-1.6936 0.269131
-1.68776 0.266068
-1.68192 0.264433
-1.67608 0.263597
-1.67024 0.259663
-1.6644 0.258857
-1.65856 0.253908
-1.65272 0.257433
-1.64688 0.254201
-1.64104 0.255001
-1.6352 0.252593
-1.62936 0.252404
-1.62352 0.251802
-1.61768 0.250086
-1.61184 0.24751
-1.606 0.250207
-1.60016 0.253479
-1.59432 0.251212
-1.58848 0.256326
-1.58264 0.255537
-1.5768 0.251075
-1.57096 0.254804
-1.56512 0.260222
-1.55928 0.254794
-1.55344 0.259372
-1.5476 0.262985
-1.54176 0.266688
-1.53592 0.268133
-1.53008 0.269744
-1.52424 0.271308
-1.5184 0.271419
-1.51256 0.274947
-1.50672 0.279539
-1.50088 0.285392
-1.49504 0.279388
-1.4892 0.286132
-1.48336 0.285092
-1.47752 0.286507
-1.47168 0.293734
-1.46584 0.290507
-1.46 0.296606
-1.45416 0.293562
-1.44832 0.299352
-1.44248 0.299275
-1.43664 0.301437
-1.4308 0.302419
-1.42496 0.31271
-1.41912 0.308614
-1.41328 0.30663
-1.40744 0.316564
-1.4016 0.321717
-1.39576 0.319262
-1.38992 0.324301
-1.38408 0.323279
-1.37824 0.32825
-1.3724 0.329402
-1.36656 0.330658
-1.36072 0.336029
-1.35488 0.331715
-1.34904 0.33222
-1.3432 0.339825
-1.33736 0.345138
-1.33152 0.348202
-1.32568 0.348697
-1.31984 0.35186
-1.314 0.357306
-1.30816 0.351043
-1.30232 0.360631
-1.29648 0.35928
-1.29064 0.366458
-1.2848 0.365049
-1.27896 0.370463
-1.27312 0.37294
-1.26728 0.370984
-1.26144 0.372298
-1.2556 0.37828
-1.24976 0.375252
-1.24392 0.379975
-1.23808 0.383366
-1.23224 0.383704
-1.2264 0.387449
-1.22056 0.386712
-1.21472 0.390428
-1.20888 0.390468
-1.20304 0.394168
-1.1972 0.398279
-1.19136 0.39666
-1.18552 0.4031
-1.17968 0.40341
-1.17384 0.402851
-1.168 0.407962
-1.16216 0.411705
-1.15632 0.409743
-1.15048 0.411694
-1.14464 0.412412
-1.1388 0.410432
-1.13296 0.412568
-1.12712 0.41544
-1.12128 0.413302
-1.11544 0.417506
-1.1096 0.421356
-1.10376 0.42356
-1.09792 0.424664
-1.09208 0.420735
-1.08624 0.423762
-1.0804 0.427884
-1.07456 0.425542
-1.06872 0.428363
-1.06288 0.436228
-1.05704 0.429617
-1.0512 0.432408
-1.04536 0.43006
-1.03952 0.428382
-1.03368 0.432051
-1.02784 0.427128
-1.022 0.426676
-1.01616 0.425233
-1.01032 0.426583
-1.00448 0.423932
-0.99864 0.422381
-0.9928 0.421383
-0.98696 0.423535
-0.98112 0.420406
-0.97528 0.41486
-0.96944 0.418873
-0.9636 0.420659
-0.95776 0.418974
-0.95192 0.418948
-0.94608 0.416998
-0.94024 0.41838
-0.9344 0.414192
-0.92856 0.412977
-0.92272 0.411552
-0.91688 0.407876
-0.91104 0.406856
-0.9052 0.40751
-0.89936 0.41027
-0.89352 0.409897
-0.88768 0.407124
-0.88184 0.409289
-0.876 0.408348
-0.87016 0.403948
-0.86432 0.406631
-0.85848 0.405482
-0.85264 0.40716
-0.8468 0.402506
-0.84096 0.405118
-0.83512 0.405184
-0.82928 0.400505
-0.82344 0.399302
-0.8176 0.400389
-0.81176 0.397474
-0.80592 0.39896
-0.80008 0.39602
-0.79424 0.396921
-0.7884 0.395732
-0.78256 0.396406
-0.77672 0.396009
-0.77088 0.395125
-0.76504 0.396207
-0.7592 0.395964
-0.75336 0.394321
-0.74752 0.39532
-0.74168 0.394487
-0.73584 0.394857
-0.73 0.396312
-0.72416 0.396344
-0.71832 0.396603
-0.71248 0.39593
-0.70664 0.396525
-0.7008 0.397018
-0.69496 0.397301
-0.68912 0.397416
-0.68328 0.398812
-0.67744 0.402313
-0.6716 0.403657
-0.66576 0.404795
-0.65992 0.40507
-0.65408 0.405485
-0.64824 0.40599
-0.6424 0.40812
-0.63656 0.408744
-0.63072 0.408813
-0.62488 0.409089
-0.61904 0.408559
-0.6132 0.407828
-0.60736 0.40696
-0.60152 0.407222
-0.59568 0.407222
-0.58984 0.407222
-0.584 0.407222
-0.57816 0.407222
-0.57232 0.407222
-0.56648 0.407222
-0.56064 0.407222
-0.5548 0.407222
-0.54896 0.407222
-0.54312 0.407222
-0.53728 0.407222
-0.53144 0.407222
-0.5256 0.407222
-0.51976 0.407222
-0.51392 0.407222
-0.50808 0.407222
-0.50224 0.407222
-0.4964 0.407222
-0.49056 0.407222
-0.48472 0.407222
-0.47888 0.407222
-0.47304 0.407222
-0.4672 0.407222
-0.46136 0.407222
-0.45552 0.407222
-0.44968 0.407222
-0.44384 0.407222
-0.438 0.407222
-0.43216 0.407222
-0.42632 0.407222
-0.42048 0.407222
-0.41464 0.407222
-0.4088 0.407222
-0.40296 0.407222
-0.39712 0.407222
-0.39128 0.407222
-0.38544 0.407222
-0.3796 0.407222
-0.37376 0.407222
-0.36792 0.407222
-0.36208 0.407222
-0.35624 0.407222
-0.3504 0.407222
-0.34456 0.407222
-0.33872 0.407222
-0.33288 0.407222
-0.32704 0.407222
-0.3212 0.407222
-0.31536 0.407222
-0.30952 0.407222
-0.30368 0.407222
-0.29784 0.407222
-0.292 0.407222
-0.28616 0.407222
-0.28032 0.407222
-0.27448 0.407222
-0.26864 0.407222
-0.2628 0.407222
-0.25696 0.407222
-0.25112 0.407222
-0.24528 0.407222
-0.23944 0.407222
-0.2336 0.407222
-0.22776 0.407222
-0.22192 0.407222
-0.21608 0.407222
-0.21024 0.407222
-0.2044 0.407222
-0.19856 0.407222
-0.19272 0.407222
-0.18688 0.407222
-0.18104 0.407222
-0.1752 0.407222
-0.16936 0.407222
-0.16352 0.407222
-0.15768 0.407222
-0.15184 0.407222
-0.146 0.407222
-0.14016 0.407222
-0.13432 0.407222
-0.12848 0.407222
-0.12264 0.407222
-0.1168 0.407222
-0.11096 0.407222
-0.10512 0.407222
-0.09928 0.407222
-0.09344 0.407222
-0.0876 0.407222
-0.08176 0.407222
-0.07592 0.407222
-0.07008 0.407222
-0.06424 0.407222
-0.0584 0.407222
-0.05256 0.407222
-0.04672 0.407222
-0.04088 0.407222
-0.03504 0.407222
-0.0292 0.407222
-0.02336 0.407222
-0.01752 0.407222
-0.01168 0.407222
-0.00584 0.407222
