-2.92 0.524485
-2.91416 0.524485
-2.90832 0.524485
-2.90248 0.524485
-2.89664 0.524485
-2.8908 0.524485
-2.88496 0.524485
-2.87912 0.524485
-2.87328 0.524485
-2.86744 0.524485
-2.8616 0.524485
-2.85576 0.524485
-2.84992 0.524485
-2.84408 0.524485
-2.83824 0.524485
-2.8324 0.524485
-2.82656 0.524485
-2.82072 0.524485
-2.81488 0.524485
-2.80904 0.524485
-2.8032 0.524485
-2.79736 0.524485
-2.79152 0.524485
-2.78568 0.524485
-2.77984 0.524485
-2.774 0.524485
-2.76816 0.524485
-2.76232 0.524485
-2.75648 0.524485
-2.75064 0.524485
-2.7448 0.524485
-2.73896 0.524485
-2.73312 0.524485
-2.72728 0.524485
-2.72144 0.524485
-2.7156 0.524485
-2.70976 0.524485
-2.70392 0.524485
-2.69808 0.524485
-2.69224 0.524485
-2.6864 0.524485
-2.68056 0.524485
-2.67472 0.524485
-2.66888 0.524485
-2.66304 0.524485
-2.6572 0.524485
-2.65136 0.524485
-2.64552 0.524485
-2.63968 0.524485
-2.63384 0.524485
-2.628 0.524485
-2.62216 0.524485
-2.61632 0.524485
-2.61048 0.524485
-2.60464 0.524485
-2.5988 0.524485
-2.59296 0.524001
-2.58712 0.523296
-2.58128 0.522547
-2.57544 0.52162
-2.5696 0.520557
-2.56376 0.519318
-2.55792 0.517992
-2.55208 0.516621
-2.54624 0.515161
-2.5404 0.513528
-2.53456 0.511847
-2.52872 0.510041
-2.52288 0.508279
-2.51704 0.50639
-2.5112 0.50437
-2.50536 0.502348
-2.49952 0.500651
-2.49368 0.499453
-2.48784 0.497935
-2.482 0.497272
-2.47616 0.495512
-2.47032 0.494735
-2.46448 0.493113
-2.45864 0.492546
-2.4528 0.491829
-2.44696 0.49158
-2.44112 0.489047
-2.43528 0.488298
-2.42944 0.487291
-2.4236 0.485446
-2.41776 0.485591
-2.41192 0.485737
-2.40608 0.482096
-2.40024 0.481804
-2.3944 0.481788
-2.38856 0.479908
-2.38272 0.477214
-2.37688 0.476989
-2.37104 0.475719
-2.3652 0.476312
-2.35936 0.472626
-2.35352 0.472611
-2.34768 0.47002
-2.34184 0.467886
-2.336 0.468169
-2.33016 0.467482
-2.32432 0.465878
-2.31848 0.465361
-2.31264 0.463067
-2.3068 0.46386
-2.30096 0.459741
-2.29512 0.459609
-2.28928 0.460399
-2.28344 0.459047
-2.2776 0.45769
-2.27176 0.457055
-2.26592 0.455365
-2.26008 0.454536
-2.25424 0.455898
-2.2484 0.452695
-2.24256 0.451209
-2.23672 0.450856
-2.23088 0.450139
-2.22504 0.448719
-2.2192 0.445234
-2.21336 0.446221
-2.20752 0.442915
-2.20168 0.442378
-2.19584 0.441725
-2.19 0.435191
-2.18416 0.436179
-2.17832 0.434932
-2.17248 0.433363
-2.16664 0.431574
-2.1608 0.428315
-2.15496 0.426008
-2.14912 0.425547
-2.14328 0.419842
-2.13744 0.415836
-2.1316 0.415192
-2.12576 0.415252
-2.11992 0.411911
-2.11408 0.412576
-2.10824 0.405532
-2.1024 0.403451
-2.09656 0.400275
-2.09072 0.398065
-2.08488 0.398238
-2.07904 0.398417
-2.0732 0.393502
-2.06736 0.389893
-2.06152 0.385738
-2.05568 0.381807
-2.04984 0.382346
-2.044 0.380137
-2.03816 0.375082
-2.03232 0.373743
-2.02648 0.375214
-2.02064 0.370004
-2.0148 0.370435
-2.00896 0.365925
-2.00312 0.366384
-1.99728 0.363874
-1.99144 0.364023
-1.9856 0.360455
-1.97976 0.362595
-1.97392 0.360311
-1.96808 0.35489
-1.96224 0.361662
-1.9564 0.360916
-1.95056 0.359192
-1.94472 0.357301
-1.93888 0.355552
-1.93304 0.357556
-1.9272 0.357325
-1.92136 0.358941
-1.91552 0.359164
-1.90968 0.356258
-1.90384 0.350508
-1.898 0.357525
-1.89216 0.358397
-1.88632 0.358044
-1.88048 0.354127
-1.87464 0.353013
-1.8688 0.357001
-1.86296 0.357323
-1.85712 0.356125
-1.85128 0.354409
-1.84544 0.35725
-1.8396 0.356417
-1.83376 0.356024
-1.82792 0.35831
-1.82208 0.360074
-1.81624 0.35813
-1.8104 0.355504
-1.80456 0.353587
-1.79872 0.35015
-1.79288 0.351612
-1.78704 0.346819
-1.7812 0.341021
-1.77536 0.341881
-1.76952 0.340992
-1.76368 0.336433
-1.75784 0.337118
-1.752 0.331572
-1.74616 0.330432
-1.74032 0.331549
-1.73448 0.332616
-1.72864 0.327944
-1.7228 0.327117
-1.71696 0.326046
-1.71112 0.326568
-1.70528 0.327168
-1.69944 0.319179
-1.6936 0.317972
-1.68776 0.320555
-1.68192 0.319693
-1.67608 0.317781
-1.67024 0.311327
-1.6644 0.311301
-1.65856 0.3089
-1.65272 0.305264
-1.64688 0.307872
-1.64104 0.310571
-1.6352 0.304152
-1.62936 0.302513
-1.62352 0.296163
-1.61768 0.300724
-1.61184 0.296301
-1.606 0.305976
-1.60016 0.300358
-1.59432 0.305815
-1.58848 0.303275
-1.58264 0.303566
-1.5768 0.304908
-1.57096 0.30428
-1.56512 0.303929
-1.55928 0.304387
-1.55344 0.310005
-1.5476 0.305307
-1.54176 0.307536
-1.53592 0.308428
-1.53008 0.310576
-1.52424 0.306253
-1.5184 0.30656
-1.51256 0.30992
-1.50672 0.30848
-1.50088 0.308391
-1.49504 0.306937
-1.4892 0.312978
-1.48336 0.309921
-1.47752 0.309989
-1.47168 0.313785
-1.46584 0.306734
-1.46 0.313314
-1.45416 0.313795
-1.44832 0.318528
-1.44248 0.318792
-1.43664 0.318018
-1.4308 0.32114
-1.42496 0.323922
-1.41912 0.319377
-1.41328 0.325788
-1.40744 0.32557
-1.4016 0.325139
-1.39576 0.331143
-1.38992 0.330359
-1.38408 0.337161
-1.37824 0.336756
-1.3724 0.337218
-1.36656 0.340013
-1.36072 0.3402
-1.35488 0.340496
-1.34904 0.337985
-1.3432 0.342077
-1.33736 0.345576
-1.33152 0.349919
-1.32568 0.35524
-1.31984 0.35408
-1.314 0.358124
-1.30816 0.356439
-1.30232 0.363212
-1.29648 0.367261
-1.29064 0.364098
-1.2848 0.366583
-1.27896 0.368463
-1.27312 0.370847
-1.26728 0.373745
-1.26144 0.371513
-1.2556 0.373502
-1.24976 0.379667
-1.24392 0.379469
-1.23808 0.378422
-1.23224 0.381795
-1.2264 0.385764
-1.22056 0.386767
-1.21472 0.386629
-1.20888 0.391532
-1.20304 0.395071
-1.1972 0.39324
-1.19136 0.395336
-1.18552 0.395099
-1.17968 0.397424
-1.17384 0.40273
-1.168 0.405745
-1.16216 0.403697
-1.15632 0.407055
-1.15048 0.406121
-1.14464 0.405384
-1.1388 0.40755
-1.13296 0.409348
-1.12712 0.407288
-1.12128 0.41336
-1.11544 0.42041
-1.1096 0.419718
-1.10376 0.417888
-1.09792 0.417693
-1.09208 0.418548
-1.08624 0.419599
-1.0804 0.420617
-1.07456 0.423069
-1.06872 0.424254
-1.06288 0.424339
-1.05704 0.423755
-1.0512 0.428188
-1.04536 0.425335
-1.03952 0.424061
-1.03368 0.429216
-1.02784 0.419721
-1.022 0.424623
-1.01616 0.422366
-1.01032 0.423947
-1.00448 0.422451
-0.99864 0.421045
-0.9928 0.419374
-0.98696 0.420133
-0.98112 0.415759
-0.97528 0.418672
-0.96944 0.414352
-0.9636 0.414522
-0.95776 0.416127
-0.95192 0.412616
-0.94608 0.415948
-0.94024 0.413664
-0.9344 0.411914
-0.92856 0.411314
-0.92272 0.407974
-0.91688 0.408111
-0.91104 0.403164
-0.9052 0.404123
-0.89936 0.406375
-0.89352 0.407534
-0.88768 0.408092
-0.88184 0.405797
-0.876 0.407157
-0.87016 0.401296
-0.86432 0.405195
-0.85848 0.404227
-0.85264 0.402832
-0.8468 0.402411
-0.84096 0.402442
-0.83512 0.401666
-0.82928 0.401508
-0.82344 0.396101
-0.8176 0.398281
-0.81176 0.39739
-0.80592 0.397092
-0.80008 0.396571
-0.79424 0.394716
-0.7884 0.395602
-0.78256 0.395098
-0.77672 0.39473
-0.77088 0.392605
-0.76504 0.394945
-0.7592 0.394121
-0.75336 0.393594
-0.74752 0.393784
-0.74168 0.393918
-0.73584 0.394582
-0.73 0.394949
-0.72416 0.395733
-0.71832 0.395955
-0.71248 0.396173
-0.70664 0.396364
-0.7008 0.397029
-0.69496 0.397865
-0.68912 0.398558
-0.68328 0.39942
-0.67744 0.403894
-0.6716 0.404995
-0.66576 0.405949
-0.65992 0.406304
-0.65408 0.406135
-0.64824 0.407279
-0.6424 0.409675
-0.63656 0.410598
-0.63072 0.411682
-0.62488 0.411254
-0.61904 0.410735
-0.6132 0.410301
-0.60736 0.409358
-0.60152 0.409879
-0.59568 0.409879
-0.58984 0.409879
-0.584 0.409879
-0.57816 0.409879
-0.57232 0.409879
-0.56648 0.409879
-0.56064 0.409879
-0.5548 0.409879
-0.54896 0.409879
-0.54312 0.409879
-0.53728 0.409879
-0.53144 0.409879
-0.5256 0.409879
-0.51976 0.409879
-0.51392 0.409879
-0.50808 0.409879
-0.50224 0.409879
-0.4964 0.409879
-0.49056 0.409879
-0.48472 0.409879
-0.47888 0.409879
-0.47304 0.409879
-0.4672 0.409879
-0.46136 0.409879
-0.45552 0.409879
-0.44968 0.409879
-0.44384 0.409879
-0.438 0.409879
-0.43216 0.409879
-0.42632 0.409879
-0.42048 0.409879
-0.41464 0.409879
-0.4088 0.409879
-0.40296 0.409879
-0.39712 0.409879
-0.39128 0.409879
-0.38544 0.409879
-0.3796 0.409879
-0.37376 0.409879
-0.36792 0.409879
-0.36208 0.409879
-0.35624 0.409879
-0.3504 0.409879
-0.34456 0.409879
-0.33872 0.409879
-0.33288 0.409879
-0.32704 0.409879
-0.3212 0.409879
-0.31536 0.409879
-0.30952 0.409879
-0.30368 0.409879
-0.29784 0.409879
-0.292 0.409879
-0.28616 0.409879
-0.28032 0.409879
-0.27448 0.409879
-0.26864 0.409879
-0.2628 0.409879
-0.25696 0.409879
-0.25112 0.409879
-0.24528 0.409879
-0.23944 0.409879
-0.2336 0.409879
-0.22776 0.409879
-0.22192 0.409879
-0.21608 0.409879
-0.21024 0.409879
-0.2044 0.409879
-0.19856 0.409879
-0.19272 0.409879
-0.18688 0.409879
-0.18104 0.409879
-0.1752 0.409879
-0.16936 0.409879
-0.16352 0.409879
-0.15768 0.409879
-0.15184 0.409879
-0.146 0.409879
-0.14016 0.409879
-0.13432 0.409879
-0.12848 0.409879
-0.12264 0.409879
-0.1168 0.409879
-0.11096 0.409879
-0.10512 0.409879
-0.09928 0.409879
-0.09344 0.409879
-0.0876 0.409879
-0.08176 0.409879
-0.07592 0.409879
-0.07008 0.409879
-0.06424 0.409879
-0.0584 0.409879
-0.05256 0.409879
-0.04672 0.409879
-0.04088 0.409879
-0.03504 0.409879
-0.0292 0.409879
-0.02336 0.409879
-0.01752 0.409879
-0.01168 0.409879
-0.00584 0.409879
