-2.92 0.503069
-2.91416 0.503069
-2.90832 0.503069
-2.90248 0.503069
-2.89664 0.503069
-2.8908 0.503069
-2.88496 0.503069
-2.87912 0.503069
-2.87328 0.503069
-2.86744 0.503069
-2.8616 0.503069
-2.85576 0.503069
-2.84992 0.503069
-2.84408 0.503069
-2.83824 0.503069
-2.8324 0.503069
-2.82656 0.503069
-2.82072 0.503069
-2.81488 0.503069
-2.80904 0.503069
-2.8032 0.503069
-2.79736 0.503069
-2.79152 0.503069
-2.78568 0.503069
-2.77984 0.503069
-2.774 0.503069
-2.76816 0.503069
-2.76232 0.503069
-2.75648 0.503069
-2.75064 0.503069
-2.7448 0.503069
-2.73896 0.503069
-2.73312 0.503069
-2.72728 0.503069
-2.72144 0.503069
-2.7156 0.503069
-2.70976 0.503069
-2.70392 0.503069
-2.69808 0.503069
-2.69224 0.503069
-2.6864 0.503069
-2.68056 0.503069
-2.67472 0.503069
-2.66888 0.503069
-2.66304 0.503069
-2.6572 0.503069
-2.65136 0.503069
-2.64552 0.503069
-2.63968 0.503069
-2.63384 0.503069
-2.628 0.503069
-2.62216 0.503069
-2.61632 0.503069
-2.61048 0.503069
-2.60464 0.503069
-2.5988 0.503069
-2.59296 0.502317
-2.58712 0.501386
-2.58128 0.50041
-2.57544 0.499299
-2.5696 0.4981
-2.56376 0.496767
-2.55792 0.495346
-2.55208 0.493926
-2.54624 0.492459
-2.5404 0.490992
-2.53456 0.489479
-2.52872 0.487921
-2.52288 0.486279
-2.51704 0.484501
-2.5112 0.482679
-2.50536 0.480768
-2.49952 0.479352
-2.49368 0.47832
-2.48784 0.477285
-2.482 0.476236
-2.47616 0.475554
-2.47032 0.475112
-2.46448 0.473334
-2.45864 0.472987
-2.4528 0.471965
-2.44696 0.471518
-2.44112 0.470501
-2.43528 0.470667
-2.42944 0.470168
-2.4236 0.468211
-2.41776 0.469552
-2.41192 0.468215
-2.40608 0.466967
-2.40024 0.467165
-2.3944 0.466779
-2.38856 0.464945
-2.38272 0.46616
-2.37688 0.464575
-2.37104 0.463068
-2.3652 0.464933
-2.35936 0.46353
-2.35352 0.463833
-2.34768 0.46306
-2.34184 0.461491
-2.336 0.461194
-2.33016 0.462212
-2.32432 0.460867
-2.31848 0.459024
-2.31264 0.459527
-2.3068 0.458688
-2.30096 0.459001
-2.29512 0.45718
-2.28928 0.455316
-2.28344 0.457245
-2.2776 0.456858
-2.27176 0.457487
-2.26592 0.454787
-2.26008 0.455693
-2.25424 0.454355
-2.2484 0.458359
-2.24256 0.454558
-2.23672 0.454731
-2.23088 0.453669
-2.22504 0.453284
-2.2192 0.451847
-2.21336 0.45125
-2.20752 0.453496
-2.20168 0.451821
-2.19584 0.449562
-2.19 0.446408
-2.18416 0.451608
-2.17832 0.446133
-2.17248 0.447234
-2.16664 0.445514
-2.1608 0.446109
-2.15496 0.445798
-2.14912 0.444389
-2.14328 0.447468
-2.13744 0.442692
-2.1316 0.446235
-2.12576 0.444268
-2.11992 0.442949
-2.11408 0.443459
-2.10824 0.442975
-2.1024 0.444221
-2.09656 0.443348
-2.09072 0.437945
-2.08488 0.44185
-2.07904 0.439281
-2.0732 0.441834
-2.06736 0.437683
-2.06152 0.439417
-2.05568 0.443077
-2.04984 0.438126
-2.044 0.439314
-2.03816 0.43914
-2.03232 0.438925
-2.02648 0.441792
-2.02064 0.439189
-2.0148 0.440186
-2.00896 0.437684
-2.00312 0.439391
-1.99728 0.436928
-1.99144 0.438647
-1.9856 0.441205
-1.97976 0.441308
-1.97392 0.438839
-1.96808 0.43765
-1.96224 0.437039
-1.9564 0.440282
-1.95056 0.437773
-1.94472 0.437561
-1.93888 0.430155
-1.93304 0.432472
-1.9272 0.431234
-1.92136 0.430323
-1.91552 0.430266
-1.90968 0.426136
-1.90384 0.423991
-1.898 0.422182
-1.89216 0.425474
-1.88632 0.417529
-1.88048 0.419114
-1.87464 0.417873
-1.8688 0.414751
-1.86296 0.41403
-1.85712 0.415399
-1.85128 0.410057
-1.84544 0.405313
-1.8396 0.408393
-1.83376 0.40835
-1.82792 0.405523
-1.82208 0.40746
-1.81624 0.401651
-1.8104 0.392738
-1.80456 0.39116
-1.79872 0.386023
-1.79288 0.379581
-1.78704 0.379698
-1.7812 0.374704
-1.77536 0.36935
-1.76952 0.36515
-1.76368 0.363849
-1.75784 0.358014
-1.752 0.348558
-1.74616 0.343277
-1.74032 0.341316
-1.73448 0.334972
-1.72864 0.332353
-1.7228 0.326219
-1.71696 0.322956
-1.71112 0.315314
-1.70528 0.314406
-1.69944 0.311776
-1.6936 0.308311
-1.68776 0.304852
-1.68192 0.297884
-1.67608 0.295433
-1.67024 0.291977
-1.6644 0.291961
-1.65856 0.286351
-1.65272 0.28232
-1.64688 0.285776
-1.64104 0.279551
-1.6352 0.278331
-1.62936 0.273802
-1.62352 0.27411
-1.61768 0.272891
-1.61184 0.267115
-1.606 0.272639
-1.60016 0.273146
-1.59432 0.270844
-1.58848 0.267618
-1.58264 0.26696
-1.5768 0.267111
-1.57096 0.267412
-1.56512 0.270574
-1.55928 0.268971
-1.55344 0.26463
-1.5476 0.270574
-1.54176 0.269573
-1.53592 0.270464
-1.53008 0.264091
-1.52424 0.267728
-1.5184 0.265248
-1.51256 0.267667
-1.50672 0.263596
-1.50088 0.263105
-1.49504 0.25951
-1.4892 0.270417
-1.48336 0.261317
-1.47752 0.267474
-1.47168 0.265235
-1.46584 0.267811
-1.46 0.264691
-1.45416 0.270233
-1.44832 0.271935
-1.44248 0.268935
-1.43664 0.268855
-1.4308 0.268644
-1.42496 0.267924
-1.41912 0.273505
-1.41328 0.273598
-1.40744 0.270054
-1.4016 0.272175
-1.39576 0.274306
-1.38992 0.273773
-1.38408 0.277353
-1.37824 0.273196
-1.3724 0.270448
-1.36656 0.277714
-1.36072 0.277013
-1.35488 0.272
-1.34904 0.27604
-1.3432 0.274786
-1.33736 0.2719
-1.33152 0.273045
-1.32568 0.275385
-1.31984 0.2792
-1.314 0.277132
-1.30816 0.275622
-1.30232 0.278021
-1.29648 0.273133
-1.29064 0.276244
-1.2848 0.275229
-1.27896 0.276627
-1.27312 0.277209
-1.26728 0.28042
-1.26144 0.281711
-1.2556 0.282546
-1.24976 0.282654
-1.24392 0.283447
-1.23808 0.28899
-1.23224 0.285786
-1.2264 0.287324
-1.22056 0.289053
-1.21472 0.293121
-1.20888 0.292263
-1.20304 0.290295
-1.1972 0.291581
-1.19136 0.290584
-1.18552 0.290301
-1.17968 0.293288
-1.17384 0.294458
-1.168 0.296435
-1.16216 0.294153
-1.15632 0.297281
-1.15048 0.293148
-1.14464 0.297465
-1.1388 0.292385
-1.13296 0.29448
-1.12712 0.291594
-1.12128 0.296381
-1.11544 0.295619
-1.1096 0.298605
-1.10376 0.297319
-1.09792 0.301791
-1.09208 0.297764
-1.08624 0.302843
-1.0804 0.30208
-1.07456 0.307686
-1.06872 0.308248
-1.06288 0.313357
-1.05704 0.311882
-1.0512 0.322012
-1.04536 0.32127
-1.03952 0.324382
-1.03368 0.327781
-1.02784 0.332863
-1.022 0.333757
-1.01616 0.337951
-1.01032 0.340907
-1.00448 0.341869
-0.99864 0.344426
-0.9928 0.34436
-0.98696 0.348331
-0.98112 0.352574
-0.97528 0.352947
-0.96944 0.354232
-0.9636 0.357251
-0.95776 0.359631
-0.95192 0.36304
-0.94608 0.365156
-0.94024 0.365925
-0.9344 0.369117
-0.92856 0.372114
-0.92272 0.37659
-0.91688 0.372969
-0.91104 0.375602
-0.9052 0.377004
-0.89936 0.378608
-0.89352 0.380817
-0.88768 0.38511
-0.88184 0.386792
-0.876 0.386322
-0.87016 0.39248
-0.86432 0.393041
-0.85848 0.393051
-0.85264 0.39485
-0.8468 0.397068
-0.84096 0.400317
-0.83512 0.402123
-0.82928 0.406438
-0.82344 0.406475
-0.8176 0.410468
-0.81176 0.413825
-0.80592 0.416794
-0.80008 0.419293
-0.79424 0.42073
-0.7884 0.423774
-0.78256 0.425211
-0.77672 0.427433
-0.77088 0.429685
-0.76504 0.429921
-0.7592 0.432169
-0.75336 0.433975
-0.74752 0.435294
-0.74168 0.436442
-0.73584 0.438458
-0.73 0.439311
-0.72416 0.438734
-0.71832 0.440728
-0.71248 0.439837
-0.70664 0.44006
-0.7008 0.436304
-0.69496 0.436824
-0.68912 0.436362
-0.68328 0.435717
-0.67744 0.436139
-0.6716 0.435309
-0.66576 0.43589
-0.65992 0.435812
-0.65408 0.435706
-0.64824 0.435451
-0.6424 0.43441
-0.63656 0.434867
-0.63072 0.43503
-0.62488 0.435991
-0.61904 0.436947
-0.6132 0.438822
-0.60736 0.438971
-0.60152 0.438903
-0.59568 0.438903
-0.58984 0.438903
-0.584 0.438903
-0.57816 0.438903
-0.57232 0.438903
-0.56648 0.438903
-0.56064 0.438903
-0.5548 0.438903
-0.54896 0.438903
-0.54312 0.438903
-0.53728 0.438903
-0.53144 0.438903
-0.5256 0.438903
-0.51976 0.438903
-0.51392 0.438903
-0.50808 0.438903
-0.50224 0.438903
-0.4964 0.438903
-0.49056 0.438903
-0.48472 0.438903
-0.47888 0.438903
-0.47304 0.438903
-0.4672 0.438903
-0.46136 0.438903
-0.45552 0.438903
-0.44968 0.438903
-0.44384 0.438903
-0.438 0.438903
-0.43216 0.438903
-0.42632 0.438903
-0.42048 0.438903
-0.41464 0.438903
-0.4088 0.438903
-0.40296 0.438903
-0.39712 0.438903
-0.39128 0.438903
-0.38544 0.438903
-0.3796 0.438903
-0.37376 0.438903
-0.36792 0.438903
-0.36208 0.438903
-0.35624 0.438903
-0.3504 0.438903
-0.34456 0.438903
-0.33872 0.438903
-0.33288 0.438903
-0.32704 0.438903
-0.3212 0.438903
-0.31536 0.438903
-0.30952 0.438903
-0.30368 0.438903
-0.29784 0.438903
-0.292 0.438903
-0.28616 0.438903
-0.28032 0.438903
-0.27448 0.438903
-0.26864 0.438903
-0.2628 0.438903
-0.25696 0.438903
-0.25112 0.438903
-0.24528 0.438903
-0.23944 0.438903
-0.2336 0.438903
-0.22776 0.438903
-0.22192 0.438903
-0.21608 0.438903
-0.21024 0.438903
-0.2044 0.438903
-0.19856 0.438903
-0.19272 0.438903
-0.18688 0.438903
-0.18104 0.438903
-0.1752 0.438903
-0.16936 0.438903
-0.16352 0.438903
-0.15768 0.438903
-0.15184 0.438903
-0.146 0.438903
-0.14016 0.438903
-0.13432 0.438903
-0.12848 0.438903
-0.12264 0.438903
-0.1168 0.438903
-0.11096 0.438903
-0.10512 0.438903
-0.09928 0.438903
-0.09344 0.438903
-0.0876 0.438903
-0.08176 0.438903
-0.07592 0.438903
-0.07008 0.438903
-0.06424 0.438903
-0.0584 0.438903
-0.05256 0.438903
-0.04672 0.438903
-0.04088 0.438903
-0.03504 0.438903
-0.0292 0.438903
-0.02336 0.438903
-0.01752 0.438903
-0.01168 0.438903
-0.00584 0.438903
