-2.92 0.438606
-2.91416 0.438606
-2.90832 0.438606
-2.90248 0.438606
-2.89664 0.438606
-2.8908 0.438606
-2.88496 0.438606
-2.87912 0.438606
-2.87328 0.438606
-2.86744 0.438606
-2.8616 0.438606
-2.85576 0.438606
-2.84992 0.438606
-2.84408 0.438606
-2.83824 0.438606
-2.8324 0.438606
-2.82656 0.438606
-2.82072 0.438606
-2.81488 0.438606
-2.80904 0.438606
-2.8032 0.438606
-2.79736 0.438606
-2.79152 0.438606
-2.78568 0.438606
-2.77984 0.438606
-2.774 0.438606
-2.76816 0.438606
-2.76232 0.438606
-2.75648 0.438606
-2.75064 0.438606
-2.7448 0.438606
-2.73896 0.438606
-2.73312 0.438606
-2.72728 0.438606
-2.72144 0.438606
-2.7156 0.438606
-2.70976 0.438606
-2.70392 0.438606
-2.69808 0.438606
-2.69224 0.438606
-2.6864 0.438606
-2.68056 0.438606
-2.67472 0.438606
-2.66888 0.438606
-2.66304 0.438606
-2.6572 0.438606
-2.65136 0.438606
-2.64552 0.438606
-2.63968 0.438606
-2.63384 0.438606
-2.628 0.438606
-2.62216 0.438606
-2.61632 0.438606
-2.61048 0.438606
-2.60464 0.438606
-2.5988 0.438606
-2.59296 0.438251
-2.58712 0.43763
-2.58128 0.43692
-2.57544 0.436165
-2.5696 0.435275
-2.56376 0.434253
-2.55792 0.433141
-2.55208 0.432073
-2.54624 0.430917
-2.5404 0.429627
-2.53456 0.428383
-2.52872 0.42705
-2.52288 0.425716
-2.51704 0.424251
-2.5112 0.422695
-2.50536 0.421054
-2.49952 0.419533
-2.49368 0.418184
-2.48784 0.416792
-2.482 0.415318
-2.47616 0.414077
-2.47032 0.412709
-2.46448 0.411421
-2.45864 0.410229
-2.4528 0.409147
-2.44696 0.409073
-2.44112 0.407688
-2.43528 0.406751
-2.42944 0.406657
-2.4236 0.405598
-2.41776 0.404708
-2.41192 0.4045
-2.40608 0.404756
-2.40024 0.404469
-2.3944 0.403718
-2.38856 0.403438
-2.38272 0.402678
-2.37688 0.402591
-2.37104 0.401557
-2.3652 0.402716
-2.35936 0.401211
-2.35352 0.400263
-2.34768 0.398868
-2.34184 0.401087
-2.336 0.401872
-2.33016 0.40023
-2.32432 0.399869
-2.31848 0.399509
-2.31264 0.40002
-2.3068 0.40107
-2.30096 0.401703
-2.29512 0.401128
-2.28928 0.398804
-2.28344 0.401252
-2.2776 0.4023
-2.27176 0.401639
-2.26592 0.40219
-2.26008 0.402317
-2.25424 0.400563
-2.2484 0.402218
-2.24256 0.400418
-2.23672 0.401898
-2.23088 0.402271
-2.22504 0.400616
-2.2192 0.405973
-2.21336 0.402284
-2.20752 0.402612
-2.20168 0.402971
-2.19584 0.403743
-2.19 0.404761
-2.18416 0.405009
-2.17832 0.403106
-2.17248 0.404718
-2.16664 0.402188
-2.1608 0.405259
-2.15496 0.403343
-2.14912 0.406811
-2.14328 0.40479
-2.13744 0.403919
-2.1316 0.408161
-2.12576 0.405219
-2.11992 0.410477
-2.11408 0.409944
-2.10824 0.405945
-2.1024 0.406753
-2.09656 0.408571
-2.09072 0.408977
-2.08488 0.41268
-2.07904 0.408499
-2.0732 0.411155
-2.06736 0.414226
-2.06152 0.412027
-2.05568 0.411344
-2.04984 0.410476
-2.044 0.414112
-2.03816 0.415368
-2.03232 0.414951
-2.02648 0.414545
-2.02064 0.41156
-2.0148 0.413557
-2.00896 0.418042
-2.00312 0.41927
-1.99728 0.415382
-1.99144 0.422457
-1.9856 0.418487
-1.97976 0.418673
-1.97392 0.422553
-1.96808 0.421152
-1.96224 0.423861
-1.9564 0.424513
-1.95056 0.424013
-1.94472 0.422376
-1.93888 0.418552
-1.93304 0.419982
-1.9272 0.419
-1.92136 0.417468
-1.91552 0.416926
-1.90968 0.415538
-1.90384 0.419811
-1.898 0.41563
-1.89216 0.412436
-1.88632 0.416706
-1.88048 0.413075
-1.87464 0.412469
-1.8688 0.408579
-1.86296 0.413547
-1.85712 0.408861
-1.85128 0.40055
-1.84544 0.404466
-1.8396 0.410199
-1.83376 0.402411
-1.82792 0.404574
-1.82208 0.40118
-1.81624 0.39926
-1.8104 0.402024
-1.80456 0.394877
-1.79872 0.392189
-1.79288 0.389401
-1.78704 0.383016
-1.7812 0.386916
-1.77536 0.384921
-1.76952 0.381113
-1.76368 0.376307
-1.75784 0.375249
-1.752 0.371101
-1.74616 0.367915
-1.74032 0.361895
-1.73448 0.360528
-1.72864 0.356394
-1.7228 0.353039
-1.71696 0.352352
-1.71112 0.350587
-1.70528 0.350388
-1.69944 0.336095
-1.6936 0.341317
-1.68776 0.332794
-1.68192 0.332062
-1.67608 0.326172
-1.67024 0.320419
-1.6644 0.322247
-1.65856 0.316523
-1.65272 0.318788
-1.64688 0.31502
-1.64104 0.310895
-1.6352 0.313701
-1.62936 0.313271
-1.62352 0.310317
-1.61768 0.31204
-1.61184 0.305121
-1.606 0.307326
-1.60016 0.304319
-1.59432 0.305428
-1.58848 0.303715
-1.58264 0.303736
-1.5768 0.295636
-1.57096 0.297447
-1.56512 0.29819
-1.55928 0.293429
-1.55344 0.296213
-1.5476 0.296038
-1.54176 0.291391
-1.53592 0.292724
-1.53008 0.292157
-1.52424 0.292385
-1.5184 0.287663
-1.51256 0.286989
-1.50672 0.288509
-1.50088 0.281657
-1.49504 0.283021
-1.4892 0.286403
-1.48336 0.282396
-1.47752 0.287584
-1.47168 0.28359
-1.46584 0.282801
-1.46 0.28073
-1.45416 0.281859
-1.44832 0.283529
-1.44248 0.282973
-1.43664 0.282262
-1.4308 0.281224
-1.42496 0.282994
-1.41912 0.282722
-1.41328 0.277803
-1.40744 0.279014
-1.4016 0.278727
-1.39576 0.280773
-1.38992 0.280702
-1.38408 0.279772
-1.37824 0.2804
-1.3724 0.278341
-1.36656 0.276182
-1.36072 0.277535
-1.35488 0.272535
-1.34904 0.268292
-1.3432 0.269942
-1.33736 0.27324
-1.33152 0.272554
-1.32568 0.269003
-1.31984 0.27355
-1.314 0.269259
-1.30816 0.271688
-1.30232 0.26859
-1.29648 0.268119
-1.29064 0.269627
-1.2848 0.26555
-1.27896 0.269382
-1.27312 0.268592
-1.26728 0.270139
-1.26144 0.266696
-1.2556 0.268371
-1.24976 0.269671
-1.24392 0.273074
-1.23808 0.272065
-1.23224 0.272231
-1.2264 0.273085
-1.22056 0.272165
-1.21472 0.274843
-1.20888 0.272298
-1.20304 0.271439
-1.1972 0.273331
-1.19136 0.273442
-1.18552 0.275084
-1.17968 0.276021
-1.17384 0.273561
-1.168 0.275119
-1.16216 0.273585
-1.15632 0.279961
-1.15048 0.274994
-1.14464 0.275322
-1.1388 0.271948
-1.13296 0.273082
-1.12712 0.272113
-1.12128 0.274681
-1.11544 0.274635
-1.1096 0.278114
-1.10376 0.275566
-1.09792 0.276339
-1.09208 0.281788
-1.08624 0.285473
-1.0804 0.283216
-1.07456 0.283534
-1.06872 0.289843
-1.06288 0.288935
-1.05704 0.28941
-1.0512 0.297009
-1.04536 0.299129
-1.03952 0.301794
-1.03368 0.305796
-1.02784 0.307132
-1.022 0.310075
-1.01616 0.314312
-1.01032 0.316519
-1.00448 0.317372
-0.99864 0.319828
-0.9928 0.321863
-0.98696 0.322672
-0.98112 0.327613
-0.97528 0.327985
-0.96944 0.330406
-0.9636 0.330292
-0.95776 0.333727
-0.95192 0.335523
-0.94608 0.337498
-0.94024 0.339762
-0.9344 0.340706
-0.92856 0.340506
-0.92272 0.343978
-0.91688 0.342324
-0.91104 0.343349
-0.9052 0.347208
-0.89936 0.347827
-0.89352 0.350784
-0.88768 0.352055
-0.88184 0.355256
-0.876 0.354975
-0.87016 0.358857
-0.86432 0.357046
-0.85848 0.359296
-0.85264 0.361128
-0.8468 0.362106
-0.84096 0.364025
-0.83512 0.365929
-0.82928 0.367311
-0.82344 0.371149
-0.8176 0.371731
-0.81176 0.374132
-0.80592 0.377389
-0.80008 0.378908
-0.79424 0.380898
-0.7884 0.3823
-0.78256 0.384651
-0.77672 0.384859
-0.77088 0.386893
-0.76504 0.387999
-0.7592 0.388881
-0.75336 0.390978
-0.74752 0.392287
-0.74168 0.394758
-0.73584 0.39399
-0.73 0.395261
-0.72416 0.395966
-0.71832 0.397764
-0.71248 0.397595
-0.70664 0.396392
-0.7008 0.393659
-0.69496 0.393198
-0.68912 0.39295
-0.68328 0.392704
-0.67744 0.392995
-0.6716 0.392272
-0.66576 0.392016
-0.65992 0.391923
-0.65408 0.392537
-0.64824 0.39227
-0.6424 0.390678
-0.63656 0.390743
-0.63072 0.390808
-0.62488 0.391802
-0.61904 0.392793
-0.6132 0.394453
-0.60736 0.3948
-0.60152 0.394566
-0.59568 0.394566
-0.58984 0.394566
-0.584 0.394566
-0.57816 0.394566
-0.57232 0.394566
-0.56648 0.394566
-0.56064 0.394566
-0.5548 0.394566
-0.54896 0.394566
-0.54312 0.394566
-0.53728 0.394566
-0.53144 0.394566
-0.5256 0.394566
-0.51976 0.394566
-0.51392 0.394566
-0.50808 0.394566
-0.50224 0.394566
-0.4964 0.394566
-0.49056 0.394566
-0.48472 0.394566
-0.47888 0.394566
-0.47304 0.394566
-0.4672 0.394566
-0.46136 0.394566
-0.45552 0.394566
-0.44968 0.394566
-0.44384 0.394566
-0.438 0.394566
-0.43216 0.394566
-0.42632 0.394566
-0.42048 0.394566
-0.41464 0.394566
-0.4088 0.394566
-0.40296 0.394566
-0.39712 0.394566
-0.39128 0.394566
-0.38544 0.394566
-0.3796 0.394566
-0.37376 0.394566
-0.36792 0.394566
-0.36208 0.394566
-0.35624 0.394566
-0.3504 0.394566
-0.34456 0.394566
-0.33872 0.394566
-0.33288 0.394566
-0.32704 0.394566
-0.3212 0.394566
-0.31536 0.394566
-0.30952 0.394566
-0.30368 0.394566
-0.29784 0.394566
-0.292 0.394566
-0.28616 0.394566
-0.28032 0.394566
-0.27448 0.394566
-0.26864 0.394566
-0.2628 0.394566
-0.25696 0.394566
-0.25112 0.394566
-0.24528 0.394566
-0.23944 0.394566
-0.2336 0.394566
-0.22776 0.394566
-0.22192 0.394566
-0.21608 0.394566
-0.21024 0.394566
-0.2044 0.394566
-0.19856 0.394566
-0.19272 0.394566
-0.18688 0.394566
-0.18104 0.394566
-0.1752 0.394566
-0.16936 0.394566
-0.16352 0.394566
-0.15768 0.394566
-0.15184 0.394566
-0.146 0.394566
-0.14016 0.394566
-0.13432 0.394566
-0.12848 0.394566
-0.12264 0.394566
-0.1168 0.394566
-0.11096 0.394566
-0.10512 0.394566
-0.09928 0.394566
-0.09344 0.394566
-0.0876 0.394566
-0.08176 0.394566
-0.07592 0.394566
-0.07008 0.394566
-0.06424 0.394566
-0.0584 0.394566
-0.05256 0.394566
-0.04672 0.394566
-0.04088 0.394566
-0.03504 0.394566
-0.0292 0.394566
-0.02336 0.394566
-0.01752 0.394566
-0.01168 0.394566
-0.00584 0.394566
