-2.92 0.526042
-2.91416 0.526042
-2.90832 0.526042
-2.90248 0.526042
-2.89664 0.526042
-2.8908 0.526042
-2.88496 0.526042
-2.87912 0.526042
-2.87328 0.526042
-2.86744 0.526042
-2.8616 0.526042
-2.85576 0.526042
-2.84992 0.526042
-2.84408 0.526042
-2.83824 0.526042
-2.8324 0.526042
-2.82656 0.526042
-2.82072 0.526042
-2.81488 0.526042
-2.80904 0.526042
-2.8032 0.526042
-2.79736 0.526042
-2.79152 0.526042
-2.78568 0.526042
-2.77984 0.526042
-2.774 0.526042
-2.76816 0.526042
-2.76232 0.526042
-2.75648 0.526042
-2.75064 0.526042
-2.7448 0.526042
-2.73896 0.526042
-2.73312 0.526042
-2.72728 0.526042
-2.72144 0.526042
-2.7156 0.526042
-2.70976 0.526042
-2.70392 0.526042
-2.69808 0.526042
-2.69224 0.526042
-2.6864 0.526042
-2.68056 0.526042
-2.67472 0.526042
-2.66888 0.526042
-2.66304 0.526042
-2.6572 0.526042
-2.65136 0.526042
-2.64552 0.526042
-2.63968 0.526042
-2.63384 0.526042
-2.628 0.526042
-2.62216 0.526042
-2.61632 0.526042
-2.61048 0.526042
-2.60464 0.526042
-2.5988 0.526042
-2.59296 0.525468
-2.58712 0.524585
-2.58128 0.523613
-2.57544 0.522552
-2.5696 0.521269
-2.56376 0.519853
-2.55792 0.518261
-2.55208 0.516671
-2.54624 0.515037
-2.5404 0.513224
-2.53456 0.511371
-2.52872 0.509296
-2.52288 0.507266
-2.51704 0.505147
-2.5112 0.503023
-2.50536 0.500812
-2.49952 0.498508
-2.49368 0.496546
-2.48784 0.494198
-2.482 0.492318
-2.47616 0.490136
-2.47032 0.487539
-2.46448 0.485285
-2.45864 0.483673
-2.4528 0.481026
-2.44696 0.4785
-2.44112 0.476001
-2.43528 0.47358
-2.42944 0.470805
-2.4236 0.468774
-2.41776 0.466273
-2.41192 0.46504
-2.40608 0.463465
-2.40024 0.461064
-2.3944 0.459259
-2.38856 0.458005
-2.38272 0.456562
-2.37688 0.455135
-2.37104 0.453184
-2.3652 0.45227
-2.35936 0.450244
-2.35352 0.44933
-2.34768 0.446594
-2.34184 0.446821
-2.336 0.445882
-2.33016 0.445286
-2.32432 0.442856
-2.31848 0.442969
-2.31264 0.439311
-2.3068 0.44057
-2.30096 0.439074
-2.29512 0.439703
-2.28928 0.437148
-2.28344 0.436006
-2.2776 0.434361
-2.27176 0.435608
-2.26592 0.433871
-2.26008 0.435643
-2.25424 0.433929
-2.2484 0.432201
-2.24256 0.432125
-2.23672 0.431673
-2.23088 0.431163
-2.22504 0.429261
-2.2192 0.429229
-2.21336 0.428469
-2.20752 0.428081
-2.20168 0.430443
-2.19584 0.430222
-2.19 0.426507
-2.18416 0.427912
-2.17832 0.426273
-2.17248 0.427945
-2.16664 0.425525
-2.1608 0.426372
-2.15496 0.425863
-2.14912 0.423892
-2.14328 0.424785
-2.13744 0.426301
-2.1316 0.426522
-2.12576 0.421966
-2.11992 0.421671
-2.11408 0.4176
-2.10824 0.421321
-2.1024 0.421156
-2.09656 0.42062
-2.09072 0.420237
-2.08488 0.421033
-2.07904 0.418809
-2.0732 0.415916
-2.06736 0.419528
-2.06152 0.417198
-2.05568 0.422657
-2.04984 0.419403
-2.044 0.420573
-2.03816 0.420962
-2.03232 0.417567
-2.02648 0.416684
-2.02064 0.421865
-2.0148 0.418638
-2.00896 0.414877
-2.00312 0.418749
-1.99728 0.416812
-1.99144 0.421009
-1.9856 0.418822
-1.97976 0.418107
-1.97392 0.41729
-1.96808 0.422144
-1.96224 0.41814
-1.9564 0.417576
-1.95056 0.416021
-1.94472 0.414046
-1.93888 0.415204
-1.93304 0.410264
-1.9272 0.414872
-1.92136 0.408852
-1.91552 0.406383
-1.90968 0.403806
-1.90384 0.407317
-1.898 0.401816
-1.89216 0.399766
-1.88632 0.401304
-1.88048 0.399074
-1.87464 0.394391
-1.8688 0.398051
-1.86296 0.391076
-1.85712 0.388214
-1.85128 0.390102
-1.84544 0.383972
-1.8396 0.382778
-1.83376 0.383222
-1.82792 0.378315
-1.82208 0.379324
-1.81624 0.377488
-1.8104 0.376843
-1.80456 0.372496
-1.79872 0.366766
-1.79288 0.365913
-1.78704 0.359753
-1.7812 0.357519
-1.77536 0.351896
-1.76952 0.347983
-1.76368 0.349505
-1.75784 0.344561
-1.752 0.34014
-1.74616 0.336679
-1.74032 0.33266
-1.73448 0.331468
-1.72864 0.333736
-1.7228 0.321125
-1.71696 0.324116
-1.71112 0.314842
-1.70528 0.318078
-1.69944 0.314464
-1.6936 0.312161
-1.68776 0.307901
-1.68192 0.302931
-1.67608 0.295233
-1.67024 0.294683
-1.6644 0.294264
-1.65856 0.291534
-1.65272 0.290695
-1.64688 0.285314
-1.64104 0.287953
-1.6352 0.283226
-1.62936 0.28156
-1.62352 0.277942
-1.61768 0.279898
-1.61184 0.277232
-1.606 0.276704
-1.60016 0.275157
-1.59432 0.276912
-1.58848 0.271903
-1.58264 0.271475
-1.5768 0.268442
-1.57096 0.267965
-1.56512 0.268201
-1.55928 0.265768
-1.55344 0.269085
-1.5476 0.266708
-1.54176 0.266395
-1.53592 0.265806
-1.53008 0.268157
-1.52424 0.265038
-1.5184 0.262836
-1.51256 0.260634
-1.50672 0.259389
-1.50088 0.257794
-1.49504 0.258146
-1.4892 0.265122
-1.48336 0.260143
-1.47752 0.259982
-1.47168 0.258848
-1.46584 0.263128
-1.46 0.26423
-1.45416 0.266096
-1.44832 0.261336
-1.44248 0.261422
-1.43664 0.260925
-1.4308 0.261314
-1.42496 0.262056
-1.41912 0.257665
-1.41328 0.259623
-1.40744 0.260826
-1.4016 0.263755
-1.39576 0.256897
-1.38992 0.257687
-1.38408 0.257584
-1.37824 0.261744
-1.3724 0.257447
-1.36656 0.256722
-1.36072 0.255973
-1.35488 0.252366
-1.34904 0.253682
-1.3432 0.250936
-1.33736 0.252078
-1.33152 0.25179
-1.32568 0.252423
-1.31984 0.249219
-1.314 0.249442
-1.30816 0.249678
-1.30232 0.248653
-1.29648 0.25184
-1.29064 0.249693
-1.2848 0.247712
-1.27896 0.246965
-1.27312 0.245982
-1.26728 0.253032
-1.26144 0.253013
-1.2556 0.252344
-1.24976 0.251514
-1.24392 0.253815
-1.23808 0.25634
-1.23224 0.25521
-1.2264 0.256463
-1.22056 0.255527
-1.21472 0.255353
-1.20888 0.255513
-1.20304 0.257874
-1.1972 0.258074
-1.19136 0.255294
-1.18552 0.257331
-1.17968 0.25657
-1.17384 0.258073
-1.168 0.258383
-1.16216 0.257709
-1.15632 0.260828
-1.15048 0.261142
-1.14464 0.258269
-1.1388 0.256985
-1.13296 0.256538
-1.12712 0.256578
-1.12128 0.256312
-1.11544 0.257682
-1.1096 0.258026
-1.10376 0.259069
-1.09792 0.26038
-1.09208 0.262036
-1.08624 0.265024
-1.0804 0.266063
-1.07456 0.265607
-1.06872 0.269148
-1.06288 0.270769
-1.05704 0.275492
-1.0512 0.279383
-1.04536 0.283634
-1.03952 0.289559
-1.03368 0.287384
-1.02784 0.292362
-1.022 0.297196
-1.01616 0.302657
-1.01032 0.304218
-1.00448 0.306233
-0.99864 0.3081
-0.9928 0.309979
-0.98696 0.31407
-0.98112 0.316212
-0.97528 0.319556
-0.96944 0.323237
-0.9636 0.325049
-0.95776 0.324997
-0.95192 0.32942
-0.94608 0.331184
-0.94024 0.335073
-0.9344 0.335208
-0.92856 0.338017
-0.92272 0.339242
-0.91688 0.340928
-0.91104 0.343888
-0.9052 0.342458
-0.89936 0.347274
-0.89352 0.347353
-0.88768 0.351892
-0.88184 0.352724
-0.876 0.3533
-0.87016 0.358963
-0.86432 0.357576
-0.85848 0.360949
-0.85264 0.361694
-0.8468 0.363817
-0.84096 0.365483
-0.83512 0.366461
-0.82928 0.372175
-0.82344 0.375576
-0.8176 0.376105
-0.81176 0.379277
-0.80592 0.381859
-0.80008 0.384446
-0.79424 0.386401
-0.7884 0.388877
-0.78256 0.389253
-0.77672 0.39109
-0.77088 0.393127
-0.76504 0.39401
-0.7592 0.394947
-0.75336 0.397343
-0.74752 0.398056
-0.74168 0.399276
-0.73584 0.399745
-0.73 0.401836
-0.72416 0.402837
-0.71832 0.404089
-0.71248 0.40448
-0.70664 0.402944
-0.7008 0.399774
-0.69496 0.400532
-0.68912 0.400001
-0.68328 0.398741
-0.67744 0.399919
-0.6716 0.399586
-0.66576 0.399257
-0.65992 0.399259
-0.65408 0.399615
-0.64824 0.399702
-0.6424 0.398237
-0.63656 0.39882
-0.63072 0.399018
-0.62488 0.400101
-0.61904 0.401053
-0.6132 0.402585
-0.60736 0.402974
-0.60152 0.402738
-0.59568 0.402738
-0.58984 0.402738
-0.584 0.402738
-0.57816 0.402738
-0.57232 0.402738
-0.56648 0.402738
-0.56064 0.402738
-0.5548 0.402738
-0.54896 0.402738
-0.54312 0.402738
-0.53728 0.402738
-0.53144 0.402738
-0.5256 0.402738
-0.51976 0.402738
-0.51392 0.402738
-0.50808 0.402738
-0.50224 0.402738
-0.4964 0.402738
-0.49056 0.402738
-0.48472 0.402738
-0.47888 0.402738
-0.47304 0.402738
-0.4672 0.402738
-0.46136 0.402738
-0.45552 0.402738
-0.44968 0.402738
-0.44384 0.402738
-0.438 0.402738
-0.43216 0.402738
-0.42632 0.402738
-0.42048 0.402738
-0.41464 0.402738
-0.4088 0.402738
-0.40296 0.402738
-0.39712 0.402738
-0.39128 0.402738
-0.38544 0.402738
-0.3796 0.402738
-0.37376 0.402738
-0.36792 0.402738
-0.36208 0.402738
-0.35624 0.402738
-0.3504 0.402738
-0.34456 0.402738
-0.33872 0.402738
-0.33288 0.402738
-0.32704 0.402738
-0.3212 0.402738
-0.31536 0.402738
-0.30952 0.402738
-0.30368 0.402738
-0.29784 0.402738
-0.292 0.402738
-0.28616 0.402738
-0.28032 0.402738
-0.27448 0.402738
-0.26864 0.402738
-0.2628 0.402738
-0.25696 0.402738
-0.25112 0.402738
-0.24528 0.402738
-0.23944 0.402738
-0.2336 0.402738
-0.22776 0.402738
-0.22192 0.402738
-0.21608 0.402738
-0.21024 0.402738
-0.2044 0.402738
-0.19856 0.402738
-0.19272 0.402738
-0.18688 0.402738
-0.18104 0.402738
-0.1752 0.402738
-0.16936 0.402738
-0.16352 0.402738
-0.15768 0.402738
-0.15184 0.402738
-0.146 0.402738
-0.14016 0.402738
-0.13432 0.402738
-0.12848 0.402738
-0.12264 0.402738
-0.1168 0.402738
-0.11096 0.402738
-0.10512 0.402738
-0.09928 0.402738
-0.09344 0.402738
-0.0876 0.402738
-0.08176 0.402738
-0.07592 0.402738
-0.07008 0.402738
-0.06424 0.402738
-0.0584 0.402738
-0.05256 0.402738
-0.04672 0.402738
-0.04088 0.402738
-0.03504 0.402738
-0.0292 0.402738
-0.02336 0.402738
-0.01752 0.402738
-0.01168 0.402738
-0.00584 0.402738
