-2.92 0.42104
-2.91416 0.42104
-2.90832 0.42104
-2.90248 0.42104
-2.89664 0.42104
-2.8908 0.42104
-2.88496 0.42104
-2.87912 0.42104
-2.87328 0.42104
-2.86744 0.42104
-2.8616 0.42104
-2.85576 0.42104
-2.84992 0.42104
-2.84408 0.42104
-2.83824 0.42104
-2.8324 0.42104
-2.82656 0.42104
-2.82072 0.42104
-2.81488 0.42104
-2.80904 0.42104
-2.8032 0.42104
-2.79736 0.42104
-2.79152 0.42104
-2.78568 0.42104
-2.77984 0.42104
-2.774 0.42104
-2.76816 0.42104
-2.76232 0.42104
-2.75648 0.42104
-2.75064 0.42104
-2.7448 0.42104
-2.73896 0.42104
-2.73312 0.42104
-2.72728 0.42104
-2.72144 0.42104
-2.7156 0.42104
-2.70976 0.42104
-2.70392 0.42104
-2.69808 0.42104
-2.69224 0.42104
-2.6864 0.42104
-2.68056 0.42104
-2.67472 0.42104
-2.66888 0.42104
-2.66304 0.42104
-2.6572 0.42104
-2.65136 0.42104
-2.64552 0.42104
-2.63968 0.42104
-2.63384 0.42104
-2.628 0.42104
-2.62216 0.42104
-2.61632 0.42104
-2.61048 0.42104
-2.60464 0.42104
-2.5988 0.42104
-2.59296 0.420466
-2.58712 0.419758
-2.58128 0.418963
-2.57544 0.418038
-2.5696 0.417066
-2.56376 0.416004
-2.55792 0.414767
-2.55208 0.413575
-2.54624 0.412296
-2.5404 0.410841
-2.53456 0.409254
-2.52872 0.407666
-2.52288 0.406035
-2.51704 0.404401
-2.5112 0.402723
-2.50536 0.401043
-2.49952 0.39923
-2.49368 0.39767
-2.48784 0.396189
-2.482 0.394718
-2.47616 0.392946
-2.47032 0.390869
-2.46448 0.38905
-2.45864 0.387797
-2.4528 0.385087
-2.44696 0.383385
-2.44112 0.382507
-2.43528 0.380546
-2.42944 0.378764
-2.4236 0.376273
-2.41776 0.375013
-2.41192 0.373741
-2.40608 0.371292
-2.40024 0.369388
-2.3944 0.36824
-2.38856 0.367428
-2.38272 0.365602
-2.37688 0.365726
-2.37104 0.363873
-2.3652 0.361084
-2.35936 0.360688
-2.35352 0.360548
-2.34768 0.359373
-2.34184 0.358622
-2.336 0.358503
-2.33016 0.357679
-2.32432 0.357072
-2.31848 0.356838
-2.31264 0.355938
-2.3068 0.356705
-2.30096 0.355424
-2.29512 0.35484
-2.28928 0.355658
-2.28344 0.354546
-2.2776 0.35429
-2.27176 0.353542
-2.26592 0.35469
-2.26008 0.354038
-2.25424 0.355486
-2.2484 0.35405
-2.24256 0.355048
-2.23672 0.356546
-2.23088 0.352622
-2.22504 0.354892
-2.2192 0.353383
-2.21336 0.3558
-2.20752 0.354132
-2.20168 0.353506
-2.19584 0.353577
-2.19 0.353347
-2.18416 0.352929
-2.17832 0.355107
-2.17248 0.356315
-2.16664 0.35475
-2.1608 0.355866
-2.15496 0.356016
-2.14912 0.355371
-2.14328 0.356006
-2.13744 0.354827
-2.1316 0.355124
-2.12576 0.358182
-2.11992 0.357243
-2.11408 0.356207
-2.10824 0.35728
-2.1024 0.354493
-2.09656 0.357206
-2.09072 0.358807
-2.08488 0.359423
-2.07904 0.35741
-2.0732 0.357689
-2.06736 0.361183
-2.06152 0.356513
-2.05568 0.361557
-2.04984 0.361012
-2.044 0.362004
-2.03816 0.36561
-2.03232 0.365817
-2.02648 0.3626
-2.02064 0.36616
-2.0148 0.364756
-2.00896 0.363829
-2.00312 0.368075
-1.99728 0.366862
-1.99144 0.367972
-1.9856 0.369441
-1.97976 0.367713
-1.97392 0.367154
-1.96808 0.375233
-1.96224 0.371648
-1.9564 0.373906
-1.95056 0.36922
-1.94472 0.374618
-1.93888 0.370261
-1.93304 0.367739
-1.9272 0.365719
-1.92136 0.370123
-1.91552 0.363573
-1.90968 0.363166
-1.90384 0.361867
-1.898 0.362861
-1.89216 0.362529
-1.88632 0.361823
-1.88048 0.362856
-1.87464 0.360473
-1.8688 0.357795
-1.86296 0.359146
-1.85712 0.358076
-1.85128 0.353804
-1.84544 0.350579
-1.8396 0.351877
-1.83376 0.350407
-1.82792 0.351946
-1.82208 0.34348
-1.81624 0.345656
-1.8104 0.344927
-1.80456 0.344579
-1.79872 0.343561
-1.79288 0.342208
-1.78704 0.336794
-1.7812 0.334955
-1.77536 0.333564
-1.76952 0.332769
-1.76368 0.327838
-1.75784 0.325767
-1.752 0.321452
-1.74616 0.319753
-1.74032 0.320005
-1.73448 0.316831
-1.72864 0.31237
-1.7228 0.315933
-1.71696 0.311593
-1.71112 0.308613
-1.70528 0.304923
-1.69944 0.301466
-1.6936 0.30145
-1.68776 0.295681
-1.68192 0.293189
-1.67608 0.290534
-1.67024 0.291296
-1.6644 0.286853
-1.65856 0.288031
-1.65272 0.287661
-1.64688 0.286727
-1.64104 0.285467
-1.6352 0.281124
-1.62936 0.282942
-1.62352 0.282291
-1.61768 0.28352
-1.61184 0.282159
-1.606 0.283882
-1.60016 0.278737
-1.59432 0.277961
-1.58848 0.278108
-1.58264 0.281168
-1.5768 0.276249
-1.57096 0.278363
-1.56512 0.276944
-1.55928 0.275337
-1.55344 0.274612
-1.5476 0.271313
-1.54176 0.268867
-1.53592 0.26833
-1.53008 0.276072
-1.52424 0.270612
-1.5184 0.26588
-1.51256 0.267529
-1.50672 0.266422
-1.50088 0.265686
-1.49504 0.26288
-1.4892 0.262548
-1.48336 0.266747
-1.47752 0.26448
-1.47168 0.260804
-1.46584 0.265048
-1.46 0.264279
-1.45416 0.265153
-1.44832 0.263542
-1.44248 0.263552
-1.43664 0.26453
-1.4308 0.260146
-1.42496 0.260805
-1.41912 0.258905
-1.41328 0.257108
-1.40744 0.25757
-1.4016 0.259007
-1.39576 0.255928
-1.38992 0.254798
-1.38408 0.253
-1.37824 0.251882
-1.3724 0.251437
-1.36656 0.252805
-1.36072 0.251339
-1.35488 0.247333
-1.34904 0.242555
-1.3432 0.246534
-1.33736 0.244481
-1.33152 0.244945
-1.32568 0.242662
-1.31984 0.240238
-1.314 0.237551
-1.30816 0.238433
-1.30232 0.236664
-1.29648 0.236852
-1.29064 0.233885
-1.2848 0.233196
-1.27896 0.231974
-1.27312 0.23542
-1.26728 0.23404
-1.26144 0.235151
-1.2556 0.235519
-1.24976 0.233772
-1.24392 0.236781
-1.23808 0.236147
-1.23224 0.237927
-1.2264 0.236457
-1.22056 0.233383
-1.21472 0.236273
-1.20888 0.235519
-1.20304 0.232501
-1.1972 0.231846
-1.19136 0.23254
-1.18552 0.233426
-1.17968 0.231118
-1.17384 0.235694
-1.168 0.233695
-1.16216 0.233287
-1.15632 0.23221
-1.15048 0.231609
-1.14464 0.229849
-1.1388 0.229004
-1.13296 0.22833
-1.12712 0.227599
-1.12128 0.228606
-1.11544 0.228796
-1.1096 0.225965
-1.10376 0.22932
-1.09792 0.228101
-1.09208 0.231198
-1.08624 0.233671
-1.0804 0.231357
-1.07456 0.233318
-1.06872 0.235592
-1.06288 0.24033
-1.05704 0.239637
-1.0512 0.245453
-1.04536 0.247634
-1.03952 0.252467
-1.03368 0.253102
-1.02784 0.256326
-1.022 0.260041
-1.01616 0.263341
-1.01032 0.263136
-1.00448 0.268094
-0.99864 0.268835
-0.9928 0.272084
-0.98696 0.274603
-0.98112 0.275367
-0.97528 0.276675
-0.96944 0.278263
-0.9636 0.281454
-0.95776 0.284624
-0.95192 0.284705
-0.94608 0.287077
-0.94024 0.289022
-0.9344 0.290182
-0.92856 0.293453
-0.92272 0.292176
-0.91688 0.291799
-0.91104 0.29301
-0.9052 0.296474
-0.89936 0.29722
-0.89352 0.298777
-0.88768 0.299707
-0.88184 0.302771
-0.876 0.301664
-0.87016 0.30547
-0.86432 0.3054
-0.85848 0.306444
-0.85264 0.308307
-0.8468 0.309875
-0.84096 0.310782
-0.83512 0.313274
-0.82928 0.316927
-0.82344 0.318288
-0.8176 0.319951
-0.81176 0.320799
-0.80592 0.324435
-0.80008 0.32647
-0.79424 0.32822
-0.7884 0.329628
-0.78256 0.328752
-0.77672 0.332156
-0.77088 0.332918
-0.76504 0.334071
-0.7592 0.333467
-0.75336 0.334742
-0.74752 0.335661
-0.74168 0.337624
-0.73584 0.338086
-0.73 0.338548
-0.72416 0.340312
-0.71832 0.33849
-0.71248 0.339471
-0.70664 0.339366
-0.7008 0.336305
-0.69496 0.336237
-0.68912 0.334101
-0.68328 0.334612
-0.67744 0.333596
-0.6716 0.333297
-0.66576 0.33314
-0.65992 0.333595
-0.65408 0.334126
-0.64824 0.333614
-0.6424 0.331441
-0.63656 0.332064
-0.63072 0.332052
-0.62488 0.332921
-0.61904 0.33375
-0.6132 0.335534
-0.60736 0.335886
-0.60152 0.335441
-0.59568 0.335441
-0.58984 0.335441
-0.584 0.335441
-0.57816 0.335441
-0.57232 0.335441
-0.56648 0.335441
-0.56064 0.335441
-0.5548 0.335441
-0.54896 0.335441
-0.54312 0.335441
-0.53728 0.335441
-0.53144 0.335441
-0.5256 0.335441
-0.51976 0.335441
-0.51392 0.335441
-0.50808 0.335441
-0.50224 0.335441
-0.4964 0.335441
-0.49056 0.335441
-0.48472 0.335441
-0.47888 0.335441
-0.47304 0.335441
-0.4672 0.335441
-0.46136 0.335441
-0.45552 0.335441
-0.44968 0.335441
-0.44384 0.335441
-0.438 0.335441
-0.43216 0.335441
-0.42632 0.335441
-0.42048 0.335441
-0.41464 0.335441
-0.4088 0.335441
-0.40296 0.335441
-0.39712 0.335441
-0.39128 0.335441
-0.38544 0.335441
-0.3796 0.335441
-0.37376 0.335441
-0.36792 0.335441
-0.36208 0.335441
-0.35624 0.335441
-0.3504 0.335441
-0.34456 0.335441
-0.33872 0.335441
-0.33288 0.335441
-0.32704 0.335441
-0.3212 0.335441
-0.31536 0.335441
-0.30952 0.335441
-0.30368 0.335441
-0.29784 0.335441
-0.292 0.335441
-0.28616 0.335441
-0.28032 0.335441
-0.27448 0.335441
-0.26864 0.335441
-0.2628 0.335441
-0.25696 0.335441
-0.25112 0.335441
-0.24528 0.335441
-0.23944 0.335441
-0.2336 0.335441
-0.22776 0.335441
-0.22192 0.335441
-0.21608 0.335441
-0.21024 0.335441
-0.2044 0.335441
-0.19856 0.335441
-0.19272 0.335441
-0.18688 0.335441
-0.18104 0.335441
-0.1752 0.335441
-0.16936 0.335441
-0.16352 0.335441
-0.15768 0.335441
-0.15184 0.335441
-0.146 0.335441
-0.14016 0.335441
-0.13432 0.335441
-0.12848 0.335441
-0.12264 0.335441
-0.1168 0.335441
-0.11096 0.335441
-0.10512 0.335441
-0.09928 0.335441
-0.09344 0.335441
-0.0876 0.335441
-0.08176 0.335441
-0.07592 0.335441
-0.07008 0.335441
-0.06424 0.335441
-0.0584 0.335441
-0.05256 0.335441
-0.04672 0.335441
-0.04088 0.335441
-0.03504 0.335441
-0.0292 0.335441
-0.02336 0.335441
-0.01752 0.335441
-0.01168 0.335441
-0.00584 0.335441
