-2.92 0.310457
-2.91416 0.310457
-2.90832 0.310457
-2.90248 0.310457
-2.89664 0.310457
-2.8908 0.310457
-2.88496 0.310457
-2.87912 0.310457
-2.87328 0.310457
-2.86744 0.310457
-2.8616 0.310457
-2.85576 0.310457
-2.84992 0.310457
-2.84408 0.310457
-2.83824 0.310457
-2.8324 0.310457
-2.82656 0.310457
-2.82072 0.310457
-2.81488 0.310457
-2.80904 0.310457
-2.8032 0.310457
-2.79736 0.310457
-2.79152 0.310457
-2.78568 0.310457
-2.77984 0.310457
-2.774 0.310457
-2.76816 0.310457
-2.76232 0.310457
-2.75648 0.310457
-2.75064 0.310457
-2.7448 0.310457
-2.73896 0.310457
-2.73312 0.310457
-2.72728 0.310457
-2.72144 0.310457
-2.7156 0.310457
-2.70976 0.310457
-2.70392 0.310457
-2.69808 0.310457
-2.69224 0.310457
-2.6864 0.310457
-2.68056 0.310457
-2.67472 0.310457
-2.66888 0.310457
-2.66304 0.310457
-2.6572 0.310457
-2.65136 0.310457
-2.64552 0.310457
-2.63968 0.310457
-2.63384 0.310457
-2.628 0.310457
-2.62216 0.310457
-2.61632 0.310457
-2.61048 0.310457
-2.60464 0.310457
-2.5988 0.310457
-2.59296 0.310452
-2.58712 0.310444
-2.58128 0.310436
-2.57544 0.310428
-2.5696 0.310416
-2.56376 0.310404
-2.55792 0.310391
-2.55208 0.310378
-2.54624 0.310363
-2.5404 0.310349
-2.53456 0.310332
-2.52872 0.310316
-2.52288 0.310298
-2.51704 0.31028
-2.5112 0.310261
-2.50536 0.310241
-2.49952 0.310219
-2.49368 0.310197
-2.48784 0.310174
-2.482 0.310151
-2.47616 0.310125
-2.47032 0.310098
-2.46448 0.310071
-2.45864 0.310045
-2.4528 0.310018
-2.44696 0.309946
-2.44112 0.309874
-2.43528 0.309802
-2.42944 0.309731
-2.4236 0.309658
-2.41776 0.309543
-2.41192 0.309385
-2.40608 0.309137
-2.40024 0.308802
-2.3944 0.308423
-2.38856 0.308044
-2.38272 0.307623
-2.37688 0.307155
-2.37104 0.306686
-2.3652 0.306132
-2.35936 0.305533
-2.35352 0.304931
-2.34768 0.304334
-2.34184 0.303727
-2.336 0.302955
-2.33016 0.302477
-2.32432 0.30183
-2.31848 0.301308
-2.31264 0.300411
-2.3068 0.300096
-2.30096 0.298988
-2.29512 0.29876
-2.28928 0.297988
-2.28344 0.297492
-2.2776 0.296639
-2.27176 0.296118
-2.26592 0.295555
-2.26008 0.294653
-2.25424 0.294202
-2.2484 0.293332
-2.24256 0.292513
-2.23672 0.292583
-2.23088 0.291419
-2.22504 0.290799
-2.2192 0.290311
-2.21336 0.28918
-2.20752 0.289246
-2.20168 0.288301
-2.19584 0.287463
-2.19 0.287477
-2.18416 0.285737
-2.17832 0.285565
-2.17248 0.285413
-2.16664 0.284253
-2.1608 0.282926
-2.15496 0.283917
-2.14912 0.282837
-2.14328 0.281887
-2.13744 0.28167
-2.1316 0.282269
-2.12576 0.279428
-2.11992 0.280721
-2.11408 0.279679
-2.10824 0.279078
-2.1024 0.278213
-2.09656 0.279069
-2.09072 0.278966
-2.08488 0.278691
-2.07904 0.27689
-2.0732 0.275963
-2.06736 0.277649
-2.06152 0.276298
-2.05568 0.276264
-2.04984 0.276693
-2.044 0.275536
-2.03816 0.277043
-2.03232 0.27731
-2.02648 0.273842
-2.02064 0.276195
-2.0148 0.276103
-2.00896 0.275142
-2.00312 0.274941
-1.99728 0.275049
-1.99144 0.276476
-1.9856 0.274977
-1.97976 0.27369
-1.97392 0.275661
-1.96808 0.274134
-1.96224 0.275068
-1.9564 0.274233
-1.95056 0.27461
-1.94472 0.275453
-1.93888 0.276663
-1.93304 0.276067
-1.9272 0.277215
-1.92136 0.276535
-1.91552 0.274632
-1.90968 0.276669
-1.90384 0.277079
-1.898 0.276835
-1.89216 0.277278
-1.88632 0.278162
-1.88048 0.27839
-1.87464 0.278565
-1.8688 0.278136
-1.86296 0.276056
-1.85712 0.279736
-1.85128 0.280421
-1.84544 0.280793
-1.8396 0.281109
-1.83376 0.280122
-1.82792 0.280841
-1.82208 0.282887
-1.81624 0.282377
-1.8104 0.2824
-1.80456 0.283321
-1.79872 0.282565
-1.79288 0.284123
-1.78704 0.282596
-1.7812 0.280989
-1.77536 0.284072
-1.76952 0.283663
-1.76368 0.284771
-1.75784 0.285081
-1.752 0.284122
-1.74616 0.284285
-1.74032 0.284217
-1.73448 0.287124
-1.72864 0.284933
-1.7228 0.284763
-1.71696 0.283854
-1.71112 0.28718
-1.70528 0.284904
-1.69944 0.28622
-1.6936 0.285819
-1.68776 0.285032
-1.68192 0.285604
-1.67608 0.284121
-1.67024 0.284697
-1.6644 0.287443
-1.65856 0.285076
-1.65272 0.286372
-1.64688 0.284975
-1.64104 0.285999
-1.6352 0.287169
-1.62936 0.285465
-1.62352 0.285646
-1.61768 0.285232
-1.61184 0.284291
-1.606 0.284424
-1.60016 0.282931
-1.59432 0.28511
-1.58848 0.282501
-1.58264 0.284301
-1.5768 0.283998
-1.57096 0.284924
-1.56512 0.282493
-1.55928 0.28268
-1.55344 0.284157
-1.5476 0.281641
-1.54176 0.28187
-1.53592 0.28177
-1.53008 0.283549
-1.52424 0.282085
-1.5184 0.27939
-1.51256 0.282065
-1.50672 0.279342
-1.50088 0.281078
-1.49504 0.279166
-1.4892 0.278325
-1.48336 0.279006
-1.47752 0.277889
-1.47168 0.27703
-1.46584 0.277635
-1.46 0.274005
-1.45416 0.27781
-1.44832 0.27669
-1.44248 0.277298
-1.43664 0.276053
-1.4308 0.275143
-1.42496 0.275382
-1.41912 0.275305
-1.41328 0.27528
-1.40744 0.273975
-1.4016 0.276051
-1.39576 0.274237
-1.38992 0.272734
-1.38408 0.271832
-1.37824 0.272773
-1.3724 0.273094
-1.36656 0.273024
-1.36072 0.272105
-1.35488 0.271808
-1.34904 0.269927
-1.3432 0.268462
-1.33736 0.26919
-1.33152 0.270044
-1.32568 0.269595
-1.31984 0.270146
-1.314 0.269725
-1.30816 0.269695
-1.30232 0.268883
-1.29648 0.268742
-1.29064 0.269865
-1.2848 0.269128
-1.27896 0.269305
-1.27312 0.269455
-1.26728 0.267981
-1.26144 0.272245
-1.2556 0.270411
-1.24976 0.270654
-1.24392 0.269726
-1.23808 0.272985
-1.23224 0.26835
-1.2264 0.271717
-1.22056 0.271897
-1.21472 0.271506
-1.20888 0.269404
-1.20304 0.271771
-1.1972 0.272687
-1.19136 0.272961
-1.18552 0.27225
-1.17968 0.273289
-1.17384 0.273644
-1.168 0.272255
-1.16216 0.271609
-1.15632 0.273457
-1.15048 0.273619
-1.14464 0.27271
-1.1388 0.272883
-1.13296 0.272784
-1.12712 0.274291
-1.12128 0.27382
-1.11544 0.275919
-1.1096 0.27481
-1.10376 0.277032
-1.09792 0.277054
-1.09208 0.28029
-1.08624 0.279194
-1.0804 0.279939
-1.07456 0.279606
-1.06872 0.282151
-1.06288 0.281855
-1.05704 0.282358
-1.0512 0.284353
-1.04536 0.286323
-1.03952 0.287776
-1.03368 0.28656
-1.02784 0.288497
-1.022 0.288112
-1.01616 0.291082
-1.01032 0.29115
-1.00448 0.291484
-0.99864 0.292145
-0.9928 0.293356
-0.98696 0.294367
-0.98112 0.294396
-0.97528 0.295311
-0.96944 0.296225
-0.9636 0.296414
-0.95776 0.297542
-0.95192 0.297181
-0.94608 0.298184
-0.94024 0.298429
-0.9344 0.298829
-0.92856 0.299031
-0.92272 0.299107
-0.91688 0.299254
-0.91104 0.299655
-0.9052 0.300151
-0.89936 0.299749
-0.89352 0.300993
-0.88768 0.300592
-0.88184 0.301702
-0.876 0.30191
-0.87016 0.302177
-0.86432 0.301991
-0.85848 0.302344
-0.85264 0.302821
-0.8468 0.302919
-0.84096 0.30344
-0.83512 0.30328
-0.82928 0.304006
-0.82344 0.305618
-0.8176 0.304685
-0.81176 0.304948
-0.80592 0.304454
-0.80008 0.305005
-0.79424 0.30463
-0.7884 0.304805
-0.78256 0.304134
-0.77672 0.304301
-0.77088 0.304182
-0.76504 0.304431
-0.7592 0.304222
-0.75336 0.304468
-0.74752 0.304299
-0.74168 0.304339
-0.73584 0.304373
-0.73 0.304448
-0.72416 0.304481
-0.71832 0.304513
-0.71248 0.304541
-0.70664 0.30457
-0.7008 0.304599
-0.69496 0.304626
-0.68912 0.304654
-0.68328 0.30468
-0.67744 0.304707
-0.6716 0.304731
-0.66576 0.304754
-0.65992 0.304776
-0.65408 0.304776
-0.64824 0.304798
-0.6424 0.304819
-0.63656 0.304839
-0.63072 0.304858
-0.62488 0.304877
-0.61904 0.304891
-0.6132 0.304902
-0.60736 0.30491
-0.60152 0.304916
-0.59568 0.304916
-0.58984 0.304916
-0.584 0.304916
-0.57816 0.304916
-0.57232 0.304916
-0.56648 0.304916
-0.56064 0.304916
-0.5548 0.304916
-0.54896 0.304916
-0.54312 0.304916
-0.53728 0.304916
-0.53144 0.304916
-0.5256 0.304916
-0.51976 0.304916
-0.51392 0.304916
-0.50808 0.304916
-0.50224 0.304916
-0.4964 0.304916
-0.49056 0.304916
-0.48472 0.304916
-0.47888 0.304916
-0.47304 0.304916
-0.4672 0.304916
-0.46136 0.304916
-0.45552 0.304916
-0.44968 0.304916
-0.44384 0.304916
-0.438 0.304916
-0.43216 0.304916
-0.42632 0.304916
-0.42048 0.304916
-0.41464 0.304916
-0.4088 0.304916
-0.40296 0.304916
-0.39712 0.304916
-0.39128 0.304916
-0.38544 0.304916
-0.3796 0.304916
-0.37376 0.304916
-0.36792 0.304916
-0.36208 0.304916
-0.35624 0.304916
-0.3504 0.304916
-0.34456 0.304916
-0.33872 0.304916
-0.33288 0.304916
-0.32704 0.304916
-0.3212 0.304916
-0.31536 0.304916
-0.30952 0.304916
-0.30368 0.304916
-0.29784 0.304916
-0.292 0.304916
-0.28616 0.304916
-0.28032 0.304916
-0.27448 0.304916
-0.26864 0.304916
-0.2628 0.304916
-0.25696 0.304916
-0.25112 0.304916
-0.24528 0.304916
-0.23944 0.304916
-0.2336 0.304916
-0.22776 0.304916
-0.22192 0.304916
-0.21608 0.304916
-0.21024 0.304916
-0.2044 0.304916
-0.19856 0.304916
-0.19272 0.304916
-0.18688 0.304916
-0.18104 0.304916
-0.1752 0.304916
-0.16936 0.304916
-0.16352 0.304916
-0.15768 0.304916
-0.15184 0.304916
-0.146 0.304916
-0.14016 0.304916
-0.13432 0.304916
-0.12848 0.304916
-0.12264 0.304916
-0.1168 0.304916
-0.11096 0.304916
-0.10512 0.304916
-0.09928 0.304916
-0.09344 0.304916
-0.0876 0.304916
-0.08176 0.304916
-0.07592 0.304916
-0.07008 0.304916
-0.06424 0.304916
-0.0584 0.304916
-0.05256 0.304916
-0.04672 0.304916
-0.04088 0.304916
-0.03504 0.304916
-0.0292 0.304916
-0.02336 0.304916
-0.01752 0.304916
-0.01168 0.304916
-0.00584 0.304916
