-2.92 0.254517
-2.91416 0.254517
-2.90832 0.254517
-2.90248 0.254517
-2.89664 0.254517
-2.8908 0.254517
-2.88496 0.254517
-2.87912 0.254517
-2.87328 0.254517
-2.86744 0.254517
-2.8616 0.254517
-2.85576 0.254517
-2.84992 0.254517
-2.84408 0.254517
-2.83824 0.254517
-2.8324 0.254517
-2.82656 0.254517
-2.82072 0.254517
-2.81488 0.254517
-2.80904 0.254517
-2.8032 0.254517
-2.79736 0.254517
-2.79152 0.254517
-2.78568 0.254517
-2.77984 0.254517
-2.774 0.254517
-2.76816 0.254517
-2.76232 0.254517
-2.75648 0.254517
-2.75064 0.254517
-2.7448 0.254517
-2.73896 0.254517
-2.73312 0.254517
-2.72728 0.254517
-2.72144 0.254517
-2.7156 0.254517
-2.70976 0.254517
-2.70392 0.254517
-2.69808 0.254517
-2.69224 0.254517
-2.6864 0.254517
-2.68056 0.254517
-2.67472 0.254517
-2.66888 0.254517
-2.66304 0.254517
-2.6572 0.254517
-2.65136 0.254517
-2.64552 0.254517
-2.63968 0.254517
-2.63384 0.254517
-2.628 0.254517
-2.62216 0.254517
-2.61632 0.254517
-2.61048 0.254517
-2.60464 0.254517
-2.5988 0.254517
-2.59296 0.254508
-2.58712 0.254497
-2.58128 0.254485
-2.57544 0.254471
-2.5696 0.254456
-2.56376 0.254439
-2.55792 0.254421
-2.55208 0.254401
-2.54624 0.254382
-2.5404 0.254363
-2.53456 0.254344
-2.52872 0.254324
-2.52288 0.254304
-2.51704 0.254282
-2.5112 0.25426
-2.50536 0.254239
-2.49952 0.254218
-2.49368 0.254196
-2.48784 0.254175
-2.482 0.254154
-2.47616 0.254131
-2.47032 0.254106
-2.46448 0.25408
-2.45864 0.254054
-2.4528 0.254028
-2.44696 0.254001
-2.44112 0.253975
-2.43528 0.253948
-2.42944 0.253923
-2.4236 0.253896
-2.41776 0.25387
-2.41192 0.253843
-2.40608 0.253815
-2.40024 0.253788
-2.3944 0.25376
-2.38856 0.253732
-2.38272 0.253704
-2.37688 0.253677
-2.37104 0.253647
-2.3652 0.253616
-2.35936 0.253585
-2.35352 0.253555
-2.34768 0.253524
-2.34184 0.253493
-2.336 0.253461
-2.33016 0.253428
-2.32432 0.253399
-2.31848 0.253366
-2.31264 0.253335
-2.3068 0.253304
-2.30096 0.253272
-2.29512 0.25324
-2.28928 0.25321
-2.28344 0.25318
-2.2776 0.253149
-2.27176 0.25312
-2.26592 0.253089
-2.26008 0.253061
-2.25424 0.253027
-2.2484 0.252994
-2.24256 0.252962
-2.23672 0.25293
-2.23088 0.252898
-2.22504 0.252864
-2.2192 0.252831
-2.21336 0.252798
-2.20752 0.252766
-2.20168 0.252732
-2.19584 0.252701
-2.19 0.252669
-2.18416 0.252636
-2.17832 0.252603
-2.17248 0.252568
-2.16664 0.252534
-2.1608 0.252499
-2.15496 0.252464
-2.14912 0.252429
-2.14328 0.252392
-2.13744 0.252358
-2.1316 0.25232
-2.12576 0.252283
-2.11992 0.252247
-2.11408 0.25221
-2.10824 0.252173
-2.1024 0.252137
-2.09656 0.2521
-2.09072 0.252062
-2.08488 0.252024
-2.07904 0.251985
-2.0732 0.251946
-2.06736 0.251911
-2.06152 0.251874
-2.05568 0.251839
-2.04984 0.251802
-2.044 0.251766
-2.03816 0.251728
-2.03232 0.251689
-2.02648 0.251651
-2.02064 0.251613
-2.0148 0.251576
-2.00896 0.251537
-2.00312 0.251499
-1.99728 0.251461
-1.99144 0.251423
-1.9856 0.251384
-1.97976 0.251346
-1.97392 0.25131
-1.96808 0.251272
-1.96224 0.251234
-1.9564 0.251197
-1.95056 0.251159
-1.94472 0.251123
-1.93888 0.251087
-1.93304 0.251051
-1.9272 0.251016
-1.92136 0.250982
-1.91552 0.250948
-1.90968 0.250916
-1.90384 0.250884
-1.898 0.250851
-1.89216 0.250818
-1.88632 0.250786
-1.88048 0.250753
-1.87464 0.250721
-1.8688 0.250689
-1.86296 0.250656
-1.85712 0.250622
-1.85128 0.250591
-1.84544 0.250561
-1.8396 0.250529
-1.83376 0.250499
-1.82792 0.250468
-1.82208 0.25044
-1.81624 0.250407
-1.8104 0.250375
-1.80456 0.250344
-1.79872 0.250313
-1.79288 0.250282
-1.78704 0.25025
-1.7812 0.250218
-1.77536 0.250186
-1.76952 0.250155
-1.76368 0.250124
-1.75784 0.250095
-1.752 0.250066
-1.74616 0.250037
-1.74032 0.250008
-1.73448 0.249981
-1.72864 0.249954
-1.7228 0.249926
-1.71696 0.2499
-1.71112 0.249873
-1.70528 0.249847
-1.69944 0.249821
-1.6936 0.249795
-1.68776 0.249769
-1.68192 0.249744
-1.67608 0.249718
-1.67024 0.249695
-1.6644 0.249674
-1.65856 0.249653
-1.65272 0.249631
-1.64688 0.249609
-1.64104 0.24959
-1.6352 0.24957
-1.62936 0.249551
-1.62352 0.249533
-1.61768 0.249519
-1.61184 0.249508
-1.606 0.249498
-1.60016 0.249489
-1.59432 0.249493
-1.58848 0.249499
-1.58264 0.249505
-1.5768 0.249514
-1.57096 0.249524
-1.56512 0.249535
-1.55928 0.249548
-1.55344 0.249563
-1.5476 0.249577
-1.54176 0.249592
-1.53592 0.24961
-1.53008 0.24961
-1.52424 0.249628
-1.5184 0.249645
-1.51256 0.249666
-1.50672 0.249688
-1.50088 0.24971
-1.49504 0.249732
-1.4892 0.249754
-1.48336 0.249778
-1.47752 0.249801
-1.47168 0.249825
-1.46584 0.24985
-1.46 0.249876
-1.45416 0.249902
-1.44832 0.249929
-1.44248 0.249955
-1.43664 0.249982
-1.4308 0.250009
-1.42496 0.250038
-1.41912 0.250068
-1.41328 0.250097
-1.40744 0.250127
-1.4016 0.250157
-1.39576 0.250188
-1.38992 0.25022
-1.38408 0.250252
-1.37824 0.250284
-1.3724 0.250316
-1.36656 0.250348
-1.36072 0.25038
-1.35488 0.250412
-1.34904 0.250444
-1.3432 0.250476
-1.33736 0.250507
-1.33152 0.250541
-1.32568 0.250574
-1.31984 0.250607
-1.314 0.250607
-1.30816 0.25064
-1.30232 0.250675
-1.29648 0.25071
-1.29064 0.250746
-1.2848 0.250781
-1.27896 0.250816
-1.27312 0.250852
-1.26728 0.250889
-1.26144 0.250925
-1.2556 0.250961
-1.24976 0.250998
-1.24392 0.251034
-1.23808 0.251072
-1.23224 0.251109
-1.2264 0.251148
-1.22056 0.251186
-1.21472 0.251225
-1.20888 0.251263
-1.20304 0.251302
-1.1972 0.25134
-1.19136 0.251379
-1.18552 0.251417
-1.17968 0.251456
-1.17384 0.251495
-1.168 0.251533
-1.16216 0.251572
-1.15632 0.25161
-1.15048 0.251649
-1.14464 0.251687
-1.1388 0.251726
-1.13296 0.251765
-1.12712 0.251803
-1.12128 0.251842
-1.11544 0.25188
-1.1096 0.251919
-1.10376 0.251957
-1.09792 0.251996
-1.09208 0.251996
-1.08624 0.252034
-1.0804 0.252073
-1.07456 0.252112
-1.06872 0.25215
-1.06288 0.252189
-1.05704 0.252227
-1.0512 0.252266
-1.04536 0.252304
-1.03952 0.252343
-1.03368 0.252381
-1.02784 0.25242
-1.022 0.252459
-1.01616 0.252497
-1.01032 0.252536
-1.00448 0.252574
-0.99864 0.252613
-0.9928 0.252651
-0.98696 0.25269
-0.98112 0.252728
-0.97528 0.252767
-0.96944 0.252806
-0.9636 0.252843
-0.95776 0.252881
-0.95192 0.252918
-0.94608 0.252954
-0.94024 0.252991
-0.9344 0.253027
-0.92856 0.253063
-0.92272 0.2531
-0.91688 0.253135
-0.91104 0.25317
-0.9052 0.253205
-0.89936 0.253241
-0.89352 0.253276
-0.88768 0.25331
-0.88184 0.253343
-0.876 0.253343
-0.87016 0.253376
-0.86432 0.253409
-0.85848 0.253441
-0.85264 0.253473
-0.8468 0.253505
-0.84096 0.253537
-0.83512 0.253569
-0.82928 0.253601
-0.82344 0.253633
-0.8176 0.253665
-0.81176 0.253697
-0.80592 0.253729
-0.80008 0.25376
-0.79424 0.253791
-0.7884 0.253821
-0.78256 0.25385
-0.77672 0.25388
-0.77088 0.253909
-0.76504 0.253936
-0.7592 0.253963
-0.75336 0.253989
-0.74752 0.254016
-0.74168 0.254042
-0.73584 0.254069
-0.73 0.254094
-0.72416 0.254118
-0.71832 0.254141
-0.71248 0.254165
-0.70664 0.254188
-0.7008 0.25421
-0.69496 0.254232
-0.68912 0.254254
-0.68328 0.254275
-0.67744 0.254294
-0.6716 0.254311
-0.66576 0.254329
-0.65992 0.254345
-0.65408 0.254345
-0.64824 0.25436
-0.6424 0.254374
-0.63656 0.254388
-0.63072 0.254399
-0.62488 0.254409
-0.61904 0.254419
-0.6132 0.254426
-0.60736 0.254433
-0.60152 0.254438
-0.59568 0.254438
-0.58984 0.254438
-0.584 0.254438
-0.57816 0.254438
-0.57232 0.254438
-0.56648 0.254438
-0.56064 0.254438
-0.5548 0.254438
-0.54896 0.254438
-0.54312 0.254438
-0.53728 0.254438
-0.53144 0.254438
-0.5256 0.254438
-0.51976 0.254438
-0.51392 0.254438
-0.50808 0.254438
-0.50224 0.254438
-0.4964 0.254438
-0.49056 0.254438
-0.48472 0.254438
-0.47888 0.254438
-0.47304 0.254438
-0.4672 0.254438
-0.46136 0.254438
-0.45552 0.254438
-0.44968 0.254438
-0.44384 0.254438
-0.438 0.254438
-0.43216 0.254438
-0.42632 0.254438
-0.42048 0.254438
-0.41464 0.254438
-0.4088 0.254438
-0.40296 0.254438
-0.39712 0.254438
-0.39128 0.254438
-0.38544 0.254438
-0.3796 0.254438
-0.37376 0.254438
-0.36792 0.254438
-0.36208 0.254438
-0.35624 0.254438
-0.3504 0.254438
-0.34456 0.254438
-0.33872 0.254438
-0.33288 0.254438
-0.32704 0.254438
-0.3212 0.254438
-0.31536 0.254438
-0.30952 0.254438
-0.30368 0.254438
-0.29784 0.254438
-0.292 0.254438
-0.28616 0.254438
-0.28032 0.254438
-0.27448 0.254438
-0.26864 0.254438
-0.2628 0.254438
-0.25696 0.254438
-0.25112 0.254438
-0.24528 0.254438
-0.23944 0.254438
-0.2336 0.254438
-0.22776 0.254438
-0.22192 0.254438
-0.21608 0.254438
-0.21024 0.254438
-0.2044 0.254438
-0.19856 0.254438
-0.19272 0.254438
-0.18688 0.254438
-0.18104 0.254438
-0.1752 0.254438
-0.16936 0.254438
-0.16352 0.254438
-0.15768 0.254438
-0.15184 0.254438
-0.146 0.254438
-0.14016 0.254438
-0.13432 0.254438
-0.12848 0.254438
-0.12264 0.254438
-0.1168 0.254438
-0.11096 0.254438
-0.10512 0.254438
-0.09928 0.254438
-0.09344 0.254438
-0.0876 0.254438
-0.08176 0.254438
-0.07592 0.254438
-0.07008 0.254438
-0.06424 0.254438
-0.0584 0.254438
-0.05256 0.254438
-0.04672 0.254438
-0.04088 0.254438
-0.03504 0.254438
-0.0292 0.254438
-0.02336 0.254438
-0.01752 0.254438
-0.01168 0.254438
-0.00584 0.254438
