-2.92 0.35724
-2.91416 0.35724
-2.90832 0.35724
-2.90248 0.35724
-2.89664 0.35724
-2.8908 0.35724
-2.88496 0.35724
-2.87912 0.35724
-2.87328 0.35724
-2.86744 0.35724
-2.8616 0.35724
-2.85576 0.35724
-2.84992 0.35724
-2.84408 0.35724
-2.83824 0.35724
-2.8324 0.35724
-2.82656 0.35724
-2.82072 0.35724
-2.81488 0.35724
-2.80904 0.35724
-2.8032 0.35724
-2.79736 0.35724
-2.79152 0.35724
-2.78568 0.35724
-2.77984 0.35724
-2.774 0.35724
-2.76816 0.35724
-2.76232 0.35724
-2.75648 0.35724
-2.75064 0.35724
-2.7448 0.35724
-2.73896 0.35724
-2.73312 0.35724
-2.72728 0.35724
-2.72144 0.35724
-2.7156 0.35724
-2.70976 0.35724
-2.70392 0.35724
-2.69808 0.35724
-2.69224 0.35724
-2.6864 0.35724
-2.68056 0.35724
-2.67472 0.35724
-2.66888 0.35724
-2.66304 0.35724
-2.6572 0.35724
-2.65136 0.35724
-2.64552 0.35724
-2.63968 0.35724
-2.63384 0.35724
-2.628 0.35724
-2.62216 0.35724
-2.61632 0.35724
-2.61048 0.35724
-2.60464 0.35724
-2.5988 0.35724
-2.59296 0.3568
-2.58712 0.356183
-2.58128 0.35552
-2.57544 0.354814
-2.5696 0.354107
-2.56376 0.35327
-2.55792 0.3523
-2.55208 0.351374
-2.54624 0.350271
-2.5404 0.34908
-2.53456 0.347802
-2.52872 0.346568
-2.52288 0.345245
-2.51704 0.343922
-2.5112 0.342555
-2.50536 0.341142
-2.49952 0.339644
-2.49368 0.338145
-2.48784 0.336688
-2.482 0.335276
-2.47616 0.333601
-2.47032 0.331925
-2.46448 0.330117
-2.45864 0.328308
-2.4528 0.326498
-2.44696 0.324689
-2.44112 0.322836
-2.43528 0.320896
-2.42944 0.318956
-2.4236 0.317014
-2.41776 0.314985
-2.41192 0.313001
-2.40608 0.311017
-2.40024 0.308945
-2.3944 0.30683
-2.38856 0.304759
-2.38272 0.302644
-2.37688 0.300572
-2.37104 0.298457
-2.3652 0.2963
-2.35936 0.294096
-2.35352 0.291936
-2.34768 0.289689
-2.34184 0.287443
-2.336 0.285658
-2.33016 0.283536
-2.32432 0.281663
-2.31848 0.279495
-2.31264 0.278046
-2.3068 0.276091
-2.30096 0.273922
-2.29512 0.272303
-2.28928 0.270895
-2.28344 0.268597
-2.2776 0.267903
-2.27176 0.266407
-2.26592 0.263443
-2.26008 0.262926
-2.25424 0.261556
-2.2484 0.258832
-2.24256 0.257798
-2.23672 0.256298
-2.23088 0.254459
-2.22504 0.251991
-2.2192 0.25015
-2.21336 0.248145
-2.20752 0.246774
-2.20168 0.245146
-2.19584 0.244705
-2.19 0.241979
-2.18416 0.239722
-2.17832 0.239322
-2.17248 0.23774
-2.16664 0.237296
-2.1608 0.234613
-2.15496 0.233161
-2.14912 0.231325
-2.14328 0.230589
-2.13744 0.229467
-2.1316 0.228265
-2.12576 0.226087
-2.11992 0.224838
-2.11408 0.223804
-2.10824 0.220572
-2.1024 0.220637
-2.09656 0.219979
-2.09072 0.218741
-2.08488 0.21618
-2.07904 0.214264
-2.0732 0.214496
-2.06736 0.214062
-2.06152 0.211626
-2.05568 0.211406
-2.04984 0.21012
-2.044 0.20825
-2.03816 0.20574
-2.03232 0.206613
-2.02648 0.207061
-2.02064 0.20616
-2.0148 0.20601
-2.00896 0.203973
-2.00312 0.203831
-1.99728 0.20145
-1.99144 0.200462
-1.9856 0.199007
-1.97976 0.198781
-1.97392 0.197799
-1.96808 0.195549
-1.96224 0.197141
-1.9564 0.196837
-1.95056 0.194921
-1.94472 0.194446
-1.93888 0.191294
-1.93304 0.190439
-1.9272 0.189201
-1.92136 0.186557
-1.91552 0.185138
-1.90968 0.179999
-1.90384 0.178888
-1.898 0.176039
-1.89216 0.174837
-1.88632 0.172747
-1.88048 0.169225
-1.87464 0.167392
-1.8688 0.164683
-1.86296 0.162512
-1.85712 0.159923
-1.85128 0.154363
-1.84544 0.156568
-1.8396 0.151645
-1.83376 0.14787
-1.82792 0.147194
-1.82208 0.144062
-1.81624 0.142541
-1.8104 0.137618
-1.80456 0.134702
-1.79872 0.1333
-1.79288 0.131951
-1.78704 0.128222
-1.7812 0.126708
-1.77536 0.122854
-1.76952 0.121588
-1.76368 0.117142
-1.75784 0.117059
-1.752 0.112544
-1.74616 0.108313
-1.74032 0.10722
-1.73448 0.104726
-1.72864 0.100464
-1.7228 0.0997448
-1.71696 0.0926911
-1.71112 0.0930857
-1.70528 0.0900571
-1.69944 0.0884545
-1.6936 0.0831351
-1.68776 0.0821479
-1.68192 0.0787344
-1.67608 0.0760925
-1.67024 0.0737101
-1.6644 0.0721693
-1.65856 0.0722667
-1.65272 0.0704995
-1.64688 0.0712185
-1.64104 0.0710868
-1.6352 0.0720549
-1.62936 0.0724099
-1.62352 0.0707275
-1.61768 0.0717502
-1.61184 0.0702423
-1.606 0.0709444
-1.60016 0.0713572
-1.59432 0.0731894
-1.58848 0.0718817
-1.58264 0.0722681
-1.5768 0.0735843
-1.57096 0.0742108
-1.56512 0.0751022
-1.55928 0.0744678
-1.55344 0.0772539
-1.5476 0.0790766
-1.54176 0.0803083
-1.53592 0.0828466
-1.53008 0.0816136
-1.52424 0.0805441
-1.5184 0.0795705
-1.51256 0.0843143
-1.50672 0.0849504
-1.50088 0.085142
-1.49504 0.0899072
-1.4892 0.08957
-1.48336 0.0917324
-1.47752 0.0950436
-1.47168 0.0943154
-1.46584 0.0966935
-1.46 0.0980779
-1.45416 0.0993809
-1.44832 0.100176
-1.44248 0.105274
-1.43664 0.10489
-1.4308 0.107512
-1.42496 0.112617
-1.41912 0.115258
-1.41328 0.116832
-1.40744 0.120558
-1.4016 0.123746
-1.39576 0.125909
-1.38992 0.128051
-1.38408 0.128147
-1.37824 0.132372
-1.3724 0.135056
-1.36656 0.137646
-1.36072 0.137558
-1.35488 0.141757
-1.34904 0.145058
-1.3432 0.148404
-1.33736 0.150706
-1.33152 0.156324
-1.32568 0.16046
-1.31984 0.162005
-1.314 0.163567
-1.30816 0.166411
-1.30232 0.167523
-1.29648 0.171563
-1.29064 0.17366
-1.2848 0.176642
-1.27896 0.180935
-1.27312 0.187078
-1.26728 0.188612
-1.26144 0.19007
-1.2556 0.194322
-1.24976 0.195774
-1.24392 0.19717
-1.23808 0.202612
-1.23224 0.204633
-1.2264 0.204611
-1.22056 0.208935
-1.21472 0.210532
-1.20888 0.2137
-1.20304 0.215787
-1.1972 0.218518
-1.19136 0.224136
-1.18552 0.225458
-1.17968 0.227562
-1.17384 0.228607
-1.168 0.230607
-1.16216 0.232008
-1.15632 0.235337
-1.15048 0.237684
-1.14464 0.238469
-1.1388 0.242017
-1.13296 0.246286
-1.12712 0.247972
-1.12128 0.24957
-1.11544 0.254484
-1.1096 0.258231
-1.10376 0.260129
-1.09792 0.264878
-1.09208 0.264462
-1.08624 0.26436
-1.0804 0.266674
-1.07456 0.27041
-1.06872 0.273354
-1.06288 0.275213
-1.05704 0.282131
-1.0512 0.281866
-1.04536 0.284233
-1.03952 0.290244
-1.03368 0.289211
-1.02784 0.29095
-1.022 0.29393
-1.01616 0.296897
-1.01032 0.298377
-1.00448 0.301844
-0.99864 0.304964
-0.9928 0.305757
-0.98696 0.308848
-0.98112 0.3101
-0.97528 0.312259
-0.96944 0.316058
-0.9636 0.317957
-0.95776 0.32006
-0.95192 0.320979
-0.94608 0.321042
-0.94024 0.324935
-0.9344 0.326736
-0.92856 0.329108
-0.92272 0.329563
-0.91688 0.331669
-0.91104 0.334919
-0.9052 0.338255
-0.89936 0.339898
-0.89352 0.343619
-0.88768 0.347461
-0.88184 0.349355
-0.876 0.348744
-0.87016 0.352664
-0.86432 0.350953
-0.85848 0.354408
-0.85264 0.357487
-0.8468 0.359389
-0.84096 0.362365
-0.83512 0.366505
-0.82928 0.36796
-0.82344 0.369215
-0.8176 0.371786
-0.81176 0.373588
-0.80592 0.375174
-0.80008 0.376936
-0.79424 0.378316
-0.7884 0.378642
-0.78256 0.379974
-0.77672 0.381819
-0.77088 0.383354
-0.76504 0.382921
-0.7592 0.383567
-0.75336 0.386001
-0.74752 0.384165
-0.74168 0.385651
-0.73584 0.38609
-0.73 0.386154
-0.72416 0.385167
-0.71832 0.386999
-0.71248 0.386592
-0.70664 0.387119
-0.7008 0.388396
-0.69496 0.388991
-0.68912 0.389679
-0.68328 0.390067
-0.67744 0.391812
-0.6716 0.393971
-0.66576 0.394771
-0.65992 0.395955
-0.65408 0.396238
-0.64824 0.395275
-0.6424 0.395687
-0.63656 0.396902
-0.63072 0.398111
-0.62488 0.399235
-0.61904 0.401532
-0.6132 0.402186
-0.60736 0.4025
-0.60152 0.402262
-0.59568 0.402262
-0.58984 0.402262
-0.584 0.402262
-0.57816 0.402262
-0.57232 0.402262
-0.56648 0.402262
-0.56064 0.402262
-0.5548 0.402262
-0.54896 0.402262
-0.54312 0.402262
-0.53728 0.402262
-0.53144 0.402262
-0.5256 0.402262
-0.51976 0.402262
-0.51392 0.402262
-0.50808 0.402262
-0.50224 0.402262
-0.4964 0.402262
-0.49056 0.402262
-0.48472 0.402262
-0.47888 0.402262
-0.47304 0.402262
-0.4672 0.402262
-0.46136 0.402262
-0.45552 0.402262
-0.44968 0.402262
-0.44384 0.402262
-0.438 0.402262
-0.43216 0.402262
-0.42632 0.402262
-0.42048 0.402262
-0.41464 0.402262
-0.4088 0.402262
-0.40296 0.402262
-0.39712 0.402262
-0.39128 0.402262
-0.38544 0.402262
-0.3796 0.402262
-0.37376 0.402262
-0.36792 0.402262
-0.36208 0.402262
-0.35624 0.402262
-0.3504 0.402262
-0.34456 0.402262
-0.33872 0.402262
-0.33288 0.402262
-0.32704 0.402262
-0.3212 0.402262
-0.31536 0.402262
-0.30952 0.402262
-0.30368 0.402262
-0.29784 0.402262
-0.292 0.402262
-0.28616 0.402262
-0.28032 0.402262
-0.27448 0.402262
-0.26864 0.402262
-0.2628 0.402262
-0.25696 0.402262
-0.25112 0.402262
-0.24528 0.402262
-0.23944 0.402262
-0.2336 0.402262
-0.22776 0.402262
-0.22192 0.402262
-0.21608 0.402262
-0.21024 0.402262
-0.2044 0.402262
-0.19856 0.402262
-0.19272 0.402262
-0.18688 0.402262
-0.18104 0.402262
-0.1752 0.402262
-0.16936 0.402262
-0.16352 0.402262
-0.15768 0.402262
-0.15184 0.402262
-0.146 0.402262
-0.14016 0.402262
-0.13432 0.402262
-0.12848 0.402262
-0.12264 0.402262
-0.1168 0.402262
-0.11096 0.402262
-0.10512 0.402262
-0.09928 0.402262
-0.09344 0.402262
-0.0876 0.402262
-0.08176 0.402262
-0.07592 0.402262
-0.07008 0.402262
-0.06424 0.402262
-0.0584 0.402262
-0.05256 0.402262
-0.04672 0.402262
-0.04088 0.402262
-0.03504 0.402262
-0.0292 0.402262
-0.02336 0.402262
-0.01752 0.402262
-0.01168 0.402262
-0.00584 0.402262
