-2.92 0.357656
-2.91416 0.357656
-2.90832 0.357656
-2.90248 0.357656
-2.89664 0.357656
-2.8908 0.357656
-2.88496 0.357656
-2.87912 0.357656
-2.87328 0.357656
-2.86744 0.357656
-2.8616 0.357656
-2.85576 0.357656
-2.84992 0.357656
-2.84408 0.357656
-2.83824 0.357656
-2.8324 0.357656
-2.82656 0.357656
-2.82072 0.357656
-2.81488 0.357656
-2.80904 0.357656
-2.8032 0.357656
-2.79736 0.357656
-2.79152 0.357656
-2.78568 0.357656
-2.77984 0.357656
-2.774 0.357656
-2.76816 0.357656
-2.76232 0.357656
-2.75648 0.357656
-2.75064 0.357656
-2.7448 0.357656
-2.73896 0.357656
-2.73312 0.357656
-2.72728 0.357656
-2.72144 0.357656
-2.7156 0.357656
-2.70976 0.357656
-2.70392 0.357656
-2.69808 0.357656
-2.69224 0.357656
-2.6864 0.357656
-2.68056 0.357656
-2.67472 0.357656
-2.66888 0.357656
-2.66304 0.357656
-2.6572 0.357656
-2.65136 0.357656
-2.64552 0.357656
-2.63968 0.357656
-2.63384 0.357656
-2.628 0.357656
-2.62216 0.357656
-2.61632 0.357656
-2.61048 0.357656
-2.60464 0.357656
-2.5988 0.357656
-2.59296 0.357303
-2.58712 0.356772
-2.58128 0.356153
-2.57544 0.355447
-2.5696 0.354653
-2.56376 0.353686
-2.55792 0.35272
-2.55208 0.351621
-2.54624 0.350435
-2.5404 0.349116
-2.53456 0.347666
-2.52872 0.346171
-2.52288 0.344721
-2.51704 0.343226
-2.5112 0.341733
-2.50536 0.340152
-2.49952 0.338614
-2.49368 0.337074
-2.48784 0.335492
-2.482 0.333953
-2.47616 0.332237
-2.47032 0.330523
-2.46448 0.328762
-2.45864 0.327002
-2.4528 0.325197
-2.44696 0.323479
-2.44112 0.321674
-2.43528 0.319781
-2.42944 0.317975
-2.4236 0.316082
-2.41776 0.31419
-2.41192 0.312254
-2.40608 0.310317
-2.40024 0.308335
-2.3944 0.306309
-2.38856 0.304328
-2.38272 0.302301
-2.37688 0.300317
-2.37104 0.298246
-2.3652 0.296175
-2.35936 0.294017
-2.35352 0.29186
-2.34768 0.289657
-2.34184 0.287454
-2.336 0.285249
-2.33016 0.283085
-2.32432 0.280963
-2.31848 0.278882
-2.31264 0.276631
-2.3068 0.274468
-2.30096 0.272555
-2.29512 0.270011
-2.28928 0.2678
-2.28344 0.265799
-2.2776 0.263125
-2.27176 0.260792
-2.26592 0.258117
-2.26008 0.256371
-2.25424 0.25407
-2.2484 0.251639
-2.24256 0.249295
-2.23672 0.246655
-2.23088 0.244604
-2.22504 0.242472
-2.2192 0.240251
-2.21336 0.237863
-2.20752 0.234846
-2.20168 0.232876
-2.19584 0.231079
-2.19 0.228984
-2.18416 0.226339
-2.17832 0.223353
-2.17248 0.219988
-2.16664 0.218523
-2.1608 0.21537
-2.15496 0.213106
-2.14912 0.210624
-2.14328 0.209084
-2.13744 0.206057
-2.1316 0.203914
-2.12576 0.201392
-2.11992 0.199464
-2.11408 0.197663
-2.10824 0.194125
-2.1024 0.191604
-2.09656 0.18908
-2.09072 0.186899
-2.08488 0.184382
-2.07904 0.182456
-2.0732 0.179725
-2.06736 0.178727
-2.06152 0.174474
-2.05568 0.172929
-2.04984 0.170882
-2.044 0.168326
-2.03816 0.166144
-2.03232 0.162609
-2.02648 0.16208
-2.02064 0.157994
-2.0148 0.156061
-2.00896 0.15346
-2.00312 0.150643
-1.99728 0.149644
-1.99144 0.146581
-1.9856 0.14627
-1.97976 0.144553
-1.97392 0.14246
-1.96808 0.143355
-1.96224 0.141768
-1.9564 0.140367
-1.95056 0.138313
-1.94472 0.136048
-1.93888 0.136929
-1.93304 0.135415
-1.9272 0.133684
-1.92136 0.132764
-1.91552 0.131538
-1.90968 0.131515
-1.90384 0.131763
-1.898 0.130148
-1.89216 0.130493
-1.88632 0.128948
-1.88048 0.129856
-1.87464 0.128367
-1.8688 0.128214
-1.86296 0.127225
-1.85712 0.128041
-1.85128 0.129431
-1.84544 0.127615
-1.8396 0.127843
-1.83376 0.127291
-1.82792 0.127242
-1.82208 0.126463
-1.81624 0.128762
-1.8104 0.128068
-1.80456 0.127106
-1.79872 0.128802
-1.79288 0.128762
-1.78704 0.126847
-1.7812 0.128766
-1.77536 0.127261
-1.76952 0.129077
-1.76368 0.128961
-1.75784 0.126766
-1.752 0.129993
-1.74616 0.127911
-1.74032 0.128615
-1.73448 0.13004
-1.72864 0.128758
-1.7228 0.133221
-1.71696 0.130177
-1.71112 0.13326
-1.70528 0.133688
-1.69944 0.136539
-1.6936 0.137329
-1.68776 0.136901
-1.68192 0.134138
-1.67608 0.133981
-1.67024 0.13389
-1.6644 0.134764
-1.65856 0.13388
-1.65272 0.13262
-1.64688 0.134101
-1.64104 0.136104
-1.6352 0.134976
-1.62936 0.134589
-1.62352 0.13538
-1.61768 0.136486
-1.61184 0.140097
-1.606 0.138796
-1.60016 0.142313
-1.59432 0.141028
-1.58848 0.146706
-1.58264 0.144897
-1.5768 0.148418
-1.57096 0.154842
-1.56512 0.152441
-1.55928 0.154509
-1.55344 0.160286
-1.5476 0.161316
-1.54176 0.163114
-1.53592 0.165717
-1.53008 0.162561
-1.52424 0.169795
-1.5184 0.174588
-1.51256 0.17615
-1.50672 0.177783
-1.50088 0.177687
-1.49504 0.183114
-1.4892 0.184662
-1.48336 0.182484
-1.47752 0.187092
-1.47168 0.192108
-1.46584 0.192986
-1.46 0.19575
-1.45416 0.198452
-1.44832 0.203779
-1.44248 0.205599
-1.43664 0.204038
-1.4308 0.209545
-1.42496 0.211115
-1.41912 0.215704
-1.41328 0.218018
-1.40744 0.223402
-1.4016 0.226084
-1.39576 0.226742
-1.38992 0.229141
-1.38408 0.234464
-1.37824 0.237369
-1.3724 0.238522
-1.36656 0.241842
-1.36072 0.245756
-1.35488 0.249285
-1.34904 0.243403
-1.3432 0.254627
-1.33736 0.253204
-1.33152 0.256919
-1.32568 0.260508
-1.31984 0.264156
-1.314 0.268461
-1.30816 0.267546
-1.30232 0.271508
-1.29648 0.27319
-1.29064 0.275721
-1.2848 0.281047
-1.27896 0.280785
-1.27312 0.286488
-1.26728 0.28923
-1.26144 0.288811
-1.2556 0.290192
-1.24976 0.29527
-1.24392 0.295445
-1.23808 0.29988
-1.23224 0.30056
-1.2264 0.304633
-1.22056 0.304432
-1.21472 0.307658
-1.20888 0.312801
-1.20304 0.315144
-1.1972 0.318096
-1.19136 0.318115
-1.18552 0.322368
-1.17968 0.323442
-1.17384 0.329537
-1.168 0.328002
-1.16216 0.332279
-1.15632 0.332325
-1.15048 0.337048
-1.14464 0.336919
-1.1388 0.34052
-1.13296 0.344212
-1.12712 0.344249
-1.12128 0.346039
-1.11544 0.35233
-1.1096 0.353873
-1.10376 0.354972
-1.09792 0.357995
-1.09208 0.353732
-1.08624 0.35882
-1.0804 0.363683
-1.07456 0.364813
-1.06872 0.367271
-1.06288 0.364652
-1.05704 0.370067
-1.0512 0.370127
-1.04536 0.366536
-1.03952 0.369534
-1.03368 0.371949
-1.02784 0.368986
-1.022 0.370164
-1.01616 0.370744
-1.01032 0.372201
-1.00448 0.371603
-0.99864 0.368798
-0.9928 0.3711
-0.98696 0.369971
-0.98112 0.37302
-0.97528 0.372133
-0.96944 0.372827
-0.9636 0.374225
-0.95776 0.371535
-0.95192 0.370511
-0.94608 0.375025
-0.94024 0.373039
-0.9344 0.373349
-0.92856 0.373124
-0.92272 0.374566
-0.91688 0.374804
-0.91104 0.370229
-0.9052 0.374997
-0.89936 0.374149
-0.89352 0.375093
-0.88768 0.373963
-0.88184 0.376232
-0.876 0.37516
-0.87016 0.373666
-0.86432 0.374571
-0.85848 0.375685
-0.85264 0.376467
-0.8468 0.375604
-0.84096 0.378071
-0.83512 0.378267
-0.82928 0.378561
-0.82344 0.376274
-0.8176 0.37626
-0.81176 0.376965
-0.80592 0.376894
-0.80008 0.377893
-0.79424 0.379495
-0.7884 0.380765
-0.78256 0.379466
-0.77672 0.380433
-0.77088 0.38054
-0.76504 0.38032
-0.7592 0.382551
-0.75336 0.382721
-0.74752 0.383255
-0.74168 0.383749
-0.73584 0.384692
-0.73 0.385368
-0.72416 0.385953
-0.71832 0.387823
-0.71248 0.388042
-0.70664 0.389444
-0.7008 0.389671
-0.69496 0.390714
-0.68912 0.391371
-0.68328 0.393174
-0.67744 0.396075
-0.6716 0.39811
-0.66576 0.398535
-0.65992 0.400296
-0.65408 0.400171
-0.64824 0.401125
-0.6424 0.403195
-0.63656 0.404391
-0.63072 0.404382
-0.62488 0.405273
-0.61904 0.40596
-0.6132 0.406263
-0.60736 0.405658
-0.60152 0.406224
-0.59568 0.406224
-0.58984 0.406224
-0.584 0.406224
-0.57816 0.406224
-0.57232 0.406224
-0.56648 0.406224
-0.56064 0.406224
-0.5548 0.406224
-0.54896 0.406224
-0.54312 0.406224
-0.53728 0.406224
-0.53144 0.406224
-0.5256 0.406224
-0.51976 0.406224
-0.51392 0.406224
-0.50808 0.406224
-0.50224 0.406224
-0.4964 0.406224
-0.49056 0.406224
-0.48472 0.406224
-0.47888 0.406224
-0.47304 0.406224
-0.4672 0.406224
-0.46136 0.406224
-0.45552 0.406224
-0.44968 0.406224
-0.44384 0.406224
-0.438 0.406224
-0.43216 0.406224
-0.42632 0.406224
-0.42048 0.406224
-0.41464 0.406224
-0.4088 0.406224
-0.40296 0.406224
-0.39712 0.406224
-0.39128 0.406224
-0.38544 0.406224
-0.3796 0.406224
-0.37376 0.406224
-0.36792 0.406224
-0.36208 0.406224
-0.35624 0.406224
-0.3504 0.406224
-0.34456 0.406224
-0.33872 0.406224
-0.33288 0.406224
-0.32704 0.406224
-0.3212 0.406224
-0.31536 0.406224
-0.30952 0.406224
-0.30368 0.406224
-0.29784 0.406224
-0.292 0.406224
-0.28616 0.406224
-0.28032 0.406224
-0.27448 0.406224
-0.26864 0.406224
-0.2628 0.406224
-0.25696 0.406224
-0.25112 0.406224
-0.24528 0.406224
-0.23944 0.406224
-0.2336 0.406224
-0.22776 0.406224
-0.22192 0.406224
-0.21608 0.406224
-0.21024 0.406224
-0.2044 0.406224
-0.19856 0.406224
-0.19272 0.406224
-0.18688 0.406224
-0.18104 0.406224
-0.1752 0.406224
-0.16936 0.406224
-0.16352 0.406224
-0.15768 0.406224
-0.15184 0.406224
-0.146 0.406224
-0.14016 0.406224
-0.13432 0.406224
-0.12848 0.406224
-0.12264 0.406224
-0.1168 0.406224
-0.11096 0.406224
-0.10512 0.406224
-0.09928 0.406224
-0.09344 0.406224
-0.0876 0.406224
-0.08176 0.406224
-0.07592 0.406224
-0.07008 0.406224
-0.06424 0.406224
-0.0584 0.406224
-0.05256 0.406224
-0.04672 0.406224
-0.04088 0.406224
-0.03504 0.406224
-0.0292 0.406224
-0.02336 0.406224
-0.01752 0.406224
-0.01168 0.406224
-0.00584 0.406224
