-2.92 0.436574
-2.91416 0.436574
-2.90832 0.436574
-2.90248 0.436574
-2.89664 0.436574
-2.8908 0.436574
-2.88496 0.436574
-2.87912 0.436574
-2.87328 0.436574
-2.86744 0.436574
-2.8616 0.436574
-2.85576 0.436574
-2.84992 0.436574
-2.84408 0.436574
-2.83824 0.436574
-2.8324 0.436574
-2.82656 0.436574
-2.82072 0.436574
-2.81488 0.436574
-2.80904 0.436574
-2.8032 0.436574
-2.79736 0.436574
-2.79152 0.436574
-2.78568 0.436574
-2.77984 0.436574
-2.774 0.436574
-2.76816 0.436574
-2.76232 0.436574
-2.75648 0.436574
-2.75064 0.436574
-2.7448 0.436574
-2.73896 0.436574
-2.73312 0.436574
-2.72728 0.436574
-2.72144 0.436574
-2.7156 0.436574
-2.70976 0.436574
-2.70392 0.436574
-2.69808 0.436574
-2.69224 0.436574
-2.6864 0.436574
-2.68056 0.436574
-2.67472 0.436574
-2.66888 0.436574
-2.66304 0.436574
-2.6572 0.436574
-2.65136 0.436574
-2.64552 0.436574
-2.63968 0.436574
-2.63384 0.436574
-2.628 0.436574
-2.62216 0.436574
-2.61632 0.436574
-2.61048 0.436574
-2.60464 0.436574
-2.5988 0.436574
-2.59296 0.436219
-2.58712 0.435555
-2.58128 0.43467
-2.57544 0.433609
-2.5696 0.432591
-2.56376 0.431442
-2.55792 0.43016
-2.55208 0.428745
-2.54624 0.427154
-2.5404 0.425431
-2.53456 0.423706
-2.52872 0.421892
-2.52288 0.420166
-2.51704 0.418352
-2.5112 0.416496
-2.50536 0.414593
-2.49952 0.412646
-2.49368 0.410699
-2.48784 0.408621
-2.482 0.406587
-2.47616 0.404333
-2.47032 0.402078
-2.46448 0.399693
-2.45864 0.397307
-2.4528 0.39492
-2.44696 0.392491
-2.44112 0.39006
-2.43528 0.38754
-2.42944 0.385066
-2.4236 0.382503
-2.41776 0.379985
-2.41192 0.377466
-2.40608 0.374903
-2.40024 0.37234
-2.3944 0.369645
-2.38856 0.36695
-2.38272 0.364255
-2.37688 0.361604
-2.37104 0.358865
-2.3652 0.356215
-2.35936 0.353519
-2.35352 0.350868
-2.34768 0.348259
-2.34184 0.345565
-2.336 0.342825
-2.33016 0.340083
-2.32432 0.337302
-2.31848 0.334519
-2.31264 0.33169
-2.3068 0.328951
-2.30096 0.326167
-2.29512 0.323428
-2.28928 0.320642
-2.28344 0.317816
-2.2776 0.315031
-2.27176 0.312421
-2.26592 0.309427
-2.26008 0.306814
-2.25424 0.3039
-2.2484 0.300853
-2.24256 0.297767
-2.23672 0.294891
-2.23088 0.291758
-2.22504 0.288838
-2.2192 0.286
-2.21336 0.282702
-2.20752 0.279995
-2.20168 0.276651
-2.19584 0.273776
-2.19 0.270983
-2.18416 0.268062
-2.17832 0.264931
-2.17248 0.262135
-2.16664 0.259043
-2.1608 0.256124
-2.15496 0.252947
-2.14912 0.250067
-2.14328 0.2474
-2.13744 0.243846
-2.1316 0.241178
-2.12576 0.238131
-2.11992 0.235461
-2.11408 0.232288
-2.10824 0.229154
-2.1024 0.226104
-2.09656 0.223435
-2.09072 0.220515
-2.08488 0.217553
-2.07904 0.214588
-2.0732 0.21167
-2.06736 0.208747
-2.06152 0.205953
-2.05568 0.20308
-2.04984 0.200034
-2.044 0.19708
-2.03816 0.194453
-2.03232 0.191067
-2.02648 0.188566
-2.02064 0.184673
-2.0148 0.182215
-2.00896 0.17963
-2.00312 0.176747
-1.99728 0.174121
-1.99144 0.171713
-1.9856 0.169596
-1.97976 0.168404
-1.97392 0.165191
-1.96808 0.164004
-1.96224 0.163068
-1.9564 0.161626
-1.95056 0.15932
-1.94472 0.1586
-1.93888 0.156849
-1.93304 0.155245
-1.9272 0.155161
-1.92136 0.15316
-1.91552 0.150972
-1.90968 0.150194
-1.90384 0.149407
-1.898 0.149292
-1.89216 0.148194
-1.88632 0.147266
-1.88048 0.1455
-1.87464 0.145723
-1.8688 0.14388
-1.86296 0.146554
-1.85712 0.143827
-1.85128 0.142086
-1.84544 0.14401
-1.8396 0.14227
-1.83376 0.142763
-1.82792 0.142715
-1.82208 0.141657
-1.81624 0.14222
-1.8104 0.141391
-1.80456 0.141125
-1.79872 0.141028
-1.79288 0.140797
-1.78704 0.140074
-1.7812 0.141269
-1.77536 0.140836
-1.76952 0.139175
-1.76368 0.141209
-1.75784 0.140873
-1.752 0.141535
-1.74616 0.141685
-1.74032 0.139414
-1.73448 0.141406
-1.72864 0.141894
-1.7228 0.142732
-1.71696 0.140963
-1.71112 0.141067
-1.70528 0.145111
-1.69944 0.146045
-1.6936 0.144468
-1.68776 0.143046
-1.68192 0.144819
-1.67608 0.143818
-1.67024 0.142473
-1.6644 0.143134
-1.65856 0.144935
-1.65272 0.144373
-1.64688 0.1446
-1.64104 0.143912
-1.6352 0.143744
-1.62936 0.141436
-1.62352 0.142944
-1.61768 0.143267
-1.61184 0.145152
-1.606 0.149792
-1.60016 0.151999
-1.59432 0.15317
-1.58848 0.151934
-1.58264 0.156757
-1.5768 0.158756
-1.57096 0.153898
-1.56512 0.162053
-1.55928 0.162765
-1.55344 0.169804
-1.5476 0.167455
-1.54176 0.175644
-1.53592 0.174833
-1.53008 0.177642
-1.52424 0.176673
-1.5184 0.180614
-1.51256 0.184708
-1.50672 0.18808
-1.50088 0.189858
-1.49504 0.194063
-1.4892 0.197058
-1.48336 0.198887
-1.47752 0.196355
-1.47168 0.202147
-1.46584 0.20459
-1.46 0.20475
-1.45416 0.208131
-1.44832 0.212749
-1.44248 0.2142
-1.43664 0.216836
-1.4308 0.219607
-1.42496 0.225921
-1.41912 0.223374
-1.41328 0.228748
-1.40744 0.229839
-1.4016 0.235145
-1.39576 0.239034
-1.38992 0.243141
-1.38408 0.243247
-1.37824 0.247639
-1.3724 0.248968
-1.36656 0.251965
-1.36072 0.252601
-1.35488 0.254038
-1.34904 0.258339
-1.3432 0.260848
-1.33736 0.265341
-1.33152 0.266582
-1.32568 0.2713
-1.31984 0.276069
-1.314 0.274196
-1.30816 0.277212
-1.30232 0.279804
-1.29648 0.285815
-1.29064 0.285966
-1.2848 0.288133
-1.27896 0.289716
-1.27312 0.291169
-1.26728 0.295642
-1.26144 0.297484
-1.2556 0.298961
-1.24976 0.300668
-1.24392 0.302222
-1.23808 0.304768
-1.23224 0.3078
-1.2264 0.311847
-1.22056 0.314339
-1.21472 0.317497
-1.20888 0.319839
-1.20304 0.320543
-1.1972 0.325635
-1.19136 0.32552
-1.18552 0.329655
-1.17968 0.329582
-1.17384 0.336214
-1.168 0.337225
-1.16216 0.342872
-1.15632 0.342381
-1.15048 0.343944
-1.14464 0.3479
-1.1388 0.346355
-1.13296 0.342673
-1.12712 0.349358
-1.12128 0.34874
-1.11544 0.358052
-1.1096 0.355254
-1.10376 0.361369
-1.09792 0.3628
-1.09208 0.361803
-1.08624 0.361891
-1.0804 0.365917
-1.07456 0.369275
-1.06872 0.369737
-1.06288 0.371282
-1.05704 0.373321
-1.0512 0.374832
-1.04536 0.375581
-1.03952 0.370712
-1.03368 0.375818
-1.02784 0.375978
-1.022 0.372143
-1.01616 0.373581
-1.01032 0.376152
-1.00448 0.373956
-0.99864 0.373626
-0.9928 0.373712
-0.98696 0.377423
-0.98112 0.373953
-0.97528 0.375075
-0.96944 0.376436
-0.9636 0.375857
-0.95776 0.376496
-0.95192 0.376552
-0.94608 0.377577
-0.94024 0.378135
-0.9344 0.377722
-0.92856 0.378438
-0.92272 0.373791
-0.91688 0.374984
-0.91104 0.375438
-0.9052 0.375485
-0.89936 0.375098
-0.89352 0.376138
-0.88768 0.376027
-0.88184 0.378712
-0.876 0.376221
-0.87016 0.375599
-0.86432 0.37606
-0.85848 0.378561
-0.85264 0.378327
-0.8468 0.376219
-0.84096 0.37693
-0.83512 0.376543
-0.82928 0.376484
-0.82344 0.376415
-0.8176 0.375819
-0.81176 0.376128
-0.80592 0.377079
-0.80008 0.37579
-0.79424 0.375954
-0.7884 0.376353
-0.78256 0.377095
-0.77672 0.377028
-0.77088 0.378257
-0.76504 0.377371
-0.7592 0.379778
-0.75336 0.378598
-0.74752 0.379778
-0.74168 0.379711
-0.73584 0.38243
-0.73 0.381687
-0.72416 0.384278
-0.71832 0.383832
-0.71248 0.384962
-0.70664 0.386191
-0.7008 0.386666
-0.69496 0.387246
-0.68912 0.388266
-0.68328 0.389338
-0.67744 0.392532
-0.6716 0.394145
-0.66576 0.39548
-0.65992 0.396853
-0.65408 0.396532
-0.64824 0.397629
-0.6424 0.400015
-0.63656 0.401146
-0.63072 0.401184
-0.62488 0.401385
-0.61904 0.401665
-0.6132 0.402025
-0.60736 0.401334
-0.60152 0.401855
-0.59568 0.401855
-0.58984 0.401855
-0.584 0.401855
-0.57816 0.401855
-0.57232 0.401855
-0.56648 0.401855
-0.56064 0.401855
-0.5548 0.401855
-0.54896 0.401855
-0.54312 0.401855
-0.53728 0.401855
-0.53144 0.401855
-0.5256 0.401855
-0.51976 0.401855
-0.51392 0.401855
-0.50808 0.401855
-0.50224 0.401855
-0.4964 0.401855
-0.49056 0.401855
-0.48472 0.401855
-0.47888 0.401855
-0.47304 0.401855
-0.4672 0.401855
-0.46136 0.401855
-0.45552 0.401855
-0.44968 0.401855
-0.44384 0.401855
-0.438 0.401855
-0.43216 0.401855
-0.42632 0.401855
-0.42048 0.401855
-0.41464 0.401855
-0.4088 0.401855
-0.40296 0.401855
-0.39712 0.401855
-0.39128 0.401855
-0.38544 0.401855
-0.3796 0.401855
-0.37376 0.401855
-0.36792 0.401855
-0.36208 0.401855
-0.35624 0.401855
-0.3504 0.401855
-0.34456 0.401855
-0.33872 0.401855
-0.33288 0.401855
-0.32704 0.401855
-0.3212 0.401855
-0.31536 0.401855
-0.30952 0.401855
-0.30368 0.401855
-0.29784 0.401855
-0.292 0.401855
-0.28616 0.401855
-0.28032 0.401855
-0.27448 0.401855
-0.26864 0.401855
-0.2628 0.401855
-0.25696 0.401855
-0.25112 0.401855
-0.24528 0.401855
-0.23944 0.401855
-0.2336 0.401855
-0.22776 0.401855
-0.22192 0.401855
-0.21608 0.401855
-0.21024 0.401855
-0.2044 0.401855
-0.19856 0.401855
-0.19272 0.401855
-0.18688 0.401855
-0.18104 0.401855
-0.1752 0.401855
-0.16936 0.401855
-0.16352 0.401855
-0.15768 0.401855
-0.15184 0.401855
-0.146 0.401855
-0.14016 0.401855
-0.13432 0.401855
-0.12848 0.401855
-0.12264 0.401855
-0.1168 0.401855
-0.11096 0.401855
-0.10512 0.401855
-0.09928 0.401855
-0.09344 0.401855
-0.0876 0.401855
-0.08176 0.401855
-0.07592 0.401855
-0.07008 0.401855
-0.06424 0.401855
-0.0584 0.401855
-0.05256 0.401855
-0.04672 0.401855
-0.04088 0.401855
-0.03504 0.401855
-0.0292 0.401855
-0.02336 0.401855
-0.01752 0.401855
-0.01168 0.401855
-0.00584 0.401855
