-2.92 0.368647
-2.91416 0.368647
-2.90832 0.368647
-2.90248 0.368647
-2.89664 0.368647
-2.8908 0.368647
-2.88496 0.368647
-2.87912 0.368647
-2.87328 0.368647
-2.86744 0.368647
-2.8616 0.368647
-2.85576 0.368647
-2.84992 0.368647
-2.84408 0.368647
-2.83824 0.368647
-2.8324 0.368647
-2.82656 0.368647
-2.82072 0.368647
-2.81488 0.368647
-2.80904 0.368647
-2.8032 0.368647
-2.79736 0.368647
-2.79152 0.368647
-2.78568 0.368647
-2.77984 0.368647
-2.774 0.368647
-2.76816 0.368647
-2.76232 0.368647
-2.75648 0.368647
-2.75064 0.368647
-2.7448 0.368647
-2.73896 0.368647
-2.73312 0.368647
-2.72728 0.368647
-2.72144 0.368647
-2.7156 0.368647
-2.70976 0.368647
-2.70392 0.368647
-2.69808 0.368647
-2.69224 0.368647
-2.6864 0.368647
-2.68056 0.368647
-2.67472 0.368647
-2.66888 0.368647
-2.66304 0.368647
-2.6572 0.368647
-2.65136 0.368647
-2.64552 0.368647
-2.63968 0.368647
-2.63384 0.368647
-2.628 0.368647
-2.62216 0.368647
-2.61632 0.368647
-2.61048 0.368647
-2.60464 0.368647
-2.5988 0.368647
-2.59296 0.368469
-2.58712 0.368071
-2.58128 0.367496
-2.57544 0.366788
-2.5696 0.366082
-2.56376 0.365328
-2.55792 0.364505
-2.55208 0.363512
-2.54624 0.362475
-2.5404 0.361351
-2.53456 0.360184
-2.52872 0.35897
-2.52288 0.357757
-2.51704 0.356543
-2.5112 0.355286
-2.50536 0.353897
-2.49952 0.35242
-2.49368 0.350896
-2.48784 0.34933
-2.482 0.347807
-2.47616 0.346109
-2.47032 0.344408
-2.46448 0.342661
-2.45864 0.340826
-2.4528 0.338948
-2.44696 0.337158
-2.44112 0.335235
-2.43528 0.333269
-2.42944 0.331342
-2.4236 0.329377
-2.41776 0.32741
-2.41192 0.325486
-2.40608 0.323431
-2.40024 0.321332
-2.3944 0.319146
-2.38856 0.316986
-2.38272 0.314799
-2.37688 0.312525
-2.37104 0.310339
-2.3652 0.308065
-2.35936 0.305704
-2.35352 0.303387
-2.34768 0.301157
-2.34184 0.298796
-2.336 0.29639
-2.33016 0.294027
-2.32432 0.291709
-2.31848 0.289257
-2.31264 0.286849
-2.3068 0.284529
-2.30096 0.282118
-2.29512 0.279755
-2.28928 0.277384
-2.28344 0.274891
-2.2776 0.272393
-2.27176 0.269985
-2.26592 0.267534
-2.26008 0.265207
-2.25424 0.262579
-2.2484 0.260119
-2.24256 0.257408
-2.23672 0.254774
-2.23088 0.252187
-2.22504 0.249642
-2.2192 0.24684
-2.21336 0.244285
-2.20752 0.241658
-2.20168 0.239149
-2.19584 0.236392
-2.19 0.233757
-2.18416 0.231291
-2.17832 0.228192
-2.17248 0.225371
-2.16664 0.223029
-2.1608 0.220272
-2.15496 0.217383
-2.14912 0.214664
-2.14328 0.211902
-2.13744 0.209391
-2.1316 0.206631
-2.12576 0.203574
-2.11992 0.200811
-2.11408 0.198175
-2.10824 0.195622
-2.1024 0.192609
-2.09656 0.190015
-2.09072 0.187128
-2.08488 0.184621
-2.07904 0.182241
-2.0732 0.179184
-2.06736 0.176545
-2.06152 0.173362
-2.05568 0.170435
-2.04984 0.168053
-2.044 0.165595
-2.03816 0.163043
-2.03232 0.159984
-2.02648 0.158023
-2.02064 0.154375
-2.0148 0.151358
-2.00896 0.14936
-2.00312 0.146087
-1.99728 0.144506
-1.99144 0.141958
-1.9856 0.14008
-1.97976 0.138589
-1.97392 0.137847
-1.96808 0.136653
-1.96224 0.134202
-1.9564 0.134505
-1.95056 0.131679
-1.94472 0.130467
-1.93888 0.129763
-1.93304 0.129633
-1.9272 0.127338
-1.92136 0.126178
-1.91552 0.125849
-1.90968 0.124964
-1.90384 0.123532
-1.898 0.122611
-1.89216 0.12225
-1.88632 0.123063
-1.88048 0.122549
-1.87464 0.121705
-1.8688 0.121873
-1.86296 0.120572
-1.85712 0.12045
-1.85128 0.121631
-1.84544 0.120627
-1.8396 0.119588
-1.83376 0.120657
-1.82792 0.120638
-1.82208 0.12163
-1.81624 0.122605
-1.8104 0.120431
-1.80456 0.120407
-1.79872 0.121861
-1.79288 0.123482
-1.78704 0.124407
-1.7812 0.122796
-1.77536 0.123464
-1.76952 0.123191
-1.76368 0.12301
-1.75784 0.126625
-1.752 0.123558
-1.74616 0.126246
-1.74032 0.126529
-1.73448 0.128167
-1.72864 0.128048
-1.7228 0.129601
-1.71696 0.13217
-1.71112 0.13086
-1.70528 0.130642
-1.69944 0.132439
-1.6936 0.135885
-1.68776 0.135348
-1.68192 0.136041
-1.67608 0.133468
-1.67024 0.135041
-1.6644 0.135026
-1.65856 0.136714
-1.65272 0.137821
-1.64688 0.137701
-1.64104 0.138859
-1.6352 0.140354
-1.62936 0.139426
-1.62352 0.139895
-1.61768 0.142238
-1.61184 0.140951
-1.606 0.143808
-1.60016 0.148417
-1.59432 0.14583
-1.58848 0.15111
-1.58264 0.157115
-1.5768 0.152204
-1.57096 0.155351
-1.56512 0.157985
-1.55928 0.162285
-1.55344 0.162192
-1.5476 0.16884
-1.54176 0.171792
-1.53592 0.172854
-1.53008 0.173281
-1.52424 0.173782
-1.5184 0.18074
-1.51256 0.181601
-1.50672 0.185025
-1.50088 0.185925
-1.49504 0.191416
-1.4892 0.191541
-1.48336 0.194731
-1.47752 0.197394
-1.47168 0.198178
-1.46584 0.200985
-1.46 0.205774
-1.45416 0.205987
-1.44832 0.20758
-1.44248 0.210825
-1.43664 0.214591
-1.4308 0.21879
-1.42496 0.22481
-1.41912 0.227071
-1.41328 0.228186
-1.40744 0.231078
-1.4016 0.234668
-1.39576 0.238158
-1.38992 0.241736
-1.38408 0.247412
-1.37824 0.251584
-1.3724 0.251606
-1.36656 0.254696
-1.36072 0.258156
-1.35488 0.260253
-1.34904 0.261079
-1.3432 0.265298
-1.33736 0.267582
-1.33152 0.272542
-1.32568 0.273226
-1.31984 0.280131
-1.314 0.279881
-1.30816 0.281194
-1.30232 0.287906
-1.29648 0.291829
-1.29064 0.294284
-1.2848 0.298506
-1.27896 0.30159
-1.27312 0.302849
-1.26728 0.302319
-1.26144 0.308843
-1.2556 0.310987
-1.24976 0.312708
-1.24392 0.318077
-1.23808 0.317696
-1.23224 0.321671
-1.2264 0.323909
-1.22056 0.327888
-1.21472 0.331523
-1.20888 0.332512
-1.20304 0.340769
-1.1972 0.342432
-1.19136 0.342678
-1.18552 0.344649
-1.17968 0.351474
-1.17384 0.352477
-1.168 0.354997
-1.16216 0.359743
-1.15632 0.3566
-1.15048 0.362415
-1.14464 0.367628
-1.1388 0.364287
-1.13296 0.366714
-1.12712 0.369846
-1.12128 0.375015
-1.11544 0.375775
-1.1096 0.382643
-1.10376 0.386055
-1.09792 0.38646
-1.09208 0.385014
-1.08624 0.384988
-1.0804 0.392612
-1.07456 0.392216
-1.06872 0.395364
-1.06288 0.396578
-1.05704 0.40107
-1.0512 0.399677
-1.04536 0.401363
-1.03952 0.403391
-1.03368 0.403236
-1.02784 0.403036
-1.022 0.40506
-1.01616 0.403298
-1.01032 0.402594
-1.00448 0.404186
-0.99864 0.405566
-0.9928 0.406881
-0.98696 0.410493
-0.98112 0.40976
-0.97528 0.408978
-0.96944 0.408771
-0.9636 0.410245
-0.95776 0.411948
-0.95192 0.413748
-0.94608 0.414829
-0.94024 0.414703
-0.9344 0.415227
-0.92856 0.416015
-0.92272 0.415758
-0.91688 0.416489
-0.91104 0.413883
-0.9052 0.415303
-0.89936 0.417707
-0.89352 0.419636
-0.88768 0.418724
-0.88184 0.421551
-0.876 0.421916
-0.87016 0.419834
-0.86432 0.422925
-0.85848 0.423245
-0.85264 0.42557
-0.8468 0.42547
-0.84096 0.425872
-0.83512 0.426948
-0.82928 0.425787
-0.82344 0.425799
-0.8176 0.426305
-0.81176 0.426883
-0.80592 0.428487
-0.80008 0.426231
-0.79424 0.429132
-0.7884 0.429076
-0.78256 0.430069
-0.77672 0.43046
-0.77088 0.430972
-0.76504 0.432953
-0.7592 0.43226
-0.75336 0.433174
-0.74752 0.433933
-0.74168 0.435888
-0.73584 0.436772
-0.73 0.438276
-0.72416 0.438954
-0.71832 0.439229
-0.71248 0.440394
-0.70664 0.441544
-0.7008 0.442637
-0.69496 0.443021
-0.68912 0.443919
-0.68328 0.445522
-0.67744 0.449333
-0.6716 0.450166
-0.66576 0.451719
-0.65992 0.452362
-0.65408 0.453205
-0.64824 0.453718
-0.6424 0.45643
-0.63656 0.457456
-0.63072 0.457976
-0.62488 0.458244
-0.61904 0.458539
-0.6132 0.458264
-0.60736 0.45757
-0.60152 0.458133
-0.59568 0.458133
-0.58984 0.458133
-0.584 0.458133
-0.57816 0.458133
-0.57232 0.458133
-0.56648 0.458133
-0.56064 0.458133
-0.5548 0.458133
-0.54896 0.458133
-0.54312 0.458133
-0.53728 0.458133
-0.53144 0.458133
-0.5256 0.458133
-0.51976 0.458133
-0.51392 0.458133
-0.50808 0.458133
-0.50224 0.458133
-0.4964 0.458133
-0.49056 0.458133
-0.48472 0.458133
-0.47888 0.458133
-0.47304 0.458133
-0.4672 0.458133
-0.46136 0.458133
-0.45552 0.458133
-0.44968 0.458133
-0.44384 0.458133
-0.438 0.458133
-0.43216 0.458133
-0.42632 0.458133
-0.42048 0.458133
-0.41464 0.458133
-0.4088 0.458133
-0.40296 0.458133
-0.39712 0.458133
-0.39128 0.458133
-0.38544 0.458133
-0.3796 0.458133
-0.37376 0.458133
-0.36792 0.458133
-0.36208 0.458133
-0.35624 0.458133
-0.3504 0.458133
-0.34456 0.458133
-0.33872 0.458133
-0.33288 0.458133
-0.32704 0.458133
-0.3212 0.458133
-0.31536 0.458133
-0.30952 0.458133
-0.30368 0.458133
-0.29784 0.458133
-0.292 0.458133
-0.28616 0.458133
-0.28032 0.458133
-0.27448 0.458133
-0.26864 0.458133
-0.2628 0.458133
-0.25696 0.458133
-0.25112 0.458133
-0.24528 0.458133
-0.23944 0.458133
-0.2336 0.458133
-0.22776 0.458133
-0.22192 0.458133
-0.21608 0.458133
-0.21024 0.458133
-0.2044 0.458133
-0.19856 0.458133
-0.19272 0.458133
-0.18688 0.458133
-0.18104 0.458133
-0.1752 0.458133
-0.16936 0.458133
-0.16352 0.458133
-0.15768 0.458133
-0.15184 0.458133
-0.146 0.458133
-0.14016 0.458133
-0.13432 0.458133
-0.12848 0.458133
-0.12264 0.458133
-0.1168 0.458133
-0.11096 0.458133
-0.10512 0.458133
-0.09928 0.458133
-0.09344 0.458133
-0.0876 0.458133
-0.08176 0.458133
-0.07592 0.458133
-0.07008 0.458133
-0.06424 0.458133
-0.0584 0.458133
-0.05256 0.458133
-0.04672 0.458133
-0.04088 0.458133
-0.03504 0.458133
-0.0292 0.458133
-0.02336 0.458133
-0.01752 0.458133
-0.01168 0.458133
-0.00584 0.458133
