-2.92 0.272032
-2.91416 0.272032
-2.90832 0.272032
-2.90248 0.272032
-2.89664 0.272032
-2.8908 0.272032
-2.88496 0.272032
-2.87912 0.272032
-2.87328 0.272032
-2.86744 0.272032
-2.8616 0.272032
-2.85576 0.272032
-2.84992 0.272032
-2.84408 0.272032
-2.83824 0.272032
-2.8324 0.272032
-2.82656 0.272032
-2.82072 0.272032
-2.81488 0.272032
-2.80904 0.272032
-2.8032 0.272032
-2.79736 0.272032
-2.79152 0.272032
-2.78568 0.272032
-2.77984 0.272032
-2.774 0.272032
-2.76816 0.272032
-2.76232 0.272032
-2.75648 0.272032
-2.75064 0.272032
-2.7448 0.272032
-2.73896 0.272032
-2.73312 0.272032
-2.72728 0.272032
-2.72144 0.272032
-2.7156 0.272032
-2.70976 0.272032
-2.70392 0.272032
-2.69808 0.272032
-2.69224 0.272032
-2.6864 0.272032
-2.68056 0.272032
-2.67472 0.272032
-2.66888 0.272032
-2.66304 0.272032
-2.6572 0.272032
-2.65136 0.272032
-2.64552 0.272032
-2.63968 0.272032
-2.63384 0.272032
-2.628 0.272032
-2.62216 0.272032
-2.61632 0.272032
-2.61048 0.272032
-2.60464 0.272032
-2.5988 0.272032
-2.59296 0.271809
-2.58712 0.271323
-2.58128 0.27075
-2.57544 0.270088
-2.5696 0.269471
-2.56376 0.268721
-2.55792 0.267796
-2.55208 0.266872
-2.54624 0.265904
-2.5404 0.264849
-2.53456 0.263794
-2.52872 0.262695
-2.52288 0.261596
-2.51704 0.26054
-2.5112 0.259528
-2.50536 0.258382
-2.49952 0.25715
-2.49368 0.255873
-2.48784 0.254553
-2.482 0.253323
-2.47616 0.251957
-2.47032 0.250592
-2.46448 0.249227
-2.45864 0.247775
-2.4528 0.246278
-2.44696 0.244867
-2.44112 0.243281
-2.43528 0.241695
-2.42944 0.240153
-2.4236 0.238567
-2.41776 0.237025
-2.41192 0.235483
-2.40608 0.233897
-2.40024 0.232265
-2.3944 0.230632
-2.38856 0.229
-2.38272 0.227324
-2.37688 0.225649
-2.37104 0.223974
-2.3652 0.222298
-2.35936 0.220623
-2.35352 0.218991
-2.34768 0.217358
-2.34184 0.215638
-2.336 0.214296
-2.33016 0.21296
-2.32432 0.211829
-2.31848 0.210359
-2.31264 0.209311
-2.3068 0.207883
-2.30096 0.206793
-2.29512 0.205707
-2.28928 0.20504
-2.28344 0.204204
-2.2776 0.202563
-2.27176 0.202022
-2.26592 0.201021
-2.26008 0.200106
-2.25424 0.199185
-2.2484 0.198598
-2.24256 0.198859
-2.23672 0.197808
-2.23088 0.19625
-2.22504 0.195078
-2.2192 0.195503
-2.21336 0.193696
-2.20752 0.19332
-2.20168 0.19248
-2.19584 0.192274
-2.19 0.190506
-2.18416 0.190598
-2.17832 0.190901
-2.17248 0.189423
-2.16664 0.189686
-2.1608 0.188555
-2.15496 0.187376
-2.14912 0.188228
-2.14328 0.186507
-2.13744 0.187406
-2.1316 0.18602
-2.12576 0.18556
-2.11992 0.183364
-2.11408 0.185497
-2.10824 0.184623
-2.1024 0.18514
-2.09656 0.183118
-2.09072 0.183502
-2.08488 0.18318
-2.07904 0.182937
-2.0732 0.182106
-2.06736 0.183648
-2.06152 0.18404
-2.05568 0.181215
-2.04984 0.181348
-2.044 0.181926
-2.03816 0.181172
-2.03232 0.183091
-2.02648 0.181663
-2.02064 0.180448
-2.0148 0.180928
-2.00896 0.18242
-2.00312 0.181079
-1.99728 0.176724
-1.99144 0.178472
-1.9856 0.180781
-1.97976 0.18054
-1.97392 0.179792
-1.96808 0.179372
-1.96224 0.17935
-1.9564 0.180891
-1.95056 0.178617
-1.94472 0.178376
-1.93888 0.179833
-1.93304 0.177556
-1.9272 0.176468
-1.92136 0.174066
-1.91552 0.172046
-1.90968 0.171384
-1.90384 0.168479
-1.898 0.167388
-1.89216 0.165916
-1.88632 0.164709
-1.88048 0.162052
-1.87464 0.159184
-1.8688 0.158057
-1.86296 0.15773
-1.85712 0.155841
-1.85128 0.154124
-1.84544 0.150622
-1.8396 0.149277
-1.83376 0.144936
-1.82792 0.142708
-1.82208 0.14303
-1.81624 0.135079
-1.8104 0.135653
-1.80456 0.133208
-1.79872 0.13115
-1.79288 0.129135
-1.78704 0.125889
-1.7812 0.126336
-1.77536 0.120167
-1.76952 0.11901
-1.76368 0.117894
-1.75784 0.115445
-1.752 0.112212
-1.74616 0.10855
-1.74032 0.107267
-1.73448 0.105132
-1.72864 0.100874
-1.7228 0.0986132
-1.71696 0.0940971
-1.71112 0.091601
-1.70528 0.091842
-1.69944 0.0850137
-1.6936 0.0849287
-1.68776 0.080718
-1.68192 0.0784203
-1.67608 0.0758045
-1.67024 0.0721069
-1.6644 0.0703723
-1.65856 0.070454
-1.65272 0.0700338
-1.64688 0.0680831
-1.64104 0.0667722
-1.6352 0.0676814
-1.62936 0.0680697
-1.62352 0.0661604
-1.61768 0.0681153
-1.61184 0.0653449
-1.606 0.0628371
-1.60016 0.063942
-1.59432 0.0628528
-1.58848 0.0647211
-1.58264 0.0631267
-1.5768 0.063376
-1.57096 0.065817
-1.56512 0.0650259
-1.55928 0.0646514
-1.55344 0.0639095
-1.5476 0.0676842
-1.54176 0.0678581
-1.53592 0.0700676
-1.53008 0.0706942
-1.52424 0.0682084
-1.5184 0.0692399
-1.51256 0.0681019
-1.50672 0.0710962
-1.50088 0.0709612
-1.49504 0.0759743
-1.4892 0.075245
-1.48336 0.0780896
-1.47752 0.0798275
-1.47168 0.0801142
-1.46584 0.0803609
-1.46 0.0828859
-1.45416 0.0836968
-1.44832 0.0854061
-1.44248 0.0859827
-1.43664 0.0882084
-1.4308 0.0921862
-1.42496 0.0946838
-1.41912 0.0972142
-1.41328 0.0984315
-1.40744 0.103944
-1.4016 0.103755
-1.39576 0.105752
-1.38992 0.107742
-1.38408 0.107473
-1.37824 0.109229
-1.3724 0.111339
-1.36656 0.112897
-1.36072 0.115851
-1.35488 0.119864
-1.34904 0.122488
-1.3432 0.125418
-1.33736 0.128811
-1.33152 0.130471
-1.32568 0.136582
-1.31984 0.138789
-1.314 0.138118
-1.30816 0.144408
-1.30232 0.143532
-1.29648 0.145062
-1.29064 0.147722
-1.2848 0.152606
-1.27896 0.159344
-1.27312 0.160467
-1.26728 0.164086
-1.26144 0.166835
-1.2556 0.169992
-1.24976 0.1713
-1.24392 0.175064
-1.23808 0.177147
-1.23224 0.178463
-1.2264 0.181418
-1.22056 0.183809
-1.21472 0.187623
-1.20888 0.189817
-1.20304 0.194395
-1.1972 0.193199
-1.19136 0.197555
-1.18552 0.202582
-1.17968 0.203408
-1.17384 0.205859
-1.168 0.205222
-1.16216 0.20709
-1.15632 0.208495
-1.15048 0.211779
-1.14464 0.211902
-1.1388 0.216652
-1.13296 0.220108
-1.12712 0.222732
-1.12128 0.22582
-1.11544 0.227504
-1.1096 0.231786
-1.10376 0.23445
-1.09792 0.237791
-1.09208 0.241628
-1.08624 0.238734
-1.0804 0.242624
-1.07456 0.24376
-1.06872 0.247145
-1.06288 0.249146
-1.05704 0.256852
-1.0512 0.257323
-1.04536 0.262309
-1.03952 0.264809
-1.03368 0.266326
-1.02784 0.267383
-1.022 0.270762
-1.01616 0.273685
-1.01032 0.275929
-1.00448 0.277239
-0.99864 0.27884
-0.9928 0.28349
-0.98696 0.286194
-0.98112 0.287455
-0.97528 0.289613
-0.96944 0.295406
-0.9636 0.294132
-0.95776 0.29646
-0.95192 0.29774
-0.94608 0.297323
-0.94024 0.299303
-0.9344 0.301628
-0.92856 0.303023
-0.92272 0.305177
-0.91688 0.309398
-0.91104 0.311506
-0.9052 0.312648
-0.89936 0.316746
-0.89352 0.318772
-0.88768 0.323799
-0.88184 0.325613
-0.876 0.323863
-0.87016 0.329335
-0.86432 0.327802
-0.85848 0.329019
-0.85264 0.331514
-0.8468 0.33391
-0.84096 0.340259
-0.83512 0.340378
-0.82928 0.342017
-0.82344 0.345213
-0.8176 0.346295
-0.81176 0.347433
-0.80592 0.349901
-0.80008 0.350398
-0.79424 0.350585
-0.7884 0.351375
-0.78256 0.353549
-0.77672 0.353273
-0.77088 0.35397
-0.76504 0.356236
-0.7592 0.353973
-0.75336 0.355505
-0.74752 0.356589
-0.74168 0.357189
-0.73584 0.357168
-0.73 0.356972
-0.72416 0.355424
-0.71832 0.35514
-0.71248 0.356465
-0.70664 0.356009
-0.7008 0.356862
-0.69496 0.35733
-0.68912 0.358475
-0.68328 0.358311
-0.67744 0.359535
-0.6716 0.362075
-0.66576 0.362246
-0.65992 0.363467
-0.65408 0.36413
-0.64824 0.36317
-0.6424 0.363458
-0.63656 0.364714
-0.63072 0.365794
-0.62488 0.366786
-0.61904 0.368827
-0.6132 0.369434
-0.60736 0.36966
-0.60152 0.36942
-0.59568 0.36942
-0.58984 0.36942
-0.584 0.36942
-0.57816 0.36942
-0.57232 0.36942
-0.56648 0.36942
-0.56064 0.36942
-0.5548 0.36942
-0.54896 0.36942
-0.54312 0.36942
-0.53728 0.36942
-0.53144 0.36942
-0.5256 0.36942
-0.51976 0.36942
-0.51392 0.36942
-0.50808 0.36942
-0.50224 0.36942
-0.4964 0.36942
-0.49056 0.36942
-0.48472 0.36942
-0.47888 0.36942
-0.47304 0.36942
-0.4672 0.36942
-0.46136 0.36942
-0.45552 0.36942
-0.44968 0.36942
-0.44384 0.36942
-0.438 0.36942
-0.43216 0.36942
-0.42632 0.36942
-0.42048 0.36942
-0.41464 0.36942
-0.4088 0.36942
-0.40296 0.36942
-0.39712 0.36942
-0.39128 0.36942
-0.38544 0.36942
-0.3796 0.36942
-0.37376 0.36942
-0.36792 0.36942
-0.36208 0.36942
-0.35624 0.36942
-0.3504 0.36942
-0.34456 0.36942
-0.33872 0.36942
-0.33288 0.36942
-0.32704 0.36942
-0.3212 0.36942
-0.31536 0.36942
-0.30952 0.36942
-0.30368 0.36942
-0.29784 0.36942
-0.292 0.36942
-0.28616 0.36942
-0.28032 0.36942
-0.27448 0.36942
-0.26864 0.36942
-0.2628 0.36942
-0.25696 0.36942
-0.25112 0.36942
-0.24528 0.36942
-0.23944 0.36942
-0.2336 0.36942
-0.22776 0.36942
-0.22192 0.36942
-0.21608 0.36942
-0.21024 0.36942
-0.2044 0.36942
-0.19856 0.36942
-0.19272 0.36942
-0.18688 0.36942
-0.18104 0.36942
-0.1752 0.36942
-0.16936 0.36942
-0.16352 0.36942
-0.15768 0.36942
-0.15184 0.36942
-0.146 0.36942
-0.14016 0.36942
-0.13432 0.36942
-0.12848 0.36942
-0.12264 0.36942
-0.1168 0.36942
-0.11096 0.36942
-0.10512 0.36942
-0.09928 0.36942
-0.09344 0.36942
-0.0876 0.36942
-0.08176 0.36942
-0.07592 0.36942
-0.07008 0.36942
-0.06424 0.36942
-0.0584 0.36942
-0.05256 0.36942
-0.04672 0.36942
-0.04088 0.36942
-0.03504 0.36942
-0.0292 0.36942
-0.02336 0.36942
-0.01752 0.36942
-0.01168 0.36942
-0.00584 0.36942
