-2.92 0.34113
-2.91416 0.34113
-2.90832 0.34113
-2.90248 0.34113
-2.89664 0.34113
-2.8908 0.34113
-2.88496 0.34113
-2.87912 0.34113
-2.87328 0.34113
-2.86744 0.34113
-2.8616 0.34113
-2.85576 0.34113
-2.84992 0.34113
-2.84408 0.34113
-2.83824 0.34113
-2.8324 0.34113
-2.82656 0.34113
-2.82072 0.34113
-2.81488 0.34113
-2.80904 0.34113
-2.8032 0.34113
-2.79736 0.34113
-2.79152 0.34113
-2.78568 0.34113
-2.77984 0.34113
-2.774 0.34113
-2.76816 0.34113
-2.76232 0.34113
-2.75648 0.34113
-2.75064 0.34113
-2.7448 0.34113
-2.73896 0.34113
-2.73312 0.34113
-2.72728 0.34113
-2.72144 0.34113
-2.7156 0.34113
-2.70976 0.34113
-2.70392 0.34113
-2.69808 0.34113
-2.69224 0.34113
-2.6864 0.34113
-2.68056 0.34113
-2.67472 0.34113
-2.66888 0.34113
-2.66304 0.34113
-2.6572 0.34113
-2.65136 0.34113
-2.64552 0.34113
-2.63968 0.34113
-2.63384 0.34113
-2.628 0.34113
-2.62216 0.34113
-2.61632 0.34113
-2.61048 0.34113
-2.60464 0.34113
-2.5988 0.34113
-2.59296 0.340732
-2.58712 0.340155
-2.58128 0.339358
-2.57544 0.338474
-2.5696 0.337544
-2.56376 0.336483
-2.55792 0.335376
-2.55208 0.334314
-2.54624 0.333207
-2.5404 0.332099
-2.53456 0.330947
-2.52872 0.329663
-2.52288 0.328424
-2.51704 0.327054
-2.5112 0.32564
-2.50536 0.324313
-2.49952 0.322986
-2.49368 0.321657
-2.48784 0.320238
-2.482 0.318998
-2.47616 0.317362
-2.47032 0.315768
-2.46448 0.314089
-2.45864 0.312365
-2.4528 0.310642
-2.44696 0.308963
-2.44112 0.307196
-2.43528 0.305384
-2.42944 0.303487
-2.4236 0.301546
-2.41776 0.299604
-2.41192 0.297705
-2.40608 0.295719
-2.40024 0.29382
-2.3944 0.291832
-2.38856 0.289935
-2.38272 0.28799
-2.37688 0.286045
-2.37104 0.283968
-2.3652 0.28198
-2.35936 0.279818
-2.35352 0.277743
-2.34768 0.275623
-2.34184 0.273503
-2.336 0.271424
-2.33016 0.269303
-2.32432 0.267438
-2.31848 0.265314
-2.31264 0.263401
-2.3068 0.260981
-2.30096 0.259321
-2.29512 0.257157
-2.28928 0.255328
-2.28344 0.253163
-2.2776 0.2507
-2.27176 0.248702
-2.26592 0.246533
-2.26008 0.244368
-2.25424 0.242572
-2.2484 0.239892
-2.24256 0.237634
-2.23672 0.235585
-2.23088 0.233281
-2.22504 0.230561
-2.2192 0.228638
-2.21336 0.226333
-2.20752 0.22424
-2.20168 0.222103
-2.19584 0.220094
-2.19 0.217492
-2.18416 0.21481
-2.17832 0.213222
-2.17248 0.210581
-2.16664 0.208743
-2.1608 0.205932
-2.15496 0.203877
-2.14912 0.202166
-2.14328 0.199399
-2.13744 0.197514
-2.1316 0.195549
-2.12576 0.192485
-2.11992 0.190265
-2.11408 0.187541
-2.10824 0.185912
-2.1024 0.183652
-2.09656 0.182323
-2.09072 0.179004
-2.08488 0.17831
-2.07904 0.174946
-2.0732 0.173955
-2.06736 0.170932
-2.06152 0.168461
-2.05568 0.16629
-2.04984 0.164364
-2.044 0.161817
-2.03816 0.161499
-2.03232 0.156825
-2.02648 0.155835
-2.02064 0.153529
-2.0148 0.151478
-2.00896 0.148966
-2.00312 0.146109
-1.99728 0.145542
-1.99144 0.142962
-1.9856 0.143125
-1.97976 0.140695
-1.97392 0.138875
-1.96808 0.139277
-1.96224 0.138175
-1.9564 0.135466
-1.95056 0.135746
-1.94472 0.133226
-1.93888 0.133989
-1.93304 0.13219
-1.9272 0.132713
-1.92136 0.132754
-1.91552 0.129671
-1.90968 0.130048
-1.90384 0.128073
-1.898 0.127689
-1.89216 0.127744
-1.88632 0.129435
-1.88048 0.128905
-1.87464 0.130506
-1.8688 0.129791
-1.86296 0.129159
-1.85712 0.126799
-1.85128 0.127568
-1.84544 0.129678
-1.8396 0.128104
-1.83376 0.128968
-1.82792 0.129382
-1.82208 0.129768
-1.81624 0.128713
-1.8104 0.130486
-1.80456 0.127983
-1.79872 0.130619
-1.79288 0.128768
-1.78704 0.130233
-1.7812 0.130131
-1.77536 0.129347
-1.76952 0.132913
-1.76368 0.133655
-1.75784 0.133125
-1.752 0.13489
-1.74616 0.133466
-1.74032 0.137707
-1.73448 0.136749
-1.72864 0.136658
-1.7228 0.139119
-1.71696 0.136279
-1.71112 0.139452
-1.70528 0.14026
-1.69944 0.13867
-1.6936 0.140786
-1.68776 0.143158
-1.68192 0.143084
-1.67608 0.14198
-1.67024 0.144238
-1.6644 0.144411
-1.65856 0.145104
-1.65272 0.1466
-1.64688 0.144408
-1.64104 0.144734
-1.6352 0.143127
-1.62936 0.145843
-1.62352 0.144712
-1.61768 0.143802
-1.61184 0.142573
-1.606 0.148542
-1.60016 0.152513
-1.59432 0.150999
-1.58848 0.154268
-1.58264 0.156117
-1.5768 0.158175
-1.57096 0.157801
-1.56512 0.157013
-1.55928 0.161143
-1.55344 0.167189
-1.5476 0.165369
-1.54176 0.168789
-1.53592 0.174283
-1.53008 0.172608
-1.52424 0.177054
-1.5184 0.176248
-1.51256 0.179995
-1.50672 0.181986
-1.50088 0.187978
-1.49504 0.192592
-1.4892 0.191777
-1.48336 0.190563
-1.47752 0.194652
-1.47168 0.195459
-1.46584 0.201201
-1.46 0.201199
-1.45416 0.204651
-1.44832 0.2078
-1.44248 0.214057
-1.43664 0.214911
-1.4308 0.213957
-1.42496 0.222462
-1.41912 0.219546
-1.41328 0.223739
-1.40744 0.229348
-1.4016 0.230336
-1.39576 0.232598
-1.38992 0.237701
-1.38408 0.238345
-1.37824 0.242804
-1.3724 0.246059
-1.36656 0.24445
-1.36072 0.252876
-1.35488 0.250342
-1.34904 0.253585
-1.3432 0.256776
-1.33736 0.26022
-1.33152 0.267516
-1.32568 0.268217
-1.31984 0.269995
-1.314 0.274979
-1.30816 0.273485
-1.30232 0.281169
-1.29648 0.277917
-1.29064 0.284312
-1.2848 0.290019
-1.27896 0.291416
-1.27312 0.294393
-1.26728 0.295255
-1.26144 0.293823
-1.2556 0.298118
-1.24976 0.299324
-1.24392 0.307435
-1.23808 0.305194
-1.23224 0.310649
-1.2264 0.312479
-1.22056 0.315127
-1.21472 0.320751
-1.20888 0.320271
-1.20304 0.322935
-1.1972 0.327618
-1.19136 0.329687
-1.18552 0.331635
-1.17968 0.332567
-1.17384 0.333817
-1.168 0.340554
-1.16216 0.346429
-1.15632 0.345383
-1.15048 0.348855
-1.14464 0.35088
-1.1388 0.350351
-1.13296 0.350046
-1.12712 0.350998
-1.12128 0.356066
-1.11544 0.361432
-1.1096 0.357623
-1.10376 0.362364
-1.09792 0.36799
-1.09208 0.365226
-1.08624 0.367768
-1.0804 0.36853
-1.07456 0.37049
-1.06872 0.373015
-1.06288 0.377536
-1.05704 0.382683
-1.0512 0.380735
-1.04536 0.378463
-1.03952 0.379471
-1.03368 0.379678
-1.02784 0.380967
-1.022 0.380657
-1.01616 0.380573
-1.01032 0.381428
-1.00448 0.38473
-0.99864 0.383368
-0.9928 0.381695
-0.98696 0.385656
-0.98112 0.381151
-0.97528 0.382617
-0.96944 0.386067
-0.9636 0.385132
-0.95776 0.385192
-0.95192 0.385597
-0.94608 0.384517
-0.94024 0.385538
-0.9344 0.38668
-0.92856 0.383804
-0.92272 0.387668
-0.91688 0.383946
-0.91104 0.383306
-0.9052 0.384298
-0.89936 0.386226
-0.89352 0.388359
-0.88768 0.389217
-0.88184 0.38805
-0.876 0.389588
-0.87016 0.386825
-0.86432 0.38925
-0.85848 0.388926
-0.85264 0.389104
-0.8468 0.38938
-0.84096 0.38963
-0.83512 0.39146
-0.82928 0.388872
-0.82344 0.387934
-0.8176 0.389203
-0.81176 0.387418
-0.80592 0.388417
-0.80008 0.388293
-0.79424 0.388727
-0.7884 0.389002
-0.78256 0.388814
-0.77672 0.389236
-0.77088 0.390033
-0.76504 0.389258
-0.7592 0.38919
-0.75336 0.389819
-0.74752 0.390015
-0.74168 0.390763
-0.73584 0.391855
-0.73 0.393797
-0.72416 0.394276
-0.71832 0.394347
-0.71248 0.394724
-0.70664 0.396575
-0.7008 0.397154
-0.69496 0.39834
-0.68912 0.399162
-0.68328 0.400853
-0.67744 0.404204
-0.6716 0.406063
-0.66576 0.407441
-0.65992 0.409097
-0.65408 0.408872
-0.64824 0.410011
-0.6424 0.412206
-0.63656 0.413664
-0.63072 0.413899
-0.62488 0.415234
-0.61904 0.415408
-0.6132 0.415055
-0.60736 0.414871
-0.60152 0.415477
-0.59568 0.415477
-0.58984 0.415477
-0.584 0.415477
-0.57816 0.415477
-0.57232 0.415477
-0.56648 0.415477
-0.56064 0.415477
-0.5548 0.415477
-0.54896 0.415477
-0.54312 0.415477
-0.53728 0.415477
-0.53144 0.415477
-0.5256 0.415477
-0.51976 0.415477
-0.51392 0.415477
-0.50808 0.415477
-0.50224 0.415477
-0.4964 0.415477
-0.49056 0.415477
-0.48472 0.415477
-0.47888 0.415477
-0.47304 0.415477
-0.4672 0.415477
-0.46136 0.415477
-0.45552 0.415477
-0.44968 0.415477
-0.44384 0.415477
-0.438 0.415477
-0.43216 0.415477
-0.42632 0.415477
-0.42048 0.415477
-0.41464 0.415477
-0.4088 0.415477
-0.40296 0.415477
-0.39712 0.415477
-0.39128 0.415477
-0.38544 0.415477
-0.3796 0.415477
-0.37376 0.415477
-0.36792 0.415477
-0.36208 0.415477
-0.35624 0.415477
-0.3504 0.415477
-0.34456 0.415477
-0.33872 0.415477
-0.33288 0.415477
-0.32704 0.415477
-0.3212 0.415477
-0.31536 0.415477
-0.30952 0.415477
-0.30368 0.415477
-0.29784 0.415477
-0.292 0.415477
-0.28616 0.415477
-0.28032 0.415477
-0.27448 0.415477
-0.26864 0.415477
-0.2628 0.415477
-0.25696 0.415477
-0.25112 0.415477
-0.24528 0.415477
-0.23944 0.415477
-0.2336 0.415477
-0.22776 0.415477
-0.22192 0.415477
-0.21608 0.415477
-0.21024 0.415477
-0.2044 0.415477
-0.19856 0.415477
-0.19272 0.415477
-0.18688 0.415477
-0.18104 0.415477
-0.1752 0.415477
-0.16936 0.415477
-0.16352 0.415477
-0.15768 0.415477
-0.15184 0.415477
-0.146 0.415477
-0.14016 0.415477
-0.13432 0.415477
-0.12848 0.415477
-0.12264 0.415477
-0.1168 0.415477
-0.11096 0.415477
-0.10512 0.415477
-0.09928 0.415477
-0.09344 0.415477
-0.0876 0.415477
-0.08176 0.415477
-0.07592 0.415477
-0.07008 0.415477
-0.06424 0.415477
-0.0584 0.415477
-0.05256 0.415477
-0.04672 0.415477
-0.04088 0.415477
-0.03504 0.415477
-0.0292 0.415477
-0.02336 0.415477
-0.01752 0.415477
-0.01168 0.415477
-0.00584 0.415477
