-2.92 0.325197
-2.91416 0.325197
-2.90832 0.325197
-2.90248 0.325197
-2.89664 0.325197
-2.8908 0.325197
-2.88496 0.325197
-2.87912 0.325197
-2.87328 0.325197
-2.86744 0.325197
-2.8616 0.325197
-2.85576 0.325197
-2.84992 0.325197
-2.84408 0.325197
-2.83824 0.325197
-2.8324 0.325197
-2.82656 0.325197
-2.82072 0.325197
-2.81488 0.325197
-2.80904 0.325197
-2.8032 0.325197
-2.79736 0.325197
-2.79152 0.325197
-2.78568 0.325197
-2.77984 0.325197
-2.774 0.325197
-2.76816 0.325197
-2.76232 0.325197
-2.75648 0.325197
-2.75064 0.325197
-2.7448 0.325197
-2.73896 0.325197
-2.73312 0.325197
-2.72728 0.325197
-2.72144 0.325197
-2.7156 0.325197
-2.70976 0.325197
-2.70392 0.325197
-2.69808 0.325197
-2.69224 0.325197
-2.6864 0.325197
-2.68056 0.325197
-2.67472 0.325197
-2.66888 0.325197
-2.66304 0.325197
-2.6572 0.325197
-2.65136 0.325197
-2.64552 0.325197
-2.63968 0.325197
-2.63384 0.325197
-2.628 0.325197
-2.62216 0.325197
-2.61632 0.325197
-2.61048 0.325197
-2.60464 0.325197
-2.5988 0.325197
-2.59296 0.324757
-2.58712 0.324097
-2.58128 0.323348
-2.57544 0.322599
-2.5696 0.321807
-2.56376 0.320927
-2.55792 0.320047
-2.55208 0.319078
-2.54624 0.318154
-2.5404 0.317139
-2.53456 0.315993
-2.52872 0.314802
-2.52288 0.313612
-2.51704 0.312464
-2.5112 0.311186
-2.50536 0.309865
-2.49952 0.30841
-2.49368 0.306954
-2.48784 0.3055
-2.482 0.304266
-2.47616 0.302768
-2.47032 0.301225
-2.46448 0.299683
-2.45864 0.298094
-2.4528 0.296462
-2.44696 0.294784
-2.44112 0.293063
-2.43528 0.291297
-2.42944 0.289402
-2.4236 0.28755
-2.41776 0.285654
-2.41192 0.283846
-2.40608 0.281906
-2.40024 0.279923
-2.3944 0.277896
-2.38856 0.275869
-2.38272 0.273929
-2.37688 0.27199
-2.37104 0.269962
-2.3652 0.267978
-2.35936 0.265952
-2.35352 0.264011
-2.34768 0.262026
-2.34184 0.259997
-2.336 0.25826
-2.33016 0.256608
-2.32432 0.255131
-2.31848 0.253474
-2.31264 0.251776
-2.3068 0.250165
-2.30096 0.248721
-2.29512 0.247492
-2.28928 0.245879
-2.28344 0.244684
-2.2776 0.243911
-2.27176 0.242638
-2.26592 0.241746
-2.26008 0.240012
-2.25424 0.239113
-2.2484 0.237493
-2.24256 0.236427
-2.23672 0.235188
-2.23088 0.233946
-2.22504 0.232324
-2.2192 0.231889
-2.21336 0.230103
-2.20752 0.228569
-2.20168 0.226777
-2.19584 0.227021
-2.19 0.224345
-2.18416 0.224332
-2.17832 0.223472
-2.17248 0.221298
-2.16664 0.223058
-2.1608 0.220006
-2.15496 0.218893
-2.14912 0.219051
-2.14328 0.217219
-2.13744 0.217546
-2.1316 0.215208
-2.12576 0.214052
-2.11992 0.21442
-2.11408 0.21365
-2.10824 0.212584
-2.1024 0.211261
-2.09656 0.210233
-2.09072 0.209629
-2.08488 0.208227
-2.07904 0.209024
-2.0732 0.208718
-2.06736 0.206342
-2.06152 0.206247
-2.05568 0.204579
-2.04984 0.204878
-2.044 0.204664
-2.03816 0.20182
-2.03232 0.201394
-2.02648 0.202738
-2.02064 0.202901
-2.0148 0.200942
-2.00896 0.201526
-2.00312 0.201261
-1.99728 0.200624
-1.99144 0.199218
-1.9856 0.19794
-1.97976 0.19806
-1.97392 0.198057
-1.96808 0.198472
-1.96224 0.195033
-1.9564 0.195277
-1.95056 0.194376
-1.94472 0.19277
-1.93888 0.195904
-1.93304 0.193014
-1.9272 0.192714
-1.92136 0.190757
-1.91552 0.187708
-1.90968 0.185153
-1.90384 0.184649
-1.898 0.182525
-1.89216 0.179002
-1.88632 0.175904
-1.88048 0.175022
-1.87464 0.173151
-1.8688 0.170909
-1.86296 0.169809
-1.85712 0.167436
-1.85128 0.1615
-1.84544 0.160146
-1.8396 0.156284
-1.83376 0.154171
-1.82792 0.150702
-1.82208 0.15004
-1.81624 0.147633
-1.8104 0.145047
-1.80456 0.142265
-1.79872 0.139001
-1.79288 0.137487
-1.78704 0.133723
-1.7812 0.131959
-1.77536 0.127856
-1.76952 0.129094
-1.76368 0.12126
-1.75784 0.119198
-1.752 0.116033
-1.74616 0.113288
-1.74032 0.109912
-1.73448 0.109156
-1.72864 0.104543
-1.7228 0.101365
-1.71696 0.0971231
-1.71112 0.0962833
-1.70528 0.0912574
-1.69944 0.0885617
-1.6936 0.0833816
-1.68776 0.0813784
-1.68192 0.079125
-1.67608 0.0791442
-1.67024 0.0762686
-1.6644 0.072383
-1.65856 0.0710576
-1.65272 0.0683006
-1.64688 0.0693543
-1.64104 0.0675733
-1.6352 0.0684603
-1.62936 0.0665803
-1.62352 0.0656468
-1.61768 0.0657769
-1.61184 0.0662317
-1.606 0.0641441
-1.60016 0.0653339
-1.59432 0.0644033
-1.58848 0.0647188
-1.58264 0.0621897
-1.5768 0.0636241
-1.57096 0.0649916
-1.56512 0.0624929
-1.55928 0.0626526
-1.55344 0.0617541
-1.5476 0.0646401
-1.54176 0.0652157
-1.53592 0.0653707
-1.53008 0.0667125
-1.52424 0.0642837
-1.5184 0.0648891
-1.51256 0.0652761
-1.50672 0.0641865
-1.50088 0.0655378
-1.49504 0.0683052
-1.4892 0.0717171
-1.48336 0.0709938
-1.47752 0.0710123
-1.47168 0.0713921
-1.46584 0.0718574
-1.46 0.0724731
-1.45416 0.074805
-1.44832 0.0758663
-1.44248 0.0792787
-1.43664 0.0793668
-1.4308 0.0812874
-1.42496 0.0852698
-1.41912 0.0844713
-1.41328 0.0870608
-1.40744 0.088683
-1.4016 0.0933769
-1.39576 0.0925195
-1.38992 0.0957562
-1.38408 0.0932626
-1.37824 0.0971336
-1.3724 0.0973557
-1.36656 0.0993807
-1.36072 0.100818
-1.35488 0.102503
-1.34904 0.104556
-1.3432 0.108371
-1.33736 0.111315
-1.33152 0.112447
-1.32568 0.116279
-1.31984 0.119168
-1.314 0.120548
-1.30816 0.123786
-1.30232 0.121208
-1.29648 0.12576
-1.29064 0.127008
-1.2848 0.129007
-1.27896 0.136827
-1.27312 0.138229
-1.26728 0.140131
-1.26144 0.144406
-1.2556 0.146096
-1.24976 0.149754
-1.24392 0.151709
-1.23808 0.152372
-1.23224 0.154198
-1.2264 0.157729
-1.22056 0.15975
-1.21472 0.160911
-1.20888 0.165715
-1.20304 0.166933
-1.1972 0.168732
-1.19136 0.170446
-1.18552 0.171584
-1.17968 0.175646
-1.17384 0.17733
-1.168 0.17799
-1.16216 0.177991
-1.15632 0.179465
-1.15048 0.183263
-1.14464 0.18325
-1.1388 0.184673
-1.13296 0.190958
-1.12712 0.192781
-1.12128 0.195418
-1.11544 0.197063
-1.1096 0.20229
-1.10376 0.204432
-1.09792 0.206668
-1.09208 0.209171
-1.08624 0.207223
-1.0804 0.211011
-1.07456 0.212094
-1.06872 0.214203
-1.06288 0.216768
-1.05704 0.221435
-1.0512 0.225518
-1.04536 0.22775
-1.03952 0.229721
-1.03368 0.231408
-1.02784 0.232459
-1.022 0.233581
-1.01616 0.236868
-1.01032 0.239017
-1.00448 0.244492
-0.99864 0.244746
-0.9928 0.246884
-0.98696 0.250096
-0.98112 0.249369
-0.97528 0.252054
-0.96944 0.254498
-0.9636 0.257855
-0.95776 0.257727
-0.95192 0.25991
-0.94608 0.257754
-0.94024 0.261211
-0.9344 0.261994
-0.92856 0.26334
-0.92272 0.264465
-0.91688 0.26711
-0.91104 0.26828
-0.9052 0.272154
-0.89936 0.275689
-0.89352 0.275413
-0.88768 0.278659
-0.88184 0.281947
-0.876 0.280743
-0.87016 0.284306
-0.86432 0.282672
-0.85848 0.284301
-0.85264 0.28584
-0.8468 0.286455
-0.84096 0.292975
-0.83512 0.293374
-0.82928 0.29495
-0.82344 0.296788
-0.8176 0.29668
-0.81176 0.299064
-0.80592 0.299468
-0.80008 0.299765
-0.79424 0.300257
-0.7884 0.302125
-0.78256 0.300962
-0.77672 0.300174
-0.77088 0.302552
-0.76504 0.302022
-0.7592 0.301572
-0.75336 0.30057
-0.74752 0.300958
-0.74168 0.301146
-0.73584 0.301234
-0.73 0.301498
-0.72416 0.298978
-0.71832 0.29877
-0.71248 0.299542
-0.70664 0.299425
-0.7008 0.300021
-0.69496 0.299853
-0.68912 0.300529
-0.68328 0.299934
-0.67744 0.300827
-0.6716 0.302929
-0.66576 0.30326
-0.65992 0.303333
-0.65408 0.304287
-0.64824 0.3026
-0.6424 0.302368
-0.63656 0.303106
-0.63072 0.303801
-0.62488 0.304456
-0.61904 0.305862
-0.6132 0.306342
-0.60736 0.306693
-0.60152 0.306201
-0.59568 0.306201
-0.58984 0.306201
-0.584 0.306201
-0.57816 0.306201
-0.57232 0.306201
-0.56648 0.306201
-0.56064 0.306201
-0.5548 0.306201
-0.54896 0.306201
-0.54312 0.306201
-0.53728 0.306201
-0.53144 0.306201
-0.5256 0.306201
-0.51976 0.306201
-0.51392 0.306201
-0.50808 0.306201
-0.50224 0.306201
-0.4964 0.306201
-0.49056 0.306201
-0.48472 0.306201
-0.47888 0.306201
-0.47304 0.306201
-0.4672 0.306201
-0.46136 0.306201
-0.45552 0.306201
-0.44968 0.306201
-0.44384 0.306201
-0.438 0.306201
-0.43216 0.306201
-0.42632 0.306201
-0.42048 0.306201
-0.41464 0.306201
-0.4088 0.306201
-0.40296 0.306201
-0.39712 0.306201
-0.39128 0.306201
-0.38544 0.306201
-0.3796 0.306201
-0.37376 0.306201
-0.36792 0.306201
-0.36208 0.306201
-0.35624 0.306201
-0.3504 0.306201
-0.34456 0.306201
-0.33872 0.306201
-0.33288 0.306201
-0.32704 0.306201
-0.3212 0.306201
-0.31536 0.306201
-0.30952 0.306201
-0.30368 0.306201
-0.29784 0.306201
-0.292 0.306201
-0.28616 0.306201
-0.28032 0.306201
-0.27448 0.306201
-0.26864 0.306201
-0.2628 0.306201
-0.25696 0.306201
-0.25112 0.306201
-0.24528 0.306201
-0.23944 0.306201
-0.2336 0.306201
-0.22776 0.306201
-0.22192 0.306201
-0.21608 0.306201
-0.21024 0.306201
-0.2044 0.306201
-0.19856 0.306201
-0.19272 0.306201
-0.18688 0.306201
-0.18104 0.306201
-0.1752 0.306201
-0.16936 0.306201
-0.16352 0.306201
-0.15768 0.306201
-0.15184 0.306201
-0.146 0.306201
-0.14016 0.306201
-0.13432 0.306201
-0.12848 0.306201
-0.12264 0.306201
-0.1168 0.306201
-0.11096 0.306201
-0.10512 0.306201
-0.09928 0.306201
-0.09344 0.306201
-0.0876 0.306201
-0.08176 0.306201
-0.07592 0.306201
-0.07008 0.306201
-0.06424 0.306201
-0.0584 0.306201
-0.05256 0.306201
-0.04672 0.306201
-0.04088 0.306201
-0.03504 0.306201
-0.0292 0.306201
-0.02336 0.306201
-0.01752 0.306201
-0.01168 0.306201
-0.00584 0.306201
