-2.92 0.380883
-2.91416 0.380883
-2.90832 0.380883
-2.90248 0.380883
-2.89664 0.380883
-2.8908 0.380883
-2.88496 0.380883
-2.87912 0.380883
-2.87328 0.380883
-2.86744 0.380883
-2.8616 0.380883
-2.85576 0.380883
-2.84992 0.380883
-2.84408 0.380883
-2.83824 0.380883
-2.8324 0.380883
-2.82656 0.380883
-2.82072 0.380883
-2.81488 0.380883
-2.80904 0.380883
-2.8032 0.380883
-2.79736 0.380883
-2.79152 0.380883
-2.78568 0.380883
-2.77984 0.380883
-2.774 0.380883
-2.76816 0.380883
-2.76232 0.380883
-2.75648 0.380883
-2.75064 0.380883
-2.7448 0.380883
-2.73896 0.380883
-2.73312 0.380883
-2.72728 0.380883
-2.72144 0.380883
-2.7156 0.380883
-2.70976 0.380883
-2.70392 0.380883
-2.69808 0.380883
-2.69224 0.380883
-2.6864 0.380883
-2.68056 0.380883
-2.67472 0.380883
-2.66888 0.380883
-2.66304 0.380883
-2.6572 0.380883
-2.65136 0.380883
-2.64552 0.380883
-2.63968 0.380883
-2.63384 0.380883
-2.628 0.380883
-2.62216 0.380883
-2.61632 0.380883
-2.61048 0.380883
-2.60464 0.380883
-2.5988 0.380883
-2.59296 0.380485
-2.58712 0.379821
-2.58128 0.379112
-2.57544 0.378312
-2.5696 0.377514
-2.56376 0.376626
-2.55792 0.375649
-2.55208 0.374585
-2.54624 0.373428
-2.5404 0.372269
-2.53456 0.37111
-2.52872 0.369861
-2.52288 0.368658
-2.51704 0.36732
-2.5112 0.365982
-2.50536 0.364514
-2.49952 0.363088
-2.49368 0.361573
-2.48784 0.359971
-2.482 0.358413
-2.47616 0.356635
-2.47032 0.3549
-2.46448 0.353035
-2.45864 0.351131
-2.4528 0.34914
-2.44696 0.347108
-2.44112 0.345029
-2.43528 0.342821
-2.42944 0.340704
-2.4236 0.338497
-2.41776 0.336289
-2.41192 0.333994
-2.40608 0.33166
-2.40024 0.32941
-2.3944 0.327074
-2.38856 0.324783
-2.38272 0.322448
-2.37688 0.320071
-2.37104 0.317737
-2.3652 0.315313
-2.35936 0.312889
-2.35352 0.310467
-2.34768 0.30813
-2.34184 0.305751
-2.336 0.303239
-2.33016 0.301319
-2.32432 0.298893
-2.31848 0.296715
-2.31264 0.294623
-2.3068 0.292615
-2.30096 0.290813
-2.29512 0.288851
-2.28928 0.286631
-2.28344 0.284154
-2.2776 0.281977
-2.27176 0.279255
-2.26592 0.276872
-2.26008 0.273771
-2.25424 0.271084
-2.2484 0.269024
-2.24256 0.265368
-2.23672 0.262383
-2.23088 0.259943
-2.22504 0.256882
-2.2192 0.254107
-2.21336 0.251668
-2.20752 0.248808
-2.20168 0.246111
-2.19584 0.243625
-2.19 0.240299
-2.18416 0.237649
-2.17832 0.235332
-2.17248 0.231712
-2.16664 0.229644
-2.1608 0.226954
-2.15496 0.224261
-2.14912 0.221523
-2.14328 0.218699
-2.13744 0.215831
-2.1316 0.21301
-2.12576 0.210316
-2.11992 0.207784
-2.11408 0.205004
-2.10824 0.201928
-2.1024 0.19965
-2.09656 0.197076
-2.09072 0.194546
-2.08488 0.191175
-2.07904 0.188898
-2.0732 0.186996
-2.06736 0.183797
-2.06152 0.181142
-2.05568 0.177608
-2.04984 0.176005
-2.044 0.1734
-2.03816 0.17053
-2.03232 0.167076
-2.02648 0.165511
-2.02064 0.161592
-2.0148 0.159523
-2.00896 0.156998
-2.00312 0.154807
-1.99728 0.151774
-1.99144 0.150267
-1.9856 0.148624
-1.97976 0.147068
-1.97392 0.146482
-1.96808 0.144674
-1.96224 0.142911
-1.9564 0.140855
-1.95056 0.141072
-1.94472 0.139569
-1.93888 0.137805
-1.93304 0.138571
-1.9272 0.135796
-1.92136 0.13639
-1.91552 0.134131
-1.90968 0.134436
-1.90384 0.132778
-1.898 0.132453
-1.89216 0.132208
-1.88632 0.132339
-1.88048 0.132957
-1.87464 0.13245
-1.8688 0.132466
-1.86296 0.130616
-1.85712 0.131622
-1.85128 0.131605
-1.84544 0.131778
-1.8396 0.130969
-1.83376 0.129863
-1.82792 0.131657
-1.82208 0.132461
-1.81624 0.131008
-1.8104 0.134647
-1.80456 0.130544
-1.79872 0.129852
-1.79288 0.132279
-1.78704 0.132658
-1.7812 0.132422
-1.77536 0.133289
-1.76952 0.136234
-1.76368 0.134606
-1.75784 0.133854
-1.752 0.135245
-1.74616 0.135281
-1.74032 0.136511
-1.73448 0.1376
-1.72864 0.136649
-1.7228 0.138528
-1.71696 0.137057
-1.71112 0.138134
-1.70528 0.140677
-1.69944 0.141853
-1.6936 0.140858
-1.68776 0.142075
-1.68192 0.146697
-1.67608 0.141241
-1.67024 0.145566
-1.6644 0.143343
-1.65856 0.144982
-1.65272 0.145539
-1.64688 0.144846
-1.64104 0.145905
-1.6352 0.14639
-1.62936 0.142892
-1.62352 0.146169
-1.61768 0.146181
-1.61184 0.145949
-1.606 0.15194
-1.60016 0.152055
-1.59432 0.153224
-1.58848 0.158242
-1.58264 0.159789
-1.5768 0.16093
-1.57096 0.161705
-1.56512 0.166761
-1.55928 0.165544
-1.55344 0.169382
-1.5476 0.172322
-1.54176 0.176514
-1.53592 0.177266
-1.53008 0.180492
-1.52424 0.181252
-1.5184 0.184345
-1.51256 0.189104
-1.50672 0.189384
-1.50088 0.194322
-1.49504 0.197945
-1.4892 0.198658
-1.48336 0.19845
-1.47752 0.202544
-1.47168 0.206995
-1.46584 0.207139
-1.46 0.2094
-1.45416 0.215911
-1.44832 0.219536
-1.44248 0.223756
-1.43664 0.223485
-1.4308 0.228269
-1.42496 0.226841
-1.41912 0.232516
-1.41328 0.237488
-1.40744 0.237071
-1.4016 0.243352
-1.39576 0.244415
-1.38992 0.249099
-1.38408 0.256162
-1.37824 0.252292
-1.3724 0.259673
-1.36656 0.257687
-1.36072 0.26092
-1.35488 0.264429
-1.34904 0.26775
-1.3432 0.269874
-1.33736 0.275556
-1.33152 0.283105
-1.32568 0.282354
-1.31984 0.285983
-1.314 0.287845
-1.30816 0.290031
-1.30232 0.294451
-1.29648 0.295215
-1.29064 0.30045
-1.2848 0.304303
-1.27896 0.305447
-1.27312 0.305483
-1.26728 0.31235
-1.26144 0.314036
-1.2556 0.314441
-1.24976 0.318367
-1.24392 0.323807
-1.23808 0.322888
-1.23224 0.329417
-1.2264 0.331059
-1.22056 0.333872
-1.21472 0.33832
-1.20888 0.340267
-1.20304 0.342784
-1.1972 0.347071
-1.19136 0.346994
-1.18552 0.350694
-1.17968 0.354003
-1.17384 0.352161
-1.168 0.362117
-1.16216 0.364838
-1.15632 0.366176
-1.15048 0.371268
-1.14464 0.369965
-1.1388 0.37132
-1.13296 0.371853
-1.12712 0.377396
-1.12128 0.37653
-1.11544 0.382121
-1.1096 0.385848
-1.10376 0.388249
-1.09792 0.390206
-1.09208 0.391029
-1.08624 0.391779
-1.0804 0.39433
-1.07456 0.397984
-1.06872 0.399496
-1.06288 0.401188
-1.05704 0.405599
-1.0512 0.405428
-1.04536 0.402044
-1.03952 0.405618
-1.03368 0.406986
-1.02784 0.406049
-1.022 0.403938
-1.01616 0.409816
-1.01032 0.409212
-1.00448 0.411188
-0.99864 0.407543
-0.9928 0.410367
-0.98696 0.406713
-0.98112 0.408096
-0.97528 0.413174
-0.96944 0.411517
-0.9636 0.411635
-0.95776 0.410876
-0.95192 0.414066
-0.94608 0.416353
-0.94024 0.412124
-0.9344 0.415704
-0.92856 0.411942
-0.92272 0.412831
-0.91688 0.413278
-0.91104 0.41264
-0.9052 0.411308
-0.89936 0.415968
-0.89352 0.416385
-0.88768 0.416136
-0.88184 0.417183
-0.876 0.417643
-0.87016 0.415909
-0.86432 0.419752
-0.85848 0.418314
-0.85264 0.419562
-0.8468 0.419978
-0.84096 0.41885
-0.83512 0.41964
-0.82928 0.419394
-0.82344 0.41864
-0.8176 0.418618
-0.81176 0.420115
-0.80592 0.420289
-0.80008 0.419482
-0.79424 0.420466
-0.7884 0.420182
-0.78256 0.422937
-0.77672 0.423324
-0.77088 0.423025
-0.76504 0.424247
-0.7592 0.425026
-0.75336 0.424934
-0.74752 0.425743
-0.74168 0.426145
-0.73584 0.428211
-0.73 0.429096
-0.72416 0.431353
-0.71832 0.431536
-0.71248 0.432764
-0.70664 0.43342
-0.7008 0.434161
-0.69496 0.435322
-0.68912 0.436395
-0.68328 0.437806
-0.67744 0.441528
-0.6716 0.443106
-0.66576 0.444038
-0.65992 0.445517
-0.65408 0.445348
-0.64824 0.446993
-0.6424 0.449295
-0.63656 0.449797
-0.63072 0.450211
-0.62488 0.45041
-0.61904 0.451358
-0.6132 0.450628
-0.60736 0.450103
-0.60152 0.450626
-0.59568 0.450626
-0.58984 0.450626
-0.584 0.450626
-0.57816 0.450626
-0.57232 0.450626
-0.56648 0.450626
-0.56064 0.450626
-0.5548 0.450626
-0.54896 0.450626
-0.54312 0.450626
-0.53728 0.450626
-0.53144 0.450626
-0.5256 0.450626
-0.51976 0.450626
-0.51392 0.450626
-0.50808 0.450626
-0.50224 0.450626
-0.4964 0.450626
-0.49056 0.450626
-0.48472 0.450626
-0.47888 0.450626
-0.47304 0.450626
-0.4672 0.450626
-0.46136 0.450626
-0.45552 0.450626
-0.44968 0.450626
-0.44384 0.450626
-0.438 0.450626
-0.43216 0.450626
-0.42632 0.450626
-0.42048 0.450626
-0.41464 0.450626
-0.4088 0.450626
-0.40296 0.450626
-0.39712 0.450626
-0.39128 0.450626
-0.38544 0.450626
-0.3796 0.450626
-0.37376 0.450626
-0.36792 0.450626
-0.36208 0.450626
-0.35624 0.450626
-0.3504 0.450626
-0.34456 0.450626
-0.33872 0.450626
-0.33288 0.450626
-0.32704 0.450626
-0.3212 0.450626
-0.31536 0.450626
-0.30952 0.450626
-0.30368 0.450626
-0.29784 0.450626
-0.292 0.450626
-0.28616 0.450626
-0.28032 0.450626
-0.27448 0.450626
-0.26864 0.450626
-0.2628 0.450626
-0.25696 0.450626
-0.25112 0.450626
-0.24528 0.450626
-0.23944 0.450626
-0.2336 0.450626
-0.22776 0.450626
-0.22192 0.450626
-0.21608 0.450626
-0.21024 0.450626
-0.2044 0.450626
-0.19856 0.450626
-0.19272 0.450626
-0.18688 0.450626
-0.18104 0.450626
-0.1752 0.450626
-0.16936 0.450626
-0.16352 0.450626
-0.15768 0.450626
-0.15184 0.450626
-0.146 0.450626
-0.14016 0.450626
-0.13432 0.450626
-0.12848 0.450626
-0.12264 0.450626
-0.1168 0.450626
-0.11096 0.450626
-0.10512 0.450626
-0.09928 0.450626
-0.09344 0.450626
-0.0876 0.450626
-0.08176 0.450626
-0.07592 0.450626
-0.07008 0.450626
-0.06424 0.450626
-0.0584 0.450626
-0.05256 0.450626
-0.04672 0.450626
-0.04088 0.450626
-0.03504 0.450626
-0.0292 0.450626
-0.02336 0.450626
-0.01752 0.450626
-0.01168 0.450626
-0.00584 0.450626
