-2.92 0.318679
-2.91416 0.318679
-2.90832 0.318679
-2.90248 0.318679
-2.89664 0.318679
-2.8908 0.318679
-2.88496 0.318679
-2.87912 0.318679
-2.87328 0.318679
-2.86744 0.318679
-2.8616 0.318679
-2.85576 0.318679
-2.84992 0.318679
-2.84408 0.318679
-2.83824 0.318679
-2.8324 0.318679
-2.82656 0.318679
-2.82072 0.318679
-2.81488 0.318679
-2.80904 0.318679
-2.8032 0.318679
-2.79736 0.318679
-2.79152 0.318679
-2.78568 0.318679
-2.77984 0.318679
-2.774 0.318679
-2.76816 0.318679
-2.76232 0.318679
-2.75648 0.318679
-2.75064 0.318679
-2.7448 0.318679
-2.73896 0.318679
-2.73312 0.318679
-2.72728 0.318679
-2.72144 0.318679
-2.7156 0.318679
-2.70976 0.318679
-2.70392 0.318679
-2.69808 0.318679
-2.69224 0.318679
-2.6864 0.318679
-2.68056 0.318679
-2.67472 0.318679
-2.66888 0.318679
-2.66304 0.318679
-2.6572 0.318679
-2.65136 0.318679
-2.64552 0.318679
-2.63968 0.318679
-2.63384 0.318679
-2.628 0.318679
-2.62216 0.318679
-2.61632 0.318679
-2.61048 0.318679
-2.60464 0.318679
-2.5988 0.318679
-2.59296 0.318369
-2.58712 0.317926
-2.58128 0.317395
-2.57544 0.316775
-2.5696 0.316067
-2.56376 0.315318
-2.55792 0.31448
-2.55208 0.313596
-2.54624 0.31258
-2.5404 0.31152
-2.53456 0.310503
-2.52872 0.309354
-2.52288 0.308249
-2.51704 0.307013
-2.5112 0.305689
-2.50536 0.304278
-2.49952 0.302912
-2.49368 0.301457
-2.48784 0.300089
-2.482 0.298722
-2.47616 0.297222
-2.47032 0.295678
-2.46448 0.294135
-2.45864 0.292636
-2.4528 0.29109
-2.44696 0.289586
-2.44112 0.287908
-2.43528 0.286186
-2.42944 0.284508
-2.4236 0.282742
-2.41776 0.280975
-2.41192 0.279208
-2.40608 0.277441
-2.40024 0.275716
-2.3944 0.273816
-2.38856 0.27196
-2.38272 0.27006
-2.37688 0.268203
-2.37104 0.266303
-2.3652 0.264315
-2.35936 0.262329
-2.35352 0.260388
-2.34768 0.258445
-2.34184 0.256458
-2.336 0.25472
-2.33016 0.252986
-2.32432 0.251548
-2.31848 0.249809
-2.31264 0.248534
-2.3068 0.246585
-2.30096 0.245815
-2.29512 0.24395
-2.28928 0.242628
-2.28344 0.241684
-2.2776 0.240112
-2.27176 0.23938
-2.26592 0.237809
-2.26008 0.236618
-2.25424 0.235166
-2.2484 0.234515
-2.24256 0.233315
-2.23672 0.231614
-2.23088 0.230335
-2.22504 0.22956
-2.2192 0.228487
-2.21336 0.226403
-2.20752 0.225759
-2.20168 0.223758
-2.19584 0.22311
-2.19 0.222673
-2.18416 0.220714
-2.17832 0.221418
-2.17248 0.218828
-2.16664 0.218433
-2.1608 0.216476
-2.15496 0.215023
-2.14912 0.214589
-2.14328 0.212675
-2.13744 0.212623
-2.1316 0.211593
-2.12576 0.209469
-2.11992 0.208864
-2.11408 0.208012
-2.10824 0.20711
-2.1024 0.206932
-2.09656 0.204717
-2.09072 0.203986
-2.08488 0.201822
-2.07904 0.20321
-2.0732 0.201423
-2.06736 0.196666
-2.06152 0.199536
-2.05568 0.199184
-2.04984 0.19757
-2.044 0.197012
-2.03816 0.196117
-2.03232 0.193608
-2.02648 0.195677
-2.02064 0.192958
-2.0148 0.192104
-2.00896 0.190616
-2.00312 0.18882
-1.99728 0.189579
-1.99144 0.189618
-1.9856 0.185881
-1.97976 0.185365
-1.97392 0.184896
-1.96808 0.185399
-1.96224 0.183829
-1.9564 0.184587
-1.95056 0.183651
-1.94472 0.182622
-1.93888 0.181898
-1.93304 0.18168
-1.9272 0.176631
-1.92136 0.175737
-1.91552 0.174031
-1.90968 0.173222
-1.90384 0.170413
-1.898 0.167614
-1.89216 0.167194
-1.88632 0.162438
-1.88048 0.160319
-1.87464 0.160019
-1.8688 0.155441
-1.86296 0.154714
-1.85712 0.149846
-1.85128 0.149245
-1.84544 0.14717
-1.8396 0.146328
-1.83376 0.142132
-1.82792 0.138999
-1.82208 0.138843
-1.81624 0.135454
-1.8104 0.134357
-1.80456 0.128845
-1.79872 0.129031
-1.79288 0.125811
-1.78704 0.122308
-1.7812 0.121599
-1.77536 0.118635
-1.76952 0.11845
-1.76368 0.115994
-1.75784 0.112021
-1.752 0.109025
-1.74616 0.108159
-1.74032 0.104567
-1.73448 0.102212
-1.72864 0.100909
-1.7228 0.0960814
-1.71696 0.0946559
-1.71112 0.0911006
-1.70528 0.0889295
-1.69944 0.0862064
-1.6936 0.0847949
-1.68776 0.0825036
-1.68192 0.0809123
-1.67608 0.0788374
-1.67024 0.0760575
-1.6644 0.0738958
-1.65856 0.0727719
-1.65272 0.0750928
-1.64688 0.0698811
-1.64104 0.0706846
-1.6352 0.0728536
-1.62936 0.0713948
-1.62352 0.0746124
-1.61768 0.0734059
-1.61184 0.0737612
-1.606 0.0724658
-1.60016 0.0750949
-1.59432 0.0722294
-1.58848 0.0718769
-1.58264 0.0739968
-1.5768 0.0738288
-1.57096 0.0717888
-1.56512 0.0746797
-1.55928 0.0765892
-1.55344 0.0762553
-1.5476 0.0775973
-1.54176 0.0804105
-1.53592 0.0813237
-1.53008 0.0821154
-1.52424 0.0794101
-1.5184 0.0831042
-1.51256 0.0821906
-1.50672 0.0846926
-1.50088 0.0862579
-1.49504 0.0900045
-1.4892 0.0903231
-1.48336 0.0934991
-1.47752 0.0951937
-1.47168 0.0979371
-1.46584 0.0996968
-1.46 0.101438
-1.45416 0.103866
-1.44832 0.10356
-1.44248 0.107523
-1.43664 0.110183
-1.4308 0.109019
-1.42496 0.113809
-1.41912 0.117374
-1.41328 0.121851
-1.40744 0.123045
-1.4016 0.124723
-1.39576 0.131022
-1.38992 0.132122
-1.38408 0.130237
-1.37824 0.134825
-1.3724 0.137491
-1.36656 0.139147
-1.36072 0.143104
-1.35488 0.146623
-1.34904 0.150183
-1.3432 0.153117
-1.33736 0.156017
-1.33152 0.159602
-1.32568 0.165309
-1.31984 0.165667
-1.314 0.165505
-1.30816 0.175385
-1.30232 0.177409
-1.29648 0.176728
-1.29064 0.17795
-1.2848 0.184031
-1.27896 0.190044
-1.27312 0.191088
-1.26728 0.197881
-1.26144 0.196215
-1.2556 0.200701
-1.24976 0.205884
-1.24392 0.208526
-1.23808 0.211696
-1.23224 0.212717
-1.2264 0.217285
-1.22056 0.220197
-1.21472 0.222996
-1.20888 0.226801
-1.20304 0.228836
-1.1972 0.231593
-1.19136 0.232944
-1.18552 0.239725
-1.17968 0.240561
-1.17384 0.245992
-1.168 0.245281
-1.16216 0.245332
-1.15632 0.249505
-1.15048 0.249996
-1.14464 0.256488
-1.1388 0.257218
-1.13296 0.260803
-1.12712 0.266935
-1.12128 0.268511
-1.11544 0.270676
-1.1096 0.276302
-1.10376 0.280334
-1.09792 0.28245
-1.09208 0.285387
-1.08624 0.283293
-1.0804 0.287661
-1.07456 0.287873
-1.06872 0.292205
-1.06288 0.295631
-1.05704 0.300358
-1.0512 0.304017
-1.04536 0.306755
-1.03952 0.308271
-1.03368 0.313655
-1.02784 0.314543
-1.022 0.317382
-1.01616 0.318984
-1.01032 0.321117
-1.00448 0.325342
-0.99864 0.328227
-0.9928 0.32789
-0.98696 0.331309
-0.98112 0.334898
-0.97528 0.338389
-0.96944 0.338595
-0.9636 0.340492
-0.95776 0.345747
-0.95192 0.344427
-0.94608 0.344024
-0.94024 0.347156
-0.9344 0.349741
-0.92856 0.349489
-0.92272 0.353464
-0.91688 0.356084
-0.91104 0.359721
-0.9052 0.361617
-0.89936 0.363312
-0.89352 0.367834
-0.88768 0.370654
-0.88184 0.3715
-0.876 0.372421
-0.87016 0.377603
-0.86432 0.377969
-0.85848 0.379014
-0.85264 0.380578
-0.8468 0.383701
-0.84096 0.389091
-0.83512 0.391112
-0.82928 0.392458
-0.82344 0.393721
-0.8176 0.39464
-0.81176 0.398861
-0.80592 0.399737
-0.80008 0.40213
-0.79424 0.401738
-0.7884 0.404563
-0.78256 0.40658
-0.77672 0.407031
-0.77088 0.408027
-0.76504 0.409626
-0.7592 0.409571
-0.75336 0.409551
-0.74752 0.410884
-0.74168 0.413228
-0.73584 0.413722
-0.73 0.413577
-0.72416 0.412754
-0.71832 0.413705
-0.71248 0.414394
-0.70664 0.414962
-0.7008 0.415951
-0.69496 0.416932
-0.68912 0.417581
-0.68328 0.418902
-0.67744 0.419883
-0.6716 0.422427
-0.66576 0.423064
-0.65992 0.423612
-0.65408 0.424955
-0.64824 0.423778
-0.6424 0.424192
-0.63656 0.425455
-0.63072 0.426575
-0.62488 0.4274
-0.61904 0.429439
-0.6132 0.429749
-0.60736 0.429931
-0.60152 0.429477
-0.59568 0.429477
-0.58984 0.429477
-0.584 0.429477
-0.57816 0.429477
-0.57232 0.429477
-0.56648 0.429477
-0.56064 0.429477
-0.5548 0.429477
-0.54896 0.429477
-0.54312 0.429477
-0.53728 0.429477
-0.53144 0.429477
-0.5256 0.429477
-0.51976 0.429477
-0.51392 0.429477
-0.50808 0.429477
-0.50224 0.429477
-0.4964 0.429477
-0.49056 0.429477
-0.48472 0.429477
-0.47888 0.429477
-0.47304 0.429477
-0.4672 0.429477
-0.46136 0.429477
-0.45552 0.429477
-0.44968 0.429477
-0.44384 0.429477
-0.438 0.429477
-0.43216 0.429477
-0.42632 0.429477
-0.42048 0.429477
-0.41464 0.429477
-0.4088 0.429477
-0.40296 0.429477
-0.39712 0.429477
-0.39128 0.429477
-0.38544 0.429477
-0.3796 0.429477
-0.37376 0.429477
-0.36792 0.429477
-0.36208 0.429477
-0.35624 0.429477
-0.3504 0.429477
-0.34456 0.429477
-0.33872 0.429477
-0.33288 0.429477
-0.32704 0.429477
-0.3212 0.429477
-0.31536 0.429477
-0.30952 0.429477
-0.30368 0.429477
-0.29784 0.429477
-0.292 0.429477
-0.28616 0.429477
-0.28032 0.429477
-0.27448 0.429477
-0.26864 0.429477
-0.2628 0.429477
-0.25696 0.429477
-0.25112 0.429477
-0.24528 0.429477
-0.23944 0.429477
-0.2336 0.429477
-0.22776 0.429477
-0.22192 0.429477
-0.21608 0.429477
-0.21024 0.429477
-0.2044 0.429477
-0.19856 0.429477
-0.19272 0.429477
-0.18688 0.429477
-0.18104 0.429477
-0.1752 0.429477
-0.16936 0.429477
-0.16352 0.429477
-0.15768 0.429477
-0.15184 0.429477
-0.146 0.429477
-0.14016 0.429477
-0.13432 0.429477
-0.12848 0.429477
-0.12264 0.429477
-0.1168 0.429477
-0.11096 0.429477
-0.10512 0.429477
-0.09928 0.429477
-0.09344 0.429477
-0.0876 0.429477
-0.08176 0.429477
-0.07592 0.429477
-0.07008 0.429477
-0.06424 0.429477
-0.0584 0.429477
-0.05256 0.429477
-0.04672 0.429477
-0.04088 0.429477
-0.03504 0.429477
-0.0292 0.429477
-0.02336 0.429477
-0.01752 0.429477
-0.01168 0.429477
-0.00584 0.429477
