-2.92 0.355525
-2.91416 0.355525
-2.90832 0.355525
-2.90248 0.355525
-2.89664 0.355525
-2.8908 0.355525
-2.88496 0.355525
-2.87912 0.355525
-2.87328 0.355525
-2.86744 0.355525
-2.8616 0.355525
-2.85576 0.355525
-2.84992 0.355525
-2.84408 0.355525
-2.83824 0.355525
-2.8324 0.355525
-2.82656 0.355525
-2.82072 0.355525
-2.81488 0.355525
-2.80904 0.355525
-2.8032 0.355525
-2.79736 0.355525
-2.79152 0.355525
-2.78568 0.355525
-2.77984 0.355525
-2.774 0.355525
-2.76816 0.355525
-2.76232 0.355525
-2.75648 0.355525
-2.75064 0.355525
-2.7448 0.355525
-2.73896 0.355525
-2.73312 0.355525
-2.72728 0.355525
-2.72144 0.355525
-2.7156 0.355525
-2.70976 0.355525
-2.70392 0.355525
-2.69808 0.355525
-2.69224 0.355525
-2.6864 0.355525
-2.68056 0.355525
-2.67472 0.355525
-2.66888 0.355525
-2.66304 0.355525
-2.6572 0.355525
-2.65136 0.355525
-2.64552 0.355525
-2.63968 0.355525
-2.63384 0.355525
-2.628 0.355525
-2.62216 0.355525
-2.61632 0.355525
-2.61048 0.355525
-2.60464 0.355525
-2.5988 0.355525
-2.59296 0.355216
-2.58712 0.354687
-2.58128 0.353983
-2.57544 0.353146
-2.5696 0.352352
-2.56376 0.35147
-2.55792 0.350499
-2.55208 0.349392
-2.54624 0.348241
-2.5404 0.347003
-2.53456 0.345676
-2.52872 0.344392
-2.52288 0.343108
-2.51704 0.341649
-2.5112 0.34019
-2.50536 0.338817
-2.49952 0.337403
-2.49368 0.335856
-2.48784 0.334397
-2.482 0.333023
-2.47616 0.331432
-2.47032 0.329837
-2.46448 0.328155
-2.45864 0.326426
-2.4528 0.324614
-2.44696 0.322843
-2.44112 0.320986
-2.43528 0.319129
-2.42944 0.317361
-2.4236 0.315546
-2.41776 0.313689
-2.41192 0.311829
-2.40608 0.309882
-2.40024 0.307847
-2.3944 0.305809
-2.38856 0.303773
-2.38272 0.301734
-2.37688 0.299652
-2.37104 0.297525
-2.3652 0.295356
-2.35936 0.293099
-2.35352 0.290931
-2.34768 0.288673
-2.34184 0.286416
-2.336 0.284159
-2.33016 0.281987
-2.32432 0.279903
-2.31848 0.277516
-2.31264 0.275173
-2.3068 0.272914
-2.30096 0.270567
-2.29512 0.268269
-2.28928 0.265926
-2.28344 0.263586
-2.2776 0.26111
-2.27176 0.258976
-2.26592 0.256549
-2.26008 0.254334
-2.25424 0.251687
-2.2484 0.249378
-2.24256 0.247115
-2.23672 0.244511
-2.23088 0.241947
-2.22504 0.239932
-2.2192 0.237034
-2.21336 0.23468
-2.20752 0.232455
-2.20168 0.229635
-2.19584 0.227617
-2.19 0.224755
-2.18416 0.221937
-2.17832 0.219497
-2.17248 0.216931
-2.16664 0.214909
-2.1608 0.211798
-2.15496 0.209355
-2.14912 0.206955
-2.14328 0.204134
-2.13744 0.20169
-2.1316 0.199163
-2.12576 0.196467
-2.11992 0.194024
-2.11408 0.191247
-2.10824 0.188888
-2.1024 0.185986
-2.09656 0.183962
-2.09072 0.181057
-2.08488 0.178784
-2.07904 0.176175
-2.0732 0.173944
-2.06736 0.170705
-2.06152 0.168392
-2.05568 0.166078
-2.04984 0.163848
-2.044 0.161541
-2.03816 0.158679
-2.03232 0.15615
-2.02648 0.154049
-2.02064 0.151229
-2.0148 0.148532
-2.00896 0.146009
-2.00312 0.143944
-1.99728 0.141798
-1.99144 0.139152
-1.9856 0.138441
-1.97976 0.13663
-1.97392 0.135118
-1.96808 0.134281
-1.96224 0.132905
-1.9564 0.131399
-1.95056 0.129885
-1.94472 0.129644
-1.93888 0.129019
-1.93304 0.127503
-1.9272 0.12681
-1.92136 0.126182
-1.91552 0.125488
-1.90968 0.123812
-1.90384 0.123947
-1.898 0.124807
-1.89216 0.12402
-1.88632 0.122562
-1.88048 0.12351
-1.87464 0.122375
-1.8688 0.122303
-1.86296 0.122962
-1.85712 0.123779
-1.85128 0.123245
-1.84544 0.123641
-1.8396 0.123174
-1.83376 0.122395
-1.82792 0.122609
-1.82208 0.126042
-1.81624 0.124522
-1.8104 0.125256
-1.80456 0.123198
-1.79872 0.126788
-1.79288 0.123958
-1.78704 0.125795
-1.7812 0.126475
-1.77536 0.12769
-1.76952 0.128764
-1.76368 0.129832
-1.75784 0.128998
-1.752 0.130407
-1.74616 0.129419
-1.74032 0.130621
-1.73448 0.131494
-1.72864 0.13321
-1.7228 0.135984
-1.71696 0.134768
-1.71112 0.139404
-1.70528 0.137566
-1.69944 0.139491
-1.6936 0.141089
-1.68776 0.140482
-1.68192 0.143273
-1.67608 0.141936
-1.67024 0.141709
-1.6644 0.143223
-1.65856 0.14064
-1.65272 0.145201
-1.64688 0.142077
-1.64104 0.146764
-1.6352 0.144762
-1.62936 0.144713
-1.62352 0.144225
-1.61768 0.146222
-1.61184 0.14644
-1.606 0.149773
-1.60016 0.152685
-1.59432 0.153341
-1.58848 0.155638
-1.58264 0.156804
-1.5768 0.155532
-1.57096 0.160664
-1.56512 0.162939
-1.55928 0.161121
-1.55344 0.166552
-1.5476 0.167649
-1.54176 0.170622
-1.53592 0.173588
-1.53008 0.174868
-1.52424 0.176854
-1.5184 0.179431
-1.51256 0.181165
-1.50672 0.182896
-1.50088 0.191336
-1.49504 0.189001
-1.4892 0.190565
-1.48336 0.192775
-1.47752 0.194656
-1.47168 0.198288
-1.46584 0.199949
-1.46 0.201738
-1.45416 0.204603
-1.44832 0.207992
-1.44248 0.208093
-1.43664 0.21365
-1.4308 0.21397
-1.42496 0.220292
-1.41912 0.22091
-1.41328 0.218616
-1.40744 0.225449
-1.4016 0.22868
-1.39576 0.231139
-1.38992 0.233775
-1.38408 0.237133
-1.37824 0.242056
-1.3724 0.240995
-1.36656 0.242621
-1.36072 0.2458
-1.35488 0.244742
-1.34904 0.249351
-1.3432 0.251838
-1.33736 0.255267
-1.33152 0.261228
-1.32568 0.262609
-1.31984 0.266194
-1.314 0.268946
-1.30816 0.264829
-1.30232 0.272881
-1.29648 0.273469
-1.29064 0.278167
-1.2848 0.279153
-1.27896 0.283979
-1.27312 0.2863
-1.26728 0.285972
-1.26144 0.287044
-1.2556 0.293638
-1.24976 0.292221
-1.24392 0.296785
-1.23808 0.298034
-1.23224 0.301034
-1.2264 0.304402
-1.22056 0.303603
-1.21472 0.308343
-1.20888 0.309604
-1.20304 0.31442
-1.1972 0.318213
-1.19136 0.318393
-1.18552 0.320747
-1.17968 0.323014
-1.17384 0.324989
-1.168 0.330103
-1.16216 0.332308
-1.15632 0.334613
-1.15048 0.334817
-1.14464 0.337417
-1.1388 0.3363
-1.13296 0.338887
-1.12712 0.341895
-1.12128 0.340934
-1.11544 0.345837
-1.1096 0.351042
-1.10376 0.351138
-1.09792 0.353479
-1.09208 0.352469
-1.08624 0.355215
-1.0804 0.35813
-1.07456 0.357778
-1.06872 0.359341
-1.06288 0.36601
-1.05704 0.364044
-1.0512 0.365786
-1.04536 0.363951
-1.03952 0.36519
-1.03368 0.367462
-1.02784 0.365887
-1.022 0.364904
-1.01616 0.366259
-1.01032 0.364949
-1.00448 0.363938
-0.99864 0.366577
-0.9928 0.364234
-0.98696 0.366217
-0.98112 0.365697
-0.97528 0.361199
-0.96944 0.365852
-0.9636 0.365582
-0.95776 0.366535
-0.95192 0.366401
-0.94608 0.367396
-0.94024 0.367779
-0.9344 0.365528
-0.92856 0.365475
-0.92272 0.364857
-0.91688 0.361763
-0.91104 0.36086
-0.9052 0.362319
-0.89936 0.364442
-0.89352 0.365493
-0.88768 0.364369
-0.88184 0.365098
-0.876 0.364443
-0.87016 0.362539
-0.86432 0.364428
-0.85848 0.36384
-0.85264 0.365914
-0.8468 0.362817
-0.84096 0.364878
-0.83512 0.366125
-0.82928 0.363621
-0.82344 0.362581
-0.8176 0.36231
-0.81176 0.360564
-0.80592 0.362367
-0.80008 0.361202
-0.79424 0.362284
-0.7884 0.362141
-0.78256 0.3627
-0.77672 0.362952
-0.77088 0.362527
-0.76504 0.363897
-0.7592 0.363787
-0.75336 0.362715
-0.74752 0.364268
-0.74168 0.363682
-0.73584 0.364729
-0.73 0.365829
-0.72416 0.36668
-0.71832 0.366919
-0.71248 0.366852
-0.70664 0.367575
-0.7008 0.368512
-0.69496 0.369237
-0.68912 0.369371
-0.68328 0.370774
-0.67744 0.37373
-0.6716 0.374663
-0.66576 0.376266
-0.65992 0.37698
-0.65408 0.377273
-0.64824 0.377941
-0.6424 0.379695
-0.63656 0.379974
-0.63072 0.380463
-0.62488 0.380358
-0.61904 0.380331
-0.6132 0.380057
-0.60736 0.379441
-0.60152 0.379699
-0.59568 0.379699
-0.58984 0.379699
-0.584 0.379699
-0.57816 0.379699
-0.57232 0.379699
-0.56648 0.379699
-0.56064 0.379699
-0.5548 0.379699
-0.54896 0.379699
-0.54312 0.379699
-0.53728 0.379699
-0.53144 0.379699
-0.5256 0.379699
-0.51976 0.379699
-0.51392 0.379699
-0.50808 0.379699
-0.50224 0.379699
-0.4964 0.379699
-0.49056 0.379699
-0.48472 0.379699
-0.47888 0.379699
-0.47304 0.379699
-0.4672 0.379699
-0.46136 0.379699
-0.45552 0.379699
-0.44968 0.379699
-0.44384 0.379699
-0.438 0.379699
-0.43216 0.379699
-0.42632 0.379699
-0.42048 0.379699
-0.41464 0.379699
-0.4088 0.379699
-0.40296 0.379699
-0.39712 0.379699
-0.39128 0.379699
-0.38544 0.379699
-0.3796 0.379699
-0.37376 0.379699
-0.36792 0.379699
-0.36208 0.379699
-0.35624 0.379699
-0.3504 0.379699
-0.34456 0.379699
-0.33872 0.379699
-0.33288 0.379699
-0.32704 0.379699
-0.3212 0.379699
-0.31536 0.379699
-0.30952 0.379699
-0.30368 0.379699
-0.29784 0.379699
-0.292 0.379699
-0.28616 0.379699
-0.28032 0.379699
-0.27448 0.379699
-0.26864 0.379699
-0.2628 0.379699
-0.25696 0.379699
-0.25112 0.379699
-0.24528 0.379699
-0.23944 0.379699
-0.2336 0.379699
-0.22776 0.379699
-0.22192 0.379699
-0.21608 0.379699
-0.21024 0.379699
-0.2044 0.379699
-0.19856 0.379699
-0.19272 0.379699
-0.18688 0.379699
-0.18104 0.379699
-0.1752 0.379699
-0.16936 0.379699
-0.16352 0.379699
-0.15768 0.379699
-0.15184 0.379699
-0.146 0.379699
-0.14016 0.379699
-0.13432 0.379699
-0.12848 0.379699
-0.12264 0.379699
-0.1168 0.379699
-0.11096 0.379699
-0.10512 0.379699
-0.09928 0.379699
-0.09344 0.379699
-0.0876 0.379699
-0.08176 0.379699
-0.07592 0.379699
-0.07008 0.379699
-0.06424 0.379699
-0.0584 0.379699
-0.05256 0.379699
-0.04672 0.379699
-0.04088 0.379699
-0.03504 0.379699
-0.0292 0.379699
-0.02336 0.379699
-0.01752 0.379699
-0.01168 0.379699
-0.00584 0.379699
