-2.92 0.31788
-2.91416 0.31788
-2.90832 0.31788
-2.90248 0.31788
-2.89664 0.31788
-2.8908 0.31788
-2.88496 0.31788
-2.87912 0.31788
-2.87328 0.31788
-2.86744 0.31788
-2.8616 0.31788
-2.85576 0.31788
-2.84992 0.31788
-2.84408 0.31788
-2.83824 0.31788
-2.8324 0.31788
-2.82656 0.31788
-2.82072 0.31788
-2.81488 0.31788
-2.80904 0.31788
-2.8032 0.31788
-2.79736 0.31788
-2.79152 0.31788
-2.78568 0.31788
-2.77984 0.31788
-2.774 0.31788
-2.76816 0.31788
-2.76232 0.31788
-2.75648 0.31788
-2.75064 0.31788
-2.7448 0.31788
-2.73896 0.31788
-2.73312 0.31788
-2.72728 0.31788
-2.72144 0.31788
-2.7156 0.31788
-2.70976 0.31788
-2.70392 0.31788
-2.69808 0.31788
-2.69224 0.31788
-2.6864 0.31788
-2.68056 0.31788
-2.67472 0.31788
-2.66888 0.31788
-2.66304 0.31788
-2.6572 0.31788
-2.65136 0.31788
-2.64552 0.31788
-2.63968 0.31788
-2.63384 0.31788
-2.628 0.31788
-2.62216 0.31788
-2.61632 0.31788
-2.61048 0.31788
-2.60464 0.31788
-2.5988 0.31788
-2.59296 0.317617
-2.58712 0.31722
-2.58128 0.316734
-2.57544 0.316158
-2.5696 0.31554
-2.56376 0.314833
-2.55792 0.314081
-2.55208 0.313153
-2.54624 0.312226
-2.5404 0.311255
-2.53456 0.310286
-2.52872 0.309228
-2.52288 0.308216
-2.51704 0.307158
-2.5112 0.306055
-2.50536 0.304908
-2.49952 0.303674
-2.49368 0.302397
-2.48784 0.301163
-2.482 0.300015
-2.47616 0.298649
-2.47032 0.297283
-2.46448 0.295739
-2.45864 0.294153
-2.4528 0.292522
-2.44696 0.290849
-2.44112 0.289088
-2.43528 0.287327
-2.42944 0.285698
-2.4236 0.283893
-2.41776 0.282087
-2.41192 0.28024
-2.40608 0.278391
-2.40024 0.276586
-2.3944 0.274649
-2.38856 0.272713
-2.38272 0.270819
-2.37688 0.268881
-2.37104 0.266944
-2.3652 0.264965
-2.35936 0.262853
-2.35352 0.260698
-2.34768 0.258674
-2.34184 0.256562
-2.336 0.254659
-2.33016 0.252591
-2.32432 0.251114
-2.31848 0.24896
-2.31264 0.247607
-2.3068 0.245326
-2.30096 0.243043
-2.29512 0.240595
-2.28928 0.238394
-2.28344 0.236365
-2.2776 0.23395
-2.27176 0.23209
-2.26592 0.229297
-2.26008 0.22752
-2.25424 0.225019
-2.2484 0.222859
-2.24256 0.22057
-2.23672 0.218112
-2.23088 0.215738
-2.22504 0.213574
-2.2192 0.211494
-2.21336 0.209249
-2.20752 0.20692
-2.20168 0.204503
-2.19584 0.202342
-2.19 0.200181
-2.18416 0.19789
-2.17832 0.195939
-2.17248 0.193566
-2.16664 0.191107
-2.1608 0.189367
-2.15496 0.187333
-2.14912 0.184666
-2.14328 0.18225
-2.13744 0.180256
-2.1316 0.178557
-2.12576 0.175633
-2.11992 0.174061
-2.11408 0.171306
-2.10824 0.169777
-2.1024 0.166983
-2.09656 0.164777
-2.09072 0.163076
-2.08488 0.160957
-2.07904 0.158156
-2.0732 0.15646
-2.06736 0.153621
-2.06152 0.151798
-2.05568 0.15006
-2.04984 0.147051
-2.044 0.146075
-2.03816 0.143531
-2.03232 0.141367
-2.02648 0.138652
-2.02064 0.136782
-2.0148 0.134576
-2.00896 0.132538
-2.00312 0.130374
-1.99728 0.129059
-1.99144 0.126902
-1.9856 0.123634
-1.97976 0.122578
-1.97392 0.121097
-1.96808 0.11944
-1.96224 0.118898
-1.9564 0.118899
-1.95056 0.116866
-1.94472 0.116273
-1.93888 0.11628
-1.93304 0.116622
-1.9272 0.115444
-1.92136 0.114214
-1.91552 0.115748
-1.90968 0.114482
-1.90384 0.113983
-1.898 0.11335
-1.89216 0.111657
-1.88632 0.113538
-1.88048 0.113914
-1.87464 0.113422
-1.8688 0.112623
-1.86296 0.112896
-1.85712 0.112593
-1.85128 0.113331
-1.84544 0.111436
-1.8396 0.114017
-1.83376 0.112097
-1.82792 0.112822
-1.82208 0.114367
-1.81624 0.11523
-1.8104 0.114234
-1.80456 0.114499
-1.79872 0.114127
-1.79288 0.11559
-1.78704 0.115061
-1.7812 0.114465
-1.77536 0.116017
-1.76952 0.116426
-1.76368 0.118432
-1.75784 0.119299
-1.752 0.120306
-1.74616 0.119515
-1.74032 0.119289
-1.73448 0.120835
-1.72864 0.121938
-1.7228 0.123492
-1.71696 0.12415
-1.71112 0.125305
-1.70528 0.129835
-1.69944 0.12767
-1.6936 0.130817
-1.68776 0.130316
-1.68192 0.133037
-1.67608 0.13296
-1.67024 0.136094
-1.6644 0.134839
-1.65856 0.132791
-1.65272 0.136455
-1.64688 0.135165
-1.64104 0.136098
-1.6352 0.134622
-1.62936 0.13549
-1.62352 0.138019
-1.61768 0.137858
-1.61184 0.13921
-1.606 0.141439
-1.60016 0.140533
-1.59432 0.144281
-1.58848 0.143878
-1.58264 0.147417
-1.5768 0.151278
-1.57096 0.151097
-1.56512 0.154515
-1.55928 0.156025
-1.55344 0.157927
-1.5476 0.159786
-1.54176 0.161568
-1.53592 0.164062
-1.53008 0.166628
-1.52424 0.170458
-1.5184 0.175654
-1.51256 0.174102
-1.50672 0.177734
-1.50088 0.18178
-1.49504 0.184441
-1.4892 0.187473
-1.48336 0.192086
-1.47752 0.193482
-1.47168 0.197469
-1.46584 0.199208
-1.46 0.201788
-1.45416 0.202504
-1.44832 0.203534
-1.44248 0.209572
-1.43664 0.212926
-1.4308 0.21331
-1.42496 0.220012
-1.41912 0.218881
-1.41328 0.227839
-1.40744 0.226047
-1.4016 0.229619
-1.39576 0.233876
-1.38992 0.236561
-1.38408 0.240604
-1.37824 0.239199
-1.3724 0.244233
-1.36656 0.251068
-1.36072 0.253515
-1.35488 0.254241
-1.34904 0.256634
-1.3432 0.260787
-1.33736 0.264004
-1.33152 0.266787
-1.32568 0.272849
-1.31984 0.275156
-1.314 0.27819
-1.30816 0.279205
-1.30232 0.282049
-1.29648 0.287774
-1.29064 0.289789
-1.2848 0.295003
-1.27896 0.295875
-1.27312 0.296643
-1.26728 0.302233
-1.26144 0.304196
-1.2556 0.30709
-1.24976 0.308279
-1.24392 0.311586
-1.23808 0.313485
-1.23224 0.316061
-1.2264 0.319551
-1.22056 0.31854
-1.21472 0.324399
-1.20888 0.324986
-1.20304 0.327174
-1.1972 0.32951
-1.19136 0.333707
-1.18552 0.338071
-1.17968 0.338064
-1.17384 0.342254
-1.168 0.345505
-1.16216 0.347598
-1.15632 0.349155
-1.15048 0.355168
-1.14464 0.35859
-1.1388 0.364031
-1.13296 0.362471
-1.12712 0.366404
-1.12128 0.369409
-1.11544 0.371609
-1.1096 0.373814
-1.10376 0.374865
-1.09792 0.376891
-1.09208 0.377824
-1.08624 0.382495
-1.0804 0.387941
-1.07456 0.387441
-1.06872 0.390122
-1.06288 0.391702
-1.05704 0.393786
-1.0512 0.395662
-1.04536 0.3998
-1.03952 0.400352
-1.03368 0.402719
-1.02784 0.402158
-1.022 0.404565
-1.01616 0.402611
-1.01032 0.401694
-1.00448 0.40436
-0.99864 0.404057
-0.9928 0.404892
-0.98696 0.408101
-0.98112 0.404609
-0.97528 0.411173
-0.96944 0.406968
-0.9636 0.405546
-0.95776 0.406778
-0.95192 0.407351
-0.94608 0.409873
-0.94024 0.405275
-0.9344 0.407944
-0.92856 0.412829
-0.92272 0.411882
-0.91688 0.410836
-0.91104 0.411868
-0.9052 0.413057
-0.89936 0.413885
-0.89352 0.413229
-0.88768 0.415498
-0.88184 0.415704
-0.876 0.414118
-0.87016 0.412786
-0.86432 0.415471
-0.85848 0.415583
-0.85264 0.417387
-0.8468 0.418898
-0.84096 0.417432
-0.83512 0.416833
-0.82928 0.416636
-0.82344 0.418362
-0.8176 0.418528
-0.81176 0.418045
-0.80592 0.419001
-0.80008 0.418041
-0.79424 0.41697
-0.7884 0.416855
-0.78256 0.418364
-0.77672 0.417739
-0.77088 0.419622
-0.76504 0.41895
-0.7592 0.419435
-0.75336 0.419959
-0.74752 0.420613
-0.74168 0.421253
-0.73584 0.422317
-0.73 0.422731
-0.72416 0.424158
-0.71832 0.42455
-0.71248 0.425487
-0.70664 0.428415
-0.7008 0.428843
-0.69496 0.430194
-0.68912 0.432483
-0.68328 0.43333
-0.67744 0.435102
-0.6716 0.437297
-0.66576 0.438184
-0.65992 0.440043
-0.65408 0.439326
-0.64824 0.440883
-0.6424 0.443609
-0.63656 0.444146
-0.63072 0.444844
-0.62488 0.445242
-0.61904 0.444628
-0.6132 0.444727
-0.60736 0.44478
-0.60152 0.445209
-0.59568 0.445209
-0.58984 0.445209
-0.584 0.445209
-0.57816 0.445209
-0.57232 0.445209
-0.56648 0.445209
-0.56064 0.445209
-0.5548 0.445209
-0.54896 0.445209
-0.54312 0.445209
-0.53728 0.445209
-0.53144 0.445209
-0.5256 0.445209
-0.51976 0.445209
-0.51392 0.445209
-0.50808 0.445209
-0.50224 0.445209
-0.4964 0.445209
-0.49056 0.445209
-0.48472 0.445209
-0.47888 0.445209
-0.47304 0.445209
-0.4672 0.445209
-0.46136 0.445209
-0.45552 0.445209
-0.44968 0.445209
-0.44384 0.445209
-0.438 0.445209
-0.43216 0.445209
-0.42632 0.445209
-0.42048 0.445209
-0.41464 0.445209
-0.4088 0.445209
-0.40296 0.445209
-0.39712 0.445209
-0.39128 0.445209
-0.38544 0.445209
-0.3796 0.445209
-0.37376 0.445209
-0.36792 0.445209
-0.36208 0.445209
-0.35624 0.445209
-0.3504 0.445209
-0.34456 0.445209
-0.33872 0.445209
-0.33288 0.445209
-0.32704 0.445209
-0.3212 0.445209
-0.31536 0.445209
-0.30952 0.445209
-0.30368 0.445209
-0.29784 0.445209
-0.292 0.445209
-0.28616 0.445209
-0.28032 0.445209
-0.27448 0.445209
-0.26864 0.445209
-0.2628 0.445209
-0.25696 0.445209
-0.25112 0.445209
-0.24528 0.445209
-0.23944 0.445209
-0.2336 0.445209
-0.22776 0.445209
-0.22192 0.445209
-0.21608 0.445209
-0.21024 0.445209
-0.2044 0.445209
-0.19856 0.445209
-0.19272 0.445209
-0.18688 0.445209
-0.18104 0.445209
-0.1752 0.445209
-0.16936 0.445209
-0.16352 0.445209
-0.15768 0.445209
-0.15184 0.445209
-0.146 0.445209
-0.14016 0.445209
-0.13432 0.445209
-0.12848 0.445209
-0.12264 0.445209
-0.1168 0.445209
-0.11096 0.445209
-0.10512 0.445209
-0.09928 0.445209
-0.09344 0.445209
-0.0876 0.445209
-0.08176 0.445209
-0.07592 0.445209
-0.07008 0.445209
-0.06424 0.445209
-0.0584 0.445209
-0.05256 0.445209
-0.04672 0.445209
-0.04088 0.445209
-0.03504 0.445209
-0.0292 0.445209
-0.02336 0.445209
-0.01752 0.445209
-0.01168 0.445209
-0.00584 0.445209
