-2.92 0.333324
-2.91416 0.333324
-2.90832 0.333324
-2.90248 0.333324
-2.89664 0.333324
-2.8908 0.333324
-2.88496 0.333324
-2.87912 0.333324
-2.87328 0.333324
-2.86744 0.333324
-2.8616 0.333324
-2.85576 0.333324
-2.84992 0.333324
-2.84408 0.333324
-2.83824 0.333324
-2.8324 0.333324
-2.82656 0.333324
-2.82072 0.333324
-2.81488 0.333324
-2.80904 0.333324
-2.8032 0.333324
-2.79736 0.333324
-2.79152 0.333324
-2.78568 0.333324
-2.77984 0.333324
-2.774 0.333324
-2.76816 0.333324
-2.76232 0.333324
-2.75648 0.333324
-2.75064 0.333324
-2.7448 0.333324
-2.73896 0.333324
-2.73312 0.333324
-2.72728 0.333324
-2.72144 0.333324
-2.7156 0.333324
-2.70976 0.333324
-2.70392 0.333324
-2.69808 0.333324
-2.69224 0.333324
-2.6864 0.333324
-2.68056 0.333324
-2.67472 0.333324
-2.66888 0.333324
-2.66304 0.333324
-2.6572 0.333324
-2.65136 0.333324
-2.64552 0.333324
-2.63968 0.333324
-2.63384 0.333324
-2.628 0.333324
-2.62216 0.333324
-2.61632 0.333324
-2.61048 0.333324
-2.60464 0.333324
-2.5988 0.333324
-2.59296 0.333016
-2.58712 0.332576
-2.58128 0.332048
-2.57544 0.331386
-2.5696 0.33068
-2.56376 0.329843
-2.55792 0.328918
-2.55208 0.327991
-2.54624 0.326931
-2.5404 0.325871
-2.53456 0.324769
-2.52872 0.323578
-2.52288 0.322343
-2.51704 0.321065
-2.5112 0.319745
-2.50536 0.318424
-2.49952 0.316929
-2.49368 0.315521
-2.48784 0.314024
-2.482 0.312662
-2.47616 0.311078
-2.47032 0.309451
-2.46448 0.307824
-2.45864 0.306154
-2.4528 0.304524
-2.44696 0.302848
-2.44112 0.301041
-2.43528 0.299233
-2.42944 0.297426
-2.4236 0.295531
-2.41776 0.29359
-2.41192 0.29165
-2.40608 0.289709
-2.40024 0.287679
-2.3944 0.28565
-2.38856 0.283753
-2.38272 0.281767
-2.37688 0.279738
-2.37104 0.277665
-2.3652 0.275636
-2.35936 0.273563
-2.35352 0.271446
-2.34768 0.269419
-2.34184 0.267303
-2.336 0.265187
-2.33016 0.263072
-2.32432 0.260913
-2.31848 0.258796
-2.31264 0.256637
-2.3068 0.254476
-2.30096 0.252272
-2.29512 0.250198
-2.28928 0.248039
-2.28344 0.24592
-2.2776 0.2438
-2.27176 0.241641
-2.26592 0.239608
-2.26008 0.237619
-2.25424 0.235326
-2.2484 0.233032
-2.24256 0.230653
-2.23672 0.228359
-2.23088 0.226106
-2.22504 0.223854
-2.2192 0.221433
-2.21336 0.219393
-2.20752 0.216759
-2.20168 0.21446
-2.19584 0.212163
-2.19 0.20978
-2.18416 0.207396
-2.17832 0.204757
-2.17248 0.202375
-2.16664 0.200244
-2.1608 0.198202
-2.15496 0.195652
-2.14912 0.193355
-2.14328 0.191099
-2.13744 0.188671
-2.1316 0.186456
-2.12576 0.184203
-2.11992 0.18148
-2.11408 0.179399
-2.10824 0.176802
-2.1024 0.174503
-2.09656 0.172585
-2.09072 0.170243
-2.08488 0.168027
-2.07904 0.164751
-2.0732 0.162961
-2.06736 0.160451
-2.06152 0.158065
-2.05568 0.156278
-2.04984 0.153131
-2.044 0.151477
-2.03816 0.149557
-2.03232 0.147086
-2.02648 0.144699
-2.02064 0.142144
-2.0148 0.139717
-2.00896 0.137841
-2.00312 0.135328
-1.99728 0.132563
-1.99144 0.130651
-1.9856 0.128648
-1.97976 0.125668
-1.97392 0.124006
-1.96808 0.123618
-1.96224 0.121833
-1.9564 0.121018
-1.95056 0.119824
-1.94472 0.118758
-1.93888 0.118426
-1.93304 0.115959
-1.9272 0.11592
-1.92136 0.116424
-1.91552 0.116044
-1.90968 0.115836
-1.90384 0.115411
-1.898 0.115029
-1.89216 0.115796
-1.88632 0.114318
-1.88048 0.115079
-1.87464 0.11284
-1.8688 0.115849
-1.86296 0.114586
-1.85712 0.113824
-1.85128 0.116245
-1.84544 0.116339
-1.8396 0.11542
-1.83376 0.115259
-1.82792 0.118285
-1.82208 0.11758
-1.81624 0.117372
-1.8104 0.116538
-1.80456 0.117262
-1.79872 0.117045
-1.79288 0.119135
-1.78704 0.118117
-1.7812 0.119748
-1.77536 0.120355
-1.76952 0.118916
-1.76368 0.122135
-1.75784 0.122211
-1.752 0.12163
-1.74616 0.123179
-1.74032 0.122719
-1.73448 0.125847
-1.72864 0.126889
-1.7228 0.127939
-1.71696 0.130762
-1.71112 0.130291
-1.70528 0.131118
-1.69944 0.132354
-1.6936 0.134372
-1.68776 0.133595
-1.68192 0.138511
-1.67608 0.138431
-1.67024 0.138674
-1.6644 0.136857
-1.65856 0.13944
-1.65272 0.141045
-1.64688 0.138289
-1.64104 0.139034
-1.6352 0.143198
-1.62936 0.142955
-1.62352 0.142917
-1.61768 0.144045
-1.61184 0.142281
-1.606 0.145667
-1.60016 0.147713
-1.59432 0.147539
-1.58848 0.151838
-1.58264 0.153429
-1.5768 0.154224
-1.57096 0.155417
-1.56512 0.160235
-1.55928 0.159458
-1.55344 0.158261
-1.5476 0.160347
-1.54176 0.163986
-1.53592 0.167625
-1.53008 0.16758
-1.52424 0.17182
-1.5184 0.175924
-1.51256 0.175092
-1.50672 0.178051
-1.50088 0.18353
-1.49504 0.182721
-1.4892 0.18851
-1.48336 0.190313
-1.47752 0.192948
-1.47168 0.194714
-1.46584 0.195734
-1.46 0.194685
-1.45416 0.199299
-1.44832 0.195374
-1.44248 0.19987
-1.43664 0.200958
-1.4308 0.207477
-1.42496 0.208605
-1.41912 0.210297
-1.41328 0.213655
-1.40744 0.214093
-1.4016 0.218428
-1.39576 0.217048
-1.38992 0.219866
-1.38408 0.224011
-1.37824 0.226586
-1.3724 0.229883
-1.36656 0.232592
-1.36072 0.234288
-1.35488 0.238701
-1.34904 0.238089
-1.3432 0.241371
-1.33736 0.242069
-1.33152 0.240455
-1.32568 0.246954
-1.31984 0.249015
-1.314 0.248146
-1.30816 0.25268
-1.30232 0.255404
-1.29648 0.259988
-1.29064 0.262177
-1.2848 0.263301
-1.27896 0.268068
-1.27312 0.265163
-1.26728 0.267847
-1.26144 0.271605
-1.2556 0.272646
-1.24976 0.273328
-1.24392 0.276188
-1.23808 0.276393
-1.23224 0.277969
-1.2264 0.277562
-1.22056 0.279494
-1.21472 0.282815
-1.20888 0.282544
-1.20304 0.282918
-1.1972 0.28942
-1.19136 0.290756
-1.18552 0.291324
-1.17968 0.293635
-1.17384 0.292366
-1.168 0.2966
-1.16216 0.298317
-1.15632 0.297941
-1.15048 0.302457
-1.14464 0.305572
-1.1388 0.305468
-1.13296 0.305162
-1.12712 0.310036
-1.12128 0.309763
-1.11544 0.307996
-1.1096 0.309475
-1.10376 0.312542
-1.09792 0.315148
-1.09208 0.31512
-1.08624 0.315848
-1.0804 0.321142
-1.07456 0.321472
-1.06872 0.323352
-1.06288 0.324755
-1.05704 0.322063
-1.0512 0.325098
-1.04536 0.327356
-1.03952 0.329246
-1.03368 0.328815
-1.02784 0.326812
-1.022 0.325069
-1.01616 0.325361
-1.01032 0.320585
-1.00448 0.320265
-0.99864 0.320386
-0.9928 0.321992
-0.98696 0.321975
-0.98112 0.319571
-0.97528 0.31963
-0.96944 0.317894
-0.9636 0.318347
-0.95776 0.314679
-0.95192 0.314696
-0.94608 0.316024
-0.94024 0.31523
-0.9344 0.314946
-0.92856 0.31563
-0.92272 0.31496
-0.91688 0.316832
-0.91104 0.313162
-0.9052 0.313516
-0.89936 0.310465
-0.89352 0.310425
-0.88768 0.310873
-0.88184 0.311682
-0.876 0.308783
-0.87016 0.308859
-0.86432 0.308472
-0.85848 0.309343
-0.85264 0.309464
-0.8468 0.309266
-0.84096 0.309536
-0.83512 0.306369
-0.82928 0.305358
-0.82344 0.305245
-0.8176 0.305934
-0.81176 0.303651
-0.80592 0.303735
-0.80008 0.300918
-0.79424 0.300327
-0.7884 0.300366
-0.78256 0.299066
-0.77672 0.299624
-0.77088 0.298226
-0.76504 0.298115
-0.7592 0.298028
-0.75336 0.298455
-0.74752 0.297022
-0.74168 0.297831
-0.73584 0.297615
-0.73 0.297623
-0.72416 0.298138
-0.71832 0.298045
-0.71248 0.2983
-0.70664 0.300166
-0.7008 0.300884
-0.69496 0.301898
-0.68912 0.302833
-0.68328 0.304058
-0.67744 0.3052
-0.6716 0.306636
-0.66576 0.307812
-0.65992 0.308311
-0.65408 0.307805
-0.64824 0.308768
-0.6424 0.309762
-0.63656 0.310969
-0.63072 0.310869
-0.62488 0.311525
-0.61904 0.310108
-0.6132 0.31004
-0.60736 0.309968
-0.60152 0.310273
-0.59568 0.310273
-0.58984 0.310273
-0.584 0.310273
-0.57816 0.310273
-0.57232 0.310273
-0.56648 0.310273
-0.56064 0.310273
-0.5548 0.310273
-0.54896 0.310273
-0.54312 0.310273
-0.53728 0.310273
-0.53144 0.310273
-0.5256 0.310273
-0.51976 0.310273
-0.51392 0.310273
-0.50808 0.310273
-0.50224 0.310273
-0.4964 0.310273
-0.49056 0.310273
-0.48472 0.310273
-0.47888 0.310273
-0.47304 0.310273
-0.4672 0.310273
-0.46136 0.310273
-0.45552 0.310273
-0.44968 0.310273
-0.44384 0.310273
-0.438 0.310273
-0.43216 0.310273
-0.42632 0.310273
-0.42048 0.310273
-0.41464 0.310273
-0.4088 0.310273
-0.40296 0.310273
-0.39712 0.310273
-0.39128 0.310273
-0.38544 0.310273
-0.3796 0.310273
-0.37376 0.310273
-0.36792 0.310273
-0.36208 0.310273
-0.35624 0.310273
-0.3504 0.310273
-0.34456 0.310273
-0.33872 0.310273
-0.33288 0.310273
-0.32704 0.310273
-0.3212 0.310273
-0.31536 0.310273
-0.30952 0.310273
-0.30368 0.310273
-0.29784 0.310273
-0.292 0.310273
-0.28616 0.310273
-0.28032 0.310273
-0.27448 0.310273
-0.26864 0.310273
-0.2628 0.310273
-0.25696 0.310273
-0.25112 0.310273
-0.24528 0.310273
-0.23944 0.310273
-0.2336 0.310273
-0.22776 0.310273
-0.22192 0.310273
-0.21608 0.310273
-0.21024 0.310273
-0.2044 0.310273
-0.19856 0.310273
-0.19272 0.310273
-0.18688 0.310273
-0.18104 0.310273
-0.1752 0.310273
-0.16936 0.310273
-0.16352 0.310273
-0.15768 0.310273
-0.15184 0.310273
-0.146 0.310273
-0.14016 0.310273
-0.13432 0.310273
-0.12848 0.310273
-0.12264 0.310273
-0.1168 0.310273
-0.11096 0.310273
-0.10512 0.310273
-0.09928 0.310273
-0.09344 0.310273
-0.0876 0.310273
-0.08176 0.310273
-0.07592 0.310273
-0.07008 0.310273
-0.06424 0.310273
-0.0584 0.310273
-0.05256 0.310273
-0.04672 0.310273
-0.04088 0.310273
-0.03504 0.310273
-0.0292 0.310273
-0.02336 0.310273
-0.01752 0.310273
-0.01168 0.310273
-0.00584 0.310273
