-2.92 0.319339
-2.91416 0.319339
-2.90832 0.319339
-2.90248 0.319339
-2.89664 0.319339
-2.8908 0.319339
-2.88496 0.319339
-2.87912 0.319339
-2.87328 0.319339
-2.86744 0.319339
-2.8616 0.319339
-2.85576 0.319339
-2.84992 0.319339
-2.84408 0.319339
-2.83824 0.319339
-2.8324 0.319339
-2.82656 0.319339
-2.82072 0.319339
-2.81488 0.319339
-2.80904 0.319339
-2.8032 0.319339
-2.79736 0.319339
-2.79152 0.319339
-2.78568 0.319339
-2.77984 0.319339
-2.774 0.319339
-2.76816 0.319339
-2.76232 0.319339
-2.75648 0.319339
-2.75064 0.319339
-2.7448 0.319339
-2.73896 0.319339
-2.73312 0.319339
-2.72728 0.319339
-2.72144 0.319339
-2.7156 0.319339
-2.70976 0.319339
-2.70392 0.319339
-2.69808 0.319339
-2.69224 0.319339
-2.6864 0.319339
-2.68056 0.319339
-2.67472 0.319339
-2.66888 0.319339
-2.66304 0.319339
-2.6572 0.319339
-2.65136 0.319339
-2.64552 0.319339
-2.63968 0.319339
-2.63384 0.319339
-2.628 0.319339
-2.62216 0.319339
-2.61632 0.319339
-2.61048 0.319339
-2.60464 0.319339
-2.5988 0.319339
-2.59296 0.318894
-2.58712 0.318275
-2.58128 0.31757
-2.57544 0.316774
-2.5696 0.316022
-2.56376 0.315184
-2.55792 0.314257
-2.55208 0.313327
-2.54624 0.312266
-2.5404 0.311116
-2.53456 0.309922
-2.52872 0.308727
-2.52288 0.30762
-2.51704 0.306423
-2.5112 0.30514
-2.50536 0.303766
-2.49952 0.302391
-2.49368 0.300975
-2.48784 0.299647
-2.482 0.29832
-2.47616 0.296816
-2.47032 0.295266
-2.46448 0.293716
-2.45864 0.292122
-2.4528 0.290485
-2.44696 0.288804
-2.44112 0.287165
-2.43528 0.285439
-2.42944 0.283713
-2.4236 0.2819
-2.41776 0.280086
-2.41192 0.278358
-2.40608 0.276498
-2.40024 0.274682
-2.3944 0.272777
-2.38856 0.270961
-2.38272 0.269101
-2.37688 0.26724
-2.37104 0.26538
-2.3652 0.263475
-2.35936 0.261527
-2.35352 0.259665
-2.34768 0.25776
-2.34184 0.255809
-2.336 0.253939
-2.33016 0.252031
-2.32432 0.250202
-2.31848 0.248243
-2.31264 0.246327
-2.3068 0.24458
-2.30096 0.242961
-2.29512 0.24147
-2.28928 0.239805
-2.28344 0.238142
-2.2776 0.236304
-2.27176 0.235154
-2.26592 0.234379
-2.26008 0.232805
-2.25424 0.231899
-2.2484 0.230904
-2.24256 0.229785
-2.23672 0.228798
-2.23088 0.228061
-2.22504 0.227237
-2.2192 0.226038
-2.21336 0.225215
-2.20752 0.22503
-2.20168 0.223447
-2.19584 0.221612
-2.19 0.220624
-2.18416 0.219293
-2.17832 0.219233
-2.17248 0.218964
-2.16664 0.216911
-2.1608 0.21622
-2.15496 0.215274
-2.14912 0.213823
-2.14328 0.212582
-2.13744 0.212137
-2.1316 0.210649
-2.12576 0.210165
-2.11992 0.210025
-2.11408 0.210013
-2.10824 0.208051
-2.1024 0.207611
-2.09656 0.206239
-2.09072 0.203982
-2.08488 0.204813
-2.07904 0.205689
-2.0732 0.203769
-2.06736 0.202908
-2.06152 0.202218
-2.05568 0.199964
-2.04984 0.203427
-2.044 0.201894
-2.03816 0.198329
-2.03232 0.198361
-2.02648 0.197448
-2.02064 0.19634
-2.0148 0.19738
-2.00896 0.195134
-2.00312 0.195072
-1.99728 0.196121
-1.99144 0.195906
-1.9856 0.194875
-1.97976 0.193639
-1.97392 0.191339
-1.96808 0.193362
-1.96224 0.190766
-1.9564 0.191011
-1.95056 0.190663
-1.94472 0.19112
-1.93888 0.18776
-1.93304 0.187334
-1.9272 0.187021
-1.92136 0.18421
-1.91552 0.181238
-1.90968 0.180386
-1.90384 0.178802
-1.898 0.175231
-1.89216 0.174717
-1.88632 0.172097
-1.88048 0.170117
-1.87464 0.168201
-1.8688 0.167553
-1.86296 0.161827
-1.85712 0.159649
-1.85128 0.158128
-1.84544 0.155401
-1.8396 0.153533
-1.83376 0.149216
-1.82792 0.145766
-1.82208 0.144298
-1.81624 0.142765
-1.8104 0.142306
-1.80456 0.139039
-1.79872 0.133822
-1.79288 0.131485
-1.78704 0.1301
-1.7812 0.1262
-1.77536 0.122939
-1.76952 0.120411
-1.76368 0.116548
-1.75784 0.117026
-1.752 0.113689
-1.74616 0.108179
-1.74032 0.1076
-1.73448 0.103422
-1.72864 0.102366
-1.7228 0.0996823
-1.71696 0.0978249
-1.71112 0.0909786
-1.70528 0.0915944
-1.69944 0.0885163
-1.6936 0.0858701
-1.68776 0.0833997
-1.68192 0.0797614
-1.67608 0.0780964
-1.67024 0.0746374
-1.6644 0.0733959
-1.65856 0.0714791
-1.65272 0.0709314
-1.64688 0.0711243
-1.64104 0.0695982
-1.6352 0.0699295
-1.62936 0.06964
-1.62352 0.0698047
-1.61768 0.0679486
-1.61184 0.0691561
-1.606 0.0679842
-1.60016 0.0653041
-1.59432 0.0677807
-1.58848 0.0671298
-1.58264 0.0661898
-1.5768 0.0677422
-1.57096 0.0662861
-1.56512 0.0671081
-1.55928 0.067648
-1.55344 0.0691009
-1.5476 0.0706191
-1.54176 0.0726025
-1.53592 0.0736154
-1.53008 0.0736689
-1.52424 0.0728826
-1.5184 0.0742983
-1.51256 0.0764152
-1.50672 0.0728503
-1.50088 0.0752487
-1.49504 0.0808383
-1.4892 0.0823234
-1.48336 0.0820623
-1.47752 0.0838926
-1.47168 0.083463
-1.46584 0.0842975
-1.46 0.0894315
-1.45416 0.0914296
-1.44832 0.0897323
-1.44248 0.0958774
-1.43664 0.0975502
-1.4308 0.0990214
-1.42496 0.101336
-1.41912 0.104161
-1.41328 0.107983
-1.40744 0.110096
-1.4016 0.109913
-1.39576 0.114849
-1.38992 0.119118
-1.38408 0.114181
-1.37824 0.119384
-1.3724 0.122169
-1.36656 0.125052
-1.36072 0.127333
-1.35488 0.130158
-1.34904 0.131578
-1.3432 0.136115
-1.33736 0.139235
-1.33152 0.142559
-1.32568 0.148674
-1.31984 0.150694
-1.314 0.15066
-1.30816 0.152079
-1.30232 0.155329
-1.29648 0.158862
-1.29064 0.162013
-1.2848 0.164792
-1.27896 0.16977
-1.27312 0.172355
-1.26728 0.17787
-1.26144 0.177572
-1.2556 0.182265
-1.24976 0.18568
-1.24392 0.190536
-1.23808 0.189094
-1.23224 0.193622
-1.2264 0.196753
-1.22056 0.19972
-1.21472 0.201564
-1.20888 0.206586
-1.20304 0.208446
-1.1972 0.212694
-1.19136 0.217558
-1.18552 0.219226
-1.17968 0.220182
-1.17384 0.225343
-1.168 0.225744
-1.16216 0.224958
-1.15632 0.228358
-1.15048 0.231994
-1.14464 0.234295
-1.1388 0.236381
-1.13296 0.238948
-1.12712 0.243477
-1.12128 0.246943
-1.11544 0.251516
-1.1096 0.253169
-1.10376 0.259393
-1.09792 0.260927
-1.09208 0.263933
-1.08624 0.264177
-1.0804 0.265899
-1.07456 0.27034
-1.06872 0.269266
-1.06288 0.273354
-1.05704 0.282291
-1.0512 0.285294
-1.04536 0.287633
-1.03952 0.289709
-1.03368 0.291337
-1.02784 0.292699
-1.022 0.298866
-1.01616 0.300964
-1.01032 0.302524
-1.00448 0.309221
-0.99864 0.309764
-0.9928 0.31239
-0.98696 0.313981
-0.98112 0.317146
-0.97528 0.320444
-0.96944 0.322432
-0.9636 0.32427
-0.95776 0.327427
-0.95192 0.330568
-0.94608 0.32738
-0.94024 0.331281
-0.9344 0.335115
-0.92856 0.336863
-0.92272 0.338893
-0.91688 0.340419
-0.91104 0.343465
-0.9052 0.34744
-0.89936 0.350709
-0.89352 0.353027
-0.88768 0.357169
-0.88184 0.359406
-0.876 0.360168
-0.87016 0.360529
-0.86432 0.362158
-0.85848 0.364816
-0.85264 0.367053
-0.8468 0.369463
-0.84096 0.373661
-0.83512 0.376407
-0.82928 0.378258
-0.82344 0.378765
-0.8176 0.381159
-0.81176 0.383311
-0.80592 0.386727
-0.80008 0.385707
-0.79424 0.388025
-0.7884 0.389783
-0.78256 0.390192
-0.77672 0.390313
-0.77088 0.392957
-0.76504 0.391931
-0.7592 0.394288
-0.75336 0.394388
-0.74752 0.394753
-0.74168 0.395664
-0.73584 0.396729
-0.73 0.395121
-0.72416 0.393837
-0.71832 0.394702
-0.71248 0.395812
-0.70664 0.395828
-0.7008 0.397755
-0.69496 0.397445
-0.68912 0.398743
-0.68328 0.398668
-0.67744 0.400617
-0.6716 0.402441
-0.66576 0.40295
-0.65992 0.403837
-0.65408 0.40475
-0.64824 0.40358
-0.6424 0.403862
-0.63656 0.405114
-0.63072 0.406243
-0.62488 0.40715
-0.61904 0.409364
-0.6132 0.409719
-0.60736 0.409944
-0.60152 0.409618
-0.59568 0.409618
-0.58984 0.409618
-0.584 0.409618
-0.57816 0.409618
-0.57232 0.409618
-0.56648 0.409618
-0.56064 0.409618
-0.5548 0.409618
-0.54896 0.409618
-0.54312 0.409618
-0.53728 0.409618
-0.53144 0.409618
-0.5256 0.409618
-0.51976 0.409618
-0.51392 0.409618
-0.50808 0.409618
-0.50224 0.409618
-0.4964 0.409618
-0.49056 0.409618
-0.48472 0.409618
-0.47888 0.409618
-0.47304 0.409618
-0.4672 0.409618
-0.46136 0.409618
-0.45552 0.409618
-0.44968 0.409618
-0.44384 0.409618
-0.438 0.409618
-0.43216 0.409618
-0.42632 0.409618
-0.42048 0.409618
-0.41464 0.409618
-0.4088 0.409618
-0.40296 0.409618
-0.39712 0.409618
-0.39128 0.409618
-0.38544 0.409618
-0.3796 0.409618
-0.37376 0.409618
-0.36792 0.409618
-0.36208 0.409618
-0.35624 0.409618
-0.3504 0.409618
-0.34456 0.409618
-0.33872 0.409618
-0.33288 0.409618
-0.32704 0.409618
-0.3212 0.409618
-0.31536 0.409618
-0.30952 0.409618
-0.30368 0.409618
-0.29784 0.409618
-0.292 0.409618
-0.28616 0.409618
-0.28032 0.409618
-0.27448 0.409618
-0.26864 0.409618
-0.2628 0.409618
-0.25696 0.409618
-0.25112 0.409618
-0.24528 0.409618
-0.23944 0.409618
-0.2336 0.409618
-0.22776 0.409618
-0.22192 0.409618
-0.21608 0.409618
-0.21024 0.409618
-0.2044 0.409618
-0.19856 0.409618
-0.19272 0.409618
-0.18688 0.409618
-0.18104 0.409618
-0.1752 0.409618
-0.16936 0.409618
-0.16352 0.409618
-0.15768 0.409618
-0.15184 0.409618
-0.146 0.409618
-0.14016 0.409618
-0.13432 0.409618
-0.12848 0.409618
-0.12264 0.409618
-0.1168 0.409618
-0.11096 0.409618
-0.10512 0.409618
-0.09928 0.409618
-0.09344 0.409618
-0.0876 0.409618
-0.08176 0.409618
-0.07592 0.409618
-0.07008 0.409618
-0.06424 0.409618
-0.0584 0.409618
-0.05256 0.409618
-0.04672 0.409618
-0.04088 0.409618
-0.03504 0.409618
-0.0292 0.409618
-0.02336 0.409618
-0.01752 0.409618
-0.01168 0.409618
-0.00584 0.409618
