-2.92 0.348029
-2.91416 0.348029
-2.90832 0.348029
-2.90248 0.348029
-2.89664 0.348029
-2.8908 0.348029
-2.88496 0.348029
-2.87912 0.348029
-2.87328 0.348029
-2.86744 0.348029
-2.8616 0.348029
-2.85576 0.348029
-2.84992 0.348029
-2.84408 0.348029
-2.83824 0.348029
-2.8324 0.348029
-2.82656 0.348029
-2.82072 0.348029
-2.81488 0.348029
-2.80904 0.348029
-2.8032 0.348029
-2.79736 0.348029
-2.79152 0.348029
-2.78568 0.348029
-2.77984 0.348029
-2.774 0.348029
-2.76816 0.348029
-2.76232 0.348029
-2.75648 0.348029
-2.75064 0.348029
-2.7448 0.348029
-2.73896 0.348029
-2.73312 0.348029
-2.72728 0.348029
-2.72144 0.348029
-2.7156 0.348029
-2.70976 0.348029
-2.70392 0.348029
-2.69808 0.348029
-2.69224 0.348029
-2.6864 0.348029
-2.68056 0.348029
-2.67472 0.348029
-2.66888 0.348029
-2.66304 0.348029
-2.6572 0.348029
-2.65136 0.348029
-2.64552 0.348029
-2.63968 0.348029
-2.63384 0.348029
-2.628 0.348029
-2.62216 0.348029
-2.61632 0.348029
-2.61048 0.348029
-2.60464 0.348029
-2.5988 0.348029
-2.59296 0.347634
-2.58712 0.347151
-2.58128 0.346581
-2.57544 0.345922
-2.5696 0.345307
-2.56376 0.344516
-2.55792 0.343636
-2.55208 0.342667
-2.54624 0.34161
-2.5404 0.34051
-2.53456 0.339408
-2.52872 0.338219
-2.52288 0.337028
-2.51704 0.335836
-2.5112 0.334512
-2.50536 0.333188
-2.49952 0.331774
-2.49368 0.330317
-2.48784 0.328772
-2.482 0.327317
-2.47616 0.325725
-2.47032 0.324089
-2.46448 0.322408
-2.45864 0.320686
-2.4528 0.318921
-2.44696 0.317154
-2.44112 0.315344
-2.43528 0.313447
-2.42944 0.311549
-2.4236 0.309651
-2.41776 0.307708
-2.41192 0.305764
-2.40608 0.303734
-2.40024 0.301791
-2.3944 0.299629
-2.38856 0.297601
-2.38272 0.295527
-2.37688 0.293409
-2.37104 0.291291
-2.3652 0.289172
-2.35936 0.287008
-2.35352 0.284886
-2.34768 0.282723
-2.34184 0.280472
-2.336 0.278133
-2.33016 0.276214
-2.32432 0.273964
-2.31848 0.272001
-2.31264 0.269743
-2.3068 0.268154
-2.30096 0.266064
-2.29512 0.263932
-2.28928 0.262388
-2.28344 0.260718
-2.2776 0.259089
-2.27176 0.25726
-2.26592 0.255802
-2.26008 0.253843
-2.25424 0.252465
-2.2484 0.251338
-2.24256 0.247653
-2.23672 0.247325
-2.23088 0.244602
-2.22504 0.242638
-2.2192 0.239535
-2.21336 0.237652
-2.20752 0.235521
-2.20168 0.23183
-2.19584 0.230453
-2.19 0.227014
-2.18416 0.224125
-2.17832 0.221193
-2.17248 0.219904
-2.16664 0.217057
-2.1608 0.213747
-2.15496 0.210898
-2.14912 0.209606
-2.14328 0.206374
-2.13744 0.202642
-2.1316 0.199077
-2.12576 0.197493
-2.11992 0.194177
-2.11408 0.192167
-2.10824 0.188894
-2.1024 0.186173
-2.09656 0.183656
-2.09072 0.181268
-2.08488 0.179258
-2.07904 0.175898
-2.0732 0.173342
-2.06736 0.171082
-2.06152 0.168317
-2.05568 0.166018
-2.04984 0.163081
-2.044 0.161125
-2.03816 0.158524
-2.03232 0.155673
-2.02648 0.153748
-2.02064 0.151318
-2.0148 0.148636
-2.00896 0.145956
-2.00312 0.144366
-1.99728 0.141857
-1.99144 0.140731
-1.9856 0.138434
-1.97976 0.136978
-1.97392 0.136913
-1.96808 0.134361
-1.96224 0.134933
-1.9564 0.133807
-1.95056 0.131472
-1.94472 0.132429
-1.93888 0.13102
-1.93304 0.129769
-1.9272 0.129802
-1.92136 0.130492
-1.91552 0.129121
-1.90968 0.129102
-1.90384 0.126431
-1.898 0.128214
-1.89216 0.127996
-1.88632 0.127846
-1.88048 0.128292
-1.87464 0.126846
-1.8688 0.127103
-1.86296 0.129265
-1.85712 0.126536
-1.85128 0.126941
-1.84544 0.126585
-1.8396 0.126358
-1.83376 0.126381
-1.82792 0.128174
-1.82208 0.129371
-1.81624 0.127994
-1.8104 0.127666
-1.80456 0.128718
-1.79872 0.129333
-1.79288 0.129941
-1.78704 0.129505
-1.7812 0.127294
-1.77536 0.129312
-1.76952 0.130128
-1.76368 0.131901
-1.75784 0.132004
-1.752 0.132387
-1.74616 0.133865
-1.74032 0.134207
-1.73448 0.135549
-1.72864 0.136814
-1.7228 0.137225
-1.71696 0.136209
-1.71112 0.140214
-1.70528 0.140428
-1.69944 0.141352
-1.6936 0.141957
-1.68776 0.141794
-1.68192 0.142705
-1.67608 0.143812
-1.67024 0.14158
-1.6644 0.145949
-1.65856 0.143158
-1.65272 0.143358
-1.64688 0.144629
-1.64104 0.145994
-1.6352 0.145671
-1.62936 0.144771
-1.62352 0.144976
-1.61768 0.145567
-1.61184 0.14941
-1.606 0.153318
-1.60016 0.15311
-1.59432 0.155477
-1.58848 0.156162
-1.58264 0.159193
-1.5768 0.158861
-1.57096 0.162905
-1.56512 0.163592
-1.55928 0.164854
-1.55344 0.170974
-1.5476 0.172636
-1.54176 0.173347
-1.53592 0.176042
-1.53008 0.176661
-1.52424 0.17946
-1.5184 0.18149
-1.51256 0.185526
-1.50672 0.186306
-1.50088 0.188404
-1.49504 0.191612
-1.4892 0.197314
-1.48336 0.197214
-1.47752 0.197421
-1.47168 0.204027
-1.46584 0.198825
-1.46 0.208059
-1.45416 0.210043
-1.44832 0.215562
-1.44248 0.215801
-1.43664 0.216921
-1.4308 0.219855
-1.42496 0.226278
-1.41912 0.224235
-1.41328 0.231563
-1.40744 0.229034
-1.4016 0.233594
-1.39576 0.235854
-1.38992 0.235448
-1.38408 0.245322
-1.37824 0.242673
-1.3724 0.248053
-1.36656 0.253024
-1.36072 0.249658
-1.35488 0.254238
-1.34904 0.253876
-1.3432 0.253299
-1.33736 0.257991
-1.33152 0.264329
-1.32568 0.268428
-1.31984 0.268688
-1.314 0.270055
-1.30816 0.273251
-1.30232 0.278516
-1.29648 0.279673
-1.29064 0.279814
-1.2848 0.282832
-1.27896 0.285316
-1.27312 0.289872
-1.26728 0.291734
-1.26144 0.290608
-1.2556 0.290882
-1.24976 0.298211
-1.24392 0.301134
-1.23808 0.301225
-1.23224 0.30354
-1.2264 0.307517
-1.22056 0.309018
-1.21472 0.311571
-1.20888 0.314241
-1.20304 0.319228
-1.1972 0.32091
-1.19136 0.320304
-1.18552 0.323244
-1.17968 0.325903
-1.17384 0.332664
-1.168 0.336922
-1.16216 0.335313
-1.15632 0.338411
-1.15048 0.34015
-1.14464 0.341276
-1.1388 0.343767
-1.13296 0.347553
-1.12712 0.346454
-1.12128 0.348809
-1.11544 0.354644
-1.1096 0.35736
-1.10376 0.355793
-1.09792 0.359294
-1.09208 0.358736
-1.08624 0.360296
-1.0804 0.362723
-1.07456 0.366258
-1.06872 0.367841
-1.06288 0.367926
-1.05704 0.369973
-1.0512 0.374738
-1.04536 0.372068
-1.03952 0.371457
-1.03368 0.377811
-1.02784 0.369095
-1.022 0.374146
-1.01616 0.373867
-1.01032 0.376302
-1.00448 0.374676
-0.99864 0.373618
-0.9928 0.373174
-0.98696 0.377342
-0.98112 0.373054
-0.97528 0.377991
-0.96944 0.373373
-0.9636 0.374284
-0.95776 0.375417
-0.95192 0.372445
-0.94608 0.377567
-0.94024 0.374889
-0.9344 0.37553
-0.92856 0.376318
-0.92272 0.372458
-0.91688 0.374137
-0.91104 0.37015
-0.9052 0.369756
-0.89936 0.371863
-0.89352 0.374508
-0.88768 0.375223
-0.88184 0.374527
-0.876 0.374286
-0.87016 0.371295
-0.86432 0.373564
-0.85848 0.373268
-0.85264 0.37245
-0.8468 0.373947
-0.84096 0.373318
-0.83512 0.372344
-0.82928 0.372993
-0.82344 0.369234
-0.8176 0.37128
-0.81176 0.370429
-0.80592 0.370786
-0.80008 0.370536
-0.79424 0.369605
-0.7884 0.37078
-0.78256 0.370131
-0.77672 0.369543
-0.77088 0.369186
-0.76504 0.371022
-0.7592 0.370647
-0.75336 0.370947
-0.74752 0.371682
-0.74168 0.371981
-0.73584 0.372549
-0.73 0.373166
-0.72416 0.374246
-0.71832 0.375096
-0.71248 0.37495
-0.70664 0.37552
-0.7008 0.377177
-0.69496 0.377489
-0.68912 0.378225
-0.68328 0.379421
-0.67744 0.3831
-0.6716 0.384711
-0.66576 0.385727
-0.65992 0.386247
-0.65408 0.386333
-0.64824 0.387473
-0.6424 0.389404
-0.63656 0.390663
-0.63072 0.391913
-0.62488 0.391523
-0.61904 0.39142
-0.6132 0.391277
-0.60736 0.390706
-0.60152 0.391227
-0.59568 0.391227
-0.58984 0.391227
-0.584 0.391227
-0.57816 0.391227
-0.57232 0.391227
-0.56648 0.391227
-0.56064 0.391227
-0.5548 0.391227
-0.54896 0.391227
-0.54312 0.391227
-0.53728 0.391227
-0.53144 0.391227
-0.5256 0.391227
-0.51976 0.391227
-0.51392 0.391227
-0.50808 0.391227
-0.50224 0.391227
-0.4964 0.391227
-0.49056 0.391227
-0.48472 0.391227
-0.47888 0.391227
-0.47304 0.391227
-0.4672 0.391227
-0.46136 0.391227
-0.45552 0.391227
-0.44968 0.391227
-0.44384 0.391227
-0.438 0.391227
-0.43216 0.391227
-0.42632 0.391227
-0.42048 0.391227
-0.41464 0.391227
-0.4088 0.391227
-0.40296 0.391227
-0.39712 0.391227
-0.39128 0.391227
-0.38544 0.391227
-0.3796 0.391227
-0.37376 0.391227
-0.36792 0.391227
-0.36208 0.391227
-0.35624 0.391227
-0.3504 0.391227
-0.34456 0.391227
-0.33872 0.391227
-0.33288 0.391227
-0.32704 0.391227
-0.3212 0.391227
-0.31536 0.391227
-0.30952 0.391227
-0.30368 0.391227
-0.29784 0.391227
-0.292 0.391227
-0.28616 0.391227
-0.28032 0.391227
-0.27448 0.391227
-0.26864 0.391227
-0.2628 0.391227
-0.25696 0.391227
-0.25112 0.391227
-0.24528 0.391227
-0.23944 0.391227
-0.2336 0.391227
-0.22776 0.391227
-0.22192 0.391227
-0.21608 0.391227
-0.21024 0.391227
-0.2044 0.391227
-0.19856 0.391227
-0.19272 0.391227
-0.18688 0.391227
-0.18104 0.391227
-0.1752 0.391227
-0.16936 0.391227
-0.16352 0.391227
-0.15768 0.391227
-0.15184 0.391227
-0.146 0.391227
-0.14016 0.391227
-0.13432 0.391227
-0.12848 0.391227
-0.12264 0.391227
-0.1168 0.391227
-0.11096 0.391227
-0.10512 0.391227
-0.09928 0.391227
-0.09344 0.391227
-0.0876 0.391227
-0.08176 0.391227
-0.07592 0.391227
-0.07008 0.391227
-0.06424 0.391227
-0.0584 0.391227
-0.05256 0.391227
-0.04672 0.391227
-0.04088 0.391227
-0.03504 0.391227
-0.0292 0.391227
-0.02336 0.391227
-0.01752 0.391227
-0.01168 0.391227
-0.00584 0.391227
