-2.92 0.392158
-2.91416 0.392158
-2.90832 0.392158
-2.90248 0.392158
-2.89664 0.392158
-2.8908 0.392158
-2.88496 0.392158
-2.87912 0.392158
-2.87328 0.392158
-2.86744 0.392158
-2.8616 0.392158
-2.85576 0.392158
-2.84992 0.392158
-2.84408 0.392158
-2.83824 0.392158
-2.8324 0.392158
-2.82656 0.392158
-2.82072 0.392158
-2.81488 0.392158
-2.80904 0.392158
-2.8032 0.392158
-2.79736 0.392158
-2.79152 0.392158
-2.78568 0.392158
-2.77984 0.392158
-2.774 0.392158
-2.76816 0.392158
-2.76232 0.392158
-2.75648 0.392158
-2.75064 0.392158
-2.7448 0.392158
-2.73896 0.392158
-2.73312 0.392158
-2.72728 0.392158
-2.72144 0.392158
-2.7156 0.392158
-2.70976 0.392158
-2.70392 0.392158
-2.69808 0.392158
-2.69224 0.392158
-2.6864 0.392158
-2.68056 0.392158
-2.67472 0.392158
-2.66888 0.392158
-2.66304 0.392158
-2.6572 0.392158
-2.65136 0.392158
-2.64552 0.392158
-2.63968 0.392158
-2.63384 0.392158
-2.628 0.392158
-2.62216 0.392158
-2.61632 0.392158
-2.61048 0.392158
-2.60464 0.392158
-2.5988 0.392158
-2.59296 0.391584
-2.58712 0.390654
-2.58128 0.389678
-2.57544 0.388614
-2.5696 0.387549
-2.56376 0.38635
-2.55792 0.385106
-2.55208 0.383818
-2.54624 0.382485
-2.5404 0.38102
-2.53456 0.379555
-2.52872 0.378089
-2.52288 0.376538
-2.51704 0.375026
-2.5112 0.37356
-2.50536 0.372093
-2.49952 0.370625
-2.49368 0.369156
-2.48784 0.367688
-2.482 0.366395
-2.47616 0.364792
-2.47032 0.363102
-2.46448 0.361367
-2.45864 0.359545
-2.4528 0.357635
-2.44696 0.355639
-2.44112 0.353642
-2.43528 0.351557
-2.42944 0.349517
-2.4236 0.347433
-2.41776 0.345347
-2.41192 0.343172
-2.40608 0.341039
-2.40024 0.338819
-2.3944 0.336554
-2.38856 0.334247
-2.38272 0.331982
-2.37688 0.329719
-2.37104 0.327454
-2.3652 0.325234
-2.35936 0.322834
-2.35352 0.320479
-2.34768 0.318081
-2.34184 0.315639
-2.336 0.313153
-2.33016 0.311255
-2.32432 0.30881
-2.31848 0.306528
-2.31264 0.304541
-2.3068 0.302388
-2.30096 0.30019
-2.29512 0.298078
-2.28928 0.296507
-2.28344 0.294016
-2.2776 0.292904
-2.27176 0.291087
-2.26592 0.289146
-2.26008 0.287667
-2.25424 0.284622
-2.2484 0.283547
-2.24256 0.282351
-2.23672 0.280187
-2.23088 0.278693
-2.22504 0.27699
-2.2192 0.274694
-2.21336 0.272151
-2.20752 0.271073
-2.20168 0.269112
-2.19584 0.266523
-2.19 0.265113
-2.18416 0.264289
-2.17832 0.260564
-2.17248 0.260498
-2.16664 0.258153
-2.1608 0.254479
-2.15496 0.253695
-2.14912 0.252577
-2.14328 0.252514
-2.13744 0.249332
-2.1316 0.248549
-2.12576 0.245287
-2.11992 0.242314
-2.11408 0.243432
-2.10824 0.240542
-2.1024 0.239719
-2.09656 0.236707
-2.09072 0.236011
-2.08488 0.234561
-2.07904 0.232896
-2.0732 0.233009
-2.06736 0.228049
-2.06152 0.228379
-2.05568 0.229079
-2.04984 0.224807
-2.044 0.225095
-2.03816 0.225249
-2.03232 0.222277
-2.02648 0.220949
-2.02064 0.219163
-2.0148 0.217116
-2.00896 0.218495
-2.00312 0.216787
-1.99728 0.21731
-1.99144 0.213965
-1.9856 0.214163
-1.97976 0.211147
-1.97392 0.212061
-1.96808 0.208328
-1.96224 0.20811
-1.9564 0.206869
-1.95056 0.204958
-1.94472 0.201734
-1.93888 0.198767
-1.93304 0.196345
-1.9272 0.193089
-1.92136 0.191947
-1.91552 0.191596
-1.90968 0.185333
-1.90384 0.183262
-1.898 0.179664
-1.89216 0.178551
-1.88632 0.175346
-1.88048 0.172726
-1.87464 0.169176
-1.8688 0.165973
-1.86296 0.162419
-1.85712 0.161495
-1.85128 0.161026
-1.84544 0.154066
-1.8396 0.151327
-1.83376 0.151882
-1.82792 0.149651
-1.82208 0.146498
-1.81624 0.140879
-1.8104 0.135319
-1.80456 0.134195
-1.79872 0.131198
-1.79288 0.126238
-1.78704 0.125907
-1.7812 0.12233
-1.77536 0.119229
-1.76952 0.115401
-1.76368 0.114871
-1.75784 0.109579
-1.752 0.108787
-1.74616 0.102475
-1.74032 0.101794
-1.73448 0.0966213
-1.72864 0.0944637
-1.7228 0.0911165
-1.71696 0.0897438
-1.71112 0.084855
-1.70528 0.083205
-1.69944 0.0807151
-1.6936 0.0775905
-1.68776 0.0759498
-1.68192 0.073135
-1.67608 0.0707081
-1.67024 0.0701035
-1.6644 0.068331
-1.65856 0.0660574
-1.65272 0.0673746
-1.64688 0.0637954
-1.64104 0.0629615
-1.6352 0.0638591
-1.62936 0.061545
-1.62352 0.0622075
-1.61768 0.0627839
-1.61184 0.0631548
-1.606 0.0624671
-1.60016 0.0640786
-1.59432 0.06601
-1.58848 0.0634104
-1.58264 0.0659951
-1.5768 0.0641466
-1.57096 0.0666958
-1.56512 0.0651766
-1.55928 0.066941
-1.55344 0.0679001
-1.5476 0.0684118
-1.54176 0.0684117
-1.53592 0.0722481
-1.53008 0.07021
-1.52424 0.0703447
-1.5184 0.0696922
-1.51256 0.0720225
-1.50672 0.072973
-1.50088 0.0749919
-1.49504 0.0734627
-1.4892 0.078517
-1.48336 0.0775568
-1.47752 0.0800803
-1.47168 0.0822531
-1.46584 0.0862129
-1.46 0.0892914
-1.45416 0.0928867
-1.44832 0.0967188
-1.44248 0.0982003
-1.43664 0.0991695
-1.4308 0.101113
-1.42496 0.104538
-1.41912 0.106079
-1.41328 0.108622
-1.40744 0.112728
-1.4016 0.113453
-1.39576 0.114962
-1.38992 0.118661
-1.38408 0.122695
-1.37824 0.123122
-1.3724 0.126863
-1.36656 0.131052
-1.36072 0.134125
-1.35488 0.131615
-1.34904 0.134106
-1.3432 0.136344
-1.33736 0.139275
-1.33152 0.14142
-1.32568 0.144268
-1.31984 0.147355
-1.314 0.147619
-1.30816 0.153133
-1.30232 0.15331
-1.29648 0.152971
-1.29064 0.158408
-1.2848 0.16031
-1.27896 0.16399
-1.27312 0.168256
-1.26728 0.170517
-1.26144 0.172247
-1.2556 0.176784
-1.24976 0.179422
-1.24392 0.183136
-1.23808 0.189039
-1.23224 0.189892
-1.2264 0.193843
-1.22056 0.196378
-1.21472 0.200785
-1.20888 0.20383
-1.20304 0.202996
-1.1972 0.207066
-1.19136 0.209763
-1.18552 0.211608
-1.17968 0.214343
-1.17384 0.218137
-1.168 0.220369
-1.16216 0.223712
-1.15632 0.227649
-1.15048 0.226387
-1.14464 0.230503
-1.1388 0.229553
-1.13296 0.233775
-1.12712 0.232658
-1.12128 0.238332
-1.11544 0.239259
-1.1096 0.242651
-1.10376 0.245867
-1.09792 0.249002
-1.09208 0.249385
-1.08624 0.252008
-1.0804 0.252575
-1.07456 0.256208
-1.06872 0.257905
-1.06288 0.262426
-1.05704 0.261479
-1.0512 0.270017
-1.04536 0.270876
-1.03952 0.273241
-1.03368 0.277467
-1.02784 0.281661
-1.022 0.284074
-1.01616 0.28719
-1.01032 0.290787
-1.00448 0.292181
-0.99864 0.293026
-0.9928 0.295031
-0.98696 0.297944
-0.98112 0.301595
-0.97528 0.302563
-0.96944 0.305688
-0.9636 0.307134
-0.95776 0.309591
-0.95192 0.312718
-0.94608 0.314318
-0.94024 0.31488
-0.9344 0.318044
-0.92856 0.320878
-0.92272 0.323787
-0.91688 0.322029
-0.91104 0.323865
-0.9052 0.325922
-0.89936 0.327815
-0.89352 0.328756
-0.88768 0.332417
-0.88184 0.334154
-0.876 0.333759
-0.87016 0.339894
-0.86432 0.337654
-0.85848 0.33892
-0.85264 0.341618
-0.8468 0.343337
-0.84096 0.345783
-0.83512 0.347924
-0.82928 0.351069
-0.82344 0.351902
-0.8176 0.355394
-0.81176 0.35653
-0.80592 0.359646
-0.80008 0.361187
-0.79424 0.362787
-0.7884 0.363281
-0.78256 0.363942
-0.77672 0.364183
-0.77088 0.364889
-0.76504 0.36529
-0.7592 0.365786
-0.75336 0.366608
-0.74752 0.366376
-0.74168 0.365906
-0.73584 0.368626
-0.73 0.368218
-0.72416 0.367819
-0.71832 0.369186
-0.71248 0.369534
-0.70664 0.370097
-0.7008 0.367676
-0.69496 0.368192
-0.68912 0.368961
-0.68328 0.368981
-0.67744 0.369998
-0.6716 0.370474
-0.66576 0.371023
-0.65992 0.371783
-0.65408 0.372776
-0.64824 0.373871
-0.6424 0.373335
-0.63656 0.37459
-0.63072 0.375761
-0.62488 0.376758
-0.61904 0.377711
-0.6132 0.379627
-0.60736 0.379774
-0.60152 0.379704
-0.59568 0.379704
-0.58984 0.379704
-0.584 0.379704
-0.57816 0.379704
-0.57232 0.379704
-0.56648 0.379704
-0.56064 0.379704
-0.5548 0.379704
-0.54896 0.379704
-0.54312 0.379704
-0.53728 0.379704
-0.53144 0.379704
-0.5256 0.379704
-0.51976 0.379704
-0.51392 0.379704
-0.50808 0.379704
-0.50224 0.379704
-0.4964 0.379704
-0.49056 0.379704
-0.48472 0.379704
-0.47888 0.379704
-0.47304 0.379704
-0.4672 0.379704
-0.46136 0.379704
-0.45552 0.379704
-0.44968 0.379704
-0.44384 0.379704
-0.438 0.379704
-0.43216 0.379704
-0.42632 0.379704
-0.42048 0.379704
-0.41464 0.379704
-0.4088 0.379704
-0.40296 0.379704
-0.39712 0.379704
-0.39128 0.379704
-0.38544 0.379704
-0.3796 0.379704
-0.37376 0.379704
-0.36792 0.379704
-0.36208 0.379704
-0.35624 0.379704
-0.3504 0.379704
-0.34456 0.379704
-0.33872 0.379704
-0.33288 0.379704
-0.32704 0.379704
-0.3212 0.379704
-0.31536 0.379704
-0.30952 0.379704
-0.30368 0.379704
-0.29784 0.379704
-0.292 0.379704
-0.28616 0.379704
-0.28032 0.379704
-0.27448 0.379704
-0.26864 0.379704
-0.2628 0.379704
-0.25696 0.379704
-0.25112 0.379704
-0.24528 0.379704
-0.23944 0.379704
-0.2336 0.379704
-0.22776 0.379704
-0.22192 0.379704
-0.21608 0.379704
-0.21024 0.379704
-0.2044 0.379704
-0.19856 0.379704
-0.19272 0.379704
-0.18688 0.379704
-0.18104 0.379704
-0.1752 0.379704
-0.16936 0.379704
-0.16352 0.379704
-0.15768 0.379704
-0.15184 0.379704
-0.146 0.379704
-0.14016 0.379704
-0.13432 0.379704
-0.12848 0.379704
-0.12264 0.379704
-0.1168 0.379704
-0.11096 0.379704
-0.10512 0.379704
-0.09928 0.379704
-0.09344 0.379704
-0.0876 0.379704
-0.08176 0.379704
-0.07592 0.379704
-0.07008 0.379704
-0.06424 0.379704
-0.0584 0.379704
-0.05256 0.379704
-0.04672 0.379704
-0.04088 0.379704
-0.03504 0.379704
-0.0292 0.379704
-0.02336 0.379704
-0.01752 0.379704
-0.01168 0.379704
-0.00584 0.379704
