-2.92 0.365543
-2.91416 0.365543
-2.90832 0.365543
-2.90248 0.365543
-2.89664 0.365543
-2.8908 0.365543
-2.88496 0.365543
-2.87912 0.365543
-2.87328 0.365543
-2.86744 0.365543
-2.8616 0.365543
-2.85576 0.365543
-2.84992 0.365543
-2.84408 0.365543
-2.83824 0.365543
-2.8324 0.365543
-2.82656 0.365543
-2.82072 0.365543
-2.81488 0.365543
-2.80904 0.365543
-2.8032 0.365543
-2.79736 0.365543
-2.79152 0.365543
-2.78568 0.365543
-2.77984 0.365543
-2.774 0.365543
-2.76816 0.365543
-2.76232 0.365543
-2.75648 0.365543
-2.75064 0.365543
-2.7448 0.365543
-2.73896 0.365543
-2.73312 0.365543
-2.72728 0.365543
-2.72144 0.365543
-2.7156 0.365543
-2.70976 0.365543
-2.70392 0.365543
-2.69808 0.365543
-2.69224 0.365543
-2.6864 0.365543
-2.68056 0.365543
-2.67472 0.365543
-2.66888 0.365543
-2.66304 0.365543
-2.6572 0.365543
-2.65136 0.365543
-2.64552 0.365543
-2.63968 0.365543
-2.63384 0.365543
-2.628 0.365543
-2.62216 0.365543
-2.61632 0.365543
-2.61048 0.365543
-2.60464 0.365543
-2.5988 0.365543
-2.59296 0.365276
-2.58712 0.364702
-2.58128 0.364037
-2.57544 0.363329
-2.5696 0.362621
-2.56376 0.361823
-2.55792 0.360889
-2.55208 0.35991
-2.54624 0.358712
-2.5404 0.357514
-2.53456 0.356315
-2.52872 0.35516
-2.52288 0.354047
-2.51704 0.352801
-2.5112 0.351421
-2.50536 0.349996
-2.49952 0.34857
-2.49368 0.347144
-2.48784 0.345719
-2.482 0.344337
-2.47616 0.342777
-2.47032 0.341087
-2.46448 0.339308
-2.45864 0.337529
-2.4528 0.33562
-2.44696 0.333751
-2.44112 0.331882
-2.43528 0.329967
-2.42944 0.328099
-2.4236 0.326183
-2.41776 0.324226
-2.41192 0.322309
-2.40608 0.320392
-2.40024 0.318474
-2.3944 0.31638
-2.38856 0.314331
-2.38272 0.312279
-2.37688 0.310138
-2.37104 0.307955
-2.3652 0.305815
-2.35936 0.303545
-2.35352 0.301363
-2.34768 0.299094
-2.34184 0.296735
-2.336 0.294754
-2.33016 0.292524
-2.32432 0.290834
-2.31848 0.288933
-2.31264 0.286907
-2.3068 0.28518
-2.30096 0.283281
-2.29512 0.282514
-2.28928 0.28011
-2.28344 0.278501
-2.2776 0.277267
-2.27176 0.275371
-2.26592 0.274051
-2.26008 0.27316
-2.25424 0.270746
-2.2484 0.269844
-2.24256 0.267475
-2.23672 0.265861
-2.23088 0.264997
-2.22504 0.26301
-2.2192 0.262272
-2.21336 0.259527
-2.20752 0.258547
-2.20168 0.257979
-2.19584 0.255571
-2.19 0.255219
-2.18416 0.252933
-2.17832 0.251198
-2.17248 0.249961
-2.16664 0.248225
-2.1608 0.248629
-2.15496 0.245996
-2.14912 0.245731
-2.14328 0.244788
-2.13744 0.241828
-2.1316 0.242195
-2.12576 0.238817
-2.11992 0.238753
-2.11408 0.238108
-2.10824 0.235441
-2.1024 0.234287
-2.09656 0.234397
-2.09072 0.233208
-2.08488 0.231426
-2.07904 0.229606
-2.0732 0.229001
-2.06736 0.228437
-2.06152 0.226151
-2.05568 0.225387
-2.04984 0.223392
-2.044 0.223563
-2.03816 0.223673
-2.03232 0.221265
-2.02648 0.219397
-2.02064 0.219555
-2.0148 0.216805
-2.00896 0.216963
-2.00312 0.216863
-1.99728 0.212677
-1.99144 0.21297
-1.9856 0.212456
-1.97976 0.211736
-1.97392 0.210718
-1.96808 0.209406
-1.96224 0.211475
-1.9564 0.207964
-1.95056 0.204835
-1.94472 0.20293
-1.93888 0.200084
-1.93304 0.199328
-1.9272 0.197546
-1.92136 0.192606
-1.91552 0.190359
-1.90968 0.188249
-1.90384 0.187353
-1.898 0.184346
-1.89216 0.179457
-1.88632 0.178016
-1.88048 0.176531
-1.87464 0.173488
-1.8688 0.169722
-1.86296 0.17002
-1.85712 0.163181
-1.85128 0.160438
-1.84544 0.158622
-1.8396 0.157238
-1.83376 0.154257
-1.82792 0.152275
-1.82208 0.148032
-1.81624 0.146137
-1.8104 0.145089
-1.80456 0.140713
-1.79872 0.139297
-1.79288 0.132516
-1.78704 0.129997
-1.7812 0.128357
-1.77536 0.128306
-1.76952 0.123462
-1.76368 0.119717
-1.75784 0.116246
-1.752 0.1134
-1.74616 0.112108
-1.74032 0.108941
-1.73448 0.10643
-1.72864 0.104099
-1.7228 0.101134
-1.71696 0.099431
-1.71112 0.0959282
-1.70528 0.0940404
-1.69944 0.0877248
-1.6936 0.0863324
-1.68776 0.0851187
-1.68192 0.0836193
-1.67608 0.0828233
-1.67024 0.0781981
-1.6644 0.0788492
-1.65856 0.0770134
-1.65272 0.0775111
-1.64688 0.073442
-1.64104 0.0743252
-1.6352 0.075315
-1.62936 0.0728681
-1.62352 0.0765489
-1.61768 0.0765181
-1.61184 0.0757289
-1.606 0.0754252
-1.60016 0.0766898
-1.59432 0.0773823
-1.58848 0.0786196
-1.58264 0.0776549
-1.5768 0.0742207
-1.57096 0.0789507
-1.56512 0.0775032
-1.55928 0.0780691
-1.55344 0.0781093
-1.5476 0.080612
-1.54176 0.0785779
-1.53592 0.079668
-1.53008 0.0814024
-1.52424 0.0834567
-1.5184 0.081975
-1.51256 0.0825083
-1.50672 0.0848943
-1.50088 0.0844988
-1.49504 0.083895
-1.4892 0.0885196
-1.48336 0.0908422
-1.47752 0.0937378
-1.47168 0.0938228
-1.46584 0.0963329
-1.46 0.0997488
-1.45416 0.103536
-1.44832 0.108012
-1.44248 0.10838
-1.43664 0.111945
-1.4308 0.115058
-1.42496 0.116157
-1.41912 0.120995
-1.41328 0.122595
-1.40744 0.124901
-1.4016 0.126992
-1.39576 0.129597
-1.38992 0.133224
-1.38408 0.135557
-1.37824 0.138147
-1.3724 0.139358
-1.36656 0.141289
-1.36072 0.145819
-1.35488 0.144999
-1.34904 0.147222
-1.3432 0.150873
-1.33736 0.151254
-1.33152 0.157063
-1.32568 0.157131
-1.31984 0.162632
-1.314 0.160951
-1.30816 0.166063
-1.30232 0.166113
-1.29648 0.170649
-1.29064 0.173759
-1.2848 0.173141
-1.27896 0.178762
-1.27312 0.182353
-1.26728 0.184766
-1.26144 0.187215
-1.2556 0.189861
-1.24976 0.195354
-1.24392 0.200632
-1.23808 0.201675
-1.23224 0.206344
-1.2264 0.207131
-1.22056 0.211834
-1.21472 0.214367
-1.20888 0.216599
-1.20304 0.217402
-1.1972 0.218949
-1.19136 0.223911
-1.18552 0.22628
-1.17968 0.229473
-1.17384 0.230613
-1.168 0.233727
-1.16216 0.237265
-1.15632 0.241815
-1.15048 0.242028
-1.14464 0.241756
-1.1388 0.242576
-1.13296 0.247219
-1.12712 0.248604
-1.12128 0.251267
-1.11544 0.253014
-1.1096 0.256342
-1.10376 0.256941
-1.09792 0.259619
-1.09208 0.263946
-1.08624 0.268232
-1.0804 0.265093
-1.07456 0.264913
-1.06872 0.269944
-1.06288 0.271506
-1.05704 0.272131
-1.0512 0.277835
-1.04536 0.280773
-1.03952 0.284684
-1.03368 0.287207
-1.02784 0.288255
-1.022 0.292129
-1.01616 0.294395
-1.01032 0.297254
-1.00448 0.298562
-0.99864 0.302186
-0.9928 0.302904
-0.98696 0.303905
-0.98112 0.307895
-0.97528 0.308266
-0.96944 0.31126
-0.9636 0.312129
-0.95776 0.314327
-0.95192 0.316849
-0.94608 0.318668
-0.94024 0.320219
-0.9344 0.321085
-0.92856 0.323775
-0.92272 0.324846
-0.91688 0.324462
-0.91104 0.325763
-0.9052 0.330645
-0.89936 0.329331
-0.89352 0.333087
-0.88768 0.334345
-0.88184 0.337707
-0.876 0.336262
-0.87016 0.340879
-0.86432 0.339175
-0.85848 0.342035
-0.85264 0.342905
-0.8468 0.344075
-0.84096 0.346209
-0.83512 0.347336
-0.82928 0.349704
-0.82344 0.354414
-0.8176 0.354995
-0.81176 0.356701
-0.80592 0.359859
-0.80008 0.360515
-0.79424 0.362106
-0.7884 0.362305
-0.78256 0.364849
-0.77672 0.36353
-0.77088 0.364274
-0.76504 0.364757
-0.7592 0.364835
-0.75336 0.366153
-0.74752 0.366474
-0.74168 0.368134
-0.73584 0.367774
-0.73 0.368259
-0.72416 0.369289
-0.71832 0.369677
-0.71248 0.369949
-0.70664 0.370333
-0.7008 0.368285
-0.69496 0.369051
-0.68912 0.369652
-0.68328 0.37012
-0.67744 0.370924
-0.6716 0.371351
-0.66576 0.371564
-0.65992 0.372487
-0.65408 0.373146
-0.64824 0.374695
-0.6424 0.373903
-0.63656 0.375068
-0.63072 0.376063
-0.62488 0.377014
-0.61904 0.377919
-0.6132 0.379659
-0.60736 0.380009
-0.60152 0.379773
-0.59568 0.379773
-0.58984 0.379773
-0.584 0.379773
-0.57816 0.379773
-0.57232 0.379773
-0.56648 0.379773
-0.56064 0.379773
-0.5548 0.379773
-0.54896 0.379773
-0.54312 0.379773
-0.53728 0.379773
-0.53144 0.379773
-0.5256 0.379773
-0.51976 0.379773
-0.51392 0.379773
-0.50808 0.379773
-0.50224 0.379773
-0.4964 0.379773
-0.49056 0.379773
-0.48472 0.379773
-0.47888 0.379773
-0.47304 0.379773
-0.4672 0.379773
-0.46136 0.379773
-0.45552 0.379773
-0.44968 0.379773
-0.44384 0.379773
-0.438 0.379773
-0.43216 0.379773
-0.42632 0.379773
-0.42048 0.379773
-0.41464 0.379773
-0.4088 0.379773
-0.40296 0.379773
-0.39712 0.379773
-0.39128 0.379773
-0.38544 0.379773
-0.3796 0.379773
-0.37376 0.379773
-0.36792 0.379773
-0.36208 0.379773
-0.35624 0.379773
-0.3504 0.379773
-0.34456 0.379773
-0.33872 0.379773
-0.33288 0.379773
-0.32704 0.379773
-0.3212 0.379773
-0.31536 0.379773
-0.30952 0.379773
-0.30368 0.379773
-0.29784 0.379773
-0.292 0.379773
-0.28616 0.379773
-0.28032 0.379773
-0.27448 0.379773
-0.26864 0.379773
-0.2628 0.379773
-0.25696 0.379773
-0.25112 0.379773
-0.24528 0.379773
-0.23944 0.379773
-0.2336 0.379773
-0.22776 0.379773
-0.22192 0.379773
-0.21608 0.379773
-0.21024 0.379773
-0.2044 0.379773
-0.19856 0.379773
-0.19272 0.379773
-0.18688 0.379773
-0.18104 0.379773
-0.1752 0.379773
-0.16936 0.379773
-0.16352 0.379773
-0.15768 0.379773
-0.15184 0.379773
-0.146 0.379773
-0.14016 0.379773
-0.13432 0.379773
-0.12848 0.379773
-0.12264 0.379773
-0.1168 0.379773
-0.11096 0.379773
-0.10512 0.379773
-0.09928 0.379773
-0.09344 0.379773
-0.0876 0.379773
-0.08176 0.379773
-0.07592 0.379773
-0.07008 0.379773
-0.06424 0.379773
-0.0584 0.379773
-0.05256 0.379773
-0.04672 0.379773
-0.04088 0.379773
-0.03504 0.379773
-0.0292 0.379773
-0.02336 0.379773
-0.01752 0.379773
-0.01168 0.379773
-0.00584 0.379773
