-2.92 0.362774
-2.91416 0.362774
-2.90832 0.362774
-2.90248 0.362774
-2.89664 0.362774
-2.8908 0.362774
-2.88496 0.362774
-2.87912 0.362774
-2.87328 0.362774
-2.86744 0.362774
-2.8616 0.362774
-2.85576 0.362774
-2.84992 0.362774
-2.84408 0.362774
-2.83824 0.362774
-2.8324 0.362774
-2.82656 0.362774
-2.82072 0.362774
-2.81488 0.362774
-2.80904 0.362774
-2.8032 0.362774
-2.79736 0.362774
-2.79152 0.362774
-2.78568 0.362774
-2.77984 0.362774
-2.774 0.362774
-2.76816 0.362774
-2.76232 0.362774
-2.75648 0.362774
-2.75064 0.362774
-2.7448 0.362774
-2.73896 0.362774
-2.73312 0.362774
-2.72728 0.362774
-2.72144 0.362774
-2.7156 0.362774
-2.70976 0.362774
-2.70392 0.362774
-2.69808 0.362774
-2.69224 0.362774
-2.6864 0.362774
-2.68056 0.362774
-2.67472 0.362774
-2.66888 0.362774
-2.66304 0.362774
-2.6572 0.362774
-2.65136 0.362774
-2.64552 0.362774
-2.63968 0.362774
-2.63384 0.362774
-2.628 0.362774
-2.62216 0.362774
-2.61632 0.362774
-2.61048 0.362774
-2.60464 0.362774
-2.5988 0.362774
-2.59296 0.362245
-2.58712 0.361543
-2.58128 0.360752
-2.57544 0.359873
-2.5696 0.358994
-2.56376 0.358024
-2.55792 0.357008
-2.55208 0.355862
-2.54624 0.354627
-2.5404 0.353392
-2.53456 0.352157
-2.52872 0.350787
-2.52288 0.349373
-2.51704 0.347872
-2.5112 0.346329
-2.50536 0.344829
-2.49952 0.343152
-2.49368 0.341559
-2.48784 0.339923
-2.482 0.33842
-2.47616 0.336698
-2.47032 0.334889
-2.46448 0.333123
-2.45864 0.331267
-2.4528 0.329499
-2.44696 0.327642
-2.44112 0.325698
-2.43528 0.323708
-2.42944 0.321761
-2.4236 0.319727
-2.41776 0.317692
-2.41192 0.315613
-2.40608 0.313489
-2.40024 0.311369
-2.3944 0.309246
-2.38856 0.307079
-2.38272 0.304957
-2.37688 0.302747
-2.37104 0.30058
-2.3652 0.298413
-2.35936 0.296204
-2.35352 0.293995
-2.34768 0.291698
-2.34184 0.289401
-2.336 0.287819
-2.33016 0.285645
-2.32432 0.283975
-2.31848 0.282049
-2.31264 0.280037
-2.3068 0.278832
-2.30096 0.277284
-2.29512 0.275827
-2.28928 0.273658
-2.28344 0.272779
-2.2776 0.27119
-2.27176 0.269476
-2.26592 0.26731
-2.26008 0.265683
-2.25424 0.264472
-2.2484 0.263924
-2.24256 0.262467
-2.23672 0.261543
-2.23088 0.258363
-2.22504 0.258361
-2.2192 0.256771
-2.21336 0.256352
-2.20752 0.25447
-2.20168 0.252211
-2.19584 0.250873
-2.19 0.249196
-2.18416 0.249437
-2.17832 0.247394
-2.17248 0.24728
-2.16664 0.245729
-2.1608 0.245144
-2.15496 0.243588
-2.14912 0.242211
-2.14328 0.240414
-2.13744 0.239661
-2.1316 0.238697
-2.12576 0.238031
-2.11992 0.236823
-2.11408 0.236231
-2.10824 0.233595
-2.1024 0.232797
-2.09656 0.231951
-2.09072 0.231878
-2.08488 0.23155
-2.07904 0.22971
-2.0732 0.228879
-2.06736 0.22767
-2.06152 0.225872
-2.05568 0.225511
-2.04984 0.225736
-2.044 0.225143
-2.03816 0.224992
-2.03232 0.22436
-2.02648 0.222902
-2.02064 0.22251
-2.0148 0.221899
-2.00896 0.219839
-2.00312 0.219428
-1.99728 0.218641
-1.99144 0.217463
-1.9856 0.216849
-1.97976 0.21514
-1.97392 0.214392
-1.96808 0.215989
-1.96224 0.211664
-1.9564 0.212783
-1.95056 0.210505
-1.94472 0.21045
-1.93888 0.205185
-1.93304 0.203013
-1.9272 0.2004
-1.92136 0.200925
-1.91552 0.196974
-1.90968 0.192149
-1.90384 0.192066
-1.898 0.18943
-1.89216 0.186748
-1.88632 0.185895
-1.88048 0.183311
-1.87464 0.178511
-1.8688 0.177605
-1.86296 0.173528
-1.85712 0.1709
-1.85128 0.167878
-1.84544 0.165078
-1.8396 0.161845
-1.83376 0.158955
-1.82792 0.156567
-1.82208 0.153605
-1.81624 0.150599
-1.8104 0.146504
-1.80456 0.144485
-1.79872 0.142499
-1.79288 0.138953
-1.78704 0.132499
-1.7812 0.132481
-1.77536 0.129024
-1.76952 0.126053
-1.76368 0.123618
-1.75784 0.11957
-1.752 0.1164
-1.74616 0.110689
-1.74032 0.108859
-1.73448 0.106154
-1.72864 0.101799
-1.7228 0.100629
-1.71696 0.0974108
-1.71112 0.0946123
-1.70528 0.0884747
-1.69944 0.0894584
-1.6936 0.0849041
-1.68776 0.0820703
-1.68192 0.0792634
-1.67608 0.0756017
-1.67024 0.0752914
-1.6644 0.0719173
-1.65856 0.0704208
-1.65272 0.0707922
-1.64688 0.0680175
-1.64104 0.0662288
-1.6352 0.0668859
-1.62936 0.065932
-1.62352 0.0671815
-1.61768 0.0666009
-1.61184 0.066681
-1.606 0.0669295
-1.60016 0.0665644
-1.59432 0.065371
-1.58848 0.0673193
-1.58264 0.0683214
-1.5768 0.0653581
-1.57096 0.0675587
-1.56512 0.0671394
-1.55928 0.0664433
-1.55344 0.0675275
-1.5476 0.0653944
-1.54176 0.0654282
-1.53592 0.0661346
-1.53008 0.0691545
-1.52424 0.0677331
-1.5184 0.0640152
-1.51256 0.0667934
-1.50672 0.0658316
-1.50088 0.0685222
-1.49504 0.0666693
-1.4892 0.0682417
-1.48336 0.0693935
-1.47752 0.0720226
-1.47168 0.072076
-1.46584 0.0752332
-1.46 0.078647
-1.45416 0.0818553
-1.44832 0.0822896
-1.44248 0.0856846
-1.43664 0.0873292
-1.4308 0.0897736
-1.42496 0.0913471
-1.41912 0.0938156
-1.41328 0.0952078
-1.40744 0.0981731
-1.4016 0.102618
-1.39576 0.103371
-1.38992 0.103671
-1.38408 0.106829
-1.37824 0.10916
-1.3724 0.109659
-1.36656 0.113658
-1.36072 0.114461
-1.35488 0.113474
-1.34904 0.113945
-1.3432 0.117985
-1.33736 0.120265
-1.33152 0.121788
-1.32568 0.123689
-1.31984 0.126166
-1.314 0.126584
-1.30816 0.130256
-1.30232 0.132182
-1.29648 0.133764
-1.29064 0.134577
-1.2848 0.136752
-1.27896 0.138383
-1.27312 0.143656
-1.26728 0.147299
-1.26144 0.15011
-1.2556 0.152217
-1.24976 0.15498
-1.24392 0.160043
-1.23808 0.163694
-1.23224 0.166765
-1.2264 0.168737
-1.22056 0.168897
-1.21472 0.173823
-1.20888 0.176075
-1.20304 0.177985
-1.1972 0.178077
-1.19136 0.181234
-1.18552 0.183616
-1.17968 0.18619
-1.17384 0.191041
-1.168 0.191257
-1.16216 0.193855
-1.15632 0.195176
-1.15048 0.198259
-1.14464 0.19956
-1.1388 0.199117
-1.13296 0.20203
-1.12712 0.202669
-1.12128 0.207474
-1.11544 0.208153
-1.1096 0.209795
-1.10376 0.212732
-1.09792 0.214552
-1.09208 0.219618
-1.08624 0.221138
-1.0804 0.218734
-1.07456 0.221053
-1.06872 0.223526
-1.06288 0.227121
-1.05704 0.22764
-1.0512 0.234301
-1.04536 0.235957
-1.03952 0.24042
-1.03368 0.241355
-1.02784 0.24484
-1.022 0.247195
-1.01616 0.251293
-1.01032 0.251299
-1.00448 0.256304
-0.99864 0.257013
-0.9928 0.25998
-0.98696 0.261233
-0.98112 0.264189
-0.97528 0.264318
-0.96944 0.266669
-0.9636 0.270301
-0.95776 0.272357
-0.95192 0.273323
-0.94608 0.275469
-0.94024 0.277264
-0.9344 0.278167
-0.92856 0.281293
-0.92272 0.281
-0.91688 0.280579
-0.91104 0.282695
-0.9052 0.284661
-0.89936 0.286637
-0.89352 0.288319
-0.88768 0.289069
-0.88184 0.291714
-0.876 0.29103
-0.87016 0.294168
-0.86432 0.294524
-0.85848 0.295277
-0.85264 0.297506
-0.8468 0.298716
-0.84096 0.300142
-0.83512 0.302269
-0.82928 0.306437
-0.82344 0.307391
-0.8176 0.308909
-0.81176 0.310192
-0.80592 0.313756
-0.80008 0.314757
-0.79424 0.315702
-0.7884 0.316028
-0.78256 0.315127
-0.77672 0.31772
-0.77088 0.316222
-0.76504 0.316797
-0.7592 0.315805
-0.75336 0.315918
-0.74752 0.315683
-0.74168 0.31742
-0.73584 0.316942
-0.73 0.317078
-0.72416 0.317517
-0.71832 0.316187
-0.71248 0.316873
-0.70664 0.317102
-0.7008 0.31657
-0.69496 0.315315
-0.68912 0.314814
-0.68328 0.316124
-0.67744 0.31626
-0.6716 0.31706
-0.66576 0.316811
-0.65992 0.317738
-0.65408 0.318481
-0.64824 0.319482
-0.6424 0.31869
-0.63656 0.319688
-0.63072 0.320554
-0.62488 0.32142
-0.61904 0.322243
-0.6132 0.324025
-0.60736 0.324381
-0.60152 0.323936
-0.59568 0.323936
-0.58984 0.323936
-0.584 0.323936
-0.57816 0.323936
-0.57232 0.323936
-0.56648 0.323936
-0.56064 0.323936
-0.5548 0.323936
-0.54896 0.323936
-0.54312 0.323936
-0.53728 0.323936
-0.53144 0.323936
-0.5256 0.323936
-0.51976 0.323936
-0.51392 0.323936
-0.50808 0.323936
-0.50224 0.323936
-0.4964 0.323936
-0.49056 0.323936
-0.48472 0.323936
-0.47888 0.323936
-0.47304 0.323936
-0.4672 0.323936
-0.46136 0.323936
-0.45552 0.323936
-0.44968 0.323936
-0.44384 0.323936
-0.438 0.323936
-0.43216 0.323936
-0.42632 0.323936
-0.42048 0.323936
-0.41464 0.323936
-0.4088 0.323936
-0.40296 0.323936
-0.39712 0.323936
-0.39128 0.323936
-0.38544 0.323936
-0.3796 0.323936
-0.37376 0.323936
-0.36792 0.323936
-0.36208 0.323936
-0.35624 0.323936
-0.3504 0.323936
-0.34456 0.323936
-0.33872 0.323936
-0.33288 0.323936
-0.32704 0.323936
-0.3212 0.323936
-0.31536 0.323936
-0.30952 0.323936
-0.30368 0.323936
-0.29784 0.323936
-0.292 0.323936
-0.28616 0.323936
-0.28032 0.323936
-0.27448 0.323936
-0.26864 0.323936
-0.2628 0.323936
-0.25696 0.323936
-0.25112 0.323936
-0.24528 0.323936
-0.23944 0.323936
-0.2336 0.323936
-0.22776 0.323936
-0.22192 0.323936
-0.21608 0.323936
-0.21024 0.323936
-0.2044 0.323936
-0.19856 0.323936
-0.19272 0.323936
-0.18688 0.323936
-0.18104 0.323936
-0.1752 0.323936
-0.16936 0.323936
-0.16352 0.323936
-0.15768 0.323936
-0.15184 0.323936
-0.146 0.323936
-0.14016 0.323936
-0.13432 0.323936
-0.12848 0.323936
-0.12264 0.323936
-0.1168 0.323936
-0.11096 0.323936
-0.10512 0.323936
-0.09928 0.323936
-0.09344 0.323936
-0.0876 0.323936
-0.08176 0.323936
-0.07592 0.323936
-0.07008 0.323936
-0.06424 0.323936
-0.0584 0.323936
-0.05256 0.323936
-0.04672 0.323936
-0.04088 0.323936
-0.03504 0.323936
-0.0292 0.323936
-0.02336 0.323936
-0.01752 0.323936
-0.01168 0.323936
-0.00584 0.323936
