-2.92 0.382087
-2.91416 0.382087
-2.90832 0.382087
-2.90248 0.382087
-2.89664 0.382087
-2.8908 0.382087
-2.88496 0.382087
-2.87912 0.382087
-2.87328 0.382087
-2.86744 0.382087
-2.8616 0.382087
-2.85576 0.382087
-2.84992 0.382087
-2.84408 0.382087
-2.83824 0.382087
-2.8324 0.382087
-2.82656 0.382087
-2.82072 0.382087
-2.81488 0.382087
-2.80904 0.382087
-2.8032 0.382087
-2.79736 0.382087
-2.79152 0.382087
-2.78568 0.382087
-2.77984 0.382087
-2.774 0.382087
-2.76816 0.382087
-2.76232 0.382087
-2.75648 0.382087
-2.75064 0.382087
-2.7448 0.382087
-2.73896 0.382087
-2.73312 0.382087
-2.72728 0.382087
-2.72144 0.382087
-2.7156 0.382087
-2.70976 0.382087
-2.70392 0.382087
-2.69808 0.382087
-2.69224 0.382087
-2.6864 0.382087
-2.68056 0.382087
-2.67472 0.382087
-2.66888 0.382087
-2.66304 0.382087
-2.6572 0.382087
-2.65136 0.382087
-2.64552 0.382087
-2.63968 0.382087
-2.63384 0.382087
-2.628 0.382087
-2.62216 0.382087
-2.61632 0.382087
-2.61048 0.382087
-2.60464 0.382087
-2.5988 0.382087
-2.59296 0.381512
-2.58712 0.380806
-2.58128 0.380011
-2.57544 0.379216
-2.5696 0.378374
-2.56376 0.377531
-2.55792 0.376513
-2.55208 0.375407
-2.54624 0.374301
-2.5404 0.373106
-2.53456 0.371912
-2.52872 0.370627
-2.52288 0.369255
-2.51704 0.36784
-2.5112 0.366467
-2.50536 0.365095
-2.49952 0.363637
-2.49368 0.362134
-2.48784 0.360586
-2.482 0.359214
-2.47616 0.357532
-2.47032 0.35585
-2.46448 0.35399
-2.45864 0.352174
-2.4528 0.35027
-2.44696 0.348324
-2.44112 0.346289
-2.43528 0.344254
-2.42944 0.34222
-2.4236 0.34014
-2.41776 0.338105
-2.41192 0.336027
-2.40608 0.333904
-2.40024 0.331779
-2.3944 0.329612
-2.38856 0.327445
-2.38272 0.32532
-2.37688 0.32311
-2.37104 0.320897
-2.3652 0.318641
-2.35936 0.31634
-2.35352 0.314128
-2.34768 0.311826
-2.34184 0.309898
-2.336 0.307257
-2.33016 0.305702
-2.32432 0.303306
-2.31848 0.301664
-2.31264 0.299479
-2.3068 0.29818
-2.30096 0.296371
-2.29512 0.294689
-2.28928 0.292969
-2.28344 0.291413
-2.2776 0.28973
-2.27176 0.28788
-2.26592 0.287301
-2.26008 0.284405
-2.25424 0.284069
-2.2484 0.282959
-2.24256 0.279479
-2.23672 0.27809
-2.23088 0.277075
-2.22504 0.275772
-2.2192 0.275005
-2.21336 0.272731
-2.20752 0.270715
-2.20168 0.269112
-2.19584 0.26692
-2.19 0.265861
-2.18416 0.265104
-2.17832 0.262829
-2.17248 0.262144
-2.16664 0.260798
-2.1608 0.259741
-2.15496 0.259027
-2.14912 0.256496
-2.14328 0.257289
-2.13744 0.25456
-2.1316 0.253918
-2.12576 0.251056
-2.11992 0.251131
-2.11408 0.250036
-2.10824 0.249277
-2.1024 0.24498
-2.09656 0.243671
-2.09072 0.243381
-2.08488 0.242358
-2.07904 0.242744
-2.0732 0.241019
-2.06736 0.239618
-2.06152 0.237892
-2.05568 0.236008
-2.04984 0.236589
-2.044 0.234084
-2.03816 0.23311
-2.03232 0.230924
-2.02648 0.232758
-2.02064 0.22928
-2.0148 0.230193
-2.00896 0.227384
-2.00312 0.228439
-1.99728 0.226747
-1.99144 0.226119
-1.9856 0.224306
-1.97976 0.22334
-1.97392 0.22217
-1.96808 0.221195
-1.96224 0.222583
-1.9564 0.216365
-1.95056 0.216402
-1.94472 0.215147
-1.93888 0.210081
-1.93304 0.208113
-1.9272 0.207905
-1.92136 0.206397
-1.91552 0.202616
-1.90968 0.201417
-1.90384 0.199012
-1.898 0.193783
-1.89216 0.194209
-1.88632 0.188368
-1.88048 0.187061
-1.87464 0.18169
-1.8688 0.181509
-1.86296 0.176879
-1.85712 0.173176
-1.85128 0.173988
-1.84544 0.168004
-1.8396 0.163549
-1.83376 0.162927
-1.82792 0.160342
-1.82208 0.157016
-1.81624 0.153505
-1.8104 0.149841
-1.80456 0.14998
-1.79872 0.143834
-1.79288 0.142124
-1.78704 0.137492
-1.7812 0.131268
-1.77536 0.130115
-1.76952 0.126623
-1.76368 0.122644
-1.75784 0.121032
-1.752 0.11959
-1.74616 0.114454
-1.74032 0.110308
-1.73448 0.109251
-1.72864 0.105183
-1.7228 0.102418
-1.71696 0.100137
-1.71112 0.0942612
-1.70528 0.0908146
-1.69944 0.0905882
-1.6936 0.0883587
-1.68776 0.0850125
-1.68192 0.0802989
-1.67608 0.0774854
-1.67024 0.0757614
-1.6644 0.0753984
-1.65856 0.0731817
-1.65272 0.0718529
-1.64688 0.0719587
-1.64104 0.0703555
-1.6352 0.0719461
-1.62936 0.0701831
-1.62352 0.0698883
-1.61768 0.0707028
-1.61184 0.0699907
-1.606 0.0705681
-1.60016 0.0682365
-1.59432 0.0712745
-1.58848 0.0697277
-1.58264 0.0704346
-1.5768 0.0687784
-1.57096 0.0696793
-1.56512 0.0718894
-1.55928 0.0697284
-1.55344 0.0687636
-1.5476 0.0717363
-1.54176 0.0710949
-1.53592 0.0691052
-1.53008 0.0718426
-1.52424 0.0716102
-1.5184 0.0685784
-1.51256 0.0695869
-1.50672 0.071285
-1.50088 0.0699931
-1.49504 0.0683546
-1.4892 0.0721394
-1.48336 0.0730213
-1.47752 0.0743903
-1.47168 0.0736676
-1.46584 0.0757107
-1.46 0.0793198
-1.45416 0.0816896
-1.44832 0.0851461
-1.44248 0.0866061
-1.43664 0.0896017
-1.4308 0.0911979
-1.42496 0.0954327
-1.41912 0.0958498
-1.41328 0.0977458
-1.40744 0.100575
-1.4016 0.103671
-1.39576 0.106133
-1.38992 0.106035
-1.38408 0.110287
-1.37824 0.110866
-1.3724 0.114146
-1.36656 0.115106
-1.36072 0.117992
-1.35488 0.115812
-1.34904 0.118223
-1.3432 0.12185
-1.33736 0.12442
-1.33152 0.124836
-1.32568 0.127673
-1.31984 0.130218
-1.314 0.130878
-1.30816 0.135932
-1.30232 0.135457
-1.29648 0.137269
-1.29064 0.138578
-1.2848 0.143785
-1.27896 0.144935
-1.27312 0.148199
-1.26728 0.151386
-1.26144 0.156719
-1.2556 0.158017
-1.24976 0.160397
-1.24392 0.163748
-1.23808 0.169235
-1.23224 0.169553
-1.2264 0.173139
-1.22056 0.175998
-1.21472 0.17736
-1.20888 0.177874
-1.20304 0.184553
-1.1972 0.185749
-1.19136 0.187524
-1.18552 0.189761
-1.17968 0.193128
-1.17384 0.195209
-1.168 0.197442
-1.16216 0.19884
-1.15632 0.202973
-1.15048 0.204494
-1.14464 0.205823
-1.1388 0.203682
-1.13296 0.205003
-1.12712 0.211213
-1.12128 0.212042
-1.11544 0.214588
-1.1096 0.217215
-1.10376 0.219501
-1.09792 0.21983
-1.09208 0.225155
-1.08624 0.226506
-1.0804 0.225362
-1.07456 0.226589
-1.06872 0.231407
-1.06288 0.232352
-1.05704 0.232719
-1.0512 0.238519
-1.04536 0.242909
-1.03952 0.245547
-1.03368 0.24654
-1.02784 0.248446
-1.022 0.252727
-1.01616 0.256274
-1.01032 0.258642
-1.00448 0.260752
-0.99864 0.262945
-0.9928 0.26448
-0.98696 0.267336
-0.98112 0.268309
-0.97528 0.27152
-0.96944 0.271993
-0.9636 0.276295
-0.95776 0.278288
-0.95192 0.279092
-0.94608 0.282354
-0.94024 0.283484
-0.9344 0.28585
-0.92856 0.286609
-0.92272 0.28885
-0.91688 0.285707
-0.91104 0.288062
-0.9052 0.291222
-0.89936 0.293366
-0.89352 0.293447
-0.88768 0.295808
-0.88184 0.297787
-0.876 0.298746
-0.87016 0.303262
-0.86432 0.300762
-0.85848 0.302877
-0.85264 0.303996
-0.8468 0.307063
-0.84096 0.307835
-0.83512 0.309133
-0.82928 0.31302
-0.82344 0.315373
-0.8176 0.317375
-0.81176 0.318307
-0.80592 0.32073
-0.80008 0.322922
-0.79424 0.324614
-0.7884 0.324195
-0.78256 0.32452
-0.77672 0.324549
-0.77088 0.323318
-0.76504 0.326033
-0.7592 0.324422
-0.75336 0.325579
-0.74752 0.325019
-0.74168 0.327266
-0.73584 0.325948
-0.73 0.325619
-0.72416 0.326359
-0.71832 0.32755
-0.71248 0.326887
-0.70664 0.326508
-0.7008 0.32384
-0.69496 0.323357
-0.68912 0.325199
-0.68328 0.32453
-0.67744 0.325249
-0.6716 0.32533
-0.66576 0.325412
-0.65992 0.325995
-0.65408 0.326405
-0.64824 0.327658
-0.6424 0.326693
-0.63656 0.327605
-0.63072 0.32852
-0.62488 0.329429
-0.61904 0.330164
-0.6132 0.3317
-0.60736 0.332175
-0.60152 0.331898
-0.59568 0.331898
-0.58984 0.331898
-0.584 0.331898
-0.57816 0.331898
-0.57232 0.331898
-0.56648 0.331898
-0.56064 0.331898
-0.5548 0.331898
-0.54896 0.331898
-0.54312 0.331898
-0.53728 0.331898
-0.53144 0.331898
-0.5256 0.331898
-0.51976 0.331898
-0.51392 0.331898
-0.50808 0.331898
-0.50224 0.331898
-0.4964 0.331898
-0.49056 0.331898
-0.48472 0.331898
-0.47888 0.331898
-0.47304 0.331898
-0.4672 0.331898
-0.46136 0.331898
-0.45552 0.331898
-0.44968 0.331898
-0.44384 0.331898
-0.438 0.331898
-0.43216 0.331898
-0.42632 0.331898
-0.42048 0.331898
-0.41464 0.331898
-0.4088 0.331898
-0.40296 0.331898
-0.39712 0.331898
-0.39128 0.331898
-0.38544 0.331898
-0.3796 0.331898
-0.37376 0.331898
-0.36792 0.331898
-0.36208 0.331898
-0.35624 0.331898
-0.3504 0.331898
-0.34456 0.331898
-0.33872 0.331898
-0.33288 0.331898
-0.32704 0.331898
-0.3212 0.331898
-0.31536 0.331898
-0.30952 0.331898
-0.30368 0.331898
-0.29784 0.331898
-0.292 0.331898
-0.28616 0.331898
-0.28032 0.331898
-0.27448 0.331898
-0.26864 0.331898
-0.2628 0.331898
-0.25696 0.331898
-0.25112 0.331898
-0.24528 0.331898
-0.23944 0.331898
-0.2336 0.331898
-0.22776 0.331898
-0.22192 0.331898
-0.21608 0.331898
-0.21024 0.331898
-0.2044 0.331898
-0.19856 0.331898
-0.19272 0.331898
-0.18688 0.331898
-0.18104 0.331898
-0.1752 0.331898
-0.16936 0.331898
-0.16352 0.331898
-0.15768 0.331898
-0.15184 0.331898
-0.146 0.331898
-0.14016 0.331898
-0.13432 0.331898
-0.12848 0.331898
-0.12264 0.331898
-0.1168 0.331898
-0.11096 0.331898
-0.10512 0.331898
-0.09928 0.331898
-0.09344 0.331898
-0.0876 0.331898
-0.08176 0.331898
-0.07592 0.331898
-0.07008 0.331898
-0.06424 0.331898
-0.0584 0.331898
-0.05256 0.331898
-0.04672 0.331898
-0.04088 0.331898
-0.03504 0.331898
-0.0292 0.331898
-0.02336 0.331898
-0.01752 0.331898
-0.01168 0.331898
-0.00584 0.331898
