-2.92 0.518465
-2.91416 0.518465
-2.90832 0.518465
-2.90248 0.518465
-2.89664 0.518465
-2.8908 0.518465
-2.88496 0.518465
-2.87912 0.518465
-2.87328 0.518465
-2.86744 0.518465
-2.8616 0.518465
-2.85576 0.518465
-2.84992 0.518465
-2.84408 0.518465
-2.83824 0.518465
-2.8324 0.518465
-2.82656 0.518465
-2.82072 0.518465
-2.81488 0.518465
-2.80904 0.518465
-2.8032 0.518465
-2.79736 0.518465
-2.79152 0.518465
-2.78568 0.518465
-2.77984 0.518465
-2.774 0.518465
-2.76816 0.518465
-2.76232 0.518465
-2.75648 0.518465
-2.75064 0.518465
-2.7448 0.518465
-2.73896 0.518465
-2.73312 0.518465
-2.72728 0.518465
-2.72144 0.518465
-2.7156 0.518465
-2.70976 0.518465
-2.70392 0.518465
-2.69808 0.518465
-2.69224 0.518465
-2.6864 0.518465
-2.68056 0.518465
-2.67472 0.518465
-2.66888 0.518465
-2.66304 0.518465
-2.6572 0.518465
-2.65136 0.518465
-2.64552 0.518465
-2.63968 0.518465
-2.63384 0.518465
-2.628 0.518465
-2.62216 0.518465
-2.61632 0.518465
-2.61048 0.518465
-2.60464 0.518465
-2.5988 0.518465
-2.59296 0.517893
-2.58712 0.517102
-2.58128 0.516222
-2.57544 0.515258
-2.5696 0.514027
-2.56376 0.512621
-2.55792 0.511084
-2.55208 0.509501
-2.54624 0.507789
-2.5404 0.506032
-2.53456 0.504143
-2.52872 0.50221
-2.52288 0.500232
-2.51704 0.498169
-2.5112 0.495973
-2.50536 0.493817
-2.49952 0.49153
-2.49368 0.489332
-2.48784 0.487178
-2.482 0.485157
-2.47616 0.482828
-2.47032 0.480454
-2.46448 0.478037
-2.45864 0.475574
-2.4528 0.473025
-2.44696 0.470476
-2.44112 0.467882
-2.43528 0.465286
-2.42944 0.462691
-2.4236 0.460052
-2.41776 0.457414
-2.41192 0.454729
-2.40608 0.452001
-2.40024 0.449231
-2.3944 0.446282
-2.38856 0.443421
-2.38272 0.440473
-2.37688 0.43748
-2.37104 0.434488
-2.3652 0.431453
-2.35936 0.428284
-2.35352 0.425327
-2.34768 0.422161
-2.34184 0.419075
-2.336 0.415819
-2.33016 0.413361
-2.32432 0.409858
-2.31848 0.407101
-2.31264 0.403801
-2.3068 0.400544
-2.30096 0.397577
-2.29512 0.393897
-2.28928 0.390842
-2.28344 0.388031
-2.2776 0.384463
-2.27176 0.380478
-2.26592 0.377004
-2.26008 0.374287
-2.25424 0.370715
-2.2484 0.367238
-2.24256 0.363544
-2.23672 0.360101
-2.23088 0.356737
-2.22504 0.353
-2.2192 0.348976
-2.21336 0.346623
-2.20752 0.343099
-2.20168 0.340243
-2.19584 0.337475
-2.19 0.335
-2.18416 0.331684
-2.17832 0.330221
-2.17248 0.327317
-2.16664 0.324428
-2.1608 0.322451
-2.15496 0.320105
-2.14912 0.318141
-2.14328 0.31575
-2.13744 0.314334
-2.1316 0.31147
-2.12576 0.31005
-2.11992 0.308671
-2.11408 0.305953
-2.10824 0.303809
-2.1024 0.303564
-2.09656 0.301009
-2.09072 0.299079
-2.08488 0.295765
-2.07904 0.295912
-2.0732 0.292295
-2.06736 0.291163
-2.06152 0.290919
-2.05568 0.290726
-2.04984 0.287926
-2.044 0.288432
-2.03816 0.285392
-2.03232 0.285526
-2.02648 0.282723
-2.02064 0.282687
-2.0148 0.280673
-2.00896 0.278283
-2.00312 0.277727
-1.99728 0.27647
-1.99144 0.274041
-1.9856 0.273116
-1.97976 0.273087
-1.97392 0.270183
-1.96808 0.268578
-1.96224 0.266056
-1.9564 0.262425
-1.95056 0.26247
-1.94472 0.259747
-1.93888 0.254024
-1.93304 0.253696
-1.9272 0.249469
-1.92136 0.248519
-1.91552 0.245957
-1.90968 0.241659
-1.90384 0.237946
-1.898 0.232866
-1.89216 0.231786
-1.88632 0.229267
-1.88048 0.223376
-1.87464 0.22098
-1.8688 0.217829
-1.86296 0.212876
-1.85712 0.208015
-1.85128 0.208959
-1.84544 0.205955
-1.8396 0.197302
-1.83376 0.195635
-1.82792 0.191916
-1.82208 0.190342
-1.81624 0.186618
-1.8104 0.182129
-1.80456 0.179673
-1.79872 0.17464
-1.79288 0.171127
-1.78704 0.166391
-1.7812 0.163949
-1.77536 0.160003
-1.76952 0.153821
-1.76368 0.152041
-1.75784 0.148833
-1.752 0.145465
-1.74616 0.139107
-1.74032 0.136367
-1.73448 0.133257
-1.72864 0.1299
-1.7228 0.124931
-1.71696 0.12205
-1.71112 0.119606
-1.70528 0.115446
-1.69944 0.111155
-1.6936 0.108383
-1.68776 0.105426
-1.68192 0.102215
-1.67608 0.100574
-1.67024 0.0982611
-1.6644 0.0973614
-1.65856 0.091582
-1.65272 0.0928447
-1.64688 0.0918607
-1.64104 0.0904631
-1.6352 0.0909552
-1.62936 0.0874833
-1.62352 0.0889188
-1.61768 0.0890534
-1.61184 0.0887102
-1.606 0.0876208
-1.60016 0.0880681
-1.59432 0.0906496
-1.58848 0.0884697
-1.58264 0.0916571
-1.5768 0.0894523
-1.57096 0.0907952
-1.56512 0.0895177
-1.55928 0.0921769
-1.55344 0.0919066
-1.5476 0.0928297
-1.54176 0.0926935
-1.53592 0.0941136
-1.53008 0.0944965
-1.52424 0.0961244
-1.5184 0.0935104
-1.51256 0.0957315
-1.50672 0.0982649
-1.50088 0.0960149
-1.49504 0.0968602
-1.4892 0.101059
-1.48336 0.0999243
-1.47752 0.0996848
-1.47168 0.103222
-1.46584 0.10405
-1.46 0.107122
-1.45416 0.108932
-1.44832 0.110792
-1.44248 0.112643
-1.43664 0.115093
-1.4308 0.118354
-1.42496 0.118645
-1.41912 0.124699
-1.41328 0.12621
-1.40744 0.130285
-1.4016 0.13046
-1.39576 0.135656
-1.38992 0.135276
-1.38408 0.138653
-1.37824 0.14131
-1.3724 0.144456
-1.36656 0.148006
-1.36072 0.148247
-1.35488 0.151203
-1.34904 0.149468
-1.3432 0.155221
-1.33736 0.156777
-1.33152 0.158016
-1.32568 0.163491
-1.31984 0.163172
-1.314 0.167082
-1.30816 0.170557
-1.30232 0.166686
-1.29648 0.172682
-1.29064 0.176964
-1.2848 0.176079
-1.27896 0.178768
-1.27312 0.181331
-1.26728 0.187257
-1.26144 0.190219
-1.2556 0.192372
-1.24976 0.196722
-1.24392 0.197571
-1.23808 0.203459
-1.23224 0.202996
-1.2264 0.208702
-1.22056 0.208583
-1.21472 0.212924
-1.20888 0.215114
-1.20304 0.216799
-1.1972 0.221411
-1.19136 0.222938
-1.18552 0.223965
-1.17968 0.227851
-1.17384 0.229491
-1.168 0.232084
-1.16216 0.235898
-1.15632 0.239039
-1.15048 0.238622
-1.14464 0.242281
-1.1388 0.242361
-1.13296 0.242545
-1.12712 0.245758
-1.12128 0.24982
-1.11544 0.24987
-1.1096 0.25275
-1.10376 0.255307
-1.09792 0.258344
-1.09208 0.25916
-1.08624 0.261482
-1.0804 0.261995
-1.07456 0.263516
-1.06872 0.265363
-1.06288 0.269899
-1.05704 0.270929
-1.0512 0.276612
-1.04536 0.277933
-1.03952 0.280367
-1.03368 0.282516
-1.02784 0.285018
-1.022 0.289869
-1.01616 0.291739
-1.01032 0.293599
-1.00448 0.297692
-0.99864 0.297165
-0.9928 0.301937
-0.98696 0.300971
-0.98112 0.304381
-0.97528 0.307092
-0.96944 0.308343
-0.9636 0.310037
-0.95776 0.31421
-0.95192 0.315533
-0.94608 0.318954
-0.94024 0.318978
-0.9344 0.321978
-0.92856 0.323747
-0.92272 0.324034
-0.91688 0.325266
-0.91104 0.325018
-0.9052 0.328811
-0.89936 0.329788
-0.89352 0.330219
-0.88768 0.333605
-0.88184 0.336842
-0.876 0.336407
-0.87016 0.340986
-0.86432 0.338536
-0.85848 0.342028
-0.85264 0.343903
-0.8468 0.34432
-0.84096 0.346464
-0.83512 0.347609
-0.82928 0.352763
-0.82344 0.354799
-0.8176 0.356102
-0.81176 0.357309
-0.80592 0.36034
-0.80008 0.363052
-0.79424 0.364305
-0.7884 0.366701
-0.78256 0.364851
-0.77672 0.366701
-0.77088 0.366227
-0.76504 0.367068
-0.7592 0.367719
-0.75336 0.370564
-0.74752 0.369018
-0.74168 0.369824
-0.73584 0.370773
-0.73 0.370554
-0.72416 0.373033
-0.71832 0.371541
-0.71248 0.372661
-0.70664 0.372802
-0.7008 0.372
-0.69496 0.371811
-0.68912 0.372638
-0.68328 0.373829
-0.67744 0.373128
-0.6716 0.374818
-0.66576 0.373862
-0.65992 0.37517
-0.65408 0.375665
-0.64824 0.376885
-0.6424 0.376308
-0.63656 0.377643
-0.63072 0.378563
-0.62488 0.379519
-0.61904 0.380472
-0.6132 0.382346
-0.60736 0.382874
-0.60152 0.382725
-0.59568 0.382725
-0.58984 0.382725
-0.584 0.382725
-0.57816 0.382725
-0.57232 0.382725
-0.56648 0.382725
-0.56064 0.382725
-0.5548 0.382725
-0.54896 0.382725
-0.54312 0.382725
-0.53728 0.382725
-0.53144 0.382725
-0.5256 0.382725
-0.51976 0.382725
-0.51392 0.382725
-0.50808 0.382725
-0.50224 0.382725
-0.4964 0.382725
-0.49056 0.382725
-0.48472 0.382725
-0.47888 0.382725
-0.47304 0.382725
-0.4672 0.382725
-0.46136 0.382725
-0.45552 0.382725
-0.44968 0.382725
-0.44384 0.382725
-0.438 0.382725
-0.43216 0.382725
-0.42632 0.382725
-0.42048 0.382725
-0.41464 0.382725
-0.4088 0.382725
-0.40296 0.382725
-0.39712 0.382725
-0.39128 0.382725
-0.38544 0.382725
-0.3796 0.382725
-0.37376 0.382725
-0.36792 0.382725
-0.36208 0.382725
-0.35624 0.382725
-0.3504 0.382725
-0.34456 0.382725
-0.33872 0.382725
-0.33288 0.382725
-0.32704 0.382725
-0.3212 0.382725
-0.31536 0.382725
-0.30952 0.382725
-0.30368 0.382725
-0.29784 0.382725
-0.292 0.382725
-0.28616 0.382725
-0.28032 0.382725
-0.27448 0.382725
-0.26864 0.382725
-0.2628 0.382725
-0.25696 0.382725
-0.25112 0.382725
-0.24528 0.382725
-0.23944 0.382725
-0.2336 0.382725
-0.22776 0.382725
-0.22192 0.382725
-0.21608 0.382725
-0.21024 0.382725
-0.2044 0.382725
-0.19856 0.382725
-0.19272 0.382725
-0.18688 0.382725
-0.18104 0.382725
-0.1752 0.382725
-0.16936 0.382725
-0.16352 0.382725
-0.15768 0.382725
-0.15184 0.382725
-0.146 0.382725
-0.14016 0.382725
-0.13432 0.382725
-0.12848 0.382725
-0.12264 0.382725
-0.1168 0.382725
-0.11096 0.382725
-0.10512 0.382725
-0.09928 0.382725
-0.09344 0.382725
-0.0876 0.382725
-0.08176 0.382725
-0.07592 0.382725
-0.07008 0.382725
-0.06424 0.382725
-0.0584 0.382725
-0.05256 0.382725
-0.04672 0.382725
-0.04088 0.382725
-0.03504 0.382725
-0.0292 0.382725
-0.02336 0.382725
-0.01752 0.382725
-0.01168 0.382725
-0.00584 0.382725
