-2.92 0.437238
-2.91416 0.437238
-2.90832 0.437238
-2.90248 0.437238
-2.89664 0.437238
-2.8908 0.437238
-2.88496 0.437238
-2.87912 0.437238
-2.87328 0.437238
-2.86744 0.437238
-2.8616 0.437238
-2.85576 0.437238
-2.84992 0.437238
-2.84408 0.437238
-2.83824 0.437238
-2.8324 0.437238
-2.82656 0.437238
-2.82072 0.437238
-2.81488 0.437238
-2.80904 0.437238
-2.8032 0.437238
-2.79736 0.437238
-2.79152 0.437238
-2.78568 0.437238
-2.77984 0.437238
-2.774 0.437238
-2.76816 0.437238
-2.76232 0.437238
-2.75648 0.437238
-2.75064 0.437238
-2.7448 0.437238
-2.73896 0.437238
-2.73312 0.437238
-2.72728 0.437238
-2.72144 0.437238
-2.7156 0.437238
-2.70976 0.437238
-2.70392 0.437238
-2.69808 0.437238
-2.69224 0.437238
-2.6864 0.437238
-2.68056 0.437238
-2.67472 0.437238
-2.66888 0.437238
-2.66304 0.437238
-2.6572 0.437238
-2.65136 0.437238
-2.64552 0.437238
-2.63968 0.437238
-2.63384 0.437238
-2.628 0.437238
-2.62216 0.437238
-2.61632 0.437238
-2.61048 0.437238
-2.60464 0.437238
-2.5988 0.437238
-2.59296 0.436841
-2.58712 0.43618
-2.58128 0.435431
-2.57544 0.434592
-2.5696 0.433663
-2.56376 0.432736
-2.55792 0.431721
-2.55208 0.430661
-2.54624 0.429513
-2.5404 0.428234
-2.53456 0.426867
-2.52872 0.425499
-2.52288 0.424043
-2.51704 0.422542
-2.5112 0.420996
-2.50536 0.419363
-2.49952 0.418096
-2.49368 0.417287
-2.48784 0.41639
-2.482 0.415464
-2.47616 0.414105
-2.47032 0.413453
-2.46448 0.412883
-2.45864 0.411525
-2.4528 0.410038
-2.44696 0.409217
-2.44112 0.407727
-2.43528 0.406854
-2.42944 0.405609
-2.4236 0.403283
-2.41776 0.401736
-2.41192 0.400606
-2.40608 0.39918
-2.40024 0.397251
-2.3944 0.395199
-2.38856 0.393358
-2.38272 0.391594
-2.37688 0.38991
-2.37104 0.38818
-2.3652 0.384789
-2.35936 0.383922
-2.35352 0.381601
-2.34768 0.380369
-2.34184 0.377593
-2.336 0.374646
-2.33016 0.372869
-2.32432 0.370458
-2.31848 0.368711
-2.31264 0.366263
-2.3068 0.364143
-2.30096 0.361228
-2.29512 0.358248
-2.28928 0.358168
-2.28344 0.355165
-2.2776 0.350949
-2.27176 0.350234
-2.26592 0.349533
-2.26008 0.346495
-2.25424 0.34327
-2.2484 0.339815
-2.24256 0.338254
-2.23672 0.336077
-2.23088 0.332448
-2.22504 0.330689
-2.2192 0.326631
-2.21336 0.326412
-2.20752 0.321777
-2.20168 0.321133
-2.19584 0.318208
-2.19 0.31494
-2.18416 0.312758
-2.17832 0.310278
-2.17248 0.306344
-2.16664 0.304618
-2.1608 0.298815
-2.15496 0.295456
-2.14912 0.29248
-2.14328 0.287675
-2.13744 0.284758
-2.1316 0.279625
-2.12576 0.27595
-2.11992 0.270697
-2.11408 0.266996
-2.10824 0.262745
-2.1024 0.257759
-2.09656 0.254787
-2.09072 0.249767
-2.08488 0.246775
-2.07904 0.241228
-2.0732 0.237962
-2.06736 0.234839
-2.06152 0.230908
-2.05568 0.228711
-2.04984 0.2246
-2.044 0.221204
-2.03816 0.217003
-2.03232 0.212506
-2.02648 0.209838
-2.02064 0.206492
-2.0148 0.201008
-2.00896 0.199631
-2.00312 0.195156
-1.99728 0.192356
-1.99144 0.191157
-1.9856 0.190484
-1.97976 0.1863
-1.97392 0.184249
-1.96808 0.183662
-1.96224 0.182066
-1.9564 0.180855
-1.95056 0.178764
-1.94472 0.178984
-1.93888 0.179599
-1.93304 0.17642
-1.9272 0.176501
-1.92136 0.175527
-1.91552 0.174369
-1.90968 0.176654
-1.90384 0.173631
-1.898 0.172689
-1.89216 0.176548
-1.88632 0.173422
-1.88048 0.173754
-1.87464 0.173119
-1.8688 0.176515
-1.86296 0.175303
-1.85712 0.173697
-1.85128 0.175993
-1.84544 0.175706
-1.8396 0.176531
-1.83376 0.174659
-1.82792 0.179581
-1.82208 0.178367
-1.81624 0.179733
-1.8104 0.178385
-1.80456 0.17925
-1.79872 0.178871
-1.79288 0.181605
-1.78704 0.178293
-1.7812 0.18234
-1.77536 0.182727
-1.76952 0.180896
-1.76368 0.186706
-1.75784 0.185425
-1.752 0.186213
-1.74616 0.188623
-1.74032 0.188858
-1.73448 0.192011
-1.72864 0.193227
-1.7228 0.191411
-1.71696 0.199285
-1.71112 0.19825
-1.70528 0.200645
-1.69944 0.202984
-1.6936 0.204515
-1.68776 0.205308
-1.68192 0.206407
-1.67608 0.208855
-1.67024 0.210108
-1.6644 0.208919
-1.65856 0.209879
-1.65272 0.210917
-1.64688 0.211212
-1.64104 0.210412
-1.6352 0.214979
-1.62936 0.215773
-1.62352 0.215361
-1.61768 0.216112
-1.61184 0.213791
-1.606 0.218564
-1.60016 0.220309
-1.59432 0.220268
-1.58848 0.224685
-1.58264 0.228609
-1.5768 0.231702
-1.57096 0.232624
-1.56512 0.236344
-1.55928 0.237356
-1.55344 0.237244
-1.5476 0.2388
-1.54176 0.242894
-1.53592 0.246877
-1.53008 0.249359
-1.52424 0.248903
-1.5184 0.255787
-1.51256 0.254835
-1.50672 0.260013
-1.50088 0.262659
-1.49504 0.259041
-1.4892 0.267654
-1.48336 0.272623
-1.47752 0.272165
-1.47168 0.273058
-1.46584 0.273841
-1.46 0.273362
-1.45416 0.276264
-1.44832 0.275454
-1.44248 0.278456
-1.43664 0.276799
-1.4308 0.286591
-1.42496 0.285155
-1.41912 0.288179
-1.41328 0.289735
-1.40744 0.294046
-1.4016 0.295248
-1.39576 0.29393
-1.38992 0.295622
-1.38408 0.301508
-1.37824 0.302305
-1.3724 0.304621
-1.36656 0.310041
-1.36072 0.310146
-1.35488 0.31582
-1.34904 0.314751
-1.3432 0.317697
-1.33736 0.318312
-1.33152 0.318539
-1.32568 0.325219
-1.31984 0.32437
-1.314 0.327445
-1.30816 0.32732
-1.30232 0.331183
-1.29648 0.334953
-1.29064 0.337693
-1.2848 0.336477
-1.27896 0.344028
-1.27312 0.338643
-1.26728 0.340169
-1.26144 0.343826
-1.2556 0.341664
-1.24976 0.341997
-1.24392 0.343704
-1.23808 0.346449
-1.23224 0.348785
-1.2264 0.348971
-1.22056 0.348683
-1.21472 0.350171
-1.20888 0.350208
-1.20304 0.348637
-1.1972 0.355331
-1.19136 0.356949
-1.18552 0.358633
-1.17968 0.359981
-1.17384 0.355306
-1.168 0.359822
-1.16216 0.364264
-1.15632 0.361352
-1.15048 0.366359
-1.14464 0.368521
-1.1388 0.37104
-1.13296 0.370567
-1.12712 0.372009
-1.12128 0.371854
-1.11544 0.371538
-1.1096 0.370138
-1.10376 0.373714
-1.09792 0.375273
-1.09208 0.375241
-1.08624 0.374594
-1.0804 0.380805
-1.07456 0.376605
-1.06872 0.381186
-1.06288 0.382748
-1.05704 0.374076
-1.0512 0.378163
-1.04536 0.378261
-1.03952 0.377849
-1.03368 0.375405
-1.02784 0.372624
-1.022 0.370448
-1.01616 0.369499
-1.01032 0.364693
-1.00448 0.361845
-0.99864 0.361397
-0.9928 0.364107
-0.98696 0.358904
-0.98112 0.357101
-0.97528 0.353746
-0.96944 0.354158
-0.9636 0.354532
-0.95776 0.348674
-0.95192 0.346343
-0.94608 0.349264
-0.94024 0.345265
-0.9344 0.346558
-0.92856 0.344969
-0.92272 0.343462
-0.91688 0.345369
-0.91104 0.339851
-0.9052 0.339129
-0.89936 0.336233
-0.89352 0.337094
-0.88768 0.33531
-0.88184 0.335207
-0.876 0.331861
-0.87016 0.331277
-0.86432 0.330925
-0.85848 0.329692
-0.85264 0.32916
-0.8468 0.328421
-0.84096 0.327651
-0.83512 0.322807
-0.82928 0.320923
-0.82344 0.320776
-0.8176 0.319286
-0.81176 0.316423
-0.80592 0.315123
-0.80008 0.31228
-0.79424 0.310002
-0.7884 0.310235
-0.78256 0.308658
-0.77672 0.308205
-0.77088 0.305914
-0.76504 0.305369
-0.7592 0.304742
-0.75336 0.304374
-0.74752 0.302617
-0.74168 0.302718
-0.73584 0.301964
-0.73 0.301057
-0.72416 0.301373
-0.71832 0.300955
-0.71248 0.301771
-0.70664 0.303228
-0.7008 0.303537
-0.69496 0.304691
-0.68912 0.305124
-0.68328 0.306236
-0.67744 0.307425
-0.6716 0.30849
-0.66576 0.309371
-0.65992 0.30996
-0.65408 0.309367
-0.64824 0.310459
-0.6424 0.311793
-0.63656 0.312917
-0.63072 0.312736
-0.62488 0.313439
-0.61904 0.310928
-0.6132 0.310695
-0.60736 0.310415
-0.60152 0.310725
-0.59568 0.310725
-0.58984 0.310725
-0.584 0.310725
-0.57816 0.310725
-0.57232 0.310725
-0.56648 0.310725
-0.56064 0.310725
-0.5548 0.310725
-0.54896 0.310725
-0.54312 0.310725
-0.53728 0.310725
-0.53144 0.310725
-0.5256 0.310725
-0.51976 0.310725
-0.51392 0.310725
-0.50808 0.310725
-0.50224 0.310725
-0.4964 0.310725
-0.49056 0.310725
-0.48472 0.310725
-0.47888 0.310725
-0.47304 0.310725
-0.4672 0.310725
-0.46136 0.310725
-0.45552 0.310725
-0.44968 0.310725
-0.44384 0.310725
-0.438 0.310725
-0.43216 0.310725
-0.42632 0.310725
-0.42048 0.310725
-0.41464 0.310725
-0.4088 0.310725
-0.40296 0.310725
-0.39712 0.310725
-0.39128 0.310725
-0.38544 0.310725
-0.3796 0.310725
-0.37376 0.310725
-0.36792 0.310725
-0.36208 0.310725
-0.35624 0.310725
-0.3504 0.310725
-0.34456 0.310725
-0.33872 0.310725
-0.33288 0.310725
-0.32704 0.310725
-0.3212 0.310725
-0.31536 0.310725
-0.30952 0.310725
-0.30368 0.310725
-0.29784 0.310725
-0.292 0.310725
-0.28616 0.310725
-0.28032 0.310725
-0.27448 0.310725
-0.26864 0.310725
-0.2628 0.310725
-0.25696 0.310725
-0.25112 0.310725
-0.24528 0.310725
-0.23944 0.310725
-0.2336 0.310725
-0.22776 0.310725
-0.22192 0.310725
-0.21608 0.310725
-0.21024 0.310725
-0.2044 0.310725
-0.19856 0.310725
-0.19272 0.310725
-0.18688 0.310725
-0.18104 0.310725
-0.1752 0.310725
-0.16936 0.310725
-0.16352 0.310725
-0.15768 0.310725
-0.15184 0.310725
-0.146 0.310725
-0.14016 0.310725
-0.13432 0.310725
-0.12848 0.310725
-0.12264 0.310725
-0.1168 0.310725
-0.11096 0.310725
-0.10512 0.310725
-0.09928 0.310725
-0.09344 0.310725
-0.0876 0.310725
-0.08176 0.310725
-0.07592 0.310725
-0.07008 0.310725
-0.06424 0.310725
-0.0584 0.310725
-0.05256 0.310725
-0.04672 0.310725
-0.04088 0.310725
-0.03504 0.310725
-0.0292 0.310725
-0.02336 0.310725
-0.01752 0.310725
-0.01168 0.310725
-0.00584 0.310725
