-2.92 0.414376
-2.91416 0.414376
-2.90832 0.414376
-2.90248 0.414376
-2.89664 0.414376
-2.8908 0.414376
-2.88496 0.414376
-2.87912 0.414376
-2.87328 0.414376
-2.86744 0.414376
-2.8616 0.414376
-2.85576 0.414376
-2.84992 0.414376
-2.84408 0.414376
-2.83824 0.414376
-2.8324 0.414376
-2.82656 0.414376
-2.82072 0.414376
-2.81488 0.414376
-2.80904 0.414376
-2.8032 0.414376
-2.79736 0.414376
-2.79152 0.414376
-2.78568 0.414376
-2.77984 0.414376
-2.774 0.414376
-2.76816 0.414376
-2.76232 0.414376
-2.75648 0.414376
-2.75064 0.414376
-2.7448 0.414376
-2.73896 0.414376
-2.73312 0.414376
-2.72728 0.414376
-2.72144 0.414376
-2.7156 0.414376
-2.70976 0.414376
-2.70392 0.414376
-2.69808 0.414376
-2.69224 0.414376
-2.6864 0.414376
-2.68056 0.414376
-2.67472 0.414376
-2.66888 0.414376
-2.66304 0.414376
-2.6572 0.414376
-2.65136 0.414376
-2.64552 0.414376
-2.63968 0.414376
-2.63384 0.414376
-2.628 0.414376
-2.62216 0.414376
-2.61632 0.414376
-2.61048 0.414376
-2.60464 0.414376
-2.5988 0.414376
-2.59296 0.413978
-2.58712 0.413403
-2.58128 0.412739
-2.57544 0.412076
-2.5696 0.411237
-2.56376 0.410308
-2.55792 0.409248
-2.55208 0.408186
-2.54624 0.406992
-2.5404 0.405753
-2.53456 0.404469
-2.52872 0.403142
-2.52288 0.401815
-2.51704 0.400356
-2.5112 0.398808
-2.50536 0.397215
-2.49952 0.396116
-2.49368 0.395309
-2.48784 0.395046
-2.482 0.394239
-2.47616 0.393628
-2.47032 0.393016
-2.46448 0.392649
-2.45864 0.391867
-2.4528 0.392212
-2.44696 0.391472
-2.44112 0.392052
-2.43528 0.391593
-2.42944 0.390722
-2.4236 0.391043
-2.41776 0.392921
-2.41192 0.391214
-2.40608 0.392376
-2.40024 0.391586
-2.3944 0.392792
-2.38856 0.39267
-2.38272 0.392588
-2.37688 0.392213
-2.37104 0.392037
-2.3652 0.392715
-2.35936 0.393079
-2.35352 0.394913
-2.34768 0.395831
-2.34184 0.394616
-2.336 0.394689
-2.33016 0.39657
-2.32432 0.395848
-2.31848 0.393156
-2.31264 0.39717
-2.3068 0.396775
-2.30096 0.398618
-2.29512 0.39746
-2.28928 0.397114
-2.28344 0.400205
-2.2776 0.398578
-2.27176 0.399411
-2.26592 0.401083
-2.26008 0.403621
-2.25424 0.401465
-2.2484 0.401745
-2.24256 0.404663
-2.23672 0.404313
-2.23088 0.403192
-2.22504 0.406465
-2.2192 0.403282
-2.21336 0.403932
-2.20752 0.406465
-2.20168 0.405677
-2.19584 0.407657
-2.19 0.407067
-2.18416 0.408639
-2.17832 0.412438
-2.17248 0.413982
-2.16664 0.410667
-2.1608 0.410457
-2.15496 0.408866
-2.14912 0.408682
-2.14328 0.409664
-2.13744 0.407132
-2.1316 0.405189
-2.12576 0.404577
-2.11992 0.401891
-2.11408 0.401008
-2.10824 0.404103
-2.1024 0.399881
-2.09656 0.399231
-2.09072 0.397454
-2.08488 0.396145
-2.07904 0.396853
-2.0732 0.393297
-2.06736 0.387494
-2.06152 0.391984
-2.05568 0.389298
-2.04984 0.388696
-2.044 0.390541
-2.03816 0.386542
-2.03232 0.383267
-2.02648 0.384897
-2.02064 0.381104
-2.0148 0.381415
-2.00896 0.381221
-2.00312 0.378908
-1.99728 0.375528
-1.99144 0.37618
-1.9856 0.373486
-1.97976 0.372086
-1.97392 0.367891
-1.96808 0.3692
-1.96224 0.371184
-1.9564 0.366839
-1.95056 0.36748
-1.94472 0.363341
-1.93888 0.361673
-1.93304 0.359967
-1.9272 0.357984
-1.92136 0.355501
-1.91552 0.35151
-1.90968 0.354729
-1.90384 0.347619
-1.898 0.343409
-1.89216 0.340125
-1.88632 0.337977
-1.88048 0.339641
-1.87464 0.337219
-1.8688 0.334168
-1.86296 0.331649
-1.85712 0.327629
-1.85128 0.322636
-1.84544 0.317698
-1.8396 0.317032
-1.83376 0.313709
-1.82792 0.313907
-1.82208 0.3086
-1.81624 0.301176
-1.8104 0.299903
-1.80456 0.3008
-1.79872 0.294477
-1.79288 0.29292
-1.78704 0.283897
-1.7812 0.282112
-1.77536 0.281815
-1.76952 0.276426
-1.76368 0.275659
-1.75784 0.270072
-1.752 0.267659
-1.74616 0.264748
-1.74032 0.259075
-1.73448 0.259087
-1.72864 0.254855
-1.7228 0.253771
-1.71696 0.246502
-1.71112 0.242552
-1.70528 0.241893
-1.69944 0.235325
-1.6936 0.235305
-1.68776 0.232898
-1.68192 0.231846
-1.67608 0.224399
-1.67024 0.221376
-1.6644 0.219054
-1.65856 0.217609
-1.65272 0.212989
-1.64688 0.212694
-1.64104 0.211281
-1.6352 0.212059
-1.62936 0.211274
-1.62352 0.211306
-1.61768 0.212547
-1.61184 0.212151
-1.606 0.207246
-1.60016 0.210073
-1.59432 0.209132
-1.58848 0.205167
-1.58264 0.209774
-1.5768 0.20813
-1.57096 0.202475
-1.56512 0.20623
-1.55928 0.204669
-1.55344 0.207714
-1.5476 0.204515
-1.54176 0.207958
-1.53592 0.207828
-1.53008 0.208499
-1.52424 0.206077
-1.5184 0.20593
-1.51256 0.209406
-1.50672 0.205026
-1.50088 0.205283
-1.49504 0.211329
-1.4892 0.208024
-1.48336 0.212466
-1.47752 0.208066
-1.47168 0.211527
-1.46584 0.209183
-1.46 0.209768
-1.45416 0.21449
-1.44832 0.211454
-1.44248 0.210472
-1.43664 0.212923
-1.4308 0.208858
-1.42496 0.210933
-1.41912 0.213134
-1.41328 0.213491
-1.40744 0.212888
-1.4016 0.215885
-1.39576 0.217411
-1.38992 0.212095
-1.38408 0.211328
-1.37824 0.214084
-1.3724 0.213595
-1.36656 0.21409
-1.36072 0.21599
-1.35488 0.215106
-1.34904 0.214667
-1.3432 0.219678
-1.33736 0.220902
-1.33152 0.219472
-1.32568 0.225651
-1.31984 0.220429
-1.314 0.217575
-1.30816 0.22717
-1.30232 0.223855
-1.29648 0.221778
-1.29064 0.224528
-1.2848 0.226034
-1.27896 0.229276
-1.27312 0.22587
-1.26728 0.234938
-1.26144 0.227913
-1.2556 0.231194
-1.24976 0.233602
-1.24392 0.234695
-1.23808 0.237252
-1.23224 0.236228
-1.2264 0.236823
-1.22056 0.239113
-1.21472 0.238571
-1.20888 0.241299
-1.20304 0.24088
-1.1972 0.245932
-1.19136 0.245833
-1.18552 0.251612
-1.17968 0.254716
-1.17384 0.260171
-1.168 0.257166
-1.16216 0.259046
-1.15632 0.262274
-1.15048 0.261884
-1.14464 0.271463
-1.1388 0.268527
-1.13296 0.274131
-1.12712 0.280377
-1.12128 0.28215
-1.11544 0.28674
-1.1096 0.289388
-1.10376 0.295559
-1.09792 0.296052
-1.09208 0.300234
-1.08624 0.297467
-1.0804 0.301261
-1.07456 0.302484
-1.06872 0.306029
-1.06288 0.307743
-1.05704 0.313378
-1.0512 0.318044
-1.04536 0.320682
-1.03952 0.320309
-1.03368 0.326224
-1.02784 0.325988
-1.022 0.328255
-1.01616 0.330973
-1.01032 0.332926
-1.00448 0.336883
-0.99864 0.337502
-0.9928 0.337941
-0.98696 0.34034
-0.98112 0.344247
-0.97528 0.347827
-0.96944 0.346447
-0.9636 0.351033
-0.95776 0.354881
-0.95192 0.352181
-0.94608 0.351333
-0.94024 0.355215
-0.9344 0.35581
-0.92856 0.356645
-0.92272 0.360048
-0.91688 0.362659
-0.91104 0.364792
-0.9052 0.368488
-0.89936 0.368928
-0.89352 0.371767
-0.88768 0.375581
-0.88184 0.376203
-0.876 0.375217
-0.87016 0.381695
-0.86432 0.381906
-0.85848 0.382968
-0.85264 0.384339
-0.8468 0.386848
-0.84096 0.390771
-0.83512 0.392225
-0.82928 0.395115
-0.82344 0.395329
-0.8176 0.395796
-0.81176 0.399698
-0.80592 0.400501
-0.80008 0.4032
-0.79424 0.403761
-0.7884 0.405405
-0.78256 0.40836
-0.77672 0.407938
-0.77088 0.410129
-0.76504 0.412494
-0.7592 0.413937
-0.75336 0.413209
-0.74752 0.416494
-0.74168 0.418636
-0.73584 0.420074
-0.73 0.41867
-0.72416 0.417984
-0.71832 0.417336
-0.71248 0.418414
-0.70664 0.41823
-0.7008 0.417368
-0.69496 0.418606
-0.68912 0.418075
-0.68328 0.420208
-0.67744 0.419286
-0.6716 0.420395
-0.66576 0.421286
-0.65992 0.421197
-0.65408 0.423129
-0.64824 0.42039
-0.6424 0.421566
-0.63656 0.421228
-0.63072 0.421
-0.62488 0.42183
-0.61904 0.424129
-0.6132 0.424364
-0.60736 0.424592
-0.60152 0.42423
-0.59568 0.42423
-0.58984 0.42423
-0.584 0.42423
-0.57816 0.42423
-0.57232 0.42423
-0.56648 0.42423
-0.56064 0.42423
-0.5548 0.42423
-0.54896 0.42423
-0.54312 0.42423
-0.53728 0.42423
-0.53144 0.42423
-0.5256 0.42423
-0.51976 0.42423
-0.51392 0.42423
-0.50808 0.42423
-0.50224 0.42423
-0.4964 0.42423
-0.49056 0.42423
-0.48472 0.42423
-0.47888 0.42423
-0.47304 0.42423
-0.4672 0.42423
-0.46136 0.42423
-0.45552 0.42423
-0.44968 0.42423
-0.44384 0.42423
-0.438 0.42423
-0.43216 0.42423
-0.42632 0.42423
-0.42048 0.42423
-0.41464 0.42423
-0.4088 0.42423
-0.40296 0.42423
-0.39712 0.42423
-0.39128 0.42423
-0.38544 0.42423
-0.3796 0.42423
-0.37376 0.42423
-0.36792 0.42423
-0.36208 0.42423
-0.35624 0.42423
-0.3504 0.42423
-0.34456 0.42423
-0.33872 0.42423
-0.33288 0.42423
-0.32704 0.42423
-0.3212 0.42423
-0.31536 0.42423
-0.30952 0.42423
-0.30368 0.42423
-0.29784 0.42423
-0.292 0.42423
-0.28616 0.42423
-0.28032 0.42423
-0.27448 0.42423
-0.26864 0.42423
-0.2628 0.42423
-0.25696 0.42423
-0.25112 0.42423
-0.24528 0.42423
-0.23944 0.42423
-0.2336 0.42423
-0.22776 0.42423
-0.22192 0.42423
-0.21608 0.42423
-0.21024 0.42423
-0.2044 0.42423
-0.19856 0.42423
-0.19272 0.42423
-0.18688 0.42423
-0.18104 0.42423
-0.1752 0.42423
-0.16936 0.42423
-0.16352 0.42423
-0.15768 0.42423
-0.15184 0.42423
-0.146 0.42423
-0.14016 0.42423
-0.13432 0.42423
-0.12848 0.42423
-0.12264 0.42423
-0.1168 0.42423
-0.11096 0.42423
-0.10512 0.42423
-0.09928 0.42423
-0.09344 0.42423
-0.0876 0.42423
-0.08176 0.42423
-0.07592 0.42423
-0.07008 0.42423
-0.06424 0.42423
-0.0584 0.42423
-0.05256 0.42423
-0.04672 0.42423
-0.04088 0.42423
-0.03504 0.42423
-0.0292 0.42423
-0.02336 0.42423
-0.01752 0.42423
-0.01168 0.42423
-0.00584 0.42423
