-2.92 0.419853
-2.91416 0.419853
-2.90832 0.419853
-2.90248 0.419853
-2.89664 0.419853
-2.8908 0.419853
-2.88496 0.419853
-2.87912 0.419853
-2.87328 0.419853
-2.86744 0.419853
-2.8616 0.419853
-2.85576 0.419853
-2.84992 0.419853
-2.84408 0.419853
-2.83824 0.419853
-2.8324 0.419853
-2.82656 0.419853
-2.82072 0.419853
-2.81488 0.419853
-2.80904 0.419853
-2.8032 0.419853
-2.79736 0.419853
-2.79152 0.419853
-2.78568 0.419853
-2.77984 0.419853
-2.774 0.419853
-2.76816 0.419853
-2.76232 0.419853
-2.75648 0.419853
-2.75064 0.419853
-2.7448 0.419853
-2.73896 0.419853
-2.73312 0.419853
-2.72728 0.419853
-2.72144 0.419853
-2.7156 0.419853
-2.70976 0.419853
-2.70392 0.419853
-2.69808 0.419853
-2.69224 0.419853
-2.6864 0.419853
-2.68056 0.419853
-2.67472 0.419853
-2.66888 0.419853
-2.66304 0.419853
-2.6572 0.419853
-2.65136 0.419853
-2.64552 0.419853
-2.63968 0.419853
-2.63384 0.419853
-2.628 0.419853
-2.62216 0.419853
-2.61632 0.419853
-2.61048 0.419853
-2.60464 0.419853
-2.5988 0.419853
-2.59296 0.419407
-2.58712 0.418786
-2.58128 0.418078
-2.57544 0.417237
-2.5696 0.416307
-2.56376 0.415288
-2.55792 0.414223
-2.55208 0.41307
-2.54624 0.411915
-2.5404 0.410669
-2.53456 0.409335
-2.52872 0.408002
-2.52288 0.406711
-2.51704 0.405376
-2.5112 0.403912
-2.50536 0.402359
-2.49952 0.400804
-2.49368 0.39925
-2.48784 0.397911
-2.482 0.396438
-2.47616 0.394912
-2.47032 0.393338
-2.46448 0.392257
-2.45864 0.389798
-2.4528 0.388926
-2.44696 0.386593
-2.44112 0.384965
-2.43528 0.38296
-2.42944 0.382088
-2.4236 0.379706
-2.41776 0.379745
-2.41192 0.377241
-2.40608 0.375147
-2.40024 0.374431
-2.3944 0.371292
-2.38856 0.370991
-2.38272 0.368853
-2.37688 0.366254
-2.37104 0.364821
-2.3652 0.363388
-2.35936 0.361749
-2.35352 0.360154
-2.34768 0.357627
-2.34184 0.356062
-2.336 0.354334
-2.33016 0.352062
-2.32432 0.351079
-2.31848 0.349099
-2.31264 0.348202
-2.3068 0.345969
-2.30096 0.342856
-2.29512 0.341795
-2.28928 0.340446
-2.28344 0.339627
-2.2776 0.338471
-2.27176 0.336033
-2.26592 0.335935
-2.26008 0.333529
-2.25424 0.332044
-2.2484 0.334033
-2.24256 0.331251
-2.23672 0.330653
-2.23088 0.331179
-2.22504 0.331578
-2.2192 0.328542
-2.21336 0.329822
-2.20752 0.328936
-2.20168 0.328194
-2.19584 0.326217
-2.19 0.32587
-2.18416 0.326936
-2.17832 0.326186
-2.17248 0.326671
-2.16664 0.323155
-2.1608 0.324743
-2.15496 0.323171
-2.14912 0.322523
-2.14328 0.321556
-2.13744 0.321247
-2.1316 0.320051
-2.12576 0.319548
-2.11992 0.319888
-2.11408 0.32017
-2.10824 0.318913
-2.1024 0.316901
-2.09656 0.317355
-2.09072 0.31602
-2.08488 0.318268
-2.07904 0.316397
-2.0732 0.314819
-2.06736 0.3124
-2.06152 0.314879
-2.05568 0.311812
-2.04984 0.315134
-2.044 0.314954
-2.03816 0.312235
-2.03232 0.310015
-2.02648 0.311499
-2.02064 0.310862
-2.0148 0.308974
-2.00896 0.308731
-2.00312 0.313851
-1.99728 0.308517
-1.99144 0.310322
-1.9856 0.310891
-1.97976 0.310702
-1.97392 0.309063
-1.96808 0.309303
-1.96224 0.309299
-1.9564 0.308174
-1.95056 0.309784
-1.94472 0.306629
-1.93888 0.306251
-1.93304 0.303672
-1.9272 0.303662
-1.92136 0.303018
-1.91552 0.300736
-1.90968 0.300312
-1.90384 0.29984
-1.898 0.294533
-1.89216 0.295157
-1.88632 0.294463
-1.88048 0.291442
-1.87464 0.289257
-1.8688 0.288933
-1.86296 0.282255
-1.85712 0.285008
-1.85128 0.286616
-1.84544 0.279448
-1.8396 0.279241
-1.83376 0.276682
-1.82792 0.276039
-1.82208 0.270562
-1.81624 0.268054
-1.8104 0.27002
-1.80456 0.266765
-1.79872 0.26431
-1.79288 0.264472
-1.78704 0.259417
-1.7812 0.255847
-1.77536 0.254361
-1.76952 0.252575
-1.76368 0.2494
-1.75784 0.248735
-1.752 0.24734
-1.74616 0.240766
-1.74032 0.238772
-1.73448 0.235575
-1.72864 0.234037
-1.7228 0.229688
-1.71696 0.229199
-1.71112 0.224397
-1.70528 0.221743
-1.69944 0.218088
-1.6936 0.217128
-1.68776 0.217259
-1.68192 0.213118
-1.67608 0.20725
-1.67024 0.207815
-1.6644 0.205766
-1.65856 0.200843
-1.65272 0.202474
-1.64688 0.201034
-1.64104 0.198577
-1.6352 0.201218
-1.62936 0.200275
-1.62352 0.200823
-1.61768 0.196391
-1.61184 0.20282
-1.606 0.201552
-1.60016 0.195267
-1.59432 0.197495
-1.58848 0.194233
-1.58264 0.196336
-1.5768 0.196846
-1.57096 0.192309
-1.56512 0.196804
-1.55928 0.197794
-1.55344 0.199494
-1.5476 0.198795
-1.54176 0.199208
-1.53592 0.199304
-1.53008 0.199695
-1.52424 0.198854
-1.5184 0.19842
-1.51256 0.196659
-1.50672 0.19897
-1.50088 0.198011
-1.49504 0.203845
-1.4892 0.202939
-1.48336 0.2037
-1.47752 0.203765
-1.47168 0.205726
-1.46584 0.20248
-1.46 0.206043
-1.45416 0.206307
-1.44832 0.204965
-1.44248 0.209495
-1.43664 0.20734
-1.4308 0.207997
-1.42496 0.207334
-1.41912 0.208037
-1.41328 0.211885
-1.40744 0.209714
-1.4016 0.207464
-1.39576 0.210631
-1.38992 0.212694
-1.38408 0.203347
-1.37824 0.210354
-1.3724 0.20756
-1.36656 0.211099
-1.36072 0.20809
-1.35488 0.207874
-1.34904 0.207337
-1.3432 0.209859
-1.33736 0.211403
-1.33152 0.213114
-1.32568 0.21654
-1.31984 0.215092
-1.314 0.214311
-1.30816 0.213016
-1.30232 0.21379
-1.29648 0.215997
-1.29064 0.215558
-1.2848 0.217353
-1.27896 0.220259
-1.27312 0.217771
-1.26728 0.221876
-1.26144 0.219639
-1.2556 0.220579
-1.24976 0.223344
-1.24392 0.225517
-1.23808 0.222914
-1.23224 0.224827
-1.2264 0.225153
-1.22056 0.22779
-1.21472 0.223776
-1.20888 0.228989
-1.20304 0.228039
-1.1972 0.233102
-1.19136 0.239769
-1.18552 0.238172
-1.17968 0.241778
-1.17384 0.244943
-1.168 0.245899
-1.16216 0.246664
-1.15632 0.248578
-1.15048 0.25139
-1.14464 0.251831
-1.1388 0.254712
-1.13296 0.259085
-1.12712 0.2635
-1.12128 0.264952
-1.11544 0.268555
-1.1096 0.273758
-1.10376 0.277776
-1.09792 0.280685
-1.09208 0.282191
-1.08624 0.281807
-1.0804 0.282753
-1.07456 0.287757
-1.06872 0.288017
-1.06288 0.292219
-1.05704 0.300631
-1.0512 0.301341
-1.04536 0.303488
-1.03952 0.306193
-1.03368 0.308168
-1.02784 0.310126
-1.022 0.314006
-1.01616 0.315703
-1.01032 0.317394
-1.00448 0.323478
-0.99864 0.3245
-0.9928 0.327539
-0.98696 0.327462
-0.98112 0.332009
-0.97528 0.335067
-0.96944 0.336619
-0.9636 0.338271
-0.95776 0.341541
-0.95192 0.344997
-0.94608 0.339596
-0.94024 0.344399
-0.9344 0.346828
-0.92856 0.348775
-0.92272 0.351
-0.91688 0.352763
-0.91104 0.354178
-0.9052 0.358778
-0.89936 0.362334
-0.89352 0.3653
-0.88768 0.369672
-0.88184 0.369448
-0.876 0.37037
-0.87016 0.370935
-0.86432 0.371942
-0.85848 0.375383
-0.85264 0.377525
-0.8468 0.38021
-0.84096 0.383751
-0.83512 0.386474
-0.82928 0.388056
-0.82344 0.389336
-0.8176 0.39145
-0.81176 0.393599
-0.80592 0.396698
-0.80008 0.39625
-0.79424 0.398334
-0.7884 0.400159
-0.78256 0.402822
-0.77672 0.403005
-0.77088 0.40546
-0.76504 0.40631
-0.7592 0.408858
-0.75336 0.411044
-0.74752 0.411136
-0.74168 0.41266
-0.73584 0.414511
-0.73 0.412023
-0.72416 0.411432
-0.71832 0.410323
-0.71248 0.411841
-0.70664 0.410014
-0.7008 0.411158
-0.69496 0.412262
-0.68912 0.412015
-0.68328 0.412424
-0.67744 0.412904
-0.6716 0.414488
-0.66576 0.415139
-0.65992 0.414938
-0.65408 0.416817
-0.64824 0.414858
-0.6424 0.415158
-0.63656 0.415364
-0.63072 0.415197
-0.62488 0.416241
-0.61904 0.418298
-0.6132 0.4187
-0.60736 0.418928
-0.60152 0.418603
-0.59568 0.418603
-0.58984 0.418603
-0.584 0.418603
-0.57816 0.418603
-0.57232 0.418603
-0.56648 0.418603
-0.56064 0.418603
-0.5548 0.418603
-0.54896 0.418603
-0.54312 0.418603
-0.53728 0.418603
-0.53144 0.418603
-0.5256 0.418603
-0.51976 0.418603
-0.51392 0.418603
-0.50808 0.418603
-0.50224 0.418603
-0.4964 0.418603
-0.49056 0.418603
-0.48472 0.418603
-0.47888 0.418603
-0.47304 0.418603
-0.4672 0.418603
-0.46136 0.418603
-0.45552 0.418603
-0.44968 0.418603
-0.44384 0.418603
-0.438 0.418603
-0.43216 0.418603
-0.42632 0.418603
-0.42048 0.418603
-0.41464 0.418603
-0.4088 0.418603
-0.40296 0.418603
-0.39712 0.418603
-0.39128 0.418603
-0.38544 0.418603
-0.3796 0.418603
-0.37376 0.418603
-0.36792 0.418603
-0.36208 0.418603
-0.35624 0.418603
-0.3504 0.418603
-0.34456 0.418603
-0.33872 0.418603
-0.33288 0.418603
-0.32704 0.418603
-0.3212 0.418603
-0.31536 0.418603
-0.30952 0.418603
-0.30368 0.418603
-0.29784 0.418603
-0.292 0.418603
-0.28616 0.418603
-0.28032 0.418603
-0.27448 0.418603
-0.26864 0.418603
-0.2628 0.418603
-0.25696 0.418603
-0.25112 0.418603
-0.24528 0.418603
-0.23944 0.418603
-0.2336 0.418603
-0.22776 0.418603
-0.22192 0.418603
-0.21608 0.418603
-0.21024 0.418603
-0.2044 0.418603
-0.19856 0.418603
-0.19272 0.418603
-0.18688 0.418603
-0.18104 0.418603
-0.1752 0.418603
-0.16936 0.418603
-0.16352 0.418603
-0.15768 0.418603
-0.15184 0.418603
-0.146 0.418603
-0.14016 0.418603
-0.13432 0.418603
-0.12848 0.418603
-0.12264 0.418603
-0.1168 0.418603
-0.11096 0.418603
-0.10512 0.418603
-0.09928 0.418603
-0.09344 0.418603
-0.0876 0.418603
-0.08176 0.418603
-0.07592 0.418603
-0.07008 0.418603
-0.06424 0.418603
-0.0584 0.418603
-0.05256 0.418603
-0.04672 0.418603
-0.04088 0.418603
-0.03504 0.418603
-0.0292 0.418603
-0.02336 0.418603
-0.01752 0.418603
-0.01168 0.418603
-0.00584 0.418603
