-2.92 0.509633
-2.91416 0.509633
-2.90832 0.509633
-2.90248 0.509633
-2.89664 0.509633
-2.8908 0.509633
-2.88496 0.509633
-2.87912 0.509633
-2.87328 0.509633
-2.86744 0.509633
-2.8616 0.509633
-2.85576 0.509633
-2.84992 0.509633
-2.84408 0.509633
-2.83824 0.509633
-2.8324 0.509633
-2.82656 0.509633
-2.82072 0.509633
-2.81488 0.509633
-2.80904 0.509633
-2.8032 0.509633
-2.79736 0.509633
-2.79152 0.509633
-2.78568 0.509633
-2.77984 0.509633
-2.774 0.509633
-2.76816 0.509633
-2.76232 0.509633
-2.75648 0.509633
-2.75064 0.509633
-2.7448 0.509633
-2.73896 0.509633
-2.73312 0.509633
-2.72728 0.509633
-2.72144 0.509633
-2.7156 0.509633
-2.70976 0.509633
-2.70392 0.509633
-2.69808 0.509633
-2.69224 0.509633
-2.6864 0.509633
-2.68056 0.509633
-2.67472 0.509633
-2.66888 0.509633
-2.66304 0.509633
-2.6572 0.509633
-2.65136 0.509633
-2.64552 0.509633
-2.63968 0.509633
-2.63384 0.509633
-2.628 0.509633
-2.62216 0.509633
-2.61632 0.509633
-2.61048 0.509633
-2.60464 0.509633
-2.5988 0.509633
-2.59296 0.509145
-2.58712 0.508259
-2.58128 0.507285
-2.57544 0.506223
-2.5696 0.504984
-2.56376 0.503476
-2.55792 0.501879
-2.55208 0.500238
-2.54624 0.498464
-2.5404 0.496604
-2.53456 0.494567
-2.52872 0.492442
-2.52288 0.490361
-2.51704 0.488236
-2.5112 0.486157
-2.50536 0.483987
-2.49952 0.482229
-2.49368 0.48064
-2.48784 0.479415
-2.482 0.47787
-2.47616 0.475565
-2.47032 0.474698
-2.46448 0.47317
-2.45864 0.472382
-2.4528 0.471132
-2.44696 0.469263
-2.44112 0.467343
-2.43528 0.465015
-2.42944 0.46447
-2.4236 0.462762
-2.41776 0.461053
-2.41192 0.459259
-2.40608 0.458493
-2.40024 0.454745
-2.3944 0.454555
-2.38856 0.45126
-2.38272 0.449533
-2.37688 0.448427
-2.37104 0.444598
-2.3652 0.444193
-2.35936 0.440934
-2.35352 0.438751
-2.34768 0.436648
-2.34184 0.433478
-2.336 0.430671
-2.33016 0.42935
-2.32432 0.424142
-2.31848 0.424765
-2.31264 0.422492
-2.3068 0.418528
-2.30096 0.416989
-2.29512 0.412578
-2.28928 0.411286
-2.28344 0.407562
-2.2776 0.406192
-2.27176 0.402749
-2.26592 0.401025
-2.26008 0.399575
-2.25424 0.394562
-2.2484 0.393731
-2.24256 0.390078
-2.23672 0.386518
-2.23088 0.38624
-2.22504 0.381478
-2.2192 0.378245
-2.21336 0.375448
-2.20752 0.374577
-2.20168 0.368842
-2.19584 0.369174
-2.19 0.365391
-2.18416 0.360732
-2.17832 0.358527
-2.17248 0.35376
-2.16664 0.351178
-2.1608 0.346952
-2.15496 0.342004
-2.14912 0.339186
-2.14328 0.334071
-2.13744 0.330021
-2.1316 0.326175
-2.12576 0.322154
-2.11992 0.320542
-2.11408 0.312956
-2.10824 0.308472
-2.1024 0.304415
-2.09656 0.301208
-2.09072 0.297773
-2.08488 0.291228
-2.07904 0.289118
-2.0732 0.284224
-2.06736 0.280621
-2.06152 0.27422
-2.05568 0.270579
-2.04984 0.264485
-2.044 0.259964
-2.03816 0.255569
-2.03232 0.251607
-2.02648 0.246645
-2.02064 0.242465
-2.0148 0.239252
-2.00896 0.236573
-2.00312 0.233387
-1.99728 0.231719
-1.99144 0.230889
-1.9856 0.227094
-1.97976 0.226334
-1.97392 0.22242
-1.96808 0.219528
-1.96224 0.217714
-1.9564 0.216525
-1.95056 0.216534
-1.94472 0.214896
-1.93888 0.211911
-1.93304 0.211885
-1.9272 0.211754
-1.92136 0.210016
-1.91552 0.208775
-1.90968 0.208233
-1.90384 0.20824
-1.898 0.208254
-1.89216 0.205275
-1.88632 0.205746
-1.88048 0.205139
-1.87464 0.203326
-1.8688 0.202548
-1.86296 0.2055
-1.85712 0.203901
-1.85128 0.203904
-1.84544 0.204234
-1.8396 0.204802
-1.83376 0.20476
-1.82792 0.204755
-1.82208 0.203833
-1.81624 0.204522
-1.8104 0.205592
-1.80456 0.202438
-1.79872 0.205173
-1.79288 0.206301
-1.78704 0.207284
-1.7812 0.206491
-1.77536 0.205334
-1.76952 0.20429
-1.76368 0.2057
-1.75784 0.207998
-1.752 0.209116
-1.74616 0.209716
-1.74032 0.207366
-1.73448 0.210971
-1.72864 0.212697
-1.7228 0.213813
-1.71696 0.212331
-1.71112 0.211482
-1.70528 0.212919
-1.69944 0.217839
-1.6936 0.215783
-1.68776 0.21599
-1.68192 0.217532
-1.67608 0.217565
-1.67024 0.218406
-1.6644 0.214126
-1.65856 0.217666
-1.65272 0.219136
-1.64688 0.219981
-1.64104 0.218146
-1.6352 0.217865
-1.62936 0.216862
-1.62352 0.216114
-1.61768 0.217811
-1.61184 0.221847
-1.606 0.223792
-1.60016 0.228395
-1.59432 0.22781
-1.58848 0.228291
-1.58264 0.233173
-1.5768 0.236146
-1.57096 0.230058
-1.56512 0.240087
-1.55928 0.239334
-1.55344 0.246994
-1.5476 0.245368
-1.54176 0.253472
-1.53592 0.251911
-1.53008 0.256715
-1.52424 0.255338
-1.5184 0.257865
-1.51256 0.267173
-1.50672 0.269621
-1.50088 0.270881
-1.49504 0.275241
-1.4892 0.277653
-1.48336 0.27926
-1.47752 0.275605
-1.47168 0.283638
-1.46584 0.285132
-1.46 0.285508
-1.45416 0.289088
-1.44832 0.293926
-1.44248 0.295561
-1.43664 0.298485
-1.4308 0.300685
-1.42496 0.307201
-1.41912 0.305126
-1.41328 0.312114
-1.40744 0.315246
-1.4016 0.317506
-1.39576 0.321421
-1.38992 0.324923
-1.38408 0.325855
-1.37824 0.33144
-1.3724 0.331051
-1.36656 0.33305
-1.36072 0.334712
-1.35488 0.337077
-1.34904 0.340309
-1.3432 0.340531
-1.33736 0.347706
-1.33152 0.348908
-1.32568 0.352714
-1.31984 0.356938
-1.314 0.359461
-1.30816 0.36251
-1.30232 0.362316
-1.29648 0.370515
-1.29064 0.368745
-1.2848 0.373685
-1.27896 0.375207
-1.27312 0.375974
-1.26728 0.376948
-1.26144 0.380682
-1.2556 0.378433
-1.24976 0.383378
-1.24392 0.385953
-1.23808 0.388512
-1.23224 0.391884
-1.2264 0.393798
-1.22056 0.395896
-1.21472 0.399518
-1.20888 0.40466
-1.20304 0.403814
-1.1972 0.409904
-1.19136 0.40703
-1.18552 0.411506
-1.17968 0.410866
-1.17384 0.416924
-1.168 0.417574
-1.16216 0.42263
-1.15632 0.421146
-1.15048 0.422494
-1.14464 0.426979
-1.1388 0.42545
-1.13296 0.418334
-1.12712 0.425509
-1.12128 0.428072
-1.11544 0.435795
-1.1096 0.431668
-1.10376 0.437469
-1.09792 0.439189
-1.09208 0.438713
-1.08624 0.435199
-1.0804 0.440394
-1.07456 0.446972
-1.06872 0.443135
-1.06288 0.445037
-1.05704 0.447126
-1.0512 0.449374
-1.04536 0.445596
-1.03952 0.44018
-1.03368 0.444518
-1.02784 0.444112
-1.022 0.438938
-1.01616 0.439515
-1.01032 0.440648
-1.00448 0.438052
-0.99864 0.435718
-0.9928 0.436481
-0.98696 0.438951
-0.98112 0.432467
-0.97528 0.435673
-0.96944 0.434229
-0.9636 0.433366
-0.95776 0.434348
-0.95192 0.433734
-0.94608 0.43284
-0.94024 0.431806
-0.9344 0.43119
-0.92856 0.430497
-0.92272 0.424651
-0.91688 0.426854
-0.91104 0.426337
-0.9052 0.425216
-0.89936 0.42596
-0.89352 0.425856
-0.88768 0.425791
-0.88184 0.425818
-0.876 0.424309
-0.87016 0.423459
-0.86432 0.424775
-0.85848 0.426131
-0.85264 0.425323
-0.8468 0.421386
-0.84096 0.423333
-0.83512 0.42233
-0.82928 0.420796
-0.82344 0.41921
-0.8176 0.418211
-0.81176 0.418765
-0.80592 0.420007
-0.80008 0.417033
-0.79424 0.417347
-0.7884 0.418461
-0.78256 0.417154
-0.77672 0.417229
-0.77088 0.418016
-0.76504 0.417668
-0.7592 0.419212
-0.75336 0.417778
-0.74752 0.418981
-0.74168 0.41805
-0.73584 0.420244
-0.73 0.420117
-0.72416 0.422132
-0.71832 0.421464
-0.71248 0.422619
-0.70664 0.423566
-0.7008 0.423235
-0.69496 0.423903
-0.68912 0.424861
-0.68328 0.426289
-0.67744 0.430305
-0.6716 0.431848
-0.66576 0.433119
-0.65992 0.434671
-0.65408 0.434328
-0.64824 0.435234
-0.6424 0.437981
-0.63656 0.43915
-0.63072 0.439034
-0.62488 0.439176
-0.61904 0.439122
-0.6132 0.438982
-0.60736 0.437957
-0.60152 0.438525
-0.59568 0.438525
-0.58984 0.438525
-0.584 0.438525
-0.57816 0.438525
-0.57232 0.438525
-0.56648 0.438525
-0.56064 0.438525
-0.5548 0.438525
-0.54896 0.438525
-0.54312 0.438525
-0.53728 0.438525
-0.53144 0.438525
-0.5256 0.438525
-0.51976 0.438525
-0.51392 0.438525
-0.50808 0.438525
-0.50224 0.438525
-0.4964 0.438525
-0.49056 0.438525
-0.48472 0.438525
-0.47888 0.438525
-0.47304 0.438525
-0.4672 0.438525
-0.46136 0.438525
-0.45552 0.438525
-0.44968 0.438525
-0.44384 0.438525
-0.438 0.438525
-0.43216 0.438525
-0.42632 0.438525
-0.42048 0.438525
-0.41464 0.438525
-0.4088 0.438525
-0.40296 0.438525
-0.39712 0.438525
-0.39128 0.438525
-0.38544 0.438525
-0.3796 0.438525
-0.37376 0.438525
-0.36792 0.438525
-0.36208 0.438525
-0.35624 0.438525
-0.3504 0.438525
-0.34456 0.438525
-0.33872 0.438525
-0.33288 0.438525
-0.32704 0.438525
-0.3212 0.438525
-0.31536 0.438525
-0.30952 0.438525
-0.30368 0.438525
-0.29784 0.438525
-0.292 0.438525
-0.28616 0.438525
-0.28032 0.438525
-0.27448 0.438525
-0.26864 0.438525
-0.2628 0.438525
-0.25696 0.438525
-0.25112 0.438525
-0.24528 0.438525
-0.23944 0.438525
-0.2336 0.438525
-0.22776 0.438525
-0.22192 0.438525
-0.21608 0.438525
-0.21024 0.438525
-0.2044 0.438525
-0.19856 0.438525
-0.19272 0.438525
-0.18688 0.438525
-0.18104 0.438525
-0.1752 0.438525
-0.16936 0.438525
-0.16352 0.438525
-0.15768 0.438525
-0.15184 0.438525
-0.146 0.438525
-0.14016 0.438525
-0.13432 0.438525
-0.12848 0.438525
-0.12264 0.438525
-0.1168 0.438525
-0.11096 0.438525
-0.10512 0.438525
-0.09928 0.438525
-0.09344 0.438525
-0.0876 0.438525
-0.08176 0.438525
-0.07592 0.438525
-0.07008 0.438525
-0.06424 0.438525
-0.0584 0.438525
-0.05256 0.438525
-0.04672 0.438525
-0.04088 0.438525
-0.03504 0.438525
-0.0292 0.438525
-0.02336 0.438525
-0.01752 0.438525
-0.01168 0.438525
-0.00584 0.438525
