-2.92 0.468959
-2.91416 0.468959
-2.90832 0.468959
-2.90248 0.468959
-2.89664 0.468959
-2.8908 0.468959
-2.88496 0.468959
-2.87912 0.468959
-2.87328 0.468959
-2.86744 0.468959
-2.8616 0.468959
-2.85576 0.468959
-2.84992 0.468959
-2.84408 0.468959
-2.83824 0.468959
-2.8324 0.468959
-2.82656 0.468959
-2.82072 0.468959
-2.81488 0.468959
-2.80904 0.468959
-2.8032 0.468959
-2.79736 0.468959
-2.79152 0.468959
-2.78568 0.468959
-2.77984 0.468959
-2.774 0.468959
-2.76816 0.468959
-2.76232 0.468959
-2.75648 0.468959
-2.75064 0.468959
-2.7448 0.468959
-2.73896 0.468959
-2.73312 0.468959
-2.72728 0.468959
-2.72144 0.468959
-2.7156 0.468959
-2.70976 0.468959
-2.70392 0.468959
-2.69808 0.468959
-2.69224 0.468959
-2.6864 0.468959
-2.68056 0.468959
-2.67472 0.468959
-2.66888 0.468959
-2.66304 0.468959
-2.6572 0.468959
-2.65136 0.468959
-2.64552 0.468959
-2.63968 0.468959
-2.63384 0.468959
-2.628 0.468959
-2.62216 0.468959
-2.61632 0.468959
-2.61048 0.468959
-2.60464 0.468959
-2.5988 0.468959
-2.59296 0.468471
-2.58712 0.467721
-2.58128 0.466928
-2.57544 0.466047
-2.5696 0.464947
-2.56376 0.463672
-2.55792 0.462353
-2.55208 0.461033
-2.54624 0.459626
-2.5404 0.458087
-2.53456 0.456461
-2.52872 0.454791
-2.52288 0.453165
-2.51704 0.451494
-2.5112 0.449824
-2.50536 0.448023
-2.49952 0.446267
-2.49368 0.444509
-2.48784 0.442663
-2.482 0.440864
-2.47616 0.438799
-2.47032 0.436732
-2.46448 0.434576
-2.45864 0.432461
-2.4528 0.430092
-2.44696 0.42797
-2.44112 0.425638
-2.43528 0.423134
-2.42944 0.420757
-2.4236 0.418249
-2.41776 0.415996
-2.41192 0.413737
-2.40608 0.410935
-2.40024 0.408459
-2.3944 0.405731
-2.38856 0.403333
-2.38272 0.401109
-2.37688 0.398217
-2.37104 0.396154
-2.3652 0.393474
-2.35936 0.391158
-2.35352 0.38959
-2.34768 0.386824
-2.34184 0.384763
-2.336 0.382319
-2.33016 0.380464
-2.32432 0.377347
-2.31848 0.375983
-2.31264 0.372706
-2.3068 0.372015
-2.30096 0.368814
-2.29512 0.366372
-2.28928 0.363842
-2.28344 0.361134
-2.2776 0.358511
-2.27176 0.356063
-2.26592 0.353531
-2.26008 0.351416
-2.25424 0.348959
-2.2484 0.344559
-2.24256 0.343539
-2.23672 0.339893
-2.23088 0.339075
-2.22504 0.335824
-2.2192 0.334244
-2.21336 0.329761
-2.20752 0.328049
-2.20168 0.326241
-2.19584 0.322612
-2.19 0.32211
-2.18416 0.319617
-2.17832 0.316381
-2.17248 0.311427
-2.16664 0.308327
-2.1608 0.305656
-2.15496 0.304098
-2.14912 0.299108
-2.14328 0.297744
-2.13744 0.295096
-2.1316 0.292751
-2.12576 0.289266
-2.11992 0.286375
-2.11408 0.286375
-2.10824 0.280312
-2.1024 0.27719
-2.09656 0.274654
-2.09072 0.273105
-2.08488 0.268967
-2.07904 0.266637
-2.0732 0.265117
-2.06736 0.263298
-2.06152 0.258727
-2.05568 0.256022
-2.04984 0.252977
-2.044 0.249519
-2.03816 0.247803
-2.03232 0.244157
-2.02648 0.244797
-2.02064 0.236873
-2.0148 0.234721
-2.00896 0.233114
-2.00312 0.231739
-1.99728 0.232857
-1.99144 0.23086
-1.9856 0.228464
-1.97976 0.229333
-1.97392 0.229555
-1.96808 0.229688
-1.96224 0.224611
-1.9564 0.225414
-1.95056 0.225339
-1.94472 0.220379
-1.93888 0.221066
-1.93304 0.224765
-1.9272 0.219237
-1.92136 0.219925
-1.91552 0.217387
-1.90968 0.221191
-1.90384 0.219467
-1.898 0.217972
-1.89216 0.215254
-1.88632 0.216123
-1.88048 0.218088
-1.87464 0.217552
-1.8688 0.216371
-1.86296 0.216439
-1.85712 0.215572
-1.85128 0.217236
-1.84544 0.219028
-1.8396 0.2158
-1.83376 0.216531
-1.82792 0.219013
-1.82208 0.215142
-1.81624 0.218715
-1.8104 0.217216
-1.80456 0.217154
-1.79872 0.216512
-1.79288 0.219379
-1.78704 0.217785
-1.7812 0.21766
-1.77536 0.216567
-1.76952 0.216104
-1.76368 0.216732
-1.75784 0.218703
-1.752 0.223185
-1.74616 0.220529
-1.74032 0.218772
-1.73448 0.222375
-1.72864 0.218681
-1.7228 0.223234
-1.71696 0.219179
-1.71112 0.221122
-1.70528 0.224262
-1.69944 0.224462
-1.6936 0.225453
-1.68776 0.228508
-1.68192 0.222959
-1.67608 0.224563
-1.67024 0.223506
-1.6644 0.224963
-1.65856 0.222406
-1.65272 0.222033
-1.64688 0.225293
-1.64104 0.226006
-1.6352 0.224216
-1.62936 0.222791
-1.62352 0.223399
-1.61768 0.221412
-1.61184 0.227893
-1.606 0.227972
-1.60016 0.229913
-1.59432 0.228744
-1.58848 0.236642
-1.58264 0.233638
-1.5768 0.232776
-1.57096 0.241586
-1.56512 0.240706
-1.55928 0.241254
-1.55344 0.24694
-1.5476 0.248294
-1.54176 0.24796
-1.53592 0.251493
-1.53008 0.250026
-1.52424 0.255737
-1.5184 0.259592
-1.51256 0.25895
-1.50672 0.260251
-1.50088 0.263481
-1.49504 0.269914
-1.4892 0.268476
-1.48336 0.262298
-1.47752 0.270714
-1.47168 0.275131
-1.46584 0.271926
-1.46 0.278458
-1.45416 0.278005
-1.44832 0.284411
-1.44248 0.284226
-1.43664 0.282796
-1.4308 0.2894
-1.42496 0.288951
-1.41912 0.291028
-1.41328 0.293203
-1.40744 0.300588
-1.4016 0.300366
-1.39576 0.303211
-1.38992 0.303236
-1.38408 0.307466
-1.37824 0.310171
-1.3724 0.309958
-1.36656 0.310555
-1.36072 0.313063
-1.35488 0.317197
-1.34904 0.311756
-1.3432 0.321861
-1.33736 0.31959
-1.33152 0.325326
-1.32568 0.326498
-1.31984 0.326714
-1.314 0.332562
-1.30816 0.330417
-1.30232 0.336223
-1.29648 0.337096
-1.29064 0.338152
-1.2848 0.343992
-1.27896 0.340577
-1.27312 0.346075
-1.26728 0.348039
-1.26144 0.348626
-1.2556 0.348699
-1.24976 0.353816
-1.24392 0.35246
-1.23808 0.35572
-1.23224 0.354098
-1.2264 0.359851
-1.22056 0.356646
-1.21472 0.359063
-1.20888 0.365626
-1.20304 0.366631
-1.1972 0.36912
-1.19136 0.369469
-1.18552 0.372817
-1.17968 0.374157
-1.17384 0.379858
-1.168 0.376798
-1.16216 0.38199
-1.15632 0.380532
-1.15048 0.386035
-1.14464 0.385456
-1.1388 0.386958
-1.13296 0.390033
-1.12712 0.390258
-1.12128 0.393191
-1.11544 0.397637
-1.1096 0.398405
-1.10376 0.397963
-1.09792 0.404805
-1.09208 0.399778
-1.08624 0.401887
-1.0804 0.409302
-1.07456 0.408471
-1.06872 0.408333
-1.06288 0.406804
-1.05704 0.412323
-1.0512 0.411146
-1.04536 0.404731
-1.03952 0.408901
-1.03368 0.410546
-1.02784 0.405528
-1.022 0.406153
-1.01616 0.405024
-1.01032 0.406071
-1.00448 0.403998
-0.99864 0.400151
-0.9928 0.401639
-0.98696 0.400827
-0.98112 0.401777
-0.97528 0.398882
-0.96944 0.400246
-0.9636 0.402148
-0.95776 0.398479
-0.95192 0.394619
-0.94608 0.397039
-0.94024 0.39607
-0.9344 0.394641
-0.92856 0.392356
-0.92272 0.39277
-0.91688 0.394238
-0.91104 0.386717
-0.9052 0.392447
-0.89936 0.388488
-0.89352 0.390411
-0.88768 0.389284
-0.88184 0.389359
-0.876 0.389409
-0.87016 0.385797
-0.86432 0.386944
-0.85848 0.38772
-0.85264 0.387167
-0.8468 0.385368
-0.84096 0.386161
-0.83512 0.386337
-0.82928 0.383958
-0.82344 0.381088
-0.8176 0.380155
-0.81176 0.380647
-0.80592 0.379139
-0.80008 0.380529
-0.79424 0.379971
-0.7884 0.380925
-0.78256 0.379906
-0.77672 0.380685
-0.77088 0.38009
-0.76504 0.379097
-0.7592 0.380526
-0.75336 0.381038
-0.74752 0.381768
-0.74168 0.381218
-0.73584 0.382732
-0.73 0.382129
-0.72416 0.382945
-0.71832 0.384066
-0.71248 0.38468
-0.70664 0.385511
-0.7008 0.384901
-0.69496 0.385663
-0.68912 0.3865
-0.68328 0.388228
-0.67744 0.391387
-0.6716 0.393467
-0.66576 0.394091
-0.65992 0.395449
-0.65408 0.395413
-0.64824 0.395895
-0.6424 0.39802
-0.63656 0.398868
-0.63072 0.398927
-0.62488 0.399488
-0.61904 0.400156
-0.6132 0.40004
-0.60736 0.399018
-0.60152 0.399588
-0.59568 0.399588
-0.58984 0.399588
-0.584 0.399588
-0.57816 0.399588
-0.57232 0.399588
-0.56648 0.399588
-0.56064 0.399588
-0.5548 0.399588
-0.54896 0.399588
-0.54312 0.399588
-0.53728 0.399588
-0.53144 0.399588
-0.5256 0.399588
-0.51976 0.399588
-0.51392 0.399588
-0.50808 0.399588
-0.50224 0.399588
-0.4964 0.399588
-0.49056 0.399588
-0.48472 0.399588
-0.47888 0.399588
-0.47304 0.399588
-0.4672 0.399588
-0.46136 0.399588
-0.45552 0.399588
-0.44968 0.399588
-0.44384 0.399588
-0.438 0.399588
-0.43216 0.399588
-0.42632 0.399588
-0.42048 0.399588
-0.41464 0.399588
-0.4088 0.399588
-0.40296 0.399588
-0.39712 0.399588
-0.39128 0.399588
-0.38544 0.399588
-0.3796 0.399588
-0.37376 0.399588
-0.36792 0.399588
-0.36208 0.399588
-0.35624 0.399588
-0.3504 0.399588
-0.34456 0.399588
-0.33872 0.399588
-0.33288 0.399588
-0.32704 0.399588
-0.3212 0.399588
-0.31536 0.399588
-0.30952 0.399588
-0.30368 0.399588
-0.29784 0.399588
-0.292 0.399588
-0.28616 0.399588
-0.28032 0.399588
-0.27448 0.399588
-0.26864 0.399588
-0.2628 0.399588
-0.25696 0.399588
-0.25112 0.399588
-0.24528 0.399588
-0.23944 0.399588
-0.2336 0.399588
-0.22776 0.399588
-0.22192 0.399588
-0.21608 0.399588
-0.21024 0.399588
-0.2044 0.399588
-0.19856 0.399588
-0.19272 0.399588
-0.18688 0.399588
-0.18104 0.399588
-0.1752 0.399588
-0.16936 0.399588
-0.16352 0.399588
-0.15768 0.399588
-0.15184 0.399588
-0.146 0.399588
-0.14016 0.399588
-0.13432 0.399588
-0.12848 0.399588
-0.12264 0.399588
-0.1168 0.399588
-0.11096 0.399588
-0.10512 0.399588
-0.09928 0.399588
-0.09344 0.399588
-0.0876 0.399588
-0.08176 0.399588
-0.07592 0.399588
-0.07008 0.399588
-0.06424 0.399588
-0.0584 0.399588
-0.05256 0.399588
-0.04672 0.399588
-0.04088 0.399588
-0.03504 0.399588
-0.0292 0.399588
-0.02336 0.399588
-0.01752 0.399588
-0.01168 0.399588
-0.00584 0.399588
