-2.92 0.462752
-2.91416 0.462752
-2.90832 0.462752
-2.90248 0.462752
-2.89664 0.462752
-2.8908 0.462752
-2.88496 0.462752
-2.87912 0.462752
-2.87328 0.462752
-2.86744 0.462752
-2.8616 0.462752
-2.85576 0.462752
-2.84992 0.462752
-2.84408 0.462752
-2.83824 0.462752
-2.8324 0.462752
-2.82656 0.462752
-2.82072 0.462752
-2.81488 0.462752
-2.80904 0.462752
-2.8032 0.462752
-2.79736 0.462752
-2.79152 0.462752
-2.78568 0.462752
-2.77984 0.462752
-2.774 0.462752
-2.76816 0.462752
-2.76232 0.462752
-2.75648 0.462752
-2.75064 0.462752
-2.7448 0.462752
-2.73896 0.462752
-2.73312 0.462752
-2.72728 0.462752
-2.72144 0.462752
-2.7156 0.462752
-2.70976 0.462752
-2.70392 0.462752
-2.69808 0.462752
-2.69224 0.462752
-2.6864 0.462752
-2.68056 0.462752
-2.67472 0.462752
-2.66888 0.462752
-2.66304 0.462752
-2.6572 0.462752
-2.65136 0.462752
-2.64552 0.462752
-2.63968 0.462752
-2.63384 0.462752
-2.628 0.462752
-2.62216 0.462752
-2.61632 0.462752
-2.61048 0.462752
-2.60464 0.462752
-2.5988 0.462752
-2.59296 0.462222
-2.58712 0.461381
-2.58128 0.460453
-2.57544 0.459482
-2.5696 0.458335
-2.56376 0.457186
-2.55792 0.455906
-2.55208 0.454628
-2.54624 0.453392
-2.5404 0.451937
-2.53456 0.450349
-2.52872 0.448719
-2.52288 0.447089
-2.51704 0.44537
-2.5112 0.443561
-2.50536 0.44171
-2.49952 0.439902
-2.49368 0.438049
-2.48784 0.436152
-2.482 0.434342
-2.47616 0.432264
-2.47032 0.430188
-2.46448 0.427853
-2.45864 0.425724
-2.4528 0.423347
-2.44696 0.421215
-2.44112 0.418876
-2.43528 0.416365
-2.42944 0.414445
-2.4236 0.412357
-2.41776 0.410259
-2.41192 0.408082
-2.40608 0.405899
-2.40024 0.403841
-2.3944 0.40161
-2.38856 0.399342
-2.38272 0.397357
-2.37688 0.395376
-2.37104 0.393057
-2.3652 0.390739
-2.35936 0.388418
-2.35352 0.385633
-2.34768 0.384107
-2.34184 0.38145
-2.336 0.379756
-2.33016 0.377059
-2.32432 0.374902
-2.31848 0.374299
-2.31264 0.370675
-2.3068 0.367968
-2.30096 0.365775
-2.29512 0.362994
-2.28928 0.360959
-2.28344 0.361193
-2.2776 0.358117
-2.27176 0.356292
-2.26592 0.353173
-2.26008 0.350424
-2.25424 0.349153
-2.2484 0.346354
-2.24256 0.343893
-2.23672 0.341144
-2.23088 0.339991
-2.22504 0.33686
-2.2192 0.335995
-2.21336 0.3326
-2.20752 0.329022
-2.20168 0.328443
-2.19584 0.324213
-2.19 0.32183
-2.18416 0.318194
-2.17832 0.317397
-2.17248 0.314732
-2.16664 0.312623
-2.1608 0.308639
-2.15496 0.306775
-2.14912 0.304058
-2.14328 0.30254
-2.13744 0.299166
-2.1316 0.297197
-2.12576 0.29439
-2.11992 0.293069
-2.11408 0.292254
-2.10824 0.288238
-2.1024 0.28973
-2.09656 0.287205
-2.09072 0.285273
-2.08488 0.284433
-2.07904 0.278346
-2.0732 0.279406
-2.06736 0.278504
-2.06152 0.273278
-2.05568 0.27526
-2.04984 0.273984
-2.044 0.2738
-2.03816 0.268208
-2.03232 0.26944
-2.02648 0.267846
-2.02064 0.265315
-2.0148 0.264278
-2.00896 0.263782
-2.00312 0.261562
-1.99728 0.262238
-1.99144 0.257155
-1.9856 0.258593
-1.97976 0.25949
-1.97392 0.25873
-1.96808 0.255284
-1.96224 0.254524
-1.9564 0.252637
-1.95056 0.249781
-1.94472 0.25197
-1.93888 0.249947
-1.93304 0.246033
-1.9272 0.244553
-1.92136 0.244828
-1.91552 0.243127
-1.90968 0.239666
-1.90384 0.237796
-1.898 0.236576
-1.89216 0.236028
-1.88632 0.23327
-1.88048 0.226454
-1.87464 0.225806
-1.8688 0.223896
-1.86296 0.219647
-1.85712 0.218803
-1.85128 0.217202
-1.84544 0.216068
-1.8396 0.209577
-1.83376 0.209524
-1.82792 0.208831
-1.82208 0.209879
-1.81624 0.204316
-1.8104 0.203979
-1.80456 0.201636
-1.79872 0.195895
-1.79288 0.198334
-1.78704 0.193286
-1.7812 0.188455
-1.77536 0.189838
-1.76952 0.186193
-1.76368 0.184727
-1.75784 0.185865
-1.752 0.184994
-1.74616 0.183288
-1.74032 0.177059
-1.73448 0.178297
-1.72864 0.173184
-1.7228 0.172161
-1.71696 0.171188
-1.71112 0.168043
-1.70528 0.163335
-1.69944 0.161652
-1.6936 0.164179
-1.68776 0.156759
-1.68192 0.159211
-1.67608 0.157999
-1.67024 0.156489
-1.6644 0.155425
-1.65856 0.15364
-1.65272 0.156045
-1.64688 0.156713
-1.64104 0.154039
-1.6352 0.154411
-1.62936 0.158036
-1.62352 0.159974
-1.61768 0.160054
-1.61184 0.162219
-1.606 0.159196
-1.60016 0.165532
-1.59432 0.165761
-1.58848 0.164878
-1.58264 0.166334
-1.5768 0.168074
-1.57096 0.171339
-1.56512 0.169687
-1.55928 0.171778
-1.55344 0.172522
-1.5476 0.179762
-1.54176 0.18426
-1.53592 0.18432
-1.53008 0.187201
-1.52424 0.182217
-1.5184 0.187952
-1.51256 0.191985
-1.50672 0.193008
-1.50088 0.194187
-1.49504 0.193236
-1.4892 0.200056
-1.48336 0.204424
-1.47752 0.204256
-1.47168 0.206834
-1.46584 0.208132
-1.46 0.211439
-1.45416 0.212129
-1.44832 0.213293
-1.44248 0.219431
-1.43664 0.219233
-1.4308 0.22081
-1.42496 0.222116
-1.41912 0.224436
-1.41328 0.225914
-1.40744 0.228188
-1.4016 0.226662
-1.39576 0.227789
-1.38992 0.230209
-1.38408 0.230855
-1.37824 0.231924
-1.3724 0.233341
-1.36656 0.235908
-1.36072 0.231882
-1.35488 0.237626
-1.34904 0.239692
-1.3432 0.238045
-1.33736 0.242995
-1.33152 0.246711
-1.32568 0.245919
-1.31984 0.251261
-1.314 0.248634
-1.30816 0.252168
-1.30232 0.249934
-1.29648 0.252848
-1.29064 0.253224
-1.2848 0.253219
-1.27896 0.257408
-1.27312 0.258929
-1.26728 0.260723
-1.26144 0.258592
-1.2556 0.263979
-1.24976 0.264305
-1.24392 0.268915
-1.23808 0.266632
-1.23224 0.267242
-1.2264 0.270137
-1.22056 0.26959
-1.21472 0.272248
-1.20888 0.271999
-1.20304 0.276223
-1.1972 0.27879
-1.19136 0.280986
-1.18552 0.285781
-1.17968 0.286164
-1.17384 0.287544
-1.168 0.288652
-1.16216 0.291474
-1.15632 0.292085
-1.15048 0.294759
-1.14464 0.295212
-1.1388 0.300857
-1.13296 0.30158
-1.12712 0.305016
-1.12128 0.305345
-1.11544 0.310551
-1.1096 0.315245
-1.10376 0.315117
-1.09792 0.318343
-1.09208 0.322008
-1.08624 0.320137
-1.0804 0.324609
-1.07456 0.326696
-1.06872 0.32909
-1.06288 0.332472
-1.05704 0.338442
-1.0512 0.339733
-1.04536 0.343901
-1.03952 0.3432
-1.03368 0.34815
-1.02784 0.349333
-1.022 0.351327
-1.01616 0.354073
-1.01032 0.356223
-1.00448 0.359144
-0.99864 0.362463
-0.9928 0.364411
-0.98696 0.364247
-0.98112 0.368911
-0.97528 0.371174
-0.96944 0.373434
-0.9636 0.374969
-0.95776 0.377555
-0.95192 0.379972
-0.94608 0.379272
-0.94024 0.381434
-0.9344 0.384145
-0.92856 0.388535
-0.92272 0.387162
-0.91688 0.391589
-0.91104 0.394641
-0.9052 0.398328
-0.89936 0.401568
-0.89352 0.405
-0.88768 0.407102
-0.88184 0.410187
-0.876 0.410821
-0.87016 0.414802
-0.86432 0.413286
-0.85848 0.415976
-0.85264 0.41796
-0.8468 0.421483
-0.84096 0.426535
-0.83512 0.429974
-0.82928 0.432055
-0.82344 0.433414
-0.8176 0.435893
-0.81176 0.438119
-0.80592 0.440474
-0.80008 0.441375
-0.79424 0.444888
-0.7884 0.446208
-0.78256 0.448294
-0.77672 0.450836
-0.77088 0.452346
-0.76504 0.455192
-0.7592 0.456566
-0.75336 0.458768
-0.74752 0.461961
-0.74168 0.462768
-0.73584 0.463793
-0.73 0.464192
-0.72416 0.463067
-0.71832 0.461542
-0.71248 0.464384
-0.70664 0.464037
-0.7008 0.464254
-0.69496 0.46494
-0.68912 0.46467
-0.68328 0.466554
-0.67744 0.46646
-0.6716 0.468212
-0.66576 0.469378
-0.65992 0.469313
-0.65408 0.470475
-0.64824 0.468644
-0.6424 0.469792
-0.63656 0.470059
-0.63072 0.47006
-0.62488 0.471366
-0.61904 0.473842
-0.6132 0.474386
-0.60736 0.474789
-0.60152 0.474516
-0.59568 0.474516
-0.58984 0.474516
-0.584 0.474516
-0.57816 0.474516
-0.57232 0.474516
-0.56648 0.474516
-0.56064 0.474516
-0.5548 0.474516
-0.54896 0.474516
-0.54312 0.474516
-0.53728 0.474516
-0.53144 0.474516
-0.5256 0.474516
-0.51976 0.474516
-0.51392 0.474516
-0.50808 0.474516
-0.50224 0.474516
-0.4964 0.474516
-0.49056 0.474516
-0.48472 0.474516
-0.47888 0.474516
-0.47304 0.474516
-0.4672 0.474516
-0.46136 0.474516
-0.45552 0.474516
-0.44968 0.474516
-0.44384 0.474516
-0.438 0.474516
-0.43216 0.474516
-0.42632 0.474516
-0.42048 0.474516
-0.41464 0.474516
-0.4088 0.474516
-0.40296 0.474516
-0.39712 0.474516
-0.39128 0.474516
-0.38544 0.474516
-0.3796 0.474516
-0.37376 0.474516
-0.36792 0.474516
-0.36208 0.474516
-0.35624 0.474516
-0.3504 0.474516
-0.34456 0.474516
-0.33872 0.474516
-0.33288 0.474516
-0.32704 0.474516
-0.3212 0.474516
-0.31536 0.474516
-0.30952 0.474516
-0.30368 0.474516
-0.29784 0.474516
-0.292 0.474516
-0.28616 0.474516
-0.28032 0.474516
-0.27448 0.474516
-0.26864 0.474516
-0.2628 0.474516
-0.25696 0.474516
-0.25112 0.474516
-0.24528 0.474516
-0.23944 0.474516
-0.2336 0.474516
-0.22776 0.474516
-0.22192 0.474516
-0.21608 0.474516
-0.21024 0.474516
-0.2044 0.474516
-0.19856 0.474516
-0.19272 0.474516
-0.18688 0.474516
-0.18104 0.474516
-0.1752 0.474516
-0.16936 0.474516
-0.16352 0.474516
-0.15768 0.474516
-0.15184 0.474516
-0.146 0.474516
-0.14016 0.474516
-0.13432 0.474516
-0.12848 0.474516
-0.12264 0.474516
-0.1168 0.474516
-0.11096 0.474516
-0.10512 0.474516
-0.09928 0.474516
-0.09344 0.474516
-0.0876 0.474516
-0.08176 0.474516
-0.07592 0.474516
-0.07008 0.474516
-0.06424 0.474516
-0.0584 0.474516
-0.05256 0.474516
-0.04672 0.474516
-0.04088 0.474516
-0.03504 0.474516
-0.0292 0.474516
-0.02336 0.474516
-0.01752 0.474516
-0.01168 0.474516
-0.00584 0.474516
