-2.92 0.430182
-2.91416 0.430182
-2.90832 0.430182
-2.90248 0.430182
-2.89664 0.430182
-2.8908 0.430182
-2.88496 0.430182
-2.87912 0.430182
-2.87328 0.430182
-2.86744 0.430182
-2.8616 0.430182
-2.85576 0.430182
-2.84992 0.430182
-2.84408 0.430182
-2.83824 0.430182
-2.8324 0.430182
-2.82656 0.430182
-2.82072 0.430182
-2.81488 0.430182
-2.80904 0.430182
-2.8032 0.430182
-2.79736 0.430182
-2.79152 0.430182
-2.78568 0.430182
-2.77984 0.430182
-2.774 0.430182
-2.76816 0.430182
-2.76232 0.430182
-2.75648 0.430182
-2.75064 0.430182
-2.7448 0.430182
-2.73896 0.430182
-2.73312 0.430182
-2.72728 0.430182
-2.72144 0.430182
-2.7156 0.430182
-2.70976 0.430182
-2.70392 0.430182
-2.69808 0.430182
-2.69224 0.430182
-2.6864 0.430182
-2.68056 0.430182
-2.67472 0.430182
-2.66888 0.430182
-2.66304 0.430182
-2.6572 0.430182
-2.65136 0.430182
-2.64552 0.430182
-2.63968 0.430182
-2.63384 0.430182
-2.628 0.430182
-2.62216 0.430182
-2.61632 0.430182
-2.61048 0.430182
-2.60464 0.430182
-2.5988 0.430182
-2.59296 0.429785
-2.58712 0.429126
-2.58128 0.428378
-2.57544 0.42754
-2.5696 0.426568
-2.56376 0.425507
-2.55792 0.424359
-2.55208 0.423122
-2.54624 0.421885
-2.5404 0.420562
-2.53456 0.419105
-2.52872 0.417558
-2.52288 0.415967
-2.51704 0.414289
-2.5112 0.41248
-2.50536 0.410714
-2.49952 0.409273
-2.49368 0.407579
-2.48784 0.406585
-2.482 0.405676
-2.47616 0.403643
-2.47032 0.403463
-2.46448 0.401762
-2.45864 0.401045
-2.4528 0.398672
-2.44696 0.398777
-2.44112 0.398094
-2.43528 0.396542
-2.42944 0.395199
-2.4236 0.394596
-2.41776 0.393987
-2.41192 0.392106
-2.40608 0.39258
-2.40024 0.391151
-2.3944 0.390095
-2.38856 0.390741
-2.38272 0.387769
-2.37688 0.387255
-2.37104 0.387433
-2.3652 0.387072
-2.35936 0.385468
-2.35352 0.385447
-2.34768 0.384755
-2.34184 0.384315
-2.336 0.381676
-2.33016 0.381864
-2.32432 0.381247
-2.31848 0.378228
-2.31264 0.377196
-2.3068 0.375472
-2.30096 0.374884
-2.29512 0.373729
-2.28928 0.371284
-2.28344 0.368587
-2.2776 0.368202
-2.27176 0.366014
-2.26592 0.365469
-2.26008 0.36269
-2.25424 0.360766
-2.2484 0.358394
-2.24256 0.357238
-2.23672 0.353943
-2.23088 0.355976
-2.22504 0.348983
-2.2192 0.350747
-2.21336 0.347638
-2.20752 0.345432
-2.20168 0.344122
-2.19584 0.341064
-2.19 0.340331
-2.18416 0.338608
-2.17832 0.334573
-2.17248 0.332491
-2.16664 0.329836
-2.1608 0.326922
-2.15496 0.32406
-2.14912 0.321141
-2.14328 0.318079
-2.13744 0.313722
-2.1316 0.308917
-2.12576 0.304847
-2.11992 0.30114
-2.11408 0.295314
-2.10824 0.294
-2.1024 0.289161
-2.09656 0.28732
-2.09072 0.280583
-2.08488 0.278771
-2.07904 0.274587
-2.0732 0.270255
-2.06736 0.267002
-2.06152 0.26379
-2.05568 0.259528
-2.04984 0.255806
-2.044 0.250814
-2.03816 0.24852
-2.03232 0.243567
-2.02648 0.240155
-2.02064 0.236662
-2.0148 0.231664
-2.00896 0.229475
-2.00312 0.229616
-1.99728 0.226461
-1.99144 0.222553
-1.9856 0.221611
-1.97976 0.220415
-1.97392 0.217018
-1.96808 0.214139
-1.96224 0.213951
-1.9564 0.21221
-1.95056 0.209869
-1.94472 0.209172
-1.93888 0.208407
-1.93304 0.207347
-1.9272 0.204298
-1.92136 0.203402
-1.91552 0.200263
-1.90968 0.197356
-1.90384 0.198547
-1.898 0.20017
-1.89216 0.198097
-1.88632 0.194431
-1.88048 0.195369
-1.87464 0.194861
-1.8688 0.193407
-1.86296 0.196255
-1.85712 0.194373
-1.85128 0.191896
-1.84544 0.195234
-1.8396 0.197065
-1.83376 0.194582
-1.82792 0.193971
-1.82208 0.196187
-1.81624 0.19464
-1.8104 0.195996
-1.80456 0.195418
-1.79872 0.198112
-1.79288 0.196721
-1.78704 0.198782
-1.7812 0.197843
-1.77536 0.199001
-1.76952 0.201456
-1.76368 0.202026
-1.75784 0.202135
-1.752 0.205012
-1.74616 0.204104
-1.74032 0.203966
-1.73448 0.204379
-1.72864 0.20691
-1.7228 0.207807
-1.71696 0.210941
-1.71112 0.21271
-1.70528 0.21275
-1.69944 0.213752
-1.6936 0.214656
-1.68776 0.217709
-1.68192 0.216758
-1.67608 0.217753
-1.67024 0.215636
-1.6644 0.215393
-1.65856 0.215439
-1.65272 0.218169
-1.64688 0.216275
-1.64104 0.220148
-1.6352 0.218513
-1.62936 0.220607
-1.62352 0.222145
-1.61768 0.221865
-1.61184 0.221629
-1.606 0.226295
-1.60016 0.229076
-1.59432 0.229366
-1.58848 0.233363
-1.58264 0.23315
-1.5768 0.233367
-1.57096 0.235683
-1.56512 0.240894
-1.55928 0.239026
-1.55344 0.242056
-1.5476 0.24737
-1.54176 0.251074
-1.53592 0.252236
-1.53008 0.253645
-1.52424 0.256153
-1.5184 0.259878
-1.51256 0.260021
-1.50672 0.265996
-1.50088 0.272442
-1.49504 0.267678
-1.4892 0.273068
-1.48336 0.275054
-1.47752 0.273354
-1.47168 0.281665
-1.46584 0.278516
-1.46 0.284045
-1.45416 0.283052
-1.44832 0.28776
-1.44248 0.288952
-1.43664 0.291237
-1.4308 0.292196
-1.42496 0.301008
-1.41912 0.299392
-1.41328 0.295923
-1.40744 0.305101
-1.4016 0.310584
-1.39576 0.309604
-1.38992 0.314839
-1.38408 0.314778
-1.37824 0.319632
-1.3724 0.319495
-1.36656 0.320912
-1.36072 0.324839
-1.35488 0.322225
-1.34904 0.323398
-1.3432 0.330953
-1.33736 0.335469
-1.33152 0.33863
-1.32568 0.339552
-1.31984 0.343085
-1.314 0.348052
-1.30816 0.342806
-1.30232 0.353108
-1.29648 0.352367
-1.29064 0.357771
-1.2848 0.356902
-1.27896 0.363266
-1.27312 0.364833
-1.26728 0.363801
-1.26144 0.364948
-1.2556 0.371237
-1.24976 0.369215
-1.24392 0.372684
-1.23808 0.376598
-1.23224 0.37886
-1.2264 0.379273
-1.22056 0.379376
-1.21472 0.383672
-1.20888 0.384018
-1.20304 0.388615
-1.1972 0.393618
-1.19136 0.39159
-1.18552 0.398914
-1.17968 0.399445
-1.17384 0.398719
-1.168 0.405592
-1.16216 0.407628
-1.15632 0.407022
-1.15048 0.408793
-1.14464 0.40897
-1.1388 0.4085
-1.13296 0.4102
-1.12712 0.414395
-1.12128 0.412906
-1.11544 0.416446
-1.1096 0.422276
-1.10376 0.423685
-1.09792 0.423621
-1.09208 0.421103
-1.08624 0.423565
-1.0804 0.427676
-1.07456 0.425294
-1.06872 0.428901
-1.06288 0.436597
-1.05704 0.430154
-1.0512 0.432453
-1.04536 0.431021
-1.03952 0.427415
-1.03368 0.431864
-1.02784 0.427197
-1.022 0.426794
-1.01616 0.426425
-1.01032 0.427563
-1.00448 0.424963
-0.99864 0.4239
-0.9928 0.422795
-0.98696 0.424617
-0.98112 0.421474
-0.97528 0.416486
-0.96944 0.420584
-0.9636 0.422322
-0.95776 0.420387
-0.95192 0.42142
-0.94608 0.418918
-0.94024 0.420372
-0.9344 0.415921
-0.92856 0.415322
-0.92272 0.413558
-0.91688 0.409903
-0.91104 0.409159
-0.9052 0.40952
-0.89936 0.411983
-0.89352 0.412208
-0.88768 0.409942
-0.88184 0.412135
-0.876 0.410215
-0.87016 0.406328
-0.86432 0.409207
-0.85848 0.408352
-0.85264 0.409874
-0.8468 0.405397
-0.84096 0.407793
-0.83512 0.407736
-0.82928 0.40299
-0.82344 0.402044
-0.8176 0.402792
-0.81176 0.399871
-0.80592 0.401683
-0.80008 0.398658
-0.79424 0.399764
-0.7884 0.398826
-0.78256 0.399492
-0.77672 0.398838
-0.77088 0.398026
-0.76504 0.398976
-0.7592 0.398645
-0.75336 0.397035
-0.74752 0.398063
-0.74168 0.397271
-0.73584 0.398175
-0.73 0.39946
-0.72416 0.399284
-0.71832 0.399466
-0.71248 0.399204
-0.70664 0.399767
-0.7008 0.400315
-0.69496 0.400819
-0.68912 0.400988
-0.68328 0.402436
-0.67744 0.405899
-0.6716 0.407245
-0.66576 0.40839
-0.65992 0.408838
-0.65408 0.409297
-0.64824 0.409803
-0.6424 0.412024
-0.63656 0.412562
-0.63072 0.412759
-0.62488 0.412998
-0.61904 0.412511
-0.6132 0.411779
-0.60736 0.410914
-0.60152 0.411178
-0.59568 0.411178
-0.58984 0.411178
-0.584 0.411178
-0.57816 0.411178
-0.57232 0.411178
-0.56648 0.411178
-0.56064 0.411178
-0.5548 0.411178
-0.54896 0.411178
-0.54312 0.411178
-0.53728 0.411178
-0.53144 0.411178
-0.5256 0.411178
-0.51976 0.411178
-0.51392 0.411178
-0.50808 0.411178
-0.50224 0.411178
-0.4964 0.411178
-0.49056 0.411178
-0.48472 0.411178
-0.47888 0.411178
-0.47304 0.411178
-0.4672 0.411178
-0.46136 0.411178
-0.45552 0.411178
-0.44968 0.411178
-0.44384 0.411178
-0.438 0.411178
-0.43216 0.411178
-0.42632 0.411178
-0.42048 0.411178
-0.41464 0.411178
-0.4088 0.411178
-0.40296 0.411178
-0.39712 0.411178
-0.39128 0.411178
-0.38544 0.411178
-0.3796 0.411178
-0.37376 0.411178
-0.36792 0.411178
-0.36208 0.411178
-0.35624 0.411178
-0.3504 0.411178
-0.34456 0.411178
-0.33872 0.411178
-0.33288 0.411178
-0.32704 0.411178
-0.3212 0.411178
-0.31536 0.411178
-0.30952 0.411178
-0.30368 0.411178
-0.29784 0.411178
-0.292 0.411178
-0.28616 0.411178
-0.28032 0.411178
-0.27448 0.411178
-0.26864 0.411178
-0.2628 0.411178
-0.25696 0.411178
-0.25112 0.411178
-0.24528 0.411178
-0.23944 0.411178
-0.2336 0.411178
-0.22776 0.411178
-0.22192 0.411178
-0.21608 0.411178
-0.21024 0.411178
-0.2044 0.411178
-0.19856 0.411178
-0.19272 0.411178
-0.18688 0.411178
-0.18104 0.411178
-0.1752 0.411178
-0.16936 0.411178
-0.16352 0.411178
-0.15768 0.411178
-0.15184 0.411178
-0.146 0.411178
-0.14016 0.411178
-0.13432 0.411178
-0.12848 0.411178
-0.12264 0.411178
-0.1168 0.411178
-0.11096 0.411178
-0.10512 0.411178
-0.09928 0.411178
-0.09344 0.411178
-0.0876 0.411178
-0.08176 0.411178
-0.07592 0.411178
-0.07008 0.411178
-0.06424 0.411178
-0.0584 0.411178
-0.05256 0.411178
-0.04672 0.411178
-0.04088 0.411178
-0.03504 0.411178
-0.0292 0.411178
-0.02336 0.411178
-0.01752 0.411178
-0.01168 0.411178
-0.00584 0.411178
