-2.92 0.490298
-2.91416 0.490298
-2.90832 0.490298
-2.90248 0.490298
-2.89664 0.490298
-2.8908 0.490298
-2.88496 0.490298
-2.87912 0.490298
-2.87328 0.490298
-2.86744 0.490298
-2.8616 0.490298
-2.85576 0.490298
-2.84992 0.490298
-2.84408 0.490298
-2.83824 0.490298
-2.8324 0.490298
-2.82656 0.490298
-2.82072 0.490298
-2.81488 0.490298
-2.80904 0.490298
-2.8032 0.490298
-2.79736 0.490298
-2.79152 0.490298
-2.78568 0.490298
-2.77984 0.490298
-2.774 0.490298
-2.76816 0.490298
-2.76232 0.490298
-2.75648 0.490298
-2.75064 0.490298
-2.7448 0.490298
-2.73896 0.490298
-2.73312 0.490298
-2.72728 0.490298
-2.72144 0.490298
-2.7156 0.490298
-2.70976 0.490298
-2.70392 0.490298
-2.69808 0.490298
-2.69224 0.490298
-2.6864 0.490298
-2.68056 0.490298
-2.67472 0.490298
-2.66888 0.490298
-2.66304 0.490298
-2.6572 0.490298
-2.65136 0.490298
-2.64552 0.490298
-2.63968 0.490298
-2.63384 0.490298
-2.628 0.490298
-2.62216 0.490298
-2.61632 0.490298
-2.61048 0.490298
-2.60464 0.490298
-2.5988 0.490298
-2.59296 0.489768
-2.58712 0.489017
-2.58128 0.488222
-2.57544 0.487383
-2.5696 0.486456
-2.56376 0.485351
-2.55792 0.484246
-2.55208 0.483053
-2.54624 0.48186
-2.5404 0.480489
-2.53456 0.478987
-2.52872 0.477441
-2.52288 0.475896
-2.51704 0.474304
-2.5112 0.472623
-2.50536 0.470853
-2.49952 0.469402
-2.49368 0.46816
-2.48784 0.46684
-2.482 0.467023
-2.47616 0.465944
-2.47032 0.465275
-2.46448 0.463941
-2.45864 0.464098
-2.4528 0.463293
-2.44696 0.461562
-2.44112 0.461121
-2.43528 0.46122
-2.42944 0.460278
-2.4236 0.459919
-2.41776 0.460353
-2.41192 0.459402
-2.40608 0.459206
-2.40024 0.458048
-2.3944 0.457306
-2.38856 0.457688
-2.38272 0.458411
-2.37688 0.456789
-2.37104 0.456546
-2.3652 0.454808
-2.35936 0.455517
-2.35352 0.456447
-2.34768 0.455116
-2.34184 0.455201
-2.336 0.455842
-2.33016 0.455084
-2.32432 0.453178
-2.31848 0.45611
-2.31264 0.455486
-2.3068 0.45458
-2.30096 0.453858
-2.29512 0.45475
-2.28928 0.455464
-2.28344 0.452177
-2.2776 0.451844
-2.27176 0.455626
-2.26592 0.454263
-2.26008 0.45469
-2.25424 0.453963
-2.2484 0.4542
-2.24256 0.453744
-2.23672 0.456265
-2.23088 0.454345
-2.22504 0.453996
-2.2192 0.45697
-2.21336 0.455783
-2.20752 0.455529
-2.20168 0.454451
-2.19584 0.454093
-2.19 0.454771
-2.18416 0.454646
-2.17832 0.454393
-2.17248 0.456743
-2.16664 0.460738
-2.1608 0.453302
-2.15496 0.453818
-2.14912 0.453316
-2.14328 0.449503
-2.13744 0.450246
-2.1316 0.448931
-2.12576 0.447648
-2.11992 0.448677
-2.11408 0.447497
-2.10824 0.445096
-2.1024 0.440038
-2.09656 0.441607
-2.09072 0.438304
-2.08488 0.436892
-2.07904 0.433265
-2.0732 0.43451
-2.06736 0.433055
-2.06152 0.431532
-2.05568 0.433368
-2.04984 0.429906
-2.044 0.427031
-2.03816 0.422164
-2.03232 0.420529
-2.02648 0.422588
-2.02064 0.420487
-2.0148 0.419277
-2.00896 0.416506
-2.00312 0.41476
-1.99728 0.414179
-1.99144 0.407859
-1.9856 0.40993
-1.97976 0.406517
-1.97392 0.405496
-1.96808 0.405541
-1.96224 0.402239
-1.9564 0.402071
-1.95056 0.396515
-1.94472 0.394316
-1.93888 0.39778
-1.93304 0.392282
-1.9272 0.39079
-1.92136 0.390826
-1.91552 0.382368
-1.90968 0.383454
-1.90384 0.378943
-1.898 0.372617
-1.89216 0.368302
-1.88632 0.364548
-1.88048 0.362277
-1.87464 0.359212
-1.8688 0.35872
-1.86296 0.354539
-1.85712 0.352316
-1.85128 0.344333
-1.84544 0.341962
-1.8396 0.336705
-1.83376 0.335359
-1.82792 0.327418
-1.82208 0.326158
-1.81624 0.321708
-1.8104 0.318192
-1.80456 0.313525
-1.79872 0.307941
-1.79288 0.304723
-1.78704 0.299753
-1.7812 0.297159
-1.77536 0.293653
-1.76952 0.291144
-1.76368 0.283815
-1.75784 0.280147
-1.752 0.276168
-1.74616 0.271725
-1.74032 0.266553
-1.73448 0.260905
-1.72864 0.257355
-1.7228 0.254463
-1.71696 0.247538
-1.71112 0.247468
-1.70528 0.23929
-1.69944 0.235514
-1.6936 0.228681
-1.68776 0.22635
-1.68192 0.22289
-1.67608 0.219797
-1.67024 0.216906
-1.6644 0.211836
-1.65856 0.213874
-1.65272 0.208074
-1.64688 0.205785
-1.64104 0.206769
-1.6352 0.203102
-1.62936 0.203191
-1.62352 0.202006
-1.61768 0.201845
-1.61184 0.201739
-1.606 0.200337
-1.60016 0.197045
-1.59432 0.195826
-1.58848 0.19787
-1.58264 0.192334
-1.5768 0.194717
-1.57096 0.197288
-1.56512 0.193138
-1.55928 0.195629
-1.55344 0.195063
-1.5476 0.194659
-1.54176 0.193062
-1.53592 0.195847
-1.53008 0.192336
-1.52424 0.190509
-1.5184 0.190366
-1.51256 0.190078
-1.50672 0.188621
-1.50088 0.187646
-1.49504 0.189915
-1.4892 0.192641
-1.48336 0.191415
-1.47752 0.191034
-1.47168 0.1891
-1.46584 0.188345
-1.46 0.191018
-1.45416 0.188336
-1.44832 0.18794
-1.44248 0.189948
-1.43664 0.191179
-1.4308 0.18952
-1.42496 0.194065
-1.41912 0.190057
-1.41328 0.186582
-1.40744 0.186594
-1.4016 0.186681
-1.39576 0.185069
-1.38992 0.185532
-1.38408 0.181295
-1.37824 0.180783
-1.3724 0.180918
-1.36656 0.181644
-1.36072 0.178583
-1.35488 0.176892
-1.34904 0.179157
-1.3432 0.180116
-1.33736 0.179479
-1.33152 0.180247
-1.32568 0.182383
-1.31984 0.181804
-1.314 0.181339
-1.30816 0.180937
-1.30232 0.178093
-1.29648 0.179173
-1.29064 0.178849
-1.2848 0.177539
-1.27896 0.183883
-1.27312 0.184542
-1.26728 0.182411
-1.26144 0.185387
-1.2556 0.183284
-1.24976 0.185217
-1.24392 0.183863
-1.23808 0.184624
-1.23224 0.18413
-1.2264 0.185737
-1.22056 0.185432
-1.21472 0.184486
-1.20888 0.185714
-1.20304 0.187462
-1.1972 0.189283
-1.19136 0.192116
-1.18552 0.193202
-1.17968 0.196538
-1.17384 0.19945
-1.168 0.19966
-1.16216 0.200194
-1.15632 0.202161
-1.15048 0.204959
-1.14464 0.20648
-1.1388 0.208013
-1.13296 0.213814
-1.12712 0.216071
-1.12128 0.219125
-1.11544 0.222276
-1.1096 0.226929
-1.10376 0.229017
-1.09792 0.231383
-1.09208 0.233437
-1.08624 0.232223
-1.0804 0.234901
-1.07456 0.238245
-1.06872 0.23944
-1.06288 0.241737
-1.05704 0.247311
-1.0512 0.251967
-1.04536 0.25337
-1.03952 0.255405
-1.03368 0.258005
-1.02784 0.258993
-1.022 0.26031
-1.01616 0.264548
-1.01032 0.267144
-1.00448 0.271241
-0.99864 0.272989
-0.9928 0.274017
-0.98696 0.279996
-0.98112 0.278399
-0.97528 0.280819
-0.96944 0.283285
-0.9636 0.286374
-0.95776 0.286637
-0.95192 0.289651
-0.94608 0.287302
-0.94024 0.290572
-0.9344 0.291844
-0.92856 0.293811
-0.92272 0.295211
-0.91688 0.297077
-0.91104 0.29971
-0.9052 0.303177
-0.89936 0.306522
-0.89352 0.307064
-0.88768 0.31085
-0.88184 0.31373
-0.876 0.313629
-0.87016 0.316376
-0.86432 0.315142
-0.85848 0.31789
-0.85264 0.319283
-0.8468 0.319954
-0.84096 0.326827
-0.83512 0.327249
-0.82928 0.328846
-0.82344 0.331505
-0.8176 0.331797
-0.81176 0.333566
-0.80592 0.335212
-0.80008 0.335611
-0.79424 0.336921
-0.7884 0.339223
-0.78256 0.338832
-0.77672 0.340009
-0.77088 0.342905
-0.76504 0.342886
-0.7592 0.344272
-0.75336 0.344135
-0.74752 0.345338
-0.74168 0.346932
-0.73584 0.347925
-0.73 0.346082
-0.72416 0.344371
-0.71832 0.34325
-0.71248 0.343988
-0.70664 0.342357
-0.7008 0.341482
-0.69496 0.342422
-0.68912 0.341035
-0.68328 0.342215
-0.67744 0.340959
-0.6716 0.342217
-0.66576 0.343185
-0.65992 0.342376
-0.65408 0.34375
-0.64824 0.341057
-0.6424 0.341762
-0.63656 0.341073
-0.63072 0.340547
-0.62488 0.341378
-0.61904 0.342793
-0.6132 0.34336
-0.60736 0.343755
-0.60152 0.343264
-0.59568 0.343264
-0.58984 0.343264
-0.584 0.343264
-0.57816 0.343264
-0.57232 0.343264
-0.56648 0.343264
-0.56064 0.343264
-0.5548 0.343264
-0.54896 0.343264
-0.54312 0.343264
-0.53728 0.343264
-0.53144 0.343264
-0.5256 0.343264
-0.51976 0.343264
-0.51392 0.343264
-0.50808 0.343264
-0.50224 0.343264
-0.4964 0.343264
-0.49056 0.343264
-0.48472 0.343264
-0.47888 0.343264
-0.47304 0.343264
-0.4672 0.343264
-0.46136 0.343264
-0.45552 0.343264
-0.44968 0.343264
-0.44384 0.343264
-0.438 0.343264
-0.43216 0.343264
-0.42632 0.343264
-0.42048 0.343264
-0.41464 0.343264
-0.4088 0.343264
-0.40296 0.343264
-0.39712 0.343264
-0.39128 0.343264
-0.38544 0.343264
-0.3796 0.343264
-0.37376 0.343264
-0.36792 0.343264
-0.36208 0.343264
-0.35624 0.343264
-0.3504 0.343264
-0.34456 0.343264
-0.33872 0.343264
-0.33288 0.343264
-0.32704 0.343264
-0.3212 0.343264
-0.31536 0.343264
-0.30952 0.343264
-0.30368 0.343264
-0.29784 0.343264
-0.292 0.343264
-0.28616 0.343264
-0.28032 0.343264
-0.27448 0.343264
-0.26864 0.343264
-0.2628 0.343264
-0.25696 0.343264
-0.25112 0.343264
-0.24528 0.343264
-0.23944 0.343264
-0.2336 0.343264
-0.22776 0.343264
-0.22192 0.343264
-0.21608 0.343264
-0.21024 0.343264
-0.2044 0.343264
-0.19856 0.343264
-0.19272 0.343264
-0.18688 0.343264
-0.18104 0.343264
-0.1752 0.343264
-0.16936 0.343264
-0.16352 0.343264
-0.15768 0.343264
-0.15184 0.343264
-0.146 0.343264
-0.14016 0.343264
-0.13432 0.343264
-0.12848 0.343264
-0.12264 0.343264
-0.1168 0.343264
-0.11096 0.343264
-0.10512 0.343264
-0.09928 0.343264
-0.09344 0.343264
-0.0876 0.343264
-0.08176 0.343264
-0.07592 0.343264
-0.07008 0.343264
-0.06424 0.343264
-0.0584 0.343264
-0.05256 0.343264
-0.04672 0.343264
-0.04088 0.343264
-0.03504 0.343264
-0.0292 0.343264
-0.02336 0.343264
-0.01752 0.343264
-0.01168 0.343264
-0.00584 0.343264
