-2.92 0.491454
-2.91416 0.491454
-2.90832 0.491454
-2.90248 0.491454
-2.89664 0.491454
-2.8908 0.491454
-2.88496 0.491454
-2.87912 0.491454
-2.87328 0.491454
-2.86744 0.491454
-2.8616 0.491454
-2.85576 0.491454
-2.84992 0.491454
-2.84408 0.491454
-2.83824 0.491454
-2.8324 0.491454
-2.82656 0.491454
-2.82072 0.491454
-2.81488 0.491454
-2.80904 0.491454
-2.8032 0.491454
-2.79736 0.491454
-2.79152 0.491454
-2.78568 0.491454
-2.77984 0.491454
-2.774 0.491454
-2.76816 0.491454
-2.76232 0.491454
-2.75648 0.491454
-2.75064 0.491454
-2.7448 0.491454
-2.73896 0.491454
-2.73312 0.491454
-2.72728 0.491454
-2.72144 0.491454
-2.7156 0.491454
-2.70976 0.491454
-2.70392 0.491454
-2.69808 0.491454
-2.69224 0.491454
-2.6864 0.491454
-2.68056 0.491454
-2.67472 0.491454
-2.66888 0.491454
-2.66304 0.491454
-2.6572 0.491454
-2.65136 0.491454
-2.64552 0.491454
-2.63968 0.491454
-2.63384 0.491454
-2.628 0.491454
-2.62216 0.491454
-2.61632 0.491454
-2.61048 0.491454
-2.60464 0.491454
-2.5988 0.491454
-2.59296 0.491012
-2.58712 0.490394
-2.58128 0.489688
-2.57544 0.488804
-2.5696 0.487876
-2.56376 0.486901
-2.55792 0.485839
-2.55208 0.48473
-2.54624 0.483534
-2.5404 0.482288
-2.53456 0.480952
-2.52872 0.479572
-2.52288 0.478192
-2.51704 0.476637
-2.5112 0.474949
-2.50536 0.473261
-2.49952 0.472111
-2.49368 0.471337
-2.48784 0.470231
-2.482 0.470202
-2.47616 0.469122
-2.47032 0.468782
-2.46448 0.468275
-2.45864 0.467598
-2.4528 0.466418
-2.44696 0.466537
-2.44112 0.466056
-2.43528 0.464949
-2.42944 0.464502
-2.4236 0.464138
-2.41776 0.463193
-2.41192 0.463333
-2.40608 0.462549
-2.40024 0.462278
-2.3944 0.460278
-2.38856 0.460546
-2.38272 0.459552
-2.37688 0.45676
-2.37104 0.459022
-2.3652 0.457278
-2.35936 0.456728
-2.35352 0.455906
-2.34768 0.456372
-2.34184 0.455543
-2.336 0.453992
-2.33016 0.452453
-2.32432 0.452988
-2.31848 0.451616
-2.31264 0.448828
-2.3068 0.447649
-2.30096 0.447519
-2.29512 0.44802
-2.28928 0.447175
-2.28344 0.447603
-2.2776 0.445374
-2.27176 0.444802
-2.26592 0.444767
-2.26008 0.444837
-2.25424 0.444379
-2.2484 0.443829
-2.24256 0.442471
-2.23672 0.440454
-2.23088 0.440859
-2.22504 0.442641
-2.2192 0.439242
-2.21336 0.438494
-2.20752 0.440879
-2.20168 0.440458
-2.19584 0.435709
-2.19 0.437968
-2.18416 0.436323
-2.17832 0.436145
-2.17248 0.435029
-2.16664 0.434026
-2.1608 0.430241
-2.15496 0.427508
-2.14912 0.429096
-2.14328 0.426158
-2.13744 0.421494
-2.1316 0.422494
-2.12576 0.420519
-2.11992 0.415068
-2.11408 0.416588
-2.10824 0.414153
-2.1024 0.407315
-2.09656 0.407531
-2.09072 0.405067
-2.08488 0.401912
-2.07904 0.399116
-2.0732 0.396574
-2.06736 0.395317
-2.06152 0.393386
-2.05568 0.391313
-2.04984 0.387987
-2.044 0.387811
-2.03816 0.384734
-2.03232 0.381298
-2.02648 0.381053
-2.02064 0.377199
-2.0148 0.377934
-2.00896 0.373721
-2.00312 0.370148
-1.99728 0.370333
-1.99144 0.367874
-1.9856 0.367963
-1.97976 0.362757
-1.97392 0.360943
-1.96808 0.35579
-1.96224 0.358087
-1.9564 0.359807
-1.95056 0.356308
-1.94472 0.354358
-1.93888 0.349178
-1.93304 0.34844
-1.9272 0.340702
-1.92136 0.337192
-1.91552 0.33913
-1.90968 0.33472
-1.90384 0.335123
-1.898 0.329569
-1.89216 0.326727
-1.88632 0.321887
-1.88048 0.321864
-1.87464 0.31875
-1.8688 0.317115
-1.86296 0.311398
-1.85712 0.30698
-1.85128 0.304741
-1.84544 0.300893
-1.8396 0.29986
-1.83376 0.294687
-1.82792 0.286488
-1.82208 0.288241
-1.81624 0.282835
-1.8104 0.2792
-1.80456 0.275346
-1.79872 0.271091
-1.79288 0.27082
-1.78704 0.261629
-1.7812 0.259604
-1.77536 0.259234
-1.76952 0.251361
-1.76368 0.250656
-1.75784 0.245208
-1.752 0.246398
-1.74616 0.241259
-1.74032 0.234193
-1.73448 0.232755
-1.72864 0.230847
-1.7228 0.225267
-1.71696 0.220449
-1.71112 0.222665
-1.70528 0.215416
-1.69944 0.212273
-1.6936 0.212064
-1.68776 0.209221
-1.68192 0.205671
-1.67608 0.206316
-1.67024 0.199182
-1.6644 0.199567
-1.65856 0.195771
-1.65272 0.196944
-1.64688 0.19412
-1.64104 0.194686
-1.6352 0.196191
-1.62936 0.196057
-1.62352 0.195209
-1.61768 0.191847
-1.61184 0.193125
-1.606 0.192521
-1.60016 0.192391
-1.59432 0.193798
-1.58848 0.191389
-1.58264 0.188944
-1.5768 0.191332
-1.57096 0.195492
-1.56512 0.192572
-1.55928 0.195704
-1.55344 0.198819
-1.5476 0.201079
-1.54176 0.198805
-1.53592 0.204704
-1.53008 0.202551
-1.52424 0.197409
-1.5184 0.194692
-1.51256 0.201747
-1.50672 0.199016
-1.50088 0.198392
-1.49504 0.206174
-1.4892 0.204041
-1.48336 0.203743
-1.47752 0.20544
-1.47168 0.205164
-1.46584 0.20828
-1.46 0.206683
-1.45416 0.203791
-1.44832 0.205099
-1.44248 0.208347
-1.43664 0.209173
-1.4308 0.206386
-1.42496 0.207396
-1.41912 0.206836
-1.41328 0.208969
-1.40744 0.206959
-1.4016 0.207645
-1.39576 0.209364
-1.38992 0.207521
-1.38408 0.203937
-1.37824 0.202771
-1.3724 0.207624
-1.36656 0.206526
-1.36072 0.206451
-1.35488 0.20904
-1.34904 0.20728
-1.3432 0.210826
-1.33736 0.20741
-1.33152 0.211181
-1.32568 0.214628
-1.31984 0.210596
-1.314 0.214918
-1.30816 0.216628
-1.30232 0.211491
-1.29648 0.213545
-1.29064 0.21263
-1.2848 0.214288
-1.27896 0.219743
-1.27312 0.216975
-1.26728 0.21929
-1.26144 0.219748
-1.2556 0.219866
-1.24976 0.224001
-1.24392 0.22213
-1.23808 0.223636
-1.23224 0.223894
-1.2264 0.224649
-1.22056 0.223795
-1.21472 0.224044
-1.20888 0.223899
-1.20304 0.226121
-1.1972 0.228972
-1.19136 0.232499
-1.18552 0.234887
-1.17968 0.236365
-1.17384 0.238968
-1.168 0.239238
-1.16216 0.243689
-1.15632 0.243792
-1.15048 0.245449
-1.14464 0.24705
-1.1388 0.248269
-1.13296 0.254559
-1.12712 0.254515
-1.12128 0.259494
-1.11544 0.262461
-1.1096 0.265773
-1.10376 0.26618
-1.09792 0.269905
-1.09208 0.272083
-1.08624 0.27124
-1.0804 0.27123
-1.07456 0.276012
-1.06872 0.277879
-1.06288 0.27697
-1.05704 0.28682
-1.0512 0.287886
-1.04536 0.289085
-1.03952 0.290961
-1.03368 0.29546
-1.02784 0.295707
-1.022 0.296814
-1.01616 0.297517
-1.01032 0.299437
-1.00448 0.302574
-0.99864 0.305046
-0.9928 0.30558
-0.98696 0.307441
-0.98112 0.308556
-0.97528 0.312375
-0.96944 0.311694
-0.9636 0.31488
-0.95776 0.315399
-0.95192 0.316261
-0.94608 0.315972
-0.94024 0.316837
-0.9344 0.320022
-0.92856 0.322791
-0.92272 0.323387
-0.91688 0.326021
-0.91104 0.328379
-0.9052 0.330976
-0.89936 0.333524
-0.89352 0.335055
-0.88768 0.337975
-0.88184 0.339387
-0.876 0.341178
-0.87016 0.343442
-0.86432 0.342364
-0.85848 0.344954
-0.85264 0.346046
-0.8468 0.348087
-0.84096 0.353986
-0.83512 0.353146
-0.82928 0.355052
-0.82344 0.356866
-0.8176 0.358129
-0.81176 0.360289
-0.80592 0.361649
-0.80008 0.362569
-0.79424 0.364384
-0.7884 0.366538
-0.78256 0.367711
-0.77672 0.368044
-0.77088 0.36977
-0.76504 0.371659
-0.7592 0.372032
-0.75336 0.375236
-0.74752 0.3746
-0.74168 0.377576
-0.73584 0.376964
-0.73 0.374419
-0.72416 0.375497
-0.71832 0.374124
-0.71248 0.374784
-0.70664 0.373408
-0.7008 0.373728
-0.69496 0.374339
-0.68912 0.373506
-0.68328 0.375166
-0.67744 0.374294
-0.6716 0.375654
-0.66576 0.376541
-0.65992 0.37604
-0.65408 0.377969
-0.64824 0.375616
-0.6424 0.376538
-0.63656 0.376956
-0.63072 0.376348
-0.62488 0.377265
-0.61904 0.379561
-0.6132 0.379749
-0.60736 0.380187
-0.60152 0.379948
-0.59568 0.379948
-0.58984 0.379948
-0.584 0.379948
-0.57816 0.379948
-0.57232 0.379948
-0.56648 0.379948
-0.56064 0.379948
-0.5548 0.379948
-0.54896 0.379948
-0.54312 0.379948
-0.53728 0.379948
-0.53144 0.379948
-0.5256 0.379948
-0.51976 0.379948
-0.51392 0.379948
-0.50808 0.379948
-0.50224 0.379948
-0.4964 0.379948
-0.49056 0.379948
-0.48472 0.379948
-0.47888 0.379948
-0.47304 0.379948
-0.4672 0.379948
-0.46136 0.379948
-0.45552 0.379948
-0.44968 0.379948
-0.44384 0.379948
-0.438 0.379948
-0.43216 0.379948
-0.42632 0.379948
-0.42048 0.379948
-0.41464 0.379948
-0.4088 0.379948
-0.40296 0.379948
-0.39712 0.379948
-0.39128 0.379948
-0.38544 0.379948
-0.3796 0.379948
-0.37376 0.379948
-0.36792 0.379948
-0.36208 0.379948
-0.35624 0.379948
-0.3504 0.379948
-0.34456 0.379948
-0.33872 0.379948
-0.33288 0.379948
-0.32704 0.379948
-0.3212 0.379948
-0.31536 0.379948
-0.30952 0.379948
-0.30368 0.379948
-0.29784 0.379948
-0.292 0.379948
-0.28616 0.379948
-0.28032 0.379948
-0.27448 0.379948
-0.26864 0.379948
-0.2628 0.379948
-0.25696 0.379948
-0.25112 0.379948
-0.24528 0.379948
-0.23944 0.379948
-0.2336 0.379948
-0.22776 0.379948
-0.22192 0.379948
-0.21608 0.379948
-0.21024 0.379948
-0.2044 0.379948
-0.19856 0.379948
-0.19272 0.379948
-0.18688 0.379948
-0.18104 0.379948
-0.1752 0.379948
-0.16936 0.379948
-0.16352 0.379948
-0.15768 0.379948
-0.15184 0.379948
-0.146 0.379948
-0.14016 0.379948
-0.13432 0.379948
-0.12848 0.379948
-0.12264 0.379948
-0.1168 0.379948
-0.11096 0.379948
-0.10512 0.379948
-0.09928 0.379948
-0.09344 0.379948
-0.0876 0.379948
-0.08176 0.379948
-0.07592 0.379948
-0.07008 0.379948
-0.06424 0.379948
-0.0584 0.379948
-0.05256 0.379948
-0.04672 0.379948
-0.04088 0.379948
-0.03504 0.379948
-0.0292 0.379948
-0.02336 0.379948
-0.01752 0.379948
-0.01168 0.379948
-0.00584 0.379948
