-2.92 0.438517
-2.91416 0.438517
-2.90832 0.438517
-2.90248 0.438517
-2.89664 0.438517
-2.8908 0.438517
-2.88496 0.438517
-2.87912 0.438517
-2.87328 0.438517
-2.86744 0.438517
-2.8616 0.438517
-2.85576 0.438517
-2.84992 0.438517
-2.84408 0.438517
-2.83824 0.438517
-2.8324 0.438517
-2.82656 0.438517
-2.82072 0.438517
-2.81488 0.438517
-2.80904 0.438517
-2.8032 0.438517
-2.79736 0.438517
-2.79152 0.438517
-2.78568 0.438517
-2.77984 0.438517
-2.774 0.438517
-2.76816 0.438517
-2.76232 0.438517
-2.75648 0.438517
-2.75064 0.438517
-2.7448 0.438517
-2.73896 0.438517
-2.73312 0.438517
-2.72728 0.438517
-2.72144 0.438517
-2.7156 0.438517
-2.70976 0.438517
-2.70392 0.438517
-2.69808 0.438517
-2.69224 0.438517
-2.6864 0.438517
-2.68056 0.438517
-2.67472 0.438517
-2.66888 0.438517
-2.66304 0.438517
-2.6572 0.438517
-2.65136 0.438517
-2.64552 0.438517
-2.63968 0.438517
-2.63384 0.438517
-2.628 0.438517
-2.62216 0.438517
-2.61632 0.438517
-2.61048 0.438517
-2.60464 0.438517
-2.5988 0.438517
-2.59296 0.438029
-2.58712 0.437319
-2.58128 0.436522
-2.57544 0.435594
-2.5696 0.43462
-2.56376 0.433514
-2.55792 0.432275
-2.55208 0.431036
-2.54624 0.429798
-2.5404 0.428514
-2.53456 0.427142
-2.52872 0.425641
-2.52288 0.424095
-2.51704 0.422505
-2.5112 0.420826
-2.50536 0.419148
-2.49952 0.417515
-2.49368 0.415836
-2.48784 0.414024
-2.482 0.412428
-2.47616 0.410356
-2.47032 0.408448
-2.46448 0.40629
-2.45864 0.404174
-2.4528 0.40205
-2.44696 0.39993
-2.44112 0.397845
-2.43528 0.395425
-2.42944 0.393337
-2.4236 0.391119
-2.41776 0.389024
-2.41192 0.386723
-2.40608 0.384248
-2.40024 0.381939
-2.3944 0.379499
-2.38856 0.377313
-2.38272 0.37492
-2.37688 0.372233
-2.37104 0.37
-2.3652 0.367891
-2.35936 0.364988
-2.35352 0.362751
-2.34768 0.360142
-2.34184 0.357866
-2.336 0.355006
-2.33016 0.353011
-2.32432 0.350853
-2.31848 0.348693
-2.31264 0.345831
-2.3068 0.342917
-2.30096 0.340921
-2.29512 0.338383
-2.28928 0.336434
-2.28344 0.334142
-2.2776 0.331044
-2.27176 0.327678
-2.26592 0.325844
-2.26008 0.322016
-2.25424 0.321184
-2.2484 0.317715
-2.24256 0.314089
-2.23672 0.312707
-2.23088 0.310992
-2.22504 0.308142
-2.2192 0.305468
-2.21336 0.302863
-2.20752 0.299842
-2.20168 0.298291
-2.19584 0.295112
-2.19 0.293111
-2.18416 0.288846
-2.17832 0.286579
-2.17248 0.285236
-2.16664 0.283357
-2.1608 0.278833
-2.15496 0.277496
-2.14912 0.275543
-2.14328 0.271188
-2.13744 0.269205
-2.1316 0.267549
-2.12576 0.264387
-2.11992 0.261948
-2.11408 0.257842
-2.10824 0.25666
-2.1024 0.254264
-2.09656 0.251336
-2.09072 0.247481
-2.08488 0.246113
-2.07904 0.242634
-2.0732 0.241767
-2.06736 0.238386
-2.06152 0.234145
-2.05568 0.233213
-2.04984 0.231056
-2.044 0.228716
-2.03816 0.226602
-2.03232 0.222733
-2.02648 0.22087
-2.02064 0.217665
-2.0148 0.216619
-2.00896 0.214758
-2.00312 0.214283
-1.99728 0.213189
-1.99144 0.211964
-1.9856 0.211116
-1.97976 0.209987
-1.97392 0.208319
-1.96808 0.211974
-1.96224 0.210143
-1.9564 0.206313
-1.95056 0.206937
-1.94472 0.205979
-1.93888 0.207986
-1.93304 0.206946
-1.9272 0.206737
-1.92136 0.207152
-1.91552 0.203736
-1.90968 0.206511
-1.90384 0.203752
-1.898 0.205727
-1.89216 0.202648
-1.88632 0.205947
-1.88048 0.205317
-1.87464 0.206139
-1.8688 0.20672
-1.86296 0.207208
-1.85712 0.205966
-1.85128 0.207201
-1.84544 0.21051
-1.8396 0.207606
-1.83376 0.209081
-1.82792 0.209693
-1.82208 0.211061
-1.81624 0.210975
-1.8104 0.2116
-1.80456 0.210383
-1.79872 0.213321
-1.79288 0.210774
-1.78704 0.21181
-1.7812 0.21018
-1.77536 0.211562
-1.76952 0.213681
-1.76368 0.215322
-1.75784 0.214666
-1.752 0.216332
-1.74616 0.217302
-1.74032 0.221203
-1.73448 0.220138
-1.72864 0.219578
-1.7228 0.222569
-1.71696 0.222479
-1.71112 0.22585
-1.70528 0.223749
-1.69944 0.221181
-1.6936 0.222982
-1.68776 0.225765
-1.68192 0.222928
-1.67608 0.223697
-1.67024 0.226198
-1.6644 0.22761
-1.65856 0.227672
-1.65272 0.229371
-1.64688 0.226181
-1.64104 0.226627
-1.6352 0.225343
-1.62936 0.226983
-1.62352 0.22618
-1.61768 0.226729
-1.61184 0.222403
-1.606 0.22821
-1.60016 0.234202
-1.59432 0.230061
-1.58848 0.236082
-1.58264 0.237271
-1.5768 0.237592
-1.57096 0.238744
-1.56512 0.238078
-1.55928 0.241593
-1.55344 0.248571
-1.5476 0.244733
-1.54176 0.251041
-1.53592 0.255849
-1.53008 0.251799
-1.52424 0.25783
-1.5184 0.257528
-1.51256 0.260111
-1.50672 0.260878
-1.50088 0.267363
-1.49504 0.270311
-1.4892 0.27033
-1.48336 0.267874
-1.47752 0.270064
-1.47168 0.273528
-1.46584 0.277951
-1.46 0.27641
-1.45416 0.279077
-1.44832 0.283493
-1.44248 0.288001
-1.43664 0.293094
-1.4308 0.290863
-1.42496 0.294976
-1.41912 0.294868
-1.41328 0.299249
-1.40744 0.30351
-1.4016 0.302986
-1.39576 0.30601
-1.38992 0.308811
-1.38408 0.309287
-1.37824 0.312554
-1.3724 0.317628
-1.36656 0.312503
-1.36072 0.324226
-1.35488 0.317845
-1.34904 0.321873
-1.3432 0.324112
-1.33736 0.331896
-1.33152 0.337653
-1.32568 0.336388
-1.31984 0.336969
-1.314 0.341027
-1.30816 0.341299
-1.30232 0.349204
-1.29648 0.345459
-1.29064 0.3536
-1.2848 0.35748
-1.27896 0.358409
-1.27312 0.360521
-1.26728 0.360233
-1.26144 0.357639
-1.2556 0.361959
-1.24976 0.361114
-1.24392 0.36625
-1.23808 0.367655
-1.23224 0.371763
-1.2264 0.373997
-1.22056 0.375487
-1.21472 0.382132
-1.20888 0.379165
-1.20304 0.382629
-1.1972 0.386555
-1.19136 0.389634
-1.18552 0.391592
-1.17968 0.390346
-1.17384 0.392583
-1.168 0.400173
-1.16216 0.404118
-1.15632 0.403881
-1.15048 0.404424
-1.14464 0.410763
-1.1388 0.407077
-1.13296 0.40518
-1.12712 0.404988
-1.12128 0.411459
-1.11544 0.420485
-1.1096 0.413842
-1.10376 0.422102
-1.09792 0.424727
-1.09208 0.421506
-1.08624 0.425372
-1.0804 0.425104
-1.07456 0.427567
-1.06872 0.428976
-1.06288 0.43098
-1.05704 0.437383
-1.0512 0.435308
-1.04536 0.427967
-1.03952 0.431063
-1.03368 0.429459
-1.02784 0.431637
-1.022 0.429766
-1.01616 0.428057
-1.01032 0.428958
-1.00448 0.432185
-0.99864 0.431114
-0.9928 0.428421
-0.98696 0.431141
-0.98112 0.425994
-0.97528 0.42809
-0.96944 0.429336
-0.9636 0.429099
-0.95776 0.428594
-0.95192 0.428583
-0.94608 0.426565
-0.94024 0.427364
-0.9344 0.426725
-0.92856 0.42227
-0.92272 0.42621
-0.91688 0.422817
-0.91104 0.421028
-0.9052 0.42402
-0.89936 0.425197
-0.89352 0.42544
-0.88768 0.425371
-0.88184 0.423784
-0.876 0.426029
-0.87016 0.42181
-0.86432 0.425596
-0.85848 0.424038
-0.85264 0.425288
-0.8468 0.423278
-0.84096 0.423507
-0.83512 0.424807
-0.82928 0.422218
-0.82344 0.420338
-0.8176 0.420942
-0.81176 0.418629
-0.80592 0.418265
-0.80008 0.418251
-0.79424 0.4181
-0.7884 0.418352
-0.78256 0.417581
-0.77672 0.418138
-0.77088 0.418289
-0.76504 0.417757
-0.7592 0.418055
-0.75336 0.417278
-0.74752 0.418082
-0.74168 0.418316
-0.73584 0.418967
-0.73 0.42065
-0.72416 0.420904
-0.71832 0.420731
-0.71248 0.421027
-0.70664 0.42221
-0.7008 0.422354
-0.69496 0.42284
-0.68912 0.424342
-0.68328 0.425292
-0.67744 0.429334
-0.6716 0.431149
-0.66576 0.432146
-0.65992 0.433758
-0.65408 0.433377
-0.64824 0.434203
-0.6424 0.436683
-0.63656 0.43839
-0.63072 0.43845
-0.62488 0.439436
-0.61904 0.439568
-0.6132 0.438799
-0.60736 0.438197
-0.60152 0.438807
-0.59568 0.438807
-0.58984 0.438807
-0.584 0.438807
-0.57816 0.438807
-0.57232 0.438807
-0.56648 0.438807
-0.56064 0.438807
-0.5548 0.438807
-0.54896 0.438807
-0.54312 0.438807
-0.53728 0.438807
-0.53144 0.438807
-0.5256 0.438807
-0.51976 0.438807
-0.51392 0.438807
-0.50808 0.438807
-0.50224 0.438807
-0.4964 0.438807
-0.49056 0.438807
-0.48472 0.438807
-0.47888 0.438807
-0.47304 0.438807
-0.4672 0.438807
-0.46136 0.438807
-0.45552 0.438807
-0.44968 0.438807
-0.44384 0.438807
-0.438 0.438807
-0.43216 0.438807
-0.42632 0.438807
-0.42048 0.438807
-0.41464 0.438807
-0.4088 0.438807
-0.40296 0.438807
-0.39712 0.438807
-0.39128 0.438807
-0.38544 0.438807
-0.3796 0.438807
-0.37376 0.438807
-0.36792 0.438807
-0.36208 0.438807
-0.35624 0.438807
-0.3504 0.438807
-0.34456 0.438807
-0.33872 0.438807
-0.33288 0.438807
-0.32704 0.438807
-0.3212 0.438807
-0.31536 0.438807
-0.30952 0.438807
-0.30368 0.438807
-0.29784 0.438807
-0.292 0.438807
-0.28616 0.438807
-0.28032 0.438807
-0.27448 0.438807
-0.26864 0.438807
-0.2628 0.438807
-0.25696 0.438807
-0.25112 0.438807
-0.24528 0.438807
-0.23944 0.438807
-0.2336 0.438807
-0.22776 0.438807
-0.22192 0.438807
-0.21608 0.438807
-0.21024 0.438807
-0.2044 0.438807
-0.19856 0.438807
-0.19272 0.438807
-0.18688 0.438807
-0.18104 0.438807
-0.1752 0.438807
-0.16936 0.438807
-0.16352 0.438807
-0.15768 0.438807
-0.15184 0.438807
-0.146 0.438807
-0.14016 0.438807
-0.13432 0.438807
-0.12848 0.438807
-0.12264 0.438807
-0.1168 0.438807
-0.11096 0.438807
-0.10512 0.438807
-0.09928 0.438807
-0.09344 0.438807
-0.0876 0.438807
-0.08176 0.438807
-0.07592 0.438807
-0.07008 0.438807
-0.06424 0.438807
-0.0584 0.438807
-0.05256 0.438807
-0.04672 0.438807
-0.04088 0.438807
-0.03504 0.438807
-0.0292 0.438807
-0.02336 0.438807
-0.01752 0.438807
-0.01168 0.438807
-0.00584 0.438807
