-2.92 0.458258
-2.91416 0.458258
-2.90832 0.458258
-2.90248 0.458258
-2.89664 0.458258
-2.8908 0.458258
-2.88496 0.458258
-2.87912 0.458258
-2.87328 0.458258
-2.86744 0.458258
-2.8616 0.458258
-2.85576 0.458258
-2.84992 0.458258
-2.84408 0.458258
-2.83824 0.458258
-2.8324 0.458258
-2.82656 0.458258
-2.82072 0.458258
-2.81488 0.458258
-2.80904 0.458258
-2.8032 0.458258
-2.79736 0.458258
-2.79152 0.458258
-2.78568 0.458258
-2.77984 0.458258
-2.774 0.458258
-2.76816 0.458258
-2.76232 0.458258
-2.75648 0.458258
-2.75064 0.458258
-2.7448 0.458258
-2.73896 0.458258
-2.73312 0.458258
-2.72728 0.458258
-2.72144 0.458258
-2.7156 0.458258
-2.70976 0.458258
-2.70392 0.458258
-2.69808 0.458258
-2.69224 0.458258
-2.6864 0.458258
-2.68056 0.458258
-2.67472 0.458258
-2.66888 0.458258
-2.66304 0.458258
-2.6572 0.458258
-2.65136 0.458258
-2.64552 0.458258
-2.63968 0.458258
-2.63384 0.458258
-2.628 0.458258
-2.62216 0.458258
-2.61632 0.458258
-2.61048 0.458258
-2.60464 0.458258
-2.5988 0.458258
-2.59296 0.457951
-2.58712 0.457421
-2.58128 0.456847
-2.57544 0.45614
-2.5696 0.455257
-2.56376 0.454375
-2.55792 0.453405
-2.55208 0.452301
-2.54624 0.451243
-2.5404 0.449965
-2.53456 0.448686
-2.52872 0.447144
-2.52288 0.445648
-2.51704 0.444017
-2.5112 0.442342
-2.50536 0.440622
-2.49952 0.439314
-2.49368 0.43784
-2.48784 0.437112
-2.482 0.436054
-2.47616 0.434775
-2.47032 0.433957
-2.46448 0.432794
-2.45864 0.432008
-2.4528 0.431218
-2.44696 0.42951
-2.44112 0.429048
-2.43528 0.427541
-2.42944 0.427461
-2.4236 0.426333
-2.41776 0.425408
-2.41192 0.426074
-2.40608 0.423649
-2.40024 0.422476
-2.3944 0.42254
-2.38856 0.422666
-2.38272 0.421284
-2.37688 0.419186
-2.37104 0.419258
-2.3652 0.417247
-2.35936 0.418187
-2.35352 0.417129
-2.34768 0.415358
-2.34184 0.414938
-2.336 0.414464
-2.33016 0.414103
-2.32432 0.412388
-2.31848 0.412069
-2.31264 0.409678
-2.3068 0.409987
-2.30096 0.407952
-2.29512 0.408426
-2.28928 0.405549
-2.28344 0.405314
-2.2776 0.404076
-2.27176 0.40279
-2.26592 0.399103
-2.26008 0.398034
-2.25424 0.396585
-2.2484 0.394046
-2.24256 0.393498
-2.23672 0.390904
-2.23088 0.389695
-2.22504 0.386011
-2.2192 0.384856
-2.21336 0.382885
-2.20752 0.383018
-2.20168 0.381722
-2.19584 0.379605
-2.19 0.377664
-2.18416 0.3733
-2.17832 0.371456
-2.17248 0.366979
-2.16664 0.365628
-2.1608 0.363362
-2.15496 0.356694
-2.14912 0.357928
-2.14328 0.351602
-2.13744 0.350245
-2.1316 0.34653
-2.12576 0.339862
-2.11992 0.339167
-2.11408 0.333657
-2.10824 0.33103
-2.1024 0.327671
-2.09656 0.321686
-2.09072 0.319528
-2.08488 0.316578
-2.07904 0.308504
-2.0732 0.305758
-2.06736 0.301493
-2.06152 0.300429
-2.05568 0.29393
-2.04984 0.291666
-2.044 0.288678
-2.03816 0.282088
-2.03232 0.280717
-2.02648 0.272861
-2.02064 0.271423
-2.0148 0.269077
-2.00896 0.264686
-2.00312 0.25946
-1.99728 0.256236
-1.99144 0.254784
-1.9856 0.25001
-1.97976 0.249151
-1.97392 0.245813
-1.96808 0.240382
-1.96224 0.241874
-1.9564 0.240979
-1.95056 0.235068
-1.94472 0.234878
-1.93888 0.232597
-1.93304 0.233132
-1.9272 0.232644
-1.92136 0.226441
-1.91552 0.229298
-1.90968 0.223334
-1.90384 0.225291
-1.898 0.220883
-1.89216 0.217879
-1.88632 0.218001
-1.88048 0.221554
-1.87464 0.217461
-1.8688 0.213656
-1.86296 0.214802
-1.85712 0.213238
-1.85128 0.211115
-1.84544 0.206434
-1.8396 0.212986
-1.83376 0.209243
-1.82792 0.206173
-1.82208 0.20633
-1.81624 0.20647
-1.8104 0.20671
-1.80456 0.205787
-1.79872 0.202638
-1.79288 0.202411
-1.78704 0.204597
-1.7812 0.203754
-1.77536 0.20403
-1.76952 0.201574
-1.76368 0.205495
-1.75784 0.206512
-1.752 0.206297
-1.74616 0.206033
-1.74032 0.204264
-1.73448 0.208247
-1.72864 0.207073
-1.7228 0.210983
-1.71696 0.210792
-1.71112 0.210093
-1.70528 0.214154
-1.69944 0.213053
-1.6936 0.214573
-1.68776 0.213483
-1.68192 0.217694
-1.67608 0.21432
-1.67024 0.217714
-1.6644 0.216133
-1.65856 0.212367
-1.65272 0.217153
-1.64688 0.213927
-1.64104 0.214706
-1.6352 0.213957
-1.62936 0.215022
-1.62352 0.216038
-1.61768 0.219
-1.61184 0.216064
-1.606 0.220206
-1.60016 0.219772
-1.59432 0.222929
-1.58848 0.223423
-1.58264 0.228279
-1.5768 0.232054
-1.57096 0.230252
-1.56512 0.237091
-1.55928 0.238212
-1.55344 0.238348
-1.5476 0.237959
-1.54176 0.242419
-1.53592 0.247401
-1.53008 0.24685
-1.52424 0.251874
-1.5184 0.25797
-1.51256 0.25828
-1.50672 0.258785
-1.50088 0.264136
-1.49504 0.266735
-1.4892 0.269259
-1.48336 0.274106
-1.47752 0.275849
-1.47168 0.279477
-1.46584 0.278761
-1.46 0.281832
-1.45416 0.281272
-1.44832 0.284274
-1.44248 0.292038
-1.43664 0.292401
-1.4308 0.29502
-1.42496 0.298301
-1.41912 0.297495
-1.41328 0.306628
-1.40744 0.30665
-1.4016 0.308327
-1.39576 0.309514
-1.38992 0.314194
-1.38408 0.317888
-1.37824 0.316723
-1.3724 0.320236
-1.36656 0.32964
-1.36072 0.333832
-1.35488 0.332091
-1.34904 0.336741
-1.3432 0.338238
-1.33736 0.342142
-1.33152 0.343109
-1.32568 0.348669
-1.31984 0.353686
-1.314 0.352806
-1.30816 0.355666
-1.30232 0.359213
-1.29648 0.36341
-1.29064 0.366793
-1.2848 0.369057
-1.27896 0.368002
-1.27312 0.37031
-1.26728 0.373764
-1.26144 0.374878
-1.2556 0.376145
-1.24976 0.380608
-1.24392 0.381711
-1.23808 0.38182
-1.23224 0.382547
-1.2264 0.387864
-1.22056 0.383992
-1.21472 0.390815
-1.20888 0.390127
-1.20304 0.389241
-1.1972 0.391064
-1.19136 0.398481
-1.18552 0.398931
-1.17968 0.401099
-1.17384 0.402761
-1.168 0.407694
-1.16216 0.408118
-1.15632 0.410896
-1.15048 0.416486
-1.14464 0.419797
-1.1388 0.42324
-1.13296 0.41991
-1.12712 0.426759
-1.12128 0.430366
-1.11544 0.428818
-1.1096 0.428884
-1.10376 0.430763
-1.09792 0.433734
-1.09208 0.43396
-1.08624 0.438891
-1.0804 0.443574
-1.07456 0.441778
-1.06872 0.441448
-1.06288 0.444021
-1.05704 0.44544
-1.0512 0.445435
-1.04536 0.447164
-1.03952 0.446889
-1.03368 0.446815
-1.02784 0.44623
-1.022 0.446597
-1.01616 0.442871
-1.01032 0.440914
-1.00448 0.443513
-0.99864 0.441326
-0.9928 0.442345
-0.98696 0.442697
-0.98112 0.439323
-0.97528 0.443481
-0.96944 0.439628
-0.9636 0.438495
-0.95776 0.435881
-0.95192 0.435491
-0.94608 0.437254
-0.94024 0.432554
-0.9344 0.434884
-0.92856 0.4401
-0.92272 0.438872
-0.91688 0.435446
-0.91104 0.435645
-0.9052 0.435864
-0.89936 0.436471
-0.89352 0.435755
-0.88768 0.435912
-0.88184 0.436007
-0.876 0.433917
-0.87016 0.432829
-0.86432 0.435231
-0.85848 0.434412
-0.85264 0.435073
-0.8468 0.435169
-0.84096 0.432237
-0.83512 0.429927
-0.82928 0.430169
-0.82344 0.431288
-0.8176 0.430281
-0.81176 0.429058
-0.80592 0.428777
-0.80008 0.428047
-0.79424 0.426819
-0.7884 0.427068
-0.78256 0.426846
-0.77672 0.425998
-0.77088 0.426831
-0.76504 0.426018
-0.7592 0.425931
-0.75336 0.42618
-0.74752 0.426175
-0.74168 0.427087
-0.73584 0.427281
-0.73 0.427837
-0.72416 0.428731
-0.71832 0.428131
-0.71248 0.429503
-0.70664 0.431942
-0.7008 0.43252
-0.69496 0.433715
-0.68912 0.435732
-0.68328 0.437187
-0.67744 0.438039
-0.6716 0.439949
-0.66576 0.441097
-0.65992 0.442747
-0.65408 0.442073
-0.64824 0.443508
-0.6424 0.446412
-0.63656 0.447088
-0.63072 0.447291
-0.62488 0.447738
-0.61904 0.446453
-0.6132 0.44626
-0.60736 0.446145
-0.60152 0.446576
-0.59568 0.446576
-0.58984 0.446576
-0.584 0.446576
-0.57816 0.446576
-0.57232 0.446576
-0.56648 0.446576
-0.56064 0.446576
-0.5548 0.446576
-0.54896 0.446576
-0.54312 0.446576
-0.53728 0.446576
-0.53144 0.446576
-0.5256 0.446576
-0.51976 0.446576
-0.51392 0.446576
-0.50808 0.446576
-0.50224 0.446576
-0.4964 0.446576
-0.49056 0.446576
-0.48472 0.446576
-0.47888 0.446576
-0.47304 0.446576
-0.4672 0.446576
-0.46136 0.446576
-0.45552 0.446576
-0.44968 0.446576
-0.44384 0.446576
-0.438 0.446576
-0.43216 0.446576
-0.42632 0.446576
-0.42048 0.446576
-0.41464 0.446576
-0.4088 0.446576
-0.40296 0.446576
-0.39712 0.446576
-0.39128 0.446576
-0.38544 0.446576
-0.3796 0.446576
-0.37376 0.446576
-0.36792 0.446576
-0.36208 0.446576
-0.35624 0.446576
-0.3504 0.446576
-0.34456 0.446576
-0.33872 0.446576
-0.33288 0.446576
-0.32704 0.446576
-0.3212 0.446576
-0.31536 0.446576
-0.30952 0.446576
-0.30368 0.446576
-0.29784 0.446576
-0.292 0.446576
-0.28616 0.446576
-0.28032 0.446576
-0.27448 0.446576
-0.26864 0.446576
-0.2628 0.446576
-0.25696 0.446576
-0.25112 0.446576
-0.24528 0.446576
-0.23944 0.446576
-0.2336 0.446576
-0.22776 0.446576
-0.22192 0.446576
-0.21608 0.446576
-0.21024 0.446576
-0.2044 0.446576
-0.19856 0.446576
-0.19272 0.446576
-0.18688 0.446576
-0.18104 0.446576
-0.1752 0.446576
-0.16936 0.446576
-0.16352 0.446576
-0.15768 0.446576
-0.15184 0.446576
-0.146 0.446576
-0.14016 0.446576
-0.13432 0.446576
-0.12848 0.446576
-0.12264 0.446576
-0.1168 0.446576
-0.11096 0.446576
-0.10512 0.446576
-0.09928 0.446576
-0.09344 0.446576
-0.0876 0.446576
-0.08176 0.446576
-0.07592 0.446576
-0.07008 0.446576
-0.06424 0.446576
-0.0584 0.446576
-0.05256 0.446576
-0.04672 0.446576
-0.04088 0.446576
-0.03504 0.446576
-0.0292 0.446576
-0.02336 0.446576
-0.01752 0.446576
-0.01168 0.446576
-0.00584 0.446576
