-2.92 0.496716
-2.91416 0.496716
-2.90832 0.496716
-2.90248 0.496716
-2.89664 0.496716
-2.8908 0.496716
-2.88496 0.496716
-2.87912 0.496716
-2.87328 0.496716
-2.86744 0.496716
-2.8616 0.496716
-2.85576 0.496716
-2.84992 0.496716
-2.84408 0.496716
-2.83824 0.496716
-2.8324 0.496716
-2.82656 0.496716
-2.82072 0.496716
-2.81488 0.496716
-2.80904 0.496716
-2.8032 0.496716
-2.79736 0.496716
-2.79152 0.496716
-2.78568 0.496716
-2.77984 0.496716
-2.774 0.496716
-2.76816 0.496716
-2.76232 0.496716
-2.75648 0.496716
-2.75064 0.496716
-2.7448 0.496716
-2.73896 0.496716
-2.73312 0.496716
-2.72728 0.496716
-2.72144 0.496716
-2.7156 0.496716
-2.70976 0.496716
-2.70392 0.496716
-2.69808 0.496716
-2.69224 0.496716
-2.6864 0.496716
-2.68056 0.496716
-2.67472 0.496716
-2.66888 0.496716
-2.66304 0.496716
-2.6572 0.496716
-2.65136 0.496716
-2.64552 0.496716
-2.63968 0.496716
-2.63384 0.496716
-2.628 0.496716
-2.62216 0.496716
-2.61632 0.496716
-2.61048 0.496716
-2.60464 0.496716
-2.5988 0.496716
-2.59296 0.496405
-2.58712 0.495785
-2.58128 0.495078
-2.57544 0.494297
-2.5696 0.493304
-2.56376 0.492177
-2.55792 0.49092
-2.55208 0.489618
-2.54624 0.488314
-2.5404 0.486878
-2.53456 0.485396
-2.52872 0.48378
-2.52288 0.482165
-2.51704 0.480461
-2.5112 0.47867
-2.50536 0.476837
-2.49952 0.475004
-2.49368 0.473122
-2.48784 0.47128
-2.482 0.469403
-2.47616 0.467515
-2.47032 0.465459
-2.46448 0.463358
-2.45864 0.461296
-2.4528 0.459391
-2.44696 0.457033
-2.44112 0.454547
-2.43528 0.452426
-2.42944 0.450386
-2.4236 0.447688
-2.41776 0.445567
-2.41192 0.443198
-2.40608 0.440903
-2.40024 0.438688
-2.3944 0.435931
-2.38856 0.433283
-2.38272 0.431146
-2.37688 0.428223
-2.37104 0.42554
-2.3652 0.423225
-2.35936 0.421067
-2.35352 0.418219
-2.34768 0.415208
-2.34184 0.41219
-2.336 0.409206
-2.33016 0.406802
-2.32432 0.40415
-2.31848 0.400993
-2.31264 0.398784
-2.3068 0.395716
-2.30096 0.392059
-2.29512 0.389641
-2.28928 0.387357
-2.28344 0.383454
-2.2776 0.380656
-2.27176 0.378283
-2.26592 0.374463
-2.26008 0.373202
-2.25424 0.37003
-2.2484 0.365538
-2.24256 0.362531
-2.23672 0.360131
-2.23088 0.356633
-2.22504 0.352886
-2.2192 0.350116
-2.21336 0.347182
-2.20752 0.345571
-2.20168 0.341149
-2.19584 0.338298
-2.19 0.334412
-2.18416 0.330814
-2.17832 0.327257
-2.17248 0.322764
-2.16664 0.320038
-2.1608 0.317847
-2.15496 0.313409
-2.14912 0.310139
-2.14328 0.305303
-2.13744 0.300954
-2.1316 0.297068
-2.12576 0.293712
-2.11992 0.289944
-2.11408 0.287017
-2.10824 0.281789
-2.1024 0.278518
-2.09656 0.274091
-2.09072 0.271111
-2.08488 0.265678
-2.07904 0.26249
-2.0732 0.257682
-2.06736 0.255436
-2.06152 0.249922
-2.05568 0.246525
-2.04984 0.242667
-2.044 0.238467
-2.03816 0.236001
-2.03232 0.230506
-2.02648 0.229509
-2.02064 0.223866
-2.0148 0.220726
-2.00896 0.219792
-2.00312 0.215359
-1.99728 0.214143
-1.99144 0.211668
-1.9856 0.209682
-1.97976 0.209429
-1.97392 0.208599
-1.96808 0.205983
-1.96224 0.204666
-1.9564 0.204083
-1.95056 0.201213
-1.94472 0.200172
-1.93888 0.199296
-1.93304 0.198446
-1.9272 0.19495
-1.92136 0.197062
-1.91552 0.194079
-1.90968 0.193854
-1.90384 0.191429
-1.898 0.191924
-1.89216 0.190318
-1.88632 0.190977
-1.88048 0.190186
-1.87464 0.187243
-1.8688 0.190449
-1.86296 0.188125
-1.85712 0.187105
-1.85128 0.1909
-1.84544 0.189852
-1.8396 0.189666
-1.83376 0.18957
-1.82792 0.188048
-1.82208 0.192598
-1.81624 0.19383
-1.8104 0.191103
-1.80456 0.190107
-1.79872 0.191658
-1.79288 0.193801
-1.78704 0.192835
-1.7812 0.192219
-1.77536 0.193732
-1.76952 0.194875
-1.76368 0.192916
-1.75784 0.196738
-1.752 0.196255
-1.74616 0.196097
-1.74032 0.199995
-1.73448 0.19906
-1.72864 0.198693
-1.7228 0.201766
-1.71696 0.205481
-1.71112 0.20478
-1.70528 0.205208
-1.69944 0.209052
-1.6936 0.208799
-1.68776 0.207894
-1.68192 0.210926
-1.67608 0.208124
-1.67024 0.210874
-1.6644 0.209938
-1.65856 0.211663
-1.65272 0.214558
-1.64688 0.209968
-1.64104 0.213732
-1.6352 0.216835
-1.62936 0.21405
-1.62352 0.214524
-1.61768 0.216565
-1.61184 0.218879
-1.606 0.219917
-1.60016 0.226934
-1.59432 0.222999
-1.58848 0.228247
-1.58264 0.235407
-1.5768 0.230559
-1.57096 0.234376
-1.56512 0.234965
-1.55928 0.239684
-1.55344 0.240299
-1.5476 0.252199
-1.54176 0.254045
-1.53592 0.255555
-1.53008 0.256997
-1.52424 0.255051
-1.5184 0.263816
-1.51256 0.264804
-1.50672 0.267866
-1.50088 0.271177
-1.49504 0.277099
-1.4892 0.275364
-1.48336 0.281952
-1.47752 0.281869
-1.47168 0.282445
-1.46584 0.286496
-1.46 0.291726
-1.45416 0.292589
-1.44832 0.295386
-1.44248 0.299221
-1.43664 0.300947
-1.4308 0.304642
-1.42496 0.308806
-1.41912 0.311275
-1.41328 0.311445
-1.40744 0.313705
-1.4016 0.3177
-1.39576 0.321465
-1.38992 0.326267
-1.38408 0.333241
-1.37824 0.333048
-1.3724 0.333052
-1.36656 0.335274
-1.36072 0.337763
-1.35488 0.342324
-1.34904 0.340045
-1.3432 0.343304
-1.33736 0.345263
-1.33152 0.353892
-1.32568 0.354094
-1.31984 0.356162
-1.314 0.362418
-1.30816 0.360172
-1.30232 0.367281
-1.29648 0.370616
-1.29064 0.37374
-1.2848 0.375273
-1.27896 0.378253
-1.27312 0.379714
-1.26728 0.377059
-1.26144 0.381834
-1.2556 0.385129
-1.24976 0.385417
-1.24392 0.391806
-1.23808 0.39126
-1.23224 0.392777
-1.2264 0.395744
-1.22056 0.397923
-1.21472 0.402659
-1.20888 0.400908
-1.20304 0.408587
-1.1972 0.408656
-1.19136 0.410197
-1.18552 0.412703
-1.17968 0.417244
-1.17384 0.41735
-1.168 0.421003
-1.16216 0.425928
-1.15632 0.42062
-1.15048 0.422715
-1.14464 0.428078
-1.1388 0.424456
-1.13296 0.426533
-1.12712 0.427113
-1.12128 0.431893
-1.11544 0.432856
-1.1096 0.439726
-1.10376 0.439874
-1.09792 0.440466
-1.09208 0.439485
-1.08624 0.43683
-1.0804 0.444412
-1.07456 0.443559
-1.06872 0.446958
-1.06288 0.445499
-1.05704 0.450354
-1.0512 0.44525
-1.04536 0.447759
-1.03952 0.445477
-1.03368 0.442494
-1.02784 0.444013
-1.022 0.443853
-1.01616 0.44181
-1.01032 0.439179
-1.00448 0.437981
-0.99864 0.438097
-0.9928 0.438294
-0.98696 0.44123
-0.98112 0.438764
-0.97528 0.43554
-0.96944 0.435451
-0.9636 0.435243
-0.95776 0.435382
-0.95192 0.436754
-0.94608 0.43786
-0.94024 0.434082
-0.9344 0.433381
-0.92856 0.432128
-0.92272 0.430402
-0.91688 0.428487
-0.91104 0.425461
-0.9052 0.425031
-0.89936 0.428248
-0.89352 0.429807
-0.88768 0.426749
-0.88184 0.428065
-0.876 0.428823
-0.87016 0.424638
-0.86432 0.427601
-0.85848 0.427602
-0.85264 0.429189
-0.8468 0.426569
-0.84096 0.428165
-0.83512 0.426912
-0.82928 0.422629
-0.82344 0.422776
-0.8176 0.420967
-0.81176 0.42151
-0.80592 0.42278
-0.80008 0.420458
-0.79424 0.421713
-0.7884 0.420995
-0.78256 0.421301
-0.77672 0.421733
-0.77088 0.421534
-0.76504 0.422719
-0.7592 0.421497
-0.75336 0.422104
-0.74752 0.421823
-0.74168 0.423676
-0.73584 0.424329
-0.73 0.425082
-0.72416 0.425269
-0.71832 0.425158
-0.71248 0.425877
-0.70664 0.427124
-0.7008 0.427802
-0.69496 0.427858
-0.68912 0.428876
-0.68328 0.430804
-0.67744 0.435123
-0.6716 0.435673
-0.66576 0.437604
-0.65992 0.438469
-0.65408 0.439327
-0.64824 0.439609
-0.6424 0.442668
-0.63656 0.4434
-0.63072 0.443784
-0.62488 0.443751
-0.61904 0.443961
-0.6132 0.443204
-0.60736 0.442092
-0.60152 0.442661
-0.59568 0.442661
-0.58984 0.442661
-0.584 0.442661
-0.57816 0.442661
-0.57232 0.442661
-0.56648 0.442661
-0.56064 0.442661
-0.5548 0.442661
-0.54896 0.442661
-0.54312 0.442661
-0.53728 0.442661
-0.53144 0.442661
-0.5256 0.442661
-0.51976 0.442661
-0.51392 0.442661
-0.50808 0.442661
-0.50224 0.442661
-0.4964 0.442661
-0.49056 0.442661
-0.48472 0.442661
-0.47888 0.442661
-0.47304 0.442661
-0.4672 0.442661
-0.46136 0.442661
-0.45552 0.442661
-0.44968 0.442661
-0.44384 0.442661
-0.438 0.442661
-0.43216 0.442661
-0.42632 0.442661
-0.42048 0.442661
-0.41464 0.442661
-0.4088 0.442661
-0.40296 0.442661
-0.39712 0.442661
-0.39128 0.442661
-0.38544 0.442661
-0.3796 0.442661
-0.37376 0.442661
-0.36792 0.442661
-0.36208 0.442661
-0.35624 0.442661
-0.3504 0.442661
-0.34456 0.442661
-0.33872 0.442661
-0.33288 0.442661
-0.32704 0.442661
-0.3212 0.442661
-0.31536 0.442661
-0.30952 0.442661
-0.30368 0.442661
-0.29784 0.442661
-0.292 0.442661
-0.28616 0.442661
-0.28032 0.442661
-0.27448 0.442661
-0.26864 0.442661
-0.2628 0.442661
-0.25696 0.442661
-0.25112 0.442661
-0.24528 0.442661
-0.23944 0.442661
-0.2336 0.442661
-0.22776 0.442661
-0.22192 0.442661
-0.21608 0.442661
-0.21024 0.442661
-0.2044 0.442661
-0.19856 0.442661
-0.19272 0.442661
-0.18688 0.442661
-0.18104 0.442661
-0.1752 0.442661
-0.16936 0.442661
-0.16352 0.442661
-0.15768 0.442661
-0.15184 0.442661
-0.146 0.442661
-0.14016 0.442661
-0.13432 0.442661
-0.12848 0.442661
-0.12264 0.442661
-0.1168 0.442661
-0.11096 0.442661
-0.10512 0.442661
-0.09928 0.442661
-0.09344 0.442661
-0.0876 0.442661
-0.08176 0.442661
-0.07592 0.442661
-0.07008 0.442661
-0.06424 0.442661
-0.0584 0.442661
-0.05256 0.442661
-0.04672 0.442661
-0.04088 0.442661
-0.03504 0.442661
-0.0292 0.442661
-0.02336 0.442661
-0.01752 0.442661
-0.01168 0.442661
-0.00584 0.442661
