-2.92 0.495302
-2.91416 0.495302
-2.90832 0.495302
-2.90248 0.495302
-2.89664 0.495302
-2.8908 0.495302
-2.88496 0.495302
-2.87912 0.495302
-2.87328 0.495302
-2.86744 0.495302
-2.8616 0.495302
-2.85576 0.495302
-2.84992 0.495302
-2.84408 0.495302
-2.83824 0.495302
-2.8324 0.495302
-2.82656 0.495302
-2.82072 0.495302
-2.81488 0.495302
-2.80904 0.495302
-2.8032 0.495302
-2.79736 0.495302
-2.79152 0.495302
-2.78568 0.495302
-2.77984 0.495302
-2.774 0.495302
-2.76816 0.495302
-2.76232 0.495302
-2.75648 0.495302
-2.75064 0.495302
-2.7448 0.495302
-2.73896 0.495302
-2.73312 0.495302
-2.72728 0.495302
-2.72144 0.495302
-2.7156 0.495302
-2.70976 0.495302
-2.70392 0.495302
-2.69808 0.495302
-2.69224 0.495302
-2.6864 0.495302
-2.68056 0.495302
-2.67472 0.495302
-2.66888 0.495302
-2.66304 0.495302
-2.6572 0.495302
-2.65136 0.495302
-2.64552 0.495302
-2.63968 0.495302
-2.63384 0.495302
-2.628 0.495302
-2.62216 0.495302
-2.61632 0.495302
-2.61048 0.495302
-2.60464 0.495302
-2.5988 0.495302
-2.59296 0.494819
-2.58712 0.494202
-2.58128 0.493543
-2.57544 0.492705
-2.5696 0.491732
-2.56376 0.490584
-2.55792 0.48935
-2.55208 0.48807
-2.54624 0.486702
-2.5404 0.485158
-2.53456 0.483566
-2.52872 0.481849
-2.52288 0.480131
-2.51704 0.478329
-2.5112 0.476351
-2.50536 0.474416
-2.49952 0.472764
-2.49368 0.471648
-2.48784 0.470196
-2.482 0.469699
-2.47616 0.467949
-2.47032 0.467389
-2.46448 0.466005
-2.45864 0.46532
-2.4528 0.464927
-2.44696 0.464782
-2.44112 0.462195
-2.43528 0.461587
-2.42944 0.460485
-2.4236 0.458925
-2.41776 0.459183
-2.41192 0.459104
-2.40608 0.455924
-2.40024 0.45551
-2.3944 0.455673
-2.38856 0.454276
-2.38272 0.451844
-2.37688 0.451719
-2.37104 0.450268
-2.3652 0.450866
-2.35936 0.44775
-2.35352 0.448041
-2.34768 0.445937
-2.34184 0.443946
-2.336 0.443575
-2.33016 0.443432
-2.32432 0.442457
-2.31848 0.441705
-2.31264 0.439376
-2.3068 0.440291
-2.30096 0.436751
-2.29512 0.436964
-2.28928 0.437129
-2.28344 0.436847
-2.2776 0.435315
-2.27176 0.434939
-2.26592 0.433067
-2.26008 0.431824
-2.25424 0.433162
-2.2484 0.430581
-2.24256 0.429474
-2.23672 0.430926
-2.23088 0.430152
-2.22504 0.427682
-2.2192 0.424571
-2.21336 0.42487
-2.20752 0.421984
-2.20168 0.42202
-2.19584 0.421051
-2.19 0.414185
-2.18416 0.41524
-2.17832 0.412435
-2.17248 0.411531
-2.16664 0.409652
-2.1608 0.406277
-2.15496 0.401203
-2.14912 0.400473
-2.14328 0.393668
-2.13744 0.386299
-2.1316 0.385707
-2.12576 0.382971
-2.11992 0.380401
-2.11408 0.376268
-2.10824 0.368547
-2.1024 0.364765
-2.09656 0.360592
-2.09072 0.354649
-2.08488 0.353961
-2.07904 0.351402
-2.0732 0.345396
-2.06736 0.340428
-2.06152 0.332791
-2.05568 0.329241
-2.04984 0.327132
-2.044 0.324068
-2.03816 0.319302
-2.03232 0.313853
-2.02648 0.314311
-2.02064 0.306577
-2.0148 0.303465
-2.00896 0.297529
-2.00312 0.295608
-1.99728 0.293371
-1.99144 0.29215
-1.9856 0.288075
-1.97976 0.287442
-1.97392 0.284838
-1.96808 0.280215
-1.96224 0.283861
-1.9564 0.280039
-1.95056 0.277713
-1.94472 0.276603
-1.93888 0.272978
-1.93304 0.273175
-1.9272 0.271365
-1.92136 0.271517
-1.91552 0.269962
-1.90968 0.266734
-1.90384 0.261652
-1.898 0.266174
-1.89216 0.265255
-1.88632 0.263123
-1.88048 0.260493
-1.87464 0.258414
-1.8688 0.257596
-1.86296 0.258905
-1.85712 0.255132
-1.85128 0.255016
-1.84544 0.256491
-1.8396 0.252382
-1.83376 0.252579
-1.82792 0.252827
-1.82208 0.252699
-1.81624 0.252403
-1.8104 0.250512
-1.80456 0.247278
-1.79872 0.245833
-1.79288 0.24934
-1.78704 0.247616
-1.7812 0.244206
-1.77536 0.24442
-1.76952 0.244755
-1.76368 0.241864
-1.75784 0.242912
-1.752 0.239007
-1.74616 0.240162
-1.74032 0.240002
-1.73448 0.242165
-1.72864 0.240539
-1.7228 0.236093
-1.71696 0.238701
-1.71112 0.240538
-1.70528 0.239386
-1.69944 0.237942
-1.6936 0.235428
-1.68776 0.239528
-1.68192 0.238154
-1.67608 0.236701
-1.67024 0.232255
-1.6644 0.233804
-1.65856 0.232829
-1.65272 0.231977
-1.64688 0.232458
-1.64104 0.232287
-1.6352 0.23171
-1.62936 0.229988
-1.62352 0.227968
-1.61768 0.230627
-1.61184 0.231522
-1.606 0.236039
-1.60016 0.23464
-1.59432 0.23957
-1.58848 0.236889
-1.58264 0.240026
-1.5768 0.243599
-1.57096 0.245219
-1.56512 0.245783
-1.55928 0.247419
-1.55344 0.254546
-1.5476 0.256337
-1.54176 0.255822
-1.53592 0.257769
-1.53008 0.259369
-1.52424 0.260417
-1.5184 0.262605
-1.51256 0.265414
-1.50672 0.268221
-1.50088 0.270682
-1.49504 0.270716
-1.4892 0.277146
-1.48336 0.277402
-1.47752 0.278771
-1.47168 0.284096
-1.46584 0.278345
-1.46 0.28562
-1.45416 0.28663
-1.44832 0.294142
-1.44248 0.295347
-1.43664 0.294552
-1.4308 0.298516
-1.42496 0.303565
-1.41912 0.299945
-1.41328 0.306053
-1.40744 0.30572
-1.4016 0.307724
-1.39576 0.312781
-1.38992 0.314294
-1.38408 0.320709
-1.37824 0.319723
-1.3724 0.320837
-1.36656 0.324853
-1.36072 0.324274
-1.35488 0.324837
-1.34904 0.325325
-1.3432 0.327672
-1.33736 0.332136
-1.33152 0.335965
-1.32568 0.340266
-1.31984 0.340803
-1.314 0.345407
-1.30816 0.342762
-1.30232 0.349915
-1.29648 0.352671
-1.29064 0.351459
-1.2848 0.355149
-1.27896 0.357255
-1.27312 0.359622
-1.26728 0.36131
-1.26144 0.361646
-1.2556 0.361133
-1.24976 0.366705
-1.24392 0.366593
-1.23808 0.367818
-1.23224 0.371053
-1.2264 0.376757
-1.22056 0.377088
-1.21472 0.376495
-1.20888 0.381586
-1.20304 0.385282
-1.1972 0.384491
-1.19136 0.387162
-1.18552 0.386169
-1.17968 0.390613
-1.17384 0.394174
-1.168 0.398728
-1.16216 0.396076
-1.15632 0.399845
-1.15048 0.398697
-1.14464 0.398463
-1.1388 0.402077
-1.13296 0.403272
-1.12712 0.401259
-1.12128 0.407116
-1.11544 0.413346
-1.1096 0.415953
-1.10376 0.412562
-1.09792 0.412356
-1.09208 0.41286
-1.08624 0.414156
-1.0804 0.416992
-1.07456 0.41798
-1.06872 0.419833
-1.06288 0.419337
-1.05704 0.418526
-1.0512 0.421068
-1.04536 0.419889
-1.03952 0.417991
-1.03368 0.423271
-1.02784 0.413438
-1.022 0.418974
-1.01616 0.415269
-1.01032 0.418254
-1.00448 0.415958
-0.99864 0.414658
-0.9928 0.41286
-0.98696 0.41466
-0.98112 0.408731
-0.97528 0.412448
-0.96944 0.408046
-0.9636 0.40823
-0.95776 0.410489
-0.95192 0.406583
-0.94608 0.409803
-0.94024 0.406676
-0.9344 0.406136
-0.92856 0.406212
-0.92272 0.401724
-0.91688 0.401208
-0.91104 0.397125
-0.9052 0.397293
-0.89936 0.39985
-0.89352 0.401278
-0.88768 0.401463
-0.88184 0.399385
-0.876 0.400252
-0.87016 0.395535
-0.86432 0.398646
-0.85848 0.397833
-0.85264 0.396636
-0.8468 0.396294
-0.84096 0.395674
-0.83512 0.394934
-0.82928 0.394349
-0.82344 0.388967
-0.8176 0.391505
-0.81176 0.389537
-0.80592 0.389872
-0.80008 0.388933
-0.79424 0.387309
-0.7884 0.388294
-0.78256 0.38733
-0.77672 0.387006
-0.77088 0.385114
-0.76504 0.38716
-0.7592 0.38653
-0.75336 0.386589
-0.74752 0.386344
-0.74168 0.38642
-0.73584 0.38696
-0.73 0.387479
-0.72416 0.387717
-0.71832 0.388226
-0.71248 0.388314
-0.70664 0.388669
-0.7008 0.389471
-0.69496 0.390185
-0.68912 0.39089
-0.68328 0.392004
-0.67744 0.396516
-0.6716 0.397751
-0.66576 0.398659
-0.65992 0.399099
-0.65408 0.39902
-0.64824 0.400202
-0.6424 0.402601
-0.63656 0.403609
-0.63072 0.404737
-0.62488 0.404353
-0.61904 0.403836
-0.6132 0.403491
-0.60736 0.40255
-0.60152 0.403074
-0.59568 0.403074
-0.58984 0.403074
-0.584 0.403074
-0.57816 0.403074
-0.57232 0.403074
-0.56648 0.403074
-0.56064 0.403074
-0.5548 0.403074
-0.54896 0.403074
-0.54312 0.403074
-0.53728 0.403074
-0.53144 0.403074
-0.5256 0.403074
-0.51976 0.403074
-0.51392 0.403074
-0.50808 0.403074
-0.50224 0.403074
-0.4964 0.403074
-0.49056 0.403074
-0.48472 0.403074
-0.47888 0.403074
-0.47304 0.403074
-0.4672 0.403074
-0.46136 0.403074
-0.45552 0.403074
-0.44968 0.403074
-0.44384 0.403074
-0.438 0.403074
-0.43216 0.403074
-0.42632 0.403074
-0.42048 0.403074
-0.41464 0.403074
-0.4088 0.403074
-0.40296 0.403074
-0.39712 0.403074
-0.39128 0.403074
-0.38544 0.403074
-0.3796 0.403074
-0.37376 0.403074
-0.36792 0.403074
-0.36208 0.403074
-0.35624 0.403074
-0.3504 0.403074
-0.34456 0.403074
-0.33872 0.403074
-0.33288 0.403074
-0.32704 0.403074
-0.3212 0.403074
-0.31536 0.403074
-0.30952 0.403074
-0.30368 0.403074
-0.29784 0.403074
-0.292 0.403074
-0.28616 0.403074
-0.28032 0.403074
-0.27448 0.403074
-0.26864 0.403074
-0.2628 0.403074
-0.25696 0.403074
-0.25112 0.403074
-0.24528 0.403074
-0.23944 0.403074
-0.2336 0.403074
-0.22776 0.403074
-0.22192 0.403074
-0.21608 0.403074
-0.21024 0.403074
-0.2044 0.403074
-0.19856 0.403074
-0.19272 0.403074
-0.18688 0.403074
-0.18104 0.403074
-0.1752 0.403074
-0.16936 0.403074
-0.16352 0.403074
-0.15768 0.403074
-0.15184 0.403074
-0.146 0.403074
-0.14016 0.403074
-0.13432 0.403074
-0.12848 0.403074
-0.12264 0.403074
-0.1168 0.403074
-0.11096 0.403074
-0.10512 0.403074
-0.09928 0.403074
-0.09344 0.403074
-0.0876 0.403074
-0.08176 0.403074
-0.07592 0.403074
-0.07008 0.403074
-0.06424 0.403074
-0.0584 0.403074
-0.05256 0.403074
-0.04672 0.403074
-0.04088 0.403074
-0.03504 0.403074
-0.0292 0.403074
-0.02336 0.403074
-0.01752 0.403074
-0.01168 0.403074
-0.00584 0.403074
