-2.92 0.524936
-2.91416 0.524936
-2.90832 0.524936
-2.90248 0.524936
-2.89664 0.524936
-2.8908 0.524936
-2.88496 0.524936
-2.87912 0.524936
-2.87328 0.524936
-2.86744 0.524936
-2.8616 0.524936
-2.85576 0.524936
-2.84992 0.524936
-2.84408 0.524936
-2.83824 0.524936
-2.8324 0.524936
-2.82656 0.524936
-2.82072 0.524936
-2.81488 0.524936
-2.80904 0.524936
-2.8032 0.524936
-2.79736 0.524936
-2.79152 0.524936
-2.78568 0.524936
-2.77984 0.524936
-2.774 0.524936
-2.76816 0.524936
-2.76232 0.524936
-2.75648 0.524936
-2.75064 0.524936
-2.7448 0.524936
-2.73896 0.524936
-2.73312 0.524936
-2.72728 0.524936
-2.72144 0.524936
-2.7156 0.524936
-2.70976 0.524936
-2.70392 0.524936
-2.69808 0.524936
-2.69224 0.524936
-2.6864 0.524936
-2.68056 0.524936
-2.67472 0.524936
-2.66888 0.524936
-2.66304 0.524936
-2.6572 0.524936
-2.65136 0.524936
-2.64552 0.524936
-2.63968 0.524936
-2.63384 0.524936
-2.628 0.524936
-2.62216 0.524936
-2.61632 0.524936
-2.61048 0.524936
-2.60464 0.524936
-2.5988 0.524936
-2.59296 0.524139
-2.58712 0.52312
-2.58128 0.522056
-2.57544 0.520857
-2.5696 0.51957
-2.56376 0.518108
-2.55792 0.516555
-2.55208 0.515045
-2.54624 0.513446
-2.5404 0.511845
-2.53456 0.510198
-2.52872 0.508507
-2.52288 0.506732
-2.51704 0.504821
-2.5112 0.502867
-2.50536 0.500824
-2.49952 0.499235
-2.49368 0.498099
-2.48784 0.496922
-2.482 0.495753
-2.47616 0.494929
-2.47032 0.494431
-2.46448 0.492445
-2.45864 0.491944
-2.4528 0.490695
-2.44696 0.490314
-2.44112 0.488976
-2.43528 0.489163
-2.42944 0.48823
-2.4236 0.486344
-2.41776 0.487187
-2.41192 0.485841
-2.40608 0.484497
-2.40024 0.484711
-2.3944 0.483567
-2.38856 0.482456
-2.38272 0.482887
-2.37688 0.481699
-2.37104 0.479428
-2.3652 0.481191
-2.35936 0.480072
-2.35352 0.479916
-2.34768 0.478144
-2.34184 0.47674
-2.336 0.476718
-2.33016 0.477929
-2.32432 0.475448
-2.31848 0.474203
-2.31264 0.474667
-2.3068 0.474013
-2.30096 0.474185
-2.29512 0.471403
-2.28928 0.469161
-2.28344 0.471801
-2.2776 0.470232
-2.27176 0.470392
-2.26592 0.467926
-2.26008 0.469062
-2.25424 0.467284
-2.2484 0.471083
-2.24256 0.465822
-2.23672 0.467696
-2.23088 0.465955
-2.22504 0.464419
-2.2192 0.46358
-2.21336 0.462465
-2.20752 0.464509
-2.20168 0.462235
-2.19584 0.461568
-2.19 0.458049
-2.18416 0.460255
-2.17832 0.456306
-2.17248 0.456279
-2.16664 0.453848
-2.1608 0.453298
-2.15496 0.450995
-2.14912 0.449625
-2.14328 0.448577
-2.13744 0.44406
-2.1316 0.444417
-2.12576 0.441603
-2.11992 0.436561
-2.11408 0.436792
-2.10824 0.435031
-2.1024 0.432692
-2.09656 0.429416
-2.09072 0.424792
-2.08488 0.425316
-2.07904 0.420599
-2.0732 0.42017
-2.06736 0.416336
-2.06152 0.414267
-2.05568 0.415772
-2.04984 0.409236
-2.044 0.406951
-2.03816 0.405357
-2.03232 0.402206
-2.02648 0.404488
-2.02064 0.398989
-2.0148 0.398167
-2.00896 0.391861
-2.00312 0.391845
-1.99728 0.389833
-1.99144 0.386159
-1.9856 0.387536
-1.97976 0.38274
-1.97392 0.381599
-1.96808 0.377382
-1.96224 0.375304
-1.9564 0.373992
-1.95056 0.369392
-1.94472 0.366359
-1.93888 0.358441
-1.93304 0.359134
-1.9272 0.355285
-1.92136 0.353107
-1.91552 0.350301
-1.90968 0.344292
-1.90384 0.340655
-1.898 0.33389
-1.89216 0.335272
-1.88632 0.327177
-1.88048 0.325507
-1.87464 0.322245
-1.8688 0.318449
-1.86296 0.312029
-1.85712 0.309794
-1.85128 0.307211
-1.84544 0.298609
-1.8396 0.298157
-1.83376 0.294846
-1.82792 0.291715
-1.82208 0.290768
-1.81624 0.282047
-1.8104 0.277867
-1.80456 0.275689
-1.79872 0.268905
-1.79288 0.265488
-1.78704 0.264883
-1.7812 0.259804
-1.77536 0.253811
-1.76952 0.252859
-1.76368 0.249743
-1.75784 0.244354
-1.752 0.242337
-1.74616 0.235224
-1.74032 0.233612
-1.73448 0.22787
-1.72864 0.224848
-1.7228 0.221333
-1.71696 0.218398
-1.71112 0.212036
-1.70528 0.21055
-1.69944 0.208235
-1.6936 0.205462
-1.68776 0.200932
-1.68192 0.197337
-1.67608 0.196002
-1.67024 0.193039
-1.6644 0.194047
-1.65856 0.18873
-1.65272 0.188916
-1.64688 0.18939
-1.64104 0.187404
-1.6352 0.185349
-1.62936 0.180933
-1.62352 0.180083
-1.61768 0.183295
-1.61184 0.179483
-1.606 0.182281
-1.60016 0.184084
-1.59432 0.186411
-1.58848 0.184656
-1.58264 0.186608
-1.5768 0.180927
-1.57096 0.183588
-1.56512 0.187912
-1.55928 0.186446
-1.55344 0.18446
-1.5476 0.191528
-1.54176 0.187059
-1.53592 0.191641
-1.53008 0.186164
-1.52424 0.190094
-1.5184 0.186915
-1.51256 0.190605
-1.50672 0.186583
-1.50088 0.191396
-1.49504 0.18825
-1.4892 0.193183
-1.48336 0.190222
-1.47752 0.195382
-1.47168 0.192088
-1.46584 0.196181
-1.46 0.196614
-1.45416 0.198567
-1.44832 0.201552
-1.44248 0.199017
-1.43664 0.198374
-1.4308 0.197703
-1.42496 0.200301
-1.41912 0.202177
-1.41328 0.203125
-1.40744 0.20178
-1.4016 0.203505
-1.39576 0.204891
-1.38992 0.205159
-1.38408 0.209617
-1.37824 0.204602
-1.3724 0.204934
-1.36656 0.209215
-1.36072 0.210594
-1.35488 0.206262
-1.34904 0.208002
-1.3432 0.206158
-1.33736 0.206946
-1.33152 0.206776
-1.32568 0.211812
-1.31984 0.214273
-1.314 0.212616
-1.30816 0.212991
-1.30232 0.213276
-1.29648 0.210831
-1.29064 0.213772
-1.2848 0.214355
-1.27896 0.216113
-1.27312 0.218128
-1.26728 0.220133
-1.26144 0.222084
-1.2556 0.221255
-1.24976 0.225017
-1.24392 0.225298
-1.23808 0.23103
-1.23224 0.229987
-1.2264 0.234502
-1.22056 0.23779
-1.21472 0.241582
-1.20888 0.244145
-1.20304 0.244516
-1.1972 0.247062
-1.19136 0.250726
-1.18552 0.252943
-1.17968 0.255815
-1.17384 0.258771
-1.168 0.26351
-1.16216 0.265207
-1.15632 0.267794
-1.15048 0.267357
-1.14464 0.272317
-1.1388 0.270034
-1.13296 0.275275
-1.12712 0.273757
-1.12128 0.280038
-1.11544 0.281714
-1.1096 0.285361
-1.10376 0.287168
-1.09792 0.291374
-1.09208 0.288193
-1.08624 0.292807
-1.0804 0.292106
-1.07456 0.297711
-1.06872 0.298257
-1.06288 0.302999
-1.05704 0.302027
-1.0512 0.310682
-1.04536 0.310353
-1.03952 0.313684
-1.03368 0.316684
-1.02784 0.321404
-1.022 0.323466
-1.01616 0.326453
-1.01032 0.329757
-1.00448 0.331216
-0.99864 0.33297
-0.9928 0.33324
-0.98696 0.336103
-0.98112 0.33991
-0.97528 0.341909
-0.96944 0.34364
-0.9636 0.346166
-0.95776 0.348176
-0.95192 0.351313
-0.94608 0.353446
-0.94024 0.353318
-0.9344 0.356134
-0.92856 0.359203
-0.92272 0.363461
-0.91688 0.361319
-0.91104 0.362429
-0.9052 0.36408
-0.89936 0.365304
-0.89352 0.368367
-0.88768 0.372073
-0.88184 0.373245
-0.876 0.373056
-0.87016 0.379023
-0.86432 0.37904
-0.85848 0.37865
-0.85264 0.381084
-0.8468 0.382961
-0.84096 0.386111
-0.83512 0.387731
-0.82928 0.392043
-0.82344 0.392571
-0.8176 0.395712
-0.81176 0.399312
-0.80592 0.401703
-0.80008 0.404231
-0.79424 0.405786
-0.7884 0.408783
-0.78256 0.41035
-0.77672 0.411836
-0.77088 0.414133
-0.76504 0.414778
-0.7592 0.416725
-0.75336 0.417946
-0.74752 0.419548
-0.74168 0.420451
-0.73584 0.420445
-0.73 0.419184
-0.72416 0.419611
-0.71832 0.419176
-0.71248 0.41998
-0.70664 0.419215
-0.7008 0.415756
-0.69496 0.417226
-0.68912 0.416538
-0.68328 0.417427
-0.67744 0.417442
-0.6716 0.416242
-0.66576 0.418097
-0.65992 0.417772
-0.65408 0.418802
-0.64824 0.418766
-0.6424 0.418197
-0.63656 0.418277
-0.63072 0.419538
-0.62488 0.420499
-0.61904 0.421456
-0.6132 0.423329
-0.60736 0.42348
-0.60152 0.423415
-0.59568 0.423415
-0.58984 0.423415
-0.584 0.423415
-0.57816 0.423415
-0.57232 0.423415
-0.56648 0.423415
-0.56064 0.423415
-0.5548 0.423415
-0.54896 0.423415
-0.54312 0.423415
-0.53728 0.423415
-0.53144 0.423415
-0.5256 0.423415
-0.51976 0.423415
-0.51392 0.423415
-0.50808 0.423415
-0.50224 0.423415
-0.4964 0.423415
-0.49056 0.423415
-0.48472 0.423415
-0.47888 0.423415
-0.47304 0.423415
-0.4672 0.423415
-0.46136 0.423415
-0.45552 0.423415
-0.44968 0.423415
-0.44384 0.423415
-0.438 0.423415
-0.43216 0.423415
-0.42632 0.423415
-0.42048 0.423415
-0.41464 0.423415
-0.4088 0.423415
-0.40296 0.423415
-0.39712 0.423415
-0.39128 0.423415
-0.38544 0.423415
-0.3796 0.423415
-0.37376 0.423415
-0.36792 0.423415
-0.36208 0.423415
-0.35624 0.423415
-0.3504 0.423415
-0.34456 0.423415
-0.33872 0.423415
-0.33288 0.423415
-0.32704 0.423415
-0.3212 0.423415
-0.31536 0.423415
-0.30952 0.423415
-0.30368 0.423415
-0.29784 0.423415
-0.292 0.423415
-0.28616 0.423415
-0.28032 0.423415
-0.27448 0.423415
-0.26864 0.423415
-0.2628 0.423415
-0.25696 0.423415
-0.25112 0.423415
-0.24528 0.423415
-0.23944 0.423415
-0.2336 0.423415
-0.22776 0.423415
-0.22192 0.423415
-0.21608 0.423415
-0.21024 0.423415
-0.2044 0.423415
-0.19856 0.423415
-0.19272 0.423415
-0.18688 0.423415
-0.18104 0.423415
-0.1752 0.423415
-0.16936 0.423415
-0.16352 0.423415
-0.15768 0.423415
-0.15184 0.423415
-0.146 0.423415
-0.14016 0.423415
-0.13432 0.423415
-0.12848 0.423415
-0.12264 0.423415
-0.1168 0.423415
-0.11096 0.423415
-0.10512 0.423415
-0.09928 0.423415
-0.09344 0.423415
-0.0876 0.423415
-0.08176 0.423415
-0.07592 0.423415
-0.07008 0.423415
-0.06424 0.423415
-0.0584 0.423415
-0.05256 0.423415
-0.04672 0.423415
-0.04088 0.423415
-0.03504 0.423415
-0.0292 0.423415
-0.02336 0.423415
-0.01752 0.423415
-0.01168 0.423415
-0.00584 0.423415
