-2.92 0.452758
-2.91416 0.452758
-2.90832 0.452758
-2.90248 0.452758
-2.89664 0.452758
-2.8908 0.452758
-2.88496 0.452758
-2.87912 0.452758
-2.87328 0.452758
-2.86744 0.452758
-2.8616 0.452758
-2.85576 0.452758
-2.84992 0.452758
-2.84408 0.452758
-2.83824 0.452758
-2.8324 0.452758
-2.82656 0.452758
-2.82072 0.452758
-2.81488 0.452758
-2.80904 0.452758
-2.8032 0.452758
-2.79736 0.452758
-2.79152 0.452758
-2.78568 0.452758
-2.77984 0.452758
-2.774 0.452758
-2.76816 0.452758
-2.76232 0.452758
-2.75648 0.452758
-2.75064 0.452758
-2.7448 0.452758
-2.73896 0.452758
-2.73312 0.452758
-2.72728 0.452758
-2.72144 0.452758
-2.7156 0.452758
-2.70976 0.452758
-2.70392 0.452758
-2.69808 0.452758
-2.69224 0.452758
-2.6864 0.452758
-2.68056 0.452758
-2.67472 0.452758
-2.66888 0.452758
-2.66304 0.452758
-2.6572 0.452758
-2.65136 0.452758
-2.64552 0.452758
-2.63968 0.452758
-2.63384 0.452758
-2.628 0.452758
-2.62216 0.452758
-2.61632 0.452758
-2.61048 0.452758
-2.60464 0.452758
-2.5988 0.452758
-2.59296 0.452403
-2.58712 0.451783
-2.58128 0.451073
-2.57544 0.450318
-2.5696 0.449429
-2.56376 0.448408
-2.55792 0.447253
-2.55208 0.446142
-2.54624 0.444984
-2.5404 0.443648
-2.53456 0.442356
-2.52872 0.440974
-2.52288 0.439636
-2.51704 0.438122
-2.5112 0.436518
-2.50536 0.434827
-2.49952 0.433256
-2.49368 0.431853
-2.48784 0.430405
-2.482 0.428877
-2.47616 0.427503
-2.47032 0.426203
-2.46448 0.424775
-2.45864 0.423471
-2.4528 0.422407
-2.44696 0.422333
-2.44112 0.420692
-2.43528 0.419544
-2.42944 0.419553
-2.4236 0.418607
-2.41776 0.417454
-2.41192 0.417259
-2.40608 0.417303
-2.40024 0.416984
-2.3944 0.416398
-2.38856 0.415819
-2.38272 0.415032
-2.37688 0.414858
-2.37104 0.413232
-2.3652 0.414888
-2.35936 0.41314
-2.35352 0.412049
-2.34768 0.410717
-2.34184 0.412737
-2.336 0.412753
-2.33016 0.411993
-2.32432 0.411228
-2.31848 0.410677
-2.31264 0.410629
-2.3068 0.412436
-2.30096 0.411674
-2.29512 0.411766
-2.28928 0.409088
-2.28344 0.411475
-2.2776 0.411847
-2.27176 0.411333
-2.26592 0.41124
-2.26008 0.410588
-2.25424 0.408936
-2.2484 0.410996
-2.24256 0.40913
-2.23672 0.409904
-2.23088 0.409615
-2.22504 0.408773
-2.2192 0.412386
-2.21336 0.409067
-2.20752 0.409178
-2.20168 0.409395
-2.19584 0.410851
-2.19 0.409958
-2.18416 0.411238
-2.17832 0.408751
-2.17248 0.409806
-2.16664 0.407008
-2.1608 0.410646
-2.15496 0.407123
-2.14912 0.410558
-2.14328 0.408192
-2.13744 0.406075
-2.1316 0.410206
-2.12576 0.405746
-2.11992 0.409943
-2.11408 0.408172
-2.10824 0.404367
-2.1024 0.40413
-2.09656 0.406372
-2.09072 0.404059
-2.08488 0.406791
-2.07904 0.400705
-2.0732 0.401811
-2.06736 0.403793
-2.06152 0.399426
-2.05568 0.397855
-2.04984 0.395058
-2.044 0.39638
-2.03816 0.396799
-2.03232 0.395519
-2.02648 0.392991
-2.02064 0.388225
-2.0148 0.388468
-2.00896 0.390698
-2.00312 0.390206
-1.99728 0.383572
-1.99144 0.388531
-1.9856 0.38191
-1.97976 0.380895
-1.97392 0.380979
-1.96808 0.379488
-1.96224 0.380428
-1.9564 0.376889
-1.95056 0.374089
-1.94472 0.372507
-1.93888 0.366075
-1.93304 0.366778
-1.9272 0.360527
-1.92136 0.358569
-1.91552 0.356984
-1.90968 0.353544
-1.90384 0.352505
-1.898 0.347311
-1.89216 0.340203
-1.88632 0.34193
-1.88048 0.337207
-1.87464 0.335982
-1.8688 0.329154
-1.86296 0.328711
-1.85712 0.323705
-1.85128 0.315564
-1.84544 0.313534
-1.8396 0.316716
-1.83376 0.309003
-1.82792 0.308353
-1.82208 0.302136
-1.81624 0.297998
-1.8104 0.299493
-1.80456 0.292879
-1.79872 0.288536
-1.79288 0.283821
-1.78704 0.276168
-1.7812 0.27716
-1.77536 0.27307
-1.76952 0.271071
-1.76368 0.263973
-1.75784 0.259607
-1.752 0.25833
-1.74616 0.253603
-1.74032 0.25009
-1.73448 0.24731
-1.72864 0.243582
-1.7228 0.236772
-1.71696 0.236049
-1.71112 0.234339
-1.70528 0.232615
-1.69944 0.222653
-1.6936 0.225189
-1.68776 0.218789
-1.68192 0.215693
-1.67608 0.213329
-1.67024 0.20872
-1.6644 0.210713
-1.65856 0.204413
-1.65272 0.207032
-1.64688 0.202549
-1.64104 0.20261
-1.6352 0.203477
-1.62936 0.201843
-1.62352 0.202156
-1.61768 0.204003
-1.61184 0.199169
-1.606 0.198238
-1.60016 0.199593
-1.59432 0.200352
-1.58848 0.19615
-1.58264 0.198759
-1.5768 0.191909
-1.57096 0.19642
-1.56512 0.194912
-1.55928 0.192914
-1.55344 0.195794
-1.5476 0.197188
-1.54176 0.193467
-1.53592 0.193277
-1.53008 0.19334
-1.52424 0.19634
-1.5184 0.191902
-1.51256 0.190063
-1.50672 0.194358
-1.50088 0.18846
-1.49504 0.187518
-1.4892 0.194106
-1.48336 0.189967
-1.47752 0.192159
-1.47168 0.19317
-1.46584 0.1929
-1.46 0.190357
-1.45416 0.193964
-1.44832 0.195507
-1.44248 0.196542
-1.43664 0.19495
-1.4308 0.195693
-1.42496 0.195372
-1.41912 0.198374
-1.41328 0.195434
-1.40744 0.196012
-1.4016 0.197587
-1.39576 0.196573
-1.38992 0.195958
-1.38408 0.199256
-1.37824 0.198198
-1.3724 0.198602
-1.36656 0.195671
-1.36072 0.19661
-1.35488 0.193631
-1.34904 0.193028
-1.3432 0.194361
-1.33736 0.196678
-1.33152 0.195726
-1.32568 0.196044
-1.31984 0.199018
-1.314 0.194822
-1.30816 0.199592
-1.30232 0.195778
-1.29648 0.197964
-1.29064 0.198861
-1.2848 0.197393
-1.27896 0.198742
-1.27312 0.200244
-1.26728 0.202079
-1.26144 0.201648
-1.2556 0.20346
-1.24976 0.205329
-1.24392 0.209654
-1.23808 0.209461
-1.23224 0.212872
-1.2264 0.213744
-1.22056 0.215352
-1.21472 0.219795
-1.20888 0.222049
-1.20304 0.223076
-1.1972 0.225335
-1.19136 0.228767
-1.18552 0.232176
-1.17968 0.236783
-1.17384 0.236247
-1.168 0.239553
-1.16216 0.24234
-1.15632 0.249409
-1.15048 0.247328
-1.14464 0.248693
-1.1388 0.248344
-1.13296 0.25259
-1.12712 0.253845
-1.12128 0.257072
-1.11544 0.259099
-1.1096 0.265506
-1.10376 0.264478
-1.09792 0.265922
-1.09208 0.271849
-1.08624 0.276111
-1.0804 0.273315
-1.07456 0.273898
-1.06872 0.280157
-1.06288 0.279677
-1.05704 0.279365
-1.0512 0.287366
-1.04536 0.289609
-1.03952 0.292088
-1.03368 0.295744
-1.02784 0.296852
-1.022 0.29995
-1.01616 0.305068
-1.01032 0.306927
-1.00448 0.30777
-0.99864 0.309696
-0.9928 0.311935
-0.98696 0.312727
-0.98112 0.317994
-0.97528 0.318188
-0.96944 0.320653
-0.9636 0.320882
-0.95776 0.32351
-0.95192 0.324964
-0.94608 0.326882
-0.94024 0.329082
-0.9344 0.330516
-0.92856 0.330015
-0.92272 0.3334
-0.91688 0.331675
-0.91104 0.332818
-0.9052 0.336416
-0.89936 0.33714
-0.89352 0.340203
-0.88768 0.341467
-0.88184 0.344226
-0.876 0.343735
-0.87016 0.348096
-0.86432 0.345685
-0.85848 0.347668
-0.85264 0.349448
-0.8468 0.350671
-0.84096 0.352056
-0.83512 0.35422
-0.82928 0.355593
-0.82344 0.358999
-0.8176 0.359939
-0.81176 0.361609
-0.80592 0.365209
-0.80008 0.366547
-0.79424 0.368823
-0.7884 0.369708
-0.78256 0.372392
-0.77672 0.372306
-0.77088 0.374158
-0.76504 0.375124
-0.7592 0.375913
-0.75336 0.377963
-0.74752 0.378841
-0.74168 0.381393
-0.73584 0.378722
-0.73 0.377958
-0.72416 0.378821
-0.71832 0.378339
-0.71248 0.37966
-0.70664 0.378122
-0.7008 0.374563
-0.69496 0.375751
-0.68912 0.374804
-0.68328 0.375957
-0.67744 0.376042
-0.6716 0.375666
-0.66576 0.375496
-0.65992 0.375401
-0.65408 0.376981
-0.64824 0.376676
-0.6424 0.375713
-0.63656 0.375572
-0.63072 0.376483
-0.62488 0.377478
-0.61904 0.378428
-0.6132 0.380127
-0.60736 0.380479
-0.60152 0.380246
-0.59568 0.380246
-0.58984 0.380246
-0.584 0.380246
-0.57816 0.380246
-0.57232 0.380246
-0.56648 0.380246
-0.56064 0.380246
-0.5548 0.380246
-0.54896 0.380246
-0.54312 0.380246
-0.53728 0.380246
-0.53144 0.380246
-0.5256 0.380246
-0.51976 0.380246
-0.51392 0.380246
-0.50808 0.380246
-0.50224 0.380246
-0.4964 0.380246
-0.49056 0.380246
-0.48472 0.380246
-0.47888 0.380246
-0.47304 0.380246
-0.4672 0.380246
-0.46136 0.380246
-0.45552 0.380246
-0.44968 0.380246
-0.44384 0.380246
-0.438 0.380246
-0.43216 0.380246
-0.42632 0.380246
-0.42048 0.380246
-0.41464 0.380246
-0.4088 0.380246
-0.40296 0.380246
-0.39712 0.380246
-0.39128 0.380246
-0.38544 0.380246
-0.3796 0.380246
-0.37376 0.380246
-0.36792 0.380246
-0.36208 0.380246
-0.35624 0.380246
-0.3504 0.380246
-0.34456 0.380246
-0.33872 0.380246
-0.33288 0.380246
-0.32704 0.380246
-0.3212 0.380246
-0.31536 0.380246
-0.30952 0.380246
-0.30368 0.380246
-0.29784 0.380246
-0.292 0.380246
-0.28616 0.380246
-0.28032 0.380246
-0.27448 0.380246
-0.26864 0.380246
-0.2628 0.380246
-0.25696 0.380246
-0.25112 0.380246
-0.24528 0.380246
-0.23944 0.380246
-0.2336 0.380246
-0.22776 0.380246
-0.22192 0.380246
-0.21608 0.380246
-0.21024 0.380246
-0.2044 0.380246
-0.19856 0.380246
-0.19272 0.380246
-0.18688 0.380246
-0.18104 0.380246
-0.1752 0.380246
-0.16936 0.380246
-0.16352 0.380246
-0.15768 0.380246
-0.15184 0.380246
-0.146 0.380246
-0.14016 0.380246
-0.13432 0.380246
-0.12848 0.380246
-0.12264 0.380246
-0.1168 0.380246
-0.11096 0.380246
-0.10512 0.380246
-0.09928 0.380246
-0.09344 0.380246
-0.0876 0.380246
-0.08176 0.380246
-0.07592 0.380246
-0.07008 0.380246
-0.06424 0.380246
-0.0584 0.380246
-0.05256 0.380246
-0.04672 0.380246
-0.04088 0.380246
-0.03504 0.380246
-0.0292 0.380246
-0.02336 0.380246
-0.01752 0.380246
-0.01168 0.380246
-0.00584 0.380246
