-2.92 0.510319
-2.91416 0.510319
-2.90832 0.510319
-2.90248 0.510319
-2.89664 0.510319
-2.8908 0.510319
-2.88496 0.510319
-2.87912 0.510319
-2.87328 0.510319
-2.86744 0.510319
-2.8616 0.510319
-2.85576 0.510319
-2.84992 0.510319
-2.84408 0.510319
-2.83824 0.510319
-2.8324 0.510319
-2.82656 0.510319
-2.82072 0.510319
-2.81488 0.510319
-2.80904 0.510319
-2.8032 0.510319
-2.79736 0.510319
-2.79152 0.510319
-2.78568 0.510319
-2.77984 0.510319
-2.774 0.510319
-2.76816 0.510319
-2.76232 0.510319
-2.75648 0.510319
-2.75064 0.510319
-2.7448 0.510319
-2.73896 0.510319
-2.73312 0.510319
-2.72728 0.510319
-2.72144 0.510319
-2.7156 0.510319
-2.70976 0.510319
-2.70392 0.510319
-2.69808 0.510319
-2.69224 0.510319
-2.6864 0.510319
-2.68056 0.510319
-2.67472 0.510319
-2.66888 0.510319
-2.66304 0.510319
-2.6572 0.510319
-2.65136 0.510319
-2.64552 0.510319
-2.63968 0.510319
-2.63384 0.510319
-2.628 0.510319
-2.62216 0.510319
-2.61632 0.510319
-2.61048 0.510319
-2.60464 0.510319
-2.5988 0.510319
-2.59296 0.509744
-2.58712 0.508817
-2.58128 0.507802
-2.57544 0.506698
-2.5696 0.505326
-2.56376 0.503867
-2.55792 0.502231
-2.55208 0.500552
-2.54624 0.498831
-2.5404 0.497018
-2.53456 0.495076
-2.52872 0.493045
-2.52288 0.490971
-2.51704 0.488852
-2.5112 0.486728
-2.50536 0.484519
-2.49952 0.482215
-2.49368 0.48025
-2.48784 0.477945
-2.482 0.476061
-2.47616 0.473869
-2.47032 0.471305
-2.46448 0.469063
-2.45864 0.467563
-2.4528 0.464868
-2.44696 0.462501
-2.44112 0.460089
-2.43528 0.457796
-2.42944 0.454934
-2.4236 0.453053
-2.41776 0.450316
-2.41192 0.449263
-2.40608 0.447788
-2.40024 0.445791
-2.3944 0.443536
-2.38856 0.4424
-2.38272 0.441047
-2.37688 0.439672
-2.37104 0.437618
-2.3652 0.436692
-2.35936 0.434968
-2.35352 0.433962
-2.34768 0.431248
-2.34184 0.431689
-2.336 0.431291
-2.33016 0.4302
-2.32432 0.427585
-2.31848 0.428278
-2.31264 0.424756
-2.3068 0.425642
-2.30096 0.424299
-2.29512 0.425408
-2.28928 0.422122
-2.28344 0.421521
-2.2776 0.420027
-2.27176 0.420425
-2.26592 0.41959
-2.26008 0.421443
-2.25424 0.419732
-2.2484 0.417796
-2.24256 0.417932
-2.23672 0.417489
-2.23088 0.415937
-2.22504 0.415794
-2.2192 0.414817
-2.21336 0.414789
-2.20752 0.413496
-2.20168 0.416305
-2.19584 0.415738
-2.19 0.411848
-2.18416 0.414377
-2.17832 0.413683
-2.17248 0.414172
-2.16664 0.411138
-2.1608 0.411629
-2.15496 0.412894
-2.14912 0.409594
-2.14328 0.410675
-2.13744 0.410052
-2.1316 0.41196
-2.12576 0.40696
-2.11992 0.407571
-2.11408 0.403194
-2.10824 0.40413
-2.1024 0.404396
-2.09656 0.404403
-2.09072 0.403066
-2.08488 0.403867
-2.07904 0.401628
-2.0732 0.397081
-2.06736 0.399616
-2.06152 0.397996
-2.05568 0.399709
-2.04984 0.398284
-2.044 0.399678
-2.03816 0.398661
-2.03232 0.393876
-2.02648 0.394454
-2.02064 0.397494
-2.0148 0.393245
-2.00896 0.390442
-2.00312 0.392728
-1.99728 0.391953
-1.99144 0.39235
-1.9856 0.389214
-1.97976 0.388687
-1.97392 0.386654
-1.96808 0.387252
-1.96224 0.384131
-1.9564 0.38364
-1.95056 0.381128
-1.94472 0.375268
-1.93888 0.376183
-1.93304 0.370154
-1.9272 0.372554
-1.92136 0.365689
-1.91552 0.361613
-1.90968 0.35876
-1.90384 0.359719
-1.898 0.35214
-1.89216 0.347817
-1.88632 0.347546
-1.88048 0.344824
-1.87464 0.339107
-1.8688 0.337051
-1.86296 0.33273
-1.85712 0.327331
-1.85128 0.326312
-1.84544 0.319775
-1.8396 0.31563
-1.83376 0.312151
-1.82792 0.30816
-1.82208 0.305104
-1.81624 0.302638
-1.8104 0.300833
-1.80456 0.295731
-1.79872 0.289014
-1.79288 0.286609
-1.78704 0.27997
-1.7812 0.276721
-1.77536 0.270528
-1.76952 0.265392
-1.76368 0.261875
-1.75784 0.257426
-1.752 0.25348
-1.74616 0.249397
-1.74032 0.24698
-1.73448 0.238605
-1.72864 0.24076
-1.7228 0.231022
-1.71696 0.229405
-1.71112 0.220145
-1.70528 0.220435
-1.69944 0.214024
-1.6936 0.213541
-1.68776 0.210148
-1.68192 0.203604
-1.67608 0.196075
-1.67024 0.193233
-1.6644 0.192703
-1.65856 0.19075
-1.65272 0.190309
-1.64688 0.185827
-1.64104 0.186358
-1.6352 0.181455
-1.62936 0.182134
-1.62352 0.179087
-1.61768 0.179723
-1.61184 0.176672
-1.606 0.178991
-1.60016 0.174566
-1.59432 0.178078
-1.58848 0.175031
-1.58264 0.175711
-1.5768 0.171137
-1.57096 0.173472
-1.56512 0.17264
-1.55928 0.172026
-1.55344 0.17243
-1.5476 0.171595
-1.54176 0.174383
-1.53592 0.169175
-1.53008 0.174578
-1.52424 0.171939
-1.5184 0.171635
-1.51256 0.169338
-1.50672 0.169267
-1.50088 0.167194
-1.49504 0.169148
-1.4892 0.176075
-1.48336 0.17141
-1.47752 0.173799
-1.47168 0.171042
-1.46584 0.17673
-1.46 0.177932
-1.45416 0.181848
-1.44832 0.179145
-1.44248 0.179276
-1.43664 0.179421
-1.4308 0.17719
-1.42496 0.181738
-1.41912 0.178734
-1.41328 0.180501
-1.40744 0.183595
-1.4016 0.184817
-1.39576 0.180876
-1.38992 0.181928
-1.38408 0.182921
-1.37824 0.186181
-1.3724 0.183387
-1.36656 0.183251
-1.36072 0.182768
-1.35488 0.181686
-1.34904 0.182617
-1.3432 0.180166
-1.33736 0.182148
-1.33152 0.181403
-1.32568 0.18456
-1.31984 0.181876
-1.314 0.18199
-1.30816 0.184673
-1.30232 0.183913
-1.29648 0.185421
-1.29064 0.183171
-1.2848 0.184887
-1.27896 0.183829
-1.27312 0.185926
-1.26728 0.190933
-1.26144 0.191275
-1.2556 0.191204
-1.24976 0.19228
-1.24392 0.193576
-1.23808 0.196803
-1.23224 0.196919
-1.2264 0.19969
-1.22056 0.201465
-1.21472 0.203746
-1.20888 0.20735
-1.20304 0.211803
-1.1972 0.212822
-1.19136 0.215558
-1.18552 0.218724
-1.17968 0.22045
-1.17384 0.223401
-1.168 0.227016
-1.16216 0.229146
-1.15632 0.234241
-1.15048 0.237133
-1.14464 0.236882
-1.1388 0.237033
-1.13296 0.23839
-1.12712 0.241622
-1.12128 0.24323
-1.11544 0.247155
-1.1096 0.25
-1.10376 0.252442
-1.09792 0.254371
-1.09208 0.257829
-1.08624 0.260293
-1.0804 0.260435
-1.07456 0.25994
-1.06872 0.263291
-1.06288 0.265849
-1.05704 0.270145
-1.0512 0.274437
-1.04536 0.277849
-1.03952 0.283979
-1.03368 0.281934
-1.02784 0.287598
-1.022 0.290874
-1.01616 0.296494
-1.01032 0.298652
-1.00448 0.30069
-0.99864 0.301849
-0.9928 0.302623
-0.98696 0.307785
-0.98112 0.309347
-0.97528 0.312732
-0.96944 0.31648
-0.9636 0.317951
-0.95776 0.318612
-0.95192 0.322652
-0.94608 0.324041
-0.94024 0.328405
-0.9344 0.328198
-0.92856 0.33046
-0.92272 0.331884
-0.91688 0.333949
-0.91104 0.335703
-0.9052 0.335202
-0.89936 0.34001
-0.89352 0.340256
-0.88768 0.345052
-0.88184 0.345168
-0.876 0.346334
-0.87016 0.351821
-0.86432 0.350568
-0.85848 0.353699
-0.85264 0.35479
-0.8468 0.356745
-0.84096 0.358882
-0.83512 0.359869
-0.82928 0.366027
-0.82344 0.369446
-0.8176 0.369766
-0.81176 0.372518
-0.80592 0.375573
-0.80008 0.378329
-0.79424 0.380329
-0.7884 0.382525
-0.78256 0.383053
-0.77672 0.384659
-0.77088 0.387027
-0.76504 0.387636
-0.7592 0.388871
-0.75336 0.391182
-0.74752 0.392072
-0.74168 0.393176
-0.73584 0.392254
-0.73 0.391738
-0.72416 0.393293
-0.71832 0.392873
-0.71248 0.394588
-0.70664 0.392985
-0.7008 0.389666
-0.69496 0.391467
-0.68912 0.390576
-0.68328 0.391019
-0.67744 0.391537
-0.6716 0.392066
-0.66576 0.392
-0.65992 0.391635
-0.65408 0.393506
-0.64824 0.393349
-0.6424 0.392403
-0.63656 0.392786
-0.63072 0.393923
-0.62488 0.395055
-0.61904 0.396013
-0.6132 0.39755
-0.60736 0.39799
-0.60152 0.397799
-0.59568 0.397799
-0.58984 0.397799
-0.584 0.397799
-0.57816 0.397799
-0.57232 0.397799
-0.56648 0.397799
-0.56064 0.397799
-0.5548 0.397799
-0.54896 0.397799
-0.54312 0.397799
-0.53728 0.397799
-0.53144 0.397799
-0.5256 0.397799
-0.51976 0.397799
-0.51392 0.397799
-0.50808 0.397799
-0.50224 0.397799
-0.4964 0.397799
-0.49056 0.397799
-0.48472 0.397799
-0.47888 0.397799
-0.47304 0.397799
-0.4672 0.397799
-0.46136 0.397799
-0.45552 0.397799
-0.44968 0.397799
-0.44384 0.397799
-0.438 0.397799
-0.43216 0.397799
-0.42632 0.397799
-0.42048 0.397799
-0.41464 0.397799
-0.4088 0.397799
-0.40296 0.397799
-0.39712 0.397799
-0.39128 0.397799
-0.38544 0.397799
-0.3796 0.397799
-0.37376 0.397799
-0.36792 0.397799
-0.36208 0.397799
-0.35624 0.397799
-0.3504 0.397799
-0.34456 0.397799
-0.33872 0.397799
-0.33288 0.397799
-0.32704 0.397799
-0.3212 0.397799
-0.31536 0.397799
-0.30952 0.397799
-0.30368 0.397799
-0.29784 0.397799
-0.292 0.397799
-0.28616 0.397799
-0.28032 0.397799
-0.27448 0.397799
-0.26864 0.397799
-0.2628 0.397799
-0.25696 0.397799
-0.25112 0.397799
-0.24528 0.397799
-0.23944 0.397799
-0.2336 0.397799
-0.22776 0.397799
-0.22192 0.397799
-0.21608 0.397799
-0.21024 0.397799
-0.2044 0.397799
-0.19856 0.397799
-0.19272 0.397799
-0.18688 0.397799
-0.18104 0.397799
-0.1752 0.397799
-0.16936 0.397799
-0.16352 0.397799
-0.15768 0.397799
-0.15184 0.397799
-0.146 0.397799
-0.14016 0.397799
-0.13432 0.397799
-0.12848 0.397799
-0.12264 0.397799
-0.1168 0.397799
-0.11096 0.397799
-0.10512 0.397799
-0.09928 0.397799
-0.09344 0.397799
-0.0876 0.397799
-0.08176 0.397799
-0.07592 0.397799
-0.07008 0.397799
-0.06424 0.397799
-0.0584 0.397799
-0.05256 0.397799
-0.04672 0.397799
-0.04088 0.397799
-0.03504 0.397799
-0.0292 0.397799
-0.02336 0.397799
-0.01752 0.397799
-0.01168 0.397799
-0.00584 0.397799
