-2.92 0.426067
-2.91416 0.426067
-2.90832 0.426067
-2.90248 0.426067
-2.89664 0.426067
-2.8908 0.426067
-2.88496 0.426067
-2.87912 0.426067
-2.87328 0.426067
-2.86744 0.426067
-2.8616 0.426067
-2.85576 0.426067
-2.84992 0.426067
-2.84408 0.426067
-2.83824 0.426067
-2.8324 0.426067
-2.82656 0.426067
-2.82072 0.426067
-2.81488 0.426067
-2.80904 0.426067
-2.8032 0.426067
-2.79736 0.426067
-2.79152 0.426067
-2.78568 0.426067
-2.77984 0.426067
-2.774 0.426067
-2.76816 0.426067
-2.76232 0.426067
-2.75648 0.426067
-2.75064 0.426067
-2.7448 0.426067
-2.73896 0.426067
-2.73312 0.426067
-2.72728 0.426067
-2.72144 0.426067
-2.7156 0.426067
-2.70976 0.426067
-2.70392 0.426067
-2.69808 0.426067
-2.69224 0.426067
-2.6864 0.426067
-2.68056 0.426067
-2.67472 0.426067
-2.66888 0.426067
-2.66304 0.426067
-2.6572 0.426067
-2.65136 0.426067
-2.64552 0.426067
-2.63968 0.426067
-2.63384 0.426067
-2.628 0.426067
-2.62216 0.426067
-2.61632 0.426067
-2.61048 0.426067
-2.60464 0.426067
-2.5988 0.426067
-2.59296 0.425496
-2.58712 0.424789
-2.58128 0.423996
-2.57544 0.42307
-2.5696 0.422099
-2.56376 0.420994
-2.55792 0.419714
-2.55208 0.418478
-2.54624 0.417154
-2.5404 0.415654
-2.53456 0.414022
-2.52872 0.412345
-2.52288 0.410712
-2.51704 0.408987
-2.5112 0.40722
-2.50536 0.405494
-2.49952 0.403635
-2.49368 0.402067
-2.48784 0.40067
-2.482 0.399154
-2.47616 0.397497
-2.47032 0.39546
-2.46448 0.393668
-2.45864 0.392368
-2.4528 0.389745
-2.44696 0.387865
-2.44112 0.387175
-2.43528 0.385253
-2.42944 0.383249
-2.4236 0.380784
-2.41776 0.379517
-2.41192 0.378346
-2.40608 0.375919
-2.40024 0.374111
-2.3944 0.37288
-2.38856 0.372352
-2.38272 0.369929
-2.37688 0.369982
-2.37104 0.367848
-2.3652 0.365289
-2.35936 0.364559
-2.35352 0.364395
-2.34768 0.363223
-2.34184 0.362367
-2.336 0.362223
-2.33016 0.360799
-2.32432 0.360525
-2.31848 0.360114
-2.31264 0.359347
-2.3068 0.359836
-2.30096 0.357909
-2.29512 0.357388
-2.28928 0.358299
-2.28344 0.357532
-2.2776 0.356535
-2.27176 0.356192
-2.26592 0.356572
-2.26008 0.356145
-2.25424 0.356466
-2.2484 0.355761
-2.24256 0.356881
-2.23672 0.357664
-2.23088 0.354242
-2.22504 0.35629
-2.2192 0.354631
-2.21336 0.357492
-2.20752 0.355436
-2.20168 0.354283
-2.19584 0.354388
-2.19 0.35364
-2.18416 0.354362
-2.17832 0.354983
-2.17248 0.357674
-2.16664 0.354836
-2.1608 0.356703
-2.15496 0.356868
-2.14912 0.356655
-2.14328 0.355655
-2.13744 0.354054
-2.1316 0.354779
-2.12576 0.35685
-2.11992 0.354769
-2.11408 0.352979
-2.10824 0.35407
-2.1024 0.351197
-2.09656 0.354198
-2.09072 0.352593
-2.08488 0.354492
-2.07904 0.351781
-2.0732 0.352031
-2.06736 0.355358
-2.06152 0.350494
-2.05568 0.355186
-2.04984 0.352459
-2.044 0.353041
-2.03816 0.355461
-2.03232 0.354318
-2.02648 0.351907
-2.02064 0.354433
-2.0148 0.352999
-2.00896 0.351128
-2.00312 0.353259
-1.99728 0.353226
-1.99144 0.351285
-1.9856 0.353933
-1.97976 0.349895
-1.97392 0.350451
-1.96808 0.356729
-1.96224 0.34841
-1.9564 0.351946
-1.95056 0.346707
-1.94472 0.348604
-1.93888 0.342809
-1.93304 0.342512
-1.9272 0.33932
-1.92136 0.340227
-1.91552 0.335064
-1.90968 0.331201
-1.90384 0.329967
-1.898 0.328858
-1.89216 0.326932
-1.88632 0.323751
-1.88048 0.320278
-1.87464 0.317693
-1.8688 0.314092
-1.86296 0.315062
-1.85712 0.310435
-1.85128 0.305175
-1.84544 0.301025
-1.8396 0.300685
-1.83376 0.296224
-1.82792 0.291566
-1.82208 0.287384
-1.81624 0.286198
-1.8104 0.282204
-1.80456 0.279829
-1.79872 0.27843
-1.79288 0.276464
-1.78704 0.267765
-1.7812 0.267065
-1.77536 0.261742
-1.76952 0.260285
-1.76368 0.254802
-1.75784 0.252462
-1.752 0.244013
-1.74616 0.239693
-1.74032 0.2388
-1.73448 0.236324
-1.72864 0.231333
-1.7228 0.230905
-1.71696 0.225053
-1.71112 0.22389
-1.70528 0.217923
-1.69944 0.214439
-1.6936 0.210826
-1.68776 0.207416
-1.68192 0.203888
-1.67608 0.200171
-1.67024 0.197554
-1.6644 0.194866
-1.65856 0.191763
-1.65272 0.193545
-1.64688 0.190953
-1.64104 0.186627
-1.6352 0.185801
-1.62936 0.185212
-1.62352 0.186466
-1.61768 0.185977
-1.61184 0.183057
-1.606 0.18275
-1.60016 0.18127
-1.59432 0.179581
-1.58848 0.182678
-1.58264 0.182078
-1.5768 0.182115
-1.57096 0.183367
-1.56512 0.178713
-1.55928 0.18007
-1.55344 0.179177
-1.5476 0.177267
-1.54176 0.176255
-1.53592 0.176163
-1.53008 0.179966
-1.52424 0.177126
-1.5184 0.173417
-1.51256 0.176373
-1.50672 0.173415
-1.50088 0.177053
-1.49504 0.172335
-1.4892 0.173054
-1.48336 0.175708
-1.47752 0.175193
-1.47168 0.17229
-1.46584 0.177435
-1.46 0.179332
-1.45416 0.177736
-1.44832 0.17845
-1.44248 0.177459
-1.43664 0.17885
-1.4308 0.177145
-1.42496 0.177038
-1.41912 0.176695
-1.41328 0.176771
-1.40744 0.174382
-1.4016 0.179745
-1.39576 0.177247
-1.38992 0.177139
-1.38408 0.176834
-1.37824 0.176187
-1.3724 0.174717
-1.36656 0.174693
-1.36072 0.176137
-1.35488 0.170427
-1.34904 0.169057
-1.3432 0.175238
-1.33736 0.172373
-1.33152 0.172123
-1.32568 0.170821
-1.31984 0.171324
-1.314 0.169768
-1.30816 0.172127
-1.30232 0.16986
-1.29648 0.169966
-1.29064 0.167801
-1.2848 0.169392
-1.27896 0.168194
-1.27312 0.17127
-1.26728 0.172873
-1.26144 0.175025
-1.2556 0.17367
-1.24976 0.174251
-1.24392 0.178995
-1.23808 0.179215
-1.23224 0.180168
-1.2264 0.180935
-1.22056 0.181424
-1.21472 0.184599
-1.20888 0.189059
-1.20304 0.189951
-1.1972 0.191411
-1.19136 0.194136
-1.18552 0.196897
-1.17968 0.199882
-1.17384 0.204956
-1.168 0.205327
-1.16216 0.207076
-1.15632 0.208211
-1.15048 0.211483
-1.14464 0.211909
-1.1388 0.214247
-1.13296 0.216468
-1.12712 0.218013
-1.12128 0.221042
-1.11544 0.22351
-1.1096 0.223636
-1.10376 0.227232
-1.09792 0.228866
-1.09208 0.23343
-1.08624 0.235951
-1.0804 0.233036
-1.07456 0.235804
-1.06872 0.238044
-1.06288 0.243461
-1.05704 0.241993
-1.0512 0.2487
-1.04536 0.250617
-1.03952 0.254864
-1.03368 0.255613
-1.02784 0.259578
-1.022 0.263754
-1.01616 0.26648
-1.01032 0.266766
-1.00448 0.271423
-0.99864 0.272499
-0.9928 0.27574
-0.98696 0.277912
-0.98112 0.279544
-0.97528 0.280319
-0.96944 0.28174
-0.9636 0.285319
-0.95776 0.288743
-0.95192 0.289153
-0.94608 0.29216
-0.94024 0.29391
-0.9344 0.294586
-0.92856 0.298103
-0.92272 0.297917
-0.91688 0.297114
-0.91104 0.298536
-0.9052 0.302081
-0.89936 0.303077
-0.89352 0.304956
-0.88768 0.306273
-0.88184 0.308821
-0.876 0.308016
-0.87016 0.311968
-0.86432 0.312021
-0.85848 0.312975
-0.85264 0.314757
-0.8468 0.316315
-0.84096 0.31751
-0.83512 0.319697
-0.82928 0.323718
-0.82344 0.325284
-0.8176 0.326857
-0.81176 0.327998
-0.80592 0.331758
-0.80008 0.333692
-0.79424 0.335494
-0.7884 0.336986
-0.78256 0.336313
-0.77672 0.339717
-0.77088 0.340425
-0.76504 0.341614
-0.7592 0.341302
-0.75336 0.342482
-0.74752 0.343315
-0.74168 0.345278
-0.73584 0.343888
-0.73 0.342742
-0.72416 0.343865
-0.71832 0.34099
-0.71248 0.343164
-0.70664 0.342437
-0.7008 0.340361
-0.69496 0.34026
-0.68912 0.338048
-0.68328 0.339958
-0.67744 0.338409
-0.6716 0.338836
-0.66576 0.338882
-0.65992 0.339011
-0.65408 0.34051
-0.64824 0.339955
-0.6424 0.33871
-0.63656 0.338959
-0.63072 0.339917
-0.62488 0.340787
-0.61904 0.341618
-0.6132 0.343404
-0.60736 0.34376
-0.60152 0.343316
-0.59568 0.343316
-0.58984 0.343316
-0.584 0.343316
-0.57816 0.343316
-0.57232 0.343316
-0.56648 0.343316
-0.56064 0.343316
-0.5548 0.343316
-0.54896 0.343316
-0.54312 0.343316
-0.53728 0.343316
-0.53144 0.343316
-0.5256 0.343316
-0.51976 0.343316
-0.51392 0.343316
-0.50808 0.343316
-0.50224 0.343316
-0.4964 0.343316
-0.49056 0.343316
-0.48472 0.343316
-0.47888 0.343316
-0.47304 0.343316
-0.4672 0.343316
-0.46136 0.343316
-0.45552 0.343316
-0.44968 0.343316
-0.44384 0.343316
-0.438 0.343316
-0.43216 0.343316
-0.42632 0.343316
-0.42048 0.343316
-0.41464 0.343316
-0.4088 0.343316
-0.40296 0.343316
-0.39712 0.343316
-0.39128 0.343316
-0.38544 0.343316
-0.3796 0.343316
-0.37376 0.343316
-0.36792 0.343316
-0.36208 0.343316
-0.35624 0.343316
-0.3504 0.343316
-0.34456 0.343316
-0.33872 0.343316
-0.33288 0.343316
-0.32704 0.343316
-0.3212 0.343316
-0.31536 0.343316
-0.30952 0.343316
-0.30368 0.343316
-0.29784 0.343316
-0.292 0.343316
-0.28616 0.343316
-0.28032 0.343316
-0.27448 0.343316
-0.26864 0.343316
-0.2628 0.343316
-0.25696 0.343316
-0.25112 0.343316
-0.24528 0.343316
-0.23944 0.343316
-0.2336 0.343316
-0.22776 0.343316
-0.22192 0.343316
-0.21608 0.343316
-0.21024 0.343316
-0.2044 0.343316
-0.19856 0.343316
-0.19272 0.343316
-0.18688 0.343316
-0.18104 0.343316
-0.1752 0.343316
-0.16936 0.343316
-0.16352 0.343316
-0.15768 0.343316
-0.15184 0.343316
-0.146 0.343316
-0.14016 0.343316
-0.13432 0.343316
-0.12848 0.343316
-0.12264 0.343316
-0.1168 0.343316
-0.11096 0.343316
-0.10512 0.343316
-0.09928 0.343316
-0.09344 0.343316
-0.0876 0.343316
-0.08176 0.343316
-0.07592 0.343316
-0.07008 0.343316
-0.06424 0.343316
-0.0584 0.343316
-0.05256 0.343316
-0.04672 0.343316
-0.04088 0.343316
-0.03504 0.343316
-0.0292 0.343316
-0.02336 0.343316
-0.01752 0.343316
-0.01168 0.343316
-0.00584 0.343316
