-2.92 0.445237
-2.91416 0.445237
-2.90832 0.445237
-2.90248 0.445237
-2.89664 0.445237
-2.8908 0.445237
-2.88496 0.445237
-2.87912 0.445237
-2.87328 0.445237
-2.86744 0.445237
-2.8616 0.445237
-2.85576 0.445237
-2.84992 0.445237
-2.84408 0.445237
-2.83824 0.445237
-2.8324 0.445237
-2.82656 0.445237
-2.82072 0.445237
-2.81488 0.445237
-2.80904 0.445237
-2.8032 0.445237
-2.79736 0.445237
-2.79152 0.445237
-2.78568 0.445237
-2.77984 0.445237
-2.774 0.445237
-2.76816 0.445237
-2.76232 0.445237
-2.75648 0.445237
-2.75064 0.445237
-2.7448 0.445237
-2.73896 0.445237
-2.73312 0.445237
-2.72728 0.445237
-2.72144 0.445237
-2.7156 0.445237
-2.70976 0.445237
-2.70392 0.445237
-2.69808 0.445237
-2.69224 0.445237
-2.6864 0.445237
-2.68056 0.445237
-2.67472 0.445237
-2.66888 0.445237
-2.66304 0.445237
-2.6572 0.445237
-2.65136 0.445237
-2.64552 0.445237
-2.63968 0.445237
-2.63384 0.445237
-2.628 0.445237
-2.62216 0.445237
-2.61632 0.445237
-2.61048 0.445237
-2.60464 0.445237
-2.5988 0.445237
-2.59296 0.444619
-2.58712 0.443824
-2.58128 0.442942
-2.57544 0.44197
-2.5696 0.440999
-2.56376 0.439849
-2.55792 0.438569
-2.55208 0.437244
-2.54624 0.43592
-2.5404 0.434463
-2.53456 0.433007
-2.52872 0.43146
-2.52288 0.429868
-2.51704 0.428277
-2.5112 0.426641
-2.50536 0.425005
-2.49952 0.423153
-2.49368 0.4213
-2.48784 0.419448
-2.482 0.417892
-2.47616 0.415982
-2.47032 0.414026
-2.46448 0.411814
-2.45864 0.410142
-2.4528 0.408261
-2.44696 0.406009
-2.44112 0.404166
-2.43528 0.402325
-2.42944 0.399783
-2.4236 0.398932
-2.41776 0.396878
-2.41192 0.395243
-2.40608 0.392613
-2.40024 0.391822
-2.3944 0.389561
-2.38856 0.387284
-2.38272 0.385351
-2.37688 0.38366
-2.37104 0.380634
-2.3652 0.379567
-2.35936 0.376038
-2.35352 0.375136
-2.34768 0.373433
-2.34184 0.372858
-2.336 0.370284
-2.33016 0.369333
-2.32432 0.366627
-2.31848 0.366387
-2.31264 0.362111
-2.3068 0.364269
-2.30096 0.362175
-2.29512 0.361089
-2.28928 0.360016
-2.28344 0.362069
-2.2776 0.360396
-2.27176 0.357629
-2.26592 0.357858
-2.26008 0.356928
-2.25424 0.357888
-2.2484 0.35575
-2.24256 0.354407
-2.23672 0.356063
-2.23088 0.35314
-2.22504 0.354942
-2.2192 0.355441
-2.21336 0.351748
-2.20752 0.352487
-2.20168 0.351255
-2.19584 0.349161
-2.19 0.352862
-2.18416 0.351543
-2.17832 0.351137
-2.17248 0.352052
-2.16664 0.349844
-2.1608 0.350013
-2.15496 0.354475
-2.14912 0.351456
-2.14328 0.35111
-2.13744 0.348894
-2.1316 0.350818
-2.12576 0.351648
-2.11992 0.352145
-2.11408 0.351154
-2.10824 0.350215
-2.1024 0.347145
-2.09656 0.346131
-2.09072 0.349835
-2.08488 0.350101
-2.07904 0.350339
-2.0732 0.348331
-2.06736 0.348682
-2.06152 0.348786
-2.05568 0.347396
-2.04984 0.349779
-2.044 0.348221
-2.03816 0.346416
-2.03232 0.348278
-2.02648 0.348586
-2.02064 0.345462
-2.0148 0.350186
-2.00896 0.346012
-2.00312 0.349437
-1.99728 0.350156
-1.99144 0.350318
-1.9856 0.345531
-1.97976 0.345346
-1.97392 0.346726
-1.96808 0.349389
-1.96224 0.348198
-1.9564 0.344939
-1.95056 0.342568
-1.94472 0.343409
-1.93888 0.340673
-1.93304 0.338847
-1.9272 0.339051
-1.92136 0.338128
-1.91552 0.332503
-1.90968 0.334809
-1.90384 0.32777
-1.898 0.326934
-1.89216 0.327629
-1.88632 0.324022
-1.88048 0.322663
-1.87464 0.318731
-1.8688 0.315772
-1.86296 0.31329
-1.85712 0.306602
-1.85128 0.310226
-1.84544 0.30558
-1.8396 0.301021
-1.83376 0.296327
-1.82792 0.296285
-1.82208 0.291902
-1.81624 0.2877
-1.8104 0.286141
-1.80456 0.285391
-1.79872 0.277598
-1.79288 0.279145
-1.78704 0.270852
-1.7812 0.266934
-1.77536 0.26328
-1.76952 0.259038
-1.76368 0.253763
-1.75784 0.252016
-1.752 0.24882
-1.74616 0.244086
-1.74032 0.239935
-1.73448 0.2403
-1.72864 0.23149
-1.7228 0.229656
-1.71696 0.227261
-1.71112 0.222378
-1.70528 0.219399
-1.69944 0.216737
-1.6936 0.214615
-1.68776 0.210113
-1.68192 0.203517
-1.67608 0.198873
-1.67024 0.198118
-1.6644 0.197337
-1.65856 0.191154
-1.65272 0.190636
-1.64688 0.189321
-1.64104 0.190458
-1.6352 0.192234
-1.62936 0.188532
-1.62352 0.187116
-1.61768 0.185347
-1.61184 0.184922
-1.606 0.184316
-1.60016 0.17866
-1.59432 0.1833
-1.58848 0.181884
-1.58264 0.181185
-1.5768 0.181743
-1.57096 0.179621
-1.56512 0.181447
-1.55928 0.178536
-1.55344 0.178342
-1.5476 0.178448
-1.54176 0.178834
-1.53592 0.179213
-1.53008 0.178516
-1.52424 0.179651
-1.5184 0.173285
-1.51256 0.175059
-1.50672 0.175426
-1.50088 0.172526
-1.49504 0.171367
-1.4892 0.173476
-1.48336 0.174416
-1.47752 0.175412
-1.47168 0.172799
-1.46584 0.173518
-1.46 0.174326
-1.45416 0.17643
-1.44832 0.175585
-1.44248 0.175665
-1.43664 0.172261
-1.4308 0.173375
-1.42496 0.176292
-1.41912 0.17304
-1.41328 0.175608
-1.40744 0.174727
-1.4016 0.17591
-1.39576 0.173613
-1.38992 0.173769
-1.38408 0.173957
-1.37824 0.172305
-1.3724 0.17509
-1.36656 0.173102
-1.36072 0.174596
-1.35488 0.169554
-1.34904 0.16811
-1.3432 0.169017
-1.33736 0.169234
-1.33152 0.166159
-1.32568 0.169004
-1.31984 0.169289
-1.314 0.166234
-1.30816 0.1712
-1.30232 0.166697
-1.29648 0.166155
-1.29064 0.164781
-1.2848 0.168226
-1.27896 0.167351
-1.27312 0.167604
-1.26728 0.167628
-1.26144 0.171838
-1.2556 0.170229
-1.24976 0.171269
-1.24392 0.171559
-1.23808 0.176505
-1.23224 0.174137
-1.2264 0.176549
-1.22056 0.17929
-1.21472 0.179613
-1.20888 0.179308
-1.20304 0.187339
-1.1972 0.188769
-1.19136 0.189372
-1.18552 0.191575
-1.17968 0.195555
-1.17384 0.196941
-1.168 0.19882
-1.16216 0.198876
-1.15632 0.20525
-1.15048 0.20613
-1.14464 0.206963
-1.1388 0.204671
-1.13296 0.2059
-1.12712 0.212128
-1.12128 0.212569
-1.11544 0.214751
-1.1096 0.216633
-1.10376 0.220883
-1.09792 0.220373
-1.09208 0.226204
-1.08624 0.226705
-1.0804 0.226366
-1.07456 0.228299
-1.06872 0.232034
-1.06288 0.231759
-1.05704 0.232409
-1.0512 0.239228
-1.04536 0.242034
-1.03952 0.244853
-1.03368 0.245787
-1.02784 0.248082
-1.022 0.252979
-1.01616 0.25645
-1.01032 0.257533
-1.00448 0.25953
-0.99864 0.261658
-0.9928 0.263587
-0.98696 0.266535
-0.98112 0.26756
-0.97528 0.269655
-0.96944 0.271406
-0.9636 0.274239
-0.95776 0.275584
-0.95192 0.277326
-0.94608 0.280549
-0.94024 0.281324
-0.9344 0.283567
-0.92856 0.284805
-0.92272 0.287194
-0.91688 0.284106
-0.91104 0.284879
-0.9052 0.288643
-0.89936 0.290802
-0.89352 0.290734
-0.88768 0.292599
-0.88184 0.295226
-0.876 0.296222
-0.87016 0.300713
-0.86432 0.298181
-0.85848 0.300605
-0.85264 0.300938
-0.8468 0.304189
-0.84096 0.304465
-0.83512 0.306108
-0.82928 0.30984
-0.82344 0.312544
-0.8176 0.313835
-0.81176 0.315279
-0.80592 0.317167
-0.80008 0.320721
-0.79424 0.322334
-0.7884 0.323328
-0.78256 0.324081
-0.77672 0.325301
-0.77088 0.325353
-0.76504 0.328316
-0.7592 0.327949
-0.75336 0.329579
-0.74752 0.329913
-0.74168 0.331997
-0.73584 0.329815
-0.73 0.327979
-0.72416 0.32897
-0.71832 0.330045
-0.71248 0.329106
-0.70664 0.328318
-0.7008 0.324277
-0.69496 0.32418
-0.68912 0.324064
-0.68328 0.324085
-0.67744 0.323633
-0.6716 0.323686
-0.66576 0.323771
-0.65992 0.322971
-0.65408 0.324475
-0.64824 0.324257
-0.6424 0.323089
-0.63656 0.322785
-0.63072 0.323668
-0.62488 0.324495
-0.61904 0.325239
-0.6132 0.326734
-0.60736 0.327167
-0.60152 0.326849
-0.59568 0.326849
-0.58984 0.326849
-0.584 0.326849
-0.57816 0.326849
-0.57232 0.326849
-0.56648 0.326849
-0.56064 0.326849
-0.5548 0.326849
-0.54896 0.326849
-0.54312 0.326849
-0.53728 0.326849
-0.53144 0.326849
-0.5256 0.326849
-0.51976 0.326849
-0.51392 0.326849
-0.50808 0.326849
-0.50224 0.326849
-0.4964 0.326849
-0.49056 0.326849
-0.48472 0.326849
-0.47888 0.326849
-0.47304 0.326849
-0.4672 0.326849
-0.46136 0.326849
-0.45552 0.326849
-0.44968 0.326849
-0.44384 0.326849
-0.438 0.326849
-0.43216 0.326849
-0.42632 0.326849
-0.42048 0.326849
-0.41464 0.326849
-0.4088 0.326849
-0.40296 0.326849
-0.39712 0.326849
-0.39128 0.326849
-0.38544 0.326849
-0.3796 0.326849
-0.37376 0.326849
-0.36792 0.326849
-0.36208 0.326849
-0.35624 0.326849
-0.3504 0.326849
-0.34456 0.326849
-0.33872 0.326849
-0.33288 0.326849
-0.32704 0.326849
-0.3212 0.326849
-0.31536 0.326849
-0.30952 0.326849
-0.30368 0.326849
-0.29784 0.326849
-0.292 0.326849
-0.28616 0.326849
-0.28032 0.326849
-0.27448 0.326849
-0.26864 0.326849
-0.2628 0.326849
-0.25696 0.326849
-0.25112 0.326849
-0.24528 0.326849
-0.23944 0.326849
-0.2336 0.326849
-0.22776 0.326849
-0.22192 0.326849
-0.21608 0.326849
-0.21024 0.326849
-0.2044 0.326849
-0.19856 0.326849
-0.19272 0.326849
-0.18688 0.326849
-0.18104 0.326849
-0.1752 0.326849
-0.16936 0.326849
-0.16352 0.326849
-0.15768 0.326849
-0.15184 0.326849
-0.146 0.326849
-0.14016 0.326849
-0.13432 0.326849
-0.12848 0.326849
-0.12264 0.326849
-0.1168 0.326849
-0.11096 0.326849
-0.10512 0.326849
-0.09928 0.326849
-0.09344 0.326849
-0.0876 0.326849
-0.08176 0.326849
-0.07592 0.326849
-0.07008 0.326849
-0.06424 0.326849
-0.0584 0.326849
-0.05256 0.326849
-0.04672 0.326849
-0.04088 0.326849
-0.03504 0.326849
-0.0292 0.326849
-0.02336 0.326849
-0.01752 0.326849
-0.01168 0.326849
-0.00584 0.326849
