-2.92 0.518878
-2.91416 0.518878
-2.90832 0.518878
-2.90248 0.518878
-2.89664 0.518878
-2.8908 0.518878
-2.88496 0.518878
-2.87912 0.518878
-2.87328 0.518878
-2.86744 0.518878
-2.8616 0.518878
-2.85576 0.518878
-2.84992 0.518878
-2.84408 0.518878
-2.83824 0.518878
-2.8324 0.518878
-2.82656 0.518878
-2.82072 0.518878
-2.81488 0.518878
-2.80904 0.518878
-2.8032 0.518878
-2.79736 0.518878
-2.79152 0.518878
-2.78568 0.518878
-2.77984 0.518878
-2.774 0.518878
-2.76816 0.518878
-2.76232 0.518878
-2.75648 0.518878
-2.75064 0.518878
-2.7448 0.518878
-2.73896 0.518878
-2.73312 0.518878
-2.72728 0.518878
-2.72144 0.518878
-2.7156 0.518878
-2.70976 0.518878
-2.70392 0.518878
-2.69808 0.518878
-2.69224 0.518878
-2.6864 0.518878
-2.68056 0.518878
-2.67472 0.518878
-2.66888 0.518878
-2.66304 0.518878
-2.6572 0.518878
-2.65136 0.518878
-2.64552 0.518878
-2.63968 0.518878
-2.63384 0.518878
-2.628 0.518878
-2.62216 0.518878
-2.61632 0.518878
-2.61048 0.518878
-2.60464 0.518878
-2.5988 0.518878
-2.59296 0.518305
-2.58712 0.517512
-2.58128 0.516631
-2.57544 0.515618
-2.5696 0.51434
-2.56376 0.512885
-2.55792 0.511299
-2.55208 0.509669
-2.54624 0.507909
-2.5404 0.506146
-2.53456 0.504252
-2.52872 0.502313
-2.52288 0.50033
-2.51704 0.49826
-2.5112 0.496059
-2.50536 0.493854
-2.49952 0.491561
-2.49368 0.489355
-2.48784 0.487195
-2.482 0.485167
-2.47616 0.482873
-2.47032 0.480535
-2.46448 0.478194
-2.45864 0.475808
-2.4528 0.473253
-2.44696 0.470821
-2.44112 0.468264
-2.43528 0.465744
-2.42944 0.463226
-2.4236 0.460745
-2.41776 0.45839
-2.41192 0.455581
-2.40608 0.453178
-2.40024 0.450573
-2.3944 0.447911
-2.38856 0.446043
-2.38272 0.443306
-2.37688 0.440306
-2.37104 0.438131
-2.3652 0.435185
-2.35936 0.432245
-2.35352 0.430068
-2.34768 0.427226
-2.34184 0.424961
-2.336 0.421409
-2.33016 0.419185
-2.32432 0.416216
-2.31848 0.413537
-2.31264 0.411136
-2.3068 0.408458
-2.30096 0.405689
-2.29512 0.40229
-2.28928 0.400133
-2.28344 0.397396
-2.2776 0.394554
-2.27176 0.390947
-2.26592 0.388549
-2.26008 0.386204
-2.25424 0.38404
-2.2484 0.379799
-2.24256 0.376762
-2.23672 0.373859
-2.23088 0.371486
-2.22504 0.368184
-2.2192 0.364131
-2.21336 0.36114
-2.20752 0.360007
-2.20168 0.357448
-2.19584 0.354148
-2.19 0.353648
-2.18416 0.349297
-2.17832 0.347488
-2.17248 0.344917
-2.16664 0.343739
-2.1608 0.340136
-2.15496 0.340269
-2.14912 0.337546
-2.14328 0.337458
-2.13744 0.3344
-2.1316 0.33379
-2.12576 0.333287
-2.11992 0.330033
-2.11408 0.328821
-2.10824 0.326362
-2.1024 0.327233
-2.09656 0.323448
-2.09072 0.323461
-2.08488 0.321694
-2.07904 0.319621
-2.0732 0.316337
-2.06736 0.316624
-2.06152 0.316598
-2.05568 0.315483
-2.04984 0.313773
-2.044 0.315858
-2.03816 0.311143
-2.03232 0.31229
-2.02648 0.311252
-2.02064 0.311354
-2.0148 0.308614
-2.00896 0.306291
-2.00312 0.309541
-1.99728 0.30716
-1.99144 0.304804
-1.9856 0.305288
-1.97976 0.306406
-1.97392 0.302753
-1.96808 0.302466
-1.96224 0.30015
-1.9564 0.298892
-1.95056 0.299661
-1.94472 0.297562
-1.93888 0.29236
-1.93304 0.293141
-1.9272 0.287557
-1.92136 0.288051
-1.91552 0.287502
-1.90968 0.283057
-1.90384 0.280386
-1.898 0.276437
-1.89216 0.277455
-1.88632 0.274639
-1.88048 0.270236
-1.87464 0.26683
-1.8688 0.266181
-1.86296 0.261582
-1.85712 0.255863
-1.85128 0.25793
-1.84544 0.255901
-1.8396 0.248262
-1.83376 0.246893
-1.82792 0.245157
-1.82208 0.24357
-1.81624 0.23972
-1.8104 0.235663
-1.80456 0.236262
-1.79872 0.231317
-1.79288 0.228385
-1.78704 0.224344
-1.7812 0.22386
-1.77536 0.222558
-1.76952 0.216204
-1.76368 0.212684
-1.75784 0.210239
-1.752 0.209895
-1.74616 0.200781
-1.74032 0.202436
-1.73448 0.199905
-1.72864 0.197081
-1.7228 0.194917
-1.71696 0.193535
-1.71112 0.190327
-1.70528 0.187561
-1.69944 0.185951
-1.6936 0.181833
-1.68776 0.184736
-1.68192 0.177517
-1.67608 0.176954
-1.67024 0.176394
-1.6644 0.175589
-1.65856 0.171957
-1.65272 0.172969
-1.64688 0.172743
-1.64104 0.173219
-1.6352 0.175641
-1.62936 0.169867
-1.62352 0.175514
-1.61768 0.17526
-1.61184 0.176739
-1.606 0.174987
-1.60016 0.172162
-1.59432 0.177337
-1.58848 0.174141
-1.58264 0.178477
-1.5768 0.176027
-1.57096 0.178162
-1.56512 0.181575
-1.55928 0.181298
-1.55344 0.18072
-1.5476 0.179214
-1.54176 0.178669
-1.53592 0.180118
-1.53008 0.180909
-1.52424 0.180601
-1.5184 0.1797
-1.51256 0.182625
-1.50672 0.183112
-1.50088 0.179193
-1.49504 0.183591
-1.4892 0.186769
-1.48336 0.18437
-1.47752 0.185129
-1.47168 0.186307
-1.46584 0.187062
-1.46 0.187399
-1.45416 0.193263
-1.44832 0.194454
-1.44248 0.190913
-1.43664 0.191412
-1.4308 0.194607
-1.42496 0.189921
-1.41912 0.19393
-1.41328 0.194951
-1.40744 0.198734
-1.4016 0.194963
-1.39576 0.195435
-1.38992 0.19776
-1.38408 0.197712
-1.37824 0.198368
-1.3724 0.198109
-1.36656 0.200977
-1.36072 0.195098
-1.35488 0.198317
-1.34904 0.195457
-1.3432 0.196378
-1.33736 0.198913
-1.33152 0.19535
-1.32568 0.198027
-1.31984 0.197133
-1.314 0.199704
-1.30816 0.199986
-1.30232 0.192943
-1.29648 0.199371
-1.29064 0.198416
-1.2848 0.195833
-1.27896 0.196364
-1.27312 0.196865
-1.26728 0.201285
-1.26144 0.201721
-1.2556 0.202938
-1.24976 0.202938
-1.24392 0.203321
-1.23808 0.206204
-1.23224 0.204186
-1.2264 0.208775
-1.22056 0.207848
-1.21472 0.210795
-1.20888 0.21485
-1.20304 0.214465
-1.1972 0.22002
-1.19136 0.221334
-1.18552 0.223075
-1.17968 0.226889
-1.17384 0.229263
-1.168 0.231175
-1.16216 0.234202
-1.15632 0.237682
-1.15048 0.237851
-1.14464 0.240344
-1.1388 0.240026
-1.13296 0.24236
-1.12712 0.243429
-1.12128 0.248275
-1.11544 0.24776
-1.1096 0.250869
-1.10376 0.251966
-1.09792 0.254097
-1.09208 0.257187
-1.08624 0.258904
-1.0804 0.259132
-1.07456 0.260041
-1.06872 0.262702
-1.06288 0.267448
-1.05704 0.268076
-1.0512 0.274602
-1.04536 0.275102
-1.03952 0.276768
-1.03368 0.27897
-1.02784 0.281699
-1.022 0.285949
-1.01616 0.288207
-1.01032 0.289957
-1.00448 0.293615
-0.99864 0.293696
-0.9928 0.298103
-0.98696 0.295479
-0.98112 0.300988
-0.97528 0.302948
-0.96944 0.304638
-0.9636 0.306216
-0.95776 0.310291
-0.95192 0.311895
-0.94608 0.313969
-0.94024 0.314464
-0.9344 0.318158
-0.92856 0.319572
-0.92272 0.318484
-0.91688 0.319747
-0.91104 0.320307
-0.9052 0.323653
-0.89936 0.32487
-0.89352 0.326036
-0.88768 0.328433
-0.88184 0.331941
-0.876 0.331464
-0.87016 0.335942
-0.86432 0.333096
-0.85848 0.336566
-0.85264 0.338574
-0.8468 0.338798
-0.84096 0.340832
-0.83512 0.342293
-0.82928 0.346958
-0.82344 0.349299
-0.8176 0.350657
-0.81176 0.35139
-0.80592 0.354262
-0.80008 0.358201
-0.79424 0.358
-0.7884 0.361803
-0.78256 0.361199
-0.77672 0.363007
-0.77088 0.365286
-0.76504 0.365337
-0.7592 0.368775
-0.75336 0.371514
-0.74752 0.370776
-0.74168 0.372397
-0.73584 0.371119
-0.73 0.371801
-0.72416 0.372741
-0.71832 0.371683
-0.71248 0.372101
-0.70664 0.372382
-0.7008 0.370469
-0.69496 0.369824
-0.68912 0.369982
-0.68328 0.371228
-0.67744 0.370193
-0.6716 0.371545
-0.66576 0.370472
-0.65992 0.370888
-0.65408 0.372176
-0.64824 0.372223
-0.6424 0.371184
-0.63656 0.371642
-0.63072 0.372566
-0.62488 0.373526
-0.61904 0.374483
-0.6132 0.376362
-0.60736 0.376895
-0.60152 0.376751
-0.59568 0.376751
-0.58984 0.376751
-0.584 0.376751
-0.57816 0.376751
-0.57232 0.376751
-0.56648 0.376751
-0.56064 0.376751
-0.5548 0.376751
-0.54896 0.376751
-0.54312 0.376751
-0.53728 0.376751
-0.53144 0.376751
-0.5256 0.376751
-0.51976 0.376751
-0.51392 0.376751
-0.50808 0.376751
-0.50224 0.376751
-0.4964 0.376751
-0.49056 0.376751
-0.48472 0.376751
-0.47888 0.376751
-0.47304 0.376751
-0.4672 0.376751
-0.46136 0.376751
-0.45552 0.376751
-0.44968 0.376751
-0.44384 0.376751
-0.438 0.376751
-0.43216 0.376751
-0.42632 0.376751
-0.42048 0.376751
-0.41464 0.376751
-0.4088 0.376751
-0.40296 0.376751
-0.39712 0.376751
-0.39128 0.376751
-0.38544 0.376751
-0.3796 0.376751
-0.37376 0.376751
-0.36792 0.376751
-0.36208 0.376751
-0.35624 0.376751
-0.3504 0.376751
-0.34456 0.376751
-0.33872 0.376751
-0.33288 0.376751
-0.32704 0.376751
-0.3212 0.376751
-0.31536 0.376751
-0.30952 0.376751
-0.30368 0.376751
-0.29784 0.376751
-0.292 0.376751
-0.28616 0.376751
-0.28032 0.376751
-0.27448 0.376751
-0.26864 0.376751
-0.2628 0.376751
-0.25696 0.376751
-0.25112 0.376751
-0.24528 0.376751
-0.23944 0.376751
-0.2336 0.376751
-0.22776 0.376751
-0.22192 0.376751
-0.21608 0.376751
-0.21024 0.376751
-0.2044 0.376751
-0.19856 0.376751
-0.19272 0.376751
-0.18688 0.376751
-0.18104 0.376751
-0.1752 0.376751
-0.16936 0.376751
-0.16352 0.376751
-0.15768 0.376751
-0.15184 0.376751
-0.146 0.376751
-0.14016 0.376751
-0.13432 0.376751
-0.12848 0.376751
-0.12264 0.376751
-0.1168 0.376751
-0.11096 0.376751
-0.10512 0.376751
-0.09928 0.376751
-0.09344 0.376751
-0.0876 0.376751
-0.08176 0.376751
-0.07592 0.376751
-0.07008 0.376751
-0.06424 0.376751
-0.0584 0.376751
-0.05256 0.376751
-0.04672 0.376751
-0.04088 0.376751
-0.03504 0.376751
-0.0292 0.376751
-0.02336 0.376751
-0.01752 0.376751
-0.01168 0.376751
-0.00584 0.376751
