-2.92 0.215633
-2.91416 0.215633
-2.90832 0.215633
-2.90248 0.215633
-2.89664 0.215633
-2.8908 0.215633
-2.88496 0.215633
-2.87912 0.215633
-2.87328 0.215633
-2.86744 0.215633
-2.8616 0.215633
-2.85576 0.215633
-2.84992 0.215633
-2.84408 0.215633
-2.83824 0.215633
-2.8324 0.215633
-2.82656 0.215633
-2.82072 0.215633
-2.81488 0.215633
-2.80904 0.215633
-2.8032 0.215633
-2.79736 0.215633
-2.79152 0.215633
-2.78568 0.215633
-2.77984 0.215633
-2.774 0.215633
-2.76816 0.215633
-2.76232 0.215633
-2.75648 0.215633
-2.75064 0.215633
-2.7448 0.215633
-2.73896 0.215633
-2.73312 0.215633
-2.72728 0.215633
-2.72144 0.215633
-2.7156 0.215633
-2.70976 0.215633
-2.70392 0.215633
-2.69808 0.215633
-2.69224 0.215633
-2.6864 0.215633
-2.68056 0.215633
-2.67472 0.215633
-2.66888 0.215633
-2.66304 0.215633
-2.6572 0.215633
-2.65136 0.215633
-2.64552 0.215633
-2.63968 0.215633
-2.63384 0.215633
-2.628 0.215633
-2.62216 0.215633
-2.61632 0.215633
-2.61048 0.215633
-2.60464 0.215633
-2.5988 0.215633
-2.59296 0.215279
-2.58712 0.214924
-2.58128 0.214439
-2.57544 0.213863
-2.5696 0.213286
-2.56376 0.212666
-2.55792 0.212001
-2.55208 0.211291
-2.54624 0.210494
-2.5404 0.209654
-2.53456 0.208815
-2.52872 0.207845
-2.52288 0.206919
-2.51704 0.205862
-2.5112 0.204802
-2.50536 0.203742
-2.49952 0.202726
-2.49368 0.201665
-2.48784 0.200515
-2.482 0.199677
-2.47616 0.198484
-2.47032 0.197291
-2.46448 0.196098
-2.45864 0.194905
-2.4528 0.193712
-2.44696 0.192519
-2.44112 0.191325
-2.43528 0.190131
-2.42944 0.188938
-2.4236 0.1877
-2.41776 0.18646
-2.41192 0.185176
-2.40608 0.183891
-2.40024 0.182607
-2.3944 0.181323
-2.38856 0.180126
-2.38272 0.178842
-2.37688 0.177601
-2.37104 0.176274
-2.3652 0.17499
-2.35936 0.173618
-2.35352 0.172333
-2.34768 0.170916
-2.34184 0.169543
-2.336 0.168126
-2.33016 0.166754
-2.32432 0.165426
-2.31848 0.164053
-2.31264 0.16268
-2.3068 0.161263
-2.30096 0.159802
-2.29512 0.158341
-2.28928 0.156968
-2.28344 0.155595
-2.2776 0.154221
-2.27176 0.152847
-2.26592 0.151474
-2.26008 0.150234
-2.25424 0.148728
-2.2484 0.147222
-2.24256 0.145673
-2.23672 0.144169
-2.23088 0.14262
-2.22504 0.141115
-2.2192 0.139566
-2.21336 0.138017
-2.20752 0.136467
-2.20168 0.134918
-2.19584 0.133368
-2.19 0.131818
-2.18416 0.130268
-2.17832 0.128718
-2.17248 0.127212
-2.16664 0.125706
-2.1608 0.1242
-2.15496 0.12265
-2.14912 0.121144
-2.14328 0.119639
-2.13744 0.118134
-2.1316 0.116627
-2.12576 0.115121
-2.11992 0.113615
-2.11408 0.112109
-2.10824 0.110604
-2.1024 0.109142
-2.09656 0.10768
-2.09072 0.106175
-2.08488 0.104669
-2.07904 0.103162
-2.0732 0.101613
-2.06736 0.100152
-2.06152 0.0988199
-2.05568 0.0973174
-2.04984 0.0958959
-2.044 0.0949125
-2.03816 0.0934899
-2.03232 0.0918977
-2.02648 0.0904761
-2.02064 0.0888847
-2.0148 0.0875483
-2.00896 0.0865957
-2.00312 0.0845771
-1.99728 0.0831141
-1.99144 0.0817356
-1.9856 0.0803529
-1.97976 0.0792693
-1.97392 0.0782742
-1.96808 0.0770594
-1.96224 0.0767361
-1.9564 0.0755283
-1.95056 0.0749948
-1.94472 0.0736163
-1.93888 0.0741523
-1.93304 0.073176
-1.9272 0.0730364
-1.92136 0.07195
-1.91552 0.0708132
-1.90968 0.0699707
-1.90384 0.0699798
-1.898 0.0688993
-1.89216 0.068508
-1.88632 0.0688069
-1.88048 0.0680668
-1.87464 0.0683047
-1.8688 0.0676019
-1.86296 0.0682727
-1.85712 0.0658756
-1.85128 0.0666583
-1.84544 0.0661364
-1.8396 0.0657005
-1.83376 0.0669742
-1.82792 0.0665296
-1.82208 0.0674693
-1.81624 0.0670457
-1.8104 0.0672497
-1.80456 0.0661827
-1.79872 0.0676268
-1.79288 0.0670754
-1.78704 0.0670087
-1.7812 0.0680605
-1.77536 0.0672877
-1.76952 0.0681961
-1.76368 0.0683512
-1.75784 0.068075
-1.752 0.0684995
-1.74616 0.0683524
-1.74032 0.0701621
-1.73448 0.0694463
-1.72864 0.0703436
-1.7228 0.0717453
-1.71696 0.0701951
-1.71112 0.0718682
-1.70528 0.0717289
-1.69944 0.0696187
-1.6936 0.0706198
-1.68776 0.0735951
-1.68192 0.0723898
-1.67608 0.0731417
-1.67024 0.0742081
-1.6644 0.0741539
-1.65856 0.0740685
-1.65272 0.0750546
-1.64688 0.0745793
-1.64104 0.0752829
-1.6352 0.0741791
-1.62936 0.0761912
-1.62352 0.0762465
-1.61768 0.0757472
-1.61184 0.0754448
-1.606 0.0815286
-1.60016 0.0815165
-1.59432 0.0813578
-1.58848 0.0841912
-1.58264 0.0862708
-1.5768 0.0864272
-1.57096 0.0883644
-1.56512 0.0885073
-1.55928 0.0899932
-1.55344 0.0937665
-1.5476 0.093027
-1.54176 0.0966359
-1.53592 0.0994752
-1.53008 0.0989741
-1.52424 0.103084
-1.5184 0.102934
-1.51256 0.105003
-1.50672 0.104888
-1.50088 0.108143
-1.49504 0.112203
-1.4892 0.112849
-1.48336 0.112143
-1.47752 0.114616
-1.47168 0.115588
-1.46584 0.120174
-1.46 0.119778
-1.45416 0.120481
-1.44832 0.124247
-1.44248 0.127361
-1.43664 0.129078
-1.4308 0.129147
-1.42496 0.134243
-1.41912 0.131943
-1.41328 0.135126
-1.40744 0.139305
-1.4016 0.139805
-1.39576 0.143547
-1.38992 0.144938
-1.38408 0.147958
-1.37824 0.1486
-1.3724 0.150517
-1.36656 0.149352
-1.36072 0.155637
-1.35488 0.153926
-1.34904 0.155664
-1.3432 0.157673
-1.33736 0.160051
-1.33152 0.164409
-1.32568 0.166609
-1.31984 0.167807
-1.314 0.167953
-1.30816 0.168845
-1.30232 0.173648
-1.29648 0.172676
-1.29064 0.176138
-1.2848 0.180468
-1.27896 0.179491
-1.27312 0.182069
-1.26728 0.184692
-1.26144 0.181649
-1.2556 0.184695
-1.24976 0.186345
-1.24392 0.188955
-1.23808 0.190883
-1.23224 0.193057
-1.2264 0.19371
-1.22056 0.195431
-1.21472 0.199399
-1.20888 0.200368
-1.20304 0.200772
-1.1972 0.20248
-1.19136 0.204638
-1.18552 0.207105
-1.17968 0.205768
-1.17384 0.208909
-1.168 0.214212
-1.16216 0.215223
-1.15632 0.215014
-1.15048 0.216288
-1.14464 0.218063
-1.1388 0.21946
-1.13296 0.21944
-1.12712 0.219595
-1.12128 0.220669
-1.11544 0.225053
-1.1096 0.224805
-1.10376 0.227943
-1.09792 0.231572
-1.09208 0.228142
-1.08624 0.232071
-1.0804 0.231495
-1.07456 0.233797
-1.06872 0.233891
-1.06288 0.235292
-1.05704 0.239057
-1.0512 0.238646
-1.04536 0.235454
-1.03952 0.237378
-1.03368 0.237202
-1.02784 0.240002
-1.022 0.23834
-1.01616 0.237661
-1.01032 0.240248
-1.00448 0.24049
-0.99864 0.241955
-0.9928 0.240845
-0.98696 0.242876
-0.98112 0.240019
-0.97528 0.241718
-0.96944 0.24237
-0.9636 0.241952
-0.95776 0.244369
-0.95192 0.244853
-0.94608 0.244749
-0.94024 0.244469
-0.9344 0.245107
-0.92856 0.24431
-0.92272 0.246059
-0.91688 0.24602
-0.91104 0.244926
-0.9052 0.245116
-0.89936 0.247047
-0.89352 0.248187
-0.88768 0.249181
-0.88184 0.248855
-0.876 0.249555
-0.87016 0.247922
-0.86432 0.24976
-0.85848 0.250393
-0.85264 0.251769
-0.8468 0.252064
-0.84096 0.251559
-0.83512 0.25294
-0.82928 0.252649
-0.82344 0.252002
-0.8176 0.252954
-0.81176 0.25218
-0.80592 0.253014
-0.80008 0.253578
-0.79424 0.253767
-0.7884 0.254502
-0.78256 0.255285
-0.77672 0.255958
-0.77088 0.25628
-0.76504 0.256684
-0.7592 0.257163
-0.75336 0.258031
-0.74752 0.25842
-0.74168 0.259421
-0.73584 0.260263
-0.73 0.261692
-0.72416 0.261633
-0.71832 0.262285
-0.71248 0.262766
-0.70664 0.264136
-0.7008 0.2646
-0.69496 0.266134
-0.68912 0.266627
-0.68328 0.26762
-0.67744 0.270248
-0.6716 0.271208
-0.66576 0.272412
-0.65992 0.273668
-0.65408 0.273757
-0.64824 0.274401
-0.6424 0.276075
-0.63656 0.27703
-0.63072 0.277396
-0.62488 0.278429
-0.61904 0.278616
-0.6132 0.278593
-0.60736 0.278568
-0.60152 0.278915
-0.59568 0.278915
-0.58984 0.278915
-0.584 0.278915
-0.57816 0.278915
-0.57232 0.278915
-0.56648 0.278915
-0.56064 0.278915
-0.5548 0.278915
-0.54896 0.278915
-0.54312 0.278915
-0.53728 0.278915
-0.53144 0.278915
-0.5256 0.278915
-0.51976 0.278915
-0.51392 0.278915
-0.50808 0.278915
-0.50224 0.278915
-0.4964 0.278915
-0.49056 0.278915
-0.48472 0.278915
-0.47888 0.278915
-0.47304 0.278915
-0.4672 0.278915
-0.46136 0.278915
-0.45552 0.278915
-0.44968 0.278915
-0.44384 0.278915
-0.438 0.278915
-0.43216 0.278915
-0.42632 0.278915
-0.42048 0.278915
-0.41464 0.278915
-0.4088 0.278915
-0.40296 0.278915
-0.39712 0.278915
-0.39128 0.278915
-0.38544 0.278915
-0.3796 0.278915
-0.37376 0.278915
-0.36792 0.278915
-0.36208 0.278915
-0.35624 0.278915
-0.3504 0.278915
-0.34456 0.278915
-0.33872 0.278915
-0.33288 0.278915
-0.32704 0.278915
-0.3212 0.278915
-0.31536 0.278915
-0.30952 0.278915
-0.30368 0.278915
-0.29784 0.278915
-0.292 0.278915
-0.28616 0.278915
-0.28032 0.278915
-0.27448 0.278915
-0.26864 0.278915
-0.2628 0.278915
-0.25696 0.278915
-0.25112 0.278915
-0.24528 0.278915
-0.23944 0.278915
-0.2336 0.278915
-0.22776 0.278915
-0.22192 0.278915
-0.21608 0.278915
-0.21024 0.278915
-0.2044 0.278915
-0.19856 0.278915
-0.19272 0.278915
-0.18688 0.278915
-0.18104 0.278915
-0.1752 0.278915
-0.16936 0.278915
-0.16352 0.278915
-0.15768 0.278915
-0.15184 0.278915
-0.146 0.278915
-0.14016 0.278915
-0.13432 0.278915
-0.12848 0.278915
-0.12264 0.278915
-0.1168 0.278915
-0.11096 0.278915
-0.10512 0.278915
-0.09928 0.278915
-0.09344 0.278915
-0.0876 0.278915
-0.08176 0.278915
-0.07592 0.278915
-0.07008 0.278915
-0.06424 0.278915
-0.0584 0.278915
-0.05256 0.278915
-0.04672 0.278915
-0.04088 0.278915
-0.03504 0.278915
-0.0292 0.278915
-0.02336 0.278915
-0.01752 0.278915
-0.01168 0.278915
-0.00584 0.278915
