-2.92 0.198485
-2.91416 0.198485
-2.90832 0.198485
-2.90248 0.198485
-2.89664 0.198485
-2.8908 0.198485
-2.88496 0.198485
-2.87912 0.198485
-2.87328 0.198485
-2.86744 0.198485
-2.8616 0.198485
-2.85576 0.198485
-2.84992 0.198485
-2.84408 0.198485
-2.83824 0.198485
-2.8324 0.198485
-2.82656 0.198485
-2.82072 0.198485
-2.81488 0.198485
-2.80904 0.198485
-2.8032 0.198485
-2.79736 0.198485
-2.79152 0.198485
-2.78568 0.198485
-2.77984 0.198485
-2.774 0.198485
-2.76816 0.198485
-2.76232 0.198485
-2.75648 0.198485
-2.75064 0.198485
-2.7448 0.198485
-2.73896 0.198485
-2.73312 0.198485
-2.72728 0.198485
-2.72144 0.198485
-2.7156 0.198485
-2.70976 0.198485
-2.70392 0.198485
-2.69808 0.198485
-2.69224 0.198485
-2.6864 0.198485
-2.68056 0.198485
-2.67472 0.198485
-2.66888 0.198485
-2.66304 0.198485
-2.6572 0.198485
-2.65136 0.198485
-2.64552 0.198485
-2.63968 0.198485
-2.63384 0.198485
-2.628 0.198485
-2.62216 0.198485
-2.61632 0.198485
-2.61048 0.198485
-2.60464 0.198485
-2.5988 0.198485
-2.59296 0.198176
-2.58712 0.197694
-2.58128 0.19721
-2.57544 0.196682
-2.5696 0.196066
-2.56376 0.195449
-2.55792 0.194744
-2.55208 0.194037
-2.54624 0.193331
-2.5404 0.192625
-2.53456 0.19192
-2.52872 0.191215
-2.52288 0.190464
-2.51704 0.189671
-2.5112 0.188965
-2.50536 0.18817
-2.49952 0.187331
-2.49368 0.186537
-2.48784 0.185787
-2.482 0.185125
-2.47616 0.184199
-2.47032 0.183272
-2.46448 0.182345
-2.45864 0.181419
-2.4528 0.180492
-2.44696 0.179565
-2.44112 0.178595
-2.43528 0.177625
-2.42944 0.176697
-2.4236 0.175638
-2.41776 0.174579
-2.41192 0.173519
-2.40608 0.172504
-2.40024 0.171444
-2.3944 0.170384
-2.38856 0.169324
-2.38272 0.168175
-2.37688 0.16707
-2.37104 0.165878
-2.3652 0.164687
-2.35936 0.163452
-2.35352 0.162215
-2.34768 0.160936
-2.34184 0.159656
-2.336 0.15842
-2.33016 0.15714
-2.32432 0.15586
-2.31848 0.154579
-2.31264 0.1533
-2.3068 0.152064
-2.30096 0.15074
-2.29512 0.149503
-2.28928 0.148266
-2.28344 0.146853
-2.2776 0.145529
-2.27176 0.144247
-2.26592 0.14301
-2.26008 0.141819
-2.25424 0.14045
-2.2484 0.139037
-2.24256 0.13758
-2.23672 0.136123
-2.23088 0.134666
-2.22504 0.133254
-2.2192 0.131754
-2.21336 0.130296
-2.20752 0.128796
-2.20168 0.127295
-2.19584 0.125795
-2.19 0.124293
-2.18416 0.122791
-2.17832 0.121246
-2.17248 0.119746
-2.16664 0.1182
-2.1608 0.116699
-2.15496 0.11511
-2.14912 0.113566
-2.14328 0.112066
-2.13744 0.110434
-2.1316 0.108845
-2.12576 0.107258
-2.11992 0.105626
-2.11408 0.104038
-2.10824 0.102406
-2.1024 0.100818
-2.09656 0.0991876
-2.09072 0.0976447
-2.08488 0.0962259
-2.07904 0.094723
-2.0732 0.0937729
-2.06736 0.0927381
-2.06152 0.0917849
-2.05568 0.090836
-2.04984 0.0897608
-2.044 0.0889861
-2.03816 0.0881647
-2.03232 0.0871716
-2.02648 0.0871522
-2.02064 0.0863703
-2.0148 0.0855045
-2.00896 0.0852349
-2.00312 0.0850481
-1.99728 0.0844818
-1.99144 0.0837031
-1.9856 0.0831348
-1.97976 0.0827402
-1.97392 0.081448
-1.96808 0.0815672
-1.96224 0.0814245
-1.9564 0.0816203
-1.95056 0.0817378
-1.94472 0.080919
-1.93888 0.078784
-1.93304 0.0793667
-1.9272 0.0771055
-1.92136 0.0757748
-1.91552 0.0737213
-1.90968 0.071207
-1.90384 0.0702671
-1.898 0.0677094
-1.89216 0.0663785
-1.88632 0.0651384
-1.88048 0.0628396
-1.87464 0.0611786
-1.8688 0.059008
-1.86296 0.0564126
-1.85712 0.0561119
-1.85128 0.0538572
-1.84544 0.0526657
-1.8396 0.0507085
-1.83376 0.0485808
-1.82792 0.0465802
-1.82208 0.0442567
-1.81624 0.0436209
-1.8104 0.0416218
-1.80456 0.0394499
-1.79872 0.039157
-1.79288 0.0373253
-1.78704 0.0354611
-1.7812 0.0341477
-1.77536 0.0318152
-1.76952 0.0304164
-1.76368 0.0299944
-1.75784 0.0282551
-1.752 0.0270734
-1.74616 0.0247436
-1.74032 0.0236887
-1.73448 0.0230175
-1.72864 0.0209122
-1.7228 0.0201901
-1.71696 0.0187126
-1.71112 0.0173186
-1.70528 0.0162632
-1.69944 0.0152576
-1.6936 0.0137825
-1.68776 0.0132818
-1.68192 0.0124
-1.67608 0.0114334
-1.67024 0.0109768
-1.6644 0.0107337
-1.65856 0.0116725
-1.65272 0.012791
-1.64688 0.0138185
-1.64104 0.0145965
-1.6352 0.0167283
-1.62936 0.0175096
-1.62352 0.0175685
-1.61768 0.0198803
-1.61184 0.0202449
-1.606 0.0234989
-1.60016 0.0239966
-1.59432 0.0261599
-1.58848 0.0253267
-1.58264 0.0270741
-1.5768 0.0276423
-1.57096 0.0291441
-1.56512 0.0301842
-1.55928 0.0306262
-1.55344 0.0325577
-1.5476 0.0359638
-1.54176 0.0353513
-1.53592 0.0380851
-1.53008 0.0382046
-1.52424 0.0375653
-1.5184 0.0381876
-1.51256 0.0402539
-1.50672 0.0421391
-1.50088 0.0425107
-1.49504 0.0482497
-1.4892 0.0491176
-1.48336 0.0498247
-1.47752 0.0517225
-1.47168 0.0520864
-1.46584 0.0537805
-1.46 0.0556311
-1.45416 0.0553735
-1.44832 0.0574009
-1.44248 0.0595591
-1.43664 0.061074
-1.4308 0.0622546
-1.42496 0.0641958
-1.41912 0.0652539
-1.41328 0.066403
-1.40744 0.068977
-1.4016 0.0706777
-1.39576 0.0726159
-1.38992 0.0733736
-1.38408 0.0728046
-1.37824 0.0754666
-1.3724 0.0780182
-1.36656 0.0791539
-1.36072 0.0803963
-1.35488 0.0809058
-1.34904 0.0831492
-1.3432 0.085227
-1.33736 0.0871876
-1.33152 0.0894797
-1.32568 0.0942641
-1.31984 0.0947414
-1.314 0.0942752
-1.30816 0.0957031
-1.30232 0.0954809
-1.29648 0.0988705
-1.29064 0.100306
-1.2848 0.102312
-1.27896 0.104855
-1.27312 0.10872
-1.26728 0.110148
-1.26144 0.111766
-1.2556 0.114473
-1.24976 0.116514
-1.24392 0.116312
-1.23808 0.119749
-1.23224 0.12114
-1.2264 0.121854
-1.22056 0.12353
-1.21472 0.128368
-1.20888 0.129691
-1.20304 0.130089
-1.1972 0.133093
-1.19136 0.134966
-1.18552 0.134897
-1.17968 0.139051
-1.17384 0.13914
-1.168 0.141775
-1.16216 0.141889
-1.15632 0.144469
-1.15048 0.144656
-1.14464 0.147334
-1.1388 0.147933
-1.13296 0.150478
-1.12712 0.153248
-1.12128 0.153592
-1.11544 0.157172
-1.1096 0.160855
-1.10376 0.160914
-1.09792 0.165367
-1.09208 0.165651
-1.08624 0.165309
-1.0804 0.16578
-1.07456 0.168721
-1.06872 0.169991
-1.06288 0.172078
-1.05704 0.178589
-1.0512 0.178603
-1.04536 0.18013
-1.03952 0.183531
-1.03368 0.183408
-1.02784 0.185753
-1.022 0.188079
-1.01616 0.188434
-1.01032 0.190523
-1.00448 0.192558
-0.99864 0.19384
-0.9928 0.195279
-0.98696 0.198084
-0.98112 0.198047
-0.97528 0.199706
-0.96944 0.201361
-0.9636 0.203663
-0.95776 0.20531
-0.95192 0.205901
-0.94608 0.205339
-0.94024 0.207172
-0.9344 0.20933
-0.92856 0.210182
-0.92272 0.211334
-0.91688 0.2124
-0.91104 0.214223
-0.9052 0.216427
-0.89936 0.217536
-0.89352 0.220081
-0.88768 0.223095
-0.88184 0.223818
-0.876 0.222885
-0.87016 0.225378
-0.86432 0.223501
-0.85848 0.22612
-0.85264 0.227183
-0.8468 0.22817
-0.84096 0.229603
-0.83512 0.232825
-0.82928 0.233621
-0.82344 0.233755
-0.8176 0.235657
-0.81176 0.236547
-0.80592 0.236122
-0.80008 0.238241
-0.79424 0.238451
-0.7884 0.238713
-0.78256 0.239299
-0.77672 0.240953
-0.77088 0.241834
-0.76504 0.241712
-0.7592 0.24246
-0.75336 0.243306
-0.74752 0.244027
-0.74168 0.244141
-0.73584 0.245533
-0.73 0.246033
-0.72416 0.244854
-0.71832 0.245728
-0.71248 0.246355
-0.70664 0.247024
-0.7008 0.247688
-0.69496 0.248515
-0.68912 0.249185
-0.68328 0.250231
-0.67744 0.251023
-0.6716 0.252192
-0.66576 0.253231
-0.65992 0.254146
-0.65408 0.254855
-0.64824 0.254638
-0.6424 0.255463
-0.63656 0.256371
-0.63072 0.257151
-0.62488 0.257887
-0.61904 0.259419
-0.6132 0.259771
-0.60736 0.259905
-0.60152 0.259829
-0.59568 0.259829
-0.58984 0.259829
-0.584 0.259829
-0.57816 0.259829
-0.57232 0.259829
-0.56648 0.259829
-0.56064 0.259829
-0.5548 0.259829
-0.54896 0.259829
-0.54312 0.259829
-0.53728 0.259829
-0.53144 0.259829
-0.5256 0.259829
-0.51976 0.259829
-0.51392 0.259829
-0.50808 0.259829
-0.50224 0.259829
-0.4964 0.259829
-0.49056 0.259829
-0.48472 0.259829
-0.47888 0.259829
-0.47304 0.259829
-0.4672 0.259829
-0.46136 0.259829
-0.45552 0.259829
-0.44968 0.259829
-0.44384 0.259829
-0.438 0.259829
-0.43216 0.259829
-0.42632 0.259829
-0.42048 0.259829
-0.41464 0.259829
-0.4088 0.259829
-0.40296 0.259829
-0.39712 0.259829
-0.39128 0.259829
-0.38544 0.259829
-0.3796 0.259829
-0.37376 0.259829
-0.36792 0.259829
-0.36208 0.259829
-0.35624 0.259829
-0.3504 0.259829
-0.34456 0.259829
-0.33872 0.259829
-0.33288 0.259829
-0.32704 0.259829
-0.3212 0.259829
-0.31536 0.259829
-0.30952 0.259829
-0.30368 0.259829
-0.29784 0.259829
-0.292 0.259829
-0.28616 0.259829
-0.28032 0.259829
-0.27448 0.259829
-0.26864 0.259829
-0.2628 0.259829
-0.25696 0.259829
-0.25112 0.259829
-0.24528 0.259829
-0.23944 0.259829
-0.2336 0.259829
-0.22776 0.259829
-0.22192 0.259829
-0.21608 0.259829
-0.21024 0.259829
-0.2044 0.259829
-0.19856 0.259829
-0.19272 0.259829
-0.18688 0.259829
-0.18104 0.259829
-0.1752 0.259829
-0.16936 0.259829
-0.16352 0.259829
-0.15768 0.259829
-0.15184 0.259829
-0.146 0.259829
-0.14016 0.259829
-0.13432 0.259829
-0.12848 0.259829
-0.12264 0.259829
-0.1168 0.259829
-0.11096 0.259829
-0.10512 0.259829
-0.09928 0.259829
-0.09344 0.259829
-0.0876 0.259829
-0.08176 0.259829
-0.07592 0.259829
-0.07008 0.259829
-0.06424 0.259829
-0.0584 0.259829
-0.05256 0.259829
-0.04672 0.259829
-0.04088 0.259829
-0.03504 0.259829
-0.0292 0.259829
-0.02336 0.259829
-0.01752 0.259829
-0.01168 0.259829
-0.00584 0.259829
