-2.92 0.165689
-2.91416 0.165689
-2.90832 0.165689
-2.90248 0.165689
-2.89664 0.165689
-2.8908 0.165689
-2.88496 0.165689
-2.87912 0.165689
-2.87328 0.165689
-2.86744 0.165689
-2.8616 0.165689
-2.85576 0.165689
-2.84992 0.165689
-2.84408 0.165689
-2.83824 0.165689
-2.8324 0.165689
-2.82656 0.165689
-2.82072 0.165689
-2.81488 0.165689
-2.80904 0.165689
-2.8032 0.165689
-2.79736 0.165689
-2.79152 0.165689
-2.78568 0.165689
-2.77984 0.165689
-2.774 0.165689
-2.76816 0.165689
-2.76232 0.165689
-2.75648 0.165689
-2.75064 0.165689
-2.7448 0.165689
-2.73896 0.165689
-2.73312 0.165689
-2.72728 0.165689
-2.72144 0.165689
-2.7156 0.165689
-2.70976 0.165689
-2.70392 0.165689
-2.69808 0.165689
-2.69224 0.165689
-2.6864 0.165689
-2.68056 0.165689
-2.67472 0.165689
-2.66888 0.165689
-2.66304 0.165689
-2.6572 0.165689
-2.65136 0.165689
-2.64552 0.165689
-2.63968 0.165689
-2.63384 0.165689
-2.628 0.165689
-2.62216 0.165689
-2.61632 0.165689
-2.61048 0.165689
-2.60464 0.165689
-2.5988 0.165689
-2.59296 0.165514
-2.58712 0.165295
-2.58128 0.165077
-2.57544 0.164771
-2.5696 0.16442
-2.56376 0.164067
-2.55792 0.163713
-2.55208 0.163272
-2.54624 0.162788
-2.5404 0.162302
-2.53456 0.161861
-2.52872 0.161288
-2.52288 0.160674
-2.51704 0.160058
-2.5112 0.159487
-2.50536 0.158825
-2.49952 0.158121
-2.49368 0.157373
-2.48784 0.156668
-2.482 0.156093
-2.47616 0.155344
-2.47032 0.154594
-2.46448 0.153801
-2.45864 0.152964
-2.4528 0.152127
-2.44696 0.151247
-2.44112 0.150322
-2.43528 0.149398
-2.42944 0.148561
-2.4236 0.147592
-2.41776 0.146666
-2.41192 0.145653
-2.40608 0.144641
-2.40024 0.143671
-2.3944 0.142658
-2.38856 0.141647
-2.38272 0.140634
-2.37688 0.139665
-2.37104 0.138652
-2.3652 0.137728
-2.35936 0.136716
-2.35352 0.135703
-2.34768 0.13469
-2.34184 0.133721
-2.336 0.132708
-2.33016 0.131695
-2.32432 0.130768
-2.31848 0.129755
-2.31264 0.128742
-2.3068 0.127729
-2.30096 0.126674
-2.29512 0.125661
-2.28928 0.124691
-2.28344 0.123634
-2.2776 0.122489
-2.27176 0.121345
-2.26592 0.120156
-2.26008 0.119142
-2.25424 0.11791
-2.2484 0.116678
-2.24256 0.115446
-2.23672 0.114257
-2.23088 0.113025
-2.22504 0.111794
-2.2192 0.110518
-2.21336 0.109287
-2.20752 0.108055
-2.20168 0.106779
-2.19584 0.105547
-2.19 0.104271
-2.18416 0.102995
-2.17832 0.101761
-2.17248 0.100486
-2.16664 0.099209
-2.1608 0.0979323
-2.15496 0.0966555
-2.14912 0.0954245
-2.14328 0.0941488
-2.13744 0.0928286
-2.1316 0.0915519
-2.12576 0.0902316
-2.11992 0.0889549
-2.11408 0.0876347
-2.10824 0.0864025
-2.1024 0.0852126
-2.09656 0.0839794
-2.09072 0.082658
-2.08488 0.0814268
-2.07904 0.0801055
-2.0732 0.0788288
-2.06736 0.0775954
-2.06152 0.0763622
-2.05568 0.075043
-2.04984 0.0737239
-2.044 0.0725785
-2.03816 0.0713007
-2.03232 0.070023
-2.02648 0.0687027
-2.02064 0.0673846
-2.0148 0.0661927
-2.00896 0.0649181
-2.00312 0.0639809
-1.99728 0.0627052
-1.99144 0.0614327
-1.9856 0.0600711
-1.97976 0.0589653
-1.97392 0.0576089
-1.96808 0.0568385
-1.96224 0.0560349
-1.9564 0.0553091
-1.95056 0.0543337
-1.94472 0.0542024
-1.93888 0.0531453
-1.93304 0.0536527
-1.9272 0.0532349
-1.92136 0.0529367
-1.91552 0.0522182
-1.90968 0.0520912
-1.90384 0.051497
-1.898 0.0514963
-1.89216 0.051249
-1.88632 0.0518051
-1.88048 0.0518924
-1.87464 0.0522893
-1.8688 0.0526345
-1.86296 0.0525229
-1.85712 0.0527689
-1.85128 0.0532898
-1.84544 0.0530014
-1.8396 0.0542743
-1.83376 0.0541273
-1.82792 0.0539187
-1.82208 0.054993
-1.81624 0.0561434
-1.8104 0.0553929
-1.80456 0.0559988
-1.79872 0.0562976
-1.79288 0.0568148
-1.78704 0.0562464
-1.7812 0.057165
-1.77536 0.0579919
-1.76952 0.0563008
-1.76368 0.0582176
-1.75784 0.0600911
-1.752 0.0615484
-1.74616 0.0616438
-1.74032 0.062555
-1.73448 0.0628128
-1.72864 0.0628294
-1.7228 0.0657773
-1.71696 0.0647622
-1.71112 0.066448
-1.70528 0.0696054
-1.69944 0.0686233
-1.6936 0.0711158
-1.68776 0.0721096
-1.68192 0.0729049
-1.67608 0.0736776
-1.67024 0.0743425
-1.6644 0.0739154
-1.65856 0.0741335
-1.65272 0.0773514
-1.64688 0.0763734
-1.64104 0.0769004
-1.6352 0.0779063
-1.62936 0.0781149
-1.62352 0.0799432
-1.61768 0.0780527
-1.61184 0.0789391
-1.606 0.0816969
-1.60016 0.084038
-1.59432 0.0844665
-1.58848 0.0849427
-1.58264 0.0880363
-1.5768 0.0886553
-1.57096 0.0896687
-1.56512 0.0913701
-1.55928 0.0938907
-1.55344 0.0935641
-1.5476 0.0946953
-1.54176 0.0982802
-1.53592 0.0977986
-1.53008 0.100677
-1.52424 0.101253
-1.5184 0.105513
-1.51256 0.106014
-1.50672 0.108445
-1.50088 0.109366
-1.49504 0.112038
-1.4892 0.114104
-1.48336 0.116752
-1.47752 0.118275
-1.47168 0.119915
-1.46584 0.121469
-1.46 0.1246
-1.45416 0.122419
-1.44832 0.125556
-1.44248 0.129181
-1.43664 0.129811
-1.4308 0.130951
-1.42496 0.133877
-1.41912 0.135766
-1.41328 0.14212
-1.40744 0.138474
-1.4016 0.140954
-1.39576 0.141532
-1.38992 0.143712
-1.38408 0.146962
-1.37824 0.148195
-1.3724 0.149891
-1.36656 0.153911
-1.36072 0.156231
-1.35488 0.156611
-1.34904 0.156237
-1.3432 0.160245
-1.33736 0.16041
-1.33152 0.162484
-1.32568 0.166456
-1.31984 0.168884
-1.314 0.169407
-1.30816 0.170828
-1.30232 0.173063
-1.29648 0.175473
-1.29064 0.177001
-1.2848 0.180869
-1.27896 0.181019
-1.27312 0.181338
-1.26728 0.184134
-1.26144 0.186027
-1.2556 0.186793
-1.24976 0.189473
-1.24392 0.192447
-1.23808 0.191885
-1.23224 0.194056
-1.2264 0.194836
-1.22056 0.195966
-1.21472 0.199028
-1.20888 0.198914
-1.20304 0.200602
-1.1972 0.204261
-1.19136 0.204222
-1.18552 0.207242
-1.17968 0.208083
-1.17384 0.209784
-1.168 0.211955
-1.16216 0.213698
-1.15632 0.214215
-1.15048 0.215451
-1.14464 0.220741
-1.1388 0.221353
-1.13296 0.221456
-1.12712 0.224938
-1.12128 0.227103
-1.11544 0.225581
-1.1096 0.227113
-1.10376 0.229666
-1.09792 0.229921
-1.09208 0.231919
-1.08624 0.232384
-1.0804 0.235986
-1.07456 0.237364
-1.06872 0.238115
-1.06288 0.239013
-1.05704 0.241063
-1.0512 0.241427
-1.04536 0.243697
-1.03952 0.243837
-1.03368 0.244856
-1.02784 0.245993
-1.022 0.247915
-1.01616 0.246293
-1.01032 0.246464
-1.00448 0.247656
-0.99864 0.247141
-0.9928 0.247186
-0.98696 0.247824
-0.98112 0.248884
-0.97528 0.251716
-0.96944 0.249308
-0.9636 0.248871
-0.95776 0.249055
-0.95192 0.248873
-0.94608 0.250447
-0.94024 0.24916
-0.9344 0.250312
-0.92856 0.251832
-0.92272 0.25319
-0.91688 0.252964
-0.91104 0.251406
-0.9052 0.253762
-0.89936 0.253504
-0.89352 0.253833
-0.88768 0.255566
-0.88184 0.255099
-0.876 0.253039
-0.87016 0.25347
-0.86432 0.254777
-0.85848 0.255068
-0.85264 0.256159
-0.8468 0.255727
-0.84096 0.255421
-0.83512 0.255725
-0.82928 0.255926
-0.82344 0.256776
-0.8176 0.25586
-0.81176 0.256617
-0.80592 0.257001
-0.80008 0.256094
-0.79424 0.256347
-0.7884 0.256462
-0.78256 0.25671
-0.77672 0.25636
-0.77088 0.258045
-0.76504 0.258456
-0.7592 0.258232
-0.75336 0.258522
-0.74752 0.259244
-0.74168 0.260279
-0.73584 0.260434
-0.73 0.261287
-0.72416 0.262061
-0.71832 0.262301
-0.71248 0.26292
-0.70664 0.264642
-0.7008 0.265177
-0.69496 0.266174
-0.68912 0.267431
-0.68328 0.268561
-0.67744 0.269473
-0.6716 0.270851
-0.66576 0.271514
-0.65992 0.272592
-0.65408 0.272553
-0.64824 0.273506
-0.6424 0.275085
-0.63656 0.275358
-0.63072 0.276091
-0.62488 0.276398
-0.61904 0.276028
-0.6132 0.275993
-0.60736 0.276081
-0.60152 0.276296
-0.59568 0.276296
-0.58984 0.276296
-0.584 0.276296
-0.57816 0.276296
-0.57232 0.276296
-0.56648 0.276296
-0.56064 0.276296
-0.5548 0.276296
-0.54896 0.276296
-0.54312 0.276296
-0.53728 0.276296
-0.53144 0.276296
-0.5256 0.276296
-0.51976 0.276296
-0.51392 0.276296
-0.50808 0.276296
-0.50224 0.276296
-0.4964 0.276296
-0.49056 0.276296
-0.48472 0.276296
-0.47888 0.276296
-0.47304 0.276296
-0.4672 0.276296
-0.46136 0.276296
-0.45552 0.276296
-0.44968 0.276296
-0.44384 0.276296
-0.438 0.276296
-0.43216 0.276296
-0.42632 0.276296
-0.42048 0.276296
-0.41464 0.276296
-0.4088 0.276296
-0.40296 0.276296
-0.39712 0.276296
-0.39128 0.276296
-0.38544 0.276296
-0.3796 0.276296
-0.37376 0.276296
-0.36792 0.276296
-0.36208 0.276296
-0.35624 0.276296
-0.3504 0.276296
-0.34456 0.276296
-0.33872 0.276296
-0.33288 0.276296
-0.32704 0.276296
-0.3212 0.276296
-0.31536 0.276296
-0.30952 0.276296
-0.30368 0.276296
-0.29784 0.276296
-0.292 0.276296
-0.28616 0.276296
-0.28032 0.276296
-0.27448 0.276296
-0.26864 0.276296
-0.2628 0.276296
-0.25696 0.276296
-0.25112 0.276296
-0.24528 0.276296
-0.23944 0.276296
-0.2336 0.276296
-0.22776 0.276296
-0.22192 0.276296
-0.21608 0.276296
-0.21024 0.276296
-0.2044 0.276296
-0.19856 0.276296
-0.19272 0.276296
-0.18688 0.276296
-0.18104 0.276296
-0.1752 0.276296
-0.16936 0.276296
-0.16352 0.276296
-0.15768 0.276296
-0.15184 0.276296
-0.146 0.276296
-0.14016 0.276296
-0.13432 0.276296
-0.12848 0.276296
-0.12264 0.276296
-0.1168 0.276296
-0.11096 0.276296
-0.10512 0.276296
-0.09928 0.276296
-0.09344 0.276296
-0.0876 0.276296
-0.08176 0.276296
-0.07592 0.276296
-0.07008 0.276296
-0.06424 0.276296
-0.0584 0.276296
-0.05256 0.276296
-0.04672 0.276296
-0.04088 0.276296
-0.03504 0.276296
-0.0292 0.276296
-0.02336 0.276296
-0.01752 0.276296
-0.01168 0.276296
-0.00584 0.276296
