-2.92 0.192323
-2.91416 0.192323
-2.90832 0.192323
-2.90248 0.192323
-2.89664 0.192323
-2.8908 0.192323
-2.88496 0.192323
-2.87912 0.192323
-2.87328 0.192323
-2.86744 0.192323
-2.8616 0.192323
-2.85576 0.192323
-2.84992 0.192323
-2.84408 0.192323
-2.83824 0.192323
-2.8324 0.192323
-2.82656 0.192323
-2.82072 0.192323
-2.81488 0.192323
-2.80904 0.192323
-2.8032 0.192323
-2.79736 0.192323
-2.79152 0.192323
-2.78568 0.192323
-2.77984 0.192323
-2.774 0.192323
-2.76816 0.192323
-2.76232 0.192323
-2.75648 0.192323
-2.75064 0.192323
-2.7448 0.192323
-2.73896 0.192323
-2.73312 0.192323
-2.72728 0.192323
-2.72144 0.192323
-2.7156 0.192323
-2.70976 0.192323
-2.70392 0.192323
-2.69808 0.192323
-2.69224 0.192323
-2.6864 0.192323
-2.68056 0.192323
-2.67472 0.192323
-2.66888 0.192323
-2.66304 0.192323
-2.6572 0.192323
-2.65136 0.192323
-2.64552 0.192323
-2.63968 0.192323
-2.63384 0.192323
-2.628 0.192323
-2.62216 0.192323
-2.61632 0.192323
-2.61048 0.192323
-2.60464 0.192323
-2.5988 0.192323
-2.59296 0.192103
-2.58712 0.19175
-2.58128 0.191222
-2.57544 0.190693
-2.5696 0.190163
-2.56376 0.189589
-2.55792 0.189016
-2.55208 0.188398
-2.54624 0.187781
-2.5404 0.187164
-2.53456 0.186545
-2.52872 0.185883
-2.52288 0.185221
-2.51704 0.184471
-2.5112 0.183722
-2.50536 0.183016
-2.49952 0.182312
-2.49368 0.181649
-2.48784 0.180942
-2.482 0.180235
-2.47616 0.179307
-2.47032 0.178334
-2.46448 0.177362
-2.45864 0.176389
-2.4528 0.175373
-2.44696 0.17427
-2.44112 0.173122
-2.43528 0.171975
-2.42944 0.170916
-2.4236 0.169724
-2.41776 0.168532
-2.41192 0.167295
-2.40608 0.166102
-2.40024 0.164909
-2.3944 0.163671
-2.38856 0.162523
-2.38272 0.161285
-2.37688 0.160092
-2.37104 0.158855
-2.3652 0.157574
-2.35936 0.156293
-2.35352 0.155054
-2.34768 0.153771
-2.34184 0.152531
-2.336 0.151248
-2.33016 0.149966
-2.32432 0.148683
-2.31848 0.147356
-2.31264 0.146116
-2.3068 0.14479
-2.30096 0.143507
-2.29512 0.14218
-2.28928 0.1409
-2.28344 0.139574
-2.2776 0.138377
-2.27176 0.137181
-2.26592 0.136028
-2.26008 0.134831
-2.25424 0.133502
-2.2484 0.132173
-2.24256 0.130801
-2.23672 0.129472
-2.23088 0.128099
-2.22504 0.12677
-2.2192 0.125397
-2.21336 0.124067
-2.20752 0.122737
-2.20168 0.121363
-2.19584 0.119989
-2.19 0.118614
-2.18416 0.117284
-2.17832 0.115954
-2.17248 0.114624
-2.16664 0.113294
-2.1608 0.111965
-2.15496 0.110547
-2.14912 0.109172
-2.14328 0.107756
-2.13744 0.106338
-2.1316 0.104966
-2.12576 0.103591
-2.11992 0.102217
-2.11408 0.100843
-2.10824 0.0994277
-2.1024 0.0980532
-2.09656 0.0966777
-2.09072 0.0953022
-2.08488 0.0941387
-2.07904 0.0929319
-2.0732 0.0921492
-2.06736 0.091075
-2.06152 0.0903393
-2.05568 0.0898156
-2.04984 0.088872
-2.044 0.0884789
-2.03816 0.0883351
-2.03232 0.0872994
-2.02648 0.0871134
-2.02064 0.0860385
-2.0148 0.0855556
-2.00896 0.0850323
-2.00312 0.0852688
-1.99728 0.0836424
-1.99144 0.0846482
-1.9856 0.0837391
-1.97976 0.0837235
-1.97392 0.0834108
-1.96808 0.0829346
-1.96224 0.0830482
-1.9564 0.0829912
-1.95056 0.0831509
-1.94472 0.0825423
-1.93888 0.0815961
-1.93304 0.0798843
-1.9272 0.079322
-1.92136 0.0774405
-1.91552 0.0759898
-1.90968 0.074523
-1.90384 0.0738822
-1.898 0.0714901
-1.89216 0.0697442
-1.88632 0.0672713
-1.88048 0.0656457
-1.87464 0.0639422
-1.8688 0.0622747
-1.86296 0.0605239
-1.85712 0.0577546
-1.85128 0.0562625
-1.84544 0.0535723
-1.8396 0.0524711
-1.83376 0.0505998
-1.82792 0.0497882
-1.82208 0.0480825
-1.81624 0.044977
-1.8104 0.0437424
-1.80456 0.0419528
-1.79872 0.0401658
-1.79288 0.0393542
-1.78704 0.0367992
-1.7812 0.0347125
-1.77536 0.0330106
-1.76952 0.0324546
-1.76368 0.0299458
-1.75784 0.028118
-1.752 0.0268861
-1.74616 0.0265051
-1.74032 0.0241707
-1.73448 0.0232817
-1.72864 0.0217616
-1.7228 0.0207898
-1.71696 0.0193278
-1.71112 0.0174868
-1.70528 0.0169843
-1.69944 0.0154235
-1.6936 0.0144614
-1.68776 0.0135845
-1.68192 0.0120754
-1.67608 0.0113659
-1.67024 0.0114655
-1.6644 0.0123666
-1.65856 0.0122097
-1.65272 0.0134118
-1.64688 0.0129171
-1.64104 0.014502
-1.6352 0.0167222
-1.62936 0.0183512
-1.62352 0.0186298
-1.61768 0.02166
-1.61184 0.0224093
-1.606 0.0234163
-1.60016 0.025352
-1.59432 0.0253966
-1.58848 0.0282432
-1.58264 0.0273631
-1.5768 0.0294091
-1.57096 0.0298093
-1.56512 0.0310086
-1.55928 0.0325874
-1.55344 0.0323566
-1.5476 0.0359731
-1.54176 0.0377755
-1.53592 0.0389453
-1.53008 0.0385092
-1.52424 0.0387192
-1.5184 0.0395517
-1.51256 0.0416073
-1.50672 0.0426465
-1.50088 0.0424238
-1.49504 0.0472649
-1.4892 0.0486939
-1.48336 0.050904
-1.47752 0.0530791
-1.47168 0.0543717
-1.46584 0.055185
-1.46 0.0558133
-1.45416 0.05796
-1.44832 0.0592757
-1.44248 0.0632417
-1.43664 0.0645544
-1.4308 0.0648925
-1.42496 0.0664995
-1.41912 0.0685246
-1.41328 0.0714862
-1.40744 0.0723771
-1.4016 0.074114
-1.39576 0.075209
-1.38992 0.0767257
-1.38408 0.0765278
-1.37824 0.0774153
-1.3724 0.0798786
-1.36656 0.0800911
-1.36072 0.0816951
-1.35488 0.0855057
-1.34904 0.0858384
-1.3432 0.0894897
-1.33736 0.0898238
-1.33152 0.0918961
-1.32568 0.0962677
-1.31984 0.0969468
-1.314 0.0971169
-1.30816 0.0990581
-1.30232 0.0989563
-1.29648 0.101162
-1.29064 0.102864
-1.2848 0.10567
-1.27896 0.110781
-1.27312 0.111152
-1.26728 0.111978
-1.26144 0.113456
-1.2556 0.11642
-1.24976 0.118326
-1.24392 0.119779
-1.23808 0.120968
-1.23224 0.123312
-1.2264 0.126143
-1.22056 0.128342
-1.21472 0.129835
-1.20888 0.12971
-1.20304 0.13179
-1.1972 0.134132
-1.19136 0.135573
-1.18552 0.135926
-1.17968 0.139941
-1.17384 0.141273
-1.168 0.141901
-1.16216 0.14298
-1.15632 0.143445
-1.15048 0.145698
-1.14464 0.145361
-1.1388 0.148416
-1.13296 0.149151
-1.12712 0.151269
-1.12128 0.15356
-1.11544 0.155219
-1.1096 0.15886
-1.10376 0.160136
-1.09792 0.161882
-1.09208 0.163421
-1.08624 0.161537
-1.0804 0.163832
-1.07456 0.166042
-1.06872 0.166978
-1.06288 0.167074
-1.05704 0.173912
-1.0512 0.174852
-1.04536 0.17678
-1.03952 0.17905
-1.03368 0.181385
-1.02784 0.181598
-1.022 0.182541
-1.01616 0.184402
-1.01032 0.185004
-1.00448 0.189539
-0.99864 0.190554
-0.9928 0.190015
-0.98696 0.192008
-0.98112 0.192942
-0.97528 0.195525
-0.96944 0.197179
-0.9636 0.198251
-0.95776 0.199141
-0.95192 0.201255
-0.94608 0.200517
-0.94024 0.200648
-0.9344 0.20227
-0.92856 0.202998
-0.92272 0.204096
-0.91688 0.207615
-0.91104 0.208715
-0.9052 0.21084
-0.89936 0.211943
-0.89352 0.213934
-0.88768 0.216693
-0.88184 0.217881
-0.876 0.216989
-0.87016 0.218337
-0.86432 0.218314
-0.85848 0.21904
-0.85264 0.221236
-0.8468 0.221324
-0.84096 0.226215
-0.83512 0.226389
-0.82928 0.226524
-0.82344 0.227832
-0.8176 0.22893
-0.81176 0.229857
-0.80592 0.230031
-0.80008 0.230242
-0.79424 0.231383
-0.7884 0.231889
-0.78256 0.233748
-0.77672 0.233621
-0.77088 0.235186
-0.76504 0.235566
-0.7592 0.236576
-0.75336 0.237208
-0.74752 0.238312
-0.74168 0.239655
-0.73584 0.239272
-0.73 0.240108
-0.72416 0.239264
-0.71832 0.240106
-0.71248 0.240985
-0.70664 0.241436
-0.7008 0.242575
-0.69496 0.243069
-0.68912 0.24411
-0.68328 0.24486
-0.67744 0.245562
-0.6716 0.246519
-0.66576 0.247724
-0.65992 0.248597
-0.65408 0.249352
-0.64824 0.249002
-0.6424 0.249825
-0.63656 0.250516
-0.63072 0.251205
-0.62488 0.251895
-0.61904 0.253379
-0.6132 0.253559
-0.60736 0.253778
-0.60152 0.2537
-0.59568 0.2537
-0.58984 0.2537
-0.584 0.2537
-0.57816 0.2537
-0.57232 0.2537
-0.56648 0.2537
-0.56064 0.2537
-0.5548 0.2537
-0.54896 0.2537
-0.54312 0.2537
-0.53728 0.2537
-0.53144 0.2537
-0.5256 0.2537
-0.51976 0.2537
-0.51392 0.2537
-0.50808 0.2537
-0.50224 0.2537
-0.4964 0.2537
-0.49056 0.2537
-0.48472 0.2537
-0.47888 0.2537
-0.47304 0.2537
-0.4672 0.2537
-0.46136 0.2537
-0.45552 0.2537
-0.44968 0.2537
-0.44384 0.2537
-0.438 0.2537
-0.43216 0.2537
-0.42632 0.2537
-0.42048 0.2537
-0.41464 0.2537
-0.4088 0.2537
-0.40296 0.2537
-0.39712 0.2537
-0.39128 0.2537
-0.38544 0.2537
-0.3796 0.2537
-0.37376 0.2537
-0.36792 0.2537
-0.36208 0.2537
-0.35624 0.2537
-0.3504 0.2537
-0.34456 0.2537
-0.33872 0.2537
-0.33288 0.2537
-0.32704 0.2537
-0.3212 0.2537
-0.31536 0.2537
-0.30952 0.2537
-0.30368 0.2537
-0.29784 0.2537
-0.292 0.2537
-0.28616 0.2537
-0.28032 0.2537
-0.27448 0.2537
-0.26864 0.2537
-0.2628 0.2537
-0.25696 0.2537
-0.25112 0.2537
-0.24528 0.2537
-0.23944 0.2537
-0.2336 0.2537
-0.22776 0.2537
-0.22192 0.2537
-0.21608 0.2537
-0.21024 0.2537
-0.2044 0.2537
-0.19856 0.2537
-0.19272 0.2537
-0.18688 0.2537
-0.18104 0.2537
-0.1752 0.2537
-0.16936 0.2537
-0.16352 0.2537
-0.15768 0.2537
-0.15184 0.2537
-0.146 0.2537
-0.14016 0.2537
-0.13432 0.2537
-0.12848 0.2537
-0.12264 0.2537
-0.1168 0.2537
-0.11096 0.2537
-0.10512 0.2537
-0.09928 0.2537
-0.09344 0.2537
-0.0876 0.2537
-0.08176 0.2537
-0.07592 0.2537
-0.07008 0.2537
-0.06424 0.2537
-0.0584 0.2537
-0.05256 0.2537
-0.04672 0.2537
-0.04088 0.2537
-0.03504 0.2537
-0.0292 0.2537
-0.02336 0.2537
-0.01752 0.2537
-0.01168 0.2537
-0.00584 0.2537
