-2.92 0.206114
-2.91416 0.206114
-2.90832 0.206114
-2.90248 0.206114
-2.89664 0.206114
-2.8908 0.206114
-2.88496 0.206114
-2.87912 0.206114
-2.87328 0.206114
-2.86744 0.206114
-2.8616 0.206114
-2.85576 0.206114
-2.84992 0.206114
-2.84408 0.206114
-2.83824 0.206114
-2.8324 0.206114
-2.82656 0.206114
-2.82072 0.206114
-2.81488 0.206114
-2.80904 0.206114
-2.8032 0.206114
-2.79736 0.206114
-2.79152 0.206114
-2.78568 0.206114
-2.77984 0.206114
-2.774 0.206114
-2.76816 0.206114
-2.76232 0.206114
-2.75648 0.206114
-2.75064 0.206114
-2.7448 0.206114
-2.73896 0.206114
-2.73312 0.206114
-2.72728 0.206114
-2.72144 0.206114
-2.7156 0.206114
-2.70976 0.206114
-2.70392 0.206114
-2.69808 0.206114
-2.69224 0.206114
-2.6864 0.206114
-2.68056 0.206114
-2.67472 0.206114
-2.66888 0.206114
-2.66304 0.206114
-2.6572 0.206114
-2.65136 0.206114
-2.64552 0.206114
-2.63968 0.206114
-2.63384 0.206114
-2.628 0.206114
-2.62216 0.206114
-2.61632 0.206114
-2.61048 0.206114
-2.60464 0.206114
-2.5988 0.206114
-2.59296 0.205937
-2.58712 0.205539
-2.58128 0.205053
-2.57544 0.204477
-2.5696 0.203769
-2.56376 0.203061
-2.55792 0.202309
-2.55208 0.201513
-2.54624 0.200717
-2.5404 0.199922
-2.53456 0.199212
-2.52872 0.198415
-2.52288 0.197574
-2.51704 0.196644
-2.5112 0.195802
-2.50536 0.194917
-2.49952 0.194076
-2.49368 0.19319
-2.48784 0.192216
-2.482 0.191376
-2.47616 0.190314
-2.47032 0.189252
-2.46448 0.18819
-2.45864 0.187128
-2.4528 0.186022
-2.44696 0.184871
-2.44112 0.18372
-2.43528 0.182568
-2.42944 0.181459
-2.4236 0.180262
-2.41776 0.179064
-2.41192 0.177822
-2.40608 0.176581
-2.40024 0.175338
-2.3944 0.174094
-2.38856 0.172938
-2.38272 0.171694
-2.37688 0.170491
-2.37104 0.169202
-2.3652 0.167913
-2.35936 0.166624
-2.35352 0.16538
-2.34768 0.164135
-2.34184 0.162845
-2.336 0.161556
-2.33016 0.160222
-2.32432 0.158889
-2.31848 0.157599
-2.31264 0.15631
-2.3068 0.155064
-2.30096 0.153731
-2.29512 0.152484
-2.28928 0.151151
-2.28344 0.149861
-2.2776 0.148571
-2.27176 0.147324
-2.26592 0.146123
-2.26008 0.144789
-2.25424 0.143368
-2.2484 0.141902
-2.24256 0.140436
-2.23672 0.139014
-2.23088 0.137548
-2.22504 0.136127
-2.2192 0.13466
-2.21336 0.133238
-2.20752 0.131815
-2.20168 0.130348
-2.19584 0.128881
-2.19 0.12737
-2.18416 0.125859
-2.17832 0.124348
-2.17248 0.122881
-2.16664 0.121412
-2.1608 0.119945
-2.15496 0.118434
-2.14912 0.116966
-2.14328 0.115455
-2.13744 0.113943
-2.1316 0.112519
-2.12576 0.111053
-2.11992 0.109498
-2.11408 0.107944
-2.10824 0.106433
-2.1024 0.104878
-2.09656 0.103411
-2.09072 0.101856
-2.08488 0.10039
-2.07904 0.0988346
-2.0732 0.0973674
-2.06736 0.0958579
-2.06152 0.0944353
-2.05568 0.0930127
-2.04984 0.0915456
-2.044 0.0902122
-2.03816 0.088785
-2.03232 0.087191
-2.02648 0.085806
-2.02064 0.0842955
-2.0148 0.0827848
-2.00896 0.0813598
-2.00312 0.0798504
-1.99728 0.078211
-1.99144 0.0770451
-1.9856 0.07545
-1.97976 0.0745744
-1.97392 0.0737007
-1.96808 0.072825
-1.96224 0.072036
-1.9564 0.0709502
-1.95056 0.0709663
-1.94472 0.0699291
-1.93888 0.0699833
-1.93304 0.0693996
-1.9272 0.0678967
-1.92136 0.0676967
-1.91552 0.0665395
-1.90968 0.0669275
-1.90384 0.0666161
-1.898 0.0663379
-1.89216 0.0662242
-1.88632 0.0659882
-1.88048 0.0660969
-1.87464 0.0663272
-1.8688 0.0664324
-1.86296 0.0650165
-1.85712 0.0654249
-1.85128 0.0658206
-1.84544 0.0663964
-1.8396 0.0661712
-1.83376 0.0663695
-1.82792 0.0660664
-1.82208 0.067726
-1.81624 0.0668659
-1.8104 0.0676932
-1.80456 0.0678019
-1.79872 0.0658855
-1.79288 0.0683215
-1.78704 0.069203
-1.7812 0.0686294
-1.77536 0.0684507
-1.76952 0.0733654
-1.76368 0.070668
-1.75784 0.0706939
-1.752 0.0730424
-1.74616 0.0720667
-1.74032 0.0731024
-1.73448 0.0739551
-1.72864 0.0734331
-1.7228 0.0755092
-1.71696 0.0757136
-1.71112 0.0742799
-1.70528 0.0760025
-1.69944 0.0769649
-1.6936 0.0764686
-1.68776 0.078285
-1.68192 0.0806461
-1.67608 0.0782481
-1.67024 0.0805237
-1.6644 0.0794677
-1.65856 0.0812383
-1.65272 0.0816679
-1.64688 0.0803088
-1.64104 0.0802275
-1.6352 0.0828923
-1.62936 0.0796506
-1.62352 0.0820357
-1.61768 0.082134
-1.61184 0.0824261
-1.606 0.0852364
-1.60016 0.0870047
-1.59432 0.0861718
-1.58848 0.0897838
-1.58264 0.0911476
-1.5768 0.0912038
-1.57096 0.0929576
-1.56512 0.095896
-1.55928 0.0968304
-1.55344 0.0970648
-1.5476 0.0997556
-1.54176 0.10379
-1.53592 0.102515
-1.53008 0.104874
-1.52424 0.105293
-1.5184 0.106788
-1.51256 0.111084
-1.50672 0.110247
-1.50088 0.112687
-1.49504 0.117056
-1.4892 0.115001
-1.48336 0.115366
-1.47752 0.117697
-1.47168 0.120124
-1.46584 0.120484
-1.46 0.120949
-1.45416 0.124783
-1.44832 0.128029
-1.44248 0.128703
-1.43664 0.128784
-1.4308 0.131486
-1.42496 0.130486
-1.41912 0.132928
-1.41328 0.137869
-1.40744 0.138222
-1.4016 0.140258
-1.39576 0.140334
-1.38992 0.145044
-1.38408 0.148371
-1.37824 0.147028
-1.3724 0.150685
-1.36656 0.1509
-1.36072 0.151962
-1.35488 0.155314
-1.34904 0.15698
-1.3432 0.155975
-1.33736 0.15988
-1.33152 0.166885
-1.32568 0.165092
-1.31984 0.167734
-1.314 0.170089
-1.30816 0.16994
-1.30232 0.174157
-1.29648 0.173753
-1.29064 0.17605
-1.2848 0.178636
-1.27896 0.178864
-1.27312 0.179434
-1.26728 0.183465
-1.26144 0.183521
-1.2556 0.184644
-1.24976 0.186391
-1.24392 0.191513
-1.23808 0.189603
-1.23224 0.193578
-1.2264 0.191367
-1.22056 0.196142
-1.21472 0.197763
-1.20888 0.200384
-1.20304 0.202773
-1.1972 0.204584
-1.19136 0.203389
-1.18552 0.206742
-1.17968 0.207537
-1.17384 0.208871
-1.168 0.212864
-1.16216 0.215917
-1.15632 0.215697
-1.15048 0.219939
-1.14464 0.22034
-1.1388 0.22104
-1.13296 0.221614
-1.12712 0.224385
-1.12128 0.22523
-1.11544 0.22685
-1.1096 0.231097
-1.10376 0.233142
-1.09792 0.234023
-1.09208 0.234771
-1.08624 0.234044
-1.0804 0.236832
-1.07456 0.238965
-1.06872 0.239135
-1.06288 0.241268
-1.05704 0.245452
-1.0512 0.243044
-1.04536 0.241839
-1.03952 0.244273
-1.03368 0.246399
-1.02784 0.245969
-1.022 0.244344
-1.01616 0.247193
-1.01032 0.248521
-1.00448 0.248459
-0.99864 0.247003
-0.9928 0.247442
-0.98696 0.24654
-0.98112 0.24739
-0.97528 0.25045
-0.96944 0.249762
-0.9636 0.248842
-0.95776 0.249101
-0.95192 0.251107
-0.94608 0.253609
-0.94024 0.250755
-0.9344 0.251964
-0.92856 0.251038
-0.92272 0.251283
-0.91688 0.252214
-0.91104 0.252356
-0.9052 0.250252
-0.89936 0.252478
-0.89352 0.254261
-0.88768 0.254052
-0.88184 0.25462
-0.876 0.254997
-0.87016 0.254333
-0.86432 0.256485
-0.85848 0.254808
-0.85264 0.256122
-0.8468 0.256969
-0.84096 0.256141
-0.83512 0.256065
-0.82928 0.256959
-0.82344 0.256259
-0.8176 0.256762
-0.81176 0.257954
-0.80592 0.257071
-0.80008 0.257284
-0.79424 0.25814
-0.7884 0.258066
-0.78256 0.259289
-0.77672 0.259321
-0.77088 0.259542
-0.76504 0.259962
-0.7592 0.260041
-0.75336 0.260463
-0.74752 0.260251
-0.74168 0.259907
-0.73584 0.261508
-0.73 0.26197
-0.72416 0.262981
-0.71832 0.263608
-0.71248 0.263985
-0.70664 0.264529
-0.7008 0.264731
-0.69496 0.266201
-0.68912 0.266322
-0.68328 0.267331
-0.67744 0.26905
-0.6716 0.270098
-0.66576 0.270806
-0.65992 0.271806
-0.65408 0.271682
-0.64824 0.272809
-0.6424 0.274182
-0.63656 0.274673
-0.63072 0.274908
-0.62488 0.275309
-0.61904 0.276082
-0.6132 0.275554
-0.60736 0.275529
-0.60152 0.275878
-0.59568 0.275878
-0.58984 0.275878
-0.584 0.275878
-0.57816 0.275878
-0.57232 0.275878
-0.56648 0.275878
-0.56064 0.275878
-0.5548 0.275878
-0.54896 0.275878
-0.54312 0.275878
-0.53728 0.275878
-0.53144 0.275878
-0.5256 0.275878
-0.51976 0.275878
-0.51392 0.275878
-0.50808 0.275878
-0.50224 0.275878
-0.4964 0.275878
-0.49056 0.275878
-0.48472 0.275878
-0.47888 0.275878
-0.47304 0.275878
-0.4672 0.275878
-0.46136 0.275878
-0.45552 0.275878
-0.44968 0.275878
-0.44384 0.275878
-0.438 0.275878
-0.43216 0.275878
-0.42632 0.275878
-0.42048 0.275878
-0.41464 0.275878
-0.4088 0.275878
-0.40296 0.275878
-0.39712 0.275878
-0.39128 0.275878
-0.38544 0.275878
-0.3796 0.275878
-0.37376 0.275878
-0.36792 0.275878
-0.36208 0.275878
-0.35624 0.275878
-0.3504 0.275878
-0.34456 0.275878
-0.33872 0.275878
-0.33288 0.275878
-0.32704 0.275878
-0.3212 0.275878
-0.31536 0.275878
-0.30952 0.275878
-0.30368 0.275878
-0.29784 0.275878
-0.292 0.275878
-0.28616 0.275878
-0.28032 0.275878
-0.27448 0.275878
-0.26864 0.275878
-0.2628 0.275878
-0.25696 0.275878
-0.25112 0.275878
-0.24528 0.275878
-0.23944 0.275878
-0.2336 0.275878
-0.22776 0.275878
-0.22192 0.275878
-0.21608 0.275878
-0.21024 0.275878
-0.2044 0.275878
-0.19856 0.275878
-0.19272 0.275878
-0.18688 0.275878
-0.18104 0.275878
-0.1752 0.275878
-0.16936 0.275878
-0.16352 0.275878
-0.15768 0.275878
-0.15184 0.275878
-0.146 0.275878
-0.14016 0.275878
-0.13432 0.275878
-0.12848 0.275878
-0.12264 0.275878
-0.1168 0.275878
-0.11096 0.275878
-0.10512 0.275878
-0.09928 0.275878
-0.09344 0.275878
-0.0876 0.275878
-0.08176 0.275878
-0.07592 0.275878
-0.07008 0.275878
-0.06424 0.275878
-0.0584 0.275878
-0.05256 0.275878
-0.04672 0.275878
-0.04088 0.275878
-0.03504 0.275878
-0.0292 0.275878
-0.02336 0.275878
-0.01752 0.275878
-0.01168 0.275878
-0.00584 0.275878
