-2.92 0.17343
-2.91416 0.17343
-2.90832 0.17343
-2.90248 0.17343
-2.89664 0.17343
-2.8908 0.17343
-2.88496 0.17343
-2.87912 0.17343
-2.87328 0.17343
-2.86744 0.17343
-2.8616 0.17343
-2.85576 0.17343
-2.84992 0.17343
-2.84408 0.17343
-2.83824 0.17343
-2.8324 0.17343
-2.82656 0.17343
-2.82072 0.17343
-2.81488 0.17343
-2.80904 0.17343
-2.8032 0.17343
-2.79736 0.17343
-2.79152 0.17343
-2.78568 0.17343
-2.77984 0.17343
-2.774 0.17343
-2.76816 0.17343
-2.76232 0.17343
-2.75648 0.17343
-2.75064 0.17343
-2.7448 0.17343
-2.73896 0.17343
-2.73312 0.17343
-2.72728 0.17343
-2.72144 0.17343
-2.7156 0.17343
-2.70976 0.17343
-2.70392 0.17343
-2.69808 0.17343
-2.69224 0.17343
-2.6864 0.17343
-2.68056 0.17343
-2.67472 0.17343
-2.66888 0.17343
-2.66304 0.17343
-2.6572 0.17343
-2.65136 0.17343
-2.64552 0.17343
-2.63968 0.17343
-2.63384 0.17343
-2.628 0.17343
-2.62216 0.17343
-2.61632 0.17343
-2.61048 0.17343
-2.60464 0.17343
-2.5988 0.17343
-2.59296 0.173254
-2.58712 0.173034
-2.58128 0.172681
-2.57544 0.17224
-2.5696 0.171797
-2.56376 0.171221
-2.55792 0.170557
-2.55208 0.169849
-2.54624 0.169098
-2.5404 0.168303
-2.53456 0.16755
-2.52872 0.166797
-2.52288 0.16609
-2.51704 0.165338
-2.5112 0.164498
-2.50536 0.163703
-2.49952 0.16295
-2.49368 0.162153
-2.48784 0.161224
-2.482 0.160514
-2.47616 0.159584
-2.47032 0.158697
-2.46448 0.157723
-2.45864 0.15675
-2.4528 0.155776
-2.44696 0.154758
-2.44112 0.15374
-2.43528 0.152722
-2.42944 0.151748
-2.4236 0.15073
-2.41776 0.149712
-2.41192 0.148737
-2.40608 0.147719
-2.40024 0.146701
-2.3944 0.145683
-2.38856 0.144665
-2.38272 0.143647
-2.37688 0.142671
-2.37104 0.141608
-2.3652 0.140545
-2.35936 0.139483
-2.35352 0.138465
-2.34768 0.137446
-2.34184 0.136384
-2.336 0.135322
-2.33016 0.134217
-2.32432 0.133154
-2.31848 0.132091
-2.31264 0.130941
-2.3068 0.129835
-2.30096 0.128731
-2.29512 0.127581
-2.28928 0.126433
-2.28344 0.125283
-2.2776 0.124177
-2.27176 0.123074
-2.26592 0.121924
-2.26008 0.120819
-2.25424 0.119625
-2.2484 0.118388
-2.24256 0.117151
-2.23672 0.115914
-2.23088 0.114676
-2.22504 0.113439
-2.2192 0.112202
-2.21336 0.110966
-2.20752 0.109773
-2.20168 0.108536
-2.19584 0.107342
-2.19 0.106105
-2.18416 0.104868
-2.17832 0.103629
-2.17248 0.102391
-2.16664 0.101153
-2.1608 0.0999579
-2.15496 0.0987196
-2.14912 0.0974813
-2.14328 0.096243
-2.13744 0.0950492
-2.1316 0.0938109
-2.12576 0.0926171
-2.11992 0.0913788
-2.11408 0.0901861
-2.10824 0.0890354
-2.1024 0.0877971
-2.09656 0.0866026
-2.09072 0.0854513
-2.08488 0.0844294
-2.07904 0.0834902
-2.0732 0.0825086
-2.06736 0.0818674
-2.06152 0.0815657
-2.05568 0.081351
-2.04984 0.0802847
-2.044 0.0802843
-2.03816 0.0798523
-2.03232 0.0789135
-2.02648 0.0794152
-2.02064 0.0784318
-2.0148 0.0777455
-2.00896 0.0778654
-2.00312 0.0770519
-1.99728 0.0769175
-1.99144 0.0762776
-1.9856 0.0769508
-1.97976 0.0759242
-1.97392 0.0773221
-1.96808 0.07668
-1.96224 0.0756979
-1.9564 0.0746308
-1.95056 0.0760669
-1.94472 0.075936
-1.93888 0.0746247
-1.93304 0.0729957
-1.9272 0.0723532
-1.92136 0.0704632
-1.91552 0.0698029
-1.90968 0.0683912
-1.90384 0.0677361
-1.898 0.0658359
-1.89216 0.0643463
-1.88632 0.0613708
-1.88048 0.0601405
-1.87464 0.0582872
-1.8688 0.0557577
-1.86296 0.0540174
-1.85712 0.053252
-1.85128 0.0510015
-1.84544 0.0501946
-1.8396 0.0469502
-1.83376 0.0456133
-1.82792 0.0452318
-1.82208 0.0435789
-1.81624 0.0413213
-1.8104 0.0401397
-1.80456 0.03916
-1.79872 0.0366149
-1.79288 0.035662
-1.78704 0.0344066
-1.7812 0.031731
-1.77536 0.0309702
-1.76952 0.0303767
-1.76368 0.0287052
-1.75784 0.027493
-1.752 0.025767
-1.74616 0.0246469
-1.74032 0.023205
-1.73448 0.0219081
-1.72864 0.0207511
-1.7228 0.0196451
-1.71696 0.0175267
-1.71112 0.015923
-1.70528 0.0153706
-1.69944 0.014273
-1.6936 0.0126685
-1.68776 0.012075
-1.68192 0.011468
-1.67608 0.00974932
-1.67024 0.00998113
-1.6644 0.0109185
-1.65856 0.0102498
-1.65272 0.0107466
-1.64688 0.0125478
-1.64104 0.0132864
-1.6352 0.0139787
-1.62936 0.015052
-1.62352 0.0173931
-1.61768 0.0195466
-1.61184 0.0203875
-1.606 0.0223515
-1.60016 0.0235491
-1.59432 0.0235732
-1.58848 0.026699
-1.58264 0.0266847
-1.5768 0.0278724
-1.57096 0.0291128
-1.56512 0.0294316
-1.55928 0.0304607
-1.55344 0.031073
-1.5476 0.0342515
-1.54176 0.0359718
-1.53592 0.0363162
-1.53008 0.0383657
-1.52424 0.0372724
-1.5184 0.0399499
-1.51256 0.0410082
-1.50672 0.0426524
-1.50088 0.0435178
-1.49504 0.0468923
-1.4892 0.0488954
-1.48336 0.0506541
-1.47752 0.0529433
-1.47168 0.0532186
-1.46584 0.0555968
-1.46 0.0577813
-1.45416 0.0587133
-1.44832 0.0608809
-1.44248 0.062918
-1.43664 0.063668
-1.4308 0.0661918
-1.42496 0.0668379
-1.41912 0.0699234
-1.41328 0.073109
-1.40744 0.0731396
-1.4016 0.0760594
-1.39576 0.0775447
-1.38992 0.0797264
-1.38408 0.0792112
-1.37824 0.0809316
-1.3724 0.0823476
-1.36656 0.0846935
-1.36072 0.0851195
-1.35488 0.0876912
-1.34904 0.0903704
-1.3432 0.0909226
-1.33736 0.0946263
-1.33152 0.0959533
-1.32568 0.0987402
-1.31984 0.100019
-1.314 0.101783
-1.30816 0.105549
-1.30232 0.104658
-1.29648 0.106661
-1.29064 0.109094
-1.2848 0.110587
-1.27896 0.11596
-1.27312 0.118354
-1.26728 0.119985
-1.26144 0.121981
-1.2556 0.123782
-1.24976 0.12608
-1.24392 0.129
-1.23808 0.1295
-1.23224 0.132884
-1.2264 0.134979
-1.22056 0.135487
-1.21472 0.138734
-1.20888 0.140382
-1.20304 0.143583
-1.1972 0.144453
-1.19136 0.146027
-1.18552 0.150148
-1.17968 0.152027
-1.17384 0.15202
-1.168 0.15566
-1.16216 0.155838
-1.15632 0.156121
-1.15048 0.158833
-1.14464 0.159869
-1.1388 0.163157
-1.13296 0.165042
-1.12712 0.166365
-1.12128 0.16852
-1.11544 0.170825
-1.1096 0.174195
-1.10376 0.175747
-1.09792 0.177892
-1.09208 0.180449
-1.08624 0.179145
-1.0804 0.18213
-1.07456 0.183816
-1.06872 0.18576
-1.06288 0.186798
-1.05704 0.192049
-1.0512 0.194323
-1.04536 0.196222
-1.03952 0.19777
-1.03368 0.19948
-1.02784 0.201595
-1.022 0.203076
-1.01616 0.204696
-1.01032 0.207469
-1.00448 0.209224
-0.99864 0.210723
-0.9928 0.213368
-0.98696 0.213981
-0.98112 0.21703
-0.97528 0.219433
-0.96944 0.220081
-0.9636 0.222279
-0.95776 0.224645
-0.95192 0.226241
-0.94608 0.224971
-0.94024 0.22666
-0.9344 0.229217
-0.92856 0.230763
-0.92272 0.231793
-0.91688 0.233794
-0.91104 0.235817
-0.9052 0.236876
-0.89936 0.239612
-0.89352 0.24213
-0.88768 0.244427
-0.88184 0.245429
-0.876 0.245236
-0.87016 0.248969
-0.86432 0.247986
-0.85848 0.249146
-0.85264 0.250558
-0.8468 0.251162
-0.84096 0.255772
-0.83512 0.257184
-0.82928 0.258465
-0.82344 0.25936
-0.8176 0.26056
-0.81176 0.261076
-0.80592 0.261982
-0.80008 0.263101
-0.79424 0.2638
-0.7884 0.264351
-0.78256 0.265787
-0.77672 0.266552
-0.77088 0.267709
-0.76504 0.268485
-0.7592 0.269297
-0.75336 0.270527
-0.74752 0.271849
-0.74168 0.272534
-0.73584 0.273765
-0.73 0.27487
-0.72416 0.27344
-0.71832 0.274458
-0.71248 0.275517
-0.70664 0.27632
-0.7008 0.277637
-0.69496 0.27824
-0.68912 0.279197
-0.68328 0.28008
-0.67744 0.281003
-0.6716 0.282131
-0.66576 0.283479
-0.65992 0.284445
-0.65408 0.28553
-0.64824 0.284853
-0.6424 0.285765
-0.63656 0.286724
-0.63072 0.287547
-0.62488 0.288237
-0.61904 0.289766
-0.6132 0.289951
-0.60736 0.290258
-0.60152 0.290226
-0.59568 0.290226
-0.58984 0.290226
-0.584 0.290226
-0.57816 0.290226
-0.57232 0.290226
-0.56648 0.290226
-0.56064 0.290226
-0.5548 0.290226
-0.54896 0.290226
-0.54312 0.290226
-0.53728 0.290226
-0.53144 0.290226
-0.5256 0.290226
-0.51976 0.290226
-0.51392 0.290226
-0.50808 0.290226
-0.50224 0.290226
-0.4964 0.290226
-0.49056 0.290226
-0.48472 0.290226
-0.47888 0.290226
-0.47304 0.290226
-0.4672 0.290226
-0.46136 0.290226
-0.45552 0.290226
-0.44968 0.290226
-0.44384 0.290226
-0.438 0.290226
-0.43216 0.290226
-0.42632 0.290226
-0.42048 0.290226
-0.41464 0.290226
-0.4088 0.290226
-0.40296 0.290226
-0.39712 0.290226
-0.39128 0.290226
-0.38544 0.290226
-0.3796 0.290226
-0.37376 0.290226
-0.36792 0.290226
-0.36208 0.290226
-0.35624 0.290226
-0.3504 0.290226
-0.34456 0.290226
-0.33872 0.290226
-0.33288 0.290226
-0.32704 0.290226
-0.3212 0.290226
-0.31536 0.290226
-0.30952 0.290226
-0.30368 0.290226
-0.29784 0.290226
-0.292 0.290226
-0.28616 0.290226
-0.28032 0.290226
-0.27448 0.290226
-0.26864 0.290226
-0.2628 0.290226
-0.25696 0.290226
-0.25112 0.290226
-0.24528 0.290226
-0.23944 0.290226
-0.2336 0.290226
-0.22776 0.290226
-0.22192 0.290226
-0.21608 0.290226
-0.21024 0.290226
-0.2044 0.290226
-0.19856 0.290226
-0.19272 0.290226
-0.18688 0.290226
-0.18104 0.290226
-0.1752 0.290226
-0.16936 0.290226
-0.16352 0.290226
-0.15768 0.290226
-0.15184 0.290226
-0.146 0.290226
-0.14016 0.290226
-0.13432 0.290226
-0.12848 0.290226
-0.12264 0.290226
-0.1168 0.290226
-0.11096 0.290226
-0.10512 0.290226
-0.09928 0.290226
-0.09344 0.290226
-0.0876 0.290226
-0.08176 0.290226
-0.07592 0.290226
-0.07008 0.290226
-0.06424 0.290226
-0.0584 0.290226
-0.05256 0.290226
-0.04672 0.290226
-0.04088 0.290226
-0.03504 0.290226
-0.0292 0.290226
-0.02336 0.290226
-0.01752 0.290226
-0.01168 0.290226
-0.00584 0.290226
