-2.92 0.183975
-2.91416 0.183975
-2.90832 0.183975
-2.90248 0.183975
-2.89664 0.183975
-2.8908 0.183975
-2.88496 0.183975
-2.87912 0.183975
-2.87328 0.183975
-2.86744 0.183975
-2.8616 0.183975
-2.85576 0.183975
-2.84992 0.183975
-2.84408 0.183975
-2.83824 0.183975
-2.8324 0.183975
-2.82656 0.183975
-2.82072 0.183975
-2.81488 0.183975
-2.80904 0.183975
-2.8032 0.183975
-2.79736 0.183975
-2.79152 0.183975
-2.78568 0.183975
-2.77984 0.183975
-2.774 0.183975
-2.76816 0.183975
-2.76232 0.183975
-2.75648 0.183975
-2.75064 0.183975
-2.7448 0.183975
-2.73896 0.183975
-2.73312 0.183975
-2.72728 0.183975
-2.72144 0.183975
-2.7156 0.183975
-2.70976 0.183975
-2.70392 0.183975
-2.69808 0.183975
-2.69224 0.183975
-2.6864 0.183975
-2.68056 0.183975
-2.67472 0.183975
-2.66888 0.183975
-2.66304 0.183975
-2.6572 0.183975
-2.65136 0.183975
-2.64552 0.183975
-2.63968 0.183975
-2.63384 0.183975
-2.628 0.183975
-2.62216 0.183975
-2.61632 0.183975
-2.61048 0.183975
-2.60464 0.183975
-2.5988 0.183975
-2.59296 0.183755
-2.58712 0.183491
-2.58128 0.183181
-2.57544 0.182784
-2.5696 0.182343
-2.56376 0.1819
-2.55792 0.181415
-2.55208 0.180842
-2.54624 0.180225
-2.5404 0.179564
-2.53456 0.17899
-2.52872 0.178285
-2.52288 0.177535
-2.51704 0.176741
-2.5112 0.175903
-2.50536 0.175109
-2.49952 0.174316
-2.49368 0.173479
-2.48784 0.172686
-2.482 0.171982
-2.47616 0.171101
-2.47032 0.170219
-2.46448 0.169292
-2.45864 0.168322
-2.4528 0.167351
-2.44696 0.166381
-2.44112 0.165366
-2.43528 0.164351
-2.42944 0.163381
-2.4236 0.162323
-2.41776 0.161308
-2.41192 0.160249
-2.40608 0.15919
-2.40024 0.158087
-2.3944 0.156984
-2.38856 0.155881
-2.38272 0.154778
-2.37688 0.153719
-2.37104 0.152572
-2.3652 0.151424
-2.35936 0.150277
-2.35352 0.149218
-2.34768 0.148115
-2.34184 0.14701
-2.336 0.145862
-2.33016 0.14467
-2.32432 0.143523
-2.31848 0.142375
-2.31264 0.141227
-2.3068 0.140035
-2.30096 0.138801
-2.29512 0.13761
-2.28928 0.136417
-2.28344 0.135181
-2.2776 0.133902
-2.27176 0.132623
-2.26592 0.131432
-2.26008 0.130242
-2.25424 0.128918
-2.2484 0.127595
-2.24256 0.126272
-2.23672 0.124992
-2.23088 0.123669
-2.22504 0.122389
-2.2192 0.121022
-2.21336 0.1197
-2.20752 0.118333
-2.20168 0.116966
-2.19584 0.115686
-2.19 0.114319
-2.18416 0.112952
-2.17832 0.111542
-2.17248 0.110132
-2.16664 0.108721
-2.1608 0.107354
-2.15496 0.105944
-2.14912 0.104534
-2.14328 0.103167
-2.13744 0.101801
-2.1316 0.100435
-2.12576 0.0991128
-2.11992 0.0977459
-2.11408 0.096379
-2.10824 0.0950132
-2.1024 0.0936486
-2.09656 0.0923262
-2.09072 0.0909594
-2.08488 0.0897642
-2.07904 0.0887781
-2.0732 0.0876245
-2.06736 0.086894
-2.06152 0.0863344
-2.05568 0.0855627
-2.04984 0.0843699
-2.044 0.0844945
-2.03816 0.0834238
-2.03232 0.0826078
-2.02648 0.0820898
-2.02064 0.0812324
-2.0148 0.0813055
-2.00896 0.0806626
-2.00312 0.0799698
-1.99728 0.0794564
-1.99144 0.0783032
-1.9856 0.0793561
-1.97976 0.0779916
-1.97392 0.0778573
-1.96808 0.0777641
-1.96224 0.0780545
-1.9564 0.0781304
-1.95056 0.0771037
-1.94472 0.0762041
-1.93888 0.075352
-1.93304 0.0747476
-1.9272 0.0733827
-1.92136 0.0725699
-1.91552 0.0706532
-1.90968 0.0691196
-1.90384 0.0676221
-1.898 0.0657511
-1.89216 0.0649851
-1.88632 0.0627307
-1.88048 0.0612437
-1.87464 0.0597545
-1.8688 0.0576689
-1.86296 0.0555449
-1.85712 0.0555898
-1.85128 0.0521462
-1.84544 0.0507882
-1.8396 0.0480691
-1.83376 0.0472179
-1.82792 0.0449325
-1.82208 0.044384
-1.81624 0.0431112
-1.8104 0.0411972
-1.80456 0.0396684
-1.79872 0.038102
-1.79288 0.0361067
-1.78704 0.0352155
-1.7812 0.0336494
-1.77536 0.0314001
-1.76952 0.0305125
-1.76368 0.0288165
-1.75784 0.027635
-1.752 0.0252581
-1.74616 0.0252644
-1.74032 0.0234011
-1.73448 0.0224307
-1.72864 0.0206094
-1.7228 0.0197173
-1.71696 0.0187598
-1.71112 0.0165633
-1.70528 0.0164436
-1.69944 0.0145905
-1.6936 0.0140493
-1.68776 0.0128725
-1.68192 0.0125027
-1.67608 0.010863
-1.67024 0.0108729
-1.6644 0.0114754
-1.65856 0.0117468
-1.65272 0.0130305
-1.64688 0.0137647
-1.64104 0.014335
-1.6352 0.0164695
-1.62936 0.0167901
-1.62352 0.0196506
-1.61768 0.0212847
-1.61184 0.0224178
-1.606 0.0232155
-1.60016 0.0252893
-1.59432 0.0257602
-1.58848 0.0269921
-1.58264 0.0289911
-1.5768 0.0280697
-1.57096 0.0273612
-1.56512 0.0289384
-1.55928 0.0301038
-1.55344 0.0306302
-1.5476 0.0328437
-1.54176 0.034646
-1.53592 0.0350448
-1.53008 0.0366896
-1.52424 0.0354558
-1.5184 0.0375916
-1.51256 0.0377945
-1.50672 0.0384518
-1.50088 0.0402989
-1.49504 0.0432914
-1.4892 0.0454779
-1.48336 0.0460686
-1.47752 0.0477529
-1.47168 0.0504134
-1.46584 0.0506997
-1.46 0.0518409
-1.45416 0.0547994
-1.44832 0.0549277
-1.44248 0.0571632
-1.43664 0.0587764
-1.4308 0.059664
-1.42496 0.0608803
-1.41912 0.0637566
-1.41328 0.0666029
-1.40744 0.0665209
-1.4016 0.0691012
-1.39576 0.0717352
-1.38992 0.0732531
-1.38408 0.0712839
-1.37824 0.0737872
-1.3724 0.0746397
-1.36656 0.0755763
-1.36072 0.0791835
-1.35488 0.079565
-1.34904 0.0825309
-1.3432 0.0851211
-1.33736 0.0851715
-1.33152 0.0898781
-1.32568 0.0922073
-1.31984 0.0922159
-1.314 0.091405
-1.30816 0.0968787
-1.30232 0.096521
-1.29648 0.0988499
-1.29064 0.100011
-1.2848 0.10217
-1.27896 0.106578
-1.27312 0.107041
-1.26728 0.10977
-1.26144 0.11025
-1.2556 0.111585
-1.24976 0.115229
-1.24392 0.117262
-1.23808 0.118806
-1.23224 0.121095
-1.2264 0.121826
-1.22056 0.12467
-1.21472 0.126246
-1.20888 0.1288
-1.20304 0.130633
-1.1972 0.132463
-1.19136 0.1318
-1.18552 0.135828
-1.17968 0.138369
-1.17384 0.138899
-1.168 0.139416
-1.16216 0.140245
-1.15632 0.142127
-1.15048 0.142543
-1.14464 0.146205
-1.1388 0.146684
-1.13296 0.147697
-1.12712 0.15033
-1.12128 0.152298
-1.11544 0.154376
-1.1096 0.157686
-1.10376 0.161006
-1.09792 0.161394
-1.09208 0.163628
-1.08624 0.162042
-1.0804 0.165738
-1.07456 0.166133
-1.06872 0.168097
-1.06288 0.169574
-1.05704 0.173606
-1.0512 0.176372
-1.04536 0.177266
-1.03952 0.178961
-1.03368 0.18147
-1.02784 0.182833
-1.022 0.183692
-1.01616 0.18632
-1.01032 0.186506
-1.00448 0.188756
-0.99864 0.190294
-0.9928 0.191235
-0.98696 0.192292
-0.98112 0.195643
-0.97528 0.19706
-0.96944 0.19792
-0.9636 0.200843
-0.95776 0.202639
-0.95192 0.203447
-0.94608 0.201439
-0.94024 0.203652
-0.9344 0.205146
-0.92856 0.205028
-0.92272 0.207833
-0.91688 0.208815
-0.91104 0.211232
-0.9052 0.213908
-0.89936 0.213497
-0.89352 0.217276
-0.88768 0.219858
-0.88184 0.22012
-0.876 0.219139
-0.87016 0.22274
-0.86432 0.222639
-0.85848 0.223785
-0.85264 0.224472
-0.8468 0.225958
-0.84096 0.229084
-0.83512 0.230397
-0.82928 0.23066
-0.82344 0.231805
-0.8176 0.232575
-0.81176 0.233468
-0.80592 0.234147
-0.80008 0.235631
-0.79424 0.235801
-0.7884 0.23648
-0.78256 0.238474
-0.77672 0.238893
-0.77088 0.239234
-0.76504 0.240929
-0.7592 0.241142
-0.75336 0.241265
-0.74752 0.24287
-0.74168 0.244093
-0.73584 0.243419
-0.73 0.244471
-0.72416 0.243924
-0.71832 0.244635
-0.71248 0.245345
-0.70664 0.245973
-0.7008 0.246637
-0.69496 0.24747
-0.68912 0.248097
-0.68328 0.248676
-0.67744 0.249549
-0.6716 0.250207
-0.66576 0.251117
-0.65992 0.251767
-0.65408 0.252439
-0.64824 0.251835
-0.6424 0.252483
-0.63656 0.253179
-0.63072 0.253654
-0.62488 0.254087
-0.61904 0.255273
-0.6132 0.255491
-0.60736 0.255539
-0.60152 0.255291
-0.59568 0.255291
-0.58984 0.255291
-0.584 0.255291
-0.57816 0.255291
-0.57232 0.255291
-0.56648 0.255291
-0.56064 0.255291
-0.5548 0.255291
-0.54896 0.255291
-0.54312 0.255291
-0.53728 0.255291
-0.53144 0.255291
-0.5256 0.255291
-0.51976 0.255291
-0.51392 0.255291
-0.50808 0.255291
-0.50224 0.255291
-0.4964 0.255291
-0.49056 0.255291
-0.48472 0.255291
-0.47888 0.255291
-0.47304 0.255291
-0.4672 0.255291
-0.46136 0.255291
-0.45552 0.255291
-0.44968 0.255291
-0.44384 0.255291
-0.438 0.255291
-0.43216 0.255291
-0.42632 0.255291
-0.42048 0.255291
-0.41464 0.255291
-0.4088 0.255291
-0.40296 0.255291
-0.39712 0.255291
-0.39128 0.255291
-0.38544 0.255291
-0.3796 0.255291
-0.37376 0.255291
-0.36792 0.255291
-0.36208 0.255291
-0.35624 0.255291
-0.3504 0.255291
-0.34456 0.255291
-0.33872 0.255291
-0.33288 0.255291
-0.32704 0.255291
-0.3212 0.255291
-0.31536 0.255291
-0.30952 0.255291
-0.30368 0.255291
-0.29784 0.255291
-0.292 0.255291
-0.28616 0.255291
-0.28032 0.255291
-0.27448 0.255291
-0.26864 0.255291
-0.2628 0.255291
-0.25696 0.255291
-0.25112 0.255291
-0.24528 0.255291
-0.23944 0.255291
-0.2336 0.255291
-0.22776 0.255291
-0.22192 0.255291
-0.21608 0.255291
-0.21024 0.255291
-0.2044 0.255291
-0.19856 0.255291
-0.19272 0.255291
-0.18688 0.255291
-0.18104 0.255291
-0.1752 0.255291
-0.16936 0.255291
-0.16352 0.255291
-0.15768 0.255291
-0.15184 0.255291
-0.146 0.255291
-0.14016 0.255291
-0.13432 0.255291
-0.12848 0.255291
-0.12264 0.255291
-0.1168 0.255291
-0.11096 0.255291
-0.10512 0.255291
-0.09928 0.255291
-0.09344 0.255291
-0.0876 0.255291
-0.08176 0.255291
-0.07592 0.255291
-0.07008 0.255291
-0.06424 0.255291
-0.0584 0.255291
-0.05256 0.255291
-0.04672 0.255291
-0.04088 0.255291
-0.03504 0.255291
-0.0292 0.255291
-0.02336 0.255291
-0.01752 0.255291
-0.01168 0.255291
-0.00584 0.255291
