-2.92 0.270446
-2.91416 0.270446
-2.90832 0.270446
-2.90248 0.270446
-2.89664 0.270446
-2.8908 0.270446
-2.88496 0.270446
-2.87912 0.270446
-2.87328 0.270446
-2.86744 0.270446
-2.8616 0.270446
-2.85576 0.270446
-2.84992 0.270446
-2.84408 0.270446
-2.83824 0.270446
-2.8324 0.270446
-2.82656 0.270446
-2.82072 0.270446
-2.81488 0.270446
-2.80904 0.270446
-2.8032 0.270446
-2.79736 0.270446
-2.79152 0.270446
-2.78568 0.270446
-2.77984 0.270446
-2.774 0.270446
-2.76816 0.270446
-2.76232 0.270446
-2.75648 0.270446
-2.75064 0.270446
-2.7448 0.270446
-2.73896 0.270446
-2.73312 0.270446
-2.72728 0.270446
-2.72144 0.270446
-2.7156 0.270446
-2.70976 0.270446
-2.70392 0.270446
-2.69808 0.270446
-2.69224 0.270446
-2.6864 0.270446
-2.68056 0.270446
-2.67472 0.270446
-2.66888 0.270446
-2.66304 0.270446
-2.6572 0.270446
-2.65136 0.270446
-2.64552 0.270446
-2.63968 0.270446
-2.63384 0.270446
-2.628 0.270446
-2.62216 0.270446
-2.61632 0.270446
-2.61048 0.270446
-2.60464 0.270446
-2.5988 0.270446
-2.59296 0.270225
-2.58712 0.269916
-2.58128 0.269516
-2.57544 0.269072
-2.5696 0.268496
-2.56376 0.267832
-2.55792 0.267079
-2.55208 0.266283
-2.54624 0.265442
-2.5404 0.264602
-2.53456 0.263761
-2.52872 0.262832
-2.52288 0.261903
-2.51704 0.260886
-2.5112 0.259869
-2.50536 0.258764
-2.49952 0.257614
-2.49368 0.256465
-2.48784 0.255273
-2.482 0.254211
-2.47616 0.252884
-2.47032 0.251512
-2.46448 0.250097
-2.45864 0.248638
-2.4528 0.247178
-2.44696 0.245675
-2.44112 0.244172
-2.43528 0.242668
-2.42944 0.241207
-2.4236 0.239615
-2.41776 0.238066
-2.41192 0.236472
-2.40608 0.234835
-2.40024 0.233197
-2.3944 0.231471
-2.38856 0.229745
-2.38272 0.227975
-2.37688 0.226249
-2.37104 0.224434
-2.3652 0.222663
-2.35936 0.220848
-2.35352 0.219034
-2.34768 0.217217
-2.34184 0.2154
-2.336 0.213583
-2.33016 0.211723
-2.32432 0.209906
-2.31848 0.208047
-2.31264 0.206186
-2.3068 0.204414
-2.30096 0.202598
-2.29512 0.200784
-2.28928 0.198924
-2.28344 0.197065
-2.2776 0.195249
-2.27176 0.193478
-2.26592 0.19162
-2.26008 0.189936
-2.25424 0.188033
-2.2484 0.186085
-2.24256 0.184182
-2.23672 0.182236
-2.23088 0.180245
-2.22504 0.178298
-2.2192 0.176307
-2.21336 0.174359
-2.20752 0.172368
-2.20168 0.170377
-2.19584 0.168474
-2.19 0.166483
-2.18416 0.164536
-2.17832 0.16259
-2.17248 0.160643
-2.16664 0.158652
-2.1608 0.156705
-2.15496 0.154759
-2.14912 0.152812
-2.14328 0.150908
-2.13744 0.148917
-2.1316 0.147014
-2.12576 0.145109
-2.11992 0.143163
-2.11408 0.141215
-2.10824 0.139268
-2.1024 0.137321
-2.09656 0.135418
-2.09072 0.133471
-2.08488 0.131612
-2.07904 0.129665
-2.0732 0.127764
-2.06736 0.125817
-2.06152 0.123871
-2.05568 0.122012
-2.04984 0.120111
-2.044 0.118341
-2.03816 0.116437
-2.03232 0.114448
-2.02648 0.112501
-2.02064 0.110597
-2.0148 0.108565
-2.00896 0.106746
-2.00312 0.104754
-1.99728 0.102724
-1.99144 0.100734
-1.9856 0.0989554
-1.97976 0.0975962
-1.97392 0.0960287
-1.96808 0.0943799
-1.96224 0.0934442
-1.9564 0.0918776
-1.95056 0.0906937
-1.94472 0.0899278
-1.93888 0.0887843
-1.93304 0.0873015
-1.9272 0.086966
-1.92136 0.0855693
-1.91552 0.0842634
-1.90968 0.0837116
-1.90384 0.0819369
-1.898 0.0820252
-1.89216 0.0815944
-1.88632 0.0805401
-1.88048 0.0798761
-1.87464 0.0788615
-1.8688 0.0779665
-1.86296 0.0792844
-1.85712 0.0775066
-1.85128 0.0760758
-1.84544 0.0778807
-1.8396 0.0761264
-1.83376 0.0770169
-1.82792 0.076667
-1.82208 0.0756336
-1.81624 0.0756085
-1.8104 0.0747086
-1.80456 0.0743763
-1.79872 0.0744181
-1.79288 0.0744924
-1.78704 0.0737986
-1.7812 0.0750342
-1.77536 0.0748892
-1.76952 0.0727623
-1.76368 0.0740329
-1.75784 0.0750452
-1.752 0.0742886
-1.74616 0.0746803
-1.74032 0.0742028
-1.73448 0.0745081
-1.72864 0.0760976
-1.7228 0.0761718
-1.71696 0.0745453
-1.71112 0.0750241
-1.70528 0.0779455
-1.69944 0.0790655
-1.6936 0.0770013
-1.68776 0.0771751
-1.68192 0.0790522
-1.67608 0.0778132
-1.67024 0.076155
-1.6644 0.0773441
-1.65856 0.0801774
-1.65272 0.0795398
-1.64688 0.0801692
-1.64104 0.0799085
-1.6352 0.081915
-1.62936 0.0804267
-1.62352 0.0794119
-1.61768 0.0801554
-1.61184 0.0814934
-1.606 0.0844722
-1.60016 0.0861503
-1.59432 0.0872507
-1.58848 0.0876396
-1.58264 0.0896177
-1.5768 0.0898942
-1.57096 0.0901795
-1.56512 0.0925627
-1.55928 0.0936873
-1.55344 0.0979098
-1.5476 0.096398
-1.54176 0.102163
-1.53592 0.10228
-1.53008 0.102317
-1.52424 0.103852
-1.5184 0.105523
-1.51256 0.107682
-1.50672 0.110085
-1.50088 0.108861
-1.49504 0.110937
-1.4892 0.11547
-1.48336 0.116577
-1.47752 0.115136
-1.47168 0.118358
-1.46584 0.120064
-1.46 0.121141
-1.45416 0.122155
-1.44832 0.123187
-1.44248 0.125818
-1.43664 0.128374
-1.4308 0.12907
-1.42496 0.135392
-1.41912 0.131935
-1.41328 0.134307
-1.40744 0.138476
-1.4016 0.140092
-1.39576 0.143455
-1.38992 0.145349
-1.38408 0.148084
-1.37824 0.149087
-1.3724 0.149949
-1.36656 0.152224
-1.36072 0.15289
-1.35488 0.154955
-1.34904 0.156602
-1.3432 0.159132
-1.33736 0.160289
-1.33152 0.161198
-1.32568 0.164537
-1.31984 0.166855
-1.314 0.167534
-1.30816 0.169073
-1.30232 0.170327
-1.29648 0.173886
-1.29064 0.175579
-1.2848 0.178616
-1.27896 0.178335
-1.27312 0.177981
-1.26728 0.184631
-1.26144 0.185281
-1.2556 0.183688
-1.24976 0.18542
-1.24392 0.188842
-1.23808 0.19056
-1.23224 0.190048
-1.2264 0.193946
-1.22056 0.19687
-1.21472 0.197405
-1.20888 0.199724
-1.20304 0.200436
-1.1972 0.205267
-1.19136 0.205763
-1.18552 0.206179
-1.17968 0.207574
-1.17384 0.2111
-1.168 0.213743
-1.16216 0.216427
-1.15632 0.217687
-1.15048 0.218973
-1.14464 0.220958
-1.1388 0.221702
-1.13296 0.220753
-1.12712 0.223447
-1.12128 0.223982
-1.11544 0.229449
-1.1096 0.227099
-1.10376 0.232606
-1.09792 0.233096
-1.09208 0.232596
-1.08624 0.234103
-1.0804 0.235484
-1.07456 0.237657
-1.06872 0.23953
-1.06288 0.238038
-1.05704 0.240494
-1.0512 0.243838
-1.04536 0.243745
-1.03952 0.241
-1.03368 0.244381
-1.02784 0.245581
-1.022 0.243708
-1.01616 0.245141
-1.01032 0.245032
-1.00448 0.24424
-0.99864 0.245386
-0.9928 0.246007
-0.98696 0.248757
-0.98112 0.246688
-0.97528 0.247308
-0.96944 0.248569
-0.9636 0.248227
-0.95776 0.250721
-0.95192 0.250063
-0.94608 0.250864
-0.94024 0.249805
-0.9344 0.251511
-0.92856 0.250644
-0.92272 0.249433
-0.91688 0.252096
-0.91104 0.251429
-0.9052 0.252036
-0.89936 0.250984
-0.89352 0.252578
-0.88768 0.254113
-0.88184 0.253879
-0.876 0.253656
-0.87016 0.253251
-0.86432 0.254658
-0.85848 0.255677
-0.85264 0.256238
-0.8468 0.255498
-0.84096 0.256542
-0.83512 0.255341
-0.82928 0.256576
-0.82344 0.256649
-0.8176 0.255923
-0.81176 0.256579
-0.80592 0.257895
-0.80008 0.257135
-0.79424 0.25681
-0.7884 0.257179
-0.78256 0.258757
-0.77672 0.259229
-0.77088 0.260031
-0.76504 0.259914
-0.7592 0.261346
-0.75336 0.261469
-0.74752 0.261776
-0.74168 0.262156
-0.73584 0.263247
-0.73 0.263209
-0.72416 0.265064
-0.71832 0.26485
-0.71248 0.265945
-0.70664 0.266534
-0.7008 0.267369
-0.69496 0.268252
-0.68912 0.268628
-0.68328 0.269217
-0.67744 0.271275
-0.6716 0.272488
-0.66576 0.273622
-0.65992 0.274284
-0.65408 0.274328
-0.64824 0.274955
-0.6424 0.276916
-0.63656 0.277281
-0.63072 0.27718
-0.62488 0.277579
-0.61904 0.277931
-0.6132 0.278199
-0.60736 0.277877
-0.60152 0.278266
-0.59568 0.278266
-0.58984 0.278266
-0.584 0.278266
-0.57816 0.278266
-0.57232 0.278266
-0.56648 0.278266
-0.56064 0.278266
-0.5548 0.278266
-0.54896 0.278266
-0.54312 0.278266
-0.53728 0.278266
-0.53144 0.278266
-0.5256 0.278266
-0.51976 0.278266
-0.51392 0.278266
-0.50808 0.278266
-0.50224 0.278266
-0.4964 0.278266
-0.49056 0.278266
-0.48472 0.278266
-0.47888 0.278266
-0.47304 0.278266
-0.4672 0.278266
-0.46136 0.278266
-0.45552 0.278266
-0.44968 0.278266
-0.44384 0.278266
-0.438 0.278266
-0.43216 0.278266
-0.42632 0.278266
-0.42048 0.278266
-0.41464 0.278266
-0.4088 0.278266
-0.40296 0.278266
-0.39712 0.278266
-0.39128 0.278266
-0.38544 0.278266
-0.3796 0.278266
-0.37376 0.278266
-0.36792 0.278266
-0.36208 0.278266
-0.35624 0.278266
-0.3504 0.278266
-0.34456 0.278266
-0.33872 0.278266
-0.33288 0.278266
-0.32704 0.278266
-0.3212 0.278266
-0.31536 0.278266
-0.30952 0.278266
-0.30368 0.278266
-0.29784 0.278266
-0.292 0.278266
-0.28616 0.278266
-0.28032 0.278266
-0.27448 0.278266
-0.26864 0.278266
-0.2628 0.278266
-0.25696 0.278266
-0.25112 0.278266
-0.24528 0.278266
-0.23944 0.278266
-0.2336 0.278266
-0.22776 0.278266
-0.22192 0.278266
-0.21608 0.278266
-0.21024 0.278266
-0.2044 0.278266
-0.19856 0.278266
-0.19272 0.278266
-0.18688 0.278266
-0.18104 0.278266
-0.1752 0.278266
-0.16936 0.278266
-0.16352 0.278266
-0.15768 0.278266
-0.15184 0.278266
-0.146 0.278266
-0.14016 0.278266
-0.13432 0.278266
-0.12848 0.278266
-0.12264 0.278266
-0.1168 0.278266
-0.11096 0.278266
-0.10512 0.278266
-0.09928 0.278266
-0.09344 0.278266
-0.0876 0.278266
-0.08176 0.278266
-0.07592 0.278266
-0.07008 0.278266
-0.06424 0.278266
-0.0584 0.278266
-0.05256 0.278266
-0.04672 0.278266
-0.04088 0.278266
-0.03504 0.278266
-0.0292 0.278266
-0.02336 0.278266
-0.01752 0.278266
-0.01168 0.278266
-0.00584 0.278266
