-2.92 0.188913
-2.91416 0.188913
-2.90832 0.188913
-2.90248 0.188913
-2.89664 0.188913
-2.8908 0.188913
-2.88496 0.188913
-2.87912 0.188913
-2.87328 0.188913
-2.86744 0.188913
-2.8616 0.188913
-2.85576 0.188913
-2.84992 0.188913
-2.84408 0.188913
-2.83824 0.188913
-2.8324 0.188913
-2.82656 0.188913
-2.82072 0.188913
-2.81488 0.188913
-2.80904 0.188913
-2.8032 0.188913
-2.79736 0.188913
-2.79152 0.188913
-2.78568 0.188913
-2.77984 0.188913
-2.774 0.188913
-2.76816 0.188913
-2.76232 0.188913
-2.75648 0.188913
-2.75064 0.188913
-2.7448 0.188913
-2.73896 0.188913
-2.73312 0.188913
-2.72728 0.188913
-2.72144 0.188913
-2.7156 0.188913
-2.70976 0.188913
-2.70392 0.188913
-2.69808 0.188913
-2.69224 0.188913
-2.6864 0.188913
-2.68056 0.188913
-2.67472 0.188913
-2.66888 0.188913
-2.66304 0.188913
-2.6572 0.188913
-2.65136 0.188913
-2.64552 0.188913
-2.63968 0.188913
-2.63384 0.188913
-2.628 0.188913
-2.62216 0.188913
-2.61632 0.188913
-2.61048 0.188913
-2.60464 0.188913
-2.5988 0.188913
-2.59296 0.188736
-2.58712 0.188472
-2.58128 0.188164
-2.57544 0.187813
-2.5696 0.187373
-2.56376 0.186934
-2.55792 0.186451
-2.55208 0.185924
-2.54624 0.185397
-2.5404 0.184825
-2.53456 0.184297
-2.52872 0.183724
-2.52288 0.183019
-2.51704 0.182313
-2.5112 0.181652
-2.50536 0.180858
-2.49952 0.179978
-2.49368 0.179183
-2.48784 0.178258
-2.482 0.177509
-2.47616 0.176539
-2.47032 0.175569
-2.46448 0.174599
-2.45864 0.173628
-2.4528 0.172657
-2.44696 0.171685
-2.44112 0.17067
-2.43528 0.169654
-2.42944 0.168682
-2.4236 0.167622
-2.41776 0.166563
-2.41192 0.165504
-2.40608 0.164444
-2.40024 0.163384
-2.3944 0.162324
-2.38856 0.161352
-2.38272 0.160292
-2.37688 0.159277
-2.37104 0.15813
-2.3652 0.157071
-2.35936 0.155968
-2.35352 0.154864
-2.34768 0.153674
-2.34184 0.152483
-2.336 0.15125
-2.33016 0.149972
-2.32432 0.148738
-2.31848 0.147504
-2.31264 0.146226
-2.3068 0.144991
-2.30096 0.14367
-2.29512 0.14248
-2.28928 0.141246
-2.28344 0.139924
-2.2776 0.138645
-2.27176 0.137366
-2.26592 0.136043
-2.26008 0.134854
-2.25424 0.133488
-2.2484 0.132121
-2.24256 0.13071
-2.23672 0.129343
-2.23088 0.127932
-2.22504 0.126479
-2.2192 0.125025
-2.21336 0.123614
-2.20752 0.122204
-2.20168 0.12075
-2.19584 0.119297
-2.19 0.117842
-2.18416 0.116388
-2.17832 0.114934
-2.17248 0.113524
-2.16664 0.112113
-2.1608 0.11066
-2.15496 0.109249
-2.14912 0.107838
-2.14328 0.106472
-2.13744 0.105061
-2.1316 0.103651
-2.12576 0.102285
-2.11992 0.100875
-2.11408 0.0994654
-2.10824 0.0981003
-2.1024 0.096646
-2.09656 0.0952362
-2.09072 0.0938689
-2.08488 0.0924146
-2.07904 0.0909602
-2.0732 0.0896375
-2.06736 0.0882712
-2.06152 0.0868169
-2.05568 0.0854495
-2.04984 0.0840387
-2.044 0.0828476
-2.03816 0.0813509
-2.03232 0.079939
-2.02648 0.0784847
-2.02064 0.0770728
-2.0148 0.0756194
-2.00896 0.0742511
-2.00312 0.0728403
-1.99728 0.0712152
-1.99144 0.0699348
-1.9856 0.0686512
-1.97976 0.0670251
-1.97392 0.0657427
-1.96808 0.0643754
-1.96224 0.0635175
-1.9564 0.0625312
-1.95056 0.0614631
-1.94472 0.0607285
-1.93888 0.0599628
-1.93304 0.0596104
-1.9272 0.0595241
-1.92136 0.0588393
-1.91552 0.058579
-1.90968 0.0580248
-1.90384 0.0581013
-1.898 0.0576301
-1.89216 0.0579188
-1.88632 0.0560951
-1.88048 0.0577056
-1.87464 0.0559161
-1.8688 0.0576123
-1.86296 0.0568852
-1.85712 0.0560775
-1.85128 0.0581167
-1.84544 0.057941
-1.8396 0.0580757
-1.83376 0.0573922
-1.82792 0.0579889
-1.82208 0.0580007
-1.81624 0.058466
-1.8104 0.0590676
-1.80456 0.0588078
-1.79872 0.0596138
-1.79288 0.0595331
-1.78704 0.060047
-1.7812 0.0612789
-1.77536 0.0618423
-1.76952 0.0605644
-1.76368 0.0618769
-1.75784 0.062991
-1.752 0.0630438
-1.74616 0.0638079
-1.74032 0.064578
-1.73448 0.0657331
-1.72864 0.0661236
-1.7228 0.0674136
-1.71696 0.0683486
-1.71112 0.0681081
-1.70528 0.0676879
-1.69944 0.070598
-1.6936 0.0723003
-1.68776 0.0715416
-1.68192 0.0749121
-1.67608 0.0763332
-1.67024 0.0755353
-1.6644 0.0755237
-1.65856 0.0759188
-1.65272 0.0780692
-1.64688 0.0764964
-1.64104 0.0765894
-1.6352 0.0802774
-1.62936 0.0800165
-1.62352 0.0797355
-1.61768 0.0801889
-1.61184 0.081252
-1.606 0.0821369
-1.60016 0.0843853
-1.59432 0.0846342
-1.58848 0.086942
-1.58264 0.0868756
-1.5768 0.0879872
-1.57096 0.0905931
-1.56512 0.0934879
-1.55928 0.0925609
-1.55344 0.0912713
-1.5476 0.0930899
-1.54176 0.0961934
-1.53592 0.0972342
-1.53008 0.0978917
-1.52424 0.100545
-1.5184 0.102265
-1.51256 0.103252
-1.50672 0.102887
-1.50088 0.107723
-1.49504 0.106174
-1.4892 0.110371
-1.48336 0.111224
-1.47752 0.112963
-1.47168 0.112987
-1.46584 0.114206
-1.46 0.11445
-1.45416 0.116844
-1.44832 0.115316
-1.44248 0.118478
-1.43664 0.11793
-1.4308 0.121968
-1.42496 0.123197
-1.41912 0.12386
-1.41328 0.125713
-1.40744 0.125526
-1.4016 0.128462
-1.39576 0.126627
-1.38992 0.129708
-1.38408 0.132171
-1.37824 0.134026
-1.3724 0.135004
-1.36656 0.136474
-1.36072 0.138664
-1.35488 0.141125
-1.34904 0.139292
-1.3432 0.143028
-1.33736 0.143064
-1.33152 0.14284
-1.32568 0.146057
-1.31984 0.148565
-1.314 0.149155
-1.30816 0.15022
-1.30232 0.151691
-1.29648 0.154154
-1.29064 0.156774
-1.2848 0.158261
-1.27896 0.160881
-1.27312 0.158722
-1.26728 0.159523
-1.26144 0.162999
-1.2556 0.162749
-1.24976 0.163838
-1.24392 0.167347
-1.23808 0.168471
-1.23224 0.168071
-1.2264 0.167988
-1.22056 0.170066
-1.21472 0.17269
-1.20888 0.170967
-1.20304 0.171132
-1.1972 0.175287
-1.19136 0.176387
-1.18552 0.175573
-1.17968 0.178107
-1.17384 0.177768
-1.168 0.179079
-1.16216 0.181419
-1.15632 0.181494
-1.15048 0.18289
-1.14464 0.184251
-1.1388 0.184883
-1.13296 0.188374
-1.12712 0.18972
-1.12128 0.188989
-1.11544 0.187681
-1.1096 0.189514
-1.10376 0.191796
-1.09792 0.192209
-1.09208 0.192443
-1.08624 0.193286
-1.0804 0.196134
-1.07456 0.195736
-1.06872 0.197003
-1.06288 0.199476
-1.05704 0.197059
-1.0512 0.199865
-1.04536 0.200186
-1.03952 0.200834
-1.03368 0.200534
-1.02784 0.201253
-1.022 0.200571
-1.01616 0.201831
-1.01032 0.198777
-1.00448 0.199792
-0.99864 0.197516
-0.9928 0.199441
-0.98696 0.199188
-0.98112 0.197646
-0.97528 0.197906
-0.96944 0.197851
-0.9636 0.198072
-0.95776 0.195307
-0.95192 0.19683
-0.94608 0.196995
-0.94024 0.196699
-0.9344 0.197109
-0.92856 0.197398
-0.92272 0.196969
-0.91688 0.197936
-0.91104 0.195516
-0.9052 0.197034
-0.89936 0.194779
-0.89352 0.195323
-0.88768 0.195609
-0.88184 0.195643
-0.876 0.194592
-0.87016 0.1948
-0.86432 0.194944
-0.85848 0.194313
-0.85264 0.195358
-0.8468 0.19433
-0.84096 0.194835
-0.83512 0.194238
-0.82928 0.193808
-0.82344 0.194402
-0.8176 0.194474
-0.81176 0.193063
-0.80592 0.194446
-0.80008 0.191517
-0.79424 0.192265
-0.7884 0.192122
-0.78256 0.191095
-0.77672 0.191842
-0.77088 0.190958
-0.76504 0.191185
-0.7592 0.190913
-0.75336 0.191025
-0.74752 0.190294
-0.74168 0.190659
-0.73584 0.191281
-0.73 0.190972
-0.72416 0.190954
-0.71832 0.191147
-0.71248 0.191427
-0.70664 0.192087
-0.7008 0.192577
-0.69496 0.193278
-0.68912 0.193647
-0.68328 0.19418
-0.67744 0.194965
-0.6716 0.196006
-0.66576 0.196708
-0.65992 0.197069
-0.65408 0.196818
-0.64824 0.197393
-0.6424 0.198002
-0.63656 0.198821
-0.63072 0.199049
-0.62488 0.199356
-0.61904 0.19865
-0.6132 0.198574
-0.60736 0.198538
-0.60152 0.198798
-0.59568 0.198798
-0.58984 0.198798
-0.584 0.198798
-0.57816 0.198798
-0.57232 0.198798
-0.56648 0.198798
-0.56064 0.198798
-0.5548 0.198798
-0.54896 0.198798
-0.54312 0.198798
-0.53728 0.198798
-0.53144 0.198798
-0.5256 0.198798
-0.51976 0.198798
-0.51392 0.198798
-0.50808 0.198798
-0.50224 0.198798
-0.4964 0.198798
-0.49056 0.198798
-0.48472 0.198798
-0.47888 0.198798
-0.47304 0.198798
-0.4672 0.198798
-0.46136 0.198798
-0.45552 0.198798
-0.44968 0.198798
-0.44384 0.198798
-0.438 0.198798
-0.43216 0.198798
-0.42632 0.198798
-0.42048 0.198798
-0.41464 0.198798
-0.4088 0.198798
-0.40296 0.198798
-0.39712 0.198798
-0.39128 0.198798
-0.38544 0.198798
-0.3796 0.198798
-0.37376 0.198798
-0.36792 0.198798
-0.36208 0.198798
-0.35624 0.198798
-0.3504 0.198798
-0.34456 0.198798
-0.33872 0.198798
-0.33288 0.198798
-0.32704 0.198798
-0.3212 0.198798
-0.31536 0.198798
-0.30952 0.198798
-0.30368 0.198798
-0.29784 0.198798
-0.292 0.198798
-0.28616 0.198798
-0.28032 0.198798
-0.27448 0.198798
-0.26864 0.198798
-0.2628 0.198798
-0.25696 0.198798
-0.25112 0.198798
-0.24528 0.198798
-0.23944 0.198798
-0.2336 0.198798
-0.22776 0.198798
-0.22192 0.198798
-0.21608 0.198798
-0.21024 0.198798
-0.2044 0.198798
-0.19856 0.198798
-0.19272 0.198798
-0.18688 0.198798
-0.18104 0.198798
-0.1752 0.198798
-0.16936 0.198798
-0.16352 0.198798
-0.15768 0.198798
-0.15184 0.198798
-0.146 0.198798
-0.14016 0.198798
-0.13432 0.198798
-0.12848 0.198798
-0.12264 0.198798
-0.1168 0.198798
-0.11096 0.198798
-0.10512 0.198798
-0.09928 0.198798
-0.09344 0.198798
-0.0876 0.198798
-0.08176 0.198798
-0.07592 0.198798
-0.07008 0.198798
-0.06424 0.198798
-0.0584 0.198798
-0.05256 0.198798
-0.04672 0.198798
-0.04088 0.198798
-0.03504 0.198798
-0.0292 0.198798
-0.02336 0.198798
-0.01752 0.198798
-0.01168 0.198798
-0.00584 0.198798
