-2.92 0.162259
-2.91416 0.162259
-2.90832 0.162259
-2.90248 0.162259
-2.89664 0.162259
-2.8908 0.162259
-2.88496 0.162259
-2.87912 0.162259
-2.87328 0.162259
-2.86744 0.162259
-2.8616 0.162259
-2.85576 0.162259
-2.84992 0.162259
-2.84408 0.162259
-2.83824 0.162259
-2.8324 0.162259
-2.82656 0.162259
-2.82072 0.162259
-2.81488 0.162259
-2.80904 0.162259
-2.8032 0.162259
-2.79736 0.162259
-2.79152 0.162259
-2.78568 0.162259
-2.77984 0.162259
-2.774 0.162259
-2.76816 0.162259
-2.76232 0.162259
-2.75648 0.162259
-2.75064 0.162259
-2.7448 0.162259
-2.73896 0.162259
-2.73312 0.162259
-2.72728 0.162259
-2.72144 0.162259
-2.7156 0.162259
-2.70976 0.162259
-2.70392 0.162259
-2.69808 0.162259
-2.69224 0.162259
-2.6864 0.162259
-2.68056 0.162259
-2.67472 0.162259
-2.66888 0.162259
-2.66304 0.162259
-2.6572 0.162259
-2.65136 0.162259
-2.64552 0.162259
-2.63968 0.162259
-2.63384 0.162259
-2.628 0.162259
-2.62216 0.162259
-2.61632 0.162259
-2.61048 0.162259
-2.60464 0.162259
-2.5988 0.162259
-2.59296 0.162213
-2.58712 0.162078
-2.58128 0.161899
-2.57544 0.161678
-2.5696 0.161368
-2.56376 0.161014
-2.55792 0.160661
-2.55208 0.160263
-2.54624 0.159822
-2.5404 0.159424
-2.53456 0.15894
-2.52872 0.158412
-2.52288 0.15784
-2.51704 0.157268
-2.5112 0.15674
-2.50536 0.15608
-2.49952 0.15542
-2.49368 0.154715
-2.48784 0.154012
-2.482 0.153311
-2.47616 0.152563
-2.47032 0.151727
-2.46448 0.150804
-2.45864 0.149837
-2.4528 0.148871
-2.44696 0.147948
-2.44112 0.146982
-2.43528 0.146016
-2.42944 0.14505
-2.4236 0.144083
-2.41776 0.14316
-2.41192 0.142192
-2.40608 0.141226
-2.40024 0.140215
-2.3944 0.139204
-2.38856 0.138194
-2.38272 0.137097
-2.37688 0.136044
-2.37104 0.134946
-2.3652 0.133892
-2.35936 0.132794
-2.35352 0.131741
-2.34768 0.130686
-2.34184 0.129589
-2.336 0.128491
-2.33016 0.127437
-2.32432 0.126382
-2.31848 0.125285
-2.31264 0.124231
-2.3068 0.123134
-2.30096 0.122079
-2.29512 0.121113
-2.28928 0.120102
-2.28344 0.119003
-2.2776 0.117991
-2.27176 0.116892
-2.26592 0.115795
-2.26008 0.114742
-2.25424 0.113644
-2.2484 0.112501
-2.24256 0.111402
-2.23672 0.11026
-2.23088 0.109118
-2.22504 0.107976
-2.2192 0.106791
-2.21336 0.105605
-2.20752 0.104418
-2.20168 0.103231
-2.19584 0.102087
-2.19 0.1009
-2.18416 0.0997146
-2.17832 0.0984842
-2.17248 0.0972538
-2.16664 0.0960679
-2.1608 0.0948821
-2.15496 0.0936517
-2.14912 0.0924213
-2.14328 0.0912794
-2.13744 0.090049
-2.1316 0.0889065
-2.12576 0.0877196
-2.11992 0.0864892
-2.11408 0.0853023
-2.10824 0.0841153
-2.1024 0.0829284
-2.09656 0.0817426
-2.09072 0.0805122
-2.08488 0.0794939
-2.07904 0.0786039
-2.0732 0.078014
-2.06736 0.0774644
-2.06152 0.0764472
-2.05568 0.0766191
-2.04984 0.0758577
-2.044 0.0753106
-2.03816 0.0750149
-2.03232 0.0746769
-2.02648 0.0740418
-2.02064 0.0741272
-2.0148 0.0736186
-2.00896 0.0733645
-2.00312 0.0733249
-1.99728 0.0726042
-1.99144 0.073454
-1.9856 0.0727768
-1.97976 0.0725655
-1.97392 0.0738856
-1.96808 0.0730832
-1.96224 0.0734263
-1.9564 0.0733872
-1.95056 0.0724585
-1.94472 0.0722932
-1.93888 0.0724269
-1.93304 0.072047
-1.9272 0.0705666
-1.92136 0.0681953
-1.91552 0.0674776
-1.90968 0.0667631
-1.90384 0.0649426
-1.898 0.0623552
-1.89216 0.0597729
-1.88632 0.0601217
-1.88048 0.0589808
-1.87464 0.0558901
-1.8688 0.0549631
-1.86296 0.052633
-1.85712 0.0509025
-1.85128 0.0490019
-1.84544 0.0475226
-1.8396 0.0454925
-1.83376 0.0443509
-1.82792 0.0421517
-1.82208 0.040807
-1.81624 0.0382662
-1.8104 0.0366587
-1.80456 0.0346281
-1.79872 0.0336105
-1.79288 0.0320506
-1.78704 0.03053
-1.7812 0.0287962
-1.77536 0.0277009
-1.76952 0.026226
-1.76368 0.0250472
-1.75784 0.0229353
-1.752 0.0218813
-1.74616 0.0200274
-1.74032 0.0187654
-1.73448 0.017331
-1.72864 0.0160252
-1.7228 0.0142559
-1.71696 0.0136697
-1.71112 0.0121572
-1.70528 0.0111551
-1.69944 0.00964443
-1.6936 0.00881152
-1.68776 0.00789652
-1.68192 0.00710793
-1.67608 0.0063639
-1.67024 0.00608629
-1.6644 0.00619246
-1.65856 0.00727338
-1.65272 0.0081811
-1.64688 0.00922005
-1.64104 0.0107289
-1.6352 0.0113096
-1.62936 0.01413
-1.62352 0.0160626
-1.61768 0.0184235
-1.61184 0.0185025
-1.606 0.0204048
-1.60016 0.0225186
-1.59432 0.0230744
-1.58848 0.0249431
-1.58264 0.0247882
-1.5768 0.0256896
-1.57096 0.027315
-1.56512 0.0283926
-1.55928 0.0278588
-1.55344 0.027877
-1.5476 0.0311102
-1.54176 0.0323983
-1.53592 0.034537
-1.53008 0.0356751
-1.52424 0.0341939
-1.5184 0.0361645
-1.51256 0.0371995
-1.50672 0.0384108
-1.50088 0.0397938
-1.49504 0.0428604
-1.4892 0.043737
-1.48336 0.0464808
-1.47752 0.0476629
-1.47168 0.0495573
-1.46584 0.0493412
-1.46 0.05166
-1.45416 0.0542006
-1.44832 0.0547075
-1.44248 0.0560607
-1.43664 0.0575355
-1.4308 0.0595652
-1.42496 0.061717
-1.41912 0.0629034
-1.41328 0.0657391
-1.40744 0.0679855
-1.4016 0.0682263
-1.39576 0.068573
-1.38992 0.0712824
-1.38408 0.0700633
-1.37824 0.0720569
-1.3724 0.0735783
-1.36656 0.0739721
-1.36072 0.075492
-1.35488 0.0785411
-1.34904 0.0801086
-1.3432 0.0803241
-1.33736 0.0836727
-1.33152 0.0842319
-1.32568 0.0889238
-1.31984 0.0906241
-1.314 0.0891378
-1.30816 0.09344
-1.30232 0.0920766
-1.29648 0.0938127
-1.29064 0.0957678
-1.2848 0.0974627
-1.27896 0.102481
-1.27312 0.10245
-1.26728 0.104529
-1.26144 0.106692
-1.2556 0.108846
-1.24976 0.109624
-1.24392 0.112279
-1.23808 0.113188
-1.23224 0.113787
-1.2264 0.114635
-1.22056 0.11843
-1.21472 0.120005
-1.20888 0.121317
-1.20304 0.123657
-1.1972 0.123359
-1.19136 0.12646
-1.18552 0.128953
-1.17968 0.130681
-1.17384 0.130618
-1.168 0.132266
-1.16216 0.132411
-1.15632 0.133216
-1.15048 0.134955
-1.14464 0.135213
-1.1388 0.137175
-1.13296 0.139423
-1.12712 0.141758
-1.12128 0.141678
-1.11544 0.143201
-1.1096 0.146935
-1.10376 0.148079
-1.09792 0.150842
-1.09208 0.153159
-1.08624 0.150731
-1.0804 0.153152
-1.07456 0.154334
-1.06872 0.155779
-1.06288 0.157398
-1.05704 0.16183
-1.0512 0.162899
-1.04536 0.165606
-1.03952 0.167093
-1.03368 0.168701
-1.02784 0.168789
-1.022 0.170399
-1.01616 0.173247
-1.01032 0.17338
-1.00448 0.174864
-0.99864 0.175875
-0.9928 0.178042
-0.98696 0.179184
-0.98112 0.18062
-0.97528 0.183421
-0.96944 0.185031
-0.9636 0.185619
-0.95776 0.185376
-0.95192 0.188003
-0.94608 0.185738
-0.94024 0.187685
-0.9344 0.189044
-0.92856 0.189981
-0.92272 0.190704
-0.91688 0.193582
-0.91104 0.195059
-0.9052 0.194603
-0.89936 0.197401
-0.89352 0.198124
-0.88768 0.202484
-0.88184 0.203078
-0.876 0.202562
-0.87016 0.205219
-0.86432 0.204151
-0.85848 0.204784
-0.85264 0.206153
-0.8468 0.206916
-0.84096 0.211342
-0.83512 0.211139
-0.82928 0.211646
-0.82344 0.212962
-0.8176 0.213638
-0.81176 0.21474
-0.80592 0.215076
-0.80008 0.216306
-0.79424 0.216136
-0.7884 0.216053
-0.78256 0.218415
-0.77672 0.218545
-0.77088 0.218623
-0.76504 0.220529
-0.7592 0.22036
-0.75336 0.221035
-0.74752 0.222091
-0.74168 0.223015
-0.73584 0.223394
-0.73 0.224747
-0.72416 0.223521
-0.71832 0.223897
-0.71248 0.225037
-0.70664 0.225196
-0.7008 0.225858
-0.69496 0.226734
-0.68912 0.227184
-0.68328 0.228141
-0.67744 0.228882
-0.6716 0.229711
-0.66576 0.230791
-0.65992 0.231531
-0.65408 0.232286
-0.64824 0.231728
-0.6424 0.232466
-0.63656 0.233201
-0.63072 0.233846
-0.62488 0.234449
-0.61904 0.235726
-0.6132 0.236287
-0.60736 0.236339
-0.60152 0.236303
-0.59568 0.236303
-0.58984 0.236303
-0.584 0.236303
-0.57816 0.236303
-0.57232 0.236303
-0.56648 0.236303
-0.56064 0.236303
-0.5548 0.236303
-0.54896 0.236303
-0.54312 0.236303
-0.53728 0.236303
-0.53144 0.236303
-0.5256 0.236303
-0.51976 0.236303
-0.51392 0.236303
-0.50808 0.236303
-0.50224 0.236303
-0.4964 0.236303
-0.49056 0.236303
-0.48472 0.236303
-0.47888 0.236303
-0.47304 0.236303
-0.4672 0.236303
-0.46136 0.236303
-0.45552 0.236303
-0.44968 0.236303
-0.44384 0.236303
-0.438 0.236303
-0.43216 0.236303
-0.42632 0.236303
-0.42048 0.236303
-0.41464 0.236303
-0.4088 0.236303
-0.40296 0.236303
-0.39712 0.236303
-0.39128 0.236303
-0.38544 0.236303
-0.3796 0.236303
-0.37376 0.236303
-0.36792 0.236303
-0.36208 0.236303
-0.35624 0.236303
-0.3504 0.236303
-0.34456 0.236303
-0.33872 0.236303
-0.33288 0.236303
-0.32704 0.236303
-0.3212 0.236303
-0.31536 0.236303
-0.30952 0.236303
-0.30368 0.236303
-0.29784 0.236303
-0.292 0.236303
-0.28616 0.236303
-0.28032 0.236303
-0.27448 0.236303
-0.26864 0.236303
-0.2628 0.236303
-0.25696 0.236303
-0.25112 0.236303
-0.24528 0.236303
-0.23944 0.236303
-0.2336 0.236303
-0.22776 0.236303
-0.22192 0.236303
-0.21608 0.236303
-0.21024 0.236303
-0.2044 0.236303
-0.19856 0.236303
-0.19272 0.236303
-0.18688 0.236303
-0.18104 0.236303
-0.1752 0.236303
-0.16936 0.236303
-0.16352 0.236303
-0.15768 0.236303
-0.15184 0.236303
-0.146 0.236303
-0.14016 0.236303
-0.13432 0.236303
-0.12848 0.236303
-0.12264 0.236303
-0.1168 0.236303
-0.11096 0.236303
-0.10512 0.236303
-0.09928 0.236303
-0.09344 0.236303
-0.0876 0.236303
-0.08176 0.236303
-0.07592 0.236303
-0.07008 0.236303
-0.06424 0.236303
-0.0584 0.236303
-0.05256 0.236303
-0.04672 0.236303
-0.04088 0.236303
-0.03504 0.236303
-0.0292 0.236303
-0.02336 0.236303
-0.01752 0.236303
-0.01168 0.236303
-0.00584 0.236303
