-2.92 0.213174
-2.91416 0.213174
-2.90832 0.213174
-2.90248 0.213174
-2.89664 0.213174
-2.8908 0.213174
-2.88496 0.213174
-2.87912 0.213174
-2.87328 0.213174
-2.86744 0.213174
-2.8616 0.213174
-2.85576 0.213174
-2.84992 0.213174
-2.84408 0.213174
-2.83824 0.213174
-2.8324 0.213174
-2.82656 0.213174
-2.82072 0.213174
-2.81488 0.213174
-2.80904 0.213174
-2.8032 0.213174
-2.79736 0.213174
-2.79152 0.213174
-2.78568 0.213174
-2.77984 0.213174
-2.774 0.213174
-2.76816 0.213174
-2.76232 0.213174
-2.75648 0.213174
-2.75064 0.213174
-2.7448 0.213174
-2.73896 0.213174
-2.73312 0.213174
-2.72728 0.213174
-2.72144 0.213174
-2.7156 0.213174
-2.70976 0.213174
-2.70392 0.213174
-2.69808 0.213174
-2.69224 0.213174
-2.6864 0.213174
-2.68056 0.213174
-2.67472 0.213174
-2.66888 0.213174
-2.66304 0.213174
-2.6572 0.213174
-2.65136 0.213174
-2.64552 0.213174
-2.63968 0.213174
-2.63384 0.213174
-2.628 0.213174
-2.62216 0.213174
-2.61632 0.213174
-2.61048 0.213174
-2.60464 0.213174
-2.5988 0.213174
-2.59296 0.213041
-2.58712 0.212819
-2.58128 0.212509
-2.57544 0.212109
-2.5696 0.211621
-2.56376 0.211089
-2.55792 0.21047
-2.55208 0.209852
-2.54624 0.209233
-2.5404 0.208615
-2.53456 0.207996
-2.52872 0.207377
-2.52288 0.20667
-2.51704 0.20592
-2.5112 0.205214
-2.50536 0.204377
-2.49952 0.203541
-2.49368 0.202661
-2.48784 0.201693
-2.482 0.200815
-2.47616 0.199803
-2.47032 0.198792
-2.46448 0.19778
-2.45864 0.196723
-2.4528 0.195667
-2.44696 0.19461
-2.44112 0.193467
-2.43528 0.192323
-2.42944 0.191222
-2.4236 0.190035
-2.41776 0.188848
-2.41192 0.187573
-2.40608 0.186298
-2.40024 0.18498
-2.3944 0.183661
-2.38856 0.182387
-2.38272 0.181025
-2.37688 0.17975
-2.37104 0.178432
-2.3652 0.177069
-2.35936 0.175662
-2.35352 0.174257
-2.34768 0.172807
-2.34184 0.171358
-2.336 0.169909
-2.33016 0.168372
-2.32432 0.166836
-2.31848 0.165299
-2.31264 0.163763
-2.3068 0.162313
-2.30096 0.16082
-2.29512 0.159415
-2.28928 0.157923
-2.28344 0.156431
-2.2776 0.155028
-2.27176 0.153579
-2.26592 0.152087
-2.26008 0.150727
-2.25424 0.14919
-2.2484 0.147653
-2.24256 0.14616
-2.23672 0.144667
-2.23088 0.143131
-2.22504 0.141682
-2.2192 0.140102
-2.21336 0.138565
-2.20752 0.137029
-2.20168 0.135449
-2.19584 0.133913
-2.19 0.13229
-2.18416 0.13071
-2.17832 0.129086
-2.17248 0.127463
-2.16664 0.125883
-2.1608 0.124303
-2.15496 0.122723
-2.14912 0.121143
-2.14328 0.119606
-2.13744 0.118027
-2.1316 0.116404
-2.12576 0.114824
-2.11992 0.113244
-2.11408 0.111665
-2.10824 0.110042
-2.1024 0.108418
-2.09656 0.106795
-2.09072 0.105215
-2.08488 0.103677
-2.07904 0.102055
-2.0732 0.100775
-2.06736 0.0991536
-2.06152 0.0976617
-2.05568 0.096086
-2.04984 0.0946344
-2.044 0.0932294
-2.03816 0.0917353
-2.03232 0.0898997
-2.02648 0.0887016
-2.02064 0.0873358
-2.0148 0.0854567
-2.00896 0.0842594
-2.00312 0.0826383
-1.99728 0.0811857
-1.99144 0.0797368
-1.9856 0.0781542
-1.97976 0.0772537
-1.97392 0.0761848
-1.96808 0.0754909
-1.96224 0.0742893
-1.9564 0.0743189
-1.95056 0.0725925
-1.94472 0.0717147
-1.93888 0.0723183
-1.93304 0.0712798
-1.9272 0.0711471
-1.92136 0.0695089
-1.91552 0.0688949
-1.90968 0.0672997
-1.90384 0.0675601
-1.898 0.0665812
-1.89216 0.0654463
-1.88632 0.0656649
-1.88048 0.0648895
-1.87464 0.0648964
-1.8688 0.0653196
-1.86296 0.0633779
-1.85712 0.0640326
-1.85128 0.0645482
-1.84544 0.062595
-1.8396 0.063595
-1.83376 0.0633378
-1.82792 0.0627487
-1.82208 0.062848
-1.81624 0.0634576
-1.8104 0.0626561
-1.80456 0.0621287
-1.79872 0.0633724
-1.79288 0.0638655
-1.78704 0.0616967
-1.7812 0.0620912
-1.77536 0.0611145
-1.76952 0.0635384
-1.76368 0.0626244
-1.75784 0.0617808
-1.752 0.064072
-1.74616 0.0623117
-1.74032 0.0628549
-1.73448 0.0633982
-1.72864 0.0621441
-1.7228 0.065977
-1.71696 0.0636114
-1.71112 0.0651483
-1.70528 0.0655008
-1.69944 0.0663316
-1.6936 0.0677062
-1.68776 0.0672272
-1.68192 0.0669673
-1.67608 0.0669015
-1.67024 0.0664604
-1.6644 0.0686331
-1.65856 0.0674445
-1.65272 0.067565
-1.64688 0.0686663
-1.64104 0.0706542
-1.6352 0.0708898
-1.62936 0.069451
-1.62352 0.0720138
-1.61768 0.0719592
-1.61184 0.0733669
-1.606 0.0735214
-1.60016 0.0772125
-1.59432 0.0770655
-1.58848 0.0805716
-1.58264 0.080206
-1.5768 0.0804738
-1.57096 0.0856978
-1.56512 0.0843657
-1.55928 0.0874034
-1.55344 0.0890033
-1.5476 0.0906731
-1.54176 0.0924435
-1.53592 0.092813
-1.53008 0.0913541
-1.52424 0.0967799
-1.5184 0.0997548
-1.51256 0.101041
-1.50672 0.100477
-1.50088 0.101864
-1.49504 0.105888
-1.4892 0.107784
-1.48336 0.106268
-1.47752 0.108799
-1.47168 0.112139
-1.46584 0.110034
-1.46 0.112824
-1.45416 0.116158
-1.44832 0.119997
-1.44248 0.119973
-1.43664 0.119109
-1.4308 0.122871
-1.42496 0.123994
-1.41912 0.125373
-1.41328 0.127992
-1.40744 0.131258
-1.4016 0.134393
-1.39576 0.134012
-1.38992 0.133408
-1.38408 0.138928
-1.37824 0.141505
-1.3724 0.141213
-1.36656 0.144604
-1.36072 0.147319
-1.35488 0.150281
-1.34904 0.146574
-1.3432 0.151744
-1.33736 0.151199
-1.33152 0.154118
-1.32568 0.155962
-1.31984 0.15694
-1.314 0.160241
-1.30816 0.157758
-1.30232 0.161153
-1.29648 0.162816
-1.29064 0.162818
-1.2848 0.16747
-1.27896 0.167586
-1.27312 0.171204
-1.26728 0.172898
-1.26144 0.172552
-1.2556 0.173017
-1.24976 0.176772
-1.24392 0.177076
-1.23808 0.177534
-1.23224 0.179996
-1.2264 0.182408
-1.22056 0.181065
-1.21472 0.183656
-1.20888 0.185939
-1.20304 0.188523
-1.1972 0.190053
-1.19136 0.189302
-1.18552 0.193232
-1.17968 0.193728
-1.17384 0.196317
-1.168 0.196147
-1.16216 0.198851
-1.15632 0.201956
-1.15048 0.203595
-1.14464 0.20462
-1.1388 0.206076
-1.13296 0.207627
-1.12712 0.207287
-1.12128 0.209636
-1.11544 0.212433
-1.1096 0.213807
-1.10376 0.214934
-1.09792 0.216646
-1.09208 0.213216
-1.08624 0.218176
-1.0804 0.221157
-1.07456 0.221909
-1.06872 0.221795
-1.06288 0.221102
-1.05704 0.225672
-1.0512 0.225819
-1.04536 0.223741
-1.03952 0.225866
-1.03368 0.227361
-1.02784 0.224539
-1.022 0.226384
-1.01616 0.227184
-1.01032 0.228252
-1.00448 0.227676
-0.99864 0.226976
-0.9928 0.228178
-0.98696 0.227033
-0.98112 0.228467
-0.97528 0.228753
-0.96944 0.230064
-0.9636 0.232353
-0.95776 0.230481
-0.95192 0.228681
-0.94608 0.232532
-0.94024 0.232582
-0.9344 0.23188
-0.92856 0.232745
-0.92272 0.233604
-0.91688 0.234635
-0.91104 0.231774
-0.9052 0.234981
-0.89936 0.234383
-0.89352 0.235653
-0.88768 0.236058
-0.88184 0.236773
-0.876 0.236567
-0.87016 0.234887
-0.86432 0.235943
-0.85848 0.237124
-0.85264 0.238048
-0.8468 0.238642
-0.84096 0.238917
-0.83512 0.240961
-0.82928 0.241112
-0.82344 0.239264
-0.8176 0.239808
-0.81176 0.240333
-0.80592 0.240038
-0.80008 0.240959
-0.79424 0.241774
-0.7884 0.243068
-0.78256 0.24246
-0.77672 0.243422
-0.77088 0.243939
-0.76504 0.243764
-0.7592 0.244921
-0.75336 0.246229
-0.74752 0.246443
-0.74168 0.246784
-0.73584 0.247357
-0.73 0.248546
-0.72416 0.248925
-0.71832 0.249939
-0.71248 0.250243
-0.70664 0.251326
-0.7008 0.251302
-0.69496 0.252447
-0.68912 0.25288
-0.68328 0.254033
-0.67744 0.256148
-0.6716 0.257423
-0.66576 0.258065
-0.65992 0.25931
-0.65408 0.259071
-0.64824 0.260272
-0.6424 0.26098
-0.63656 0.261799
-0.63072 0.262339
-0.62488 0.263077
-0.61904 0.263518
-0.6132 0.263665
-0.60736 0.263346
-0.60152 0.26378
-0.59568 0.26378
-0.58984 0.26378
-0.584 0.26378
-0.57816 0.26378
-0.57232 0.26378
-0.56648 0.26378
-0.56064 0.26378
-0.5548 0.26378
-0.54896 0.26378
-0.54312 0.26378
-0.53728 0.26378
-0.53144 0.26378
-0.5256 0.26378
-0.51976 0.26378
-0.51392 0.26378
-0.50808 0.26378
-0.50224 0.26378
-0.4964 0.26378
-0.49056 0.26378
-0.48472 0.26378
-0.47888 0.26378
-0.47304 0.26378
-0.4672 0.26378
-0.46136 0.26378
-0.45552 0.26378
-0.44968 0.26378
-0.44384 0.26378
-0.438 0.26378
-0.43216 0.26378
-0.42632 0.26378
-0.42048 0.26378
-0.41464 0.26378
-0.4088 0.26378
-0.40296 0.26378
-0.39712 0.26378
-0.39128 0.26378
-0.38544 0.26378
-0.3796 0.26378
-0.37376 0.26378
-0.36792 0.26378
-0.36208 0.26378
-0.35624 0.26378
-0.3504 0.26378
-0.34456 0.26378
-0.33872 0.26378
-0.33288 0.26378
-0.32704 0.26378
-0.3212 0.26378
-0.31536 0.26378
-0.30952 0.26378
-0.30368 0.26378
-0.29784 0.26378
-0.292 0.26378
-0.28616 0.26378
-0.28032 0.26378
-0.27448 0.26378
-0.26864 0.26378
-0.2628 0.26378
-0.25696 0.26378
-0.25112 0.26378
-0.24528 0.26378
-0.23944 0.26378
-0.2336 0.26378
-0.22776 0.26378
-0.22192 0.26378
-0.21608 0.26378
-0.21024 0.26378
-0.2044 0.26378
-0.19856 0.26378
-0.19272 0.26378
-0.18688 0.26378
-0.18104 0.26378
-0.1752 0.26378
-0.16936 0.26378
-0.16352 0.26378
-0.15768 0.26378
-0.15184 0.26378
-0.146 0.26378
-0.14016 0.26378
-0.13432 0.26378
-0.12848 0.26378
-0.12264 0.26378
-0.1168 0.26378
-0.11096 0.26378
-0.10512 0.26378
-0.09928 0.26378
-0.09344 0.26378
-0.0876 0.26378
-0.08176 0.26378
-0.07592 0.26378
-0.07008 0.26378
-0.06424 0.26378
-0.0584 0.26378
-0.05256 0.26378
-0.04672 0.26378
-0.04088 0.26378
-0.03504 0.26378
-0.0292 0.26378
-0.02336 0.26378
-0.01752 0.26378
-0.01168 0.26378
-0.00584 0.26378
