-2.92 0.183463
-2.91416 0.183463
-2.90832 0.183463
-2.90248 0.183463
-2.89664 0.183463
-2.8908 0.183463
-2.88496 0.183463
-2.87912 0.183463
-2.87328 0.183463
-2.86744 0.183463
-2.8616 0.183463
-2.85576 0.183463
-2.84992 0.183463
-2.84408 0.183463
-2.83824 0.183463
-2.8324 0.183463
-2.82656 0.183463
-2.82072 0.183463
-2.81488 0.183463
-2.80904 0.183463
-2.8032 0.183463
-2.79736 0.183463
-2.79152 0.183463
-2.78568 0.183463
-2.77984 0.183463
-2.774 0.183463
-2.76816 0.183463
-2.76232 0.183463
-2.75648 0.183463
-2.75064 0.183463
-2.7448 0.183463
-2.73896 0.183463
-2.73312 0.183463
-2.72728 0.183463
-2.72144 0.183463
-2.7156 0.183463
-2.70976 0.183463
-2.70392 0.183463
-2.69808 0.183463
-2.69224 0.183463
-2.6864 0.183463
-2.68056 0.183463
-2.67472 0.183463
-2.66888 0.183463
-2.66304 0.183463
-2.6572 0.183463
-2.65136 0.183463
-2.64552 0.183463
-2.63968 0.183463
-2.63384 0.183463
-2.628 0.183463
-2.62216 0.183463
-2.61632 0.183463
-2.61048 0.183463
-2.60464 0.183463
-2.5988 0.183463
-2.59296 0.183329
-2.58712 0.183152
-2.58128 0.182975
-2.57544 0.182708
-2.5696 0.182352
-2.56376 0.181953
-2.55792 0.181511
-2.55208 0.181024
-2.54624 0.180493
-2.5404 0.179962
-2.53456 0.179432
-2.52872 0.178857
-2.52288 0.178193
-2.51704 0.177528
-2.5112 0.176864
-2.50536 0.176111
-2.49952 0.175359
-2.49368 0.174562
-2.48784 0.173808
-2.482 0.173119
-2.47616 0.172251
-2.47032 0.171339
-2.46448 0.170383
-2.45864 0.169384
-2.4528 0.168385
-2.44696 0.167384
-2.44112 0.166348
-2.43528 0.165311
-2.42944 0.164311
-2.4236 0.163187
-2.41776 0.162062
-2.41192 0.160894
-2.40608 0.159727
-2.40024 0.158516
-2.3944 0.157304
-2.38856 0.156118
-2.38272 0.15495
-2.37688 0.15374
-2.37104 0.152571
-2.3652 0.151361
-2.35936 0.150106
-2.35352 0.148895
-2.34768 0.147685
-2.34184 0.146474
-2.336 0.145218
-2.33016 0.143961
-2.32432 0.142748
-2.31848 0.141447
-2.31264 0.140191
-2.3068 0.138978
-2.30096 0.137721
-2.29512 0.136508
-2.28928 0.135252
-2.28344 0.133996
-2.2776 0.132739
-2.27176 0.131526
-2.26592 0.13027
-2.26008 0.129058
-2.25424 0.127758
-2.2484 0.126456
-2.24256 0.125154
-2.23672 0.123852
-2.23088 0.122507
-2.22504 0.12125
-2.2192 0.119904
-2.21336 0.118597
-2.20752 0.117296
-2.20168 0.11595
-2.19584 0.114692
-2.19 0.113347
-2.18416 0.112046
-2.17832 0.110702
-2.17248 0.109382
-2.16664 0.108037
-2.1608 0.106736
-2.15496 0.105391
-2.14912 0.104089
-2.14328 0.102788
-2.13744 0.101443
-2.1316 0.100187
-2.12576 0.0988859
-2.11992 0.0975852
-2.11408 0.0962399
-2.10824 0.0949381
-2.1024 0.0936373
-2.09656 0.0923366
-2.09072 0.0910348
-2.08488 0.089734
-2.07904 0.0884322
-2.0732 0.087175
-2.06736 0.0858743
-2.06152 0.084616
-2.05568 0.083314
-2.04984 0.0820143
-2.044 0.0808028
-2.03816 0.0794999
-2.03232 0.0781971
-2.02648 0.0768093
-2.02064 0.0754651
-2.0148 0.0740794
-2.00896 0.073117
-2.00312 0.0716444
-1.99728 0.0704254
-1.99144 0.0691675
-1.9856 0.0680732
-1.97976 0.0672825
-1.97392 0.066615
-1.96808 0.0661574
-1.96224 0.0651933
-1.9564 0.0649465
-1.95056 0.0639715
-1.94472 0.0641442
-1.93888 0.063311
-1.93304 0.0636973
-1.9272 0.0625285
-1.92136 0.0621594
-1.91552 0.061667
-1.90968 0.0605742
-1.90384 0.0603835
-1.898 0.0603887
-1.89216 0.0601082
-1.88632 0.0600617
-1.88048 0.0599889
-1.87464 0.0598511
-1.8688 0.0597919
-1.86296 0.0592135
-1.85712 0.0590577
-1.85128 0.0588708
-1.84544 0.0596728
-1.8396 0.0600418
-1.83376 0.0605014
-1.82792 0.0601542
-1.82208 0.0611789
-1.81624 0.0620669
-1.8104 0.0613414
-1.80456 0.0606364
-1.79872 0.0622298
-1.79288 0.062387
-1.78704 0.0631668
-1.7812 0.0624433
-1.77536 0.0633442
-1.76952 0.0631407
-1.76368 0.0630642
-1.75784 0.0640065
-1.752 0.0630614
-1.74616 0.0648039
-1.74032 0.0662755
-1.73448 0.0672844
-1.72864 0.0663012
-1.7228 0.067718
-1.71696 0.0687664
-1.71112 0.0682946
-1.70528 0.0682302
-1.69944 0.0705845
-1.6936 0.0717017
-1.68776 0.0712544
-1.68192 0.0734243
-1.67608 0.0714021
-1.67024 0.0731569
-1.6644 0.0732726
-1.65856 0.0742807
-1.65272 0.0750902
-1.64688 0.0759553
-1.64104 0.0771414
-1.6352 0.0790885
-1.62936 0.077921
-1.62352 0.078468
-1.61768 0.0797818
-1.61184 0.0797917
-1.606 0.0812437
-1.60016 0.0835652
-1.59432 0.0840781
-1.58848 0.087172
-1.58264 0.089407
-1.5768 0.0862518
-1.57096 0.0891758
-1.56512 0.0926763
-1.55928 0.0938929
-1.55344 0.0933507
-1.5476 0.0961393
-1.54176 0.0994574
-1.53592 0.099926
-1.53008 0.100167
-1.52424 0.101354
-1.5184 0.104732
-1.51256 0.105152
-1.50672 0.106508
-1.50088 0.108562
-1.49504 0.111385
-1.4892 0.112952
-1.48336 0.112918
-1.47752 0.114886
-1.47168 0.116487
-1.46584 0.116737
-1.46 0.121195
-1.45416 0.119973
-1.44832 0.122833
-1.44248 0.124405
-1.43664 0.127254
-1.4308 0.131652
-1.42496 0.133077
-1.41912 0.133813
-1.41328 0.134279
-1.40744 0.136844
-1.4016 0.138452
-1.39576 0.14073
-1.38992 0.14419
-1.38408 0.147985
-1.37824 0.151373
-1.3724 0.149842
-1.36656 0.149798
-1.36072 0.154142
-1.35488 0.155925
-1.34904 0.156362
-1.3432 0.157229
-1.33736 0.157962
-1.33152 0.162172
-1.32568 0.165269
-1.31984 0.167096
-1.314 0.168659
-1.30816 0.169018
-1.30232 0.17286
-1.29648 0.174898
-1.29064 0.176832
-1.2848 0.178048
-1.27896 0.181013
-1.27312 0.180809
-1.26728 0.181051
-1.26144 0.184033
-1.2556 0.186675
-1.24976 0.186626
-1.24392 0.191363
-1.23808 0.188086
-1.23224 0.191619
-1.2264 0.191239
-1.22056 0.19428
-1.21472 0.196481
-1.20888 0.197533
-1.20304 0.200747
-1.1972 0.203096
-1.19136 0.202381
-1.18552 0.203776
-1.17968 0.208048
-1.17384 0.208359
-1.168 0.209719
-1.16216 0.213078
-1.15632 0.213344
-1.15048 0.215397
-1.14464 0.219924
-1.1388 0.216858
-1.13296 0.217902
-1.12712 0.22049
-1.12128 0.222662
-1.11544 0.224102
-1.1096 0.226745
-1.10376 0.22998
-1.09792 0.230354
-1.09208 0.229665
-1.08624 0.228814
-1.0804 0.234037
-1.07456 0.23446
-1.06872 0.234316
-1.06288 0.2355
-1.05704 0.238134
-1.0512 0.237937
-1.04536 0.238444
-1.03952 0.239615
-1.03368 0.239502
-1.02784 0.238986
-1.022 0.241804
-1.01616 0.239146
-1.01032 0.240796
-1.00448 0.239974
-0.99864 0.240612
-0.9928 0.242835
-0.98696 0.243735
-0.98112 0.243778
-0.97528 0.242273
-0.96944 0.243171
-0.9636 0.243031
-0.95776 0.244426
-0.95192 0.244819
-0.94608 0.246131
-0.94024 0.246721
-0.9344 0.245589
-0.92856 0.245162
-0.92272 0.247044
-0.91688 0.246189
-0.91104 0.246051
-0.9052 0.246213
-0.89936 0.246169
-0.89352 0.248267
-0.88768 0.247748
-0.88184 0.249449
-0.876 0.248761
-0.87016 0.247924
-0.86432 0.250473
-0.85848 0.250518
-0.85264 0.251856
-0.8468 0.252062
-0.84096 0.252675
-0.83512 0.252636
-0.82928 0.252053
-0.82344 0.251578
-0.8176 0.252603
-0.81176 0.252801
-0.80592 0.253465
-0.80008 0.252899
-0.79424 0.253436
-0.7884 0.253414
-0.78256 0.254844
-0.77672 0.255662
-0.77088 0.255487
-0.76504 0.256659
-0.7592 0.256582
-0.75336 0.256931
-0.74752 0.257146
-0.74168 0.258855
-0.73584 0.259392
-0.73 0.26025
-0.72416 0.260911
-0.71832 0.261456
-0.71248 0.262581
-0.70664 0.263001
-0.7008 0.263889
-0.69496 0.264488
-0.68912 0.264916
-0.68328 0.265798
-0.67744 0.267896
-0.6716 0.268437
-0.66576 0.269141
-0.65992 0.269973
-0.65408 0.270481
-0.64824 0.27055
-0.6424 0.271709
-0.63656 0.272363
-0.63072 0.27255
-0.62488 0.272777
-0.61904 0.273002
-0.6132 0.273017
-0.60736 0.272821
-0.60152 0.273167
-0.59568 0.273167
-0.58984 0.273167
-0.584 0.273167
-0.57816 0.273167
-0.57232 0.273167
-0.56648 0.273167
-0.56064 0.273167
-0.5548 0.273167
-0.54896 0.273167
-0.54312 0.273167
-0.53728 0.273167
-0.53144 0.273167
-0.5256 0.273167
-0.51976 0.273167
-0.51392 0.273167
-0.50808 0.273167
-0.50224 0.273167
-0.4964 0.273167
-0.49056 0.273167
-0.48472 0.273167
-0.47888 0.273167
-0.47304 0.273167
-0.4672 0.273167
-0.46136 0.273167
-0.45552 0.273167
-0.44968 0.273167
-0.44384 0.273167
-0.438 0.273167
-0.43216 0.273167
-0.42632 0.273167
-0.42048 0.273167
-0.41464 0.273167
-0.4088 0.273167
-0.40296 0.273167
-0.39712 0.273167
-0.39128 0.273167
-0.38544 0.273167
-0.3796 0.273167
-0.37376 0.273167
-0.36792 0.273167
-0.36208 0.273167
-0.35624 0.273167
-0.3504 0.273167
-0.34456 0.273167
-0.33872 0.273167
-0.33288 0.273167
-0.32704 0.273167
-0.3212 0.273167
-0.31536 0.273167
-0.30952 0.273167
-0.30368 0.273167
-0.29784 0.273167
-0.292 0.273167
-0.28616 0.273167
-0.28032 0.273167
-0.27448 0.273167
-0.26864 0.273167
-0.2628 0.273167
-0.25696 0.273167
-0.25112 0.273167
-0.24528 0.273167
-0.23944 0.273167
-0.2336 0.273167
-0.22776 0.273167
-0.22192 0.273167
-0.21608 0.273167
-0.21024 0.273167
-0.2044 0.273167
-0.19856 0.273167
-0.19272 0.273167
-0.18688 0.273167
-0.18104 0.273167
-0.1752 0.273167
-0.16936 0.273167
-0.16352 0.273167
-0.15768 0.273167
-0.15184 0.273167
-0.146 0.273167
-0.14016 0.273167
-0.13432 0.273167
-0.12848 0.273167
-0.12264 0.273167
-0.1168 0.273167
-0.11096 0.273167
-0.10512 0.273167
-0.09928 0.273167
-0.09344 0.273167
-0.0876 0.273167
-0.08176 0.273167
-0.07592 0.273167
-0.07008 0.273167
-0.06424 0.273167
-0.0584 0.273167
-0.05256 0.273167
-0.04672 0.273167
-0.04088 0.273167
-0.03504 0.273167
-0.0292 0.273167
-0.02336 0.273167
-0.01752 0.273167
-0.01168 0.273167
-0.00584 0.273167
