-2.92 0.182669
-2.91416 0.182669
-2.90832 0.182669
-2.90248 0.182669
-2.89664 0.182669
-2.8908 0.182669
-2.88496 0.182669
-2.87912 0.182669
-2.87328 0.182669
-2.86744 0.182669
-2.8616 0.182669
-2.85576 0.182669
-2.84992 0.182669
-2.84408 0.182669
-2.83824 0.182669
-2.8324 0.182669
-2.82656 0.182669
-2.82072 0.182669
-2.81488 0.182669
-2.80904 0.182669
-2.8032 0.182669
-2.79736 0.182669
-2.79152 0.182669
-2.78568 0.182669
-2.77984 0.182669
-2.774 0.182669
-2.76816 0.182669
-2.76232 0.182669
-2.75648 0.182669
-2.75064 0.182669
-2.7448 0.182669
-2.73896 0.182669
-2.73312 0.182669
-2.72728 0.182669
-2.72144 0.182669
-2.7156 0.182669
-2.70976 0.182669
-2.70392 0.182669
-2.69808 0.182669
-2.69224 0.182669
-2.6864 0.182669
-2.68056 0.182669
-2.67472 0.182669
-2.66888 0.182669
-2.66304 0.182669
-2.6572 0.182669
-2.65136 0.182669
-2.64552 0.182669
-2.63968 0.182669
-2.63384 0.182669
-2.628 0.182669
-2.62216 0.182669
-2.61632 0.182669
-2.61048 0.182669
-2.60464 0.182669
-2.5988 0.182669
-2.59296 0.182404
-2.58712 0.182007
-2.58128 0.181567
-2.57544 0.181039
-2.5696 0.180379
-2.56376 0.179719
-2.55792 0.179013
-2.55208 0.178308
-2.54624 0.177603
-2.5404 0.176896
-2.53456 0.176147
-2.52872 0.175353
-2.52288 0.174605
-2.51704 0.173855
-2.5112 0.173106
-2.50536 0.172358
-2.49952 0.171522
-2.49368 0.170684
-2.48784 0.169846
-2.482 0.169272
-2.47616 0.16839
-2.47032 0.167508
-2.46448 0.166582
-2.45864 0.165656
-2.4528 0.16473
-2.44696 0.163758
-2.44112 0.162786
-2.43528 0.161813
-2.42944 0.160844
-2.4236 0.159872
-2.41776 0.158899
-2.41192 0.15797
-2.40608 0.156953
-2.40024 0.155979
-2.3944 0.154962
-2.38856 0.1539
-2.38272 0.152794
-2.37688 0.151732
-2.37104 0.150581
-2.3652 0.149431
-2.35936 0.14828
-2.35352 0.147171
-2.34768 0.146019
-2.34184 0.144867
-2.336 0.143715
-2.33016 0.14252
-2.32432 0.141456
-2.31848 0.140261
-2.31264 0.139065
-2.3068 0.137914
-2.30096 0.136763
-2.29512 0.135655
-2.28928 0.13455
-2.28344 0.133311
-2.2776 0.132073
-2.27176 0.130923
-2.26592 0.129773
-2.26008 0.128755
-2.25424 0.127517
-2.2484 0.126234
-2.24256 0.124997
-2.23672 0.123714
-2.23088 0.122432
-2.22504 0.121107
-2.2192 0.119781
-2.21336 0.118456
-2.20752 0.117132
-2.20168 0.115805
-2.19584 0.114521
-2.19 0.113195
-2.18416 0.111824
-2.17832 0.110499
-2.17248 0.109128
-2.16664 0.107759
-2.1608 0.106434
-2.15496 0.105063
-2.14912 0.103693
-2.14328 0.102367
-2.13744 0.101041
-2.1316 0.0997137
-2.12576 0.0983434
-2.11992 0.0969732
-2.11408 0.0956029
-2.10824 0.0943207
-2.1024 0.0930372
-2.09656 0.0916669
-2.09072 0.0902967
-2.08488 0.0890558
-2.07904 0.0881541
-2.0732 0.0876355
-2.06736 0.08661
-2.06152 0.0857489
-2.05568 0.0852707
-2.04984 0.0844989
-2.044 0.0843688
-2.03816 0.0836404
-2.03232 0.0828231
-2.02648 0.0826856
-2.02064 0.0828011
-2.0148 0.0807924
-2.00896 0.0816313
-2.00312 0.0809807
-1.99728 0.0807164
-1.99144 0.0801574
-1.9856 0.0796777
-1.97976 0.0799664
-1.97392 0.0807591
-1.96808 0.0808805
-1.96224 0.0803215
-1.9564 0.0794167
-1.95056 0.0792017
-1.94472 0.0783868
-1.93888 0.0785929
-1.93304 0.077309
-1.9272 0.0773855
-1.92136 0.0752967
-1.91552 0.0732936
-1.90968 0.0716717
-1.90384 0.0700535
-1.898 0.0686025
-1.89216 0.0664725
-1.88632 0.0657449
-1.88048 0.0638721
-1.87464 0.061783
-1.8688 0.0601246
-1.86296 0.0574867
-1.85712 0.0552756
-1.85128 0.0537886
-1.84544 0.0517418
-1.8396 0.0511423
-1.83376 0.0485538
-1.82792 0.0462608
-1.82208 0.0450753
-1.81624 0.043374
-1.8104 0.0413312
-1.80456 0.0397574
-1.79872 0.0384402
-1.79288 0.0353403
-1.78704 0.0350435
-1.7812 0.0333898
-1.77536 0.0318642
-1.76952 0.0305541
-1.76368 0.0289
-1.75784 0.0273783
-1.752 0.0264052
-1.74616 0.0239893
-1.74032 0.0229332
-1.73448 0.021579
-1.72864 0.0198883
-1.7228 0.0184571
-1.71696 0.0174471
-1.71112 0.0160136
-1.70528 0.0148325
-1.69944 0.0137814
-1.6936 0.0124327
-1.68776 0.0118074
-1.68192 0.0105897
-1.67608 0.00932743
-1.67024 0.00912777
-1.6644 0.0094777
-1.65856 0.0102919
-1.65272 0.0104291
-1.64688 0.0113747
-1.64104 0.0121085
-1.6352 0.0137747
-1.62936 0.0144714
-1.62352 0.0158436
-1.61768 0.0174331
-1.61184 0.0199984
-1.606 0.0203363
-1.60016 0.021929
-1.59432 0.0231212
-1.58848 0.0249979
-1.58264 0.0245893
-1.5768 0.0256166
-1.57096 0.0268631
-1.56512 0.0271333
-1.55928 0.0275717
-1.55344 0.0275545
-1.5476 0.0307033
-1.54176 0.0313588
-1.53592 0.0327302
-1.53008 0.0337454
-1.52424 0.0327253
-1.5184 0.0340593
-1.51256 0.0348849
-1.50672 0.0353767
-1.50088 0.0361701
-1.49504 0.0386891
-1.4892 0.0408676
-1.48336 0.0414033
-1.47752 0.0424874
-1.47168 0.0438694
-1.46584 0.0443272
-1.46 0.0448231
-1.45416 0.0465374
-1.44832 0.0476693
-1.44248 0.0504443
-1.43664 0.0502271
-1.4308 0.0515268
-1.42496 0.0538463
-1.41912 0.0548167
-1.41328 0.0564516
-1.40744 0.0575024
-1.4016 0.059142
-1.39576 0.0588886
-1.38992 0.0609969
-1.38408 0.0604574
-1.37824 0.0623169
-1.3724 0.0634092
-1.36656 0.0635833
-1.36072 0.0658251
-1.35488 0.0669597
-1.34904 0.0678083
-1.3432 0.0700909
-1.33736 0.0717457
-1.33152 0.073144
-1.32568 0.0762779
-1.31984 0.0783172
-1.314 0.0769181
-1.30816 0.0799559
-1.30232 0.0792146
-1.29648 0.0810047
-1.29064 0.0821899
-1.2848 0.0833784
-1.27896 0.089248
-1.27312 0.0888849
-1.26728 0.0912412
-1.26144 0.093843
-1.2556 0.0937169
-1.24976 0.0977455
-1.24392 0.0983396
-1.23808 0.0992761
-1.23224 0.101616
-1.2264 0.102941
-1.22056 0.104642
-1.21472 0.10532
-1.20888 0.108622
-1.20304 0.1096
-1.1972 0.110929
-1.19136 0.112461
-1.18552 0.112844
-1.17968 0.115573
-1.17384 0.118159
-1.168 0.118802
-1.16216 0.117853
-1.15632 0.11964
-1.15048 0.12139
-1.14464 0.121993
-1.1388 0.123903
-1.13296 0.125984
-1.12712 0.127775
-1.12128 0.128209
-1.11544 0.129998
-1.1096 0.134488
-1.10376 0.135721
-1.09792 0.137468
-1.09208 0.139853
-1.08624 0.137413
-1.0804 0.139785
-1.07456 0.141523
-1.06872 0.142219
-1.06288 0.143663
-1.05704 0.147726
-1.0512 0.150014
-1.04536 0.151212
-1.03952 0.152438
-1.03368 0.155079
-1.02784 0.155176
-1.022 0.156408
-1.01616 0.158278
-1.01032 0.159771
-1.00448 0.162736
-0.99864 0.16275
-0.9928 0.164489
-0.98696 0.167293
-0.98112 0.167476
-0.97528 0.169626
-0.96944 0.171204
-0.9636 0.172182
-0.95776 0.172658
-0.95192 0.174138
-0.94608 0.1734
-0.94024 0.175141
-0.9344 0.176414
-0.92856 0.175959
-0.92272 0.177741
-0.91688 0.179391
-0.91104 0.180454
-0.9052 0.182194
-0.89936 0.183421
-0.89352 0.184269
-0.88768 0.187154
-0.88184 0.188432
-0.876 0.187569
-0.87016 0.190738
-0.86432 0.188433
-0.85848 0.189625
-0.85264 0.190168
-0.8468 0.191023
-0.84096 0.194983
-0.83512 0.194816
-0.82928 0.19557
-0.82344 0.196629
-0.8176 0.196156
-0.81176 0.197803
-0.80592 0.197466
-0.80008 0.198046
-0.79424 0.198466
-0.7884 0.198671
-0.78256 0.198836
-0.77672 0.199041
-0.77088 0.200167
-0.76504 0.200501
-0.7592 0.200325
-0.75336 0.200312
-0.74752 0.20131
-0.74168 0.201515
-0.73584 0.201671
-0.73 0.201867
-0.72416 0.200176
-0.71832 0.200452
-0.71248 0.200907
-0.70664 0.201443
-0.7008 0.201639
-0.69496 0.201919
-0.68912 0.202326
-0.68328 0.202814
-0.67744 0.203439
-0.6716 0.204178
-0.66576 0.204877
-0.65992 0.205323
-0.65408 0.206159
-0.64824 0.205516
-0.6424 0.206129
-0.63656 0.20661
-0.63072 0.206959
-0.62488 0.207397
-0.61904 0.208335
-0.6132 0.208558
-0.60736 0.208779
-0.60152 0.208578
-0.59568 0.208578
-0.58984 0.208578
-0.584 0.208578
-0.57816 0.208578
-0.57232 0.208578
-0.56648 0.208578
-0.56064 0.208578
-0.5548 0.208578
-0.54896 0.208578
-0.54312 0.208578
-0.53728 0.208578
-0.53144 0.208578
-0.5256 0.208578
-0.51976 0.208578
-0.51392 0.208578
-0.50808 0.208578
-0.50224 0.208578
-0.4964 0.208578
-0.49056 0.208578
-0.48472 0.208578
-0.47888 0.208578
-0.47304 0.208578
-0.4672 0.208578
-0.46136 0.208578
-0.45552 0.208578
-0.44968 0.208578
-0.44384 0.208578
-0.438 0.208578
-0.43216 0.208578
-0.42632 0.208578
-0.42048 0.208578
-0.41464 0.208578
-0.4088 0.208578
-0.40296 0.208578
-0.39712 0.208578
-0.39128 0.208578
-0.38544 0.208578
-0.3796 0.208578
-0.37376 0.208578
-0.36792 0.208578
-0.36208 0.208578
-0.35624 0.208578
-0.3504 0.208578
-0.34456 0.208578
-0.33872 0.208578
-0.33288 0.208578
-0.32704 0.208578
-0.3212 0.208578
-0.31536 0.208578
-0.30952 0.208578
-0.30368 0.208578
-0.29784 0.208578
-0.292 0.208578
-0.28616 0.208578
-0.28032 0.208578
-0.27448 0.208578
-0.26864 0.208578
-0.2628 0.208578
-0.25696 0.208578
-0.25112 0.208578
-0.24528 0.208578
-0.23944 0.208578
-0.2336 0.208578
-0.22776 0.208578
-0.22192 0.208578
-0.21608 0.208578
-0.21024 0.208578
-0.2044 0.208578
-0.19856 0.208578
-0.19272 0.208578
-0.18688 0.208578
-0.18104 0.208578
-0.1752 0.208578
-0.16936 0.208578
-0.16352 0.208578
-0.15768 0.208578
-0.15184 0.208578
-0.146 0.208578
-0.14016 0.208578
-0.13432 0.208578
-0.12848 0.208578
-0.12264 0.208578
-0.1168 0.208578
-0.11096 0.208578
-0.10512 0.208578
-0.09928 0.208578
-0.09344 0.208578
-0.0876 0.208578
-0.08176 0.208578
-0.07592 0.208578
-0.07008 0.208578
-0.06424 0.208578
-0.0584 0.208578
-0.05256 0.208578
-0.04672 0.208578
-0.04088 0.208578
-0.03504 0.208578
-0.0292 0.208578
-0.02336 0.208578
-0.01752 0.208578
-0.01168 0.208578
-0.00584 0.208578
