-2.92 0.206175
-2.91416 0.206175
-2.90832 0.206175
-2.90248 0.206175
-2.89664 0.206175
-2.8908 0.206175
-2.88496 0.206175
-2.87912 0.206175
-2.87328 0.206175
-2.86744 0.206175
-2.8616 0.206175
-2.85576 0.206175
-2.84992 0.206175
-2.84408 0.206175
-2.83824 0.206175
-2.8324 0.206175
-2.82656 0.206175
-2.82072 0.206175
-2.81488 0.206175
-2.80904 0.206175
-2.8032 0.206175
-2.79736 0.206175
-2.79152 0.206175
-2.78568 0.206175
-2.77984 0.206175
-2.774 0.206175
-2.76816 0.206175
-2.76232 0.206175
-2.75648 0.206175
-2.75064 0.206175
-2.7448 0.206175
-2.73896 0.206175
-2.73312 0.206175
-2.72728 0.206175
-2.72144 0.206175
-2.7156 0.206175
-2.70976 0.206175
-2.70392 0.206175
-2.69808 0.206175
-2.69224 0.206175
-2.6864 0.206175
-2.68056 0.206175
-2.67472 0.206175
-2.66888 0.206175
-2.66304 0.206175
-2.6572 0.206175
-2.65136 0.206175
-2.64552 0.206175
-2.63968 0.206175
-2.63384 0.206175
-2.628 0.206175
-2.62216 0.206175
-2.61632 0.206175
-2.61048 0.206175
-2.60464 0.206175
-2.5988 0.206175
-2.59296 0.206
-2.58712 0.205692
-2.58128 0.205338
-2.57544 0.204852
-2.5696 0.204366
-2.56376 0.203837
-2.55792 0.203263
-2.55208 0.202644
-2.54624 0.202026
-2.5404 0.201364
-2.53456 0.200703
-2.52872 0.199953
-2.52288 0.199247
-2.51704 0.198409
-2.5112 0.197571
-2.50536 0.196777
-2.49952 0.195985
-2.49368 0.195059
-2.48784 0.194176
-2.482 0.193424
-2.47616 0.192408
-2.47032 0.191393
-2.46448 0.190333
-2.45864 0.189273
-2.4528 0.188169
-2.44696 0.18702
-2.44112 0.185871
-2.43528 0.184722
-2.42944 0.183662
-2.4236 0.182513
-2.41776 0.181364
-2.41192 0.180212
-2.40608 0.179018
-2.40024 0.177778
-2.3944 0.176494
-2.38856 0.175213
-2.38272 0.173885
-2.37688 0.172602
-2.37104 0.171275
-2.3652 0.169991
-2.35936 0.168663
-2.35352 0.167335
-2.34768 0.166007
-2.34184 0.16468
-2.336 0.163308
-2.33016 0.161979
-2.32432 0.160651
-2.31848 0.15928
-2.31264 0.157908
-2.3068 0.156536
-2.30096 0.155163
-2.29512 0.153703
-2.28928 0.152375
-2.28344 0.150961
-2.2776 0.149458
-2.27176 0.147999
-2.26592 0.146585
-2.26008 0.1453
-2.25424 0.143841
-2.2484 0.142337
-2.24256 0.140878
-2.23672 0.139419
-2.23088 0.137916
-2.22504 0.136412
-2.2192 0.134909
-2.21336 0.13345
-2.20752 0.131991
-2.20168 0.130488
-2.19584 0.129029
-2.19 0.127525
-2.18416 0.126065
-2.17832 0.124563
-2.17248 0.123062
-2.16664 0.121602
-2.1608 0.120143
-2.15496 0.118639
-2.14912 0.117179
-2.14328 0.115676
-2.13744 0.114172
-2.1316 0.112713
-2.12576 0.111253
-2.11992 0.109795
-2.11408 0.108335
-2.10824 0.106918
-2.1024 0.105459
-2.09656 0.104
-2.09072 0.10254
-2.08488 0.101125
-2.07904 0.0996213
-2.0732 0.0981179
-2.06736 0.0967892
-2.06152 0.0953327
-2.05568 0.0938715
-2.04984 0.0924149
-2.044 0.091131
-2.03816 0.0897133
-2.03232 0.0882544
-2.02648 0.0867955
-2.02064 0.0852954
-2.0148 0.0838764
-2.00896 0.0824151
-2.00312 0.080786
-1.99728 0.0795781
-1.99144 0.0779094
-1.9856 0.0766635
-1.97976 0.0755815
-1.97392 0.0744996
-1.96808 0.0735105
-1.96224 0.072853
-1.9564 0.0719029
-1.95056 0.0712838
-1.94472 0.0706698
-1.93888 0.070397
-1.93304 0.0699438
-1.9272 0.0689137
-1.92136 0.0679082
-1.91552 0.0677234
-1.90968 0.0667706
-1.90384 0.0667506
-1.898 0.0663885
-1.89216 0.0664922
-1.88632 0.0661801
-1.88048 0.0655286
-1.87464 0.0650392
-1.8688 0.0652323
-1.86296 0.065046
-1.85712 0.0655293
-1.85128 0.0659884
-1.84544 0.0647428
-1.8396 0.0653151
-1.83376 0.064881
-1.82792 0.0647809
-1.82208 0.0657725
-1.81624 0.0663162
-1.8104 0.0667663
-1.80456 0.0652795
-1.79872 0.0672479
-1.79288 0.0668147
-1.78704 0.0671732
-1.7812 0.0668277
-1.77536 0.0684624
-1.76952 0.0692579
-1.76368 0.0681491
-1.75784 0.0699577
-1.752 0.0705407
-1.74616 0.0696645
-1.74032 0.0702936
-1.73448 0.0715913
-1.72864 0.071878
-1.7228 0.0735288
-1.71696 0.0737392
-1.71112 0.075091
-1.70528 0.0756871
-1.69944 0.0762111
-1.6936 0.0770141
-1.68776 0.0760455
-1.68192 0.0782978
-1.67608 0.0783714
-1.67024 0.0791213
-1.6644 0.0790967
-1.65856 0.0777141
-1.65272 0.0803731
-1.64688 0.0794972
-1.64104 0.0831087
-1.6352 0.0816144
-1.62936 0.0827805
-1.62352 0.0820919
-1.61768 0.0834674
-1.61184 0.0842026
-1.606 0.0861419
-1.60016 0.087446
-1.59432 0.087793
-1.58848 0.0890817
-1.58264 0.0907344
-1.5768 0.0892147
-1.57096 0.0932777
-1.56512 0.0934626
-1.55928 0.0924456
-1.55344 0.0965224
-1.5476 0.0974808
-1.54176 0.0998252
-1.53592 0.103211
-1.53008 0.102668
-1.52424 0.103368
-1.5184 0.104334
-1.51256 0.106077
-1.50672 0.108024
-1.50088 0.112385
-1.49504 0.111459
-1.4892 0.110884
-1.48336 0.113328
-1.47752 0.115091
-1.47168 0.116474
-1.46584 0.117254
-1.46 0.116954
-1.45416 0.120039
-1.44832 0.121588
-1.44248 0.121376
-1.43664 0.124833
-1.4308 0.124442
-1.42496 0.128026
-1.41912 0.129672
-1.41328 0.127902
-1.40744 0.132247
-1.4016 0.132309
-1.39576 0.135961
-1.38992 0.137987
-1.38408 0.139546
-1.37824 0.140287
-1.3724 0.142747
-1.36656 0.142758
-1.36072 0.145165
-1.35488 0.145178
-1.34904 0.146051
-1.3432 0.146905
-1.33736 0.149742
-1.33152 0.153668
-1.32568 0.154806
-1.31984 0.155945
-1.314 0.157406
-1.30816 0.156311
-1.30232 0.159586
-1.29648 0.160567
-1.29064 0.164281
-1.2848 0.163816
-1.27896 0.166266
-1.27312 0.169312
-1.26728 0.169436
-1.26144 0.168339
-1.2556 0.170276
-1.24976 0.1693
-1.24392 0.174418
-1.23808 0.173489
-1.23224 0.176078
-1.2264 0.17674
-1.22056 0.178496
-1.21472 0.180866
-1.20888 0.179343
-1.20304 0.185693
-1.1972 0.18583
-1.19136 0.18563
-1.18552 0.188519
-1.17968 0.189241
-1.17384 0.189401
-1.168 0.192413
-1.16216 0.19483
-1.15632 0.194757
-1.15048 0.196812
-1.14464 0.198966
-1.1388 0.196777
-1.13296 0.200414
-1.12712 0.199702
-1.12128 0.199004
-1.11544 0.201966
-1.1096 0.20363
-1.10376 0.205608
-1.09792 0.208184
-1.09208 0.207726
-1.08624 0.208376
-1.0804 0.210373
-1.07456 0.209483
-1.06872 0.210562
-1.06288 0.214192
-1.05704 0.213668
-1.0512 0.212084
-1.04536 0.214095
-1.03952 0.215622
-1.03368 0.215374
-1.02784 0.214142
-1.022 0.213775
-1.01616 0.214593
-1.01032 0.214931
-1.00448 0.212868
-0.99864 0.214661
-0.9928 0.214744
-0.98696 0.214792
-0.98112 0.214879
-0.97528 0.213038
-0.96944 0.214469
-0.9636 0.21447
-0.95776 0.214743
-0.95192 0.216226
-0.94608 0.215631
-0.94024 0.215413
-0.9344 0.214447
-0.92856 0.213983
-0.92272 0.214325
-0.91688 0.21349
-0.91104 0.211797
-0.9052 0.21269
-0.89936 0.213458
-0.89352 0.215011
-0.88768 0.213623
-0.88184 0.214501
-0.876 0.213428
-0.87016 0.212742
-0.86432 0.21446
-0.85848 0.214504
-0.85264 0.214635
-0.8468 0.213408
-0.84096 0.215221
-0.83512 0.214803
-0.82928 0.214881
-0.82344 0.213165
-0.8176 0.213453
-0.81176 0.212143
-0.80592 0.213666
-0.80008 0.213277
-0.79424 0.213446
-0.7884 0.212763
-0.78256 0.213767
-0.77672 0.213807
-0.77088 0.213715
-0.76504 0.214253
-0.7592 0.214243
-0.75336 0.213694
-0.74752 0.214653
-0.74168 0.214476
-0.73584 0.214849
-0.73 0.215683
-0.72416 0.21664
-0.71832 0.216755
-0.71248 0.216327
-0.70664 0.217326
-0.7008 0.217818
-0.69496 0.218691
-0.68912 0.218469
-0.68328 0.219218
-0.67744 0.22076
-0.6716 0.22129
-0.66576 0.22237
-0.65992 0.222521
-0.65408 0.222648
-0.64824 0.223221
-0.6424 0.224423
-0.63656 0.224781
-0.63072 0.225179
-0.62488 0.225575
-0.61904 0.225878
-0.6132 0.225468
-0.60736 0.225136
-0.60152 0.225308
-0.59568 0.225308
-0.58984 0.225308
-0.584 0.225308
-0.57816 0.225308
-0.57232 0.225308
-0.56648 0.225308
-0.56064 0.225308
-0.5548 0.225308
-0.54896 0.225308
-0.54312 0.225308
-0.53728 0.225308
-0.53144 0.225308
-0.5256 0.225308
-0.51976 0.225308
-0.51392 0.225308
-0.50808 0.225308
-0.50224 0.225308
-0.4964 0.225308
-0.49056 0.225308
-0.48472 0.225308
-0.47888 0.225308
-0.47304 0.225308
-0.4672 0.225308
-0.46136 0.225308
-0.45552 0.225308
-0.44968 0.225308
-0.44384 0.225308
-0.438 0.225308
-0.43216 0.225308
-0.42632 0.225308
-0.42048 0.225308
-0.41464 0.225308
-0.4088 0.225308
-0.40296 0.225308
-0.39712 0.225308
-0.39128 0.225308
-0.38544 0.225308
-0.3796 0.225308
-0.37376 0.225308
-0.36792 0.225308
-0.36208 0.225308
-0.35624 0.225308
-0.3504 0.225308
-0.34456 0.225308
-0.33872 0.225308
-0.33288 0.225308
-0.32704 0.225308
-0.3212 0.225308
-0.31536 0.225308
-0.30952 0.225308
-0.30368 0.225308
-0.29784 0.225308
-0.292 0.225308
-0.28616 0.225308
-0.28032 0.225308
-0.27448 0.225308
-0.26864 0.225308
-0.2628 0.225308
-0.25696 0.225308
-0.25112 0.225308
-0.24528 0.225308
-0.23944 0.225308
-0.2336 0.225308
-0.22776 0.225308
-0.22192 0.225308
-0.21608 0.225308
-0.21024 0.225308
-0.2044 0.225308
-0.19856 0.225308
-0.19272 0.225308
-0.18688 0.225308
-0.18104 0.225308
-0.1752 0.225308
-0.16936 0.225308
-0.16352 0.225308
-0.15768 0.225308
-0.15184 0.225308
-0.146 0.225308
-0.14016 0.225308
-0.13432 0.225308
-0.12848 0.225308
-0.12264 0.225308
-0.1168 0.225308
-0.11096 0.225308
-0.10512 0.225308
-0.09928 0.225308
-0.09344 0.225308
-0.0876 0.225308
-0.08176 0.225308
-0.07592 0.225308
-0.07008 0.225308
-0.06424 0.225308
-0.0584 0.225308
-0.05256 0.225308
-0.04672 0.225308
-0.04088 0.225308
-0.03504 0.225308
-0.0292 0.225308
-0.02336 0.225308
-0.01752 0.225308
-0.01168 0.225308
-0.00584 0.225308
