-2.92 0.198702
-2.91416 0.198702
-2.90832 0.198702
-2.90248 0.198702
-2.89664 0.198702
-2.8908 0.198702
-2.88496 0.198702
-2.87912 0.198702
-2.87328 0.198702
-2.86744 0.198702
-2.8616 0.198702
-2.85576 0.198702
-2.84992 0.198702
-2.84408 0.198702
-2.83824 0.198702
-2.8324 0.198702
-2.82656 0.198702
-2.82072 0.198702
-2.81488 0.198702
-2.80904 0.198702
-2.8032 0.198702
-2.79736 0.198702
-2.79152 0.198702
-2.78568 0.198702
-2.77984 0.198702
-2.774 0.198702
-2.76816 0.198702
-2.76232 0.198702
-2.75648 0.198702
-2.75064 0.198702
-2.7448 0.198702
-2.73896 0.198702
-2.73312 0.198702
-2.72728 0.198702
-2.72144 0.198702
-2.7156 0.198702
-2.70976 0.198702
-2.70392 0.198702
-2.69808 0.198702
-2.69224 0.198702
-2.6864 0.198702
-2.68056 0.198702
-2.67472 0.198702
-2.66888 0.198702
-2.66304 0.198702
-2.6572 0.198702
-2.65136 0.198702
-2.64552 0.198702
-2.63968 0.198702
-2.63384 0.198702
-2.628 0.198702
-2.62216 0.198702
-2.61632 0.198702
-2.61048 0.198702
-2.60464 0.198702
-2.5988 0.198702
-2.59296 0.198525
-2.58712 0.198217
-2.58128 0.197778
-2.57544 0.197296
-2.5696 0.196767
-2.56376 0.196196
-2.55792 0.195624
-2.55208 0.194966
-2.54624 0.194263
-2.5404 0.193518
-2.53456 0.192815
-2.52872 0.192024
-2.52288 0.191233
-2.51704 0.190485
-2.5112 0.189739
-2.50536 0.188991
-2.49952 0.188287
-2.49368 0.187538
-2.48784 0.186614
-2.482 0.185779
-2.47616 0.184767
-2.47032 0.183753
-2.46448 0.182652
-2.45864 0.18155
-2.4528 0.180447
-2.44696 0.179344
-2.44112 0.178241
-2.43528 0.177095
-2.42944 0.175906
-2.4236 0.174716
-2.41776 0.173569
-2.41192 0.172422
-2.40608 0.171232
-2.40024 0.170085
-2.3944 0.16885
-2.38856 0.167705
-2.38272 0.16647
-2.37688 0.165281
-2.37104 0.164046
-2.3652 0.162855
-2.35936 0.161576
-2.35352 0.16034
-2.34768 0.159061
-2.34184 0.157827
-2.336 0.156548
-2.33016 0.155269
-2.32432 0.153991
-2.31848 0.15271
-2.31264 0.151429
-2.3068 0.150104
-2.30096 0.148823
-2.29512 0.147543
-2.28928 0.146306
-2.28344 0.145069
-2.2776 0.143832
-2.27176 0.142637
-2.26592 0.141355
-2.26008 0.140119
-2.25424 0.138706
-2.2484 0.137294
-2.24256 0.135882
-2.23672 0.134469
-2.23088 0.133056
-2.22504 0.131688
-2.2192 0.130232
-2.21336 0.128776
-2.20752 0.12732
-2.20168 0.125864
-2.19584 0.124496
-2.19 0.12304
-2.18416 0.121584
-2.17832 0.120172
-2.17248 0.11876
-2.16664 0.117347
-2.1608 0.11589
-2.15496 0.114477
-2.14912 0.113064
-2.14328 0.111607
-2.13744 0.110106
-2.1316 0.108693
-2.12576 0.107236
-2.11992 0.105779
-2.11408 0.104278
-2.10824 0.102821
-2.1024 0.101322
-2.09656 0.0998651
-2.09072 0.0984077
-2.08488 0.0969069
-2.07904 0.0954495
-2.0732 0.0939932
-2.06736 0.0925803
-2.06152 0.0912109
-2.05568 0.0898416
-2.04984 0.0883841
-2.044 0.0871027
-2.03816 0.0856453
-2.03232 0.0841867
-2.02648 0.0826869
-2.02064 0.0811894
-2.0148 0.0798587
-2.00896 0.0783201
-2.00312 0.0769908
-1.99728 0.0755768
-1.99144 0.0742474
-1.9856 0.0728776
-1.97976 0.0718048
-1.97392 0.0706878
-1.96808 0.0697416
-1.96224 0.0695519
-1.9564 0.0688964
-1.95056 0.068124
-1.94472 0.0677285
-1.93888 0.0666168
-1.93304 0.0666756
-1.9272 0.0664545
-1.92136 0.0654647
-1.91552 0.0654931
-1.90968 0.0645055
-1.90384 0.0636861
-1.898 0.0646816
-1.89216 0.0637446
-1.88632 0.0641498
-1.88048 0.0635554
-1.87464 0.0635039
-1.8688 0.0637369
-1.86296 0.065073
-1.85712 0.0637621
-1.85128 0.0640054
-1.84544 0.0640011
-1.8396 0.0640473
-1.83376 0.0647028
-1.82792 0.0646881
-1.82208 0.0671005
-1.81624 0.0653993
-1.8104 0.0658128
-1.80456 0.0661981
-1.79872 0.0673715
-1.79288 0.0669806
-1.78704 0.0671034
-1.7812 0.0663431
-1.77536 0.0661721
-1.76952 0.0673
-1.76368 0.0690645
-1.75784 0.0687691
-1.752 0.0687232
-1.74616 0.0705731
-1.74032 0.0713757
-1.73448 0.0706698
-1.72864 0.0710335
-1.7228 0.0735704
-1.71696 0.0720139
-1.71112 0.0753973
-1.70528 0.0747803
-1.69944 0.075045
-1.6936 0.0760541
-1.68776 0.0764887
-1.68192 0.0764147
-1.67608 0.0784071
-1.67024 0.0768296
-1.6644 0.07904
-1.65856 0.0796259
-1.65272 0.079226
-1.64688 0.0798511
-1.64104 0.0814185
-1.6352 0.0816106
-1.62936 0.0802339
-1.62352 0.0817552
-1.61768 0.082362
-1.61184 0.0832033
-1.606 0.0864006
-1.60016 0.0860402
-1.59432 0.08873
-1.58848 0.0899984
-1.58264 0.0912112
-1.5768 0.0919811
-1.57096 0.0957122
-1.56512 0.0941776
-1.55928 0.0954372
-1.55344 0.0997228
-1.5476 0.100546
-1.54176 0.101335
-1.53592 0.102035
-1.53008 0.102838
-1.52424 0.104354
-1.5184 0.10628
-1.51256 0.108847
-1.50672 0.109892
-1.50088 0.111059
-1.49504 0.114179
-1.4892 0.116423
-1.48336 0.117653
-1.47752 0.116804
-1.47168 0.121167
-1.46584 0.117263
-1.46 0.12419
-1.45416 0.125038
-1.44832 0.128752
-1.44248 0.129947
-1.43664 0.130198
-1.4308 0.131465
-1.42496 0.13769
-1.41912 0.134774
-1.41328 0.140284
-1.40744 0.138549
-1.4016 0.140426
-1.39576 0.143325
-1.38992 0.144428
-1.38408 0.149218
-1.37824 0.151185
-1.3724 0.152148
-1.36656 0.155002
-1.36072 0.155044
-1.35488 0.157886
-1.34904 0.155075
-1.3432 0.155389
-1.33736 0.158224
-1.33152 0.162062
-1.32568 0.166337
-1.31984 0.166509
-1.314 0.167035
-1.30816 0.16899
-1.30232 0.171935
-1.29648 0.174247
-1.29064 0.174666
-1.2848 0.178435
-1.27896 0.176761
-1.27312 0.181584
-1.26728 0.182309
-1.26144 0.180076
-1.2556 0.181476
-1.24976 0.184257
-1.24392 0.186145
-1.23808 0.187028
-1.23224 0.188359
-1.2264 0.190739
-1.22056 0.191081
-1.21472 0.191779
-1.20888 0.192939
-1.20304 0.197338
-1.1972 0.197432
-1.19136 0.197395
-1.18552 0.1995
-1.17968 0.202493
-1.17384 0.20357
-1.168 0.208066
-1.16216 0.207331
-1.15632 0.21004
-1.15048 0.210136
-1.14464 0.21108
-1.1388 0.212357
-1.13296 0.214143
-1.12712 0.212047
-1.12128 0.214267
-1.11544 0.218877
-1.1096 0.219306
-1.10376 0.218648
-1.09792 0.219968
-1.09208 0.220094
-1.08624 0.221426
-1.0804 0.222818
-1.07456 0.225491
-1.06872 0.227071
-1.06288 0.226054
-1.05704 0.227723
-1.0512 0.228791
-1.04536 0.229018
-1.03952 0.227905
-1.03368 0.231093
-1.02784 0.226568
-1.022 0.230592
-1.01616 0.229683
-1.01032 0.230066
-1.00448 0.230079
-0.99864 0.228348
-0.9928 0.228712
-0.98696 0.230799
-0.98112 0.228055
-0.97528 0.230574
-0.96944 0.228376
-0.9636 0.228309
-0.95776 0.230137
-0.95192 0.22849
-0.94608 0.231887
-0.94024 0.230755
-0.9344 0.230684
-0.92856 0.23121
-0.92272 0.230329
-0.91688 0.231403
-0.91104 0.227611
-0.9052 0.228095
-0.89936 0.228521
-0.89352 0.231307
-0.88768 0.23144
-0.88184 0.231205
-0.876 0.231542
-0.87016 0.230369
-0.86432 0.232138
-0.85848 0.232276
-0.85264 0.23258
-0.8468 0.233133
-0.84096 0.232802
-0.83512 0.232596
-0.82928 0.232434
-0.82344 0.23068
-0.8176 0.231995
-0.81176 0.232507
-0.80592 0.232982
-0.80008 0.233575
-0.79424 0.23295
-0.7884 0.233627
-0.78256 0.234047
-0.77672 0.233755
-0.77088 0.233896
-0.76504 0.235243
-0.7592 0.235205
-0.75336 0.234993
-0.74752 0.236265
-0.74168 0.236349
-0.73584 0.236817
-0.73 0.237738
-0.72416 0.238413
-0.71832 0.239215
-0.71248 0.239673
-0.70664 0.240345
-0.7008 0.241436
-0.69496 0.242233
-0.68912 0.242317
-0.68328 0.243447
-0.67744 0.24542
-0.6716 0.246294
-0.66576 0.247081
-0.65992 0.247368
-0.65408 0.247582
-0.64824 0.247862
-0.6424 0.249068
-0.63656 0.250104
-0.63072 0.250876
-0.62488 0.250811
-0.61904 0.250783
-0.6132 0.250589
-0.60736 0.250558
-0.60152 0.250904
-0.59568 0.250904
-0.58984 0.250904
-0.584 0.250904
-0.57816 0.250904
-0.57232 0.250904
-0.56648 0.250904
-0.56064 0.250904
-0.5548 0.250904
-0.54896 0.250904
-0.54312 0.250904
-0.53728 0.250904
-0.53144 0.250904
-0.5256 0.250904
-0.51976 0.250904
-0.51392 0.250904
-0.50808 0.250904
-0.50224 0.250904
-0.4964 0.250904
-0.49056 0.250904
-0.48472 0.250904
-0.47888 0.250904
-0.47304 0.250904
-0.4672 0.250904
-0.46136 0.250904
-0.45552 0.250904
-0.44968 0.250904
-0.44384 0.250904
-0.438 0.250904
-0.43216 0.250904
-0.42632 0.250904
-0.42048 0.250904
-0.41464 0.250904
-0.4088 0.250904
-0.40296 0.250904
-0.39712 0.250904
-0.39128 0.250904
-0.38544 0.250904
-0.3796 0.250904
-0.37376 0.250904
-0.36792 0.250904
-0.36208 0.250904
-0.35624 0.250904
-0.3504 0.250904
-0.34456 0.250904
-0.33872 0.250904
-0.33288 0.250904
-0.32704 0.250904
-0.3212 0.250904
-0.31536 0.250904
-0.30952 0.250904
-0.30368 0.250904
-0.29784 0.250904
-0.292 0.250904
-0.28616 0.250904
-0.28032 0.250904
-0.27448 0.250904
-0.26864 0.250904
-0.2628 0.250904
-0.25696 0.250904
-0.25112 0.250904
-0.24528 0.250904
-0.23944 0.250904
-0.2336 0.250904
-0.22776 0.250904
-0.22192 0.250904
-0.21608 0.250904
-0.21024 0.250904
-0.2044 0.250904
-0.19856 0.250904
-0.19272 0.250904
-0.18688 0.250904
-0.18104 0.250904
-0.1752 0.250904
-0.16936 0.250904
-0.16352 0.250904
-0.15768 0.250904
-0.15184 0.250904
-0.146 0.250904
-0.14016 0.250904
-0.13432 0.250904
-0.12848 0.250904
-0.12264 0.250904
-0.1168 0.250904
-0.11096 0.250904
-0.10512 0.250904
-0.09928 0.250904
-0.09344 0.250904
-0.0876 0.250904
-0.08176 0.250904
-0.07592 0.250904
-0.07008 0.250904
-0.06424 0.250904
-0.0584 0.250904
-0.05256 0.250904
-0.04672 0.250904
-0.04088 0.250904
-0.03504 0.250904
-0.0292 0.250904
-0.02336 0.250904
-0.01752 0.250904
-0.01168 0.250904
-0.00584 0.250904
