-2.92 0.242018
-2.91416 0.242018
-2.90832 0.242018
-2.90248 0.242018
-2.89664 0.242018
-2.8908 0.242018
-2.88496 0.242018
-2.87912 0.242018
-2.87328 0.242018
-2.86744 0.242018
-2.8616 0.242018
-2.85576 0.242018
-2.84992 0.242018
-2.84408 0.242018
-2.83824 0.242018
-2.8324 0.242018
-2.82656 0.242018
-2.82072 0.242018
-2.81488 0.242018
-2.80904 0.242018
-2.8032 0.242018
-2.79736 0.242018
-2.79152 0.242018
-2.78568 0.242018
-2.77984 0.242018
-2.774 0.242018
-2.76816 0.242018
-2.76232 0.242018
-2.75648 0.242018
-2.75064 0.242018
-2.7448 0.242018
-2.73896 0.242018
-2.73312 0.242018
-2.72728 0.242018
-2.72144 0.242018
-2.7156 0.242018
-2.70976 0.242018
-2.70392 0.242018
-2.69808 0.242018
-2.69224 0.242018
-2.6864 0.242018
-2.68056 0.242018
-2.67472 0.242018
-2.66888 0.242018
-2.66304 0.242018
-2.6572 0.242018
-2.65136 0.242018
-2.64552 0.242018
-2.63968 0.242018
-2.63384 0.242018
-2.628 0.242018
-2.62216 0.242018
-2.61632 0.242018
-2.61048 0.242018
-2.60464 0.242018
-2.5988 0.242018
-2.59296 0.24171
-2.58712 0.241179
-2.58128 0.240561
-2.57544 0.23981
-2.5696 0.238969
-2.56376 0.238126
-2.55792 0.237239
-2.55208 0.236351
-2.54624 0.235463
-2.5404 0.234531
-2.53456 0.233643
-2.52872 0.23271
-2.52288 0.231692
-2.51704 0.230672
-2.5112 0.229609
-2.50536 0.228587
-2.49952 0.227524
-2.49368 0.226459
-2.48784 0.225438
-2.482 0.224548
-2.47616 0.223349
-2.47032 0.222106
-2.46448 0.220862
-2.45864 0.219575
-2.4528 0.218287
-2.44696 0.216955
-2.44112 0.215668
-2.43528 0.214336
-2.42944 0.213048
-2.4236 0.211673
-2.41776 0.210341
-2.41192 0.208922
-2.40608 0.207504
-2.40024 0.20604
-2.3944 0.204531
-2.38856 0.203024
-2.38272 0.201472
-2.37688 0.199964
-2.37104 0.198412
-2.3652 0.196905
-2.35936 0.195309
-2.35352 0.193757
-2.34768 0.19216
-2.34184 0.190564
-2.336 0.188924
-2.33016 0.187329
-2.32432 0.185689
-2.31848 0.18405
-2.31264 0.182497
-2.3068 0.180857
-2.30096 0.179218
-2.29512 0.177622
-2.28928 0.176026
-2.28344 0.174431
-2.2776 0.172792
-2.27176 0.171286
-2.26592 0.169777
-2.26008 0.168357
-2.25424 0.166716
-2.2484 0.165031
-2.24256 0.163347
-2.23672 0.161706
-2.23088 0.16002
-2.22504 0.158378
-2.2192 0.156693
-2.21336 0.155008
-2.20752 0.153366
-2.20168 0.151637
-2.19584 0.149952
-2.19 0.148223
-2.18416 0.146539
-2.17832 0.14481
-2.17248 0.143082
-2.16664 0.141353
-2.1608 0.139713
-2.15496 0.137984
-2.14912 0.136299
-2.14328 0.134614
-2.13744 0.132885
-2.1316 0.1312
-2.12576 0.129472
-2.11992 0.127787
-2.11408 0.126102
-2.10824 0.124417
-2.1024 0.122688
-2.09656 0.121003
-2.09072 0.119361
-2.08488 0.117635
-2.07904 0.116414
-2.0732 0.11528
-2.06736 0.114104
-2.06152 0.113141
-2.05568 0.112052
-2.04984 0.110627
-2.044 0.110347
-2.03816 0.109548
-2.03232 0.109087
-2.02648 0.107696
-2.02064 0.107026
-2.0148 0.10593
-2.00896 0.1053
-2.00312 0.104292
-1.99728 0.104251
-1.99144 0.103201
-1.9856 0.102191
-1.97976 0.101478
-1.97392 0.102072
-1.96808 0.100726
-1.96224 0.0998851
-1.9564 0.0981609
-1.95056 0.0972801
-1.94472 0.095464
-1.93888 0.0933201
-1.93304 0.091634
-1.9272 0.0897416
-1.92136 0.0884399
-1.91552 0.0870113
-1.90968 0.0842287
-1.90384 0.0822083
-1.898 0.0795514
-1.89216 0.0776581
-1.88632 0.0750038
-1.88048 0.0733641
-1.87464 0.0710918
-1.8688 0.0685213
-1.86296 0.0665456
-1.85712 0.0643575
-1.85128 0.0625563
-1.84544 0.060497
-1.8396 0.0571273
-1.83376 0.0565141
-1.82792 0.0549661
-1.82208 0.0532957
-1.81624 0.0499677
-1.8104 0.0486699
-1.80456 0.0465285
-1.79872 0.0439214
-1.79288 0.0428775
-1.78704 0.0406958
-1.7812 0.0380019
-1.77536 0.0370912
-1.76952 0.0351221
-1.76368 0.034088
-1.75784 0.0321226
-1.752 0.0307884
-1.74616 0.0287799
-1.74032 0.0279149
-1.73448 0.0257831
-1.72864 0.0243269
-1.7228 0.0234645
-1.71696 0.0216712
-1.71112 0.0210688
-1.70528 0.019912
-1.69944 0.0186743
-1.6936 0.0179867
-1.68776 0.0164965
-1.68192 0.0161043
-1.67608 0.0150395
-1.67024 0.0149425
-1.6644 0.0160756
-1.65856 0.0159362
-1.65272 0.0158876
-1.64688 0.0164715
-1.64104 0.017736
-1.6352 0.0196749
-1.62936 0.0197535
-1.62352 0.0215747
-1.61768 0.0233107
-1.61184 0.0249716
-1.606 0.0270734
-1.60016 0.0278947
-1.59432 0.0295436
-1.58848 0.0302257
-1.58264 0.0326034
-1.5768 0.032459
-1.57096 0.0360216
-1.56512 0.0358002
-1.55928 0.0376423
-1.55344 0.0393992
-1.5476 0.0401529
-1.54176 0.0406453
-1.53592 0.0427863
-1.53008 0.0422723
-1.52424 0.0440388
-1.5184 0.0432976
-1.51256 0.0467473
-1.50672 0.0463678
-1.50088 0.0487685
-1.49504 0.0495701
-1.4892 0.0533013
-1.48336 0.0534815
-1.47752 0.0556678
-1.47168 0.0554173
-1.46584 0.0589138
-1.46 0.061323
-1.45416 0.0644389
-1.44832 0.066171
-1.44248 0.0673556
-1.43664 0.0686623
-1.4308 0.0701151
-1.42496 0.072137
-1.41912 0.0747612
-1.41328 0.0757848
-1.40744 0.0779792
-1.4016 0.0787969
-1.39576 0.0808824
-1.38992 0.0835085
-1.38408 0.0851538
-1.37824 0.0849668
-1.3724 0.0876376
-1.36656 0.0897653
-1.36072 0.0931868
-1.35488 0.0924106
-1.34904 0.0924449
-1.3432 0.0943972
-1.33736 0.0957897
-1.33152 0.0978728
-1.32568 0.100575
-1.31984 0.101911
-1.314 0.103214
-1.30816 0.106115
-1.30232 0.105624
-1.29648 0.1058
-1.29064 0.108096
-1.2848 0.110511
-1.27896 0.111079
-1.27312 0.113741
-1.26728 0.116746
-1.26144 0.117131
-1.2556 0.12047
-1.24976 0.121594
-1.24392 0.1257
-1.23808 0.128245
-1.23224 0.130418
-1.2264 0.132405
-1.22056 0.134277
-1.21472 0.136195
-1.20888 0.138453
-1.20304 0.139566
-1.1972 0.140941
-1.19136 0.144484
-1.18552 0.146237
-1.17968 0.146595
-1.17384 0.1499
-1.168 0.152649
-1.16216 0.152424
-1.15632 0.155732
-1.15048 0.155032
-1.14464 0.158886
-1.1388 0.157777
-1.13296 0.160742
-1.12712 0.160215
-1.12128 0.163403
-1.11544 0.164425
-1.1096 0.167405
-1.10376 0.168261
-1.09792 0.170969
-1.09208 0.170321
-1.08624 0.172827
-1.0804 0.172369
-1.07456 0.175426
-1.06872 0.175013
-1.06288 0.178457
-1.05704 0.179574
-1.0512 0.184285
-1.04536 0.184147
-1.03952 0.186688
-1.03368 0.188225
-1.02784 0.190893
-1.022 0.192984
-1.01616 0.19658
-1.01032 0.198115
-1.00448 0.199272
-0.99864 0.200835
-0.9928 0.201674
-0.98696 0.203536
-0.98112 0.206047
-0.97528 0.20661
-0.96944 0.208605
-0.9636 0.210061
-0.95776 0.211007
-0.95192 0.212542
-0.94608 0.214115
-0.94024 0.214393
-0.9344 0.216725
-0.92856 0.218595
-0.92272 0.220631
-0.91688 0.219264
-0.91104 0.219508
-0.9052 0.221407
-0.89936 0.222182
-0.89352 0.222663
-0.88768 0.225035
-0.88184 0.226233
-0.876 0.225716
-0.87016 0.228879
-0.86432 0.227613
-0.85848 0.228261
-0.85264 0.229629
-0.8468 0.229476
-0.84096 0.230969
-0.83512 0.232115
-0.82928 0.235282
-0.82344 0.235249
-0.8176 0.237332
-0.81176 0.238023
-0.80592 0.239934
-0.80008 0.241581
-0.79424 0.242738
-0.7884 0.243629
-0.78256 0.244404
-0.77672 0.245169
-0.77088 0.245397
-0.76504 0.247002
-0.7592 0.247182
-0.75336 0.248407
-0.74752 0.249334
-0.74168 0.249386
-0.73584 0.250783
-0.73 0.25112
-0.72416 0.251502
-0.71832 0.252433
-0.71248 0.253237
-0.70664 0.254332
-0.7008 0.253197
-0.69496 0.253955
-0.68912 0.254668
-0.68328 0.255514
-0.67744 0.256646
-0.6716 0.257322
-0.66576 0.258406
-0.65992 0.25945
-0.65408 0.260873
-0.64824 0.261667
-0.6424 0.261457
-0.63656 0.262364
-0.63072 0.26319
-0.62488 0.26397
-0.61904 0.264704
-0.6132 0.265897
-0.60736 0.266032
-0.60152 0.266
-0.59568 0.266
-0.58984 0.266
-0.584 0.266
-0.57816 0.266
-0.57232 0.266
-0.56648 0.266
-0.56064 0.266
-0.5548 0.266
-0.54896 0.266
-0.54312 0.266
-0.53728 0.266
-0.53144 0.266
-0.5256 0.266
-0.51976 0.266
-0.51392 0.266
-0.50808 0.266
-0.50224 0.266
-0.4964 0.266
-0.49056 0.266
-0.48472 0.266
-0.47888 0.266
-0.47304 0.266
-0.4672 0.266
-0.46136 0.266
-0.45552 0.266
-0.44968 0.266
-0.44384 0.266
-0.438 0.266
-0.43216 0.266
-0.42632 0.266
-0.42048 0.266
-0.41464 0.266
-0.4088 0.266
-0.40296 0.266
-0.39712 0.266
-0.39128 0.266
-0.38544 0.266
-0.3796 0.266
-0.37376 0.266
-0.36792 0.266
-0.36208 0.266
-0.35624 0.266
-0.3504 0.266
-0.34456 0.266
-0.33872 0.266
-0.33288 0.266
-0.32704 0.266
-0.3212 0.266
-0.31536 0.266
-0.30952 0.266
-0.30368 0.266
-0.29784 0.266
-0.292 0.266
-0.28616 0.266
-0.28032 0.266
-0.27448 0.266
-0.26864 0.266
-0.2628 0.266
-0.25696 0.266
-0.25112 0.266
-0.24528 0.266
-0.23944 0.266
-0.2336 0.266
-0.22776 0.266
-0.22192 0.266
-0.21608 0.266
-0.21024 0.266
-0.2044 0.266
-0.19856 0.266
-0.19272 0.266
-0.18688 0.266
-0.18104 0.266
-0.1752 0.266
-0.16936 0.266
-0.16352 0.266
-0.15768 0.266
-0.15184 0.266
-0.146 0.266
-0.14016 0.266
-0.13432 0.266
-0.12848 0.266
-0.12264 0.266
-0.1168 0.266
-0.11096 0.266
-0.10512 0.266
-0.09928 0.266
-0.09344 0.266
-0.0876 0.266
-0.08176 0.266
-0.07592 0.266
-0.07008 0.266
-0.06424 0.266
-0.0584 0.266
-0.05256 0.266
-0.04672 0.266
-0.04088 0.266
-0.03504 0.266
-0.0292 0.266
-0.02336 0.266
-0.01752 0.266
-0.01168 0.266
-0.00584 0.266
