-2.92 0.18922
-2.91416 0.18922
-2.90832 0.18922
-2.90248 0.18922
-2.89664 0.18922
-2.8908 0.18922
-2.88496 0.18922
-2.87912 0.18922
-2.87328 0.18922
-2.86744 0.18922
-2.8616 0.18922
-2.85576 0.18922
-2.84992 0.18922
-2.84408 0.18922
-2.83824 0.18922
-2.8324 0.18922
-2.82656 0.18922
-2.82072 0.18922
-2.81488 0.18922
-2.80904 0.18922
-2.8032 0.18922
-2.79736 0.18922
-2.79152 0.18922
-2.78568 0.18922
-2.77984 0.18922
-2.774 0.18922
-2.76816 0.18922
-2.76232 0.18922
-2.75648 0.18922
-2.75064 0.18922
-2.7448 0.18922
-2.73896 0.18922
-2.73312 0.18922
-2.72728 0.18922
-2.72144 0.18922
-2.7156 0.18922
-2.70976 0.18922
-2.70392 0.18922
-2.69808 0.18922
-2.69224 0.18922
-2.6864 0.18922
-2.68056 0.18922
-2.67472 0.18922
-2.66888 0.18922
-2.66304 0.18922
-2.6572 0.18922
-2.65136 0.18922
-2.64552 0.18922
-2.63968 0.18922
-2.63384 0.18922
-2.628 0.18922
-2.62216 0.18922
-2.61632 0.18922
-2.61048 0.18922
-2.60464 0.18922
-2.5988 0.18922
-2.59296 0.189086
-2.58712 0.188864
-2.58128 0.188598
-2.57544 0.188244
-2.5696 0.1878
-2.56376 0.18727
-2.55792 0.186695
-2.55208 0.18612
-2.54624 0.185545
-2.5404 0.184926
-2.53456 0.184306
-2.52872 0.183641
-2.52288 0.182977
-2.51704 0.182269
-2.5112 0.18156
-2.50536 0.180851
-2.49952 0.180142
-2.49368 0.179387
-2.48784 0.178589
-2.482 0.177878
-2.47616 0.177034
-2.47032 0.176188
-2.46448 0.175298
-2.45864 0.174364
-2.4528 0.173387
-2.44696 0.172453
-2.44112 0.171521
-2.43528 0.170544
-2.42944 0.16961
-2.4236 0.168588
-2.41776 0.167524
-2.41192 0.166414
-2.40608 0.165304
-2.40024 0.164196
-2.3944 0.163042
-2.38856 0.16189
-2.38272 0.160693
-2.37688 0.159494
-2.37104 0.158251
-2.3652 0.157053
-2.35936 0.15581
-2.35352 0.154613
-2.34768 0.153415
-2.34184 0.152173
-2.336 0.150931
-2.33016 0.149733
-2.32432 0.148447
-2.31848 0.14716
-2.31264 0.145919
-2.3068 0.144763
-2.30096 0.143564
-2.29512 0.142319
-2.28928 0.141076
-2.28344 0.13979
-2.2776 0.138501
-2.27176 0.137301
-2.26592 0.13597
-2.26008 0.134857
-2.25424 0.133569
-2.2484 0.132193
-2.24256 0.130816
-2.23672 0.129438
-2.23088 0.128059
-2.22504 0.126769
-2.2192 0.125348
-2.21336 0.123969
-2.20752 0.122548
-2.20168 0.121081
-2.19584 0.119617
-2.19 0.118195
-2.18416 0.116814
-2.17832 0.115391
-2.17248 0.11397
-2.16664 0.112502
-2.1608 0.111035
-2.15496 0.109568
-2.14912 0.108145
-2.14328 0.106679
-2.13744 0.105168
-2.1316 0.103701
-2.12576 0.102279
-2.11992 0.100768
-2.11408 0.0993016
-2.10824 0.0977907
-2.1024 0.0962799
-2.09656 0.0948137
-2.09072 0.0933474
-2.08488 0.092138
-2.07904 0.091136
-2.0732 0.0899642
-2.06736 0.089089
-2.06152 0.0880883
-2.05568 0.0876366
-2.04984 0.0864262
-2.044 0.0858936
-2.03816 0.08523
-2.03232 0.0846085
-2.02648 0.0833949
-2.02064 0.0837002
-2.0148 0.0827412
-2.00896 0.0825849
-2.00312 0.0816671
-1.99728 0.0807071
-1.99144 0.0797526
-1.9856 0.0800589
-1.97976 0.0799069
-1.97392 0.0803835
-1.96808 0.0794684
-1.96224 0.0796994
-1.9564 0.0779388
-1.95056 0.0776606
-1.94472 0.0752707
-1.93888 0.0738505
-1.93304 0.0731087
-1.9272 0.0713947
-1.92136 0.0690084
-1.91552 0.0676362
-1.90968 0.0664328
-1.90384 0.0651863
-1.898 0.0626263
-1.89216 0.0604995
-1.88632 0.059588
-1.88048 0.0573293
-1.87464 0.0556224
-1.8688 0.0535778
-1.86296 0.0519975
-1.85712 0.05084
-1.85128 0.0484138
-1.84544 0.046458
-1.8396 0.045388
-1.83376 0.0436006
-1.82792 0.0425713
-1.82208 0.0409984
-1.81624 0.0389973
-1.8104 0.0374589
-1.80456 0.0360902
-1.79872 0.0346395
-1.79288 0.0322159
-1.78704 0.0307703
-1.7812 0.0283888
-1.77536 0.0276175
-1.76952 0.026888
-1.76368 0.0251901
-1.75784 0.0242538
-1.752 0.0223026
-1.74616 0.0205623
-1.74032 0.0200547
-1.73448 0.0189522
-1.72864 0.0174683
-1.7228 0.0175072
-1.71696 0.0156455
-1.71112 0.0161983
-1.70528 0.0142111
-1.69944 0.013705
-1.6936 0.013541
-1.68776 0.0127041
-1.68192 0.0123317
-1.67608 0.012043
-1.67024 0.0124731
-1.6644 0.0123433
-1.65856 0.0131137
-1.65272 0.0149002
-1.64688 0.0155875
-1.64104 0.0170794
-1.6352 0.0184815
-1.62936 0.020479
-1.62352 0.0216801
-1.61768 0.024233
-1.61184 0.0260006
-1.606 0.0261565
-1.60016 0.0288869
-1.59432 0.030405
-1.58848 0.0316777
-1.58264 0.0322005
-1.5768 0.0323901
-1.57096 0.0348553
-1.56512 0.0370691
-1.55928 0.0369665
-1.55344 0.0388882
-1.5476 0.0411478
-1.54176 0.0426127
-1.53592 0.0416204
-1.53008 0.0441012
-1.52424 0.0457718
-1.5184 0.0453119
-1.51256 0.0461862
-1.50672 0.0486295
-1.50088 0.0487142
-1.49504 0.04727
-1.4892 0.0513812
-1.48336 0.0527572
-1.47752 0.0548656
-1.47168 0.057132
-1.46584 0.0590629
-1.46 0.0602861
-1.45416 0.0625208
-1.44832 0.0667403
-1.44248 0.0673691
-1.43664 0.0677469
-1.4308 0.0716748
-1.42496 0.0706564
-1.41912 0.0742397
-1.41328 0.0743212
-1.40744 0.0744889
-1.4016 0.0766813
-1.39576 0.080014
-1.38992 0.0799314
-1.38408 0.0817089
-1.37824 0.0841996
-1.3724 0.0843964
-1.36656 0.0863863
-1.36072 0.0880351
-1.35488 0.0873328
-1.34904 0.0873409
-1.3432 0.0895002
-1.33736 0.0911447
-1.33152 0.0925091
-1.32568 0.0949977
-1.31984 0.0966822
-1.314 0.0965946
-1.30816 0.0989978
-1.30232 0.0975427
-1.29648 0.0999517
-1.29064 0.100722
-1.2848 0.102698
-1.27896 0.103422
-1.27312 0.106092
-1.26728 0.107464
-1.26144 0.110555
-1.2556 0.112827
-1.24976 0.11334
-1.24392 0.118323
-1.23808 0.119088
-1.23224 0.122391
-1.2264 0.122859
-1.22056 0.124997
-1.21472 0.126069
-1.20888 0.129076
-1.20304 0.129672
-1.1972 0.129731
-1.19136 0.133364
-1.18552 0.13266
-1.17968 0.137081
-1.17384 0.136142
-1.168 0.140013
-1.16216 0.140624
-1.15632 0.143161
-1.15048 0.144247
-1.14464 0.145282
-1.1388 0.144007
-1.13296 0.146297
-1.12712 0.147368
-1.12128 0.148725
-1.11544 0.149786
-1.1096 0.153002
-1.10376 0.155039
-1.09792 0.154027
-1.09208 0.157506
-1.08624 0.159535
-1.0804 0.158515
-1.07456 0.158566
-1.06872 0.16015
-1.06288 0.161978
-1.05704 0.161604
-1.0512 0.166489
-1.04536 0.167712
-1.03952 0.170172
-1.03368 0.171781
-1.02784 0.173302
-1.022 0.174873
-1.01616 0.177878
-1.01032 0.180075
-1.00448 0.181606
-0.99864 0.182038
-0.9928 0.185256
-0.98696 0.185098
-0.98112 0.187032
-0.97528 0.187379
-0.96944 0.189205
-0.9636 0.189545
-0.95776 0.19141
-0.95192 0.193016
-0.94608 0.193668
-0.94024 0.195023
-0.9344 0.19679
-0.92856 0.197051
-0.92272 0.198156
-0.91688 0.196436
-0.91104 0.198173
-0.9052 0.199103
-0.89936 0.199784
-0.89352 0.200764
-0.88768 0.202067
-0.88184 0.203337
-0.876 0.202703
-0.87016 0.206399
-0.86432 0.203311
-0.85848 0.204501
-0.85264 0.20408
-0.8468 0.205307
-0.84096 0.205689
-0.83512 0.207376
-0.82928 0.209091
-0.82344 0.210147
-0.8176 0.210617
-0.81176 0.211038
-0.80592 0.213699
-0.80008 0.21395
-0.79424 0.214794
-0.7884 0.215559
-0.78256 0.217363
-0.77672 0.216901
-0.77088 0.217491
-0.76504 0.21825
-0.7592 0.218257
-0.75336 0.219099
-0.74752 0.219936
-0.74168 0.220988
-0.73584 0.221322
-0.73 0.222044
-0.72416 0.222633
-0.71832 0.223174
-0.71248 0.223386
-0.70664 0.224089
-0.7008 0.222788
-0.69496 0.223455
-0.68912 0.224125
-0.68328 0.224704
-0.67744 0.225663
-0.6716 0.225986
-0.66576 0.226984
-0.65992 0.227934
-0.65408 0.229356
-0.64824 0.230394
-0.6424 0.229718
-0.63656 0.230707
-0.63072 0.231401
-0.62488 0.232091
-0.61904 0.23278
-0.6132 0.234139
-0.60736 0.234277
-0.60152 0.234156
-0.59568 0.234156
-0.58984 0.234156
-0.584 0.234156
-0.57816 0.234156
-0.57232 0.234156
-0.56648 0.234156
-0.56064 0.234156
-0.5548 0.234156
-0.54896 0.234156
-0.54312 0.234156
-0.53728 0.234156
-0.53144 0.234156
-0.5256 0.234156
-0.51976 0.234156
-0.51392 0.234156
-0.50808 0.234156
-0.50224 0.234156
-0.4964 0.234156
-0.49056 0.234156
-0.48472 0.234156
-0.47888 0.234156
-0.47304 0.234156
-0.4672 0.234156
-0.46136 0.234156
-0.45552 0.234156
-0.44968 0.234156
-0.44384 0.234156
-0.438 0.234156
-0.43216 0.234156
-0.42632 0.234156
-0.42048 0.234156
-0.41464 0.234156
-0.4088 0.234156
-0.40296 0.234156
-0.39712 0.234156
-0.39128 0.234156
-0.38544 0.234156
-0.3796 0.234156
-0.37376 0.234156
-0.36792 0.234156
-0.36208 0.234156
-0.35624 0.234156
-0.3504 0.234156
-0.34456 0.234156
-0.33872 0.234156
-0.33288 0.234156
-0.32704 0.234156
-0.3212 0.234156
-0.31536 0.234156
-0.30952 0.234156
-0.30368 0.234156
-0.29784 0.234156
-0.292 0.234156
-0.28616 0.234156
-0.28032 0.234156
-0.27448 0.234156
-0.26864 0.234156
-0.2628 0.234156
-0.25696 0.234156
-0.25112 0.234156
-0.24528 0.234156
-0.23944 0.234156
-0.2336 0.234156
-0.22776 0.234156
-0.22192 0.234156
-0.21608 0.234156
-0.21024 0.234156
-0.2044 0.234156
-0.19856 0.234156
-0.19272 0.234156
-0.18688 0.234156
-0.18104 0.234156
-0.1752 0.234156
-0.16936 0.234156
-0.16352 0.234156
-0.15768 0.234156
-0.15184 0.234156
-0.146 0.234156
-0.14016 0.234156
-0.13432 0.234156
-0.12848 0.234156
-0.12264 0.234156
-0.1168 0.234156
-0.11096 0.234156
-0.10512 0.234156
-0.09928 0.234156
-0.09344 0.234156
-0.0876 0.234156
-0.08176 0.234156
-0.07592 0.234156
-0.07008 0.234156
-0.06424 0.234156
-0.0584 0.234156
-0.05256 0.234156
-0.04672 0.234156
-0.04088 0.234156
-0.03504 0.234156
-0.0292 0.234156
-0.02336 0.234156
-0.01752 0.234156
-0.01168 0.234156
-0.00584 0.234156
