-2.92 0.27728
-2.91416 0.27728
-2.90832 0.27728
-2.90248 0.27728
-2.89664 0.27728
-2.8908 0.27728
-2.88496 0.27728
-2.87912 0.27728
-2.87328 0.27728
-2.86744 0.27728
-2.8616 0.27728
-2.85576 0.27728
-2.84992 0.27728
-2.84408 0.27728
-2.83824 0.27728
-2.8324 0.27728
-2.82656 0.27728
-2.82072 0.27728
-2.81488 0.27728
-2.80904 0.27728
-2.8032 0.27728
-2.79736 0.27728
-2.79152 0.27728
-2.78568 0.27728
-2.77984 0.27728
-2.774 0.27728
-2.76816 0.27728
-2.76232 0.27728
-2.75648 0.27728
-2.75064 0.27728
-2.7448 0.27728
-2.73896 0.27728
-2.73312 0.27728
-2.72728 0.27728
-2.72144 0.27728
-2.7156 0.27728
-2.70976 0.27728
-2.70392 0.27728
-2.69808 0.27728
-2.69224 0.27728
-2.6864 0.27728
-2.68056 0.27728
-2.67472 0.27728
-2.66888 0.27728
-2.66304 0.27728
-2.6572 0.27728
-2.65136 0.27728
-2.64552 0.27728
-2.63968 0.27728
-2.63384 0.27728
-2.628 0.27728
-2.62216 0.27728
-2.61632 0.27728
-2.61048 0.27728
-2.60464 0.27728
-2.5988 0.27728
-2.59296 0.277058
-2.58712 0.276659
-2.58128 0.276174
-2.57544 0.275556
-2.5696 0.274806
-2.56376 0.274013
-2.55792 0.27313
-2.55208 0.272248
-2.54624 0.27141
-2.5404 0.270527
-2.53456 0.2696
-2.52872 0.268586
-2.52288 0.267613
-2.51704 0.266597
-2.5112 0.265579
-2.50536 0.264519
-2.49952 0.263413
-2.49368 0.262266
-2.48784 0.261028
-2.482 0.259834
-2.47616 0.258377
-2.47032 0.256875
-2.46448 0.25533
-2.45864 0.253784
-2.4528 0.252194
-2.44696 0.250648
-2.44112 0.249056
-2.43528 0.247334
-2.42944 0.2457
-2.4236 0.243978
-2.41776 0.242257
-2.41192 0.240536
-2.40608 0.23877
-2.40024 0.237005
-2.3944 0.235239
-2.38856 0.233561
-2.38272 0.231796
-2.37688 0.229988
-2.37104 0.228179
-2.3652 0.226414
-2.35936 0.224605
-2.35352 0.222841
-2.34768 0.221075
-2.34184 0.219352
-2.336 0.217542
-2.33016 0.215732
-2.32432 0.214053
-2.31848 0.212198
-2.31264 0.210386
-2.3068 0.208575
-2.30096 0.206807
-2.29512 0.20508
-2.28928 0.203355
-2.28344 0.201498
-2.2776 0.199772
-2.27176 0.197961
-2.26592 0.19619
-2.26008 0.194422
-2.25424 0.192521
-2.2484 0.190574
-2.24256 0.188628
-2.23672 0.186724
-2.23088 0.184777
-2.22504 0.182916
-2.2192 0.180926
-2.21336 0.179023
-2.20752 0.177121
-2.20168 0.175132
-2.19584 0.173231
-2.19 0.171286
-2.18416 0.16934
-2.17832 0.167352
-2.17248 0.165406
-2.16664 0.163461
-2.1608 0.161471
-2.15496 0.159484
-2.14912 0.157582
-2.14328 0.155549
-2.13744 0.15356
-2.1316 0.151527
-2.12576 0.14958
-2.11992 0.14759
-2.11408 0.145557
-2.10824 0.143568
-2.1024 0.141622
-2.09656 0.139632
-2.09072 0.137599
-2.08488 0.13578
-2.07904 0.134129
-2.0732 0.132818
-2.06736 0.131847
-2.06152 0.129773
-2.05568 0.129142
-2.04984 0.127703
-2.044 0.12648
-2.03816 0.125336
-2.03232 0.124273
-2.02648 0.123133
-2.02064 0.122285
-2.0148 0.121222
-2.00896 0.120337
-2.00312 0.119271
-1.99728 0.118133
-1.99144 0.117543
-1.9856 0.117284
-1.97976 0.116567
-1.97392 0.115296
-1.96808 0.114866
-1.96224 0.112964
-1.9564 0.111653
-1.95056 0.110176
-1.94472 0.108274
-1.93888 0.106154
-1.93304 0.103065
-1.9272 0.104002
-1.92136 0.0990035
-1.91552 0.0986722
-1.90968 0.0959316
-1.90384 0.0941136
-1.898 0.0898102
-1.89216 0.0882446
-1.88632 0.0858469
-1.88048 0.0832718
-1.87464 0.0812819
-1.8688 0.0776155
-1.86296 0.076058
-1.85712 0.0735373
-1.85128 0.0713075
-1.84544 0.0685246
-1.8396 0.0660438
-1.83376 0.0642814
-1.82792 0.0620136
-1.82208 0.0598343
-1.81624 0.057259
-1.8104 0.0541037
-1.80456 0.0524617
-1.79872 0.0501886
-1.79288 0.0478342
-1.78704 0.0454389
-1.7812 0.0426173
-1.77536 0.040895
-1.76952 0.0385416
-1.76368 0.0364372
-1.75784 0.0340428
-1.752 0.0322779
-1.74616 0.0298363
-1.74032 0.0279053
-1.73448 0.0261453
-1.72864 0.0244301
-1.7228 0.0227152
-1.71696 0.0210872
-1.71112 0.0197157
-1.70528 0.0182584
-1.69944 0.0171447
-1.6936 0.0158643
-1.68776 0.0147139
-1.68192 0.0134381
-1.67608 0.0129201
-1.67024 0.0127027
-1.6644 0.0133674
-1.65856 0.0134092
-1.65272 0.0134839
-1.64688 0.0144589
-1.64104 0.0159362
-1.6352 0.016151
-1.62936 0.0180971
-1.62352 0.0192906
-1.61768 0.0212858
-1.61184 0.0210964
-1.606 0.0241157
-1.60016 0.0259477
-1.59432 0.0271371
-1.58848 0.0300112
-1.58264 0.0293933
-1.5768 0.0295027
-1.57096 0.0314188
-1.56512 0.0333829
-1.55928 0.0344591
-1.55344 0.0362551
-1.5476 0.0374138
-1.54176 0.0387063
-1.53592 0.0394992
-1.53008 0.0420908
-1.52424 0.04331
-1.5184 0.0460962
-1.51256 0.0428918
-1.50672 0.0450296
-1.50088 0.0466186
-1.49504 0.0480892
-1.4892 0.0499283
-1.48336 0.0525333
-1.47752 0.0540882
-1.47168 0.053795
-1.46584 0.0583011
-1.46 0.0611622
-1.45416 0.0646922
-1.44832 0.0644058
-1.44248 0.0670943
-1.43664 0.0677331
-1.4308 0.0680366
-1.42496 0.0721598
-1.41912 0.0731068
-1.41328 0.0755369
-1.40744 0.0768944
-1.4016 0.078428
-1.39576 0.0794409
-1.38992 0.0807951
-1.38408 0.0836424
-1.37824 0.08585
-1.3724 0.0859927
-1.36656 0.0875135
-1.36072 0.0899303
-1.35488 0.0899988
-1.34904 0.0915611
-1.3432 0.0902824
-1.33736 0.0937482
-1.33152 0.0948666
-1.32568 0.0981224
-1.31984 0.0983952
-1.314 0.0996025
-1.30816 0.102731
-1.30232 0.102591
-1.29648 0.105889
-1.29064 0.106599
-1.2848 0.107873
-1.27896 0.110043
-1.27312 0.110954
-1.26728 0.115926
-1.26144 0.119617
-1.2556 0.121286
-1.24976 0.122442
-1.24392 0.126294
-1.23808 0.130155
-1.23224 0.131215
-1.2264 0.133183
-1.22056 0.135197
-1.21472 0.136393
-1.20888 0.138692
-1.20304 0.140814
-1.1972 0.141652
-1.19136 0.144908
-1.18552 0.146493
-1.17968 0.148375
-1.17384 0.149324
-1.168 0.152367
-1.16216 0.155719
-1.15632 0.157378
-1.15048 0.159564
-1.14464 0.159763
-1.1388 0.158076
-1.13296 0.159517
-1.12712 0.161641
-1.12128 0.162977
-1.11544 0.165144
-1.1096 0.167234
-1.10376 0.167761
-1.09792 0.169435
-1.09208 0.173495
-1.08624 0.174948
-1.0804 0.176349
-1.07456 0.174146
-1.06872 0.176149
-1.06288 0.178354
-1.05704 0.180526
-1.0512 0.183263
-1.04536 0.186243
-1.03952 0.189717
-1.03368 0.189196
-1.02784 0.192881
-1.022 0.196059
-1.01616 0.199952
-1.01032 0.200992
-1.00448 0.202563
-0.99864 0.203312
-0.9928 0.204049
-0.98696 0.207605
-0.98112 0.209282
-0.97528 0.210852
-0.96944 0.212728
-0.9636 0.213896
-0.95776 0.215476
-0.95192 0.216888
-0.94608 0.218345
-0.94024 0.220606
-0.9344 0.220714
-0.92856 0.22284
-0.92272 0.225183
-0.91688 0.223145
-0.91104 0.225134
-0.9052 0.224825
-0.89936 0.227957
-0.89352 0.227733
-0.88768 0.229646
-0.88184 0.230291
-0.876 0.230365
-0.87016 0.233068
-0.86432 0.232307
-0.85848 0.233448
-0.85264 0.234405
-0.8468 0.234671
-0.84096 0.235901
-0.83512 0.235918
-0.82928 0.240508
-0.82344 0.241821
-0.8176 0.242259
-0.81176 0.242981
-0.80592 0.244505
-0.80008 0.246708
-0.79424 0.247434
-0.7884 0.247614
-0.78256 0.248503
-0.77672 0.249645
-0.77088 0.249147
-0.76504 0.249905
-0.7592 0.250086
-0.75336 0.250926
-0.74752 0.25215
-0.74168 0.252494
-0.73584 0.253125
-0.73 0.254169
-0.72416 0.254892
-0.71832 0.255051
-0.71248 0.256605
-0.70664 0.256225
-0.7008 0.254922
-0.69496 0.255807
-0.68912 0.256347
-0.68328 0.256969
-0.67744 0.257843
-0.6716 0.258341
-0.66576 0.259298
-0.65992 0.260127
-0.65408 0.261922
-0.64824 0.262543
-0.6424 0.261785
-0.63656 0.26252
-0.63072 0.263257
-0.62488 0.263948
-0.61904 0.264553
-0.6132 0.265614
-0.60736 0.265622
-0.60152 0.265547
-0.59568 0.265547
-0.58984 0.265547
-0.584 0.265547
-0.57816 0.265547
-0.57232 0.265547
-0.56648 0.265547
-0.56064 0.265547
-0.5548 0.265547
-0.54896 0.265547
-0.54312 0.265547
-0.53728 0.265547
-0.53144 0.265547
-0.5256 0.265547
-0.51976 0.265547
-0.51392 0.265547
-0.50808 0.265547
-0.50224 0.265547
-0.4964 0.265547
-0.49056 0.265547
-0.48472 0.265547
-0.47888 0.265547
-0.47304 0.265547
-0.4672 0.265547
-0.46136 0.265547
-0.45552 0.265547
-0.44968 0.265547
-0.44384 0.265547
-0.438 0.265547
-0.43216 0.265547
-0.42632 0.265547
-0.42048 0.265547
-0.41464 0.265547
-0.4088 0.265547
-0.40296 0.265547
-0.39712 0.265547
-0.39128 0.265547
-0.38544 0.265547
-0.3796 0.265547
-0.37376 0.265547
-0.36792 0.265547
-0.36208 0.265547
-0.35624 0.265547
-0.3504 0.265547
-0.34456 0.265547
-0.33872 0.265547
-0.33288 0.265547
-0.32704 0.265547
-0.3212 0.265547
-0.31536 0.265547
-0.30952 0.265547
-0.30368 0.265547
-0.29784 0.265547
-0.292 0.265547
-0.28616 0.265547
-0.28032 0.265547
-0.27448 0.265547
-0.26864 0.265547
-0.2628 0.265547
-0.25696 0.265547
-0.25112 0.265547
-0.24528 0.265547
-0.23944 0.265547
-0.2336 0.265547
-0.22776 0.265547
-0.22192 0.265547
-0.21608 0.265547
-0.21024 0.265547
-0.2044 0.265547
-0.19856 0.265547
-0.19272 0.265547
-0.18688 0.265547
-0.18104 0.265547
-0.1752 0.265547
-0.16936 0.265547
-0.16352 0.265547
-0.15768 0.265547
-0.15184 0.265547
-0.146 0.265547
-0.14016 0.265547
-0.13432 0.265547
-0.12848 0.265547
-0.12264 0.265547
-0.1168 0.265547
-0.11096 0.265547
-0.10512 0.265547
-0.09928 0.265547
-0.09344 0.265547
-0.0876 0.265547
-0.08176 0.265547
-0.07592 0.265547
-0.07008 0.265547
-0.06424 0.265547
-0.0584 0.265547
-0.05256 0.265547
-0.04672 0.265547
-0.04088 0.265547
-0.03504 0.265547
-0.0292 0.265547
-0.02336 0.265547
-0.01752 0.265547
-0.01168 0.265547
-0.00584 0.265547
