-2.92 0.235611
-2.91416 0.235611
-2.90832 0.235611
-2.90248 0.235611
-2.89664 0.235611
-2.8908 0.235611
-2.88496 0.235611
-2.87912 0.235611
-2.87328 0.235611
-2.86744 0.235611
-2.8616 0.235611
-2.85576 0.235611
-2.84992 0.235611
-2.84408 0.235611
-2.83824 0.235611
-2.8324 0.235611
-2.82656 0.235611
-2.82072 0.235611
-2.81488 0.235611
-2.80904 0.235611
-2.8032 0.235611
-2.79736 0.235611
-2.79152 0.235611
-2.78568 0.235611
-2.77984 0.235611
-2.774 0.235611
-2.76816 0.235611
-2.76232 0.235611
-2.75648 0.235611
-2.75064 0.235611
-2.7448 0.235611
-2.73896 0.235611
-2.73312 0.235611
-2.72728 0.235611
-2.72144 0.235611
-2.7156 0.235611
-2.70976 0.235611
-2.70392 0.235611
-2.69808 0.235611
-2.69224 0.235611
-2.6864 0.235611
-2.68056 0.235611
-2.67472 0.235611
-2.66888 0.235611
-2.66304 0.235611
-2.6572 0.235611
-2.65136 0.235611
-2.64552 0.235611
-2.63968 0.235611
-2.63384 0.235611
-2.628 0.235611
-2.62216 0.235611
-2.61632 0.235611
-2.61048 0.235611
-2.60464 0.235611
-2.5988 0.235611
-2.59296 0.235259
-2.58712 0.234731
-2.58128 0.234073
-2.57544 0.233326
-2.5696 0.232536
-2.56376 0.231746
-2.55792 0.230955
-2.55208 0.230165
-2.54624 0.229286
-2.5404 0.228363
-2.53456 0.227397
-2.52872 0.226387
-2.52288 0.225333
-2.51704 0.224322
-2.5112 0.223313
-2.50536 0.222344
-2.49952 0.22129
-2.49368 0.22032
-2.48784 0.219264
-2.482 0.218429
-2.47616 0.217284
-2.47032 0.216138
-2.46448 0.214994
-2.45864 0.213804
-2.4528 0.212615
-2.44696 0.211381
-2.44112 0.210105
-2.43528 0.208783
-2.42944 0.207507
-2.4236 0.206142
-2.41776 0.204777
-2.41192 0.203457
-2.40608 0.202048
-2.40024 0.20064
-2.3944 0.199232
-2.38856 0.197867
-2.38272 0.196458
-2.37688 0.195049
-2.37104 0.193639
-2.3652 0.192318
-2.35936 0.190865
-2.35352 0.189412
-2.34768 0.187914
-2.34184 0.186374
-2.336 0.184877
-2.33016 0.183293
-2.32432 0.181709
-2.31848 0.180124
-2.31264 0.17854
-2.3068 0.176998
-2.30096 0.175456
-2.29512 0.173959
-2.28928 0.172506
-2.28344 0.170919
-2.2776 0.169378
-2.27176 0.167878
-2.26592 0.166469
-2.26008 0.16506
-2.25424 0.16343
-2.2484 0.161757
-2.24256 0.160128
-2.23672 0.158455
-2.23088 0.156781
-2.22504 0.155152
-2.2192 0.153478
-2.21336 0.151805
-2.20752 0.150221
-2.20168 0.148547
-2.19584 0.146919
-2.19 0.145245
-2.18416 0.143572
-2.17832 0.141899
-2.17248 0.140225
-2.16664 0.138509
-2.1608 0.13688
-2.15496 0.135163
-2.14912 0.133532
-2.14328 0.131903
-2.13744 0.130185
-2.1316 0.128511
-2.12576 0.126836
-2.11992 0.125118
-2.11408 0.123445
-2.10824 0.121728
-2.1024 0.12001
-2.09656 0.118294
-2.09072 0.116619
-2.08488 0.115367
-2.07904 0.113736
-2.0732 0.112865
-2.06736 0.112166
-2.06152 0.110281
-2.05568 0.109878
-2.04984 0.108798
-2.044 0.10848
-2.03816 0.107448
-2.03232 0.106784
-2.02648 0.10604
-2.02064 0.106225
-2.0148 0.105268
-2.00896 0.104098
-2.00312 0.103904
-1.99728 0.102397
-1.99144 0.102032
-1.9856 0.102051
-1.97976 0.100636
-1.97392 0.100698
-1.96808 0.100878
-1.96224 0.0992451
-1.9564 0.0981318
-1.95056 0.0977166
-1.94472 0.0955486
-1.93888 0.0929817
-1.93304 0.0925415
-1.9272 0.0898155
-1.92136 0.0890268
-1.91552 0.0861751
-1.90968 0.0839614
-1.90384 0.082286
-1.898 0.0807891
-1.89216 0.0788214
-1.88632 0.076685
-1.88048 0.0737883
-1.87464 0.0715642
-1.8688 0.070289
-1.86296 0.0670522
-1.85712 0.0648795
-1.85128 0.0622821
-1.84544 0.0594787
-1.8396 0.0584086
-1.83376 0.0558984
-1.82792 0.0547055
-1.82208 0.0527511
-1.81624 0.0503707
-1.8104 0.0473106
-1.80456 0.0456458
-1.79872 0.0438608
-1.79288 0.0417763
-1.78704 0.0397713
-1.7812 0.0380281
-1.77536 0.0360716
-1.76952 0.0338217
-1.76368 0.0318196
-1.75784 0.0302476
-1.752 0.0283339
-1.74616 0.0268001
-1.74032 0.0250997
-1.73448 0.0235712
-1.72864 0.0217066
-1.7228 0.0204747
-1.71696 0.0194101
-1.71112 0.0187323
-1.70528 0.0174214
-1.69944 0.0164055
-1.6936 0.014882
-1.68776 0.0139101
-1.68192 0.0132355
-1.67608 0.0123506
-1.67024 0.0126014
-1.6644 0.0124736
-1.65856 0.012429
-1.65272 0.0131458
-1.64688 0.0139499
-1.64104 0.0151751
-1.6352 0.0153963
-1.62936 0.0173016
-1.62352 0.0188741
-1.61768 0.0203586
-1.61184 0.0217246
-1.606 0.0219692
-1.60016 0.0242608
-1.59432 0.0246532
-1.58848 0.0273191
-1.58264 0.0296933
-1.5768 0.0302298
-1.57096 0.0318557
-1.56512 0.0327263
-1.55928 0.0356572
-1.55344 0.0354845
-1.5476 0.0358004
-1.54176 0.0370858
-1.53592 0.0397024
-1.53008 0.0428486
-1.52424 0.0443059
-1.5184 0.0423001
-1.51256 0.0444459
-1.50672 0.0452416
-1.50088 0.0495376
-1.49504 0.0489077
-1.4892 0.0525104
-1.48336 0.0538254
-1.47752 0.0563005
-1.47168 0.0583687
-1.46584 0.0613671
-1.46 0.0640583
-1.45416 0.067355
-1.44832 0.0675292
-1.44248 0.0695123
-1.43664 0.0702928
-1.4308 0.0731244
-1.42496 0.0751037
-1.41912 0.076973
-1.41328 0.0784094
-1.40744 0.0807799
-1.4016 0.0831598
-1.39576 0.0852864
-1.38992 0.0846108
-1.38408 0.0882558
-1.37824 0.0893142
-1.3724 0.0902304
-1.36656 0.0935331
-1.36072 0.0933864
-1.35488 0.0929508
-1.34904 0.0941542
-1.3432 0.0982468
-1.33736 0.099911
-1.33152 0.0997632
-1.32568 0.101934
-1.31984 0.103421
-1.314 0.103784
-1.30816 0.10809
-1.30232 0.1083
-1.29648 0.107813
-1.29064 0.110114
-1.2848 0.112371
-1.27896 0.113512
-1.27312 0.115889
-1.26728 0.119679
-1.26144 0.121424
-1.2556 0.123425
-1.24976 0.1266
-1.24392 0.129949
-1.23808 0.132373
-1.23224 0.135199
-1.2264 0.1364
-1.22056 0.137228
-1.21472 0.141204
-1.20888 0.142447
-1.20304 0.144168
-1.1972 0.144777
-1.19136 0.147658
-1.18552 0.148603
-1.17968 0.152153
-1.17384 0.153583
-1.168 0.155534
-1.16216 0.158118
-1.15632 0.157312
-1.15048 0.160574
-1.14464 0.162323
-1.1388 0.162309
-1.13296 0.163561
-1.12712 0.163841
-1.12128 0.168152
-1.11544 0.167431
-1.1096 0.169381
-1.10376 0.17046
-1.09792 0.17335
-1.09208 0.176825
-1.08624 0.178566
-1.0804 0.175969
-1.07456 0.17823
-1.06872 0.179375
-1.06288 0.183925
-1.05704 0.183062
-1.0512 0.187479
-1.04536 0.188514
-1.03952 0.191736
-1.03368 0.19441
-1.02784 0.19713
-1.022 0.199376
-1.01616 0.202478
-1.01032 0.202717
-1.00448 0.205549
-0.99864 0.205625
-0.9928 0.208974
-0.98696 0.210121
-0.98112 0.212214
-0.97528 0.212355
-0.96944 0.214266
-0.9636 0.216699
-0.95776 0.21828
-0.95192 0.219298
-0.94608 0.221261
-0.94024 0.222116
-0.9344 0.223118
-0.92856 0.225406
-0.92272 0.225387
-0.91688 0.223695
-0.91104 0.224805
-0.9052 0.227468
-0.89936 0.228333
-0.89352 0.229658
-0.88768 0.229755
-0.88184 0.23125
-0.876 0.230649
-0.87016 0.234687
-0.86432 0.233477
-0.85848 0.232868
-0.85264 0.23398
-0.8468 0.235463
-0.84096 0.237044
-0.83512 0.23748
-0.82928 0.240593
-0.82344 0.241622
-0.8176 0.242155
-0.81176 0.243003
-0.80592 0.245003
-0.80008 0.247077
-0.79424 0.247851
-0.7884 0.248999
-0.78256 0.249352
-0.77672 0.250702
-0.77088 0.250843
-0.76504 0.251575
-0.7592 0.252761
-0.75336 0.252648
-0.74752 0.25379
-0.74168 0.254845
-0.73584 0.254474
-0.73 0.25591
-0.72416 0.257098
-0.71832 0.256511
-0.71248 0.257652
-0.70664 0.258032
-0.7008 0.257201
-0.69496 0.257954
-0.68912 0.258457
-0.68328 0.25925
-0.67744 0.26009
-0.6716 0.260584
-0.66576 0.261591
-0.65992 0.262505
-0.65408 0.264303
-0.64824 0.265133
-0.6424 0.264295
-0.63656 0.265079
-0.63072 0.265859
-0.62488 0.266595
-0.61904 0.267245
-0.6132 0.268728
-0.60736 0.268869
-0.60152 0.268672
-0.59568 0.268672
-0.58984 0.268672
-0.584 0.268672
-0.57816 0.268672
-0.57232 0.268672
-0.56648 0.268672
-0.56064 0.268672
-0.5548 0.268672
-0.54896 0.268672
-0.54312 0.268672
-0.53728 0.268672
-0.53144 0.268672
-0.5256 0.268672
-0.51976 0.268672
-0.51392 0.268672
-0.50808 0.268672
-0.50224 0.268672
-0.4964 0.268672
-0.49056 0.268672
-0.48472 0.268672
-0.47888 0.268672
-0.47304 0.268672
-0.4672 0.268672
-0.46136 0.268672
-0.45552 0.268672
-0.44968 0.268672
-0.44384 0.268672
-0.438 0.268672
-0.43216 0.268672
-0.42632 0.268672
-0.42048 0.268672
-0.41464 0.268672
-0.4088 0.268672
-0.40296 0.268672
-0.39712 0.268672
-0.39128 0.268672
-0.38544 0.268672
-0.3796 0.268672
-0.37376 0.268672
-0.36792 0.268672
-0.36208 0.268672
-0.35624 0.268672
-0.3504 0.268672
-0.34456 0.268672
-0.33872 0.268672
-0.33288 0.268672
-0.32704 0.268672
-0.3212 0.268672
-0.31536 0.268672
-0.30952 0.268672
-0.30368 0.268672
-0.29784 0.268672
-0.292 0.268672
-0.28616 0.268672
-0.28032 0.268672
-0.27448 0.268672
-0.26864 0.268672
-0.2628 0.268672
-0.25696 0.268672
-0.25112 0.268672
-0.24528 0.268672
-0.23944 0.268672
-0.2336 0.268672
-0.22776 0.268672
-0.22192 0.268672
-0.21608 0.268672
-0.21024 0.268672
-0.2044 0.268672
-0.19856 0.268672
-0.19272 0.268672
-0.18688 0.268672
-0.18104 0.268672
-0.1752 0.268672
-0.16936 0.268672
-0.16352 0.268672
-0.15768 0.268672
-0.15184 0.268672
-0.146 0.268672
-0.14016 0.268672
-0.13432 0.268672
-0.12848 0.268672
-0.12264 0.268672
-0.1168 0.268672
-0.11096 0.268672
-0.10512 0.268672
-0.09928 0.268672
-0.09344 0.268672
-0.0876 0.268672
-0.08176 0.268672
-0.07592 0.268672
-0.07008 0.268672
-0.06424 0.268672
-0.0584 0.268672
-0.05256 0.268672
-0.04672 0.268672
-0.04088 0.268672
-0.03504 0.268672
-0.0292 0.268672
-0.02336 0.268672
-0.01752 0.268672
-0.01168 0.268672
-0.00584 0.268672
