-2.92 0.198874
-2.91416 0.198874
-2.90832 0.198874
-2.90248 0.198874
-2.89664 0.198874
-2.8908 0.198874
-2.88496 0.198874
-2.87912 0.198874
-2.87328 0.198874
-2.86744 0.198874
-2.8616 0.198874
-2.85576 0.198874
-2.84992 0.198874
-2.84408 0.198874
-2.83824 0.198874
-2.8324 0.198874
-2.82656 0.198874
-2.82072 0.198874
-2.81488 0.198874
-2.80904 0.198874
-2.8032 0.198874
-2.79736 0.198874
-2.79152 0.198874
-2.78568 0.198874
-2.77984 0.198874
-2.774 0.198874
-2.76816 0.198874
-2.76232 0.198874
-2.75648 0.198874
-2.75064 0.198874
-2.7448 0.198874
-2.73896 0.198874
-2.73312 0.198874
-2.72728 0.198874
-2.72144 0.198874
-2.7156 0.198874
-2.70976 0.198874
-2.70392 0.198874
-2.69808 0.198874
-2.69224 0.198874
-2.6864 0.198874
-2.68056 0.198874
-2.67472 0.198874
-2.66888 0.198874
-2.66304 0.198874
-2.6572 0.198874
-2.65136 0.198874
-2.64552 0.198874
-2.63968 0.198874
-2.63384 0.198874
-2.628 0.198874
-2.62216 0.198874
-2.61632 0.198874
-2.61048 0.198874
-2.60464 0.198874
-2.5988 0.198874
-2.59296 0.198565
-2.58712 0.198034
-2.58128 0.197458
-2.57544 0.196882
-2.5696 0.196218
-2.56376 0.19551
-2.55792 0.194802
-2.55208 0.194095
-2.54624 0.193386
-2.5404 0.192634
-2.53456 0.191925
-2.52872 0.191214
-2.52288 0.190459
-2.51704 0.189617
-2.5112 0.18873
-2.50536 0.187843
-2.49952 0.186959
-2.49368 0.186162
-2.48784 0.185321
-2.482 0.184655
-2.47616 0.18368
-2.47032 0.182706
-2.46448 0.181687
-2.45864 0.180669
-2.4528 0.179607
-2.44696 0.178545
-2.44112 0.177438
-2.43528 0.176289
-2.42944 0.175139
-2.4236 0.173988
-2.41776 0.172836
-2.41192 0.171728
-2.40608 0.170576
-2.40024 0.169337
-2.3944 0.168098
-2.38856 0.166947
-2.38272 0.165708
-2.37688 0.16447
-2.37104 0.163232
-2.3652 0.161993
-2.35936 0.160754
-2.35352 0.159516
-2.34768 0.158233
-2.34184 0.156996
-2.336 0.155713
-2.33016 0.154431
-2.32432 0.153104
-2.31848 0.151777
-2.31264 0.150494
-2.3068 0.149254
-2.30096 0.147924
-2.29512 0.146637
-2.28928 0.14535
-2.28344 0.143979
-2.2776 0.142694
-2.27176 0.14141
-2.26592 0.140257
-2.26008 0.139018
-2.25424 0.137645
-2.2484 0.136272
-2.24256 0.134853
-2.23672 0.133478
-2.23088 0.13206
-2.22504 0.130686
-2.2192 0.129312
-2.21336 0.127893
-2.20752 0.126475
-2.20168 0.125057
-2.19584 0.123683
-2.19 0.122308
-2.18416 0.120933
-2.17832 0.119515
-2.17248 0.118141
-2.16664 0.116767
-2.1608 0.115348
-2.15496 0.113888
-2.14912 0.112426
-2.14328 0.110964
-2.13744 0.109502
-2.1316 0.108085
-2.12576 0.106668
-2.11992 0.105206
-2.11408 0.103745
-2.10824 0.102327
-2.1024 0.100866
-2.09656 0.0994485
-2.09072 0.0980302
-2.08488 0.0970773
-2.07904 0.09604
-2.0732 0.0951282
-2.06736 0.0943867
-2.06152 0.0932229
-2.05568 0.0928681
-2.04984 0.0926779
-2.044 0.0916895
-2.03816 0.0914115
-2.03232 0.0911815
-2.02648 0.0902691
-2.02064 0.0904115
-2.0148 0.0895012
-2.00896 0.0889325
-2.00312 0.0901714
-1.99728 0.0886321
-1.99144 0.0891954
-1.9856 0.0889183
-1.97976 0.0879652
-1.97392 0.0881141
-1.96808 0.0880075
-1.96224 0.0877301
-1.9564 0.0860984
-1.95056 0.0865433
-1.94472 0.0839446
-1.93888 0.0829437
-1.93304 0.080095
-1.9272 0.0799489
-1.92136 0.0787823
-1.91552 0.0759299
-1.90968 0.0742582
-1.90384 0.0729738
-1.898 0.0717186
-1.89216 0.0703896
-1.88632 0.0663204
-1.88048 0.0657021
-1.87464 0.0623503
-1.8688 0.0621241
-1.86296 0.0597825
-1.85712 0.0576116
-1.85128 0.0554869
-1.84544 0.0531876
-1.8396 0.0511093
-1.83376 0.0499541
-1.82792 0.0485945
-1.82208 0.0462202
-1.81624 0.043974
-1.8104 0.0416806
-1.80456 0.0405262
-1.79872 0.0385665
-1.79288 0.0360558
-1.78704 0.0339354
-1.7812 0.0326117
-1.77536 0.0293882
-1.76952 0.0285705
-1.76368 0.0266134
-1.75784 0.0251725
-1.752 0.0238505
-1.74616 0.0221117
-1.74032 0.0201612
-1.73448 0.0192698
-1.72864 0.0179556
-1.7228 0.0166818
-1.71696 0.0156223
-1.71112 0.01511
-1.70528 0.0137987
-1.69944 0.0128262
-1.6936 0.0121086
-1.68776 0.0112623
-1.68192 0.0102885
-1.67608 0.00982403
-1.67024 0.00965541
-1.6644 0.0106229
-1.65856 0.0107153
-1.65272 0.0115609
-1.64688 0.0122835
-1.64104 0.0140137
-1.6352 0.0152485
-1.62936 0.0160135
-1.62352 0.0170796
-1.61768 0.019499
-1.61184 0.0201922
-1.606 0.0210895
-1.60016 0.0221341
-1.59432 0.0250487
-1.58848 0.0271627
-1.58264 0.0279305
-1.5768 0.0274607
-1.57096 0.0297569
-1.56512 0.0321789
-1.55928 0.0333774
-1.55344 0.0336557
-1.5476 0.0357372
-1.54176 0.0381366
-1.53592 0.0392553
-1.53008 0.0408018
-1.52424 0.0425129
-1.5184 0.0417634
-1.51256 0.0431096
-1.50672 0.0462707
-1.50088 0.045348
-1.49504 0.0466289
-1.4892 0.0511229
-1.48336 0.0527667
-1.47752 0.0555773
-1.47168 0.055667
-1.46584 0.0572649
-1.46 0.0621859
-1.45416 0.064301
-1.44832 0.0662744
-1.44248 0.0663718
-1.43664 0.0684818
-1.4308 0.0711871
-1.42496 0.0723989
-1.41912 0.0753439
-1.41328 0.0755848
-1.40744 0.0785693
-1.4016 0.0811808
-1.39576 0.0825101
-1.38992 0.0828493
-1.38408 0.0856879
-1.37824 0.0863353
-1.3724 0.0887774
-1.36656 0.0894631
-1.36072 0.0921687
-1.35488 0.088119
-1.34904 0.0896933
-1.3432 0.0935614
-1.33736 0.0948457
-1.33152 0.0944858
-1.32568 0.0961035
-1.31984 0.0992374
-1.314 0.101167
-1.30816 0.104736
-1.30232 0.102999
-1.29648 0.104796
-1.29064 0.105857
-1.2848 0.109148
-1.27896 0.109971
-1.27312 0.11127
-1.26728 0.114685
-1.26144 0.11848
-1.2556 0.119201
-1.24976 0.121535
-1.24392 0.124449
-1.23808 0.127522
-1.23224 0.128469
-1.2264 0.131209
-1.22056 0.133124
-1.21472 0.134862
-1.20888 0.136196
-1.20304 0.139859
-1.1972 0.140699
-1.19136 0.142561
-1.18552 0.143635
-1.17968 0.146772
-1.17384 0.147476
-1.168 0.148788
-1.16216 0.150289
-1.15632 0.154475
-1.15048 0.154795
-1.14464 0.156563
-1.1388 0.153257
-1.13296 0.156111
-1.12712 0.15934
-1.12128 0.160561
-1.11544 0.161161
-1.1096 0.162787
-1.10376 0.166442
-1.09792 0.166576
-1.09208 0.169884
-1.08624 0.171958
-1.0804 0.169653
-1.07456 0.171029
-1.06872 0.174767
-1.06288 0.173948
-1.05704 0.174836
-1.0512 0.18133
-1.04536 0.182651
-1.03952 0.185949
-1.03368 0.186607
-1.02784 0.187856
-1.022 0.19216
-1.01616 0.193869
-1.01032 0.196203
-1.00448 0.196439
-0.99864 0.198262
-0.9928 0.200362
-0.98696 0.202168
-0.98112 0.203246
-0.97528 0.204454
-0.96944 0.205768
-0.9636 0.208435
-0.95776 0.210108
-0.95192 0.210128
-0.94608 0.212043
-0.94024 0.213611
-0.9344 0.215558
-0.92856 0.215539
-0.92272 0.217067
-0.91688 0.213642
-0.91104 0.214291
-0.9052 0.216487
-0.89936 0.219119
-0.89352 0.218757
-0.88768 0.219404
-0.88184 0.220852
-0.876 0.221012
-0.87016 0.225588
-0.86432 0.222895
-0.85848 0.223847
-0.85264 0.223807
-0.8468 0.225002
-0.84096 0.225192
-0.83512 0.225329
-0.82928 0.229662
-0.82344 0.229754
-0.8176 0.23183
-0.81176 0.231173
-0.80592 0.232765
-0.80008 0.234594
-0.79424 0.235811
-0.7884 0.235705
-0.78256 0.237263
-0.77672 0.237353
-0.77088 0.235975
-0.76504 0.23854
-0.7592 0.238634
-0.75336 0.23821
-0.74752 0.23969
-0.74168 0.240998
-0.73584 0.240029
-0.73 0.240994
-0.72416 0.241127
-0.71832 0.241713
-0.71248 0.242595
-0.70664 0.24297
-0.7008 0.241047
-0.69496 0.24185
-0.68912 0.24234
-0.68328 0.242588
-0.67744 0.243511
-0.6716 0.243838
-0.66576 0.244713
-0.65992 0.245539
-0.65408 0.247131
-0.64824 0.248123
-0.6424 0.247108
-0.63656 0.247889
-0.63072 0.248583
-0.62488 0.249187
-0.61904 0.249791
-0.6132 0.251068
-0.60736 0.251205
-0.60152 0.251261
-0.59568 0.251261
-0.58984 0.251261
-0.584 0.251261
-0.57816 0.251261
-0.57232 0.251261
-0.56648 0.251261
-0.56064 0.251261
-0.5548 0.251261
-0.54896 0.251261
-0.54312 0.251261
-0.53728 0.251261
-0.53144 0.251261
-0.5256 0.251261
-0.51976 0.251261
-0.51392 0.251261
-0.50808 0.251261
-0.50224 0.251261
-0.4964 0.251261
-0.49056 0.251261
-0.48472 0.251261
-0.47888 0.251261
-0.47304 0.251261
-0.4672 0.251261
-0.46136 0.251261
-0.45552 0.251261
-0.44968 0.251261
-0.44384 0.251261
-0.438 0.251261
-0.43216 0.251261
-0.42632 0.251261
-0.42048 0.251261
-0.41464 0.251261
-0.4088 0.251261
-0.40296 0.251261
-0.39712 0.251261
-0.39128 0.251261
-0.38544 0.251261
-0.3796 0.251261
-0.37376 0.251261
-0.36792 0.251261
-0.36208 0.251261
-0.35624 0.251261
-0.3504 0.251261
-0.34456 0.251261
-0.33872 0.251261
-0.33288 0.251261
-0.32704 0.251261
-0.3212 0.251261
-0.31536 0.251261
-0.30952 0.251261
-0.30368 0.251261
-0.29784 0.251261
-0.292 0.251261
-0.28616 0.251261
-0.28032 0.251261
-0.27448 0.251261
-0.26864 0.251261
-0.2628 0.251261
-0.25696 0.251261
-0.25112 0.251261
-0.24528 0.251261
-0.23944 0.251261
-0.2336 0.251261
-0.22776 0.251261
-0.22192 0.251261
-0.21608 0.251261
-0.21024 0.251261
-0.2044 0.251261
-0.19856 0.251261
-0.19272 0.251261
-0.18688 0.251261
-0.18104 0.251261
-0.1752 0.251261
-0.16936 0.251261
-0.16352 0.251261
-0.15768 0.251261
-0.15184 0.251261
-0.146 0.251261
-0.14016 0.251261
-0.13432 0.251261
-0.12848 0.251261
-0.12264 0.251261
-0.1168 0.251261
-0.11096 0.251261
-0.10512 0.251261
-0.09928 0.251261
-0.09344 0.251261
-0.0876 0.251261
-0.08176 0.251261
-0.07592 0.251261
-0.07008 0.251261
-0.06424 0.251261
-0.0584 0.251261
-0.05256 0.251261
-0.04672 0.251261
-0.04088 0.251261
-0.03504 0.251261
-0.0292 0.251261
-0.02336 0.251261
-0.01752 0.251261
-0.01168 0.251261
-0.00584 0.251261
