-2.92 0.327905
-2.91416 0.327905
-2.90832 0.327905
-2.90248 0.327905
-2.89664 0.327905
-2.8908 0.327905
-2.88496 0.327905
-2.87912 0.327905
-2.87328 0.327905
-2.86744 0.327905
-2.8616 0.327905
-2.85576 0.327905
-2.84992 0.327905
-2.84408 0.327905
-2.83824 0.327905
-2.8324 0.327905
-2.82656 0.327905
-2.82072 0.327905
-2.81488 0.327905
-2.80904 0.327905
-2.8032 0.327905
-2.79736 0.327905
-2.79152 0.327905
-2.78568 0.327905
-2.77984 0.327905
-2.774 0.327905
-2.76816 0.327905
-2.76232 0.327905
-2.75648 0.327905
-2.75064 0.327905
-2.7448 0.327905
-2.73896 0.327905
-2.73312 0.327905
-2.72728 0.327905
-2.72144 0.327905
-2.7156 0.327905
-2.70976 0.327905
-2.70392 0.327905
-2.69808 0.327905
-2.69224 0.327905
-2.6864 0.327905
-2.68056 0.327905
-2.67472 0.327905
-2.66888 0.327905
-2.66304 0.327905
-2.6572 0.327905
-2.65136 0.327905
-2.64552 0.327905
-2.63968 0.327905
-2.63384 0.327905
-2.628 0.327905
-2.62216 0.327905
-2.61632 0.327905
-2.61048 0.327905
-2.60464 0.327905
-2.5988 0.327905
-2.59296 0.327465
-2.58712 0.326981
-2.58128 0.326321
-2.57544 0.325574
-2.5696 0.324739
-2.56376 0.323905
-2.55792 0.323027
-2.55208 0.322105
-2.54624 0.32114
-2.5404 0.32013
-2.53456 0.319075
-2.52872 0.317931
-2.52288 0.3167
-2.51704 0.315424
-2.5112 0.314061
-2.50536 0.312653
-2.49952 0.311114
-2.49368 0.309707
-2.48784 0.308255
-2.482 0.306937
-2.47616 0.305311
-2.47032 0.303598
-2.46448 0.301842
-2.45864 0.299997
-2.4528 0.298152
-2.44696 0.296304
-2.44112 0.294458
-2.43528 0.292524
-2.42944 0.290635
-2.4236 0.288744
-2.41776 0.286853
-2.41192 0.284874
-2.40608 0.282939
-2.40024 0.281047
-2.3944 0.279024
-2.38856 0.277044
-2.38272 0.275018
-2.37688 0.272992
-2.37104 0.270967
-2.3652 0.268811
-2.35936 0.266655
-2.35352 0.264543
-2.34768 0.262385
-2.34184 0.260183
-2.336 0.257937
-2.33016 0.255736
-2.32432 0.253533
-2.31848 0.251287
-2.31264 0.249041
-2.3068 0.246839
-2.30096 0.244638
-2.29512 0.242437
-2.28928 0.240235
-2.28344 0.237945
-2.2776 0.235744
-2.27176 0.23363
-2.26592 0.231518
-2.26008 0.229536
-2.25424 0.227245
-2.2484 0.225
-2.24256 0.222754
-2.23672 0.220463
-2.23088 0.218172
-2.22504 0.215926
-2.2192 0.213636
-2.21336 0.21139
-2.20752 0.209187
-2.20168 0.206897
-2.19584 0.204651
-2.19 0.20236
-2.18416 0.200159
-2.17832 0.197871
-2.17248 0.195625
-2.16664 0.193291
-2.1608 0.191
-2.15496 0.188753
-2.14912 0.186461
-2.14328 0.18417
-2.13744 0.181879
-2.1316 0.179631
-2.12576 0.177384
-2.11992 0.17505
-2.11408 0.17276
-2.10824 0.170425
-2.1024 0.168178
-2.09656 0.165886
-2.09072 0.164186
-2.08488 0.161938
-2.07904 0.16041
-2.0732 0.158793
-2.06736 0.15722
-2.06152 0.155647
-2.05568 0.1545
-2.04984 0.152677
-2.044 0.15217
-2.03816 0.151068
-2.03232 0.149535
-2.02648 0.148217
-2.02064 0.147187
-2.0148 0.145995
-2.00896 0.144882
-2.00312 0.143655
-1.99728 0.142206
-1.99144 0.141265
-1.9856 0.140287
-1.97976 0.139046
-1.97392 0.138542
-1.96808 0.137436
-1.96224 0.13595
-1.9564 0.133917
-1.95056 0.131452
-1.94472 0.131531
-1.93888 0.127084
-1.93304 0.125092
-1.9272 0.123352
-1.92136 0.121739
-1.91552 0.120089
-1.90968 0.117153
-1.90384 0.113734
-1.898 0.109544
-1.89216 0.109202
-1.88632 0.105774
-1.88048 0.103566
-1.87464 0.101159
-1.8688 0.0985216
-1.86296 0.0957785
-1.85712 0.0926082
-1.85128 0.0892604
-1.84544 0.0890048
-1.8396 0.0851551
-1.83376 0.0810967
-1.82792 0.079328
-1.82208 0.0765048
-1.81624 0.0733362
-1.8104 0.0701119
-1.80456 0.0678321
-1.79872 0.0643248
-1.79288 0.0608604
-1.78704 0.0573937
-1.7812 0.0557943
-1.77536 0.051783
-1.76952 0.0484989
-1.76368 0.0468584
-1.75784 0.0444541
-1.752 0.0409141
-1.74616 0.039069
-1.74032 0.0364138
-1.73448 0.0336421
-1.72864 0.0318772
-1.7228 0.029652
-1.71696 0.027094
-1.71112 0.02584
-1.70528 0.0241283
-1.69944 0.0225437
-1.6936 0.0208355
-1.68776 0.0198396
-1.68192 0.0182647
-1.67608 0.0175293
-1.67024 0.0172169
-1.6644 0.0173705
-1.65856 0.0170686
-1.65272 0.0171463
-1.64688 0.0176478
-1.64104 0.0181136
-1.6352 0.0198018
-1.62936 0.021361
-1.62352 0.0225939
-1.61768 0.0246316
-1.61184 0.0241375
-1.606 0.0260565
-1.60016 0.0276429
-1.59432 0.0301817
-1.58848 0.0311608
-1.58264 0.0340823
-1.5768 0.0334662
-1.57096 0.0352595
-1.56512 0.03707
-1.55928 0.0403054
-1.55344 0.0407141
-1.5476 0.0445339
-1.54176 0.0446734
-1.53592 0.0474967
-1.53008 0.0497898
-1.52424 0.051734
-1.5184 0.0528148
-1.51256 0.0536221
-1.50672 0.0571897
-1.50088 0.0584619
-1.49504 0.0609206
-1.4892 0.0658506
-1.48336 0.066088
-1.47752 0.0689643
-1.47168 0.0722783
-1.46584 0.0756752
-1.46 0.079865
-1.45416 0.0822598
-1.44832 0.0851142
-1.44248 0.0894835
-1.43664 0.090098
-1.4308 0.0932415
-1.42496 0.0935161
-1.41912 0.0997722
-1.41328 0.101032
-1.40744 0.102851
-1.4016 0.10574
-1.39576 0.110681
-1.38992 0.112292
-1.38408 0.115276
-1.37824 0.116532
-1.3724 0.118799
-1.36656 0.122582
-1.36072 0.122716
-1.35488 0.125043
-1.34904 0.125537
-1.3432 0.129855
-1.33736 0.131571
-1.33152 0.133388
-1.32568 0.137743
-1.31984 0.140137
-1.314 0.141295
-1.30816 0.146261
-1.30232 0.144296
-1.29648 0.147919
-1.29064 0.152227
-1.2848 0.152361
-1.27896 0.15552
-1.27312 0.157023
-1.26728 0.163886
-1.26144 0.167369
-1.2556 0.17005
-1.24976 0.172674
-1.24392 0.176851
-1.23808 0.181711
-1.23224 0.182864
-1.2264 0.188257
-1.22056 0.189004
-1.21472 0.193506
-1.20888 0.193621
-1.20304 0.195985
-1.1972 0.200555
-1.19136 0.205162
-1.18552 0.204797
-1.17968 0.210389
-1.17384 0.210149
-1.168 0.212387
-1.16216 0.217424
-1.15632 0.219362
-1.15048 0.221553
-1.14464 0.223964
-1.1388 0.222682
-1.13296 0.224619
-1.12712 0.228162
-1.12128 0.231504
-1.11544 0.233993
-1.1096 0.238418
-1.10376 0.238438
-1.09792 0.243187
-1.09208 0.245147
-1.08624 0.247545
-1.0804 0.246997
-1.07456 0.250077
-1.06872 0.25204
-1.06288 0.255741
-1.05704 0.258015
-1.0512 0.263733
-1.04536 0.265721
-1.03952 0.26928
-1.03368 0.271842
-1.02784 0.275134
-1.022 0.279475
-1.01616 0.282929
-1.01032 0.284333
-1.00448 0.289131
-0.99864 0.288553
-0.9928 0.293816
-0.98696 0.292591
-0.98112 0.298865
-0.97528 0.299511
-0.96944 0.301675
-0.9636 0.304576
-0.95776 0.307778
-0.95192 0.310733
-0.94608 0.313818
-0.94024 0.314919
-0.9344 0.316441
-0.92856 0.319043
-0.92272 0.319032
-0.91688 0.320979
-0.91104 0.321773
-0.9052 0.324756
-0.89936 0.326244
-0.89352 0.327881
-0.88768 0.330788
-0.88184 0.332431
-0.876 0.332799
-0.87016 0.337874
-0.86432 0.334194
-0.85848 0.33613
-0.85264 0.337615
-0.8468 0.338406
-0.84096 0.339696
-0.83512 0.340495
-0.82928 0.345313
-0.82344 0.346918
-0.8176 0.347618
-0.81176 0.348163
-0.80592 0.351853
-0.80008 0.353546
-0.79424 0.353531
-0.7884 0.356294
-0.78256 0.356758
-0.77672 0.358377
-0.77088 0.359166
-0.76504 0.360301
-0.7592 0.362124
-0.75336 0.363746
-0.74752 0.363242
-0.74168 0.365255
-0.73584 0.366073
-0.73 0.367702
-0.72416 0.368783
-0.71832 0.369769
-0.71248 0.370297
-0.70664 0.371407
-0.7008 0.36997
-0.69496 0.371205
-0.68912 0.372401
-0.68328 0.373085
-0.67744 0.374108
-0.6716 0.375212
-0.66576 0.37618
-0.65992 0.377569
-0.65408 0.379491
-0.64824 0.38067
-0.6424 0.380094
-0.63656 0.381221
-0.63072 0.382178
-0.62488 0.383172
-0.61904 0.384123
-0.6132 0.385995
-0.60736 0.38648
-0.60152 0.386372
-0.59568 0.386372
-0.58984 0.386372
-0.584 0.386372
-0.57816 0.386372
-0.57232 0.386372
-0.56648 0.386372
-0.56064 0.386372
-0.5548 0.386372
-0.54896 0.386372
-0.54312 0.386372
-0.53728 0.386372
-0.53144 0.386372
-0.5256 0.386372
-0.51976 0.386372
-0.51392 0.386372
-0.50808 0.386372
-0.50224 0.386372
-0.4964 0.386372
-0.49056 0.386372
-0.48472 0.386372
-0.47888 0.386372
-0.47304 0.386372
-0.4672 0.386372
-0.46136 0.386372
-0.45552 0.386372
-0.44968 0.386372
-0.44384 0.386372
-0.438 0.386372
-0.43216 0.386372
-0.42632 0.386372
-0.42048 0.386372
-0.41464 0.386372
-0.4088 0.386372
-0.40296 0.386372
-0.39712 0.386372
-0.39128 0.386372
-0.38544 0.386372
-0.3796 0.386372
-0.37376 0.386372
-0.36792 0.386372
-0.36208 0.386372
-0.35624 0.386372
-0.3504 0.386372
-0.34456 0.386372
-0.33872 0.386372
-0.33288 0.386372
-0.32704 0.386372
-0.3212 0.386372
-0.31536 0.386372
-0.30952 0.386372
-0.30368 0.386372
-0.29784 0.386372
-0.292 0.386372
-0.28616 0.386372
-0.28032 0.386372
-0.27448 0.386372
-0.26864 0.386372
-0.2628 0.386372
-0.25696 0.386372
-0.25112 0.386372
-0.24528 0.386372
-0.23944 0.386372
-0.2336 0.386372
-0.22776 0.386372
-0.22192 0.386372
-0.21608 0.386372
-0.21024 0.386372
-0.2044 0.386372
-0.19856 0.386372
-0.19272 0.386372
-0.18688 0.386372
-0.18104 0.386372
-0.1752 0.386372
-0.16936 0.386372
-0.16352 0.386372
-0.15768 0.386372
-0.15184 0.386372
-0.146 0.386372
-0.14016 0.386372
-0.13432 0.386372
-0.12848 0.386372
-0.12264 0.386372
-0.1168 0.386372
-0.11096 0.386372
-0.10512 0.386372
-0.09928 0.386372
-0.09344 0.386372
-0.0876 0.386372
-0.08176 0.386372
-0.07592 0.386372
-0.07008 0.386372
-0.06424 0.386372
-0.0584 0.386372
-0.05256 0.386372
-0.04672 0.386372
-0.04088 0.386372
-0.03504 0.386372
-0.0292 0.386372
-0.02336 0.386372
-0.01752 0.386372
-0.01168 0.386372
-0.00584 0.386372
