-2.92 0.148303
-2.91416 0.148303
-2.90832 0.148303
-2.90248 0.148303
-2.89664 0.148303
-2.8908 0.148303
-2.88496 0.148303
-2.87912 0.148303
-2.87328 0.148303
-2.86744 0.148303
-2.8616 0.148303
-2.85576 0.148303
-2.84992 0.148303
-2.84408 0.148303
-2.83824 0.148303
-2.8324 0.148303
-2.82656 0.148303
-2.82072 0.148303
-2.81488 0.148303
-2.80904 0.148303
-2.8032 0.148303
-2.79736 0.148303
-2.79152 0.148303
-2.78568 0.148303
-2.77984 0.148303
-2.774 0.148303
-2.76816 0.148303
-2.76232 0.148303
-2.75648 0.148303
-2.75064 0.148303
-2.7448 0.148303
-2.73896 0.148303
-2.73312 0.148303
-2.72728 0.148303
-2.72144 0.148303
-2.7156 0.148303
-2.70976 0.148303
-2.70392 0.148303
-2.69808 0.148303
-2.69224 0.148303
-2.6864 0.148303
-2.68056 0.148303
-2.67472 0.148303
-2.66888 0.148303
-2.66304 0.148303
-2.6572 0.148303
-2.65136 0.148303
-2.64552 0.148303
-2.63968 0.148303
-2.63384 0.148303
-2.628 0.148303
-2.62216 0.148303
-2.61632 0.148303
-2.61048 0.148303
-2.60464 0.148303
-2.5988 0.148303
-2.59296 0.148256
-2.58712 0.148165
-2.58128 0.14803
-2.57544 0.147852
-2.5696 0.14763
-2.56376 0.14732
-2.55792 0.146967
-2.55208 0.146613
-2.54624 0.146215
-2.5404 0.145818
-2.53456 0.145464
-2.52872 0.145023
-2.52288 0.144538
-2.51704 0.144053
-2.5112 0.143613
-2.50536 0.143085
-2.49952 0.142512
-2.49368 0.14194
-2.48784 0.141324
-2.482 0.140667
-2.47616 0.139964
-2.47032 0.139216
-2.46448 0.138468
-2.45864 0.13772
-2.4528 0.136972
-2.44696 0.136267
-2.44112 0.135431
-2.43528 0.134552
-2.42944 0.133629
-2.4236 0.132663
-2.41776 0.13174
-2.41192 0.130774
-2.40608 0.129852
-2.40024 0.128886
-2.3944 0.12792
-2.38856 0.126997
-2.38272 0.126031
-2.37688 0.125109
-2.37104 0.124143
-2.3652 0.123219
-2.35936 0.122252
-2.35352 0.121285
-2.34768 0.120318
-2.34184 0.119307
-2.336 0.118296
-2.33016 0.117286
-2.32432 0.116231
-2.31848 0.115134
-2.31264 0.11408
-2.3068 0.112983
-2.30096 0.111928
-2.29512 0.110962
-2.28928 0.109951
-2.28344 0.108853
-2.2776 0.107842
-2.27176 0.106788
-2.26592 0.105735
-2.26008 0.104727
-2.25424 0.103673
-2.2484 0.102575
-2.24256 0.101521
-2.23672 0.100423
-2.23088 0.0993255
-2.22504 0.0982711
-2.2192 0.0971734
-2.21336 0.0960756
-2.20752 0.0949778
-2.20168 0.0938801
-2.19584 0.0928258
-2.19 0.091728
-2.18416 0.0906748
-2.17832 0.089577
-2.17248 0.0884793
-2.16664 0.087426
-2.1608 0.0863728
-2.15496 0.085275
-2.14912 0.0841773
-2.14328 0.0831234
-2.13744 0.0820256
-2.1316 0.0809723
-2.12576 0.079918
-2.11992 0.0788202
-2.11408 0.0777659
-2.10824 0.0766681
-2.1024 0.0756138
-2.09656 0.0745607
-2.09072 0.0734629
-2.08488 0.0723651
-2.07904 0.0713108
-2.0732 0.0703445
-2.06736 0.0693336
-2.06152 0.0682793
-2.05568 0.0672684
-2.04984 0.0665122
-2.044 0.0658432
-2.03816 0.0649162
-2.03232 0.0646259
-2.02648 0.0639961
-2.02064 0.0638321
-2.0148 0.0632013
-2.00896 0.0627816
-2.00312 0.0627048
-1.99728 0.0620316
-1.99144 0.0623774
-1.9856 0.061959
-1.97976 0.0613274
-1.97392 0.0622273
-1.96808 0.0615988
-1.96224 0.0619448
-1.9564 0.0619088
-1.95056 0.0608558
-1.94472 0.0611169
-1.93888 0.0607857
-1.93304 0.0601552
-1.9272 0.0583775
-1.92136 0.0561355
-1.91552 0.0554623
-1.90968 0.0546224
-1.90384 0.0525482
-1.898 0.0506431
-1.89216 0.0478887
-1.88632 0.0470063
-1.88048 0.0458249
-1.87464 0.0439211
-1.8688 0.0424418
-1.86296 0.0407507
-1.85712 0.0392734
-1.85128 0.0372465
-1.84544 0.0362786
-1.8396 0.0342928
-1.83376 0.0336205
-1.82792 0.0312987
-1.82208 0.0302935
-1.81624 0.028223
-1.8104 0.0276388
-1.80456 0.0256535
-1.79872 0.024515
-1.79288 0.0232538
-1.78704 0.0220759
-1.7812 0.020939
-1.77536 0.0196337
-1.76952 0.0183706
-1.76368 0.0174052
-1.75784 0.0161
-1.752 0.0151767
-1.74616 0.0137472
-1.74032 0.0126598
-1.73448 0.0117413
-1.72864 0.0110779
-1.7228 0.0101209
-1.71696 0.00971099
-1.71112 0.00896532
-1.70528 0.00826369
-1.69944 0.00739225
-1.6936 0.00707404
-1.68776 0.00658596
-1.68192 0.00601419
-1.67608 0.00552839
-1.67024 0.00538093
-1.6644 0.0055728
-1.65856 0.0064447
-1.65272 0.00760834
-1.64688 0.00881759
-1.64104 0.0103286
-1.6352 0.0109098
-1.62936 0.0138161
-1.62352 0.015794
-1.61768 0.0181564
-1.61184 0.0183619
-1.606 0.019926
-1.60016 0.0219552
-1.59432 0.0220453
-1.58848 0.023026
-1.58264 0.022361
-1.5768 0.0233872
-1.57096 0.0253937
-1.56512 0.0259609
-1.55928 0.0257625
-1.55344 0.0256958
-1.5476 0.0287137
-1.54176 0.0294936
-1.53592 0.0312902
-1.53008 0.0321769
-1.52424 0.0308172
-1.5184 0.0329112
-1.51256 0.0338179
-1.50672 0.0346454
-1.50088 0.0361943
-1.49504 0.0385393
-1.4892 0.03924
-1.48336 0.0416372
-1.47752 0.0428094
-1.47168 0.0443583
-1.46584 0.044176
-1.46 0.0457263
-1.45416 0.0482636
-1.44832 0.0484699
-1.44248 0.0498637
-1.43664 0.051671
-1.4308 0.0537393
-1.42496 0.0548326
-1.41912 0.05627
-1.41328 0.0587671
-1.40744 0.0605446
-1.4016 0.0615036
-1.39576 0.0612574
-1.38992 0.0643418
-1.38408 0.0631265
-1.37824 0.0649872
-1.3724 0.0667613
-1.36656 0.0671897
-1.36072 0.0686643
-1.35488 0.0710714
-1.34904 0.072633
-1.3432 0.0725088
-1.33736 0.0753
-1.33152 0.0761031
-1.32568 0.0800807
-1.31984 0.0816007
-1.314 0.0803679
-1.30816 0.0842887
-1.30232 0.0831303
-1.29648 0.0846505
-1.29064 0.0863492
-1.2848 0.0877036
-1.27896 0.0922137
-1.27312 0.0925156
-1.26728 0.0943367
-1.26144 0.0960755
-1.2556 0.0983542
-1.24976 0.0994315
-1.24392 0.101537
-1.23808 0.102735
-1.23224 0.103511
-1.2264 0.103934
-1.22056 0.10731
-1.21472 0.109176
-1.20888 0.110828
-1.20304 0.113465
-1.1972 0.112876
-1.19136 0.115679
-1.18552 0.118171
-1.17968 0.120148
-1.17384 0.119874
-1.168 0.122032
-1.16216 0.12196
-1.15632 0.122768
-1.15048 0.124462
-1.14464 0.12476
-1.1388 0.126676
-1.13296 0.129005
-1.12712 0.131378
-1.12128 0.131126
-1.11544 0.132179
-1.1096 0.136291
-1.10376 0.136842
-1.09792 0.139975
-1.09208 0.141238
-1.08624 0.139656
-1.0804 0.142117
-1.07456 0.143125
-1.06872 0.144737
-1.06288 0.146436
-1.05704 0.150148
-1.0512 0.151255
-1.04536 0.153577
-1.03952 0.155443
-1.03368 0.1568
-1.02784 0.156884
-1.022 0.159085
-1.01616 0.161511
-1.01032 0.161516
-1.00448 0.163297
-0.99864 0.164093
-0.9928 0.16639
-0.98696 0.167361
-0.98112 0.168754
-0.97528 0.171641
-0.96944 0.173251
-0.9636 0.17367
-0.95776 0.173552
-0.95192 0.175798
-0.94608 0.174502
-0.94024 0.175982
-0.9344 0.177256
-0.92856 0.178318
-0.92272 0.179251
-0.91688 0.18187
-0.91104 0.182883
-0.9052 0.182547
-0.89936 0.185046
-0.89352 0.18589
-0.88768 0.189486
-0.88184 0.190286
-0.876 0.189686
-0.87016 0.192088
-0.86432 0.190887
-0.85848 0.191556
-0.85264 0.192329
-0.8468 0.192749
-0.84096 0.197255
-0.83512 0.19692
-0.82928 0.197128
-0.82344 0.198399
-0.8176 0.199538
-0.81176 0.200343
-0.80592 0.200892
-0.80008 0.201779
-0.79424 0.201903
-0.7884 0.202072
-0.78256 0.204139
-0.77672 0.204395
-0.77088 0.20481
-0.76504 0.206417
-0.7592 0.206118
-0.75336 0.207127
-0.74752 0.207967
-0.74168 0.208632
-0.73584 0.209133
-0.73 0.210393
-0.72416 0.208865
-0.71832 0.209275
-0.71248 0.210237
-0.70664 0.210392
-0.7008 0.21109
-0.69496 0.211836
-0.68912 0.212198
-0.68328 0.213024
-0.67744 0.213723
-0.6716 0.214505
-0.66576 0.215541
-0.65992 0.216067
-0.65408 0.217032
-0.64824 0.216473
-0.6424 0.217169
-0.63656 0.217816
-0.63072 0.218419
-0.62488 0.219023
-0.61904 0.220257
-0.6132 0.220646
-0.60736 0.220655
-0.60152 0.220661
-0.59568 0.220661
-0.58984 0.220661
-0.584 0.220661
-0.57816 0.220661
-0.57232 0.220661
-0.56648 0.220661
-0.56064 0.220661
-0.5548 0.220661
-0.54896 0.220661
-0.54312 0.220661
-0.53728 0.220661
-0.53144 0.220661
-0.5256 0.220661
-0.51976 0.220661
-0.51392 0.220661
-0.50808 0.220661
-0.50224 0.220661
-0.4964 0.220661
-0.49056 0.220661
-0.48472 0.220661
-0.47888 0.220661
-0.47304 0.220661
-0.4672 0.220661
-0.46136 0.220661
-0.45552 0.220661
-0.44968 0.220661
-0.44384 0.220661
-0.438 0.220661
-0.43216 0.220661
-0.42632 0.220661
-0.42048 0.220661
-0.41464 0.220661
-0.4088 0.220661
-0.40296 0.220661
-0.39712 0.220661
-0.39128 0.220661
-0.38544 0.220661
-0.3796 0.220661
-0.37376 0.220661
-0.36792 0.220661
-0.36208 0.220661
-0.35624 0.220661
-0.3504 0.220661
-0.34456 0.220661
-0.33872 0.220661
-0.33288 0.220661
-0.32704 0.220661
-0.3212 0.220661
-0.31536 0.220661
-0.30952 0.220661
-0.30368 0.220661
-0.29784 0.220661
-0.292 0.220661
-0.28616 0.220661
-0.28032 0.220661
-0.27448 0.220661
-0.26864 0.220661
-0.2628 0.220661
-0.25696 0.220661
-0.25112 0.220661
-0.24528 0.220661
-0.23944 0.220661
-0.2336 0.220661
-0.22776 0.220661
-0.22192 0.220661
-0.21608 0.220661
-0.21024 0.220661
-0.2044 0.220661
-0.19856 0.220661
-0.19272 0.220661
-0.18688 0.220661
-0.18104 0.220661
-0.1752 0.220661
-0.16936 0.220661
-0.16352 0.220661
-0.15768 0.220661
-0.15184 0.220661
-0.146 0.220661
-0.14016 0.220661
-0.13432 0.220661
-0.12848 0.220661
-0.12264 0.220661
-0.1168 0.220661
-0.11096 0.220661
-0.10512 0.220661
-0.09928 0.220661
-0.09344 0.220661
-0.0876 0.220661
-0.08176 0.220661
-0.07592 0.220661
-0.07008 0.220661
-0.06424 0.220661
-0.0584 0.220661
-0.05256 0.220661
-0.04672 0.220661
-0.04088 0.220661
-0.03504 0.220661
-0.0292 0.220661
-0.02336 0.220661
-0.01752 0.220661
-0.01168 0.220661
-0.00584 0.220661
