-2.92 0.174688
-2.91416 0.174688
-2.90832 0.174688
-2.90248 0.174688
-2.89664 0.174688
-2.8908 0.174688
-2.88496 0.174688
-2.87912 0.174688
-2.87328 0.174688
-2.86744 0.174688
-2.8616 0.174688
-2.85576 0.174688
-2.84992 0.174688
-2.84408 0.174688
-2.83824 0.174688
-2.8324 0.174688
-2.82656 0.174688
-2.82072 0.174688
-2.81488 0.174688
-2.80904 0.174688
-2.8032 0.174688
-2.79736 0.174688
-2.79152 0.174688
-2.78568 0.174688
-2.77984 0.174688
-2.774 0.174688
-2.76816 0.174688
-2.76232 0.174688
-2.75648 0.174688
-2.75064 0.174688
-2.7448 0.174688
-2.73896 0.174688
-2.73312 0.174688
-2.72728 0.174688
-2.72144 0.174688
-2.7156 0.174688
-2.70976 0.174688
-2.70392 0.174688
-2.69808 0.174688
-2.69224 0.174688
-2.6864 0.174688
-2.68056 0.174688
-2.67472 0.174688
-2.66888 0.174688
-2.66304 0.174688
-2.6572 0.174688
-2.65136 0.174688
-2.64552 0.174688
-2.63968 0.174688
-2.63384 0.174688
-2.628 0.174688
-2.62216 0.174688
-2.61632 0.174688
-2.61048 0.174688
-2.60464 0.174688
-2.5988 0.174688
-2.59296 0.17451
-2.58712 0.174198
-2.58128 0.173796
-2.57544 0.173307
-2.5696 0.172818
-2.56376 0.172285
-2.55792 0.171709
-2.55208 0.171089
-2.54624 0.170469
-2.5404 0.169849
-2.53456 0.169229
-2.52872 0.168608
-2.52288 0.168031
-2.51704 0.167364
-2.5112 0.166741
-2.50536 0.16603
-2.49952 0.165363
-2.49368 0.164698
-2.48784 0.164033
-2.482 0.163413
-2.47616 0.162571
-2.47032 0.161729
-2.46448 0.160887
-2.45864 0.16
-2.4528 0.159114
-2.44696 0.158183
-2.44112 0.157208
-2.43528 0.156234
-2.42944 0.155215
-2.4236 0.154194
-2.41776 0.153175
-2.41192 0.1522
-2.40608 0.151178
-2.40024 0.150158
-2.3944 0.149093
-2.38856 0.148073
-2.38272 0.146965
-2.37688 0.1459
-2.37104 0.144792
-2.3652 0.143727
-2.35936 0.142618
-2.35352 0.141511
-2.34768 0.140403
-2.34184 0.139252
-2.336 0.138058
-2.33016 0.136907
-2.32432 0.135667
-2.31848 0.134428
-2.31264 0.133188
-2.3068 0.131992
-2.30096 0.130751
-2.29512 0.12951
-2.28928 0.128226
-2.28344 0.126985
-2.2776 0.125745
-2.27176 0.124639
-2.26592 0.123489
-2.26008 0.122383
-2.25424 0.121098
-2.2484 0.119814
-2.24256 0.118573
-2.23672 0.117289
-2.23088 0.116004
-2.22504 0.114764
-2.2192 0.113479
-2.21336 0.112195
-2.20752 0.110955
-2.20168 0.109671
-2.19584 0.108432
-2.19 0.107148
-2.18416 0.105907
-2.17832 0.104667
-2.17248 0.103471
-2.16664 0.102187
-2.1608 0.100902
-2.15496 0.0996616
-2.14912 0.0983773
-2.14328 0.0971365
-2.13744 0.0958522
-2.1316 0.0946117
-2.12576 0.0933719
-2.11992 0.0920876
-2.11408 0.090849
-2.10824 0.0895647
-2.1024 0.0882804
-2.09656 0.0869961
-2.09072 0.0857117
-2.08488 0.0845155
-2.07904 0.0832312
-2.0732 0.0819905
-2.06736 0.0807061
-2.06152 0.0795099
-2.05568 0.0783147
-2.04984 0.0776331
-2.044 0.0767393
-2.03816 0.0757118
-2.03232 0.0751065
-2.02648 0.0742902
-2.02064 0.0734303
-2.0148 0.0730777
-2.00896 0.0725597
-2.00312 0.0725075
-1.99728 0.0720299
-1.99144 0.0716818
-1.9856 0.0708222
-1.97976 0.0706429
-1.97392 0.0702526
-1.96808 0.0701582
-1.96224 0.0694707
-1.9564 0.0694605
-1.95056 0.0684766
-1.94472 0.0694852
-1.93888 0.0672657
-1.93304 0.0666278
-1.9272 0.0655921
-1.92136 0.0632463
-1.91552 0.0610275
-1.90968 0.0602993
-1.90384 0.0577793
-1.898 0.0565003
-1.89216 0.0554307
-1.88632 0.0524623
-1.88048 0.0508227
-1.87464 0.0497128
-1.8688 0.0478356
-1.86296 0.0453232
-1.85712 0.0439179
-1.85128 0.0424257
-1.84544 0.0411449
-1.8396 0.0390196
-1.83376 0.037456
-1.82792 0.036172
-1.82208 0.0344805
-1.81624 0.0326067
-1.8104 0.0320081
-1.80456 0.0301358
-1.79872 0.0284765
-1.79288 0.027155
-1.78704 0.0256672
-1.7812 0.0242624
-1.77536 0.0233252
-1.76952 0.0220099
-1.76368 0.0210319
-1.75784 0.0195914
-1.752 0.018446
-1.74616 0.0171762
-1.74032 0.0160353
-1.73448 0.0149378
-1.72864 0.014219
-1.7228 0.0130813
-1.71696 0.0125364
-1.71112 0.0116946
-1.70528 0.0111086
-1.69944 0.00984528
-1.6936 0.00931727
-1.68776 0.00867746
-1.68192 0.00800749
-1.67608 0.00743836
-1.67024 0.00735186
-1.6644 0.00766013
-1.65856 0.00818247
-1.65272 0.00880644
-1.64688 0.0102016
-1.64104 0.0112734
-1.6352 0.0128206
-1.62936 0.0147813
-1.62352 0.0159948
-1.61768 0.0165168
-1.61184 0.0187007
-1.606 0.019584
-1.60016 0.0191937
-1.59432 0.0224537
-1.58848 0.0223771
-1.58264 0.0218361
-1.5768 0.0236696
-1.57096 0.0236573
-1.56512 0.0245225
-1.55928 0.0247945
-1.55344 0.025733
-1.5476 0.0274369
-1.54176 0.029957
-1.53592 0.03053
-1.53008 0.0310287
-1.52424 0.0309396
-1.5184 0.0318521
-1.51256 0.0338653
-1.50672 0.033011
-1.50088 0.0348938
-1.49504 0.0388985
-1.4892 0.0406553
-1.48336 0.0416153
-1.47752 0.0417757
-1.47168 0.0427028
-1.46584 0.043656
-1.46 0.0468227
-1.45416 0.0479936
-1.44832 0.0483426
-1.44248 0.0522486
-1.43664 0.0522413
-1.4308 0.0547739
-1.42496 0.0550018
-1.41912 0.0572174
-1.41328 0.0586084
-1.40744 0.0589412
-1.4016 0.060308
-1.39576 0.0628374
-1.38992 0.0659565
-1.38408 0.0622504
-1.37824 0.0655117
-1.3724 0.067569
-1.36656 0.0686356
-1.36072 0.0690574
-1.35488 0.0710887
-1.34904 0.0729126
-1.3432 0.0742298
-1.33736 0.0773557
-1.33152 0.0789793
-1.32568 0.0827895
-1.31984 0.0831732
-1.314 0.0836876
-1.30816 0.0842304
-1.30232 0.0859406
-1.29648 0.0867138
-1.29064 0.0897724
-1.2848 0.0911762
-1.27896 0.0947248
-1.27312 0.0968443
-1.26728 0.0987172
-1.26144 0.0999082
-1.2556 0.101832
-1.24976 0.103326
-1.24392 0.106838
-1.23808 0.10706
-1.23224 0.109569
-1.2264 0.110923
-1.22056 0.112884
-1.21472 0.114016
-1.20888 0.117262
-1.20304 0.117451
-1.1972 0.120219
-1.19136 0.123184
-1.18552 0.12344
-1.17968 0.12562
-1.17384 0.127633
-1.168 0.127552
-1.16216 0.127361
-1.15632 0.130926
-1.15048 0.132074
-1.14464 0.132182
-1.1388 0.135444
-1.13296 0.136671
-1.12712 0.138033
-1.12128 0.138755
-1.11544 0.142813
-1.1096 0.144766
-1.10376 0.147746
-1.09792 0.148605
-1.09208 0.150567
-1.08624 0.15004
-1.0804 0.150744
-1.07456 0.153675
-1.06872 0.153354
-1.06288 0.155638
-1.05704 0.16128
-1.0512 0.162979
-1.04536 0.164431
-1.03952 0.165331
-1.03368 0.166325
-1.02784 0.167427
-1.022 0.170778
-1.01616 0.172611
-1.01032 0.173049
-1.00448 0.17675
-0.99864 0.17717
-0.9928 0.179635
-0.98696 0.180425
-0.98112 0.181898
-0.97528 0.183133
-0.96944 0.18449
-0.9636 0.185409
-0.95776 0.188116
-0.95192 0.190485
-0.94608 0.187467
-0.94024 0.1904
-0.9344 0.191875
-0.92856 0.193541
-0.92272 0.194309
-0.91688 0.195033
-0.91104 0.196609
-0.9052 0.198186
-0.89936 0.20085
-0.89352 0.202768
-0.88768 0.205773
-0.88184 0.205778
-0.876 0.205869
-0.87016 0.207251
-0.86432 0.20744
-0.85848 0.208504
-0.85264 0.20957
-0.8468 0.211351
-0.84096 0.213074
-0.83512 0.214178
-0.82928 0.215107
-0.82344 0.215574
-0.8176 0.217091
-0.81176 0.21718
-0.80592 0.219333
-0.80008 0.218871
-0.79424 0.219589
-0.7884 0.220765
-0.78256 0.221482
-0.77672 0.221907
-0.77088 0.223294
-0.76504 0.223244
-0.7592 0.224597
-0.75336 0.225219
-0.74752 0.225585
-0.74168 0.226515
-0.73584 0.227853
-0.73 0.227594
-0.72416 0.226537
-0.71832 0.227281
-0.71248 0.228283
-0.70664 0.228482
-0.7008 0.229321
-0.69496 0.230083
-0.68912 0.230725
-0.68328 0.231474
-0.67744 0.232299
-0.6716 0.233172
-0.66576 0.234339
-0.65992 0.23491
-0.65408 0.236002
-0.64824 0.235402
-0.6424 0.236097
-0.63656 0.236703
-0.63072 0.237227
-0.62488 0.237702
-0.61904 0.238849
-0.6132 0.239068
-0.60736 0.23899
-0.60152 0.238955
-0.59568 0.238955
-0.58984 0.238955
-0.584 0.238955
-0.57816 0.238955
-0.57232 0.238955
-0.56648 0.238955
-0.56064 0.238955
-0.5548 0.238955
-0.54896 0.238955
-0.54312 0.238955
-0.53728 0.238955
-0.53144 0.238955
-0.5256 0.238955
-0.51976 0.238955
-0.51392 0.238955
-0.50808 0.238955
-0.50224 0.238955
-0.4964 0.238955
-0.49056 0.238955
-0.48472 0.238955
-0.47888 0.238955
-0.47304 0.238955
-0.4672 0.238955
-0.46136 0.238955
-0.45552 0.238955
-0.44968 0.238955
-0.44384 0.238955
-0.438 0.238955
-0.43216 0.238955
-0.42632 0.238955
-0.42048 0.238955
-0.41464 0.238955
-0.4088 0.238955
-0.40296 0.238955
-0.39712 0.238955
-0.39128 0.238955
-0.38544 0.238955
-0.3796 0.238955
-0.37376 0.238955
-0.36792 0.238955
-0.36208 0.238955
-0.35624 0.238955
-0.3504 0.238955
-0.34456 0.238955
-0.33872 0.238955
-0.33288 0.238955
-0.32704 0.238955
-0.3212 0.238955
-0.31536 0.238955
-0.30952 0.238955
-0.30368 0.238955
-0.29784 0.238955
-0.292 0.238955
-0.28616 0.238955
-0.28032 0.238955
-0.27448 0.238955
-0.26864 0.238955
-0.2628 0.238955
-0.25696 0.238955
-0.25112 0.238955
-0.24528 0.238955
-0.23944 0.238955
-0.2336 0.238955
-0.22776 0.238955
-0.22192 0.238955
-0.21608 0.238955
-0.21024 0.238955
-0.2044 0.238955
-0.19856 0.238955
-0.19272 0.238955
-0.18688 0.238955
-0.18104 0.238955
-0.1752 0.238955
-0.16936 0.238955
-0.16352 0.238955
-0.15768 0.238955
-0.15184 0.238955
-0.146 0.238955
-0.14016 0.238955
-0.13432 0.238955
-0.12848 0.238955
-0.12264 0.238955
-0.1168 0.238955
-0.11096 0.238955
-0.10512 0.238955
-0.09928 0.238955
-0.09344 0.238955
-0.0876 0.238955
-0.08176 0.238955
-0.07592 0.238955
-0.07008 0.238955
-0.06424 0.238955
-0.0584 0.238955
-0.05256 0.238955
-0.04672 0.238955
-0.04088 0.238955
-0.03504 0.238955
-0.0292 0.238955
-0.02336 0.238955
-0.01752 0.238955
-0.01168 0.238955
-0.00584 0.238955
