-2.92 0.168738
-2.91416 0.168738
-2.90832 0.168738
-2.90248 0.168738
-2.89664 0.168738
-2.8908 0.168738
-2.88496 0.168738
-2.87912 0.168738
-2.87328 0.168738
-2.86744 0.168738
-2.8616 0.168738
-2.85576 0.168738
-2.84992 0.168738
-2.84408 0.168738
-2.83824 0.168738
-2.8324 0.168738
-2.82656 0.168738
-2.82072 0.168738
-2.81488 0.168738
-2.80904 0.168738
-2.8032 0.168738
-2.79736 0.168738
-2.79152 0.168738
-2.78568 0.168738
-2.77984 0.168738
-2.774 0.168738
-2.76816 0.168738
-2.76232 0.168738
-2.75648 0.168738
-2.75064 0.168738
-2.7448 0.168738
-2.73896 0.168738
-2.73312 0.168738
-2.72728 0.168738
-2.72144 0.168738
-2.7156 0.168738
-2.70976 0.168738
-2.70392 0.168738
-2.69808 0.168738
-2.69224 0.168738
-2.6864 0.168738
-2.68056 0.168738
-2.67472 0.168738
-2.66888 0.168738
-2.66304 0.168738
-2.6572 0.168738
-2.65136 0.168738
-2.64552 0.168738
-2.63968 0.168738
-2.63384 0.168738
-2.628 0.168738
-2.62216 0.168738
-2.61632 0.168738
-2.61048 0.168738
-2.60464 0.168738
-2.5988 0.168738
-2.59296 0.168561
-2.58712 0.16834
-2.58128 0.168032
-2.57544 0.167724
-2.5696 0.167373
-2.56376 0.166934
-2.55792 0.166495
-2.55208 0.166012
-2.54624 0.165529
-2.5404 0.165002
-2.53456 0.164519
-2.52872 0.163991
-2.52288 0.163419
-2.51704 0.162802
-2.5112 0.162229
-2.50536 0.161567
-2.49952 0.160861
-2.49368 0.160199
-2.48784 0.159406
-2.482 0.158789
-2.47616 0.157909
-2.47032 0.157027
-2.46448 0.156145
-2.45864 0.155175
-2.4528 0.154206
-2.44696 0.153236
-2.44112 0.152266
-2.43528 0.151296
-2.42944 0.150326
-2.4236 0.149355
-2.41776 0.148384
-2.41192 0.147414
-2.40608 0.146442
-2.40024 0.14547
-2.3944 0.144455
-2.38856 0.143528
-2.38272 0.142511
-2.37688 0.141539
-2.37104 0.140479
-2.3652 0.139507
-2.35936 0.138491
-2.35352 0.137474
-2.34768 0.136459
-2.34184 0.135444
-2.336 0.134429
-2.33016 0.133369
-2.32432 0.132353
-2.31848 0.131338
-2.31264 0.130278
-2.3068 0.129262
-2.30096 0.128158
-2.29512 0.1271
-2.28928 0.125996
-2.28344 0.12485
-2.2776 0.123746
-2.27176 0.122686
-2.26592 0.121583
-2.26008 0.120613
-2.25424 0.119378
-2.2484 0.118143
-2.24256 0.116908
-2.23672 0.115674
-2.23088 0.114395
-2.22504 0.113118
-2.2192 0.11184
-2.21336 0.110605
-2.20752 0.109372
-2.20168 0.108093
-2.19584 0.106816
-2.19 0.105538
-2.18416 0.10426
-2.17832 0.102982
-2.17248 0.101748
-2.16664 0.10047
-2.1608 0.0991492
-2.15496 0.097871
-2.14912 0.0965928
-2.14328 0.0953591
-2.13744 0.0940809
-2.1316 0.0927592
-2.12576 0.0914821
-2.11992 0.090205
-2.11408 0.0889279
-2.10824 0.0876508
-2.1024 0.0863291
-2.09656 0.085052
-2.09072 0.0838173
-2.08488 0.0824956
-2.07904 0.0811739
-2.0732 0.0799838
-2.06736 0.0787501
-2.06152 0.0774285
-2.05568 0.0761937
-2.04984 0.0749155
-2.044 0.0738146
-2.03816 0.072493
-2.03232 0.0712137
-2.02648 0.0698496
-2.02064 0.0686128
-2.0148 0.0672496
-2.00896 0.0660573
-2.00312 0.0647802
-1.99728 0.0634161
-1.99144 0.0622694
-1.9856 0.0610346
-1.97976 0.0597119
-1.97392 0.0585207
-1.96808 0.0572446
-1.96224 0.0563505
-1.9564 0.055413
-1.95056 0.0546038
-1.94472 0.0539604
-1.93888 0.0532435
-1.93304 0.0528093
-1.9272 0.0526422
-1.92136 0.0520909
-1.91552 0.0519218
-1.90968 0.0515022
-1.90384 0.0514999
-1.898 0.0513311
-1.89216 0.0514985
-1.88632 0.0503157
-1.88048 0.0515511
-1.87464 0.0498929
-1.8688 0.0510877
-1.86296 0.0507923
-1.85712 0.0503706
-1.85128 0.0523712
-1.84544 0.0522865
-1.8396 0.0524685
-1.83376 0.051323
-1.82792 0.0524321
-1.82208 0.052021
-1.81624 0.0529563
-1.8104 0.0533466
-1.80456 0.0533858
-1.79872 0.0540229
-1.79288 0.0542
-1.78704 0.0543316
-1.7812 0.0563287
-1.77536 0.0559205
-1.76952 0.0545162
-1.76368 0.0554113
-1.75784 0.056869
-1.752 0.0568827
-1.74616 0.0576511
-1.74032 0.0585933
-1.73448 0.0592834
-1.72864 0.0591642
-1.7228 0.0608812
-1.71696 0.0616512
-1.71112 0.0612822
-1.70528 0.0613395
-1.69944 0.0636105
-1.6936 0.0652362
-1.68776 0.0643976
-1.68192 0.0675612
-1.67608 0.0693225
-1.67024 0.0686585
-1.6644 0.0685248
-1.65856 0.0693084
-1.65272 0.0707376
-1.64688 0.0699344
-1.64104 0.0697751
-1.6352 0.0733771
-1.62936 0.0728625
-1.62352 0.0727545
-1.61768 0.0729553
-1.61184 0.0746961
-1.606 0.0751127
-1.60016 0.0772363
-1.59432 0.076506
-1.58848 0.0790289
-1.58264 0.0788311
-1.5768 0.0801098
-1.57096 0.0821165
-1.56512 0.0851006
-1.55928 0.0847623
-1.55344 0.0833046
-1.5476 0.0842685
-1.54176 0.087966
-1.53592 0.0889168
-1.53008 0.0894032
-1.52424 0.0911221
-1.5184 0.0932647
-1.51256 0.0938301
-1.50672 0.0941427
-1.50088 0.098337
-1.49504 0.0965784
-1.4892 0.101407
-1.48336 0.101199
-1.47752 0.102255
-1.47168 0.102832
-1.46584 0.10362
-1.46 0.105176
-1.45416 0.10706
-1.44832 0.1051
-1.44248 0.107543
-1.43664 0.107376
-1.4308 0.110861
-1.42496 0.112635
-1.41912 0.112276
-1.41328 0.114767
-1.40744 0.115516
-1.4016 0.117851
-1.39576 0.116052
-1.38992 0.118288
-1.38408 0.119468
-1.37824 0.121234
-1.3724 0.122504
-1.36656 0.123629
-1.36072 0.125347
-1.35488 0.128266
-1.34904 0.126217
-1.3432 0.128587
-1.33736 0.128831
-1.33152 0.12911
-1.32568 0.13177
-1.31984 0.133722
-1.314 0.13377
-1.30816 0.134906
-1.30232 0.135782
-1.29648 0.137896
-1.29064 0.140851
-1.2848 0.141403
-1.27896 0.143849
-1.27312 0.141517
-1.26728 0.142099
-1.26144 0.145618
-1.2556 0.145876
-1.24976 0.146368
-1.24392 0.15009
-1.23808 0.151168
-1.23224 0.151059
-1.2264 0.150762
-1.22056 0.152796
-1.21472 0.154528
-1.20888 0.153439
-1.20304 0.153256
-1.1972 0.157921
-1.19136 0.158212
-1.18552 0.158585
-1.17968 0.160728
-1.17384 0.160725
-1.168 0.161314
-1.16216 0.163311
-1.15632 0.16338
-1.15048 0.164989
-1.14464 0.166046
-1.1388 0.166799
-1.13296 0.170284
-1.12712 0.170652
-1.12128 0.170551
-1.11544 0.168857
-1.1096 0.170594
-1.10376 0.173175
-1.09792 0.173244
-1.09208 0.17369
-1.08624 0.174103
-1.0804 0.176268
-1.07456 0.176288
-1.06872 0.177719
-1.06288 0.180357
-1.05704 0.177763
-1.0512 0.18095
-1.04536 0.180675
-1.03952 0.180385
-1.03368 0.180546
-1.02784 0.181554
-1.022 0.181254
-1.01616 0.181792
-1.01032 0.179456
-1.00448 0.180086
-0.99864 0.178318
-0.9928 0.180662
-0.98696 0.179516
-0.98112 0.178692
-0.97528 0.178867
-0.96944 0.179146
-0.9636 0.179322
-0.95776 0.177064
-0.95192 0.178585
-0.94608 0.178279
-0.94024 0.178191
-0.9344 0.178346
-0.92856 0.178676
-0.92272 0.1782
-0.91688 0.178698
-0.91104 0.176785
-0.9052 0.178172
-0.89936 0.175786
-0.89352 0.176241
-0.88768 0.176308
-0.88184 0.176636
-0.876 0.17584
-0.87016 0.175575
-0.86432 0.175757
-0.85848 0.175082
-0.85264 0.17544
-0.8468 0.174534
-0.84096 0.174099
-0.83512 0.17366
-0.82928 0.173017
-0.82344 0.174026
-0.8176 0.173628
-0.81176 0.172042
-0.80592 0.173085
-0.80008 0.170661
-0.79424 0.171108
-0.7884 0.171092
-0.78256 0.169935
-0.77672 0.170851
-0.77088 0.17005
-0.76504 0.170234
-0.7592 0.170044
-0.75336 0.170195
-0.74752 0.169375
-0.74168 0.169737
-0.73584 0.170271
-0.73 0.169832
-0.72416 0.169938
-0.71832 0.170216
-0.71248 0.170451
-0.70664 0.170854
-0.7008 0.171384
-0.69496 0.171872
-0.68912 0.172323
-0.68328 0.172854
-0.67744 0.173681
-0.6716 0.174509
-0.66576 0.175082
-0.65992 0.175482
-0.65408 0.175358
-0.64824 0.17576
-0.6424 0.176283
-0.63656 0.177058
-0.63072 0.1772
-0.62488 0.177464
-0.61904 0.176925
-0.6132 0.176807
-0.60736 0.17677
-0.60152 0.176987
-0.59568 0.176987
-0.58984 0.176987
-0.584 0.176987
-0.57816 0.176987
-0.57232 0.176987
-0.56648 0.176987
-0.56064 0.176987
-0.5548 0.176987
-0.54896 0.176987
-0.54312 0.176987
-0.53728 0.176987
-0.53144 0.176987
-0.5256 0.176987
-0.51976 0.176987
-0.51392 0.176987
-0.50808 0.176987
-0.50224 0.176987
-0.4964 0.176987
-0.49056 0.176987
-0.48472 0.176987
-0.47888 0.176987
-0.47304 0.176987
-0.4672 0.176987
-0.46136 0.176987
-0.45552 0.176987
-0.44968 0.176987
-0.44384 0.176987
-0.438 0.176987
-0.43216 0.176987
-0.42632 0.176987
-0.42048 0.176987
-0.41464 0.176987
-0.4088 0.176987
-0.40296 0.176987
-0.39712 0.176987
-0.39128 0.176987
-0.38544 0.176987
-0.3796 0.176987
-0.37376 0.176987
-0.36792 0.176987
-0.36208 0.176987
-0.35624 0.176987
-0.3504 0.176987
-0.34456 0.176987
-0.33872 0.176987
-0.33288 0.176987
-0.32704 0.176987
-0.3212 0.176987
-0.31536 0.176987
-0.30952 0.176987
-0.30368 0.176987
-0.29784 0.176987
-0.292 0.176987
-0.28616 0.176987
-0.28032 0.176987
-0.27448 0.176987
-0.26864 0.176987
-0.2628 0.176987
-0.25696 0.176987
-0.25112 0.176987
-0.24528 0.176987
-0.23944 0.176987
-0.2336 0.176987
-0.22776 0.176987
-0.22192 0.176987
-0.21608 0.176987
-0.21024 0.176987
-0.2044 0.176987
-0.19856 0.176987
-0.19272 0.176987
-0.18688 0.176987
-0.18104 0.176987
-0.1752 0.176987
-0.16936 0.176987
-0.16352 0.176987
-0.15768 0.176987
-0.15184 0.176987
-0.146 0.176987
-0.14016 0.176987
-0.13432 0.176987
-0.12848 0.176987
-0.12264 0.176987
-0.1168 0.176987
-0.11096 0.176987
-0.10512 0.176987
-0.09928 0.176987
-0.09344 0.176987
-0.0876 0.176987
-0.08176 0.176987
-0.07592 0.176987
-0.07008 0.176987
-0.06424 0.176987
-0.0584 0.176987
-0.05256 0.176987
-0.04672 0.176987
-0.04088 0.176987
-0.03504 0.176987
-0.0292 0.176987
-0.02336 0.176987
-0.01752 0.176987
-0.01168 0.176987
-0.00584 0.176987
