-2.92 0.160953
-2.91416 0.160953
-2.90832 0.160953
-2.90248 0.160953
-2.89664 0.160953
-2.8908 0.160953
-2.88496 0.160953
-2.87912 0.160953
-2.87328 0.160953
-2.86744 0.160953
-2.8616 0.160953
-2.85576 0.160953
-2.84992 0.160953
-2.84408 0.160953
-2.83824 0.160953
-2.8324 0.160953
-2.82656 0.160953
-2.82072 0.160953
-2.81488 0.160953
-2.80904 0.160953
-2.8032 0.160953
-2.79736 0.160953
-2.79152 0.160953
-2.78568 0.160953
-2.77984 0.160953
-2.774 0.160953
-2.76816 0.160953
-2.76232 0.160953
-2.75648 0.160953
-2.75064 0.160953
-2.7448 0.160953
-2.73896 0.160953
-2.73312 0.160953
-2.72728 0.160953
-2.72144 0.160953
-2.7156 0.160953
-2.70976 0.160953
-2.70392 0.160953
-2.69808 0.160953
-2.69224 0.160953
-2.6864 0.160953
-2.68056 0.160953
-2.67472 0.160953
-2.66888 0.160953
-2.66304 0.160953
-2.6572 0.160953
-2.65136 0.160953
-2.64552 0.160953
-2.63968 0.160953
-2.63384 0.160953
-2.628 0.160953
-2.62216 0.160953
-2.61632 0.160953
-2.61048 0.160953
-2.60464 0.160953
-2.5988 0.160953
-2.59296 0.160777
-2.58712 0.160558
-2.58128 0.16025
-2.57544 0.159853
-2.5696 0.159412
-2.56376 0.15897
-2.55792 0.158437
-2.55208 0.157816
-2.54624 0.157152
-2.5404 0.156401
-2.53456 0.155694
-2.52872 0.154942
-2.52288 0.154234
-2.51704 0.153483
-2.5112 0.152687
-2.50536 0.151936
-2.49952 0.151185
-2.49368 0.150433
-2.48784 0.149592
-2.482 0.14897
-2.47616 0.148128
-2.47032 0.147243
-2.46448 0.146357
-2.45864 0.145427
-2.4528 0.144497
-2.44696 0.143567
-2.44112 0.142637
-2.43528 0.141707
-2.42944 0.140733
-2.4236 0.139759
-2.41776 0.138786
-2.41192 0.137856
-2.40608 0.136838
-2.40024 0.13582
-2.3944 0.134801
-2.38856 0.133783
-2.38272 0.132765
-2.37688 0.13179
-2.37104 0.130772
-2.3652 0.129754
-2.35936 0.128736
-2.35352 0.127762
-2.34768 0.126789
-2.34184 0.125771
-2.336 0.124797
-2.33016 0.12378
-2.32432 0.122806
-2.31848 0.121832
-2.31264 0.120813
-2.3068 0.119882
-2.30096 0.118909
-2.29512 0.117847
-2.28928 0.11683
-2.28344 0.115811
-2.2776 0.114836
-2.27176 0.113864
-2.26592 0.112888
-2.26008 0.111958
-2.25424 0.110938
-2.2484 0.109876
-2.24256 0.108813
-2.23672 0.107707
-2.23088 0.106601
-2.22504 0.105494
-2.2192 0.104388
-2.21336 0.103281
-2.20752 0.102219
-2.20168 0.101112
-2.19584 0.100049
-2.19 0.098942
-2.18416 0.0978351
-2.17832 0.0966849
-2.17248 0.0955346
-2.16664 0.0943409
-2.1608 0.0931907
-2.15496 0.0919969
-2.14912 0.0908032
-2.14328 0.0896095
-2.13744 0.0884604
-2.1316 0.0872666
-2.12576 0.0861174
-2.11992 0.0849237
-2.11408 0.0837755
-2.10824 0.0826259
-2.1024 0.0814322
-2.09656 0.0802823
-2.09072 0.0791755
-2.08488 0.0780709
-2.07904 0.0769218
-2.0732 0.0757727
-2.06736 0.0746246
-2.06152 0.0735189
-2.05568 0.0724577
-2.04984 0.0715632
-2.044 0.0707163
-2.03816 0.069947
-2.03232 0.0696879
-2.02648 0.0688762
-2.02064 0.0683192
-2.0148 0.0678896
-2.00896 0.0669931
-2.00312 0.0667343
-1.99728 0.066603
-1.99144 0.0657528
-1.9856 0.0659197
-1.97976 0.0651527
-1.97392 0.0653206
-1.96808 0.0655302
-1.96224 0.0651459
-1.9564 0.0638703
-1.95056 0.0655645
-1.94472 0.0649277
-1.93888 0.0634927
-1.93304 0.0625473
-1.9272 0.0616125
-1.92136 0.0597829
-1.91552 0.0591586
-1.90968 0.0575366
-1.90384 0.0568005
-1.898 0.0552431
-1.89216 0.0531626
-1.88632 0.0508278
-1.88048 0.0493472
-1.87464 0.0479655
-1.8688 0.0459934
-1.86296 0.0448521
-1.85712 0.0440901
-1.85128 0.0421822
-1.84544 0.0411664
-1.8396 0.0383069
-1.83376 0.037734
-1.82792 0.0367176
-1.82208 0.0350249
-1.81624 0.0335334
-1.8104 0.0321418
-1.80456 0.0311213
-1.79872 0.0293826
-1.79288 0.0280053
-1.78704 0.0269633
-1.7812 0.0252209
-1.77536 0.0243349
-1.76952 0.0237412
-1.76368 0.0224539
-1.75784 0.0212863
-1.752 0.0198616
-1.74616 0.018958
-1.74032 0.0173926
-1.73448 0.0166483
-1.72864 0.0155794
-1.7228 0.0151123
-1.71696 0.0139298
-1.71112 0.0130081
-1.70528 0.0122467
-1.69944 0.0114923
-1.6936 0.0105698
-1.68776 0.0102308
-1.68192 0.00962784
-1.67608 0.0085459
-1.67024 0.00844206
-1.6644 0.00920922
-1.65856 0.00875392
-1.65272 0.00946494
-1.64688 0.0108881
-1.64104 0.0118388
-1.6352 0.0128743
-1.62936 0.014252
-1.62352 0.0165529
-1.61768 0.0183706
-1.61184 0.0194656
-1.606 0.0218125
-1.60016 0.0220373
-1.59432 0.0220185
-1.58848 0.0245092
-1.58264 0.0242822
-1.5768 0.0256373
-1.57096 0.0264544
-1.56512 0.0261306
-1.55928 0.0271995
-1.55344 0.0281865
-1.5476 0.0308164
-1.54176 0.0321088
-1.53592 0.0325725
-1.53008 0.0341615
-1.52424 0.0330636
-1.5184 0.0356538
-1.51256 0.036752
-1.50672 0.0378847
-1.50088 0.0381523
-1.49504 0.0423228
-1.4892 0.0437287
-1.48336 0.0449744
-1.47752 0.0470465
-1.47168 0.0480374
-1.46584 0.0491887
-1.46 0.0512832
-1.45416 0.0524237
-1.44832 0.0545845
-1.44248 0.0557274
-1.43664 0.0566804
-1.4308 0.0595375
-1.42496 0.0595859
-1.41912 0.0625379
-1.41328 0.0652153
-1.40744 0.0651561
-1.4016 0.0677785
-1.39576 0.0693046
-1.38992 0.0718226
-1.38408 0.0709633
-1.37824 0.0726774
-1.3724 0.0741761
-1.36656 0.0763499
-1.36072 0.0766074
-1.35488 0.079259
-1.34904 0.0812958
-1.3432 0.0820507
-1.33736 0.0844421
-1.33152 0.0862728
-1.32568 0.0883359
-1.31984 0.0900296
-1.314 0.0910757
-1.30816 0.0944938
-1.30232 0.0935909
-1.29648 0.0958073
-1.29064 0.097935
-1.2848 0.0986207
-1.27896 0.102972
-1.27312 0.10519
-1.26728 0.107283
-1.26144 0.10821
-1.2556 0.110435
-1.24976 0.112552
-1.24392 0.11463
-1.23808 0.115465
-1.23224 0.117827
-1.2264 0.119998
-1.22056 0.120926
-1.21472 0.123281
-1.20888 0.12488
-1.20304 0.127483
-1.1972 0.128899
-1.19136 0.130004
-1.18552 0.133994
-1.17968 0.135446
-1.17384 0.135819
-1.168 0.139241
-1.16216 0.139622
-1.15632 0.139477
-1.15048 0.142571
-1.14464 0.143558
-1.1388 0.146674
-1.13296 0.147707
-1.12712 0.149196
-1.12128 0.151304
-1.11544 0.15348
-1.1096 0.156596
-1.10376 0.157971
-1.09792 0.160285
-1.09208 0.162417
-1.08624 0.16081
-1.0804 0.16392
-1.07456 0.165433
-1.06872 0.16699
-1.06288 0.168112
-1.05704 0.173355
-1.0512 0.174826
-1.04536 0.176127
-1.03952 0.178391
-1.03368 0.179631
-1.02784 0.181702
-1.022 0.183136
-1.01616 0.184627
-1.01032 0.187098
-1.00448 0.188551
-0.99864 0.189792
-0.9928 0.192558
-0.98696 0.192658
-0.98112 0.195576
-0.97528 0.197592
-0.96944 0.198702
-0.9636 0.200007
-0.95776 0.202201
-0.95192 0.204212
-0.94608 0.202597
-0.94024 0.203859
-0.9344 0.206285
-0.92856 0.20778
-0.92272 0.208718
-0.91688 0.21008
-0.91104 0.212097
-0.9052 0.213023
-0.89936 0.214654
-0.89352 0.216912
-0.88768 0.219074
-0.88184 0.219857
-0.876 0.220003
-0.87016 0.223184
-0.86432 0.222361
-0.85848 0.222966
-0.85264 0.224038
-0.8468 0.225142
-0.84096 0.228817
-0.83512 0.229931
-0.82928 0.231083
-0.82344 0.232314
-0.8176 0.233471
-0.81176 0.233815
-0.80592 0.235225
-0.80008 0.235667
-0.79424 0.236658
-0.7884 0.237844
-0.78256 0.238558
-0.77672 0.239234
-0.77088 0.240512
-0.76504 0.241449
-0.7592 0.241452
-0.75336 0.242931
-0.74752 0.244077
-0.74168 0.244885
-0.73584 0.245901
-0.73 0.247085
-0.72416 0.245652
-0.71832 0.246961
-0.71248 0.247763
-0.70664 0.248602
-0.7008 0.249742
-0.69496 0.250127
-0.68912 0.250994
-0.68328 0.251916
-0.67744 0.252625
-0.6716 0.253749
-0.66576 0.254883
-0.65992 0.255675
-0.65408 0.256845
-0.64824 0.256335
-0.6424 0.257202
-0.63656 0.257989
-0.63072 0.258681
-0.62488 0.259285
-0.61904 0.260643
-0.6132 0.260785
-0.60736 0.261047
-0.60152 0.261057
-0.59568 0.261057
-0.58984 0.261057
-0.584 0.261057
-0.57816 0.261057
-0.57232 0.261057
-0.56648 0.261057
-0.56064 0.261057
-0.5548 0.261057
-0.54896 0.261057
-0.54312 0.261057
-0.53728 0.261057
-0.53144 0.261057
-0.5256 0.261057
-0.51976 0.261057
-0.51392 0.261057
-0.50808 0.261057
-0.50224 0.261057
-0.4964 0.261057
-0.49056 0.261057
-0.48472 0.261057
-0.47888 0.261057
-0.47304 0.261057
-0.4672 0.261057
-0.46136 0.261057
-0.45552 0.261057
-0.44968 0.261057
-0.44384 0.261057
-0.438 0.261057
-0.43216 0.261057
-0.42632 0.261057
-0.42048 0.261057
-0.41464 0.261057
-0.4088 0.261057
-0.40296 0.261057
-0.39712 0.261057
-0.39128 0.261057
-0.38544 0.261057
-0.3796 0.261057
-0.37376 0.261057
-0.36792 0.261057
-0.36208 0.261057
-0.35624 0.261057
-0.3504 0.261057
-0.34456 0.261057
-0.33872 0.261057
-0.33288 0.261057
-0.32704 0.261057
-0.3212 0.261057
-0.31536 0.261057
-0.30952 0.261057
-0.30368 0.261057
-0.29784 0.261057
-0.292 0.261057
-0.28616 0.261057
-0.28032 0.261057
-0.27448 0.261057
-0.26864 0.261057
-0.2628 0.261057
-0.25696 0.261057
-0.25112 0.261057
-0.24528 0.261057
-0.23944 0.261057
-0.2336 0.261057
-0.22776 0.261057
-0.22192 0.261057
-0.21608 0.261057
-0.21024 0.261057
-0.2044 0.261057
-0.19856 0.261057
-0.19272 0.261057
-0.18688 0.261057
-0.18104 0.261057
-0.1752 0.261057
-0.16936 0.261057
-0.16352 0.261057
-0.15768 0.261057
-0.15184 0.261057
-0.146 0.261057
-0.14016 0.261057
-0.13432 0.261057
-0.12848 0.261057
-0.12264 0.261057
-0.1168 0.261057
-0.11096 0.261057
-0.10512 0.261057
-0.09928 0.261057
-0.09344 0.261057
-0.0876 0.261057
-0.08176 0.261057
-0.07592 0.261057
-0.07008 0.261057
-0.06424 0.261057
-0.0584 0.261057
-0.05256 0.261057
-0.04672 0.261057
-0.04088 0.261057
-0.03504 0.261057
-0.0292 0.261057
-0.02336 0.261057
-0.01752 0.261057
-0.01168 0.261057
-0.00584 0.261057
