-2.92 0.173504
-2.91416 0.173504
-2.90832 0.173504
-2.90248 0.173504
-2.89664 0.173504
-2.8908 0.173504
-2.88496 0.173504
-2.87912 0.173504
-2.87328 0.173504
-2.86744 0.173504
-2.8616 0.173504
-2.85576 0.173504
-2.84992 0.173504
-2.84408 0.173504
-2.83824 0.173504
-2.8324 0.173504
-2.82656 0.173504
-2.82072 0.173504
-2.81488 0.173504
-2.80904 0.173504
-2.8032 0.173504
-2.79736 0.173504
-2.79152 0.173504
-2.78568 0.173504
-2.77984 0.173504
-2.774 0.173504
-2.76816 0.173504
-2.76232 0.173504
-2.75648 0.173504
-2.75064 0.173504
-2.7448 0.173504
-2.73896 0.173504
-2.73312 0.173504
-2.72728 0.173504
-2.72144 0.173504
-2.7156 0.173504
-2.70976 0.173504
-2.70392 0.173504
-2.69808 0.173504
-2.69224 0.173504
-2.6864 0.173504
-2.68056 0.173504
-2.67472 0.173504
-2.66888 0.173504
-2.66304 0.173504
-2.6572 0.173504
-2.65136 0.173504
-2.64552 0.173504
-2.63968 0.173504
-2.63384 0.173504
-2.628 0.173504
-2.62216 0.173504
-2.61632 0.173504
-2.61048 0.173504
-2.60464 0.173504
-2.5988 0.173504
-2.59296 0.173238
-2.58712 0.172799
-2.58128 0.172316
-2.57544 0.171832
-2.5696 0.171304
-2.56376 0.170688
-2.55792 0.170071
-2.55208 0.169367
-2.54624 0.16866
-2.5404 0.167954
-2.53456 0.167249
-2.52872 0.166587
-2.52288 0.165925
-2.51704 0.165176
-2.5112 0.16447
-2.50536 0.163719
-2.49952 0.162925
-2.49368 0.162219
-2.48784 0.161512
-2.482 0.160939
-2.47616 0.1601
-2.47032 0.159218
-2.46448 0.158336
-2.45864 0.157409
-2.4528 0.156483
-2.44696 0.155556
-2.44112 0.154629
-2.43528 0.153703
-2.42944 0.152776
-2.4236 0.151849
-2.41776 0.150923
-2.41192 0.149996
-2.40608 0.149113
-2.40024 0.148143
-2.3944 0.147173
-2.38856 0.146247
-2.38272 0.145232
-2.37688 0.144217
-2.37104 0.143157
-2.3652 0.142143
-2.35936 0.141083
-2.35352 0.140024
-2.34768 0.138965
-2.34184 0.137906
-2.336 0.136889
-2.33016 0.135786
-2.32432 0.134637
-2.31848 0.133489
-2.31264 0.132341
-2.3068 0.131281
-2.30096 0.13009
-2.29512 0.128986
-2.28928 0.127794
-2.28344 0.126559
-2.2776 0.125411
-2.27176 0.124306
-2.26592 0.123247
-2.26008 0.122232
-2.25424 0.120997
-2.2484 0.119717
-2.24256 0.118437
-2.23672 0.117157
-2.23088 0.115877
-2.22504 0.114686
-2.2192 0.113406
-2.21336 0.11217
-2.20752 0.11089
-2.20168 0.10961
-2.19584 0.10833
-2.19 0.10705
-2.18416 0.105812
-2.17832 0.104531
-2.17248 0.103295
-2.16664 0.10197
-2.1608 0.100689
-2.15496 0.0993645
-2.14912 0.09804
-2.14328 0.09676
-2.13744 0.0954355
-2.1316 0.0941109
-2.12576 0.0927864
-2.11992 0.0914627
-2.11408 0.0901817
-2.10824 0.0888571
-2.1024 0.0875326
-2.09656 0.0862091
-2.09072 0.0849737
-2.08488 0.0836927
-2.07904 0.082369
-2.0732 0.0811325
-2.06736 0.079896
-2.06152 0.0785715
-2.05568 0.0773784
-2.04984 0.0763136
-2.044 0.0756766
-2.03816 0.0746958
-2.03232 0.0739252
-2.02648 0.0731948
-2.02064 0.0729738
-2.0148 0.0721588
-2.00896 0.0715591
-2.00312 0.0708745
-1.99728 0.0709943
-1.99144 0.0701815
-1.9856 0.0703005
-1.97976 0.0693625
-1.97392 0.068418
-1.96808 0.0680786
-1.96224 0.0683262
-1.9564 0.0681929
-1.95056 0.0687845
-1.94472 0.0676736
-1.93888 0.0663099
-1.93304 0.0662199
-1.9272 0.064007
-1.92136 0.0623885
-1.91552 0.0604249
-1.90968 0.0582596
-1.90384 0.0574522
-1.898 0.0555809
-1.89216 0.054217
-1.88632 0.0524733
-1.88048 0.0508599
-1.87464 0.0490331
-1.8688 0.0465717
-1.86296 0.0454673
-1.85712 0.044832
-1.85128 0.0428361
-1.84544 0.0422896
-1.8396 0.0400001
-1.83376 0.0388141
-1.82792 0.0372048
-1.82208 0.0355201
-1.81624 0.034761
-1.8104 0.0331069
-1.80456 0.0320452
-1.79872 0.0312076
-1.79288 0.0292568
-1.78704 0.0281592
-1.7812 0.0269781
-1.77536 0.0255429
-1.76952 0.0247001
-1.76368 0.0239858
-1.75784 0.0226766
-1.752 0.0216254
-1.74616 0.0196791
-1.74032 0.0189643
-1.73448 0.0181659
-1.72864 0.0164426
-1.7228 0.01602
-1.71696 0.0153095
-1.71112 0.0143851
-1.70528 0.013673
-1.69944 0.0133877
-1.6936 0.011875
-1.68776 0.0117166
-1.68192 0.0109228
-1.67608 0.0102974
-1.67024 0.0102245
-1.6644 0.00994191
-1.65856 0.0108842
-1.65272 0.0121306
-1.64688 0.0129879
-1.64104 0.0137667
-1.6352 0.0158167
-1.62936 0.0169817
-1.62352 0.0169147
-1.61768 0.0194832
-1.61184 0.0198901
-1.606 0.0231446
-1.60016 0.0233458
-1.59432 0.024407
-1.58848 0.0231095
-1.58264 0.0244707
-1.5768 0.0252919
-1.57096 0.0267494
-1.56512 0.0277425
-1.55928 0.0276788
-1.55344 0.0293547
-1.5476 0.0328448
-1.54176 0.0322303
-1.53592 0.0343246
-1.53008 0.0347434
-1.52424 0.0342691
-1.5184 0.0350147
-1.51256 0.0360614
-1.50672 0.0381166
-1.50088 0.0389504
-1.49504 0.0441358
-1.4892 0.0450458
-1.48336 0.0451995
-1.47752 0.0469261
-1.47168 0.0474561
-1.46584 0.0489776
-1.46 0.0506949
-1.45416 0.0504344
-1.44832 0.052668
-1.44248 0.0547403
-1.43664 0.0562913
-1.4308 0.0564956
-1.42496 0.059405
-1.41912 0.0599918
-1.41328 0.0611324
-1.40744 0.0626935
-1.4016 0.0641737
-1.39576 0.0664474
-1.38992 0.0668199
-1.38408 0.0662846
-1.37824 0.068436
-1.3724 0.0711478
-1.36656 0.0723249
-1.36072 0.0733464
-1.35488 0.0729605
-1.34904 0.0753277
-1.3432 0.0776904
-1.33736 0.078635
-1.33152 0.0808359
-1.32568 0.0853186
-1.31984 0.0856189
-1.314 0.0851519
-1.30816 0.0861501
-1.30232 0.0851998
-1.29648 0.0890073
-1.29064 0.0902266
-1.2848 0.0917679
-1.27896 0.0939219
-1.27312 0.0975203
-1.26728 0.0987319
-1.26144 0.100438
-1.2556 0.103654
-1.24976 0.104798
-1.24392 0.105187
-1.23808 0.107564
-1.23224 0.108826
-1.2264 0.109532
-1.22056 0.110959
-1.21472 0.115878
-1.20888 0.116981
-1.20304 0.117547
-1.1972 0.119865
-1.19136 0.121572
-1.18552 0.121794
-1.17968 0.125095
-1.17384 0.12476
-1.168 0.127809
-1.16216 0.127751
-1.15632 0.130331
-1.15048 0.130085
-1.14464 0.132588
-1.1388 0.133267
-1.13296 0.135087
-1.12712 0.137978
-1.12128 0.13806
-1.11544 0.141171
-1.1096 0.14459
-1.10376 0.144894
-1.09792 0.148284
-1.09208 0.148653
-1.08624 0.147964
-1.0804 0.148551
-1.07456 0.150853
-1.06872 0.152159
-1.06288 0.154155
-1.05704 0.160154
-1.0512 0.159992
-1.04536 0.161556
-1.03952 0.164276
-1.03368 0.164277
-1.02784 0.166192
-1.022 0.168431
-1.01616 0.168652
-1.01032 0.170693
-1.00448 0.172177
-0.99864 0.174047
-0.9928 0.17506
-0.98696 0.177222
-0.98112 0.177269
-0.97528 0.178713
-0.96944 0.180152
-0.9636 0.182237
-0.95776 0.183969
-0.95192 0.184558
-0.94608 0.183948
-0.94024 0.185397
-0.9344 0.187298
-0.92856 0.188316
-0.92272 0.189421
-0.91688 0.189931
-0.91104 0.191537
-0.9052 0.193566
-0.89936 0.194416
-0.89352 0.196448
-0.88768 0.199414
-0.88184 0.199496
-0.876 0.199237
-0.87016 0.200883
-0.86432 0.199634
-0.85848 0.201699
-0.85264 0.20246
-0.8468 0.203651
-0.84096 0.20453
-0.83512 0.206901
-0.82928 0.207647
-0.82344 0.207988
-0.8176 0.209297
-0.81176 0.210095
-0.80592 0.209961
-0.80008 0.21165
-0.79424 0.211984
-0.7884 0.212411
-0.78256 0.212359
-0.77672 0.213837
-0.77088 0.214968
-0.76504 0.214586
-0.7592 0.215543
-0.75336 0.21668
-0.74752 0.217398
-0.74168 0.217128
-0.73584 0.218641
-0.73 0.219347
-0.72416 0.21825
-0.71832 0.218995
-0.71248 0.219535
-0.70664 0.22054
-0.7008 0.221118
-0.69496 0.221986
-0.68912 0.222608
-0.68328 0.223569
-0.67744 0.224316
-0.6716 0.225314
-0.66576 0.226222
-0.65992 0.227049
-0.65408 0.22776
-0.64824 0.227625
-0.6424 0.228407
-0.63656 0.229229
-0.63072 0.229923
-0.62488 0.230616
-0.61904 0.231976
-0.6132 0.232155
-0.60736 0.232374
-0.60152 0.232341
-0.59568 0.232341
-0.58984 0.232341
-0.584 0.232341
-0.57816 0.232341
-0.57232 0.232341
-0.56648 0.232341
-0.56064 0.232341
-0.5548 0.232341
-0.54896 0.232341
-0.54312 0.232341
-0.53728 0.232341
-0.53144 0.232341
-0.5256 0.232341
-0.51976 0.232341
-0.51392 0.232341
-0.50808 0.232341
-0.50224 0.232341
-0.4964 0.232341
-0.49056 0.232341
-0.48472 0.232341
-0.47888 0.232341
-0.47304 0.232341
-0.4672 0.232341
-0.46136 0.232341
-0.45552 0.232341
-0.44968 0.232341
-0.44384 0.232341
-0.438 0.232341
-0.43216 0.232341
-0.42632 0.232341
-0.42048 0.232341
-0.41464 0.232341
-0.4088 0.232341
-0.40296 0.232341
-0.39712 0.232341
-0.39128 0.232341
-0.38544 0.232341
-0.3796 0.232341
-0.37376 0.232341
-0.36792 0.232341
-0.36208 0.232341
-0.35624 0.232341
-0.3504 0.232341
-0.34456 0.232341
-0.33872 0.232341
-0.33288 0.232341
-0.32704 0.232341
-0.3212 0.232341
-0.31536 0.232341
-0.30952 0.232341
-0.30368 0.232341
-0.29784 0.232341
-0.292 0.232341
-0.28616 0.232341
-0.28032 0.232341
-0.27448 0.232341
-0.26864 0.232341
-0.2628 0.232341
-0.25696 0.232341
-0.25112 0.232341
-0.24528 0.232341
-0.23944 0.232341
-0.2336 0.232341
-0.22776 0.232341
-0.22192 0.232341
-0.21608 0.232341
-0.21024 0.232341
-0.2044 0.232341
-0.19856 0.232341
-0.19272 0.232341
-0.18688 0.232341
-0.18104 0.232341
-0.1752 0.232341
-0.16936 0.232341
-0.16352 0.232341
-0.15768 0.232341
-0.15184 0.232341
-0.146 0.232341
-0.14016 0.232341
-0.13432 0.232341
-0.12848 0.232341
-0.12264 0.232341
-0.1168 0.232341
-0.11096 0.232341
-0.10512 0.232341
-0.09928 0.232341
-0.09344 0.232341
-0.0876 0.232341
-0.08176 0.232341
-0.07592 0.232341
-0.07008 0.232341
-0.06424 0.232341
-0.0584 0.232341
-0.05256 0.232341
-0.04672 0.232341
-0.04088 0.232341
-0.03504 0.232341
-0.0292 0.232341
-0.02336 0.232341
-0.01752 0.232341
-0.01168 0.232341
-0.00584 0.232341
