-2.92 0.179031
-2.91416 0.179031
-2.90832 0.179031
-2.90248 0.179031
-2.89664 0.179031
-2.8908 0.179031
-2.88496 0.179031
-2.87912 0.179031
-2.87328 0.179031
-2.86744 0.179031
-2.8616 0.179031
-2.85576 0.179031
-2.84992 0.179031
-2.84408 0.179031
-2.83824 0.179031
-2.8324 0.179031
-2.82656 0.179031
-2.82072 0.179031
-2.81488 0.179031
-2.80904 0.179031
-2.8032 0.179031
-2.79736 0.179031
-2.79152 0.179031
-2.78568 0.179031
-2.77984 0.179031
-2.774 0.179031
-2.76816 0.179031
-2.76232 0.179031
-2.75648 0.179031
-2.75064 0.179031
-2.7448 0.179031
-2.73896 0.179031
-2.73312 0.179031
-2.72728 0.179031
-2.72144 0.179031
-2.7156 0.179031
-2.70976 0.179031
-2.70392 0.179031
-2.69808 0.179031
-2.69224 0.179031
-2.6864 0.179031
-2.68056 0.179031
-2.67472 0.179031
-2.66888 0.179031
-2.66304 0.179031
-2.6572 0.179031
-2.65136 0.179031
-2.64552 0.179031
-2.63968 0.179031
-2.63384 0.179031
-2.628 0.179031
-2.62216 0.179031
-2.61632 0.179031
-2.61048 0.179031
-2.60464 0.179031
-2.5988 0.179031
-2.59296 0.178855
-2.58712 0.178546
-2.58128 0.178063
-2.57544 0.177533
-2.5696 0.177004
-2.56376 0.176475
-2.55792 0.175902
-2.55208 0.175328
-2.54624 0.174711
-2.5404 0.174094
-2.53456 0.17352
-2.52872 0.172903
-2.52288 0.172284
-2.51704 0.171622
-2.5112 0.170917
-2.50536 0.170256
-2.49952 0.169552
-2.49368 0.168933
-2.48784 0.168316
-2.482 0.167742
-2.47616 0.166992
-2.47032 0.166198
-2.46448 0.165403
-2.45864 0.164519
-2.4528 0.163636
-2.44696 0.162708
-2.44112 0.161735
-2.43528 0.160763
-2.42944 0.15979
-2.4236 0.158818
-2.41776 0.157845
-2.41192 0.15683
-2.40608 0.15577
-2.40024 0.154667
-2.3944 0.15352
-2.38856 0.152462
-2.38272 0.151314
-2.37688 0.150167
-2.37104 0.148975
-2.3652 0.147783
-2.35936 0.146547
-2.35352 0.145354
-2.34768 0.144116
-2.34184 0.142922
-2.336 0.141684
-2.33016 0.140491
-2.32432 0.139297
-2.31848 0.13806
-2.31264 0.136909
-2.3068 0.135671
-2.30096 0.134477
-2.29512 0.13324
-2.28928 0.132003
-2.28344 0.130723
-2.2776 0.129574
-2.27176 0.128425
-2.26592 0.12732
-2.26008 0.126125
-2.25424 0.124842
-2.2484 0.123558
-2.24256 0.122276
-2.23672 0.121038
-2.23088 0.119755
-2.22504 0.118516
-2.2192 0.117233
-2.21336 0.115993
-2.20752 0.114711
-2.20168 0.113384
-2.19584 0.112058
-2.19 0.110731
-2.18416 0.109449
-2.17832 0.108167
-2.17248 0.106885
-2.16664 0.105603
-2.1608 0.104321
-2.15496 0.102994
-2.14912 0.101667
-2.14328 0.100341
-2.13744 0.0990141
-2.1316 0.0977321
-2.12576 0.0964054
-2.11992 0.0951223
-2.11408 0.0938403
-2.10824 0.0925137
-2.1024 0.0912304
-2.09656 0.0899473
-2.09072 0.0886641
-2.08488 0.087381
-2.07904 0.0860543
-2.0732 0.0847277
-2.06736 0.0834478
-2.06152 0.0821669
-2.05568 0.0810152
-2.04984 0.0800334
-2.044 0.0793072
-2.03816 0.078406
-2.03232 0.0778009
-2.02648 0.0767301
-2.02064 0.0759999
-2.0148 0.0753949
-2.00896 0.0742404
-2.00312 0.0741872
-1.99728 0.0730306
-1.99144 0.0731506
-1.9856 0.0724163
-1.97976 0.072703
-1.97392 0.0723977
-1.96808 0.0717113
-1.96224 0.0717867
-1.9564 0.0707577
-1.95056 0.0709246
-1.94472 0.0708283
-1.93888 0.0700569
-1.93304 0.0682632
-1.9272 0.0672794
-1.92136 0.0656556
-1.91552 0.06421
-1.90968 0.0621965
-1.90384 0.0606714
-1.898 0.0588788
-1.89216 0.0569651
-1.88632 0.0550056
-1.88048 0.0533414
-1.87464 0.0517268
-1.8688 0.0500634
-1.86296 0.0490404
-1.85712 0.046273
-1.85128 0.0449101
-1.84544 0.0431176
-1.8396 0.0412946
-1.83376 0.0402745
-1.82792 0.0392134
-1.82208 0.0376817
-1.81624 0.0354283
-1.8104 0.0337725
-1.80456 0.032709
-1.79872 0.0307126
-1.79288 0.0303736
-1.78704 0.0281614
-1.7812 0.026633
-1.77536 0.0254479
-1.76952 0.0246856
-1.76368 0.0231598
-1.75784 0.0216788
-1.752 0.020664
-1.74616 0.0200758
-1.74032 0.0188098
-1.73448 0.0185222
-1.72864 0.016922
-1.7228 0.0166358
-1.71696 0.0155213
-1.71112 0.0145804
-1.70528 0.0145937
-1.69944 0.0132496
-1.6936 0.012757
-1.68776 0.0119646
-1.68192 0.0111373
-1.67608 0.0103453
-1.67024 0.010745
-1.6644 0.01135
-1.65856 0.0113232
-1.65272 0.0126128
-1.64688 0.0122876
-1.64104 0.0137881
-1.6352 0.0160533
-1.62936 0.0173431
-1.62352 0.0181312
-1.61768 0.0211185
-1.61184 0.0219537
-1.606 0.0227917
-1.60016 0.0243466
-1.59432 0.0237567
-1.58848 0.0256714
-1.58264 0.024663
-1.5768 0.0267917
-1.57096 0.0270598
-1.56512 0.0281752
-1.55928 0.0294589
-1.55344 0.028717
-1.5476 0.0325839
-1.54176 0.0343815
-1.53592 0.0352519
-1.53008 0.0345227
-1.52424 0.0347665
-1.5184 0.0354716
-1.51256 0.03765
-1.50672 0.0386026
-1.50088 0.0385461
-1.49504 0.0424972
-1.4892 0.043837
-1.48336 0.0455733
-1.47752 0.0475752
-1.47168 0.0489061
-1.46584 0.0495017
-1.46 0.050253
-1.45416 0.0516343
-1.44832 0.0530694
-1.44248 0.0569953
-1.43664 0.0574995
-1.4308 0.0577472
-1.42496 0.0594752
-1.41912 0.0612438
-1.41328 0.0640322
-1.40744 0.0649601
-1.4016 0.066863
-1.39576 0.06732
-1.38992 0.069044
-1.38408 0.0689269
-1.37824 0.069559
-1.3724 0.0721044
-1.36656 0.0725267
-1.36072 0.0737465
-1.35488 0.0775965
-1.34904 0.0775046
-1.3432 0.0809819
-1.33736 0.0808489
-1.33152 0.0830869
-1.32568 0.0877073
-1.31984 0.0877504
-1.314 0.0876614
-1.30816 0.0893429
-1.30232 0.089789
-1.29648 0.0914383
-1.29064 0.0934689
-1.2848 0.0957609
-1.27896 0.10028
-1.27312 0.100433
-1.26728 0.102056
-1.26144 0.103022
-1.2556 0.105598
-1.24976 0.108009
-1.24392 0.10899
-1.23808 0.109579
-1.23224 0.111874
-1.2264 0.114155
-1.22056 0.116477
-1.21472 0.1178
-1.20888 0.117755
-1.20304 0.119446
-1.1972 0.121789
-1.19136 0.12348
-1.18552 0.123407
-1.17968 0.127676
-1.17384 0.128494
-1.168 0.129034
-1.16216 0.129856
-1.15632 0.130916
-1.15048 0.133037
-1.14464 0.133291
-1.1388 0.135922
-1.13296 0.13644
-1.12712 0.137925
-1.12128 0.140765
-1.11544 0.14208
-1.1096 0.145721
-1.10376 0.14746
-1.09792 0.148488
-1.09208 0.149689
-1.08624 0.148227
-1.0804 0.149843
-1.07456 0.152305
-1.06872 0.153321
-1.06288 0.153203
-1.05704 0.15945
-1.0512 0.160684
-1.04536 0.162606
-1.03952 0.164451
-1.03368 0.166494
-1.02784 0.167002
-1.022 0.16798
-1.01616 0.16925
-1.01032 0.170231
-1.00448 0.174887
-0.99864 0.175226
-0.9928 0.17498
-0.98696 0.177094
-0.98112 0.177855
-0.97528 0.179926
-0.96944 0.181364
-0.9636 0.182683
-0.95776 0.183652
-0.95192 0.185383
-0.94608 0.183999
-0.94024 0.18421
-0.9344 0.186334
-0.92856 0.186801
-0.92272 0.18743
-0.91688 0.190986
-0.91104 0.191742
-0.9052 0.19403
-0.89936 0.194704
-0.89352 0.19652
-0.88768 0.198977
-0.88184 0.200161
-0.876 0.199568
-0.87016 0.200531
-0.86432 0.200884
-0.85848 0.201396
-0.85264 0.203422
-0.8468 0.203465
-0.84096 0.207847
-0.83512 0.207638
-0.82928 0.207686
-0.82344 0.209753
-0.8176 0.209919
-0.81176 0.210842
-0.80592 0.211605
-0.80008 0.211728
-0.79424 0.212867
-0.7884 0.213664
-0.78256 0.215183
-0.77672 0.214671
-0.77088 0.216444
-0.76504 0.216819
-0.7592 0.217616
-0.75336 0.218498
-0.74752 0.219259
-0.74168 0.220512
-0.73584 0.220252
-0.73 0.221211
-0.72416 0.220319
-0.71832 0.221113
-0.71248 0.221649
-0.70664 0.222307
-0.7008 0.223186
-0.69496 0.223592
-0.68912 0.224547
-0.68328 0.225462
-0.67744 0.226078
-0.6716 0.227032
-0.66576 0.228065
-0.65992 0.228765
-0.65408 0.229562
-0.64824 0.229123
-0.6424 0.229818
-0.63656 0.230507
-0.63072 0.231197
-0.62488 0.231843
-0.61904 0.233116
-0.6132 0.233337
-0.60736 0.233468
-0.60152 0.233347
-0.59568 0.233347
-0.58984 0.233347
-0.584 0.233347
-0.57816 0.233347
-0.57232 0.233347
-0.56648 0.233347
-0.56064 0.233347
-0.5548 0.233347
-0.54896 0.233347
-0.54312 0.233347
-0.53728 0.233347
-0.53144 0.233347
-0.5256 0.233347
-0.51976 0.233347
-0.51392 0.233347
-0.50808 0.233347
-0.50224 0.233347
-0.4964 0.233347
-0.49056 0.233347
-0.48472 0.233347
-0.47888 0.233347
-0.47304 0.233347
-0.4672 0.233347
-0.46136 0.233347
-0.45552 0.233347
-0.44968 0.233347
-0.44384 0.233347
-0.438 0.233347
-0.43216 0.233347
-0.42632 0.233347
-0.42048 0.233347
-0.41464 0.233347
-0.4088 0.233347
-0.40296 0.233347
-0.39712 0.233347
-0.39128 0.233347
-0.38544 0.233347
-0.3796 0.233347
-0.37376 0.233347
-0.36792 0.233347
-0.36208 0.233347
-0.35624 0.233347
-0.3504 0.233347
-0.34456 0.233347
-0.33872 0.233347
-0.33288 0.233347
-0.32704 0.233347
-0.3212 0.233347
-0.31536 0.233347
-0.30952 0.233347
-0.30368 0.233347
-0.29784 0.233347
-0.292 0.233347
-0.28616 0.233347
-0.28032 0.233347
-0.27448 0.233347
-0.26864 0.233347
-0.2628 0.233347
-0.25696 0.233347
-0.25112 0.233347
-0.24528 0.233347
-0.23944 0.233347
-0.2336 0.233347
-0.22776 0.233347
-0.22192 0.233347
-0.21608 0.233347
-0.21024 0.233347
-0.2044 0.233347
-0.19856 0.233347
-0.19272 0.233347
-0.18688 0.233347
-0.18104 0.233347
-0.1752 0.233347
-0.16936 0.233347
-0.16352 0.233347
-0.15768 0.233347
-0.15184 0.233347
-0.146 0.233347
-0.14016 0.233347
-0.13432 0.233347
-0.12848 0.233347
-0.12264 0.233347
-0.1168 0.233347
-0.11096 0.233347
-0.10512 0.233347
-0.09928 0.233347
-0.09344 0.233347
-0.0876 0.233347
-0.08176 0.233347
-0.07592 0.233347
-0.07008 0.233347
-0.06424 0.233347
-0.0584 0.233347
-0.05256 0.233347
-0.04672 0.233347
-0.04088 0.233347
-0.03504 0.233347
-0.0292 0.233347
-0.02336 0.233347
-0.01752 0.233347
-0.01168 0.233347
-0.00584 0.233347
