-2.92 0.164683
-2.91416 0.164683
-2.90832 0.164683
-2.90248 0.164683
-2.89664 0.164683
-2.8908 0.164683
-2.88496 0.164683
-2.87912 0.164683
-2.87328 0.164683
-2.86744 0.164683
-2.8616 0.164683
-2.85576 0.164683
-2.84992 0.164683
-2.84408 0.164683
-2.83824 0.164683
-2.8324 0.164683
-2.82656 0.164683
-2.82072 0.164683
-2.81488 0.164683
-2.80904 0.164683
-2.8032 0.164683
-2.79736 0.164683
-2.79152 0.164683
-2.78568 0.164683
-2.77984 0.164683
-2.774 0.164683
-2.76816 0.164683
-2.76232 0.164683
-2.75648 0.164683
-2.75064 0.164683
-2.7448 0.164683
-2.73896 0.164683
-2.73312 0.164683
-2.72728 0.164683
-2.72144 0.164683
-2.7156 0.164683
-2.70976 0.164683
-2.70392 0.164683
-2.69808 0.164683
-2.69224 0.164683
-2.6864 0.164683
-2.68056 0.164683
-2.67472 0.164683
-2.66888 0.164683
-2.66304 0.164683
-2.6572 0.164683
-2.65136 0.164683
-2.64552 0.164683
-2.63968 0.164683
-2.63384 0.164683
-2.628 0.164683
-2.62216 0.164683
-2.61632 0.164683
-2.61048 0.164683
-2.60464 0.164683
-2.5988 0.164683
-2.59296 0.164507
-2.58712 0.164243
-2.58128 0.163933
-2.57544 0.163579
-2.5696 0.163181
-2.56376 0.16274
-2.55792 0.162298
-2.55208 0.161812
-2.54624 0.161283
-2.5404 0.160667
-2.53456 0.160138
-2.52872 0.159477
-2.52288 0.158859
-2.51704 0.158154
-2.5112 0.157405
-2.50536 0.156654
-2.49952 0.155904
-2.49368 0.155111
-2.48784 0.154362
-2.482 0.153701
-2.47616 0.152863
-2.47032 0.151982
-2.46448 0.151101
-2.45864 0.15022
-2.4528 0.149339
-2.44696 0.148457
-2.44112 0.147574
-2.43528 0.146691
-2.42944 0.145764
-2.4236 0.144794
-2.41776 0.143867
-2.41192 0.14294
-2.40608 0.142013
-2.40024 0.140998
-2.3944 0.139984
-2.38856 0.138969
-2.38272 0.137954
-2.37688 0.136939
-2.37104 0.135881
-2.3652 0.134822
-2.35936 0.13372
-2.35352 0.132707
-2.34768 0.131648
-2.34184 0.130589
-2.336 0.129529
-2.33016 0.128427
-2.32432 0.127369
-2.31848 0.12631
-2.31264 0.125252
-2.3068 0.124191
-2.30096 0.123045
-2.29512 0.121897
-2.28928 0.120793
-2.28344 0.119691
-2.2776 0.118588
-2.27176 0.117485
-2.26592 0.11647
-2.26008 0.115455
-2.25424 0.114308
-2.2484 0.113159
-2.24256 0.112011
-2.23672 0.110863
-2.23088 0.109671
-2.22504 0.108522
-2.2192 0.10733
-2.21336 0.106183
-2.20752 0.104991
-2.20168 0.103799
-2.19584 0.102694
-2.19 0.101502
-2.18416 0.100353
-2.17832 0.099161
-2.17248 0.097969
-2.16664 0.0967334
-2.1608 0.0955414
-2.15496 0.0943059
-2.14912 0.0930704
-2.14328 0.0918349
-2.13744 0.090644
-2.1316 0.089453
-2.12576 0.0882621
-2.11992 0.0870699
-2.11408 0.0858779
-2.10824 0.084687
-2.1024 0.0834526
-2.09656 0.0823051
-2.09072 0.081113
-2.08488 0.0799221
-2.07904 0.0786866
-2.0732 0.0774957
-2.06736 0.0763037
-2.06152 0.0751127
-2.05568 0.0739218
-2.04984 0.0731583
-2.044 0.0723546
-2.03816 0.071501
-2.03232 0.0706051
-2.02648 0.0700498
-2.02064 0.0695793
-2.0148 0.0688532
-2.00896 0.0680868
-2.00312 0.0677863
-1.99728 0.0674868
-1.99144 0.0668479
-1.9856 0.0670994
-1.97976 0.066036
-1.97392 0.0658651
-1.96808 0.0655647
-1.96224 0.0659873
-1.9564 0.0661106
-1.95056 0.0652586
-1.94472 0.0646611
-1.93888 0.0628801
-1.93304 0.0632145
-1.9272 0.0614737
-1.92136 0.0603275
-1.91552 0.0586312
-1.90968 0.0571016
-1.90384 0.0556973
-1.898 0.0542547
-1.89216 0.053706
-1.88632 0.0510301
-1.88048 0.0495482
-1.87464 0.0484899
-1.8688 0.0461971
-1.86296 0.0448393
-1.85712 0.0443344
-1.85128 0.0418301
-1.84544 0.0405175
-1.8396 0.0381425
-1.83376 0.0375917
-1.82792 0.0358589
-1.82208 0.0352721
-1.81624 0.0336637
-1.8104 0.0325181
-1.80456 0.0312049
-1.79872 0.0297257
-1.79288 0.0282
-1.78704 0.0272258
-1.7812 0.0259199
-1.77536 0.0242254
-1.76952 0.0236816
-1.76368 0.0224994
-1.75784 0.0219155
-1.752 0.0199671
-1.74616 0.0198088
-1.74032 0.0184614
-1.73448 0.0176652
-1.72864 0.016273
-1.7228 0.0156384
-1.71696 0.0150217
-1.71112 0.0135475
-1.70528 0.0133024
-1.69944 0.0119596
-1.6936 0.0118867
-1.68776 0.0109223
-1.68192 0.0107657
-1.67608 0.00942444
-1.67024 0.0095681
-1.6644 0.0101746
-1.65856 0.0105328
-1.65272 0.0120753
-1.64688 0.0126008
-1.64104 0.013427
-1.6352 0.0153943
-1.62936 0.0162693
-1.62352 0.0188758
-1.61768 0.0208529
-1.61184 0.0216466
-1.606 0.022488
-1.60016 0.0247727
-1.59432 0.0244394
-1.58848 0.0246971
-1.58264 0.0266085
-1.5768 0.0255183
-1.57096 0.0253169
-1.56512 0.0261686
-1.55928 0.027797
-1.55344 0.0280697
-1.5476 0.0299843
-1.54176 0.0314041
-1.53592 0.0319719
-1.53008 0.0335751
-1.52424 0.0323788
-1.5184 0.0342542
-1.51256 0.0339032
-1.50672 0.034257
-1.50088 0.036567
-1.49504 0.0386206
-1.4892 0.0404222
-1.48336 0.0411765
-1.47752 0.0424769
-1.47168 0.0442002
-1.46584 0.0446047
-1.46 0.0458675
-1.45416 0.0481408
-1.44832 0.0484343
-1.44248 0.0505387
-1.43664 0.0517253
-1.4308 0.0527349
-1.42496 0.0539086
-1.41912 0.0566966
-1.41328 0.0586025
-1.40744 0.0587302
-1.4016 0.0612193
-1.39576 0.0632134
-1.38992 0.0646842
-1.38408 0.0624929
-1.37824 0.0644805
-1.3724 0.0657944
-1.36656 0.0659607
-1.36072 0.0695676
-1.35488 0.0697326
-1.34904 0.072356
-1.3432 0.0747703
-1.33736 0.0745201
-1.33152 0.0793084
-1.32568 0.081167
-1.31984 0.0813406
-1.314 0.0803605
-1.30816 0.0851433
-1.30232 0.0851253
-1.29648 0.0875362
-1.29064 0.0884336
-1.2848 0.0905453
-1.27896 0.0939776
-1.27312 0.094905
-1.26728 0.0973695
-1.26144 0.0979276
-1.2556 0.0990423
-1.24976 0.101924
-1.24392 0.104244
-1.23808 0.105569
-1.23224 0.107133
-1.2264 0.108495
-1.22056 0.111382
-1.21472 0.113081
-1.20888 0.115292
-1.20304 0.11661
-1.1972 0.118397
-1.19136 0.118026
-1.18552 0.121881
-1.17968 0.12417
-1.17384 0.124355
-1.168 0.125757
-1.16216 0.126418
-1.15632 0.127916
-1.15048 0.128502
-1.14464 0.131653
-1.1388 0.132592
-1.13296 0.133183
-1.12712 0.135474
-1.12128 0.137738
-1.11544 0.139728
-1.1096 0.142485
-1.10376 0.145973
-1.09792 0.1464
-1.09208 0.148124
-1.08624 0.146836
-1.0804 0.15023
-1.07456 0.150665
-1.06872 0.152964
-1.06288 0.153976
-1.05704 0.158046
-1.0512 0.160305
-1.04536 0.161151
-1.03952 0.163188
-1.03368 0.165184
-1.02784 0.166589
-1.022 0.167361
-1.01616 0.170115
-1.01032 0.17055
-1.00448 0.171865
-0.99864 0.173614
-0.9928 0.174761
-0.98696 0.175478
-0.98112 0.178994
-0.97528 0.179687
-0.96944 0.180878
-0.9636 0.183626
-0.95776 0.184824
-0.95192 0.18588
-0.94608 0.183653
-0.94024 0.18586
-0.9344 0.186712
-0.92856 0.187432
-0.92272 0.189431
-0.91688 0.190915
-0.91104 0.192312
-0.9052 0.19536
-0.89936 0.194351
-0.89352 0.198126
-0.88768 0.200578
-0.88184 0.200539
-0.876 0.199815
-0.87016 0.20315
-0.86432 0.202879
-0.85848 0.203556
-0.85264 0.20445
-0.8468 0.205803
-0.84096 0.208631
-0.83512 0.209305
-0.82928 0.209435
-0.82344 0.210702
-0.8176 0.211383
-0.81176 0.211721
-0.80592 0.212773
-0.80008 0.213618
-0.79424 0.214204
-0.7884 0.214625
-0.78256 0.216106
-0.77672 0.216396
-0.77088 0.217113
-0.76504 0.218636
-0.7592 0.218888
-0.75336 0.219219
-0.74752 0.220481
-0.74168 0.221358
-0.73584 0.220678
-0.73 0.22185
-0.72416 0.221
-0.71832 0.221875
-0.71248 0.222199
-0.70664 0.222821
-0.7008 0.223396
-0.69496 0.22397
-0.68912 0.224296
-0.68328 0.224953
-0.67744 0.22548
-0.6716 0.226007
-0.66576 0.226871
-0.65992 0.227437
-0.65408 0.228153
-0.64824 0.227672
-0.6424 0.228236
-0.63656 0.228803
-0.63072 0.22919
-0.62488 0.229535
-0.61904 0.230722
-0.6132 0.23077
-0.60736 0.23086
-0.60152 0.230696
-0.59568 0.230696
-0.58984 0.230696
-0.584 0.230696
-0.57816 0.230696
-0.57232 0.230696
-0.56648 0.230696
-0.56064 0.230696
-0.5548 0.230696
-0.54896 0.230696
-0.54312 0.230696
-0.53728 0.230696
-0.53144 0.230696
-0.5256 0.230696
-0.51976 0.230696
-0.51392 0.230696
-0.50808 0.230696
-0.50224 0.230696
-0.4964 0.230696
-0.49056 0.230696
-0.48472 0.230696
-0.47888 0.230696
-0.47304 0.230696
-0.4672 0.230696
-0.46136 0.230696
-0.45552 0.230696
-0.44968 0.230696
-0.44384 0.230696
-0.438 0.230696
-0.43216 0.230696
-0.42632 0.230696
-0.42048 0.230696
-0.41464 0.230696
-0.4088 0.230696
-0.40296 0.230696
-0.39712 0.230696
-0.39128 0.230696
-0.38544 0.230696
-0.3796 0.230696
-0.37376 0.230696
-0.36792 0.230696
-0.36208 0.230696
-0.35624 0.230696
-0.3504 0.230696
-0.34456 0.230696
-0.33872 0.230696
-0.33288 0.230696
-0.32704 0.230696
-0.3212 0.230696
-0.31536 0.230696
-0.30952 0.230696
-0.30368 0.230696
-0.29784 0.230696
-0.292 0.230696
-0.28616 0.230696
-0.28032 0.230696
-0.27448 0.230696
-0.26864 0.230696
-0.2628 0.230696
-0.25696 0.230696
-0.25112 0.230696
-0.24528 0.230696
-0.23944 0.230696
-0.2336 0.230696
-0.22776 0.230696
-0.22192 0.230696
-0.21608 0.230696
-0.21024 0.230696
-0.2044 0.230696
-0.19856 0.230696
-0.19272 0.230696
-0.18688 0.230696
-0.18104 0.230696
-0.1752 0.230696
-0.16936 0.230696
-0.16352 0.230696
-0.15768 0.230696
-0.15184 0.230696
-0.146 0.230696
-0.14016 0.230696
-0.13432 0.230696
-0.12848 0.230696
-0.12264 0.230696
-0.1168 0.230696
-0.11096 0.230696
-0.10512 0.230696
-0.09928 0.230696
-0.09344 0.230696
-0.0876 0.230696
-0.08176 0.230696
-0.07592 0.230696
-0.07008 0.230696
-0.06424 0.230696
-0.0584 0.230696
-0.05256 0.230696
-0.04672 0.230696
-0.04088 0.230696
-0.03504 0.230696
-0.0292 0.230696
-0.02336 0.230696
-0.01752 0.230696
-0.01168 0.230696
-0.00584 0.230696
