-2.92 0.189511
-2.91416 0.189511
-2.90832 0.189511
-2.90248 0.189511
-2.89664 0.189511
-2.8908 0.189511
-2.88496 0.189511
-2.87912 0.189511
-2.87328 0.189511
-2.86744 0.189511
-2.8616 0.189511
-2.85576 0.189511
-2.84992 0.189511
-2.84408 0.189511
-2.83824 0.189511
-2.8324 0.189511
-2.82656 0.189511
-2.82072 0.189511
-2.81488 0.189511
-2.80904 0.189511
-2.8032 0.189511
-2.79736 0.189511
-2.79152 0.189511
-2.78568 0.189511
-2.77984 0.189511
-2.774 0.189511
-2.76816 0.189511
-2.76232 0.189511
-2.75648 0.189511
-2.75064 0.189511
-2.7448 0.189511
-2.73896 0.189511
-2.73312 0.189511
-2.72728 0.189511
-2.72144 0.189511
-2.7156 0.189511
-2.70976 0.189511
-2.70392 0.189511
-2.69808 0.189511
-2.69224 0.189511
-2.6864 0.189511
-2.68056 0.189511
-2.67472 0.189511
-2.66888 0.189511
-2.66304 0.189511
-2.6572 0.189511
-2.65136 0.189511
-2.64552 0.189511
-2.63968 0.189511
-2.63384 0.189511
-2.628 0.189511
-2.62216 0.189511
-2.61632 0.189511
-2.61048 0.189511
-2.60464 0.189511
-2.5988 0.189511
-2.59296 0.189336
-2.58712 0.189027
-2.58128 0.188719
-2.57544 0.188321
-2.5696 0.187835
-2.56376 0.187349
-2.55792 0.186819
-2.55208 0.186245
-2.54624 0.185671
-2.5404 0.185053
-2.53456 0.184479
-2.52872 0.183817
-2.52288 0.183199
-2.51704 0.182494
-2.5112 0.1817
-2.50536 0.18095
-2.49952 0.180201
-2.49368 0.179363
-2.48784 0.17857
-2.482 0.177908
-2.47616 0.176982
-2.47032 0.176056
-2.46448 0.175086
-2.45864 0.174114
-2.4528 0.173143
-2.44696 0.172127
-2.44112 0.171112
-2.43528 0.170053
-2.42944 0.168993
-2.4236 0.167933
-2.41776 0.166875
-2.41192 0.165814
-2.40608 0.164752
-2.40024 0.163602
-2.3944 0.162453
-2.38856 0.16135
-2.38272 0.160201
-2.37688 0.159096
-2.37104 0.157946
-2.3652 0.156796
-2.35936 0.155558
-2.35352 0.154364
-2.34768 0.153168
-2.34184 0.151929
-2.336 0.150645
-2.33016 0.149361
-2.32432 0.148077
-2.31848 0.146795
-2.31264 0.145467
-2.3068 0.144185
-2.30096 0.142901
-2.29512 0.141573
-2.28928 0.140334
-2.28344 0.139096
-2.2776 0.137767
-2.27176 0.136483
-2.26592 0.135201
-2.26008 0.134047
-2.25424 0.13272
-2.2484 0.131348
-2.24256 0.13002
-2.23672 0.128693
-2.23088 0.127321
-2.22504 0.125949
-2.2192 0.124577
-2.21336 0.12325
-2.20752 0.121922
-2.20168 0.120551
-2.19584 0.11918
-2.19 0.117764
-2.18416 0.116392
-2.17832 0.114978
-2.17248 0.113565
-2.16664 0.112192
-2.1608 0.11082
-2.15496 0.109403
-2.14912 0.10803
-2.14328 0.106614
-2.13744 0.105197
-2.1316 0.103825
-2.12576 0.102452
-2.11992 0.10108
-2.11408 0.0996636
-2.10824 0.0982471
-2.1024 0.0968317
-2.09656 0.0954162
-2.09072 0.0939997
-2.08488 0.0926278
-2.07904 0.0911678
-2.0732 0.0897078
-2.06736 0.0883804
-2.06152 0.087053
-2.05568 0.0856365
-2.04984 0.0843091
-2.044 0.0831122
-2.03816 0.0817391
-2.03232 0.0803672
-2.02648 0.0789952
-2.02064 0.0776243
-2.0148 0.0762078
-2.00896 0.0748346
-2.00312 0.073378
-1.99728 0.0720048
-1.99144 0.0706353
-1.9856 0.0693507
-1.97976 0.068189
-1.97392 0.0671542
-1.96808 0.0662121
-1.96224 0.0654749
-1.9564 0.0645697
-1.95056 0.0640842
-1.94472 0.0635172
-1.93888 0.0631224
-1.93304 0.0629274
-1.9272 0.061901
-1.92136 0.0610703
-1.91552 0.0607634
-1.90968 0.0599857
-1.90384 0.0599716
-1.898 0.0597
-1.89216 0.0595571
-1.88632 0.0592474
-1.88048 0.0583491
-1.87464 0.058158
-1.8688 0.0586525
-1.86296 0.0584264
-1.85712 0.0586595
-1.85128 0.0588664
-1.84544 0.0577944
-1.8396 0.0582848
-1.83376 0.0576061
-1.82792 0.0579355
-1.82208 0.0591464
-1.81624 0.0595689
-1.8104 0.0599427
-1.80456 0.0586701
-1.79872 0.0605639
-1.79288 0.0600936
-1.78704 0.0599569
-1.7812 0.0599165
-1.77536 0.0618923
-1.76952 0.0623131
-1.76368 0.0618471
-1.75784 0.0632841
-1.752 0.0637869
-1.74616 0.063167
-1.74032 0.0636342
-1.73448 0.0647687
-1.72864 0.0652703
-1.7228 0.0662915
-1.71696 0.0673505
-1.71112 0.0680327
-1.70528 0.0687614
-1.69944 0.0684857
-1.6936 0.069844
-1.68776 0.0691728
-1.68192 0.0709201
-1.67608 0.0708326
-1.67024 0.0722978
-1.6644 0.0719018
-1.65856 0.071068
-1.65272 0.073185
-1.64688 0.0726929
-1.64104 0.0759246
-1.6352 0.0745565
-1.62936 0.0756438
-1.62352 0.0745724
-1.61768 0.0761247
-1.61184 0.0772818
-1.606 0.0792631
-1.60016 0.080611
-1.59432 0.0801951
-1.58848 0.0814413
-1.58264 0.0827989
-1.5768 0.0814904
-1.57096 0.085675
-1.56512 0.085895
-1.55928 0.0853417
-1.55344 0.088026
-1.5476 0.0889387
-1.54176 0.0914522
-1.53592 0.0947512
-1.53008 0.0941277
-1.52424 0.0951708
-1.5184 0.095911
-1.51256 0.0981194
-1.50672 0.099173
-1.50088 0.103025
-1.49504 0.102352
-1.4892 0.101221
-1.48336 0.103576
-1.47752 0.105634
-1.47168 0.10613
-1.46584 0.107659
-1.46 0.106936
-1.45416 0.110268
-1.44832 0.111521
-1.44248 0.110546
-1.43664 0.114339
-1.4308 0.114369
-1.42496 0.116768
-1.41912 0.11963
-1.41328 0.117095
-1.40744 0.119919
-1.4016 0.121202
-1.39576 0.123496
-1.38992 0.125728
-1.38408 0.126687
-1.37824 0.128018
-1.3724 0.129794
-1.36656 0.129328
-1.36072 0.131435
-1.35488 0.131654
-1.34904 0.132567
-1.3432 0.133287
-1.33736 0.136119
-1.33152 0.139828
-1.32568 0.140752
-1.31984 0.142009
-1.314 0.14263
-1.30816 0.141952
-1.30232 0.145346
-1.29648 0.146668
-1.29064 0.149324
-1.2848 0.149362
-1.27896 0.151387
-1.27312 0.153672
-1.26728 0.154258
-1.26144 0.153576
-1.2556 0.155007
-1.24976 0.153692
-1.24392 0.158722
-1.23808 0.157705
-1.23224 0.160541
-1.2264 0.160479
-1.22056 0.161557
-1.21472 0.16464
-1.20888 0.162603
-1.20304 0.168737
-1.1972 0.168619
-1.19136 0.168285
-1.18552 0.170531
-1.17968 0.171716
-1.17384 0.17153
-1.168 0.174072
-1.16216 0.176404
-1.15632 0.176786
-1.15048 0.177948
-1.14464 0.179338
-1.1388 0.177649
-1.13296 0.181364
-1.12712 0.181242
-1.12128 0.179984
-1.11544 0.182821
-1.1096 0.18431
-1.10376 0.185218
-1.09792 0.187961
-1.09208 0.187966
-1.08624 0.188356
-1.0804 0.190348
-1.07456 0.188813
-1.06872 0.190439
-1.06288 0.193221
-1.05704 0.192946
-1.0512 0.191485
-1.04536 0.193488
-1.03952 0.194758
-1.03368 0.19489
-1.02784 0.193267
-1.022 0.19239
-1.01616 0.193413
-1.01032 0.193787
-1.00448 0.191761
-0.99864 0.193123
-0.9928 0.193202
-0.98696 0.193288
-0.98112 0.193666
-0.97528 0.191691
-0.96944 0.192364
-0.9636 0.192695
-0.95776 0.193554
-0.95192 0.194274
-0.94608 0.193968
-0.94024 0.19371
-0.9344 0.193495
-0.92856 0.192229
-0.92272 0.193162
-0.91688 0.191983
-0.91104 0.190753
-0.9052 0.191263
-0.89936 0.191942
-0.89352 0.193495
-0.88768 0.192316
-0.88184 0.193061
-0.876 0.191991
-0.87016 0.191258
-0.86432 0.192888
-0.85848 0.192756
-0.85264 0.193009
-0.8468 0.192072
-0.84096 0.193457
-0.83512 0.192949
-0.82928 0.192809
-0.82344 0.190917
-0.8176 0.19145
-0.81176 0.190388
-0.80592 0.191484
-0.80008 0.190584
-0.79424 0.191042
-0.7884 0.190442
-0.78256 0.191358
-0.77672 0.191138
-0.77088 0.191256
-0.76504 0.19158
-0.7592 0.191525
-0.75336 0.191055
-0.74752 0.191801
-0.74168 0.191537
-0.73584 0.191991
-0.73 0.192654
-0.72416 0.193399
-0.71832 0.193424
-0.71248 0.193118
-0.70664 0.194242
-0.7008 0.194391
-0.69496 0.195262
-0.68912 0.194909
-0.68328 0.195526
-0.67744 0.197025
-0.6716 0.197597
-0.66576 0.198633
-0.65992 0.198868
-0.65408 0.198911
-0.64824 0.199441
-0.6424 0.200556
-0.63656 0.200915
-0.63072 0.201267
-0.62488 0.201449
-0.61904 0.201746
-0.6132 0.20125
-0.60736 0.200917
-0.60152 0.201089
-0.59568 0.201089
-0.58984 0.201089
-0.584 0.201089
-0.57816 0.201089
-0.57232 0.201089
-0.56648 0.201089
-0.56064 0.201089
-0.5548 0.201089
-0.54896 0.201089
-0.54312 0.201089
-0.53728 0.201089
-0.53144 0.201089
-0.5256 0.201089
-0.51976 0.201089
-0.51392 0.201089
-0.50808 0.201089
-0.50224 0.201089
-0.4964 0.201089
-0.49056 0.201089
-0.48472 0.201089
-0.47888 0.201089
-0.47304 0.201089
-0.4672 0.201089
-0.46136 0.201089
-0.45552 0.201089
-0.44968 0.201089
-0.44384 0.201089
-0.438 0.201089
-0.43216 0.201089
-0.42632 0.201089
-0.42048 0.201089
-0.41464 0.201089
-0.4088 0.201089
-0.40296 0.201089
-0.39712 0.201089
-0.39128 0.201089
-0.38544 0.201089
-0.3796 0.201089
-0.37376 0.201089
-0.36792 0.201089
-0.36208 0.201089
-0.35624 0.201089
-0.3504 0.201089
-0.34456 0.201089
-0.33872 0.201089
-0.33288 0.201089
-0.32704 0.201089
-0.3212 0.201089
-0.31536 0.201089
-0.30952 0.201089
-0.30368 0.201089
-0.29784 0.201089
-0.292 0.201089
-0.28616 0.201089
-0.28032 0.201089
-0.27448 0.201089
-0.26864 0.201089
-0.2628 0.201089
-0.25696 0.201089
-0.25112 0.201089
-0.24528 0.201089
-0.23944 0.201089
-0.2336 0.201089
-0.22776 0.201089
-0.22192 0.201089
-0.21608 0.201089
-0.21024 0.201089
-0.2044 0.201089
-0.19856 0.201089
-0.19272 0.201089
-0.18688 0.201089
-0.18104 0.201089
-0.1752 0.201089
-0.16936 0.201089
-0.16352 0.201089
-0.15768 0.201089
-0.15184 0.201089
-0.146 0.201089
-0.14016 0.201089
-0.13432 0.201089
-0.12848 0.201089
-0.12264 0.201089
-0.1168 0.201089
-0.11096 0.201089
-0.10512 0.201089
-0.09928 0.201089
-0.09344 0.201089
-0.0876 0.201089
-0.08176 0.201089
-0.07592 0.201089
-0.07008 0.201089
-0.06424 0.201089
-0.0584 0.201089
-0.05256 0.201089
-0.04672 0.201089
-0.04088 0.201089
-0.03504 0.201089
-0.0292 0.201089
-0.02336 0.201089
-0.01752 0.201089
-0.01168 0.201089
-0.00584 0.201089
