-2.92 0.165259
-2.91416 0.165259
-2.90832 0.165259
-2.90248 0.165259
-2.89664 0.165259
-2.8908 0.165259
-2.88496 0.165259
-2.87912 0.165259
-2.87328 0.165259
-2.86744 0.165259
-2.8616 0.165259
-2.85576 0.165259
-2.84992 0.165259
-2.84408 0.165259
-2.83824 0.165259
-2.8324 0.165259
-2.82656 0.165259
-2.82072 0.165259
-2.81488 0.165259
-2.80904 0.165259
-2.8032 0.165259
-2.79736 0.165259
-2.79152 0.165259
-2.78568 0.165259
-2.77984 0.165259
-2.774 0.165259
-2.76816 0.165259
-2.76232 0.165259
-2.75648 0.165259
-2.75064 0.165259
-2.7448 0.165259
-2.73896 0.165259
-2.73312 0.165259
-2.72728 0.165259
-2.72144 0.165259
-2.7156 0.165259
-2.70976 0.165259
-2.70392 0.165259
-2.69808 0.165259
-2.69224 0.165259
-2.6864 0.165259
-2.68056 0.165259
-2.67472 0.165259
-2.66888 0.165259
-2.66304 0.165259
-2.6572 0.165259
-2.65136 0.165259
-2.64552 0.165259
-2.63968 0.165259
-2.63384 0.165259
-2.628 0.165259
-2.62216 0.165259
-2.61632 0.165259
-2.61048 0.165259
-2.60464 0.165259
-2.5988 0.165259
-2.59296 0.164994
-2.58712 0.16464
-2.58128 0.1642
-2.57544 0.163717
-2.5696 0.163188
-2.56376 0.162529
-2.55792 0.161868
-2.55208 0.161163
-2.54624 0.160458
-2.5404 0.159796
-2.53456 0.15909
-2.52872 0.15834
-2.52288 0.157635
-2.51704 0.156929
-2.5112 0.156224
-2.50536 0.155519
-2.49952 0.154726
-2.49368 0.153933
-2.48784 0.153141
-2.482 0.152613
-2.47616 0.151776
-2.47032 0.150895
-2.46448 0.150013
-2.45864 0.149131
-2.4528 0.148249
-2.44696 0.147366
-2.44112 0.146484
-2.43528 0.145601
-2.42944 0.144675
-2.4236 0.14375
-2.41776 0.142824
-2.41192 0.141941
-2.40608 0.14097
-2.40024 0.140041
-2.3944 0.139068
-2.38856 0.138097
-2.38272 0.137124
-2.37688 0.136196
-2.37104 0.135224
-2.3652 0.134251
-2.35936 0.133279
-2.35352 0.132348
-2.34768 0.131331
-2.34184 0.130314
-2.336 0.129296
-2.33016 0.128234
-2.32432 0.127259
-2.31848 0.126153
-2.31264 0.125047
-2.3068 0.123984
-2.30096 0.122876
-2.29512 0.121814
-2.28928 0.120752
-2.28344 0.119601
-2.2776 0.11845
-2.27176 0.117432
-2.26592 0.116414
-2.26008 0.115482
-2.25424 0.114374
-2.2484 0.113222
-2.24256 0.112115
-2.23672 0.110963
-2.23088 0.109811
-2.22504 0.108659
-2.2192 0.107507
-2.21336 0.106313
-2.20752 0.105119
-2.20168 0.103924
-2.19584 0.102772
-2.19 0.101577
-2.18416 0.100381
-2.17832 0.0992305
-2.17248 0.0980352
-2.16664 0.0968409
-2.1608 0.0956901
-2.15496 0.0944948
-2.14912 0.0932994
-2.14328 0.0921041
-2.13744 0.0909522
-2.1316 0.0897568
-2.12576 0.0885615
-2.11992 0.0873661
-2.11408 0.0861708
-2.10824 0.08502
-2.1024 0.0839114
-2.09656 0.0827161
-2.09072 0.0815207
-2.08488 0.08037
-2.07904 0.079218
-2.0732 0.0781107
-2.06736 0.0770055
-2.06152 0.0758102
-2.05568 0.0746583
-2.04984 0.0737643
-2.044 0.073302
-2.03816 0.072619
-2.03232 0.0720189
-2.02648 0.0709955
-2.02064 0.0713282
-2.0148 0.070048
-2.00896 0.0698291
-2.00312 0.0693979
-1.99728 0.0689667
-1.99144 0.0687512
-1.9856 0.0677237
-1.97976 0.0681438
-1.97392 0.0680514
-1.96808 0.0683444
-1.96224 0.0680853
-1.9564 0.0674826
-1.95056 0.0671834
-1.94472 0.0663713
-1.93888 0.0663255
-1.93304 0.0655537
-1.9272 0.0648264
-1.92136 0.0629103
-1.91552 0.0609537
-1.90968 0.0595054
-1.90384 0.0571258
-1.898 0.0561445
-1.89216 0.0547391
-1.88632 0.052743
-1.88048 0.0515935
-1.87464 0.0495106
-1.8688 0.0482363
-1.86296 0.0458148
-1.85712 0.0443306
-1.85128 0.0428912
-1.84544 0.0410668
-1.8396 0.0399652
-1.83376 0.0380594
-1.82792 0.0364552
-1.82208 0.0358282
-1.81624 0.0345159
-1.8104 0.0325671
-1.80456 0.0315074
-1.79872 0.0304515
-1.79288 0.028503
-1.78704 0.0275724
-1.7812 0.0263041
-1.77536 0.0250374
-1.76952 0.0237722
-1.76368 0.0229712
-1.75784 0.0214114
-1.752 0.0205709
-1.74616 0.0192638
-1.74032 0.0181281
-1.73448 0.0172449
-1.72864 0.0158121
-1.7228 0.015017
-1.71696 0.0143058
-1.71112 0.0132577
-1.70528 0.0125044
-1.69944 0.0117536
-1.6936 0.0110438
-1.68776 0.0105036
-1.68192 0.00958445
-1.67608 0.0085779
-1.67024 0.0084651
-1.6644 0.00881602
-1.65856 0.00963135
-1.65272 0.00998234
-1.64688 0.0109724
-1.64104 0.0116211
-1.6352 0.0132065
-1.62936 0.0139897
-1.62352 0.0155345
-1.61768 0.0172526
-1.61184 0.0197348
-1.606 0.0201156
-1.60016 0.0214123
-1.59432 0.0218416
-1.58848 0.0227438
-1.58264 0.0225888
-1.5768 0.0237418
-1.57096 0.0247738
-1.56512 0.0248319
-1.55928 0.0253985
-1.55344 0.024869
-1.5476 0.0277199
-1.54176 0.0285009
-1.53592 0.0294485
-1.53008 0.0305065
-1.52424 0.0295261
-1.5184 0.0305598
-1.51256 0.0315958
-1.50672 0.0318738
-1.50088 0.0325793
-1.49504 0.0349689
-1.4892 0.0366818
-1.48336 0.0372164
-1.47752 0.0377914
-1.47168 0.0395543
-1.46584 0.0398841
-1.46 0.0404638
-1.45416 0.0417534
-1.44832 0.0432196
-1.44248 0.0454857
-1.43664 0.0453482
-1.4308 0.0461799
-1.42496 0.0490013
-1.41912 0.0490763
-1.41328 0.0504535
-1.40744 0.0515427
-1.4016 0.0524178
-1.39576 0.0523239
-1.38992 0.0540862
-1.38408 0.0535386
-1.37824 0.0552225
-1.3724 0.0561852
-1.36656 0.0558825
-1.36072 0.0577395
-1.35488 0.0586979
-1.34904 0.0594544
-1.3432 0.0616041
-1.33736 0.0623156
-1.33152 0.0637014
-1.32568 0.0668299
-1.31984 0.0681025
-1.314 0.0668234
-1.30816 0.0699398
-1.30232 0.0687258
-1.29648 0.0705913
-1.29064 0.0715587
-1.2848 0.0724872
-1.27896 0.0777183
-1.27312 0.0776328
-1.26728 0.0790629
-1.26144 0.0815675
-1.2556 0.0815662
-1.24976 0.0851217
-1.24392 0.0852865
-1.23808 0.0862161
-1.23224 0.0882168
-1.2264 0.089322
-1.22056 0.0906804
-1.21472 0.0909722
-1.20888 0.0943565
-1.20304 0.0949022
-1.1972 0.0963489
-1.19136 0.0971575
-1.18552 0.0976134
-1.17968 0.0998313
-1.17384 0.102449
-1.168 0.102832
-1.16216 0.10141
-1.15632 0.103483
-1.15048 0.104845
-1.14464 0.105144
-1.1388 0.106875
-1.13296 0.108738
-1.12712 0.109888
-1.12128 0.110271
-1.11544 0.111713
-1.1096 0.115558
-1.10376 0.116826
-1.09792 0.118013
-1.09208 0.119982
-1.08624 0.118367
-1.0804 0.119936
-1.07456 0.121364
-1.06872 0.121795
-1.06288 0.12311
-1.05704 0.126698
-1.0512 0.128512
-1.04536 0.129492
-1.03952 0.1305
-1.03368 0.132792
-1.02784 0.132714
-1.022 0.134024
-1.01616 0.135334
-1.01032 0.136525
-1.00448 0.139399
-0.99864 0.139023
-0.9928 0.140374
-0.98696 0.143042
-0.98112 0.142755
-0.97528 0.144225
-0.96944 0.145919
-0.9636 0.146638
-0.95776 0.147107
-0.95192 0.148455
-0.94608 0.147629
-0.94024 0.148812
-0.9344 0.149992
-0.92856 0.149868
-0.92272 0.151178
-0.91688 0.152737
-0.91104 0.153751
-0.9052 0.154976
-0.89936 0.155732
-0.89352 0.156954
-0.88768 0.159024
-0.88184 0.160379
-0.876 0.159564
-0.87016 0.162298
-0.86432 0.160236
-0.85848 0.161083
-0.85264 0.161363
-0.8468 0.162506
-0.84096 0.165445
-0.83512 0.164806
-0.82928 0.165345
-0.82344 0.166309
-0.8176 0.165624
-0.81176 0.16705
-0.80592 0.166876
-0.80008 0.166898
-0.79424 0.167397
-0.7884 0.167851
-0.78256 0.167673
-0.77672 0.167705
-0.77088 0.168826
-0.76504 0.168819
-0.7592 0.168216
-0.75336 0.168959
-0.74752 0.169492
-0.74168 0.169691
-0.73584 0.17014
-0.73 0.170463
-0.72416 0.168769
-0.71832 0.169173
-0.71248 0.169712
-0.70664 0.170078
-0.7008 0.170356
-0.69496 0.170633
-0.68912 0.170908
-0.68328 0.171477
-0.67744 0.171845
-0.6716 0.17254
-0.66576 0.17328
-0.65992 0.173683
-0.65408 0.17452
-0.64824 0.173873
-0.6424 0.174313
-0.63656 0.174708
-0.63072 0.175058
-0.62488 0.175452
-0.61904 0.176305
-0.6132 0.176528
-0.60736 0.176708
-0.60152 0.176548
-0.59568 0.176548
-0.58984 0.176548
-0.584 0.176548
-0.57816 0.176548
-0.57232 0.176548
-0.56648 0.176548
-0.56064 0.176548
-0.5548 0.176548
-0.54896 0.176548
-0.54312 0.176548
-0.53728 0.176548
-0.53144 0.176548
-0.5256 0.176548
-0.51976 0.176548
-0.51392 0.176548
-0.50808 0.176548
-0.50224 0.176548
-0.4964 0.176548
-0.49056 0.176548
-0.48472 0.176548
-0.47888 0.176548
-0.47304 0.176548
-0.4672 0.176548
-0.46136 0.176548
-0.45552 0.176548
-0.44968 0.176548
-0.44384 0.176548
-0.438 0.176548
-0.43216 0.176548
-0.42632 0.176548
-0.42048 0.176548
-0.41464 0.176548
-0.4088 0.176548
-0.40296 0.176548
-0.39712 0.176548
-0.39128 0.176548
-0.38544 0.176548
-0.3796 0.176548
-0.37376 0.176548
-0.36792 0.176548
-0.36208 0.176548
-0.35624 0.176548
-0.3504 0.176548
-0.34456 0.176548
-0.33872 0.176548
-0.33288 0.176548
-0.32704 0.176548
-0.3212 0.176548
-0.31536 0.176548
-0.30952 0.176548
-0.30368 0.176548
-0.29784 0.176548
-0.292 0.176548
-0.28616 0.176548
-0.28032 0.176548
-0.27448 0.176548
-0.26864 0.176548
-0.2628 0.176548
-0.25696 0.176548
-0.25112 0.176548
-0.24528 0.176548
-0.23944 0.176548
-0.2336 0.176548
-0.22776 0.176548
-0.22192 0.176548
-0.21608 0.176548
-0.21024 0.176548
-0.2044 0.176548
-0.19856 0.176548
-0.19272 0.176548
-0.18688 0.176548
-0.18104 0.176548
-0.1752 0.176548
-0.16936 0.176548
-0.16352 0.176548
-0.15768 0.176548
-0.15184 0.176548
-0.146 0.176548
-0.14016 0.176548
-0.13432 0.176548
-0.12848 0.176548
-0.12264 0.176548
-0.1168 0.176548
-0.11096 0.176548
-0.10512 0.176548
-0.09928 0.176548
-0.09344 0.176548
-0.0876 0.176548
-0.08176 0.176548
-0.07592 0.176548
-0.07008 0.176548
-0.06424 0.176548
-0.0584 0.176548
-0.05256 0.176548
-0.04672 0.176548
-0.04088 0.176548
-0.03504 0.176548
-0.0292 0.176548
-0.02336 0.176548
-0.01752 0.176548
-0.01168 0.176548
-0.00584 0.176548
