-2.92 0.200323
-2.91416 0.200323
-2.90832 0.200323
-2.90248 0.200323
-2.89664 0.200323
-2.8908 0.200323
-2.88496 0.200323
-2.87912 0.200323
-2.87328 0.200323
-2.86744 0.200323
-2.8616 0.200323
-2.85576 0.200323
-2.84992 0.200323
-2.84408 0.200323
-2.83824 0.200323
-2.8324 0.200323
-2.82656 0.200323
-2.82072 0.200323
-2.81488 0.200323
-2.80904 0.200323
-2.8032 0.200323
-2.79736 0.200323
-2.79152 0.200323
-2.78568 0.200323
-2.77984 0.200323
-2.774 0.200323
-2.76816 0.200323
-2.76232 0.200323
-2.75648 0.200323
-2.75064 0.200323
-2.7448 0.200323
-2.73896 0.200323
-2.73312 0.200323
-2.72728 0.200323
-2.72144 0.200323
-2.7156 0.200323
-2.70976 0.200323
-2.70392 0.200323
-2.69808 0.200323
-2.69224 0.200323
-2.6864 0.200323
-2.68056 0.200323
-2.67472 0.200323
-2.66888 0.200323
-2.66304 0.200323
-2.6572 0.200323
-2.65136 0.200323
-2.64552 0.200323
-2.63968 0.200323
-2.63384 0.200323
-2.628 0.200323
-2.62216 0.200323
-2.61632 0.200323
-2.61048 0.200323
-2.60464 0.200323
-2.5988 0.200323
-2.59296 0.199969
-2.58712 0.199614
-2.58128 0.199172
-2.57544 0.198641
-2.5696 0.198066
-2.56376 0.197489
-2.55792 0.196869
-2.55208 0.196247
-2.54624 0.195538
-2.5404 0.194785
-2.53456 0.19412
-2.52872 0.193236
-2.52288 0.192397
-2.51704 0.19147
-2.5112 0.190501
-2.50536 0.189575
-2.49952 0.188607
-2.49368 0.187635
-2.48784 0.18653
-2.482 0.185778
-2.47616 0.184672
-2.47032 0.183523
-2.46448 0.182373
-2.45864 0.18118
-2.4528 0.179987
-2.44696 0.178795
-2.44112 0.177602
-2.43528 0.176409
-2.42944 0.175216
-2.4236 0.174023
-2.41776 0.17283
-2.41192 0.171637
-2.40608 0.170444
-2.40024 0.16925
-2.3944 0.168056
-2.38856 0.166949
-2.38272 0.165755
-2.37688 0.16456
-2.37104 0.163321
-2.3652 0.162168
-2.35936 0.160884
-2.35352 0.159688
-2.34768 0.158403
-2.34184 0.157163
-2.336 0.155878
-2.33016 0.154638
-2.32432 0.153442
-2.31848 0.152202
-2.31264 0.150961
-2.3068 0.149722
-2.30096 0.148394
-2.29512 0.147066
-2.28928 0.145739
-2.28344 0.144456
-2.2776 0.143173
-2.27176 0.141889
-2.26592 0.140605
-2.26008 0.139497
-2.25424 0.138081
-2.2484 0.136664
-2.24256 0.135248
-2.23672 0.133876
-2.23088 0.132459
-2.22504 0.131087
-2.2192 0.129671
-2.21336 0.128255
-2.20752 0.126839
-2.20168 0.125422
-2.19584 0.124006
-2.19 0.122588
-2.18416 0.121171
-2.17832 0.119753
-2.17248 0.118335
-2.16664 0.116919
-2.1608 0.115501
-2.15496 0.11404
-2.14912 0.112622
-2.14328 0.111206
-2.13744 0.109789
-2.1316 0.108372
-2.12576 0.10691
-2.11992 0.105493
-2.11408 0.104076
-2.10824 0.102659
-2.1024 0.101242
-2.09656 0.0998675
-2.09072 0.0984499
-2.08488 0.0970323
-2.07904 0.0955701
-2.0732 0.0941089
-2.06736 0.0927369
-2.06152 0.0913661
-2.05568 0.0900372
-2.04984 0.0886195
-2.044 0.0876401
-2.03816 0.0860941
-2.03232 0.0847603
-2.02648 0.0832154
-2.02064 0.0818827
-2.0148 0.0805075
-2.00896 0.0792618
-2.00312 0.077927
-1.99728 0.0765528
-1.99144 0.0750533
-1.9856 0.0738875
-1.97976 0.0724703
-1.97392 0.0716102
-1.96808 0.0706565
-1.96224 0.0700835
-1.9564 0.0690944
-1.95056 0.0685655
-1.94472 0.0672357
-1.93888 0.0674883
-1.93304 0.0670499
-1.9272 0.0662471
-1.92136 0.0655057
-1.91552 0.0650939
-1.90968 0.0635493
-1.90384 0.0636136
-1.898 0.0629843
-1.89216 0.0623908
-1.88632 0.0625278
-1.88048 0.0619886
-1.87464 0.0621235
-1.8688 0.0615578
-1.86296 0.0622061
-1.85712 0.0605432
-1.85128 0.0605853
-1.84544 0.0603649
-1.8396 0.0599298
-1.83376 0.0609972
-1.82792 0.0605581
-1.82208 0.061162
-1.81624 0.0613816
-1.8104 0.0612925
-1.80456 0.0605417
-1.79872 0.0612101
-1.79288 0.0610906
-1.78704 0.0606245
-1.7812 0.0613934
-1.77536 0.0614022
-1.76952 0.0622013
-1.76368 0.0625182
-1.75784 0.0619477
-1.752 0.0623146
-1.74616 0.0624836
-1.74032 0.0636782
-1.73448 0.0622652
-1.72864 0.063291
-1.7228 0.0646442
-1.71696 0.0633935
-1.71112 0.0649891
-1.70528 0.0647091
-1.69944 0.0629594
-1.6936 0.0634542
-1.68776 0.0661405
-1.68192 0.0657874
-1.67608 0.0658713
-1.67024 0.0670903
-1.6644 0.0670986
-1.65856 0.0672269
-1.65272 0.0683845
-1.64688 0.0674071
-1.64104 0.069208
-1.6352 0.0676865
-1.62936 0.0696205
-1.62352 0.069973
-1.61768 0.0691362
-1.61184 0.0686679
-1.606 0.0741214
-1.60016 0.0740652
-1.59432 0.0740728
-1.58848 0.0761819
-1.58264 0.0783055
-1.5768 0.0785908
-1.57096 0.08099
-1.56512 0.0805366
-1.55928 0.0821871
-1.55344 0.0854092
-1.5476 0.0855179
-1.54176 0.0880209
-1.53592 0.0902236
-1.53008 0.0901062
-1.52424 0.0934085
-1.5184 0.0935064
-1.51256 0.0952316
-1.50672 0.0950309
-1.50088 0.0982835
-1.49504 0.101663
-1.4892 0.102605
-1.48336 0.102066
-1.47752 0.103822
-1.47168 0.105846
-1.46584 0.109501
-1.46 0.109399
-1.45416 0.110735
-1.44832 0.113988
-1.44248 0.116427
-1.43664 0.117924
-1.4308 0.117782
-1.42496 0.122871
-1.41912 0.119724
-1.41328 0.123196
-1.40744 0.126612
-1.4016 0.126896
-1.39576 0.130974
-1.38992 0.1327
-1.38408 0.135079
-1.37824 0.135634
-1.3724 0.137044
-1.36656 0.136849
-1.36072 0.141993
-1.35488 0.140487
-1.34904 0.142308
-1.3432 0.144141
-1.33736 0.147911
-1.33152 0.151034
-1.32568 0.152767
-1.31984 0.153744
-1.314 0.153769
-1.30816 0.154443
-1.30232 0.158266
-1.29648 0.157584
-1.29064 0.161088
-1.2848 0.165115
-1.27896 0.163419
-1.27312 0.166367
-1.26728 0.168945
-1.26144 0.165225
-1.2556 0.168472
-1.24976 0.169993
-1.24392 0.172263
-1.23808 0.174439
-1.23224 0.176316
-1.2264 0.176925
-1.22056 0.178517
-1.21472 0.1824
-1.20888 0.183156
-1.20304 0.183298
-1.1972 0.18463
-1.19136 0.187248
-1.18552 0.189715
-1.17968 0.188672
-1.17384 0.191259
-1.168 0.196983
-1.16216 0.197399
-1.15632 0.197108
-1.15048 0.198801
-1.14464 0.200864
-1.1388 0.201924
-1.13296 0.202447
-1.12712 0.201877
-1.12128 0.203243
-1.11544 0.206828
-1.1096 0.206409
-1.10376 0.21018
-1.09792 0.2133
-1.09208 0.210293
-1.08624 0.2135
-1.0804 0.212967
-1.07456 0.215604
-1.06872 0.215822
-1.06288 0.217136
-1.05704 0.220303
-1.0512 0.220316
-1.04536 0.217791
-1.03952 0.218958
-1.03368 0.219284
-1.02784 0.221875
-1.022 0.22076
-1.01616 0.220247
-1.01032 0.222451
-1.00448 0.223158
-0.99864 0.224155
-0.9928 0.22338
-0.98696 0.225281
-0.98112 0.222591
-0.97528 0.224373
-0.96944 0.225742
-0.9636 0.224518
-0.95776 0.226889
-0.95192 0.2275
-0.94608 0.227263
-0.94024 0.226978
-0.9344 0.227061
-0.92856 0.226603
-0.92272 0.227793
-0.91688 0.228511
-0.91104 0.227032
-0.9052 0.227172
-0.89936 0.228929
-0.89352 0.230107
-0.88768 0.230928
-0.88184 0.230492
-0.876 0.231174
-0.87016 0.229576
-0.86432 0.231286
-0.85848 0.231956
-0.85264 0.233029
-0.8468 0.233024
-0.84096 0.23277
-0.83512 0.234696
-0.82928 0.23415
-0.82344 0.23367
-0.8176 0.234746
-0.81176 0.233634
-0.80592 0.234757
-0.80008 0.235125
-0.79424 0.235551
-0.7884 0.236389
-0.78256 0.236721
-0.77672 0.237316
-0.77088 0.237793
-0.76504 0.238234
-0.7592 0.238393
-0.75336 0.239279
-0.74752 0.239706
-0.74168 0.240746
-0.73584 0.241629
-0.73 0.242555
-0.72416 0.242574
-0.71832 0.243437
-0.71248 0.24417
-0.70664 0.245371
-0.7008 0.245747
-0.69496 0.247322
-0.68912 0.247602
-0.68328 0.248633
-0.67744 0.25096
-0.6716 0.25183
-0.66576 0.252816
-0.65992 0.253901
-0.65408 0.254015
-0.64824 0.254718
-0.6424 0.256263
-0.63656 0.257092
-0.63072 0.257369
-0.62488 0.258314
-0.61904 0.258458
-0.6132 0.258432
-0.60736 0.258364
-0.60152 0.25871
-0.59568 0.25871
-0.58984 0.25871
-0.584 0.25871
-0.57816 0.25871
-0.57232 0.25871
-0.56648 0.25871
-0.56064 0.25871
-0.5548 0.25871
-0.54896 0.25871
-0.54312 0.25871
-0.53728 0.25871
-0.53144 0.25871
-0.5256 0.25871
-0.51976 0.25871
-0.51392 0.25871
-0.50808 0.25871
-0.50224 0.25871
-0.4964 0.25871
-0.49056 0.25871
-0.48472 0.25871
-0.47888 0.25871
-0.47304 0.25871
-0.4672 0.25871
-0.46136 0.25871
-0.45552 0.25871
-0.44968 0.25871
-0.44384 0.25871
-0.438 0.25871
-0.43216 0.25871
-0.42632 0.25871
-0.42048 0.25871
-0.41464 0.25871
-0.4088 0.25871
-0.40296 0.25871
-0.39712 0.25871
-0.39128 0.25871
-0.38544 0.25871
-0.3796 0.25871
-0.37376 0.25871
-0.36792 0.25871
-0.36208 0.25871
-0.35624 0.25871
-0.3504 0.25871
-0.34456 0.25871
-0.33872 0.25871
-0.33288 0.25871
-0.32704 0.25871
-0.3212 0.25871
-0.31536 0.25871
-0.30952 0.25871
-0.30368 0.25871
-0.29784 0.25871
-0.292 0.25871
-0.28616 0.25871
-0.28032 0.25871
-0.27448 0.25871
-0.26864 0.25871
-0.2628 0.25871
-0.25696 0.25871
-0.25112 0.25871
-0.24528 0.25871
-0.23944 0.25871
-0.2336 0.25871
-0.22776 0.25871
-0.22192 0.25871
-0.21608 0.25871
-0.21024 0.25871
-0.2044 0.25871
-0.19856 0.25871
-0.19272 0.25871
-0.18688 0.25871
-0.18104 0.25871
-0.1752 0.25871
-0.16936 0.25871
-0.16352 0.25871
-0.15768 0.25871
-0.15184 0.25871
-0.146 0.25871
-0.14016 0.25871
-0.13432 0.25871
-0.12848 0.25871
-0.12264 0.25871
-0.1168 0.25871
-0.11096 0.25871
-0.10512 0.25871
-0.09928 0.25871
-0.09344 0.25871
-0.0876 0.25871
-0.08176 0.25871
-0.07592 0.25871
-0.07008 0.25871
-0.06424 0.25871
-0.0584 0.25871
-0.05256 0.25871
-0.04672 0.25871
-0.04088 0.25871
-0.03504 0.25871
-0.0292 0.25871
-0.02336 0.25871
-0.01752 0.25871
-0.01168 0.25871
-0.00584 0.25871
