-2.92 0.250943
-2.91416 0.250943
-2.90832 0.250943
-2.90248 0.250943
-2.89664 0.250943
-2.8908 0.250943
-2.88496 0.250943
-2.87912 0.250943
-2.87328 0.250943
-2.86744 0.250943
-2.8616 0.250943
-2.85576 0.250943
-2.84992 0.250943
-2.84408 0.250943
-2.83824 0.250943
-2.8324 0.250943
-2.82656 0.250943
-2.82072 0.250943
-2.81488 0.250943
-2.80904 0.250943
-2.8032 0.250943
-2.79736 0.250943
-2.79152 0.250943
-2.78568 0.250943
-2.77984 0.250943
-2.774 0.250943
-2.76816 0.250943
-2.76232 0.250943
-2.75648 0.250943
-2.75064 0.250943
-2.7448 0.250943
-2.73896 0.250943
-2.73312 0.250943
-2.72728 0.250943
-2.72144 0.250943
-2.7156 0.250943
-2.70976 0.250943
-2.70392 0.250943
-2.69808 0.250943
-2.69224 0.250943
-2.6864 0.250943
-2.68056 0.250943
-2.67472 0.250943
-2.66888 0.250943
-2.66304 0.250943
-2.6572 0.250943
-2.65136 0.250943
-2.64552 0.250943
-2.63968 0.250943
-2.63384 0.250943
-2.628 0.250943
-2.62216 0.250943
-2.61632 0.250943
-2.61048 0.250943
-2.60464 0.250943
-2.5988 0.250943
-2.59296 0.250722
-2.58712 0.250457
-2.58128 0.250101
-2.57544 0.249702
-2.5696 0.249257
-2.56376 0.248681
-2.55792 0.248017
-2.55208 0.247264
-2.54624 0.246468
-2.5404 0.245671
-2.53456 0.244962
-2.52872 0.244122
-2.52288 0.243325
-2.51704 0.242442
-2.5112 0.241514
-2.50536 0.240541
-2.49952 0.239524
-2.49368 0.238551
-2.48784 0.237447
-2.482 0.236518
-2.47616 0.235323
-2.47032 0.234086
-2.46448 0.232848
-2.45864 0.231565
-2.4528 0.230283
-2.44696 0.228956
-2.44112 0.227584
-2.43528 0.226213
-2.42944 0.224796
-2.4236 0.223337
-2.41776 0.221922
-2.41192 0.220506
-2.40608 0.219091
-2.40024 0.217632
-2.3944 0.216128
-2.38856 0.214668
-2.38272 0.213163
-2.37688 0.21166
-2.37104 0.210068
-2.3652 0.208519
-2.35936 0.206924
-2.35352 0.205288
-2.34768 0.20365
-2.34184 0.202012
-2.336 0.200329
-2.33016 0.198559
-2.32432 0.196876
-2.31848 0.19515
-2.31264 0.193422
-2.3068 0.191696
-2.30096 0.189969
-2.29512 0.188199
-2.28928 0.186385
-2.28344 0.184571
-2.2776 0.1828
-2.27176 0.181075
-2.26592 0.179262
-2.26008 0.177622
-2.25424 0.175806
-2.2484 0.173945
-2.24256 0.172129
-2.23672 0.170313
-2.23088 0.168452
-2.22504 0.166636
-2.2192 0.164775
-2.21336 0.162958
-2.20752 0.161054
-2.20168 0.15915
-2.19584 0.157334
-2.19 0.155429
-2.18416 0.15357
-2.17832 0.15171
-2.17248 0.149851
-2.16664 0.147946
-2.1608 0.146087
-2.15496 0.144227
-2.14912 0.142368
-2.14328 0.14055
-2.13744 0.138646
-2.1316 0.136786
-2.12576 0.134926
-2.11992 0.133066
-2.11408 0.131205
-2.10824 0.129345
-2.1024 0.127485
-2.09656 0.125669
-2.09072 0.123809
-2.08488 0.122036
-2.07904 0.120177
-2.0732 0.118363
-2.06736 0.116503
-2.06152 0.114644
-2.05568 0.112872
-2.04984 0.111058
-2.044 0.109374
-2.03816 0.107515
-2.03232 0.105655
-2.02648 0.103796
-2.02064 0.101936
-2.0148 0.100033
-2.00896 0.0982164
-2.00312 0.0963112
-1.99728 0.0944101
-1.99144 0.0925081
-1.9856 0.0906049
-1.97976 0.0891214
-1.97392 0.0875986
-1.96808 0.0861635
-1.96224 0.0852315
-1.9564 0.083753
-1.95056 0.082446
-1.94472 0.0817683
-1.93888 0.0804584
-1.93304 0.0790213
-1.9272 0.0786439
-1.92136 0.0774216
-1.91552 0.0762004
-1.90968 0.0753149
-1.90384 0.0735013
-1.898 0.0738032
-1.89216 0.0729108
-1.88632 0.0719467
-1.88048 0.0714964
-1.87464 0.070194
-1.8688 0.0693882
-1.86296 0.0704994
-1.85712 0.0693212
-1.85128 0.0679409
-1.84544 0.0693822
-1.8396 0.0676691
-1.83376 0.0682738
-1.82792 0.0681991
-1.82208 0.0675023
-1.81624 0.0676953
-1.8104 0.0666044
-1.80456 0.066366
-1.79872 0.0662839
-1.79288 0.0669816
-1.78704 0.066131
-1.7812 0.0675583
-1.77536 0.0674117
-1.76952 0.0653373
-1.76368 0.0670116
-1.75784 0.0676426
-1.752 0.0664169
-1.74616 0.0674633
-1.74032 0.0665596
-1.73448 0.0668602
-1.72864 0.0686815
-1.7228 0.0684608
-1.71696 0.0676898
-1.71112 0.0684525
-1.70528 0.0700876
-1.69944 0.0717097
-1.6936 0.0691631
-1.68776 0.0701234
-1.68192 0.0713304
-1.67608 0.0706563
-1.67024 0.0688776
-1.6644 0.0707368
-1.65856 0.0729651
-1.65272 0.0723056
-1.64688 0.0725951
-1.64104 0.0727152
-1.6352 0.0742283
-1.62936 0.0732832
-1.62352 0.072692
-1.61768 0.0733058
-1.61184 0.0745414
-1.606 0.0768868
-1.60016 0.0789874
-1.59432 0.0796474
-1.58848 0.0801259
-1.58264 0.0819983
-1.5768 0.0826885
-1.57096 0.083395
-1.56512 0.0847872
-1.55928 0.0860482
-1.55344 0.0898118
-1.5476 0.0880418
-1.54176 0.0935533
-1.53592 0.0934247
-1.53008 0.0937127
-1.52424 0.0951356
-1.5184 0.0967109
-1.51256 0.0989886
-1.50672 0.101099
-1.50088 0.0995264
-1.49504 0.101727
-1.4892 0.105282
-1.48336 0.106937
-1.47752 0.105447
-1.47168 0.107406
-1.46584 0.109921
-1.46 0.110346
-1.45416 0.111665
-1.44832 0.112606
-1.44248 0.113908
-1.43664 0.116887
-1.4308 0.118545
-1.42496 0.123236
-1.41912 0.120393
-1.41328 0.122416
-1.40744 0.126116
-1.4016 0.127427
-1.39576 0.131081
-1.38992 0.132421
-1.38408 0.134981
-1.37824 0.135896
-1.3724 0.136582
-1.36656 0.137923
-1.36072 0.139179
-1.35488 0.141154
-1.34904 0.142545
-1.3432 0.144732
-1.33736 0.146014
-1.33152 0.147464
-1.32568 0.150132
-1.31984 0.152487
-1.314 0.152323
-1.30816 0.154407
-1.30232 0.155404
-1.29648 0.15866
-1.29064 0.161068
-1.2848 0.162917
-1.27896 0.162122
-1.27312 0.161975
-1.26728 0.168073
-1.26144 0.16888
-1.2556 0.167202
-1.24976 0.168504
-1.24392 0.171799
-1.23808 0.173002
-1.23224 0.17307
-1.2264 0.176289
-1.22056 0.178109
-1.21472 0.179235
-1.20888 0.180819
-1.20304 0.181359
-1.1972 0.18589
-1.19136 0.186416
-1.18552 0.187124
-1.17968 0.187579
-1.17384 0.190599
-1.168 0.193404
-1.16216 0.195437
-1.15632 0.19578
-1.15048 0.196957
-1.14464 0.199233
-1.1388 0.199464
-1.13296 0.198793
-1.12712 0.200773
-1.12128 0.201741
-1.11544 0.206376
-1.1096 0.204716
-1.10376 0.209519
-1.09792 0.209834
-1.09208 0.208981
-1.08624 0.210293
-1.0804 0.211651
-1.07456 0.21335
-1.06872 0.214481
-1.06288 0.214123
-1.05704 0.215326
-1.0512 0.219237
-1.04536 0.218489
-1.03952 0.216093
-1.03368 0.2189
-1.02784 0.2196
-1.022 0.217824
-1.01616 0.219193
-1.01032 0.218621
-1.00448 0.218043
-0.99864 0.218858
-0.9928 0.218873
-0.98696 0.221793
-0.98112 0.219639
-0.97528 0.220363
-0.96944 0.220973
-0.9636 0.22091
-0.95776 0.223256
-0.95192 0.222005
-0.94608 0.223244
-0.94024 0.222105
-0.9344 0.223758
-0.92856 0.22259
-0.92272 0.221591
-0.91688 0.223921
-0.91104 0.223762
-0.9052 0.224134
-0.89936 0.222318
-0.89352 0.223991
-0.88768 0.225621
-0.88184 0.225586
-0.876 0.225486
-0.87016 0.224853
-0.86432 0.226397
-0.85848 0.227195
-0.85264 0.227836
-0.8468 0.227184
-0.84096 0.228126
-0.83512 0.226891
-0.82928 0.227733
-0.82344 0.228051
-0.8176 0.227456
-0.81176 0.227804
-0.80592 0.228903
-0.80008 0.228018
-0.79424 0.227596
-0.7884 0.227875
-0.78256 0.229121
-0.77672 0.229494
-0.77088 0.230258
-0.76504 0.230506
-0.7592 0.231426
-0.75336 0.231636
-0.74752 0.23189
-0.74168 0.232139
-0.73584 0.233312
-0.73 0.233228
-0.72416 0.234784
-0.71832 0.234524
-0.71248 0.235531
-0.70664 0.236073
-0.7008 0.236736
-0.69496 0.237615
-0.68912 0.23782
-0.68328 0.238448
-0.67744 0.240294
-0.6716 0.241378
-0.66576 0.24255
-0.65992 0.243083
-0.65408 0.243043
-0.64824 0.243539
-0.6424 0.245287
-0.63656 0.245691
-0.63072 0.245461
-0.62488 0.245774
-0.61904 0.246208
-0.6132 0.246433
-0.60736 0.246195
-0.60152 0.246541
-0.59568 0.246541
-0.58984 0.246541
-0.584 0.246541
-0.57816 0.246541
-0.57232 0.246541
-0.56648 0.246541
-0.56064 0.246541
-0.5548 0.246541
-0.54896 0.246541
-0.54312 0.246541
-0.53728 0.246541
-0.53144 0.246541
-0.5256 0.246541
-0.51976 0.246541
-0.51392 0.246541
-0.50808 0.246541
-0.50224 0.246541
-0.4964 0.246541
-0.49056 0.246541
-0.48472 0.246541
-0.47888 0.246541
-0.47304 0.246541
-0.4672 0.246541
-0.46136 0.246541
-0.45552 0.246541
-0.44968 0.246541
-0.44384 0.246541
-0.438 0.246541
-0.43216 0.246541
-0.42632 0.246541
-0.42048 0.246541
-0.41464 0.246541
-0.4088 0.246541
-0.40296 0.246541
-0.39712 0.246541
-0.39128 0.246541
-0.38544 0.246541
-0.3796 0.246541
-0.37376 0.246541
-0.36792 0.246541
-0.36208 0.246541
-0.35624 0.246541
-0.3504 0.246541
-0.34456 0.246541
-0.33872 0.246541
-0.33288 0.246541
-0.32704 0.246541
-0.3212 0.246541
-0.31536 0.246541
-0.30952 0.246541
-0.30368 0.246541
-0.29784 0.246541
-0.292 0.246541
-0.28616 0.246541
-0.28032 0.246541
-0.27448 0.246541
-0.26864 0.246541
-0.2628 0.246541
-0.25696 0.246541
-0.25112 0.246541
-0.24528 0.246541
-0.23944 0.246541
-0.2336 0.246541
-0.22776 0.246541
-0.22192 0.246541
-0.21608 0.246541
-0.21024 0.246541
-0.2044 0.246541
-0.19856 0.246541
-0.19272 0.246541
-0.18688 0.246541
-0.18104 0.246541
-0.1752 0.246541
-0.16936 0.246541
-0.16352 0.246541
-0.15768 0.246541
-0.15184 0.246541
-0.146 0.246541
-0.14016 0.246541
-0.13432 0.246541
-0.12848 0.246541
-0.12264 0.246541
-0.1168 0.246541
-0.11096 0.246541
-0.10512 0.246541
-0.09928 0.246541
-0.09344 0.246541
-0.0876 0.246541
-0.08176 0.246541
-0.07592 0.246541
-0.07008 0.246541
-0.06424 0.246541
-0.0584 0.246541
-0.05256 0.246541
-0.04672 0.246541
-0.04088 0.246541
-0.03504 0.246541
-0.0292 0.246541
-0.02336 0.246541
-0.01752 0.246541
-0.01168 0.246541
-0.00584 0.246541
