-2.92 0.170605
-2.91416 0.170605
-2.90832 0.170605
-2.90248 0.170605
-2.89664 0.170605
-2.8908 0.170605
-2.88496 0.170605
-2.87912 0.170605
-2.87328 0.170605
-2.86744 0.170605
-2.8616 0.170605
-2.85576 0.170605
-2.84992 0.170605
-2.84408 0.170605
-2.83824 0.170605
-2.8324 0.170605
-2.82656 0.170605
-2.82072 0.170605
-2.81488 0.170605
-2.80904 0.170605
-2.8032 0.170605
-2.79736 0.170605
-2.79152 0.170605
-2.78568 0.170605
-2.77984 0.170605
-2.774 0.170605
-2.76816 0.170605
-2.76232 0.170605
-2.75648 0.170605
-2.75064 0.170605
-2.7448 0.170605
-2.73896 0.170605
-2.73312 0.170605
-2.72728 0.170605
-2.72144 0.170605
-2.7156 0.170605
-2.70976 0.170605
-2.70392 0.170605
-2.69808 0.170605
-2.69224 0.170605
-2.6864 0.170605
-2.68056 0.170605
-2.67472 0.170605
-2.66888 0.170605
-2.66304 0.170605
-2.6572 0.170605
-2.65136 0.170605
-2.64552 0.170605
-2.63968 0.170605
-2.63384 0.170605
-2.628 0.170605
-2.62216 0.170605
-2.61632 0.170605
-2.61048 0.170605
-2.60464 0.170605
-2.5988 0.170605
-2.59296 0.170472
-2.58712 0.170294
-2.58128 0.170117
-2.57544 0.169895
-2.5696 0.169627
-2.56376 0.169272
-2.55792 0.168873
-2.55208 0.16843
-2.54624 0.167943
-2.5404 0.167456
-2.53456 0.167014
-2.52872 0.166483
-2.52288 0.165908
-2.51704 0.165376
-2.5112 0.164801
-2.50536 0.164182
-2.49952 0.163518
-2.49368 0.162766
-2.48784 0.162013
-2.482 0.16135
-2.47616 0.160554
-2.47032 0.159756
-2.46448 0.158958
-2.45864 0.158135
-2.4528 0.157312
-2.44696 0.156444
-2.44112 0.155532
-2.43528 0.154619
-2.42944 0.153707
-2.4236 0.152708
-2.41776 0.151752
-2.41192 0.150796
-2.40608 0.149842
-2.40024 0.148806
-2.3944 0.147769
-2.38856 0.146758
-2.38272 0.145678
-2.37688 0.144554
-2.37104 0.143429
-2.3652 0.142349
-2.35936 0.14118
-2.35352 0.140057
-2.34768 0.13889
-2.34184 0.137723
-2.336 0.136511
-2.33016 0.135299
-2.32432 0.134176
-2.31848 0.132964
-2.31264 0.131797
-2.3068 0.130629
-2.30096 0.129461
-2.29512 0.128337
-2.28928 0.127127
-2.28344 0.125916
-2.2776 0.124705
-2.27176 0.123537
-2.26592 0.122327
-2.26008 0.121161
-2.25424 0.119906
-2.2484 0.11865
-2.24256 0.117393
-2.23672 0.116137
-2.23088 0.114881
-2.22504 0.113713
-2.2192 0.112456
-2.21336 0.111236
-2.20752 0.110023
-2.20168 0.108723
-2.19584 0.107509
-2.19 0.106208
-2.18416 0.104952
-2.17832 0.103652
-2.17248 0.102377
-2.16664 0.101076
-2.1608 0.09982
-2.15496 0.0985193
-2.14912 0.0972619
-2.14328 0.0960058
-2.13744 0.0947051
-2.1316 0.0934489
-2.12576 0.0921928
-2.11992 0.0909366
-2.11408 0.0896359
-2.10824 0.0883786
-2.1024 0.0871224
-2.09656 0.0858662
-2.09072 0.084609
-2.08488 0.0833528
-2.07904 0.0820956
-2.0732 0.0808829
-2.06736 0.0796267
-2.06152 0.0783706
-2.05568 0.0771133
-2.04984 0.0759005
-2.044 0.0747335
-2.03816 0.0734752
-2.03232 0.0722169
-2.02648 0.0708737
-2.02064 0.0695316
-2.0148 0.0682329
-2.00896 0.0671879
-2.00312 0.0658448
-1.99728 0.0646277
-1.99144 0.0634992
-1.9856 0.062365
-1.97976 0.0612806
-1.97392 0.0604039
-1.96808 0.0599497
-1.96224 0.059412
-1.9564 0.0589994
-1.95056 0.0580716
-1.94472 0.0576147
-1.93888 0.0565737
-1.93304 0.0575571
-1.9272 0.0563058
-1.92136 0.0555149
-1.91552 0.0551126
-1.90968 0.0542773
-1.90384 0.0537509
-1.898 0.0534639
-1.89216 0.0534035
-1.88632 0.053323
-1.88048 0.0532992
-1.87464 0.0531241
-1.8688 0.0531866
-1.86296 0.0522622
-1.85712 0.052502
-1.85128 0.0518687
-1.84544 0.0526502
-1.8396 0.0529316
-1.83376 0.0534534
-1.82792 0.0528607
-1.82208 0.0541345
-1.81624 0.0544032
-1.8104 0.0539624
-1.80456 0.0535047
-1.79872 0.0545081
-1.79288 0.0548055
-1.78704 0.0559217
-1.7812 0.0543493
-1.77536 0.0562991
-1.76952 0.0558563
-1.76368 0.0560876
-1.75784 0.057882
-1.752 0.0562374
-1.74616 0.0577517
-1.74032 0.0593769
-1.73448 0.0598201
-1.72864 0.0594434
-1.7228 0.0608304
-1.71696 0.0623679
-1.71112 0.0613994
-1.70528 0.0614184
-1.69944 0.063442
-1.6936 0.0647799
-1.68776 0.0646911
-1.68192 0.0662438
-1.67608 0.0645132
-1.67024 0.0666372
-1.6644 0.0665438
-1.65856 0.0676912
-1.65272 0.0679801
-1.64688 0.068803
-1.64104 0.0701602
-1.6352 0.0719171
-1.62936 0.0706754
-1.62352 0.0709913
-1.61768 0.072827
-1.61184 0.0724401
-1.606 0.0737889
-1.60016 0.0764892
-1.59432 0.0762084
-1.58848 0.0790633
-1.58264 0.0812113
-1.5768 0.0785009
-1.57096 0.0808097
-1.56512 0.0844641
-1.55928 0.0857376
-1.55344 0.0855149
-1.5476 0.0877893
-1.54176 0.0908897
-1.53592 0.0907724
-1.53008 0.0910084
-1.52424 0.0920062
-1.5184 0.0953532
-1.51256 0.0949081
-1.50672 0.0959781
-1.50088 0.0981425
-1.49504 0.100212
-1.4892 0.102615
-1.48336 0.101297
-1.47752 0.1031
-1.47168 0.104823
-1.46584 0.104593
-1.46 0.108754
-1.45416 0.108089
-1.44832 0.111106
-1.44248 0.112051
-1.43664 0.113827
-1.4308 0.118151
-1.42496 0.119685
-1.41912 0.120575
-1.41328 0.121433
-1.40744 0.123726
-1.4016 0.125073
-1.39576 0.126672
-1.38992 0.129714
-1.38408 0.133034
-1.37824 0.135911
-1.3724 0.135053
-1.36656 0.134413
-1.36072 0.13943
-1.35488 0.140866
-1.34904 0.141049
-1.3432 0.141441
-1.33736 0.14293
-1.33152 0.146162
-1.32568 0.149209
-1.31984 0.150402
-1.314 0.151841
-1.30816 0.152149
-1.30232 0.156114
-1.29648 0.157218
-1.29064 0.159486
-1.2848 0.160737
-1.27896 0.1629
-1.27312 0.16281
-1.26728 0.163312
-1.26144 0.165775
-1.2556 0.16821
-1.24976 0.167813
-1.24392 0.172465
-1.23808 0.169568
-1.23224 0.173179
-1.2264 0.173011
-1.22056 0.175712
-1.21472 0.177695
-1.20888 0.178962
-1.20304 0.182596
-1.1972 0.184012
-1.19136 0.183458
-1.18552 0.184854
-1.17968 0.188702
-1.17384 0.189142
-1.168 0.190155
-1.16216 0.193384
-1.15632 0.193493
-1.15048 0.196893
-1.14464 0.199919
-1.1388 0.197202
-1.13296 0.19872
-1.12712 0.201057
-1.12128 0.203105
-1.11544 0.203797
-1.1096 0.206122
-1.10376 0.209696
-1.09792 0.209659
-1.09208 0.208836
-1.08624 0.208132
-1.0804 0.213005
-1.07456 0.213374
-1.06872 0.213037
-1.06288 0.214434
-1.05704 0.216598
-1.0512 0.21682
-1.04536 0.216587
-1.03952 0.21705
-1.03368 0.218042
-1.02784 0.217089
-1.022 0.219979
-1.01616 0.218355
-1.01032 0.219432
-1.00448 0.218725
-0.99864 0.219587
-0.9928 0.221856
-0.98696 0.222682
-0.98112 0.222406
-0.97528 0.220632
-0.96944 0.221937
-0.9636 0.221845
-0.95776 0.223438
-0.95192 0.223204
-0.94608 0.224761
-0.94024 0.225643
-0.9344 0.224625
-0.92856 0.224288
-0.92272 0.226447
-0.91688 0.225491
-0.91104 0.225136
-0.9052 0.225413
-0.89936 0.224911
-0.89352 0.227019
-0.88768 0.226602
-0.88184 0.227663
-0.876 0.22755
-0.87016 0.226433
-0.86432 0.228564
-0.85848 0.228963
-0.85264 0.229727
-0.8468 0.229844
-0.84096 0.230581
-0.83512 0.230715
-0.82928 0.229998
-0.82344 0.229704
-0.8176 0.230748
-0.81176 0.230507
-0.80592 0.231217
-0.80008 0.230661
-0.79424 0.231158
-0.7884 0.231189
-0.78256 0.232405
-0.77672 0.233362
-0.77088 0.233054
-0.76504 0.234098
-0.7592 0.234013
-0.75336 0.234412
-0.74752 0.234835
-0.74168 0.23632
-0.73584 0.236512
-0.73 0.237301
-0.72416 0.237597
-0.71832 0.238112
-0.71248 0.239028
-0.70664 0.239275
-0.7008 0.24011
-0.69496 0.240609
-0.68912 0.240896
-0.68328 0.241644
-0.67744 0.243485
-0.6716 0.243851
-0.66576 0.244424
-0.65992 0.245082
-0.65408 0.245422
-0.64824 0.245489
-0.6424 0.24652
-0.63656 0.247257
-0.63072 0.247274
-0.62488 0.247627
-0.61904 0.247933
-0.6132 0.247905
-0.60736 0.247665
-0.60152 0.248011
-0.59568 0.248011
-0.58984 0.248011
-0.584 0.248011
-0.57816 0.248011
-0.57232 0.248011
-0.56648 0.248011
-0.56064 0.248011
-0.5548 0.248011
-0.54896 0.248011
-0.54312 0.248011
-0.53728 0.248011
-0.53144 0.248011
-0.5256 0.248011
-0.51976 0.248011
-0.51392 0.248011
-0.50808 0.248011
-0.50224 0.248011
-0.4964 0.248011
-0.49056 0.248011
-0.48472 0.248011
-0.47888 0.248011
-0.47304 0.248011
-0.4672 0.248011
-0.46136 0.248011
-0.45552 0.248011
-0.44968 0.248011
-0.44384 0.248011
-0.438 0.248011
-0.43216 0.248011
-0.42632 0.248011
-0.42048 0.248011
-0.41464 0.248011
-0.4088 0.248011
-0.40296 0.248011
-0.39712 0.248011
-0.39128 0.248011
-0.38544 0.248011
-0.3796 0.248011
-0.37376 0.248011
-0.36792 0.248011
-0.36208 0.248011
-0.35624 0.248011
-0.3504 0.248011
-0.34456 0.248011
-0.33872 0.248011
-0.33288 0.248011
-0.32704 0.248011
-0.3212 0.248011
-0.31536 0.248011
-0.30952 0.248011
-0.30368 0.248011
-0.29784 0.248011
-0.292 0.248011
-0.28616 0.248011
-0.28032 0.248011
-0.27448 0.248011
-0.26864 0.248011
-0.2628 0.248011
-0.25696 0.248011
-0.25112 0.248011
-0.24528 0.248011
-0.23944 0.248011
-0.2336 0.248011
-0.22776 0.248011
-0.22192 0.248011
-0.21608 0.248011
-0.21024 0.248011
-0.2044 0.248011
-0.19856 0.248011
-0.19272 0.248011
-0.18688 0.248011
-0.18104 0.248011
-0.1752 0.248011
-0.16936 0.248011
-0.16352 0.248011
-0.15768 0.248011
-0.15184 0.248011
-0.146 0.248011
-0.14016 0.248011
-0.13432 0.248011
-0.12848 0.248011
-0.12264 0.248011
-0.1168 0.248011
-0.11096 0.248011
-0.10512 0.248011
-0.09928 0.248011
-0.09344 0.248011
-0.0876 0.248011
-0.08176 0.248011
-0.07592 0.248011
-0.07008 0.248011
-0.06424 0.248011
-0.0584 0.248011
-0.05256 0.248011
-0.04672 0.248011
-0.04088 0.248011
-0.03504 0.248011
-0.0292 0.248011
-0.02336 0.248011
-0.01752 0.248011
-0.01168 0.248011
-0.00584 0.248011
