-2.92 0.188075
-2.91416 0.188075
-2.90832 0.188075
-2.90248 0.188075
-2.89664 0.188075
-2.8908 0.188075
-2.88496 0.188075
-2.87912 0.188075
-2.87328 0.188075
-2.86744 0.188075
-2.8616 0.188075
-2.85576 0.188075
-2.84992 0.188075
-2.84408 0.188075
-2.83824 0.188075
-2.8324 0.188075
-2.82656 0.188075
-2.82072 0.188075
-2.81488 0.188075
-2.80904 0.188075
-2.8032 0.188075
-2.79736 0.188075
-2.79152 0.188075
-2.78568 0.188075
-2.77984 0.188075
-2.774 0.188075
-2.76816 0.188075
-2.76232 0.188075
-2.75648 0.188075
-2.75064 0.188075
-2.7448 0.188075
-2.73896 0.188075
-2.73312 0.188075
-2.72728 0.188075
-2.72144 0.188075
-2.7156 0.188075
-2.70976 0.188075
-2.70392 0.188075
-2.69808 0.188075
-2.69224 0.188075
-2.6864 0.188075
-2.68056 0.188075
-2.67472 0.188075
-2.66888 0.188075
-2.66304 0.188075
-2.6572 0.188075
-2.65136 0.188075
-2.64552 0.188075
-2.63968 0.188075
-2.63384 0.188075
-2.628 0.188075
-2.62216 0.188075
-2.61632 0.188075
-2.61048 0.188075
-2.60464 0.188075
-2.5988 0.188075
-2.59296 0.187898
-2.58712 0.187588
-2.58128 0.187146
-2.57544 0.186615
-2.5696 0.186039
-2.56376 0.185332
-2.55792 0.184623
-2.55208 0.183871
-2.54624 0.183075
-2.5404 0.18228
-2.53456 0.181571
-2.52872 0.180775
-2.52288 0.180023
-2.51704 0.179227
-2.5112 0.178472
-2.50536 0.177588
-2.49952 0.17679
-2.49368 0.175948
-2.48784 0.175105
-2.482 0.174397
-2.47616 0.173423
-2.47032 0.172449
-2.46448 0.171431
-2.45864 0.170369
-2.4528 0.169307
-2.44696 0.168245
-2.44112 0.167183
-2.43528 0.166122
-2.42944 0.16506
-2.4236 0.163998
-2.41776 0.162979
-2.41192 0.161873
-2.40608 0.160722
-2.40024 0.159571
-2.3944 0.158419
-2.38856 0.157309
-2.38272 0.156111
-2.37688 0.154957
-2.37104 0.153716
-2.3652 0.152475
-2.35936 0.151233
-2.35352 0.150037
-2.34768 0.148838
-2.34184 0.147594
-2.336 0.146351
-2.33016 0.145107
-2.32432 0.143862
-2.31848 0.142661
-2.31264 0.141461
-2.3068 0.140259
-2.30096 0.138971
-2.29512 0.13777
-2.28928 0.136527
-2.28344 0.135325
-2.2776 0.134126
-2.27176 0.132968
-2.26592 0.131857
-2.26008 0.130656
-2.25424 0.129369
-2.2484 0.12808
-2.24256 0.126791
-2.23672 0.125544
-2.23088 0.124254
-2.22504 0.122967
-2.2192 0.121634
-2.21336 0.120345
-2.20752 0.119056
-2.20168 0.117722
-2.19584 0.116432
-2.19 0.115099
-2.18416 0.113766
-2.17832 0.112433
-2.17248 0.111144
-2.16664 0.109854
-2.1608 0.108563
-2.15496 0.10723
-2.14912 0.105896
-2.14328 0.104562
-2.13744 0.103227
-2.1316 0.101937
-2.12576 0.100647
-2.11992 0.0993121
-2.11408 0.0979785
-2.10824 0.096645
-2.1024 0.0953103
-2.09656 0.0940636
-2.09072 0.0927289
-2.08488 0.0914833
-2.07904 0.0901486
-2.0732 0.088902
-2.06736 0.087613
-2.06152 0.0864109
-2.05568 0.0852088
-2.04984 0.0839622
-2.044 0.0828493
-2.03816 0.0815569
-2.03232 0.0801832
-2.02648 0.0788497
-2.02064 0.0775596
-2.0148 0.076227
-2.00896 0.0750224
-2.00312 0.0736911
-1.99728 0.0722721
-1.99144 0.0711987
-1.9856 0.0697384
-1.97976 0.0687006
-1.97392 0.067876
-1.96808 0.0668826
-1.96224 0.0663939
-1.9564 0.0653149
-1.95056 0.06534
-1.94472 0.0643075
-1.93888 0.0643252
-1.93304 0.0636659
-1.9272 0.0625067
-1.92136 0.0622721
-1.91552 0.0613721
-1.90968 0.0616841
-1.90384 0.0615031
-1.898 0.0608077
-1.89216 0.0611197
-1.88632 0.060676
-1.88048 0.0601953
-1.87464 0.0609394
-1.8688 0.0608355
-1.86296 0.059551
-1.85712 0.0599618
-1.85128 0.0603207
-1.84544 0.0606909
-1.8396 0.0602534
-1.83376 0.0605034
-1.82792 0.060036
-1.82208 0.0618714
-1.81624 0.0605487
-1.8104 0.061931
-1.80456 0.0619208
-1.79872 0.0601736
-1.79288 0.0618161
-1.78704 0.0629123
-1.7812 0.0624734
-1.77536 0.062217
-1.76952 0.0668045
-1.76368 0.064278
-1.75784 0.0639346
-1.752 0.0667614
-1.74616 0.0654111
-1.74032 0.0670009
-1.73448 0.0672684
-1.72864 0.0668299
-1.7228 0.0690338
-1.71696 0.0686456
-1.71112 0.0670028
-1.70528 0.0690304
-1.69944 0.0703362
-1.6936 0.0702217
-1.68776 0.070816
-1.68192 0.0733387
-1.67608 0.0709905
-1.67024 0.073566
-1.6644 0.072688
-1.65856 0.0746753
-1.65272 0.0745163
-1.64688 0.073491
-1.64104 0.0734976
-1.6352 0.0759518
-1.62936 0.073175
-1.62352 0.0750976
-1.61768 0.0746114
-1.61184 0.0751993
-1.606 0.076999
-1.60016 0.0792278
-1.59432 0.078651
-1.58848 0.0820512
-1.58264 0.0834129
-1.5768 0.0830454
-1.57096 0.0849642
-1.56512 0.0875673
-1.55928 0.0886231
-1.55344 0.0887714
-1.5476 0.0909889
-1.54176 0.0951978
-1.53592 0.0932828
-1.53008 0.0967833
-1.52424 0.0963156
-1.5184 0.0976812
-1.51256 0.101888
-1.50672 0.100543
-1.50088 0.102938
-1.49504 0.107347
-1.4892 0.104782
-1.48336 0.105652
-1.47752 0.107599
-1.47168 0.110442
-1.46584 0.110121
-1.46 0.110542
-1.45416 0.11509
-1.44832 0.116943
-1.44248 0.117617
-1.43664 0.117904
-1.4308 0.120477
-1.42496 0.11952
-1.41912 0.121999
-1.41328 0.126044
-1.40744 0.126518
-1.4016 0.128292
-1.39576 0.128397
-1.38992 0.131879
-1.38408 0.135363
-1.37824 0.133377
-1.3724 0.136902
-1.36656 0.137023
-1.36072 0.137452
-1.35488 0.141599
-1.34904 0.143136
-1.3432 0.141824
-1.33736 0.144457
-1.33152 0.151202
-1.32568 0.150715
-1.31984 0.151956
-1.314 0.154229
-1.30816 0.154073
-1.30232 0.15748
-1.29648 0.157834
-1.29064 0.158679
-1.2848 0.161849
-1.27896 0.161906
-1.27312 0.162291
-1.26728 0.165724
-1.26144 0.165403
-1.2556 0.167149
-1.24976 0.168127
-1.24392 0.172522
-1.23808 0.169761
-1.23224 0.173859
-1.2264 0.172397
-1.22056 0.176784
-1.21472 0.177728
-1.20888 0.179783
-1.20304 0.182289
-1.1972 0.183583
-1.19136 0.182165
-1.18552 0.185213
-1.17968 0.185535
-1.17384 0.18673
-1.168 0.190332
-1.16216 0.192741
-1.15632 0.192256
-1.15048 0.196318
-1.14464 0.196155
-1.1388 0.196421
-1.13296 0.196856
-1.12712 0.199663
-1.12128 0.200024
-1.11544 0.201005
-1.1096 0.204477
-1.10376 0.207143
-1.09792 0.207504
-1.09208 0.208042
-1.08624 0.207304
-1.0804 0.209405
-1.07456 0.210806
-1.06872 0.210796
-1.06288 0.213168
-1.05704 0.217256
-1.0512 0.213485
-1.04536 0.212986
-1.03952 0.214773
-1.03368 0.216382
-1.02784 0.216365
-1.022 0.214687
-1.01616 0.216974
-1.01032 0.218121
-1.00448 0.21754
-0.99864 0.216036
-0.9928 0.216338
-0.98696 0.215554
-0.98112 0.216354
-0.97528 0.218306
-0.96944 0.21795
-0.9636 0.217065
-0.95776 0.21761
-0.95192 0.219022
-0.94608 0.221301
-0.94024 0.218314
-0.9344 0.219433
-0.92856 0.218455
-0.92272 0.218397
-0.91688 0.219488
-0.91104 0.219206
-0.9052 0.21743
-0.89936 0.219393
-0.89352 0.221001
-0.88768 0.220365
-0.88184 0.220421
-0.876 0.22131
-0.87016 0.220803
-0.86432 0.222443
-0.85848 0.221306
-0.85264 0.222445
-0.8468 0.222316
-0.84096 0.221818
-0.83512 0.221737
-0.82928 0.22233
-0.82344 0.221581
-0.8176 0.222203
-0.81176 0.223005
-0.80592 0.221818
-0.80008 0.221812
-0.79424 0.222532
-0.7884 0.22228
-0.78256 0.223584
-0.77672 0.223316
-0.77088 0.22328
-0.76504 0.223781
-0.7592 0.224241
-0.75336 0.224573
-0.74752 0.224655
-0.74168 0.224267
-0.73584 0.225611
-0.73 0.225899
-0.72416 0.226778
-0.71832 0.227232
-0.71248 0.227691
-0.70664 0.228192
-0.7008 0.228435
-0.69496 0.229818
-0.68912 0.229937
-0.68328 0.230776
-0.67744 0.232365
-0.6716 0.233368
-0.66576 0.233989
-0.65992 0.235073
-0.65408 0.234865
-0.64824 0.235863
-0.6424 0.237147
-0.63656 0.237594
-0.63072 0.237744
-0.62488 0.238058
-0.61904 0.238703
-0.6132 0.2383
-0.60736 0.238274
-0.60152 0.238623
-0.59568 0.238623
-0.58984 0.238623
-0.584 0.238623
-0.57816 0.238623
-0.57232 0.238623
-0.56648 0.238623
-0.56064 0.238623
-0.5548 0.238623
-0.54896 0.238623
-0.54312 0.238623
-0.53728 0.238623
-0.53144 0.238623
-0.5256 0.238623
-0.51976 0.238623
-0.51392 0.238623
-0.50808 0.238623
-0.50224 0.238623
-0.4964 0.238623
-0.49056 0.238623
-0.48472 0.238623
-0.47888 0.238623
-0.47304 0.238623
-0.4672 0.238623
-0.46136 0.238623
-0.45552 0.238623
-0.44968 0.238623
-0.44384 0.238623
-0.438 0.238623
-0.43216 0.238623
-0.42632 0.238623
-0.42048 0.238623
-0.41464 0.238623
-0.4088 0.238623
-0.40296 0.238623
-0.39712 0.238623
-0.39128 0.238623
-0.38544 0.238623
-0.3796 0.238623
-0.37376 0.238623
-0.36792 0.238623
-0.36208 0.238623
-0.35624 0.238623
-0.3504 0.238623
-0.34456 0.238623
-0.33872 0.238623
-0.33288 0.238623
-0.32704 0.238623
-0.3212 0.238623
-0.31536 0.238623
-0.30952 0.238623
-0.30368 0.238623
-0.29784 0.238623
-0.292 0.238623
-0.28616 0.238623
-0.28032 0.238623
-0.27448 0.238623
-0.26864 0.238623
-0.2628 0.238623
-0.25696 0.238623
-0.25112 0.238623
-0.24528 0.238623
-0.23944 0.238623
-0.2336 0.238623
-0.22776 0.238623
-0.22192 0.238623
-0.21608 0.238623
-0.21024 0.238623
-0.2044 0.238623
-0.19856 0.238623
-0.19272 0.238623
-0.18688 0.238623
-0.18104 0.238623
-0.1752 0.238623
-0.16936 0.238623
-0.16352 0.238623
-0.15768 0.238623
-0.15184 0.238623
-0.146 0.238623
-0.14016 0.238623
-0.13432 0.238623
-0.12848 0.238623
-0.12264 0.238623
-0.1168 0.238623
-0.11096 0.238623
-0.10512 0.238623
-0.09928 0.238623
-0.09344 0.238623
-0.0876 0.238623
-0.08176 0.238623
-0.07592 0.238623
-0.07008 0.238623
-0.06424 0.238623
-0.0584 0.238623
-0.05256 0.238623
-0.04672 0.238623
-0.04088 0.238623
-0.03504 0.238623
-0.0292 0.238623
-0.02336 0.238623
-0.01752 0.238623
-0.01168 0.238623
-0.00584 0.238623
