-2.92 0.1815
-2.91416 0.1815
-2.90832 0.1815
-2.90248 0.1815
-2.89664 0.1815
-2.8908 0.1815
-2.88496 0.1815
-2.87912 0.1815
-2.87328 0.1815
-2.86744 0.1815
-2.8616 0.1815
-2.85576 0.1815
-2.84992 0.1815
-2.84408 0.1815
-2.83824 0.1815
-2.8324 0.1815
-2.82656 0.1815
-2.82072 0.1815
-2.81488 0.1815
-2.80904 0.1815
-2.8032 0.1815
-2.79736 0.1815
-2.79152 0.1815
-2.78568 0.1815
-2.77984 0.1815
-2.774 0.1815
-2.76816 0.1815
-2.76232 0.1815
-2.75648 0.1815
-2.75064 0.1815
-2.7448 0.1815
-2.73896 0.1815
-2.73312 0.1815
-2.72728 0.1815
-2.72144 0.1815
-2.7156 0.1815
-2.70976 0.1815
-2.70392 0.1815
-2.69808 0.1815
-2.69224 0.1815
-2.6864 0.1815
-2.68056 0.1815
-2.67472 0.1815
-2.66888 0.1815
-2.66304 0.1815
-2.6572 0.1815
-2.65136 0.1815
-2.64552 0.1815
-2.63968 0.1815
-2.63384 0.1815
-2.628 0.1815
-2.62216 0.1815
-2.61632 0.1815
-2.61048 0.1815
-2.60464 0.1815
-2.5988 0.1815
-2.59296 0.181324
-2.58712 0.181147
-2.58128 0.180708
-2.57544 0.180225
-2.5696 0.179743
-2.56376 0.179215
-2.55792 0.178643
-2.55208 0.178072
-2.54624 0.177457
-2.5404 0.176798
-2.53456 0.176139
-2.52872 0.175392
-2.52288 0.174646
-2.51704 0.173899
-2.5112 0.173152
-2.50536 0.172405
-2.49952 0.171745
-2.49368 0.171086
-2.48784 0.170295
-2.482 0.169636
-2.47616 0.168801
-2.47032 0.167964
-2.46448 0.167039
-2.45864 0.166114
-2.4528 0.165103
-2.44696 0.16409
-2.44112 0.163078
-2.43528 0.16202
-2.42944 0.160919
-2.4236 0.159818
-2.41776 0.158759
-2.41192 0.157701
-2.40608 0.156599
-2.40024 0.15554
-2.3944 0.154393
-2.38856 0.153292
-2.38272 0.152102
-2.37688 0.150957
-2.37104 0.149767
-2.3652 0.148621
-2.35936 0.14743
-2.35352 0.146282
-2.34768 0.145091
-2.34184 0.143945
-2.336 0.14271
-2.33016 0.141476
-2.32432 0.140286
-2.31848 0.139095
-2.31264 0.13786
-2.3068 0.136626
-2.30096 0.135435
-2.29512 0.134245
-2.28928 0.133054
-2.28344 0.131906
-2.2776 0.130714
-2.27176 0.129566
-2.26592 0.128374
-2.26008 0.127229
-2.25424 0.12595
-2.2484 0.124671
-2.24256 0.123393
-2.23672 0.122114
-2.23088 0.120835
-2.22504 0.119643
-2.2192 0.118364
-2.21336 0.117041
-2.20752 0.11572
-2.20168 0.114397
-2.19584 0.113161
-2.19 0.111837
-2.18416 0.110513
-2.17832 0.109232
-2.17248 0.107952
-2.16664 0.106671
-2.1608 0.105347
-2.15496 0.104067
-2.14912 0.102786
-2.14328 0.101462
-2.13744 0.100137
-2.1316 0.0988554
-2.12576 0.0975307
-2.11992 0.0962505
-2.11408 0.0949257
-2.10824 0.0936445
-2.1024 0.0923219
-2.09656 0.0910407
-2.09072 0.0897594
-2.08488 0.0884346
-2.07904 0.0871534
-2.0732 0.0858732
-2.06736 0.0846364
-2.06152 0.0834431
-2.05568 0.0822499
-2.04984 0.0809685
-2.044 0.0798209
-2.03816 0.0785397
-2.03232 0.0772572
-2.02648 0.0758913
-2.02064 0.0745686
-2.0148 0.0732438
-2.00896 0.0719646
-2.00312 0.0706814
-1.99728 0.0693989
-1.99144 0.0681175
-1.9856 0.0667536
-1.97976 0.0657712
-1.97392 0.064619
-1.96808 0.0638065
-1.96224 0.0635405
-1.9564 0.0629767
-1.95056 0.062338
-1.94472 0.0616547
-1.93888 0.0608035
-1.93304 0.0609558
-1.9272 0.0606128
-1.92136 0.0597978
-1.91552 0.0598731
-1.90968 0.0588911
-1.90384 0.0577784
-1.898 0.0588229
-1.89216 0.0581429
-1.88632 0.0580454
-1.88048 0.0578774
-1.87464 0.0574089
-1.8688 0.0575652
-1.86296 0.0588625
-1.85712 0.057851
-1.85128 0.0578851
-1.84544 0.0580946
-1.8396 0.0580598
-1.83376 0.0583796
-1.82792 0.0587097
-1.82208 0.0607832
-1.81624 0.0589615
-1.8104 0.0596711
-1.80456 0.0596339
-1.79872 0.0609785
-1.79288 0.060886
-1.78704 0.060336
-1.7812 0.0593687
-1.77536 0.0592013
-1.76952 0.0607119
-1.76368 0.0623531
-1.75784 0.0624426
-1.752 0.0619354
-1.74616 0.0638313
-1.74032 0.0650239
-1.73448 0.0637679
-1.72864 0.0648613
-1.7228 0.0662648
-1.71696 0.0648833
-1.71112 0.0678985
-1.70528 0.0682141
-1.69944 0.068655
-1.6936 0.0693315
-1.68776 0.0696424
-1.68192 0.0694852
-1.67608 0.0717778
-1.67024 0.070322
-1.6644 0.0720706
-1.65856 0.0716
-1.65272 0.0717941
-1.64688 0.07208
-1.64104 0.0745012
-1.6352 0.0742743
-1.62936 0.0733577
-1.62352 0.0745063
-1.61768 0.0750241
-1.61184 0.0754482
-1.606 0.0786902
-1.60016 0.0787518
-1.59432 0.0813595
-1.58848 0.0819483
-1.58264 0.0832455
-1.5768 0.0838441
-1.57096 0.0869812
-1.56512 0.0859107
-1.55928 0.0871227
-1.55344 0.090984
-1.5476 0.0912548
-1.54176 0.0922106
-1.53592 0.0937542
-1.53008 0.0938805
-1.52424 0.0948033
-1.5184 0.0965118
-1.51256 0.0996696
-1.50672 0.10101
-1.50088 0.100944
-1.49504 0.103507
-1.4892 0.106035
-1.48336 0.106546
-1.47752 0.105778
-1.47168 0.110095
-1.46584 0.106231
-1.46 0.113024
-1.45416 0.113831
-1.44832 0.116733
-1.44248 0.118308
-1.43664 0.118131
-1.4308 0.119308
-1.42496 0.125568
-1.41912 0.121973
-1.41328 0.126801
-1.40744 0.125356
-1.4016 0.127273
-1.39576 0.130386
-1.38992 0.131182
-1.38408 0.135888
-1.37824 0.137387
-1.3724 0.138263
-1.36656 0.1409
-1.36072 0.140852
-1.35488 0.143647
-1.34904 0.140743
-1.3432 0.141902
-1.33736 0.144013
-1.33152 0.147344
-1.32568 0.15161
-1.31984 0.150811
-1.314 0.15163
-1.30816 0.153491
-1.30232 0.15559
-1.29648 0.157854
-1.29064 0.159158
-1.2848 0.161745
-1.27896 0.161331
-1.27312 0.165222
-1.26728 0.165563
-1.26144 0.164248
-1.2556 0.165143
-1.24976 0.167585
-1.24392 0.16921
-1.23808 0.170098
-1.23224 0.171342
-1.2264 0.17384
-1.22056 0.173755
-1.21472 0.175087
-1.20888 0.175902
-1.20304 0.180676
-1.1972 0.179889
-1.19136 0.180102
-1.18552 0.182285
-1.17968 0.185535
-1.17384 0.18559
-1.168 0.189793
-1.16216 0.189304
-1.15632 0.192269
-1.15048 0.1916
-1.14464 0.193383
-1.1388 0.194701
-1.13296 0.196184
-1.12712 0.19476
-1.12128 0.196513
-1.11544 0.200446
-1.1096 0.200365
-1.10376 0.20042
-1.09792 0.201526
-1.09208 0.202501
-1.08624 0.20277
-1.0804 0.204454
-1.07456 0.207044
-1.06872 0.20828
-1.06288 0.207344
-1.05704 0.20909
-1.0512 0.210202
-1.04536 0.210641
-1.03952 0.210152
-1.03368 0.211821
-1.02784 0.208389
-1.022 0.212365
-1.01616 0.211541
-1.01032 0.211498
-1.00448 0.211851
-0.99864 0.210074
-0.9928 0.210815
-0.98696 0.212351
-0.98112 0.209857
-0.97528 0.212458
-0.96944 0.210048
-0.9636 0.210694
-0.95776 0.212521
-0.95192 0.211083
-0.94608 0.213925
-0.94024 0.212744
-0.9344 0.212672
-0.92856 0.213446
-0.92272 0.212433
-0.91688 0.213841
-0.91104 0.210637
-0.9052 0.210821
-0.89936 0.211032
-0.89352 0.213606
-0.88768 0.214033
-0.88184 0.213324
-0.876 0.213833
-0.87016 0.212651
-0.86432 0.21467
-0.85848 0.214466
-0.85264 0.214806
-0.8468 0.215359
-0.84096 0.21464
-0.83512 0.214516
-0.82928 0.214645
-0.82344 0.21255
-0.8176 0.214071
-0.81176 0.214371
-0.80592 0.214798
-0.80008 0.215261
-0.79424 0.214801
-0.7884 0.215477
-0.78256 0.215979
-0.77672 0.215595
-0.77088 0.215646
-0.76504 0.217074
-0.7592 0.217029
-0.75336 0.216516
-0.74752 0.217826
-0.74168 0.217952
-0.73584 0.21854
-0.73 0.219586
-0.72416 0.21988
-0.71832 0.220804
-0.71248 0.221173
-0.70664 0.221714
-0.7008 0.222586
-0.69496 0.223122
-0.68912 0.222903
-0.68328 0.223986
-0.67744 0.225704
-0.6716 0.226492
-0.66576 0.227237
-0.65992 0.22752
-0.65408 0.227733
-0.64824 0.228012
-0.6424 0.229087
-0.63656 0.229909
-0.63072 0.230679
-0.62488 0.23057
-0.61904 0.230542
-0.6132 0.230431
-0.60736 0.230401
-0.60152 0.230703
-0.59568 0.230703
-0.58984 0.230703
-0.584 0.230703
-0.57816 0.230703
-0.57232 0.230703
-0.56648 0.230703
-0.56064 0.230703
-0.5548 0.230703
-0.54896 0.230703
-0.54312 0.230703
-0.53728 0.230703
-0.53144 0.230703
-0.5256 0.230703
-0.51976 0.230703
-0.51392 0.230703
-0.50808 0.230703
-0.50224 0.230703
-0.4964 0.230703
-0.49056 0.230703
-0.48472 0.230703
-0.47888 0.230703
-0.47304 0.230703
-0.4672 0.230703
-0.46136 0.230703
-0.45552 0.230703
-0.44968 0.230703
-0.44384 0.230703
-0.438 0.230703
-0.43216 0.230703
-0.42632 0.230703
-0.42048 0.230703
-0.41464 0.230703
-0.4088 0.230703
-0.40296 0.230703
-0.39712 0.230703
-0.39128 0.230703
-0.38544 0.230703
-0.3796 0.230703
-0.37376 0.230703
-0.36792 0.230703
-0.36208 0.230703
-0.35624 0.230703
-0.3504 0.230703
-0.34456 0.230703
-0.33872 0.230703
-0.33288 0.230703
-0.32704 0.230703
-0.3212 0.230703
-0.31536 0.230703
-0.30952 0.230703
-0.30368 0.230703
-0.29784 0.230703
-0.292 0.230703
-0.28616 0.230703
-0.28032 0.230703
-0.27448 0.230703
-0.26864 0.230703
-0.2628 0.230703
-0.25696 0.230703
-0.25112 0.230703
-0.24528 0.230703
-0.23944 0.230703
-0.2336 0.230703
-0.22776 0.230703
-0.22192 0.230703
-0.21608 0.230703
-0.21024 0.230703
-0.2044 0.230703
-0.19856 0.230703
-0.19272 0.230703
-0.18688 0.230703
-0.18104 0.230703
-0.1752 0.230703
-0.16936 0.230703
-0.16352 0.230703
-0.15768 0.230703
-0.15184 0.230703
-0.146 0.230703
-0.14016 0.230703
-0.13432 0.230703
-0.12848 0.230703
-0.12264 0.230703
-0.1168 0.230703
-0.11096 0.230703
-0.10512 0.230703
-0.09928 0.230703
-0.09344 0.230703
-0.0876 0.230703
-0.08176 0.230703
-0.07592 0.230703
-0.07008 0.230703
-0.06424 0.230703
-0.0584 0.230703
-0.05256 0.230703
-0.04672 0.230703
-0.04088 0.230703
-0.03504 0.230703
-0.0292 0.230703
-0.02336 0.230703
-0.01752 0.230703
-0.01168 0.230703
-0.00584 0.230703
