-2.92 0.227236
-2.91416 0.227236
-2.90832 0.227236
-2.90248 0.227236
-2.89664 0.227236
-2.8908 0.227236
-2.88496 0.227236
-2.87912 0.227236
-2.87328 0.227236
-2.86744 0.227236
-2.8616 0.227236
-2.85576 0.227236
-2.84992 0.227236
-2.84408 0.227236
-2.83824 0.227236
-2.8324 0.227236
-2.82656 0.227236
-2.82072 0.227236
-2.81488 0.227236
-2.80904 0.227236
-2.8032 0.227236
-2.79736 0.227236
-2.79152 0.227236
-2.78568 0.227236
-2.77984 0.227236
-2.774 0.227236
-2.76816 0.227236
-2.76232 0.227236
-2.75648 0.227236
-2.75064 0.227236
-2.7448 0.227236
-2.73896 0.227236
-2.73312 0.227236
-2.72728 0.227236
-2.72144 0.227236
-2.7156 0.227236
-2.70976 0.227236
-2.70392 0.227236
-2.69808 0.227236
-2.69224 0.227236
-2.6864 0.227236
-2.68056 0.227236
-2.67472 0.227236
-2.66888 0.227236
-2.66304 0.227236
-2.6572 0.227236
-2.65136 0.227236
-2.64552 0.227236
-2.63968 0.227236
-2.63384 0.227236
-2.628 0.227236
-2.62216 0.227236
-2.61632 0.227236
-2.61048 0.227236
-2.60464 0.227236
-2.5988 0.227236
-2.59296 0.226973
-2.58712 0.226531
-2.58128 0.226001
-2.57544 0.225383
-2.5696 0.224587
-2.56376 0.223746
-2.55792 0.222903
-2.55208 0.222016
-2.54624 0.221128
-2.5404 0.22024
-2.53456 0.219397
-2.52872 0.218508
-2.52288 0.217578
-2.51704 0.216645
-2.5112 0.215715
-2.50536 0.214783
-2.49952 0.213809
-2.49368 0.212789
-2.48784 0.211814
-2.482 0.210969
-2.47616 0.209816
-2.47032 0.208662
-2.46448 0.207508
-2.45864 0.206354
-2.4528 0.205155
-2.44696 0.203956
-2.44112 0.202756
-2.43528 0.201513
-2.42944 0.20027
-2.4236 0.198983
-2.41776 0.19774
-2.41192 0.196452
-2.40608 0.195209
-2.40024 0.193877
-2.3944 0.192546
-2.38856 0.191215
-2.38272 0.189839
-2.37688 0.188507
-2.37104 0.187132
-2.3652 0.185844
-2.35936 0.184424
-2.35352 0.18305
-2.34768 0.181587
-2.34184 0.180166
-2.336 0.178702
-2.33016 0.177239
-2.32432 0.175687
-2.31848 0.174136
-2.31264 0.172627
-2.3068 0.171119
-2.30096 0.169612
-2.29512 0.168106
-2.28928 0.166642
-2.28344 0.165136
-2.2776 0.163586
-2.27176 0.162168
-2.26592 0.160747
-2.26008 0.159415
-2.25424 0.157862
-2.2484 0.156265
-2.24256 0.154626
-2.23672 0.15303
-2.23088 0.15139
-2.22504 0.149794
-2.2192 0.148154
-2.21336 0.146515
-2.20752 0.144918
-2.20168 0.143278
-2.19584 0.141683
-2.19 0.140043
-2.18416 0.138448
-2.17832 0.136764
-2.17248 0.135082
-2.16664 0.133399
-2.1608 0.131759
-2.15496 0.130074
-2.14912 0.128434
-2.14328 0.126793
-2.13744 0.125109
-2.1316 0.123469
-2.12576 0.121785
-2.11992 0.120144
-2.11408 0.118505
-2.10824 0.116864
-2.1024 0.115179
-2.09656 0.113539
-2.09072 0.111942
-2.08488 0.11026
-2.07904 0.108619
-2.0732 0.107024
-2.06736 0.105427
-2.06152 0.103833
-2.05568 0.102282
-2.04984 0.100775
-2.044 0.0999483
-2.03816 0.0985608
-2.03232 0.0974689
-2.02648 0.0964603
-2.02064 0.0951161
-2.0148 0.0938964
-2.00896 0.0936071
-2.00312 0.0924753
-1.99728 0.0913415
-1.99144 0.0908446
-1.9856 0.0903879
-1.97976 0.0892576
-1.97392 0.0893492
-1.96808 0.0878797
-1.96224 0.0869593
-1.9564 0.0857854
-1.95056 0.0844432
-1.94472 0.082587
-1.93888 0.0802352
-1.93304 0.0786368
-1.9272 0.0761988
-1.92136 0.0746468
-1.91552 0.0727993
-1.90968 0.0701887
-1.90384 0.0685086
-1.898 0.0664476
-1.89216 0.064263
-1.88632 0.0622903
-1.88048 0.0608698
-1.87464 0.0585574
-1.8688 0.0568776
-1.86296 0.0554146
-1.85712 0.05319
-1.85128 0.0515606
-1.84544 0.0500993
-1.8396 0.0476228
-1.83376 0.0467606
-1.82792 0.045094
-1.82208 0.0438116
-1.81624 0.0419696
-1.8104 0.040679
-1.80456 0.0386289
-1.79872 0.0368739
-1.79288 0.0360073
-1.78704 0.0343834
-1.7812 0.0329651
-1.77536 0.0317189
-1.76952 0.0307688
-1.76368 0.0296959
-1.75784 0.0284958
-1.752 0.0273792
-1.74616 0.0259657
-1.74032 0.0252323
-1.73448 0.0235289
-1.72864 0.0225417
-1.7228 0.0216866
-1.71696 0.0202357
-1.71112 0.019299
-1.70528 0.0183135
-1.69944 0.0170801
-1.6936 0.0163962
-1.68776 0.01491
-1.68192 0.0149465
-1.67608 0.0137163
-1.67024 0.0139184
-1.6644 0.0146749
-1.65856 0.0148748
-1.65272 0.0148295
-1.64688 0.0155431
-1.64104 0.0170196
-1.6352 0.0187909
-1.62936 0.018998
-1.62352 0.0206532
-1.61768 0.0228598
-1.61184 0.0242684
-1.606 0.026117
-1.60016 0.0269807
-1.59432 0.028758
-1.58848 0.0290615
-1.58264 0.0306365
-1.5768 0.0300665
-1.57096 0.0326153
-1.56512 0.0325183
-1.55928 0.0343994
-1.55344 0.0360708
-1.5476 0.0365677
-1.54176 0.0370142
-1.53592 0.0390706
-1.53008 0.0383887
-1.52424 0.0396033
-1.5184 0.0393591
-1.51256 0.042721
-1.50672 0.0420447
-1.50088 0.0448213
-1.49504 0.0453716
-1.4892 0.0487247
-1.48336 0.0482676
-1.47752 0.050914
-1.47168 0.0501534
-1.46584 0.0534376
-1.46 0.0559266
-1.45416 0.059629
-1.44832 0.0607278
-1.44248 0.0613635
-1.43664 0.0630413
-1.4308 0.0641935
-1.42496 0.0661257
-1.41912 0.0681975
-1.41328 0.0690033
-1.40744 0.0715695
-1.4016 0.0717898
-1.39576 0.0736989
-1.38992 0.0755571
-1.38408 0.0765234
-1.37824 0.0769193
-1.3724 0.0792852
-1.36656 0.0808977
-1.36072 0.0846077
-1.35488 0.0834487
-1.34904 0.083897
-1.3432 0.0853709
-1.33736 0.0868529
-1.33152 0.0888986
-1.32568 0.0908364
-1.31984 0.0925876
-1.314 0.0935503
-1.30816 0.0964569
-1.30232 0.0964602
-1.29648 0.0962588
-1.29064 0.09893
-1.2848 0.100552
-1.27896 0.101029
-1.27312 0.103521
-1.26728 0.106522
-1.26144 0.107624
-1.2556 0.109828
-1.24976 0.111575
-1.24392 0.114633
-1.23808 0.117465
-1.23224 0.11959
-1.2264 0.121626
-1.22056 0.123076
-1.21472 0.125073
-1.20888 0.126775
-1.20304 0.128006
-1.1972 0.129338
-1.19136 0.131914
-1.18552 0.134163
-1.17968 0.134688
-1.17384 0.137441
-1.168 0.139805
-1.16216 0.139996
-1.15632 0.142244
-1.15048 0.142214
-1.14464 0.146024
-1.1388 0.144573
-1.13296 0.147154
-1.12712 0.146749
-1.12128 0.149806
-1.11544 0.15091
-1.1096 0.153421
-1.10376 0.154144
-1.09792 0.156008
-1.09208 0.156414
-1.08624 0.158075
-1.0804 0.15765
-1.07456 0.160704
-1.06872 0.159949
-1.06288 0.163726
-1.05704 0.163533
-1.0512 0.167988
-1.04536 0.16852
-1.03952 0.17089
-1.03368 0.171494
-1.02784 0.17399
-1.022 0.175991
-1.01616 0.179495
-1.01032 0.180313
-1.00448 0.182054
-0.99864 0.183406
-0.9928 0.184154
-0.98696 0.185296
-0.98112 0.187886
-0.97528 0.188065
-0.96944 0.190601
-0.9636 0.191636
-0.95776 0.192831
-0.95192 0.193983
-0.94608 0.195306
-0.94024 0.196084
-0.9344 0.197529
-0.92856 0.19965
-0.92272 0.201473
-0.91688 0.200442
-0.91104 0.200221
-0.9052 0.202162
-0.89936 0.203311
-0.89352 0.203624
-0.88768 0.205823
-0.88184 0.207019
-0.876 0.206379
-0.87016 0.208994
-0.86432 0.208227
-0.85848 0.208534
-0.85264 0.209941
-0.8468 0.209701
-0.84096 0.211187
-0.83512 0.212371
-0.82928 0.214816
-0.82344 0.21528
-0.8176 0.216766
-0.81176 0.217368
-0.80592 0.219145
-0.80008 0.220493
-0.79424 0.221219
-0.7884 0.222481
-0.78256 0.222744
-0.77672 0.223586
-0.77088 0.224059
-0.76504 0.225363
-0.7592 0.225539
-0.75336 0.22672
-0.74752 0.227474
-0.74168 0.227735
-0.73584 0.229338
-0.73 0.229548
-0.72416 0.229841
-0.71832 0.231021
-0.71248 0.231734
-0.70664 0.232704
-0.7008 0.23203
-0.69496 0.232702
-0.68912 0.233455
-0.68328 0.23434
-0.67744 0.235213
-0.6716 0.235927
-0.66576 0.23688
-0.65992 0.237882
-0.65408 0.239138
-0.64824 0.239801
-0.6424 0.239629
-0.63656 0.240493
-0.63072 0.241275
-0.62488 0.241926
-0.61904 0.242573
-0.6132 0.243597
-0.60736 0.243731
-0.60152 0.243782
-0.59568 0.243782
-0.58984 0.243782
-0.584 0.243782
-0.57816 0.243782
-0.57232 0.243782
-0.56648 0.243782
-0.56064 0.243782
-0.5548 0.243782
-0.54896 0.243782
-0.54312 0.243782
-0.53728 0.243782
-0.53144 0.243782
-0.5256 0.243782
-0.51976 0.243782
-0.51392 0.243782
-0.50808 0.243782
-0.50224 0.243782
-0.4964 0.243782
-0.49056 0.243782
-0.48472 0.243782
-0.47888 0.243782
-0.47304 0.243782
-0.4672 0.243782
-0.46136 0.243782
-0.45552 0.243782
-0.44968 0.243782
-0.44384 0.243782
-0.438 0.243782
-0.43216 0.243782
-0.42632 0.243782
-0.42048 0.243782
-0.41464 0.243782
-0.4088 0.243782
-0.40296 0.243782
-0.39712 0.243782
-0.39128 0.243782
-0.38544 0.243782
-0.3796 0.243782
-0.37376 0.243782
-0.36792 0.243782
-0.36208 0.243782
-0.35624 0.243782
-0.3504 0.243782
-0.34456 0.243782
-0.33872 0.243782
-0.33288 0.243782
-0.32704 0.243782
-0.3212 0.243782
-0.31536 0.243782
-0.30952 0.243782
-0.30368 0.243782
-0.29784 0.243782
-0.292 0.243782
-0.28616 0.243782
-0.28032 0.243782
-0.27448 0.243782
-0.26864 0.243782
-0.2628 0.243782
-0.25696 0.243782
-0.25112 0.243782
-0.24528 0.243782
-0.23944 0.243782
-0.2336 0.243782
-0.22776 0.243782
-0.22192 0.243782
-0.21608 0.243782
-0.21024 0.243782
-0.2044 0.243782
-0.19856 0.243782
-0.19272 0.243782
-0.18688 0.243782
-0.18104 0.243782
-0.1752 0.243782
-0.16936 0.243782
-0.16352 0.243782
-0.15768 0.243782
-0.15184 0.243782
-0.146 0.243782
-0.14016 0.243782
-0.13432 0.243782
-0.12848 0.243782
-0.12264 0.243782
-0.1168 0.243782
-0.11096 0.243782
-0.10512 0.243782
-0.09928 0.243782
-0.09344 0.243782
-0.0876 0.243782
-0.08176 0.243782
-0.07592 0.243782
-0.07008 0.243782
-0.06424 0.243782
-0.0584 0.243782
-0.05256 0.243782
-0.04672 0.243782
-0.04088 0.243782
-0.03504 0.243782
-0.0292 0.243782
-0.02336 0.243782
-0.01752 0.243782
-0.01168 0.243782
-0.00584 0.243782
