-2.92 0.256412
-2.91416 0.256412
-2.90832 0.256412
-2.90248 0.256412
-2.89664 0.256412
-2.8908 0.256412
-2.88496 0.256412
-2.87912 0.256412
-2.87328 0.256412
-2.86744 0.256412
-2.8616 0.256412
-2.85576 0.256412
-2.84992 0.256412
-2.84408 0.256412
-2.83824 0.256412
-2.8324 0.256412
-2.82656 0.256412
-2.82072 0.256412
-2.81488 0.256412
-2.80904 0.256412
-2.8032 0.256412
-2.79736 0.256412
-2.79152 0.256412
-2.78568 0.256412
-2.77984 0.256412
-2.774 0.256412
-2.76816 0.256412
-2.76232 0.256412
-2.75648 0.256412
-2.75064 0.256412
-2.7448 0.256412
-2.73896 0.256412
-2.73312 0.256412
-2.72728 0.256412
-2.72144 0.256412
-2.7156 0.256412
-2.70976 0.256412
-2.70392 0.256412
-2.69808 0.256412
-2.69224 0.256412
-2.6864 0.256412
-2.68056 0.256412
-2.67472 0.256412
-2.66888 0.256412
-2.66304 0.256412
-2.6572 0.256412
-2.65136 0.256412
-2.64552 0.256412
-2.63968 0.256412
-2.63384 0.256412
-2.628 0.256412
-2.62216 0.256412
-2.61632 0.256412
-2.61048 0.256412
-2.60464 0.256412
-2.5988 0.256412
-2.59296 0.256278
-2.58712 0.255924
-2.58128 0.255481
-2.57544 0.254951
-2.5696 0.254334
-2.56376 0.253627
-2.55792 0.252877
-2.55208 0.252083
-2.54624 0.251245
-2.5404 0.250406
-2.53456 0.249567
-2.52872 0.248641
-2.52288 0.247759
-2.51704 0.24679
-2.5112 0.245861
-2.50536 0.24489
-2.49952 0.243872
-2.49368 0.242944
-2.48784 0.241883
-2.482 0.240911
-2.47616 0.239762
-2.47032 0.238525
-2.46448 0.2372
-2.45864 0.235874
-2.4528 0.234503
-2.44696 0.233089
-2.44112 0.231632
-2.43528 0.23013
-2.42944 0.228674
-2.4236 0.227127
-2.41776 0.225582
-2.41192 0.224037
-2.40608 0.222445
-2.40024 0.22081
-2.3944 0.219131
-2.38856 0.217497
-2.38272 0.215775
-2.37688 0.214054
-2.37104 0.212289
-2.3652 0.210567
-2.35936 0.208802
-2.35352 0.20708
-2.34768 0.205358
-2.34184 0.203679
-2.336 0.201913
-2.33016 0.200147
-2.32432 0.19847
-2.31848 0.196704
-2.31264 0.194982
-2.3068 0.19326
-2.30096 0.191539
-2.29512 0.18986
-2.28928 0.188183
-2.28344 0.186374
-2.2776 0.184696
-2.27176 0.182976
-2.26592 0.181298
-2.26008 0.179667
-2.25424 0.177901
-2.2484 0.176092
-2.24256 0.174284
-2.23672 0.172518
-2.23088 0.170708
-2.22504 0.168985
-2.2192 0.167175
-2.21336 0.165409
-2.20752 0.163687
-2.20168 0.161832
-2.19584 0.160066
-2.19 0.158211
-2.18416 0.156356
-2.17832 0.154502
-2.17248 0.152692
-2.16664 0.150881
-2.1608 0.149026
-2.15496 0.147174
-2.14912 0.145406
-2.14328 0.143549
-2.13744 0.141738
-2.1316 0.139882
-2.12576 0.138113
-2.11992 0.1363
-2.11408 0.134444
-2.10824 0.132633
-2.1024 0.130863
-2.09656 0.129051
-2.09072 0.127195
-2.08488 0.125427
-2.07904 0.123615
-2.0732 0.121889
-2.06736 0.120166
-2.06152 0.118353
-2.05568 0.116674
-2.04984 0.115202
-2.044 0.113819
-2.03816 0.112472
-2.03232 0.11129
-2.02648 0.109946
-2.02064 0.108472
-2.0148 0.108178
-2.00896 0.106539
-2.00312 0.105401
-1.99728 0.104605
-1.99144 0.103642
-1.9856 0.103012
-1.97976 0.102555
-1.97392 0.100955
-1.96808 0.100581
-1.96224 0.0996994
-1.9564 0.0981851
-1.95056 0.0955755
-1.94472 0.0940227
-1.93888 0.0917892
-1.93304 0.0895553
-1.9272 0.0891912
-1.92136 0.0853073
-1.91552 0.0840092
-1.90968 0.0817391
-1.90384 0.0790427
-1.898 0.0764748
-1.89216 0.0745366
-1.88632 0.071931
-1.88048 0.0698686
-1.87464 0.0673823
-1.8688 0.0646045
-1.86296 0.0632228
-1.85712 0.0608712
-1.85128 0.0586039
-1.84544 0.0563289
-1.8396 0.0546124
-1.83376 0.0520904
-1.82792 0.0507931
-1.82208 0.0486149
-1.81624 0.0464253
-1.8104 0.0442388
-1.80456 0.0420936
-1.79872 0.040246
-1.79288 0.0384376
-1.78704 0.0365931
-1.7812 0.0344086
-1.77536 0.0329461
-1.76952 0.0312324
-1.76368 0.0300219
-1.75784 0.028354
-1.752 0.0268084
-1.74616 0.0255168
-1.74032 0.0238067
-1.73448 0.0225617
-1.72864 0.0214897
-1.7228 0.0199531
-1.71696 0.0187156
-1.71112 0.0173975
-1.70528 0.0162473
-1.69944 0.015311
-1.6936 0.0142061
-1.68776 0.0131476
-1.68192 0.0121295
-1.67608 0.0116594
-1.67024 0.0114479
-1.6644 0.0122448
-1.65856 0.0122902
-1.65272 0.0124548
-1.64688 0.0135149
-1.64104 0.0149947
-1.6352 0.0155094
-1.62936 0.0174988
-1.62352 0.0186542
-1.61768 0.0207364
-1.61184 0.0206768
-1.606 0.0236556
-1.60016 0.0255308
-1.59432 0.0266343
-1.58848 0.0292148
-1.58264 0.0287198
-1.5768 0.0289091
-1.57096 0.0305696
-1.56512 0.0323618
-1.55928 0.0331425
-1.55344 0.0345116
-1.5476 0.0354168
-1.54176 0.0359929
-1.53592 0.0367834
-1.53008 0.0384922
-1.52424 0.0392061
-1.5184 0.0416882
-1.51256 0.0382703
-1.50672 0.0401516
-1.50088 0.0416098
-1.49504 0.0432006
-1.4892 0.0444927
-1.48336 0.0468422
-1.47752 0.0483091
-1.47168 0.0480099
-1.46584 0.0521348
-1.46 0.0545288
-1.45416 0.0576333
-1.44832 0.0580147
-1.44248 0.0601493
-1.43664 0.0603206
-1.4308 0.061
-1.42496 0.0648718
-1.41912 0.0655112
-1.41328 0.0678161
-1.40744 0.0692522
-1.4016 0.0700585
-1.39576 0.0709446
-1.38992 0.0725399
-1.38408 0.0743604
-1.37824 0.0766035
-1.3724 0.0766138
-1.36656 0.0780884
-1.36072 0.0808269
-1.35488 0.0801688
-1.34904 0.0818521
-1.3432 0.0800999
-1.33736 0.0841901
-1.33152 0.0846712
-1.32568 0.0867858
-1.31984 0.0870451
-1.314 0.088679
-1.30816 0.0917109
-1.30232 0.0912275
-1.29648 0.0935548
-1.29064 0.0947555
-1.2848 0.0956486
-1.27896 0.0977594
-1.27312 0.0983253
-1.26728 0.103001
-1.26144 0.10554
-1.2556 0.106612
-1.24976 0.108264
-1.24392 0.111856
-1.23808 0.11449
-1.23224 0.115461
-1.2264 0.118218
-1.22056 0.119201
-1.21472 0.120344
-1.20888 0.122593
-1.20304 0.123447
-1.1972 0.124652
-1.19136 0.127437
-1.18552 0.128928
-1.17968 0.130924
-1.17384 0.131617
-1.168 0.134231
-1.16216 0.13711
-1.15632 0.138384
-1.15048 0.140556
-1.14464 0.140541
-1.1388 0.139517
-1.13296 0.140573
-1.12712 0.142733
-1.12128 0.143721
-1.11544 0.145714
-1.1096 0.14767
-1.10376 0.14848
-1.09792 0.149646
-1.09208 0.153202
-1.08624 0.154355
-1.0804 0.155447
-1.07456 0.153152
-1.06872 0.155353
-1.06288 0.15688
-1.05704 0.159005
-1.0512 0.16169
-1.04536 0.163823
-1.03952 0.166741
-1.03368 0.166419
-1.02784 0.170307
-1.022 0.173394
-1.01616 0.176607
-1.01032 0.177173
-1.00448 0.178189
-0.99864 0.179264
-0.9928 0.179656
-0.98696 0.18286
-0.98112 0.183981
-0.97528 0.185416
-0.96944 0.187658
-0.9636 0.187891
-0.95776 0.189292
-0.95192 0.190988
-0.94608 0.191805
-0.94024 0.194097
-0.9344 0.194323
-0.92856 0.195932
-0.92272 0.197674
-0.91688 0.195965
-0.91104 0.197484
-0.9052 0.197418
-0.89936 0.199825
-0.89352 0.199382
-0.88768 0.200739
-0.88184 0.201336
-0.876 0.200821
-0.87016 0.203521
-0.86432 0.202156
-0.85848 0.203462
-0.85264 0.204155
-0.8468 0.204501
-0.84096 0.205849
-0.83512 0.205478
-0.82928 0.209723
-0.82344 0.210774
-0.8176 0.211248
-0.81176 0.211751
-0.80592 0.213101
-0.80008 0.215466
-0.79424 0.215469
-0.7884 0.216233
-0.78256 0.217119
-0.77672 0.217369
-0.77088 0.21754
-0.76504 0.218292
-0.7592 0.217839
-0.75336 0.219517
-0.74752 0.220355
-0.74168 0.2204
-0.73584 0.221447
-0.73 0.222193
-0.72416 0.222784
-0.71832 0.22332
-0.71248 0.224494
-0.70664 0.224236
-0.7008 0.223267
-0.69496 0.224018
-0.68912 0.224427
-0.68328 0.225128
-0.67744 0.225788
-0.6716 0.226325
-0.66576 0.227194
-0.65992 0.227981
-0.65408 0.229525
-0.64824 0.230143
-0.6424 0.229464
-0.63656 0.230158
-0.63072 0.230808
-0.62488 0.231413
-0.61904 0.231889
-0.6132 0.23282
-0.60736 0.232871
-0.60152 0.232796
-0.59568 0.232796
-0.58984 0.232796
-0.584 0.232796
-0.57816 0.232796
-0.57232 0.232796
-0.56648 0.232796
-0.56064 0.232796
-0.5548 0.232796
-0.54896 0.232796
-0.54312 0.232796
-0.53728 0.232796
-0.53144 0.232796
-0.5256 0.232796
-0.51976 0.232796
-0.51392 0.232796
-0.50808 0.232796
-0.50224 0.232796
-0.4964 0.232796
-0.49056 0.232796
-0.48472 0.232796
-0.47888 0.232796
-0.47304 0.232796
-0.4672 0.232796
-0.46136 0.232796
-0.45552 0.232796
-0.44968 0.232796
-0.44384 0.232796
-0.438 0.232796
-0.43216 0.232796
-0.42632 0.232796
-0.42048 0.232796
-0.41464 0.232796
-0.4088 0.232796
-0.40296 0.232796
-0.39712 0.232796
-0.39128 0.232796
-0.38544 0.232796
-0.3796 0.232796
-0.37376 0.232796
-0.36792 0.232796
-0.36208 0.232796
-0.35624 0.232796
-0.3504 0.232796
-0.34456 0.232796
-0.33872 0.232796
-0.33288 0.232796
-0.32704 0.232796
-0.3212 0.232796
-0.31536 0.232796
-0.30952 0.232796
-0.30368 0.232796
-0.29784 0.232796
-0.292 0.232796
-0.28616 0.232796
-0.28032 0.232796
-0.27448 0.232796
-0.26864 0.232796
-0.2628 0.232796
-0.25696 0.232796
-0.25112 0.232796
-0.24528 0.232796
-0.23944 0.232796
-0.2336 0.232796
-0.22776 0.232796
-0.22192 0.232796
-0.21608 0.232796
-0.21024 0.232796
-0.2044 0.232796
-0.19856 0.232796
-0.19272 0.232796
-0.18688 0.232796
-0.18104 0.232796
-0.1752 0.232796
-0.16936 0.232796
-0.16352 0.232796
-0.15768 0.232796
-0.15184 0.232796
-0.146 0.232796
-0.14016 0.232796
-0.13432 0.232796
-0.12848 0.232796
-0.12264 0.232796
-0.1168 0.232796
-0.11096 0.232796
-0.10512 0.232796
-0.09928 0.232796
-0.09344 0.232796
-0.0876 0.232796
-0.08176 0.232796
-0.07592 0.232796
-0.07008 0.232796
-0.06424 0.232796
-0.0584 0.232796
-0.05256 0.232796
-0.04672 0.232796
-0.04088 0.232796
-0.03504 0.232796
-0.0292 0.232796
-0.02336 0.232796
-0.01752 0.232796
-0.01168 0.232796
-0.00584 0.232796
