-2.92 0.21745
-2.91416 0.21745
-2.90832 0.21745
-2.90248 0.21745
-2.89664 0.21745
-2.8908 0.21745
-2.88496 0.21745
-2.87912 0.21745
-2.87328 0.21745
-2.86744 0.21745
-2.8616 0.21745
-2.85576 0.21745
-2.84992 0.21745
-2.84408 0.21745
-2.83824 0.21745
-2.8324 0.21745
-2.82656 0.21745
-2.82072 0.21745
-2.81488 0.21745
-2.80904 0.21745
-2.8032 0.21745
-2.79736 0.21745
-2.79152 0.21745
-2.78568 0.21745
-2.77984 0.21745
-2.774 0.21745
-2.76816 0.21745
-2.76232 0.21745
-2.75648 0.21745
-2.75064 0.21745
-2.7448 0.21745
-2.73896 0.21745
-2.73312 0.21745
-2.72728 0.21745
-2.72144 0.21745
-2.7156 0.21745
-2.70976 0.21745
-2.70392 0.21745
-2.69808 0.21745
-2.69224 0.21745
-2.6864 0.21745
-2.68056 0.21745
-2.67472 0.21745
-2.66888 0.21745
-2.66304 0.21745
-2.6572 0.21745
-2.65136 0.21745
-2.64552 0.21745
-2.63968 0.21745
-2.63384 0.21745
-2.628 0.21745
-2.62216 0.21745
-2.61632 0.21745
-2.61048 0.21745
-2.60464 0.21745
-2.5988 0.21745
-2.59296 0.217098
-2.58712 0.216614
-2.58128 0.216043
-2.57544 0.21534
-2.5696 0.214593
-2.56376 0.213803
-2.55792 0.213013
-2.55208 0.212222
-2.54624 0.211432
-2.5404 0.210597
-2.53456 0.209718
-2.52872 0.208839
-2.52288 0.207872
-2.51704 0.206905
-2.5112 0.205895
-2.50536 0.204928
-2.49952 0.203919
-2.49368 0.202995
-2.48784 0.202029
-2.482 0.201283
-2.47616 0.200183
-2.47032 0.199083
-2.46448 0.197938
-2.45864 0.196794
-2.4528 0.19565
-2.44696 0.194506
-2.44112 0.193362
-2.43528 0.192217
-2.42944 0.191073
-2.4236 0.189883
-2.41776 0.188693
-2.41192 0.187504
-2.40608 0.186271
-2.40024 0.184994
-2.3944 0.183673
-2.38856 0.182395
-2.38272 0.18103
-2.37688 0.179665
-2.37104 0.178301
-2.3652 0.177024
-2.35936 0.175659
-2.35352 0.174338
-2.34768 0.172973
-2.34184 0.171565
-2.336 0.170201
-2.33016 0.168793
-2.32432 0.167385
-2.31848 0.165977
-2.31264 0.16457
-2.3068 0.163204
-2.30096 0.161838
-2.29512 0.160517
-2.28928 0.15924
-2.28344 0.157874
-2.2776 0.156552
-2.27176 0.155185
-2.26592 0.153908
-2.26008 0.152588
-2.25424 0.151048
-2.2484 0.149507
-2.24256 0.148011
-2.23672 0.14647
-2.23088 0.144886
-2.22504 0.143302
-2.2192 0.141717
-2.21336 0.140133
-2.20752 0.138593
-2.20168 0.137009
-2.19584 0.135469
-2.19 0.133884
-2.18416 0.132299
-2.17832 0.130714
-2.17248 0.129172
-2.16664 0.127586
-2.1608 0.126089
-2.15496 0.124504
-2.14912 0.123005
-2.14328 0.121509
-2.13744 0.119924
-2.1316 0.118382
-2.12576 0.11684
-2.11992 0.115255
-2.11408 0.113714
-2.10824 0.112129
-2.1024 0.110543
-2.09656 0.108959
-2.09072 0.107417
-2.08488 0.105832
-2.07904 0.104334
-2.0732 0.102793
-2.06736 0.10134
-2.06152 0.0997994
-2.05568 0.098388
-2.04984 0.0973142
-2.044 0.0962488
-2.03816 0.0952149
-2.03232 0.0945165
-2.02648 0.0933561
-2.02064 0.0926579
-2.0148 0.0922554
-2.00896 0.0905816
-2.00312 0.0906904
-1.99728 0.08927
-1.99144 0.0888301
-1.9856 0.0883425
-1.97976 0.0868863
-1.97392 0.0868257
-1.96808 0.0870988
-1.96224 0.0860217
-1.9564 0.0842307
-1.95056 0.0832709
-1.94472 0.0813629
-1.93888 0.0793487
-1.93304 0.0780272
-1.9272 0.0759426
-1.92136 0.0741065
-1.91552 0.0718909
-1.90968 0.0701432
-1.90384 0.0677987
-1.898 0.066052
-1.89216 0.0643048
-1.88632 0.0621331
-1.88048 0.0597099
-1.87464 0.0581731
-1.8688 0.0564319
-1.86296 0.0540099
-1.85712 0.0527322
-1.85128 0.0508621
-1.84544 0.0488663
-1.8396 0.0474607
-1.83376 0.045719
-1.82792 0.044616
-1.82208 0.0427908
-1.81624 0.0409219
-1.8104 0.0392593
-1.80456 0.0376004
-1.79872 0.0356464
-1.79288 0.0341557
-1.78704 0.0323688
-1.7812 0.0307118
-1.77536 0.029731
-1.76952 0.028374
-1.76368 0.0271001
-1.75784 0.0261229
-1.752 0.0248502
-1.74616 0.0238731
-1.74032 0.0227281
-1.73448 0.0217535
-1.72864 0.0203991
-1.7228 0.0191287
-1.71696 0.018068
-1.71112 0.0173938
-1.70528 0.0161717
-1.69944 0.0153291
-1.6936 0.0138957
-1.68776 0.0129692
-1.68192 0.0123367
-1.67608 0.0114529
-1.67024 0.0115774
-1.6644 0.0117469
-1.65856 0.0116219
-1.65272 0.0125529
-1.64688 0.0134029
-1.64104 0.0146752
-1.6352 0.0148982
-1.62936 0.016467
-1.62352 0.0182934
-1.61768 0.0199053
-1.61184 0.0212765
-1.606 0.0214788
-1.60016 0.0238122
-1.59432 0.0242469
-1.58848 0.0269539
-1.58264 0.0290722
-1.5768 0.0296058
-1.57096 0.0312716
-1.56512 0.0320543
-1.55928 0.034688
-1.55344 0.0345142
-1.5476 0.0347878
-1.54176 0.0358606
-1.53592 0.0383884
-1.53008 0.0406947
-1.52424 0.0418108
-1.5184 0.0393773
-1.51256 0.0416869
-1.50672 0.0418487
-1.50088 0.0451296
-1.49504 0.0449579
-1.4892 0.0474185
-1.48336 0.0484733
-1.47752 0.0503178
-1.47168 0.0518758
-1.46584 0.0547842
-1.46 0.0568349
-1.45416 0.060464
-1.44832 0.0601682
-1.44248 0.0622314
-1.43664 0.062369
-1.4308 0.0659965
-1.42496 0.0670402
-1.41912 0.0692039
-1.41328 0.0697031
-1.40744 0.0719911
-1.4016 0.0742369
-1.39576 0.0760142
-1.38992 0.0761838
-1.38408 0.0791406
-1.37824 0.0803634
-1.3724 0.0808528
-1.36656 0.0832999
-1.36072 0.083737
-1.35488 0.083251
-1.34904 0.0841125
-1.3432 0.0883286
-1.33736 0.089649
-1.33152 0.0896686
-1.32568 0.0912387
-1.31984 0.0926448
-1.314 0.0930969
-1.30816 0.0967589
-1.30232 0.0975969
-1.29648 0.0968258
-1.29064 0.0990751
-1.2848 0.101451
-1.27896 0.102774
-1.27312 0.104515
-1.26728 0.108464
-1.26144 0.110168
-1.2556 0.111287
-1.24976 0.113656
-1.24392 0.118019
-1.23808 0.119634
-1.23224 0.122672
-1.2264 0.124414
-1.22056 0.124402
-1.21472 0.128413
-1.20888 0.129315
-1.20304 0.13086
-1.1972 0.131258
-1.19136 0.133665
-1.18552 0.134652
-1.17968 0.13811
-1.17384 0.139275
-1.168 0.141222
-1.16216 0.143341
-1.15632 0.142739
-1.15048 0.145618
-1.14464 0.147103
-1.1388 0.147674
-1.13296 0.148668
-1.12712 0.148266
-1.12128 0.152655
-1.11544 0.152141
-1.1096 0.152903
-1.10376 0.154268
-1.09792 0.156526
-1.09208 0.160088
-1.08624 0.161271
-1.0804 0.158412
-1.07456 0.160705
-1.06872 0.161554
-1.06288 0.165586
-1.05704 0.165144
-1.0512 0.169131
-1.04536 0.169995
-1.03952 0.172247
-1.03368 0.174281
-1.02784 0.177749
-1.022 0.179401
-1.01616 0.182329
-1.01032 0.182183
-1.00448 0.184799
-0.99864 0.185124
-0.9928 0.187964
-0.98696 0.188979
-0.98112 0.191149
-0.97528 0.190872
-0.96944 0.193113
-0.9636 0.194994
-0.95776 0.196484
-0.95192 0.197627
-0.94608 0.199038
-0.94024 0.200142
-0.9344 0.201436
-0.92856 0.20309
-0.92272 0.203319
-0.91688 0.201416
-0.91104 0.20303
-0.9052 0.205231
-0.89936 0.205964
-0.89352 0.207287
-0.88768 0.207764
-0.88184 0.209085
-0.876 0.208275
-0.87016 0.211429
-0.86432 0.210381
-0.85848 0.210189
-0.85264 0.211506
-0.8468 0.212306
-0.84096 0.213884
-0.83512 0.213934
-0.82928 0.216833
-0.82344 0.218527
-0.8176 0.218504
-0.81176 0.219133
-0.80592 0.221379
-0.80008 0.223487
-0.79424 0.223542
-0.7884 0.225653
-0.78256 0.225118
-0.77672 0.226721
-0.77088 0.226937
-0.76504 0.227285
-0.7592 0.228423
-0.75336 0.228811
-0.74752 0.229693
-0.74168 0.230824
-0.73584 0.230407
-0.73 0.231665
-0.72416 0.232512
-0.71832 0.232299
-0.71248 0.23318
-0.70664 0.233345
-0.7008 0.232886
-0.69496 0.233425
-0.68912 0.233836
-0.68328 0.234627
-0.67744 0.235421
-0.6716 0.235867
-0.66576 0.236744
-0.65992 0.237571
-0.65408 0.239118
-0.64824 0.239905
-0.6424 0.239275
-0.63656 0.240016
-0.63072 0.240708
-0.62488 0.241357
-0.61904 0.241921
-0.6132 0.243149
-0.60736 0.243289
-0.60152 0.243218
-0.59568 0.243218
-0.58984 0.243218
-0.584 0.243218
-0.57816 0.243218
-0.57232 0.243218
-0.56648 0.243218
-0.56064 0.243218
-0.5548 0.243218
-0.54896 0.243218
-0.54312 0.243218
-0.53728 0.243218
-0.53144 0.243218
-0.5256 0.243218
-0.51976 0.243218
-0.51392 0.243218
-0.50808 0.243218
-0.50224 0.243218
-0.4964 0.243218
-0.49056 0.243218
-0.48472 0.243218
-0.47888 0.243218
-0.47304 0.243218
-0.4672 0.243218
-0.46136 0.243218
-0.45552 0.243218
-0.44968 0.243218
-0.44384 0.243218
-0.438 0.243218
-0.43216 0.243218
-0.42632 0.243218
-0.42048 0.243218
-0.41464 0.243218
-0.4088 0.243218
-0.40296 0.243218
-0.39712 0.243218
-0.39128 0.243218
-0.38544 0.243218
-0.3796 0.243218
-0.37376 0.243218
-0.36792 0.243218
-0.36208 0.243218
-0.35624 0.243218
-0.3504 0.243218
-0.34456 0.243218
-0.33872 0.243218
-0.33288 0.243218
-0.32704 0.243218
-0.3212 0.243218
-0.31536 0.243218
-0.30952 0.243218
-0.30368 0.243218
-0.29784 0.243218
-0.292 0.243218
-0.28616 0.243218
-0.28032 0.243218
-0.27448 0.243218
-0.26864 0.243218
-0.2628 0.243218
-0.25696 0.243218
-0.25112 0.243218
-0.24528 0.243218
-0.23944 0.243218
-0.2336 0.243218
-0.22776 0.243218
-0.22192 0.243218
-0.21608 0.243218
-0.21024 0.243218
-0.2044 0.243218
-0.19856 0.243218
-0.19272 0.243218
-0.18688 0.243218
-0.18104 0.243218
-0.1752 0.243218
-0.16936 0.243218
-0.16352 0.243218
-0.15768 0.243218
-0.15184 0.243218
-0.146 0.243218
-0.14016 0.243218
-0.13432 0.243218
-0.12848 0.243218
-0.12264 0.243218
-0.1168 0.243218
-0.11096 0.243218
-0.10512 0.243218
-0.09928 0.243218
-0.09344 0.243218
-0.0876 0.243218
-0.08176 0.243218
-0.07592 0.243218
-0.07008 0.243218
-0.06424 0.243218
-0.0584 0.243218
-0.05256 0.243218
-0.04672 0.243218
-0.04088 0.243218
-0.03504 0.243218
-0.0292 0.243218
-0.02336 0.243218
-0.01752 0.243218
-0.01168 0.243218
-0.00584 0.243218
