-2.92 0.183095
-2.91416 0.183095
-2.90832 0.183095
-2.90248 0.183095
-2.89664 0.183095
-2.8908 0.183095
-2.88496 0.183095
-2.87912 0.183095
-2.87328 0.183095
-2.86744 0.183095
-2.8616 0.183095
-2.85576 0.183095
-2.84992 0.183095
-2.84408 0.183095
-2.83824 0.183095
-2.8324 0.183095
-2.82656 0.183095
-2.82072 0.183095
-2.81488 0.183095
-2.80904 0.183095
-2.8032 0.183095
-2.79736 0.183095
-2.79152 0.183095
-2.78568 0.183095
-2.77984 0.183095
-2.774 0.183095
-2.76816 0.183095
-2.76232 0.183095
-2.75648 0.183095
-2.75064 0.183095
-2.7448 0.183095
-2.73896 0.183095
-2.73312 0.183095
-2.72728 0.183095
-2.72144 0.183095
-2.7156 0.183095
-2.70976 0.183095
-2.70392 0.183095
-2.69808 0.183095
-2.69224 0.183095
-2.6864 0.183095
-2.68056 0.183095
-2.67472 0.183095
-2.66888 0.183095
-2.66304 0.183095
-2.6572 0.183095
-2.65136 0.183095
-2.64552 0.183095
-2.63968 0.183095
-2.63384 0.183095
-2.628 0.183095
-2.62216 0.183095
-2.61632 0.183095
-2.61048 0.183095
-2.60464 0.183095
-2.5988 0.183095
-2.59296 0.18283
-2.58712 0.182386
-2.58128 0.181854
-2.57544 0.181277
-2.5696 0.180701
-2.56376 0.180037
-2.55792 0.17933
-2.55208 0.178622
-2.54624 0.177915
-2.5404 0.177207
-2.53456 0.176543
-2.52872 0.175834
-2.52288 0.175125
-2.51704 0.174372
-2.5112 0.173618
-2.50536 0.172862
-2.49952 0.172067
-2.49368 0.171313
-2.48784 0.170472
-2.482 0.169806
-2.47616 0.168876
-2.47032 0.167945
-2.46448 0.167015
-2.45864 0.166084
-2.4528 0.165154
-2.44696 0.16418
-2.44112 0.163205
-2.43528 0.16223
-2.42944 0.161212
-2.4236 0.16015
-2.41776 0.159088
-2.41192 0.15807
-2.40608 0.157052
-2.40024 0.155945
-2.3944 0.154795
-2.38856 0.153734
-2.38272 0.152584
-2.37688 0.151434
-2.37104 0.150283
-2.3652 0.149131
-2.35936 0.147979
-2.35352 0.146828
-2.34768 0.145632
-2.34184 0.144438
-2.336 0.143243
-2.33016 0.142048
-2.32432 0.140809
-2.31848 0.13957
-2.31264 0.138376
-2.3068 0.137225
-2.30096 0.135986
-2.29512 0.13479
-2.28928 0.133638
-2.28344 0.132401
-2.2776 0.131251
-2.27176 0.130101
-2.26592 0.12904
-2.26008 0.127933
-2.25424 0.126696
-2.2484 0.125413
-2.24256 0.124131
-2.23672 0.122892
-2.23088 0.12161
-2.22504 0.120284
-2.2192 0.119001
-2.21336 0.117674
-2.20752 0.116347
-2.20168 0.11502
-2.19584 0.113738
-2.19 0.112454
-2.18416 0.111171
-2.17832 0.109844
-2.17248 0.108562
-2.16664 0.107278
-2.1608 0.105951
-2.15496 0.104624
-2.14912 0.103296
-2.14328 0.101968
-2.13744 0.10064
-2.1316 0.0993565
-2.12576 0.098073
-2.11992 0.0967428
-2.11408 0.0954126
-2.10824 0.0941269
-2.1024 0.0927967
-2.09656 0.0915111
-2.09072 0.0902242
-2.08488 0.0889386
-2.07904 0.0876084
-2.0732 0.0863215
-2.06736 0.0850782
-2.06152 0.0837946
-2.05568 0.0825981
-2.04984 0.0820349
-2.044 0.0811399
-2.03816 0.0801088
-2.03232 0.0797978
-2.02648 0.0789746
-2.02064 0.078537
-2.0148 0.0776314
-2.00896 0.0768537
-2.00312 0.0775082
-1.99728 0.0762291
-1.99144 0.0763788
-1.9856 0.076233
-1.97976 0.0753711
-1.97392 0.0752774
-1.96808 0.0755999
-1.96224 0.0744803
-1.9564 0.072606
-1.95056 0.072802
-1.94472 0.0714774
-1.93888 0.0700272
-1.93304 0.0668877
-1.9272 0.0672977
-1.92136 0.0656756
-1.91552 0.0630454
-1.90968 0.0613382
-1.90384 0.0594245
-1.898 0.0577999
-1.89216 0.057368
-1.88632 0.0536404
-1.88048 0.0525639
-1.87464 0.0503194
-1.8688 0.0488702
-1.86296 0.0471245
-1.85712 0.0455084
-1.85128 0.0433425
-1.84544 0.041427
-1.8396 0.0401945
-1.83376 0.0389593
-1.82792 0.0379021
-1.82208 0.0362899
-1.81624 0.0346766
-1.8104 0.0331037
-1.80456 0.0317846
-1.79872 0.0298711
-1.79288 0.0283012
-1.78704 0.0270246
-1.7812 0.0255368
-1.77536 0.0243059
-1.76952 0.0230756
-1.76368 0.0222661
-1.75784 0.0213329
-1.752 0.0202288
-1.74616 0.0192961
-1.74032 0.0180686
-1.73448 0.0173905
-1.72864 0.0165036
-1.7228 0.0156152
-1.71696 0.0146438
-1.71112 0.0139237
-1.70528 0.012741
-1.69944 0.0117685
-1.6936 0.0111365
-1.68776 0.0104623
-1.68192 0.00940852
-1.67608 0.00907656
-1.67024 0.00920735
-1.6644 0.0103039
-1.65856 0.0102722
-1.65272 0.0110783
-1.64688 0.0118055
-1.64104 0.0137448
-1.6352 0.0148532
-1.62936 0.0156603
-1.62352 0.0168142
-1.61768 0.0192771
-1.61184 0.0200122
-1.606 0.0207423
-1.60016 0.0218722
-1.59432 0.0248673
-1.58848 0.0267292
-1.58264 0.0274953
-1.5768 0.0270664
-1.57096 0.0291922
-1.56512 0.0315272
-1.55928 0.0326387
-1.55344 0.0328305
-1.5476 0.034996
-1.54176 0.0372646
-1.53592 0.0381265
-1.53008 0.0396762
-1.52424 0.0410003
-1.5184 0.0401996
-1.51256 0.0413305
-1.50672 0.0441946
-1.50088 0.0433509
-1.49504 0.0444199
-1.4892 0.0478204
-1.48336 0.0492902
-1.47752 0.0514617
-1.47168 0.0513369
-1.46584 0.0523832
-1.46 0.0569254
-1.45416 0.0586994
-1.44832 0.0605434
-1.44248 0.0602531
-1.43664 0.0620246
-1.4308 0.0639278
-1.42496 0.0651331
-1.41912 0.0668969
-1.41328 0.0676279
-1.40744 0.0700185
-1.4016 0.0720375
-1.39576 0.0733142
-1.38992 0.0734931
-1.38408 0.0759384
-1.37824 0.0773718
-1.3724 0.0789679
-1.36656 0.0793621
-1.36072 0.0822661
-1.35488 0.0784509
-1.34904 0.0796747
-1.3432 0.0829994
-1.33736 0.0846531
-1.33152 0.0840701
-1.32568 0.0855134
-1.31984 0.0882234
-1.314 0.0900202
-1.30816 0.0932891
-1.30232 0.0912991
-1.29648 0.0930439
-1.29064 0.0938528
-1.2848 0.096799
-1.27896 0.0971125
-1.27312 0.0988173
-1.26728 0.101475
-1.26144 0.104718
-1.2556 0.105649
-1.24976 0.107094
-1.24392 0.110089
-1.23808 0.112905
-1.23224 0.114727
-1.2264 0.116623
-1.22056 0.118568
-1.21472 0.119462
-1.20888 0.120709
-1.20304 0.124321
-1.1972 0.124271
-1.19136 0.126209
-1.18552 0.127233
-1.17968 0.130278
-1.17384 0.130599
-1.168 0.131943
-1.16216 0.133314
-1.15632 0.137324
-1.15048 0.137342
-1.14464 0.139269
-1.1388 0.13566
-1.13296 0.138502
-1.12712 0.141055
-1.12128 0.142478
-1.11544 0.142866
-1.1096 0.144137
-1.10376 0.147364
-1.09792 0.147621
-1.09208 0.150172
-1.08624 0.151693
-1.0804 0.149927
-1.07456 0.150952
-1.06872 0.154557
-1.06288 0.153853
-1.05704 0.15444
-1.0512 0.159502
-1.04536 0.16115
-1.03952 0.163854
-1.03368 0.16446
-1.02784 0.166079
-1.022 0.169493
-1.01616 0.171239
-1.01032 0.173355
-1.00448 0.173919
-0.99864 0.174307
-0.9928 0.176269
-0.98696 0.178244
-0.98112 0.17893
-0.97528 0.18043
-0.96944 0.181528
-0.9636 0.183981
-0.95776 0.184764
-0.95192 0.185366
-0.94608 0.187357
-0.94024 0.18808
-0.9344 0.189977
-0.92856 0.190082
-0.92272 0.191305
-0.91688 0.188718
-0.91104 0.189103
-0.9052 0.190452
-0.89936 0.192782
-0.89352 0.192118
-0.88768 0.19322
-0.88184 0.194073
-0.876 0.193897
-0.87016 0.198088
-0.86432 0.194967
-0.85848 0.196586
-0.85264 0.196239
-0.8468 0.197089
-0.84096 0.197103
-0.83512 0.198035
-0.82928 0.201014
-0.82344 0.201519
-0.8176 0.20296
-0.81176 0.202843
-0.80592 0.204391
-0.80008 0.20609
-0.79424 0.206796
-0.7884 0.207229
-0.78256 0.208531
-0.77672 0.208366
-0.77088 0.207655
-0.76504 0.209543
-0.7592 0.209546
-0.75336 0.209538
-0.74752 0.210636
-0.74168 0.211607
-0.73584 0.211432
-0.73 0.212098
-0.72416 0.212019
-0.71832 0.212894
-0.71248 0.213687
-0.70664 0.213721
-0.7008 0.212215
-0.69496 0.212889
-0.68912 0.213376
-0.68328 0.213914
-0.67744 0.214453
-0.6716 0.214855
-0.66576 0.215639
-0.65992 0.21642
-0.65408 0.217927
-0.64824 0.218835
-0.6424 0.2179
-0.63656 0.218595
-0.63072 0.219203
-0.62488 0.219808
-0.61904 0.220325
-0.6132 0.221431
-0.60736 0.221652
-0.60152 0.22162
-0.59568 0.22162
-0.58984 0.22162
-0.584 0.22162
-0.57816 0.22162
-0.57232 0.22162
-0.56648 0.22162
-0.56064 0.22162
-0.5548 0.22162
-0.54896 0.22162
-0.54312 0.22162
-0.53728 0.22162
-0.53144 0.22162
-0.5256 0.22162
-0.51976 0.22162
-0.51392 0.22162
-0.50808 0.22162
-0.50224 0.22162
-0.4964 0.22162
-0.49056 0.22162
-0.48472 0.22162
-0.47888 0.22162
-0.47304 0.22162
-0.4672 0.22162
-0.46136 0.22162
-0.45552 0.22162
-0.44968 0.22162
-0.44384 0.22162
-0.438 0.22162
-0.43216 0.22162
-0.42632 0.22162
-0.42048 0.22162
-0.41464 0.22162
-0.4088 0.22162
-0.40296 0.22162
-0.39712 0.22162
-0.39128 0.22162
-0.38544 0.22162
-0.3796 0.22162
-0.37376 0.22162
-0.36792 0.22162
-0.36208 0.22162
-0.35624 0.22162
-0.3504 0.22162
-0.34456 0.22162
-0.33872 0.22162
-0.33288 0.22162
-0.32704 0.22162
-0.3212 0.22162
-0.31536 0.22162
-0.30952 0.22162
-0.30368 0.22162
-0.29784 0.22162
-0.292 0.22162
-0.28616 0.22162
-0.28032 0.22162
-0.27448 0.22162
-0.26864 0.22162
-0.2628 0.22162
-0.25696 0.22162
-0.25112 0.22162
-0.24528 0.22162
-0.23944 0.22162
-0.2336 0.22162
-0.22776 0.22162
-0.22192 0.22162
-0.21608 0.22162
-0.21024 0.22162
-0.2044 0.22162
-0.19856 0.22162
-0.19272 0.22162
-0.18688 0.22162
-0.18104 0.22162
-0.1752 0.22162
-0.16936 0.22162
-0.16352 0.22162
-0.15768 0.22162
-0.15184 0.22162
-0.146 0.22162
-0.14016 0.22162
-0.13432 0.22162
-0.12848 0.22162
-0.12264 0.22162
-0.1168 0.22162
-0.11096 0.22162
-0.10512 0.22162
-0.09928 0.22162
-0.09344 0.22162
-0.0876 0.22162
-0.08176 0.22162
-0.07592 0.22162
-0.07008 0.22162
-0.06424 0.22162
-0.0584 0.22162
-0.05256 0.22162
-0.04672 0.22162
-0.04088 0.22162
-0.03504 0.22162
-0.0292 0.22162
-0.02336 0.22162
-0.01752 0.22162
-0.01168 0.22162
-0.00584 0.22162
